0 36 0.915
0 69 0.812
0 77 0.739
0 24 0.663
0 22 0.861
0 97 0.149
0 19 0.091
0 58 0.146
0 62 0.304
0 9 0.105
0 12 0.132
0 17 0.246
0 35 0.167
0 40 0.089
0 42 0.109
0 43 0.131
0 46 0.123
0 53 0.273
0 70 0.047
0 71 0.279
0 75 0.116
0 85 0.204
0 86 0.104
0 89 0.217
0 3 0.112
0 5 0.139
0 6 0.142
0 8 0.142
0 11 0.172
0 16 0.111
0 25 0.097
0 30 0.137
0 31 0.183
0 38 0.132
0 41 0.107
0 47 0.13
0 50 0.138
0 57 0.153
0 61 0.138
0 63 0.191
0 66 0.119
0 67 0.133
0 72 0.129
0 73 0.128
0 82 0.165
0 93 0.142
0 94 0.108
0 98 0.15
0 99 0.219
1 45 0.947
1 59 0.355
1 82 0.097
1 2 0.137
1 17 0.184
1 26 0.319
1 44 0.137
1 64 0.196
1 33 0.026
1 39 0.101
1 76 0.192
1 86 0.077
1 5 0.133
1 7 0.123
1 8 0.083
1 11 0.146
1 22 0.129
1 27 0.088
1 34 0.144
1 36 0.134
1 41 0.175
1 46 0.172
1 48 0.152
1 61 0.201
1 63 0.048
1 6 0.131
1 9 0.122
1 10 0.158
1 14 0.164
1 16 0.082
1 18 0.097
1 20 0.171
1 21 0.175
1 24 0.083
1 37 0.144
1 42 0.153
1 52 0.175
1 53 0.215
1 54 0.178
1 55 0.096
1 56 0.1
1 60 0.125
1 65 0.146
1 66 0.153
1 68 0.168
1 69 0.125
1 71 0.118
1 72 0.221
1 74 0.136
1 77 0.151
1 80 0.164
1 81 0.129
1 84 0.168
1 85 0.145
1 87 0.175
1 90 0.165
1 94 0.171
1 95 0.125
1 97 0.182
1 99 0.162
2 25 0.736
2 88 0.695
2 35 0.173
2 91 0.162
2 78 0.091
2 83 0.025
2 13 0.134
2 28 0.072
2 29 0.114
2 49 0.116
2 73 0.139
2 97 0.133
2 21 0.106
2 26 0.177
2 32 0.07
2 36 0.122
2 42 0.175
2 46 0.204
2 51 0.197
2 58 0.112
2 59 0.156
2 66 0.163
2 70 0.093
2 76 0.105
2 82 0.035
2 3 0.181
2 5 0.142
2 7 0.171
2 8 0.151
2 9 0.166
2 11 0.172
2 12 0.177
2 14 0.173
2 17 0.105
2 20 0.151
2 24 0.077
2 27 0.174
2 33 0.16
2 34 0.184
2 38 0.184
2 41 0.153
2 43 0.125
2 45 0.144
2 47 0.188
2 48 0.121
2 52 0.091
2 55 0.149
2 56 0.13
2 60 0.194
2 72 0.139
2 74 0.142
2 79 0.168
2 80 0.15
2 86 0.089
2 87 0.154
2 89 0.18
2 94 0.087
2 95 0.165
2 96 0.098
2 99 0.133
3 5 0.682
3 41 0.173
3 23 0.321
3 26 0.033
3 48 0.106
3 54 0.243
3 80 0.09
3 8 0.185
3 22 0.12
3 32 0.082
3 63 0.007
3 66 0.25
3 75 0.309
3 95 0.127
3 6 0.138
3 7 0.178
3 14 0.131
3 19 0.102
3 30 0.177
3 44 0.142
3 46 0.186
3 51 0.119
3 57 0.184
3 65 0.09
3 71 0.17
3 88 0.158
3 93 0.183
3 4 0.155
3 10 0.106
3 12 0.134
3 15 0.141
3 16 0.199
3 17 0.141
3 21 0.145
3 24 0.102
3 25 0.166
3 27 0.148
3 28 0.172
3 31 0.141
3 35 0.176
3 38 0.11
3 40 0.11
3 42 0.136
3 45 0.138
3 47 0.166
3 49 0.114
3 50 0.211
3 52 0.127
3 53 0.157
3 55 0.183
3 59 0.14
3 60 0.166
3 61 0.09
3 68 0.12
3 73 0.139
3 74 0.163
3 78 0.17
3 85 0.124
3 87 0.132
3 89 0.113
3 90 0.163
3 91 0.153
3 97 0.161
3 99 0.127
4 91 0.534
4 72 0.347
4 50 0.042
4 5 0.184
4 82 0.102
4 14 0.148
4 29 0.2
4 37 0.219
4 65 0.19
4 52 0.137
4 56 0.229
4 66 0.13
4 73 0.138
4 26 0.133
4 27 0.142
4 30 0.167
4 34 0.151
4 49 0.172
4 59 0.153
4 64 0.119
4 67 0.167
4 80 0.104
4 86 0.103
4 97 0.125
4 7 0.145
4 8 0.148
4 10 0.178
4 11 0.198
4 13 0.126
4 16 0.093
4 20 0.129
4 23 0.137
4 24 0.127
4 25 0.139
4 31 0.132
4 36 0.179
4 38 0.148
4 41 0.137
4 42 0.174
4 43 0.068
4 45 0.167
4 47 0.15
4 48 0.149
4 51 0.136
4 53 0.167
4 55 0.142
4 58 0.102
4 60 0.147
4 63 0.161
4 69 0.102
4 74 0.115
4 75 0.177
4 76 0.139
4 79 0.189
4 81 0.092
4 85 0.185
4 87 0.149
4 89 0.206
4 90 0.134
4 96 0.126
4 98 0.165
4 99 0.141
5 75 0.767
5 79 0.659
5 7 0.34
5 42 0.162
5 16 0.081
5 32 0.039
5 46 0.273
5 58 0.019
5 80 0.115
5 84 0.241
5 87 0.1
5 9 0.093
5 23 0.147
5 34 0.107
5 35 0.182
5 36 0.135
5 41 0.087
5 49 0.22
5 53 0.2
5 64 0.11
5 76 0.134
5 78 0.169
5 86 0.091
5 93 0.201
5 96 0.16
5 98 0.092
5 99 0.118
5 6 0.159
5 8 0.103
5 11 0.177
5 14 0.149
5 17 0.151
5 18 0.18
5 21 0.131
5 22 0.168
5 24 0.151
5 27 0.138
5 28 0.148
5 30 0.144
5 31 0.138
5 33 0.147
5 39 0.149
5 40 0.134
5 43 0.162
5 44 0.145
5 47 0.107
5 48 0.189
5 51 0.125
5 54 0.14
5 56 0.153
5 60 0.207
5 61 0.132
5 67 0.171
5 68 0.143
5 69 0.144
5 71 0.155
5 82 0.167
5 83 0.168
5 88 0.131
5 89 0.077
5 94 0.106
5 95 0.128
6 15 0.825
6 59 0.854
6 66 0.156
6 99 0.164
6 34 0.102
6 37 0.167
6 56 0.217
6 18 0.159
6 23 0.22
6 24 0.09
6 45 0.238
6 49 0.129
6 52 0.191
6 53 0.077
6 64 0.119
6 72 0.068
6 91 0.138
6 97 0.193
6 8 0.141
6 9 0.113
6 10 0.156
6 13 0.148
6 16 0.129
6 17 0.119
6 19 0.124
6 20 0.118
6 25 0.119
6 26 0.176
6 28 0.167
6 29 0.188
6 31 0.162
6 32 0.137
6 35 0.182
6 36 0.124
6 39 0.152
6 43 0.118
6 46 0.205
6 48 0.168
6 54 0.157
6 61 0.17
6 65 0.196
6 67 0.162
6 68 0.149
6 69 0.092
6 74 0.164
6 75 0.193
6 80 0.159
6 85 0.155
6 86 0.131
6 88 0.058
6 96 0.152
6 98 0.179
7 34 0.763
7 97 0.664
7 94 0.325
7 93 0.103
7 74 0.027
7 29 0.098
7 39 0.174
7 65 0.101
7 10 0.107
7 15 0.199
7 16 0.09
7 18 0.148
7 19 0.086
7 31 0.167
7 38 0.152
7 44 0.222
7 49 0.164
7 61 0.16
7 68 0.21
7 71 0.234
7 91 0.184
7 8 0.154
7 17 0.179
7 20 0.113
7 25 0.122
7 32 0.137
7 35 0.211
7 36 0.136
7 45 0.128
7 46 0.149
7 47 0.123
7 48 0.093
7 50 0.151
7 52 0.143
7 53 0.12
7 54 0.112
7 55 0.137
7 57 0.107
7 60 0.181
7 70 0.146
7 72 0.139
7 76 0.114
7 79 0.136
7 81 0.144
7 85 0.149
7 88 0.141
7 96 0.125
7 98 0.158
8 47 0.802
8 77 0.828
8 94 0.694
8 50 0.189
8 74 0.253
8 39 0.301
8 57 0.159
8 59 0.204
8 69 0.291
8 78 0.111
8 9 0.148
8 16 0.09
8 29 0.273
8 34 0.15
8 35 0.207
8 42 0.202
8 52 0.155
8 65 0.306
8 68 0.165
8 71 0.067
8 75 0.087
8 81 0.222
8 86 0.112
8 90 0.106
8 97 0.176
8 98 0.055
8 10 0.147
8 12 0.204
8 14 0.162
8 17 0.127
8 18 0.176
8 19 0.176
8 20 0.171
8 21 0.086
8 22 0.194
8 24 0.147
8 25 0.182
8 26 0.157
8 27 0.145
8 28 0.162
8 37 0.151
8 38 0.211
8 43 0.121
8 45 0.157
8 48 0.165
8 49 0.126
8 54 0.156
8 60 0.189
8 64 0.148
8 79 0.174
8 83 0.144
8 84 0.17
8 87 0.095
8 88 0.146
8 89 0.138
8 91 0.151
8 99 0.148
9 61 0.376
9 25 0.128
9 40 0.105
9 28 0.191
9 49 0.27
9 81 0.043
9 32 0.192
9 50 0.097
9 67 0.176
9 71 0.092
9 83 0.089
9 11 0.15
9 12 0.145
9 14 0.165
9 16 0.201
9 19 0.187
9 20 0.17
9 22 0.186
9 27 0.153
9 30 0.168
9 31 0.173
9 33 0.195
9 35 0.179
9 36 0.136
9 42 0.152
9 44 0.125
9 45 0.161
9 46 0.092
9 47 0.161
9 51 0.15
9 58 0.182
9 59 0.122
9 62 0.154
9 64 0.104
9 65 0.062
9 66 0.132
9 68 0.156
9 69 0.143
9 74 0.135
9 82 0.128
9 84 0.163
9 86 0.146
9 88 0.104
9 91 0.171
9 96 0.163
9 98 0.216
9 99 0.215
10 28 0.015
10 94 0.233
10 41 0.188
10 48 0.09
10 77 0.176
10 21 0.303
10 24 0.103
10 26 0.112
10 56 0.176
10 59 0.168
10 74 0.201
10 82 0.11
10 23 0.116
10 32 0.144
10 33 0.153
10 40 0.244
10 43 0.232
10 54 0.13
10 55 0.046
10 57 0.105
10 60 0.191
10 92 0.035
10 93 0.301
10 11 0.131
10 12 0.2
10 17 0.161
10 18 0.127
10 19 0.134
10 25 0.147
10 27 0.141
10 30 0.125
10 35 0.092
10 36 0.172
10 37 0.14
10 38 0.136
10 42 0.129
10 44 0.131
10 46 0.132
10 47 0.121
10 52 0.131
10 61 0.118
10 65 0.13
10 66 0.16
10 71 0.106
10 73 0.137
10 76 0.095
10 81 0.148
10 83 0.109
10 87 0.166
10 89 0.119
10 91 0.126
10 97 0.162
11 40 0.824
11 29 0.736
11 53 0.688
11 42 1
11 89 0.276
11 58 0.074
11 85 0.027
11 86 0.253
11 90 0.119
11 16 0.07
11 19 0.108
11 35 0.093
11 37 0.168
11 38 0.102
11 41 0.078
11 46 0.102
11 62 0.166
11 69 0.097
11 88 0.119
11 94 0.155
11 14 0.118
11 15 0.139
11 23 0.162
11 28 0.144
11 33 0.166
11 39 0.148
11 48 0.203
11 50 0.148
11 51 0.189
11 52 0.119
11 54 0.136
11 59 0.109
11 67 0.154
11 68 0.117
11 72 0.162
11 74 0.145
11 79 0.145
11 80 0.099
11 83 0.165
11 87 0.135
11 92 0.155
11 93 0.12
11 99 0.134
12 56 0.987
12 64 0.704
12 99 0.172
12 47 0.089
12 29 0.095
12 92 0.148
12 15 0.166
12 18 0.126
12 76 0.126
12 81 0.196
12 97 0.179
12 14 0.168
12 16 0.115
12 21 0.179
12 27 0.1
12 42 0.179
12 57 0.069
12 60 0.178
12 65 0.153
12 66 0.097
12 69 0.128
12 94 0.133
12 20 0.158
12 22 0.191
12 24 0.139
12 25 0.136
12 26 0.177
12 35 0.161
12 36 0.212
12 38 0.108
12 39 0.199
12 40 0.178
12 41 0.166
12 45 0.147
12 46 0.191
12 48 0.177
12 51 0.134
12 54 0.113
12 55 0.183
12 61 0.171
12 67 0.153
12 70 0.11
12 74 0.125
12 78 0.097
12 80 0.179
12 88 0.17
12 89 0.171
12 90 0.175
12 93 0.192
12 95 0.185
13 48 1
13 65 0.671
13 78 0.784
13 87 0.623
13 74 0.344
13 47 0.04
13 62 0.12
13 15 0.144
13 43 0.136
13 56 0.177
13 60 0.241
13 75 0.107
13 89 0.055
13 91 0.163
13 18 0.093
13 21 0.108
13 26 0.082
13 29 0.096
13 33 0.178
13 51 0.151
13 66 0.15
13 70 0.126
13 82 0.186
13 88 0.372
13 14 0.131
13 20 0.155
13 23 0.161
13 25 0.166
13 27 0.186
13 31 0.134
13 32 0.151
13 35 0.162
13 36 0.143
13 37 0.134
13 39 0.142
13 42 0.206
13 46 0.159
13 52 0.108
13 53 0.175
13 59 0.109
13 63 0.187
13 67 0.13
13 77 0.162
13 83 0.12
13 84 0.123
13 92 0.221
13 95 0.187
13 96 0.168
13 99 0.188
14 71 0.65
14 63 0.233
14 16 0.148
14 57 0.195
14 60 0.097
14 61 0.248
14 69 0.136
14 73 0.098
14 90 0.002
14 92 0.132
14 94 0.266
14 23 0.131
14 28 0.031
14 35 0.292
14 41 0.114
14 43 0.047
14 48 0.114
14 74 0.026
14 75 0.208
14 80 0.229
14 89 0.083
14 15 0.167
14 17 0.192
14 18 0.182
14 22 0.155
14 26 0.127
14 31 0.165
14 32 0.152
14 34 0.115
14 36 0.159
14 37 0.145
14 39 0.127
14 44 0.117
14 45 0.197
14 47 0.116
14 49 0.101
14 51 0.169
14 53 0.112
14 56 0.142
14 58 0.154
14 59 0.114
14 70 0.113
14 77 0.1
14 86 0.163
14 87 0.21
14 88 0.119
14 95 0.1
14 97 0.176
15 97 1
15 24 0.957
15 26 0.888
15 86 0.705
15 30 0.051
15 21 0.213
15 18 0.128
15 19 0.263
15 22 0.124
15 67 0.298
15 84 0.104
15 92 0.156
15 94 0.049
15 16 0.171
15 32 0.212
15 38 0.189
15 40 0.193
15 45 0.154
15 49 0.159
15 52 0.315
15 55 0.131
15 59 0.201
15 63 0.232
15 89 0.113
15 91 0.164
15 99 0.14
15 20 0.16
15 23 0.118
15 25 0.108
15 29 0.13
15 37 0.13
15 41 0.162
15 43 0.166
15 46 0.247
15 47 0.117
15 48 0.159
15 53 0.204
15 57 0.173
15 68 0.156
15 69 0.206
15 71 0.205
15 72 0.144
15 73 0.14
15 74 0.19
15 76 0.151
15 77 0.138
15 81 0.145
15 83 0.139
15 87 0.078
15 88 0.201
15 95 0.185
15 96 0.198
16 47 0.959
16 30 0.172
16 90 0.086
16 53 0.262
16 60 0.083
16 75 0.231
16 17 0.235
16 31 0.187
16 42 0.193
16 44 0.182
16 46 0.193
16 50 0.102
16 51 0.225
16 58 0.116
16 65 0.086
16 66 0.042
16 67 0.177
16 73 0.217
16 86 0.066
16 98 0.151
16 18 0.202
16 19 0.148
16 24 0.133
16 26 0.172
16 27 0.157
16 28 0.146
16 33 0.145
16 39 0.09
16 41 0.118
16 54 0.15
16 57 0.144
16 70 0.102
16 71 0.116
16 72 0.146
16 76 0.126
16 77 0.11
16 80 0.138
16 83 0.179
16 84 0.183
16 85 0.184
16 87 0.097
16 89 0.144
16 92 0.11
16 95 0.179
16 99 0.168
17 46 0.185
17 64 0.032
17 86 0.123
17 95 0.208
17 97 0.208
17 23 0.124
17 32 0.156
17 36 0.219
17 49 0.116
17 51 0.237
17 57 0.213
17 58 0.184
17 61 0.146
17 68 0.14
17 71 0.134
17 72 0.172
17 77 0.124
17 87 0.162
17 91 0.119
17 94 0.128
17 19 0.119
17 21 0.109
17 22 0.204
17 29 0.174
17 33 0.145
17 35 0.163
17 37 0.08
17 38 0.107
17 39 0.155
17 41 0.141
17 42 0.159
17 45 0.083
17 47 0.138
17 50 0.143
17 52 0.126
17 54 0.1
17 59 0.158
17 60 0.132
17 62 0.215
17 63 0.111
17 69 0.115
17 70 0.146
17 73 0.177
17 75 0.123
17 76 0.128
17 80 0.141
17 82 0.206
17 83 0.195
17 90 0.108
17 93 0.146
18 37 0.216
18 90 0.205
18 26 0.151
18 49 0.177
18 28 0.255
18 34 0.183
18 45 0.125
18 58 0.199
18 68 0.101
18 69 0.113
18 70 0.044
18 76 0.222
18 78 0.154
18 82 0.065
18 96 0.176
18 23 0.19
18 25 0.095
18 27 0.151
18 29 0.128
18 32 0.163
18 36 0.173
18 41 0.155
18 43 0.139
18 44 0.172
18 52 0.165
18 53 0.136
18 55 0.176
18 56 0.107
18 60 0.092
18 61 0.135
18 63 0.142
18 65 0.176
18 71 0.207
18 75 0.132
18 77 0.101
18 80 0.147
18 84 0.194
18 85 0.151
18 87 0.157
18 88 0.16
18 89 0.184
18 91 0.194
18 92 0.159
18 93 0.121
18 97 0.138
18 99 0.151
19 62 0.879
19 47 0.199
19 83 0.032
19 21 0.137
19 25 0.149
19 31 0.102
19 40 0.135
19 41 0.082
19 45 0.199
19 51 0.054
19 61 0.123
19 74 0.181
19 77 0.227
19 79 0.107
19 84 0.168
19 85 0.197
19 98 0.157
19 99 0.064
19 24 0.139
19 26 0.176
19 27 0.136
19 29 0.149
19 30 0.133
19 33 0.155
19 38 0.166
19 42 0.182
19 48 0.137
19 58 0.111
19 60 0.153
19 64 0.103
19 65 0.195
19 69 0.163
19 75 0.161
19 76 0.178
19 78 0.148
19 80 0.138
19 82 0.119
19 86 0.175
19 89 0.16
19 90 0.156
19 93 0.132
19 94 0.143
19 95 0.109
19 96 0.137
19 97 0.119
20 44 0.74
20 69 0.596
20 32 0.678
20 39 0.918
20 79 0.757
20 99 0.697
20 84 0.625
20 58 0.083
20 64 0.179
20 78 0.282
20 22 0.203
20 61 0.257
20 25 0.175
20 30 0.168
20 36 0.257
20 46 0.123
20 49 0.123
20 55 0.251
20 65 0.175
20 72 0.183
20 74 0.115
20 85 0.085
20 93 0.099
20 24 0.101
20 27 0.138
20 29 0.145
20 37 0.174
20 38 0.083
20 41 0.184
20 42 0.138
20 43 0.186
20 45 0.21
20 47 0.145
20 48 0.158
20 50 0.148
20 51 0.105
20 52 0.14
20 53 0.117
20 54 0.225
20 62 0.126
20 67 0.165
20 68 0.149
20 71 0.159
20 73 0.177
20 75 0.141
20 76 0.154
20 77 0.157
20 80 0.172
20 82 0.114
20 86 0.173
20 87 0.131
20 90 0.17
20 94 0.158
20 95 0.137
20 98 0.106
21 91 0.168
21 34 0.088
21 79 0.149
21 86 0.107
21 88 0.084
21 65 0.176
21 70 0.22
21 26 0.203
21 29 0.104
21 32 0.233
21 44 0.196
21 45 0.258
21 54 0.143
21 55 0.154
21 56 0.135
21 57 0.141
21 78 0.263
21 85 0.091
21 89 0.168
21 94 0.16
21 24 0.109
21 31 0.124
21 33 0.187
21 35 0.124
21 37 0.15
21 38 0.166
21 39 0.13
21 40 0.145
21 43 0.158
21 48 0.175
21 49 0.154
21 50 0.124
21 58 0.082
21 61 0.127
21 62 0.128
21 68 0.167
21 72 0.109
21 74 0.141
21 75 0.153
21 76 0.157
21 82 0.148
21 90 0.13
21 92 0.164
21 93 0.143
21 96 0.151
21 98 0.175
21 99 0.179
22 97 1
22 26 0.167
22 46 0.141
22 61 0.141
22 68 0.14
22 29 0.211
22 36 0.221
22 41 0.187
22 49 0.154
22 60 0.163
22 87 0.104
22 23 0.185
22 24 0.131
22 32 0.16
22 33 0.173
22 34 0.126
22 35 0.101
22 38 0.103
22 39 0.085
22 40 0.138
22 43 0.126
22 44 0.123
22 53 0.127
22 54 0.179
22 56 0.119
22 57 0.159
22 58 0.089
22 59 0.144
22 64 0.128
22 66 0.172
22 67 0.167
22 71 0.135
22 72 0.19
22 74 0.121
22 75 0.086
22 77 0.194
22 78 0.116
22 80 0.175
22 85 0.141
22 91 0.191
22 92 0.119
22 93 0.101
22 94 0.163
22 95 0.12
22 96 0.169
22 99 0.162
23 32 0.032
23 88 0.126
23 90 0.177
23 41 0.084
23 45 0.042
23 54 0.19
23 74 0.1
23 86 0.104
23 26 0.115
23 42 0.119
23 43 0.129
23 44 0.143
23 58 0.228
23 60 0.145
23 61 0.14
23 63 0.178
23 83 0.125
23 94 0.038
23 96 0.13
23 24 0.168
23 27 0.139
23 29 0.156
23 30 0.1
23 35 0.169
23 37 0.117
23 38 0.149
23 39 0.149
23 40 0.158
23 46 0.182
23 48 0.154
23 50 0.095
23 55 0.167
23 56 0.087
23 59 0.101
23 64 0.141
23 66 0.124
23 69 0.137
23 71 0.118
23 72 0.163
23 78 0.12
23 80 0.182
23 87 0.132
23 89 0.099
23 92 0.097
23 93 0.134
24 72 0.767
24 67 0.907
24 56 0.193
24 27 0.205
24 28 0.286
24 29 0.278
24 58 0.19
24 69 0.227
24 90 0.096
24 32 0.097
24 37 0.171
24 42 0.097
24 45 0.103
24 53 0.185
24 55 0.178
24 59 0.2
24 62 0.103
24 66 0.098
24 81 0.179
24 88 0.149
24 89 0.12
24 92 0.025
24 96 0.113
24 99 0.118
24 25 0.185
24 34 0.228
24 36 0.122
24 40 0.125
24 46 0.143
24 47 0.141
24 50 0.15
24 51 0.181
24 54 0.172
24 61 0.088
24 64 0.202
24 65 0.126
24 68 0.167
24 70 0.17
24 71 0.163
24 73 0.196
24 75 0.089
24 78 0.179
24 86 0.192
24 87 0.199
24 94 0.164
24 95 0.146
25 38 0.034
25 39 0.011
25 89 0.143
25 29 0.017
25 35 0.153
25 43 0.126
25 54 0.146
25 57 0.176
25 62 0.115
25 71 0.19
25 73 0.179
25 74 0.062
25 92 0.245
25 26 0.136
25 27 0.111
25 28 0.142
25 30 0.124
25 36 0.174
25 44 0.1
25 46 0.142
25 48 0.113
25 51 0.152
25 58 0.122
25 59 0.125
25 61 0.173
25 63 0.09
25 64 0.152
25 65 0.192
25 66 0.13
25 67 0.156
25 68 0.127
25 72 0.135
25 75 0.166
25 79 0.146
25 80 0.185
25 83 0.09
25 84 0.126
25 85 0.145
25 86 0.145
25 87 0.163
25 91 0.109
25 95 0.152
25 98 0.205
26 71 0.71
26 77 0.514
26 47 0.297
26 78 0.271
26 42 0.257
26 67 0.16
26 82 0.219
26 99 0.242
26 43 0.216
26 53 0.09
26 56 0.085
26 59 0.098
26 64 0.164
26 79 0.156
26 91 0.126
26 93 0.139
26 98 0.161
26 27 0.164
26 29 0.123
26 31 0.142
26 36 0.191
26 37 0.129
26 38 0.131
26 39 0.141
26 40 0.081
26 44 0.137
26 54 0.226
26 61 0.166
26 65 0.136
26 72 0.151
26 74 0.054
26 76 0.131
26 80 0.166
26 83 0.106
26 85 0.2
26 90 0.122
26 92 0.129
26 94 0.125
26 96 0.121
27 76 0.71
27 63 0.583
27 32 0.258
27 42 0.41
27 73 0.135
27 81 0.072
27 48 0.112
27 51 0.203
27 55 0.204
27 71 0.128
27 87 0.228
27 94 0.205
27 96 0.13
27 98 0.139
27 28 0.149
27 29 0.13
27 30 0.123
27 34 0.185
27 35 0.099
27 38 0.129
27 40 0.1
27 44 0.139
27 46 0.111
27 47 0.115
27 49 0.132
27 50 0.209
27 52 0.156
27 53 0.137
27 57 0.13
27 58 0.126
27 61 0.133
27 62 0.135
27 68 0.148
27 69 0.176
27 70 0.139
27 72 0.122
27 74 0.185
27 77 0.17
27 79 0.135
27 80 0.132
27 85 0.108
27 89 0.132
27 90 0.122
28 85 0.76
28 96 0.709
28 42 0.685
28 46 0.175
28 64 0.232
28 67 0.207
28 83 0.131
28 98 0.211
28 29 0.128
28 33 0.11
28 35 0.214
28 37 0.087
28 43 0.15
28 65 0.179
28 70 0.093
28 86 0.135
28 88 0.132
28 92 0.153
28 31 0.175
28 32 0.13
28 39 0.17
28 44 0.176
28 47 0.134
28 48 0.211
28 50 0.177
28 52 0.161
28 54 0.163
28 55 0.118
28 59 0.191
28 61 0.187
28 62 0.17
28 63 0.17
28 66 0.127
28 72 0.149
28 75 0.168
28 79 0.168
28 80 0.151
28 84 0.139
28 87 0.14
28 89 0.163
28 91 0.128
28 93 0.181
28 99 0.125
29 52 0.211
29 67 0.284
29 30 0.178
29 51 0.025
29 68 0.162
29 71 0.178
29 73 0.146
29 31 0.118
29 37 0.154
29 41 0.206
29 48 0.123
29 59 0.164
29 62 0.1
29 66 0.132
29 78 0.148
29 80 0.08
29 83 0.236
29 86 0.228
29 88 0.142
29 91 0.096
29 33 0.157
29 35 0.114
29 40 0.175
29 42 0.161
29 44 0.17
29 46 0.165
29 47 0.169
29 49 0.072
29 50 0.141
29 53 0.189
29 55 0.137
29 56 0.089
29 57 0.131
29 60 0.066
29 61 0.12
29 63 0.152
29 64 0.109
29 69 0.178
29 72 0.198
29 74 0.118
29 79 0.114
29 81 0.195
29 82 0.125
29 84 0.142
29 94 0.143
29 96 0.148
29 97 0.157
29 98 0.188
29 99 0.137
30 98 0.726
30 87 0.889
30 36 0.568
30 76 0.938
30 50 0.086
30 34 0.135
30 33 0.055
30 37 0.162
30 42 0.076
30 45 0.071
30 48 0.192
30 55 0.141
30 56 0.109
30 79 0.133
30 88 0.107
30 91 0.167
30 99 0.136
30 40 0.168
30 41 0.16
30 53 0.153
30 57 0.148
30 60 0.179
30 63 0.137
30 66 0.157
30 68 0.153
30 69 0.21
30 73 0.159
30 74 0.115
30 81 0.119
30 89 0.148
30 95 0.078
30 96 0.132
31 43 0.896
31 88 0.799
31 85 0.713
31 51 0.304
31 53 0.119
31 50 0.211
31 56 0.253
31 63 0.129
31 65 0.116
31 91 0.294
31 33 0.154
31 39 0.121
31 44 0.163
31 45 0.143
31 48 0.135
31 54 0.167
31 55 0.2
31 57 0.215
31 58 0.19
31 59 0.141
31 61 0.097
31 67 0.125
31 70 0.165
31 71 0.186
31 74 0.141
31 76 0.184
31 77 0.151
31 78 0.115
31 80 0.147
31 82 0.088
31 83 0.115
31 87 0.155
31 89 0.163
31 90 0.19
31 93 0.112
31 97 0.157
31 98 0.141
32 95 1
32 83 0.228
32 36 0.096
32 75 0.008
32 78 0.209
32 37 0.111
32 38 0.117
32 64 0.19
32 65 0.199
32 68 0.134
32 79 0.095
32 82 0.083
32 85 0.201
32 87 0.198
32 88 0.191
32 99 0.133
32 33 0.149
32 39 0.167
32 40 0.142
32 42 0.17
32 47 0.143
32 48 0.181
32 49 0.141
32 50 0.127
32 51 0.14
32 52 0.169
32 55 0.191
32 57 0.141
32 59 0.147
32 60 0.13
32 62 0.102
32 63 0.193
32 74 0.157
32 77 0.157
32 80 0.135
32 81 0.172
32 89 0.23
32 92 0.13
32 96 0.119
32 97 0.16
32 98 0.112
33 45 0.174
33 78 0.109
33 38 0.158
33 39 0.077
33 57 0.044
33 91 0.02
33 34 0.106
33 35 0.119
33 43 0.175
33 52 0.137
33 63 0.057
33 85 0.051
33 92 0.119
33 95 0.256
33 96 0.139
33 99 0.198
33 37 0.213
33 44 0.102
33 49 0.114
33 50 0.156
33 53 0.187
33 56 0.188
33 62 0.154
33 64 0.132
33 65 0.174
33 66 0.135
33 68 0.156
33 69 0.176
33 70 0.168
33 71 0.159
33 75 0.104
33 79 0.166
33 80 0.161
33 82 0.16
33 87 0.176
33 88 0.155
33 90 0.101
33 98 0.177
34 48 1
34 87 0.872
34 57 0.108
34 62 0.167
34 84 0.044
34 42 0.177
34 49 0.134
34 67 0.123
34 74 0.18
34 85 0.193
34 96 0.113
34 56 0.166
34 61 0.196
34 72 0.175
34 89 0.136
34 91 0.131
34 92 0.085
34 41 0.125
34 44 0.215
34 45 0.162
34 47 0.132
34 50 0.13
34 52 0.139
34 53 0.153
34 66 0.154
34 68 0.164
34 69 0.143
34 71 0.181
34 76 0.132
34 77 0.13
34 78 0.11
34 81 0.143
34 82 0.164
34 88 0.097
34 93 0.114
34 98 0.148
35 37 0.86
35 58 0.667
35 84 0.232
35 41 0.025
35 42 0.06
35 50 0.24
35 74 0.181
35 79 0.308
35 45 0.121
35 65 0.166
35 71 0.234
35 77 0.154
35 78 0.11
35 86 0.148
35 94 0.053
35 52 0.263
35 53 0.151
35 59 0.159
35 69 0.029
35 82 0.055
35 87 0.239
35 89 0.187
35 93 0.145
35 36 0.145
35 39 0.161
35 40 0.154
35 43 0.159
35 46 0.172
35 49 0.146
35 51 0.18
35 54 0.199
35 57 0.179
35 60 0.185
35 61 0.093
35 62 0.096
35 63 0.169
35 67 0.121
35 68 0.131
35 70 0.172
35 73 0.155
35 75 0.114
35 76 0.128
35 80 0.154
35 81 0.125
35 83 0.141
35 85 0.157
35 90 0.139
35 92 0.132
35 98 0.116
36 51 0.872
36 81 0.713
36 95 0.094
36 42 0.12
36 82 0.205
36 84 0.142
36 38 0.113
36 39 0.258
36 47 0.196
36 83 0.268
36 98 0.187
36 40 0.147
36 41 0.149
36 52 0.17
36 53 0.178
36 56 0.157
36 58 0.213
36 60 0.128
36 61 0.192
36 62 0.118
36 63 0.085
36 69 0.156
36 71 0.165
36 74 0.132
36 78 0.099
36 79 0.151
36 86 0.147
36 91 0.152
36 93 0.143
36 94 0.115
36 97 0.118
36 99 0.105
37 88 0.071
37 42 0.142
37 44 0.128
37 52 0.184
37 53 0.061
37 55 0.169
37 59 0.145
37 71 0.25
37 72 0.13
37 75 0.061
37 83 0.13
37 91 0.063
37 92 0.231
37 39 0.126
37 43 0.18
37 46 0.156
37 48 0.199
37 49 0.164
37 51 0.115
37 54 0.17
37 57 0.162
37 58 0.11
37 66 0.154
37 67 0.111
37 74 0.149
37 76 0.105
37 77 0.128
37 78 0.146
37 82 0.121
37 87 0.128
37 90 0.185
37 93 0.13
37 94 0.128
37 95 0.131
37 98 0.142
37 99 0.141
38 46 0.336
38 92 0.16
38 53 0.191
38 58 0.204
38 68 0.074
38 76 0.104
38 81 0.124
38 49 0.119
38 54 0.191
38 59 0.145
38 60 0.136
38 70 0.281
38 83 0.293
38 99 0.165
38 40 0.14
38 41 0.203
38 42 0.182
38 43 0.161
38 44 0.174
38 51 0.082
38 55 0.156
38 57 0.136
38 63 0.144
38 65 0.177
38 69 0.11
38 73 0.117
38 75 0.143
38 80 0.117
38 85 0.176
38 86 0.13
38 97 0.177
38 98 0.156
39 84 0.723
39 74 0.619
39 89 0.3
39 75 0.116
39 43 0.277
39 45 0.16
39 70 0.279
39 90 0.159
39 47 0.113
39 48 0.111
39 56 0.174
39 58 0.252
39 85 0.18
39 86 0.16
39 88 0.161
39 93 0.154
39 49 0.165
39 52 0.094
39 53 0.153
39 60 0.135
39 61 0.147
39 63 0.191
39 66 0.13
39 67 0.132
39 69 0.122
39 72 0.104
39 73 0.167
39 76 0.185
39 80 0.155
39 81 0.156
39 87 0.151
39 92 0.16
39 97 0.172
39 98 0.129
39 99 0.157
40 59 0.014
40 73 0.238
40 44 0.083
40 76 0.144
40 86 0.064
40 91 0.056
40 92 0.064
40 42 0.137
40 65 0.081
40 69 0.083
40 72 0.084
40 81 0.123
40 84 0.049
40 97 0.234
40 45 0.137
40 47 0.177
40 49 0.167
40 53 0.158
40 55 0.103
40 56 0.156
40 57 0.137
40 58 0.158
40 61 0.144
40 63 0.172
40 68 0.148
40 70 0.118
40 74 0.139
40 77 0.179
40 79 0.205
40 80 0.124
40 83 0.145
40 85 0.117
40 87 0.194
40 94 0.097
40 95 0.161
40 96 0.134
40 98 0.142
40 99 0.154
41 78 0.3
41 46 0.038
41 99 0.14
41 54 0.181
41 67 0.213
41 71 0.164
41 74 0.123
41 42 0.114
41 45 0.229
41 48 0.133
41 51 0.163
41 53 0.172
41 55 0.134
41 58 0.131
41 59 0.152
41 61 0.101
41 62 0.112
41 66 0.156
41 72 0.169
41 77 0.112
41 81 0.193
41 82 0.127
41 84 0.081
41 88 0.091
41 89 0.164
42 87 0.605
42 60 0.222
42 89 0.095
42 99 0.183
42 59 0.173
42 71 0.154
42 75 0.181
42 80 0.113
42 95 0.138
42 43 0.156
42 47 0.109
42 51 0.125
42 52 0.185
42 54 0.132
42 55 0.114
42 57 0.147
42 58 0.16
42 62 0.11
42 64 0.182
42 66 0.131
42 67 0.114
42 68 0.176
42 69 0.09
42 72 0.167
42 77 0.174
42 78 0.18
42 82 0.206
42 83 0.121
42 84 0.173
42 86 0.159
42 88 0.161
42 92 0.155
42 94 0.162
42 96 0.131
43 93 0.94
43 96 0.781
43 47 0.116
43 58 0.027
43 66 0.126
43 45 0.187
43 46 0.084
43 52 0.16
43 61 0.187
43 62 0.096
43 69 0.137
43 84 0.084
43 48 0.182
43 49 0.212
43 54 0.148
43 55 0.127
43 56 0.138
43 60 0.224
43 63 0.162
43 65 0.082
43 70 0.155
43 73 0.134
43 76 0.217
43 79 0.149
43 83 0.052
43 85 0.156
43 86 0.111
43 88 0.144
43 94 0.15
43 99 0.126
44 95 0.917
44 85 0.165
44 47 0.283
44 52 0.176
44 56 0.095
44 61 0.12
44 50 0.219
44 62 0.036
44 73 0.189
44 76 0.214
44 79 0.185
44 88 0.205
44 94 0.136
44 53 0.128
44 55 0.147
44 57 0.142
44 60 0.131
44 65 0.105
44 67 0.215
44 71 0.177
44 72 0.17
44 74 0.228
44 75 0.165
44 77 0.158
44 78 0.159
44 81 0.187
44 82 0.118
44 91 0.178
44 92 0.219
44 97 0.147
44 98 0.119
44 99 0.175
45 66 0.09
45 51 0.17
45 77 0.186
45 88 0.167
45 94 0.17
45 99 0.258
45 49 0.205
45 75 0.15
45 76 0.118
45 86 0.046
45 89 0.169
45 98 0.146
45 46 0.152
45 55 0.183
45 58 0.146
45 69 0.14
45 70 0.158
45 72 0.139
45 79 0.124
45 81 0.152
45 84 0.179
45 85 0.166
45 91 0.164
45 95 0.117
46 64 0.921
46 59 0.269
46 73 0.184
46 96 0.164
46 49 0.077
46 51 0.248
46 55 0.226
46 58 0.17
46 60 0.183
46 63 0.026
46 70 0.047
46 71 0.181
46 75 0.115
46 76 0.233
46 79 0.124
46 83 0.181
46 90 0.191
46 50 0.143
46 52 0.103
46 56 0.149
46 61 0.105
46 62 0.157
46 66 0.128
46 69 0.133
46 77 0.184
46 80 0.158
46 81 0.128
46 82 0.156
46 86 0.119
46 89 0.124
46 97 0.155
46 98 0.152
47 49 0.762
47 62 0.821
47 74 0.102
47 53 0.182
47 66 0.089
47 48 0.152
47 80 0.215
47 56 0.158
47 58 0.131
47 60 0.126
47 64 0.148
47 65 0.177
47 69 0.111
47 71 0.179
47 73 0.176
47 76 0.165
47 77 0.162
47 78 0.15
47 82 0.127
47 85 0.138
47 88 0.146
47 90 0.182
47 94 0.187
47 95 0.128
47 96 0.187
47 97 0.174
47 98 0.15
48 51 0.115
48 86 0.197
48 81 0.287
48 99 0.123
48 63 0.164
48 64 0.167
48 70 0.111
48 76 0.263
48 78 0.197
48 79 0.179
48 84 0.11
48 90 0.175
48 92 0.06
48 52 0.167
48 55 0.164
48 56 0.154
48 58 0.1
48 59 0.162
48 60 0.171
48 67 0.085
48 69 0.141
48 71 0.146
48 72 0.13
48 77 0.169
48 82 0.161
48 85 0.134
48 88 0.15
48 89 0.146
48 91 0.103
48 93 0.185
48 96 0.204
49 59 0.62
49 93 0.607
49 51 0.089
49 57 0.185
49 61 0.078
49 79 0.122
49 85 0.102
49 89 0.117
49 95 0.166
49 50 0.154
49 58 0.171
49 60 0.128
49 64 0.124
49 65 0.152
49 66 0.124
49 74 0.117
49 75 0.168
49 77 0.191
49 84 0.15
49 86 0.192
49 97 0.201
49 98 0.102
50 73 0.516
50 80 0.502
50 78 0.161
50 82 0.093
50 52 0.216
50 57 0.104
50 64 0.171
50 97 0.202
50 55 0.059
50 60 0.029
50 70 0.257
50 74 0.204
50 81 0.163
50 94 0.114
50 99 0.184
50 54 0.221
50 56 0.167
50 58 0.125
50 59 0.16
50 65 0.14
50 67 0.112
50 69 0.129
50 75 0.137
50 77 0.171
50 87 0.198
50 91 0.114
51 64 0.161
51 59 0.316
51 57 0.182
51 66 0.163
51 68 0.093
51 69 0.242
51 71 0.145
51 93 0.102
51 95 0.082
51 52 0.16
51 53 0.18
51 54 0.146
51 56 0.165
51 58 0.105
51 61 0.139
51 67 0.115
51 73 0.094
51 76 0.134
51 77 0.104
51 78 0.198
51 83 0.144
51 85 0.125
51 91 0.086
51 94 0.145
51 96 0.158
51 97 0.154
51 99 0.135
52 56 0.912
52 64 0.809
52 87 0.1
52 68 0.237
52 73 0.207
52 80 0.112
52 53 0.249
52 55 0.125
52 57 0.167
52 75 0.158
52 96 0.138
52 99 0.106
52 54 0.152
52 58 0.153
52 59 0.129
52 60 0.182
52 62 0.124
52 63 0.164
52 67 0.113
52 69 0.108
52 70 0.135
52 71 0.139
52 77 0.181
52 81 0.15
52 84 0.187
52 85 0.113
52 88 0.125
52 89 0.12
52 90 0.161
52 92 0.222
52 95 0.167
52 97 0.209
53 88 0.5
53 63 0.234
53 87 0.103
53 70 0.128
53 83 0.376
53 95 0.232
53 96 0.066
53 61 0.118
53 68 0.155
53 77 0.11
53 81 0.24
53 54 0.18
53 55 0.147
53 57 0.246
53 65 0.123
53 69 0.001
53 82 0.164
53 91 0.108
53 93 0.219
53 99 0.113
53 58 0.153
53 62 0.163
53 64 0.182
53 71 0.198
53 72 0.137
53 74 0.191
53 75 0.129
53 78 0.14
53 90 0.154
53 92 0.144
53 94 0.144
53 98 0.188
54 83 0.852
54 89 0.697
54 90 0.152
54 88 0.157
54 61 0.173
54 97 0.202
54 55 0.199
54 72 0.188
54 75 0.134
54 76 0.166
54 78 0.143
54 95 0.287
54 58 0.112
54 62 0.143
54 63 0.107
54 66 0.157
54 70 0.098
54 71 0.115
54 79 0.194
54 80 0.201
54 91 0.13
54 92 0.149
54 93 0.129
55 69 0.204
55 63 0.179
55 71 0.072
55 74 0.13
55 84 0.145
55 57 0.149
55 59 0.176
55 77 0.062
55 83 0.123
55 90 0.19
55 64 0.136
55 66 0.185
55 79 0.127
55 80 0.155
55 81 0.179
55 86 0.159
55 87 0.162
55 89 0.171
55 91 0.118
55 92 0.175
55 93 0.163
55 94 0.148
55 96 0.122
55 97 0.136
56 79 0.093
56 64 0.055
56 72 0.19
56 76 0.098
56 81 0.198
56 83 0.212
56 94 0.106
56 58 0.185
56 60 0.161
56 61 0.185
56 67 0.173
56 68 0.129
56 69 0.162
56 71 0.147
56 75 0.165
56 78 0.132
56 87 0.203
56 90 0.191
56 93 0.136
56 97 0.184
56 98 0.215
57 61 0.762
57 73 0.154
57 85 0.113
57 86 0.292
57 95 0.184
57 63 0.185
57 76 0.195
57 60 0.189
57 65 0.126
57 67 0.153
57 68 0.096
57 69 0.14
57 71 0.151
57 72 0.192
57 74 0.161
57 79 0.115
57 80 0.151
57 84 0.177
57 87 0.161
57 88 0.201
57 89 0.166
57 92 0.073
57 96 0.166
57 97 0.157
57 98 0.193
58 97 0.957
58 85 0.217
58 72 0.225
58 64 0.249
58 92 0.253
58 59 0.12
58 60 0.184
58 68 0.098
58 70 0.159
58 74 0.148
58 78 0.168
58 81 0.125
58 88 0.172
58 95 0.199
58 96 0.115
58 98 0.167
58 99 0.156
59 60 0.281
59 62 0.1
59 91 0.275
59 69 0.218
59 72 0.121
59 77 0.162
59 93 0.158
59 61 0.188
59 65 0.154
59 73 0.16
59 75 0.114
59 80 0.144
59 81 0.169
59 84 0.18
59 87 0.177
59 88 0.156
59 90 0.162
59 92 0.159
59 99 0.13
60 74 0.122
60 98 0.193
60 69 0.092
60 82 0.1
60 92 0.178
60 64 0.099
60 65 0.185
60 72 0.114
60 76 0.14
60 78 0.156
60 84 0.241
60 87 0.112
60 90 0.133
60 93 0.296
60 61 0.111
60 63 0.172
60 66 0.148
60 68 0.138
60 71 0.217
60 73 0.179
60 75 0.135
60 80 0.104
60 85 0.127
60 94 0.145
60 95 0.179
60 96 0.212
61 70 0.842
61 82 0.824
61 77 0.197
61 92 0.12
61 91 0.092
61 68 0.161
61 88 0.17
61 90 0.245
61 94 0.215
61 97 0.13
61 63 0.16
61 66 0.133
61 67 0.112
61 72 0.107
61 76 0.112
61 81 0.176
61 84 0.167
61 86 0.118
61 89 0.115
61 93 0.201
62 84 0.17
62 85 0.177
62 68 0.132
62 77 0.1
62 81 0.202
62 88 0.169
62 90 0.115
62 63 0.127
62 65 0.172
62 67 0.184
62 69 0.143
62 70 0.162
62 71 0.173
62 74 0.171
62 76 0.176
62 78 0.123
62 79 0.173
62 83 0.202
62 91 0.159
62 92 0.151
62 93 0.164
62 96 0.184
63 92 0.758
63 80 0.886
63 90 0.159
63 69 0.151
63 72 0.162
63 77 0.134
63 73 0.14
63 74 0.099
63 76 0.137
63 78 0.16
63 79 0.106
63 83 0.149
63 85 0.151
63 87 0.11
63 88 0.197
63 89 0.157
63 91 0.167
63 97 0.172
63 98 0.154
63 99 0.162
64 71 0.069
64 89 0.157
64 77 0.198
64 97 0.054
64 82 0.139
64 88 0.193
64 91 0.168
64 96 0.112
64 99 0.166
64 66 0.123
64 69 0.16
64 72 0.175
64 74 0.161
64 75 0.219
64 76 0.141
64 78 0.112
64 79 0.168
64 93 0.13
64 94 0.195
64 98 0.169
65 96 0.248
65 80 0.147
65 82 0.243
65 95 0.263
65 74 0.142
65 84 0.025
65 89 0.193
65 66 0.115
65 67 0.198
65 70 0.203
65 90 0.04
65 68 0.148
65 69 0.155
65 71 0.15
65 76 0.108
65 79 0.117
65 86 0.145
65 87 0.166
65 94 0.149
65 97 0.177
65 99 0.156
66 90 0.109
66 92 0.139
66 98 0.082
66 74 0.232
66 86 0.244
66 69 0.127
66 70 0.151
66 71 0.117
66 76 0.168
66 80 0.139
66 81 0.131
66 82 0.163
66 85 0.119
66 88 0.099
66 89 0.174
66 94 0.138
66 95 0.15
66 97 0.144
66 99 0.175
67 98 0.662
67 73 0.185
67 68 0.153
67 70 0.113
67 82 0.071
67 84 0.261
67 74 0.144
67 78 0.142
67 80 0.15
67 81 0.139
67 83 0.128
67 85 0.182
67 87 0.144
67 88 0.182
67 90 0.126
67 92 0.142
67 95 0.16
67 99 0.181
68 82 0.204
68 84 0.083
68 85 0.242
68 91 0.141
68 97 0.2
68 99 0.167
68 71 0.129
68 73 0.137
68 74 0.169
68 78 0.139
68 80 0.098
68 86 0.13
68 88 0.155
68 89 0.212
68 95 0.144
68 96 0.122
68 98 0.112
69 85 0.21
69 74 0.215
69 94 0.097
69 76 0.241
69 81 0.152
69 83 0.184
69 84 0.078
69 86 0.166
69 88 0.171
69 93 0.205
69 70 0.172
69 72 0.151
69 75 0.149
69 80 0.105
69 87 0.176
69 89 0.103
69 96 0.112
69 97 0.117
70 94 0.729
70 72 1
70 73 0.138
70 78 0.262
70 84 0.139
70 96 0.172
70 74 0.103
70 93 0.142
70 75 0.141
70 77 0.144
70 81 0.197
70 88 0.118
70 89 0.15
70 95 0.113
70 98 0.149
70 99 0.103
71 81 0.151
71 94 0.302
71 89 0.198
71 74 0.199
71 77 0.141
71 79 0.178
71 80 0.122
71 87 0.202
71 91 0.123
71 92 0.112
71 76 0.111
71 78 0.174
71 84 0.164
71 90 0.185
71 95 0.109
71 97 0.124
71 99 0.047
72 96 0.975
72 75 0.082
72 86 0.189
72 89 0.146
72 92 0.125
72 73 0.157
72 74 0.122
72 77 0.124
72 80 0.169
72 81 0.07
72 83 0.154
72 85 0.132
72 88 0.166
72 90 0.175
72 95 0.172
72 97 0.174
72 98 0.146
73 91 0.937
73 96 0.759
73 87 0.121
73 83 0.083
73 85 0.234
73 88 0.227
73 74 0.127
73 75 0.158
73 76 0.146
73 77 0.128
73 82 0.173
73 84 0.171
73 89 0.149
73 90 0.14
73 94 0.138
74 82 0.901
74 84 0.868
74 97 0.077
74 85 0.222
74 88 0.18
74 95 0.172
74 98 0.103
74 76 0.123
74 78 0.186
74 80 0.153
74 83 0.135
74 90 0.147
74 91 0.152
74 92 0.204
74 93 0.104
74 96 0.116
75 80 0.152
75 87 0.164
75 86 0.121
75 92 0.151
75 78 0.05
75 76 0.171
75 81 0.153
75 89 0.144
75 91 0.149
75 95 0.156
75 97 0.143
75 98 0.171
75 99 0.181
76 99 0.589
76 79 0.098
76 84 0.198
76 87 0.34
76 95 0.177
76 77 0.3
76 92 0.135
76 81 0.167
76 85 0.151
76 88 0.16
76 91 0.142
76 98 0.2
77 88 0.124
77 92 0.06
77 79 0.101
77 81 0.159
77 82 0.176
77 94 0.179
77 95 0.125
77 80 0.119
77 83 0.136
77 85 0.161
77 86 0.124
77 89 0.116
77 90 0.149
77 91 0.119
77 99 0.116
78 79 0.161
78 80 0.135
78 99 0.213
78 81 0.162
78 82 0.145
78 86 0.174
78 87 0.18
78 91 0.128
78 94 0.144
78 97 0.112
78 98 0.139
79 87 0.606
79 95 0.162
79 85 0.187
79 81 0.149
79 84 0.138
79 88 0.165
79 89 0.196
79 94 0.191
80 90 0.111
80 85 0.19
80 89 0.111
80 92 0.124
80 93 0.214
80 95 0.036
80 83 0.13
80 84 0.191
80 86 0.118
80 91 0.122
80 94 0.153
80 96 0.16
80 98 0.193
81 90 0.873
81 84 0.105
81 85 0.13
81 92 0.239
81 83 0.191
81 93 0.123
81 96 0.167
81 99 0.185
82 92 0.564
82 93 0.24
82 90 0.02
82 91 0.105
82 87 0.162
82 94 0.213
82 99 0.152
83 88 0.275
83 84 0.141
83 86 0.18
83 87 0.137
83 89 0.111
83 91 0.123
83 92 0.182
83 94 0.183
83 95 0.105
83 96 0.143
84 87 0.03
84 86 0.144
84 91 0.069
84 99 0.158
84 89 0.183
84 90 0.125
84 94 0.142
84 95 0.124
85 97 0.028
85 93 0.093
85 86 0.172
85 88 0.175
85 91 0.177
85 92 0.143
85 99 0.116
86 96 0.191
86 87 0.157
86 99 0.162
86 88 0.175
86 89 0.181
86 90 0.131
86 91 0.146
86 98 0.15
87 95 0.262
87 88 0.139
87 92 0.154
87 93 0.167
87 97 0.165
87 98 0.198
87 99 0.127
88 93 0.797
88 95 0.973
88 90 0.602
88 89 0.088
88 92 0.119
88 91 0.113
88 94 0.177
88 97 0.142
88 98 0.19
89 90 0.153
89 94 0.182
89 95 0.09
89 97 0.169
90 91 0.122
90 97 0.026
90 94 0.222
90 95 0.159
90 98 0.215
91 97 0.031
91 93 0.183
91 94 0.156
91 98 0.138
92 98 0.102
92 99 0.163
92 94 0.171
92 95 0.15
93 95 0.103
93 97 0.171
93 98 0.152
94 98 0.074
94 95 0.163
94 96 0.203
94 99 0.155
95 97 0.088
95 99 0.054
95 98 0.184
96 98 0.152
96 97 0.169
97 98 0.162
97 99 0.133
98 99 0.122
