0 1 0.621
0 11 0.565
0 15 0.787
0 17 0.357
0 31 0.535
0 34 0.796
0 36 0.68
0 44 0.696
0 49 0.688
0 53 0.88
0 64 0.913
0 69 0.608
0 73 0.819
0 75 0.506
0 77 0.912
0 87 0.807
0 97 0.314
0 99 0.66
0 67 0.216
0 51 0.177
0 86 0.354
0 96 0.061
0 95 0.269
0 4 0.387
0 20 0.241
0 30 0.373
0 45 0.355
0 24 0.273
0 25 0.324
0 37 0.415
0 40 0.207
0 41 0.093
0 79 0.146
0 81 0.19
0 89 0.345
0 94 0.183
1 12 0.565
1 13 0.902
1 45 0.98
1 51 0.976
1 65 0.501
1 66 0.579
1 69 0.914
1 73 0.693
1 84 0.663
1 93 0.269
1 75 0.283
1 90 0.219
1 7 0.439
1 67 0.486
1 96 0.474
1 15 0.493
1 33 0.273
1 5 0.227
1 6 0.257
1 35 0.176
1 43 0.448
1 53 0.118
1 70 0.121
1 85 0.264
1 91 0.205
2 4 0.952
2 8 0.579
2 20 0.903
2 24 0.346
2 25 1
2 32 0.46
2 33 0.641
2 65 0.769
2 72 0.713
2 75 0.58
2 82 0.809
2 96 0.77
2 99 0.253
2 50 0.545
2 16 0.436
2 49 0.288
2 17 0.332
2 91 0.263
2 53 0.393
2 83 0.321
2 30 0.259
2 40 0.575
2 41 0.211
2 57 0.288
2 58 0.384
2 69 0.239
2 92 0.525
3 6 1
3 14 0.999
3 25 0.782
3 30 0.464
3 31 0.726
3 39 0.422
3 56 0.732
3 66 0.611
3 80 0.537
3 89 0.675
3 92 0.896
3 97 0.79
3 98 0.406
3 49 0.255
3 7 0.221
3 34 0.338
3 69 0.11
3 88 0.038
3 27 0.262
3 77 0.339
3 8 0.17
3 58 0.329
3 62 0.155
3 82 0.089
3 22 0.504
3 72 0.278
3 76 0.038
3 87 0.371
3 99 0.293
4 6 0.559
4 15 0.804
4 23 0.787
4 33 0.607
4 38 0.872
4 40 0.702
4 41 0.731
4 42 0.994
4 49 0.662
4 60 1
4 66 0.865
4 76 0.577
4 87 0.963
4 90 0.362
4 91 0.877
4 94 0.701
4 34 0.55
4 7 0.19
4 9 0.296
4 10 0.252
4 17 0.329
4 18 0.19
4 53 0.479
4 74 0.194
4 85 0.042
4 21 0.217
4 16 0.313
4 30 0.124
4 37 0.253
4 52 0.298
4 55 0.077
4 58 0.026
4 83 0.507
4 96 0.256
4 98 0.555
5 17 0.729
5 23 0.585
5 33 0.159
5 39 0.583
5 42 0.537
5 57 0.929
5 62 0.882
5 71 0.534
5 82 1
5 86 1
5 91 0.798
5 96 0.809
5 38 0.228
5 48 0.164
5 65 0.181
5 83 0.213
5 6 0.403
5 21 0.133
5 27 0.059
5 43 0.319
5 44 0.163
5 73 0.245
5 36 0.503
5 41 0.389
5 51 0.242
5 98 0.044
5 29 0.017
5 54 0.238
5 92 0.238
5 93 0.266
6 9 0.502
6 11 0.989
6 12 1
6 13 0.976
6 15 0.921
6 27 0.884
6 29 0.827
6 45 0.701
6 48 0.715
6 59 0.867
6 62 0.41
6 82 0.999
6 93 0.501
6 97 0.387
6 53 0.332
6 19 0.372
6 44 0.115
6 94 0.306
6 42 0.126
6 49 0.092
6 69 0.365
6 70 0.167
6 17 0.011
6 21 0.121
6 24 0.369
6 30 0.234
6 39 0.255
6 46 0.106
6 50 0.09
6 73 0.407
6 75 0.125
6 99 0.116
7 8 0.946
7 10 0.979
7 14 0.517
7 15 0.641
7 25 0.656
7 36 0.88
7 40 0.376
7 56 0.776
7 59 0.988
7 62 0.405
7 72 0.843
7 73 0.902
7 89 0.497
7 97 0.883
7 34 0.275
7 35 0.06
7 51 0.281
7 60 0.175
7 31 0.038
7 49 0.184
7 71 0.404
7 74 0.338
7 78 0.058
7 80 0.275
7 86 0.359
7 12 0.306
7 63 0.631
7 64 0.196
7 85 0.389
7 93 0.183
8 23 0.759
8 30 0.959
8 32 0.884
8 33 0.912
8 38 0.516
8 46 0.718
8 47 0.865
8 66 0.742
8 73 0.435
8 76 0.729
8 77 1
8 92 0.934
8 91 0.115
8 96 0.248
8 16 0.134
8 49 0.499
8 51 0.168
8 54 0.119
8 80 0.268
8 26 0.229
8 45 0.043
8 57 0.221
8 75 0.108
9 14 0.981
9 19 0.715
9 23 0.534
9 25 0.469
9 33 0.567
9 35 0.673
9 37 0.589
9 39 0.961
9 40 0.976
9 41 1
9 48 0.545
9 55 0.669
9 61 0.675
9 65 0.983
9 66 0.694
9 67 0.784
9 70 0.741
9 76 0.724
9 79 1
9 83 0.982
9 87 0.849
9 88 0.95
9 91 0.84
9 93 0.324
9 45 0.201
9 80 0.239
9 96 0.381
9 52 0.322
9 64 0.123
9 97 0.233
10 19 0.713
10 20 0.692
10 42 0.693
10 53 0.511
10 61 0.933
10 77 0.645
10 80 0.785
10 81 0.646
10 83 0.979
10 90 0.795
10 22 0.333
10 13 0.501
10 74 0.231
10 84 0.132
10 43 0.192
10 64 0.457
10 29 0.343
10 16 0.372
10 36 0.385
10 18 0.046
10 46 0.045
10 94 0.42
11 18 0.985
11 25 0.702
11 36 0.66
11 44 0.963
11 49 0.664
11 52 0.125
11 64 0.696
11 71 0.813
11 79 0.503
11 80 0.765
11 83 0.492
11 85 0.668
11 88 0.632
11 93 0.867
11 90 0.129
11 84 0.339
11 47 0.076
11 27 0.584
11 48 0.217
11 75 0.311
11 86 0.374
11 42 0.348
11 70 0.534
11 82 0.349
11 92 0.296
11 95 0.493
11 98 0.317
11 99 0.338
12 29 0.794
12 33 0.831
12 45 1
12 48 0.451
12 56 0.718
12 63 0.94
12 64 0.611
12 68 0.58
12 73 0.748
12 82 0.78
12 99 0.616
12 44 0.269
12 59 0.363
12 88 0.112
12 52 0.258
12 84 0.248
12 89 0.473
12 23 0.335
12 38 0.398
12 20 0.429
12 26 0.294
12 40 0.003
12 50 0.215
12 51 0.612
12 75 0.232
12 96 0.303
13 15 1
13 30 0.178
13 35 0.729
13 41 0.301
13 48 0.754
13 49 0.656
13 50 0.624
13 66 0.485
13 67 0.447
13 79 0.871
13 84 0.868
13 89 0.435
13 91 0.994
13 95 0.799
13 97 0.352
13 99 0.873
13 34 0.052
13 64 0.109
13 27 0.104
13 46 0.547
13 65 0.296
13 56 0.408
13 31 0.285
13 38 0.064
13 57 0.45
13 60 0.249
13 62 0.255
13 72 0.4
13 18 0.076
13 24 0.522
13 75 0.21
14 17 0.672
14 29 0.188
14 42 0.909
14 55 0.799
14 62 0.845
14 68 0.945
14 71 0.429
14 78 0.928
14 93 0.634
14 96 0.844
14 20 0.135
14 97 0.138
14 34 0.112
14 56 0.465
14 60 0.524
14 38 0.207
14 44 0.371
14 61 0.025
14 76 0.089
14 86 0.398
15 23 0.911
15 39 0.833
15 65 0.593
15 77 0.632
15 88 0.525
15 93 0.575
15 97 0.697
15 24 0.344
15 78 0.332
15 26 0.236
15 50 0.429
15 55 0.005
15 69 0.284
15 46 0.048
15 18 0.066
15 19 0.147
15 32 0.332
15 68 0.308
15 84 0.009
15 94 0.281
16 20 0.361
16 23 0.924
16 33 0.813
16 36 0.936
16 51 0.869
16 61 0.846
16 65 1
16 74 0.701
16 77 0.896
16 97 0.661
16 27 0.11
16 55 0.245
16 30 0.375
16 49 0.233
16 62 0.333
16 79 0.201
16 21 0.365
16 68 0.002
16 69 0.207
16 83 0.129
16 86 0.218
16 96 0.227
16 99 0.093
17 20 0.848
17 24 0.842
17 30 0.832
17 36 0.712
17 60 0.556
17 70 0.403
17 73 0.901
17 79 0.814
17 91 0.791
17 97 0.482
17 98 0.966
17 43 0.137
17 37 0.456
17 59 0.224
17 88 0.262
17 69 0.422
17 80 0.028
17 22 0.249
17 23 0.209
17 29 0.141
17 46 0.493
17 62 0.368
17 63 0.206
17 65 0.196
17 67 0.158
17 68 0.37
17 71 0.277
17 77 0.199
17 78 0.177
17 89 0.194
18 27 0.553
18 30 0.801
18 34 0.748
18 47 0.902
18 66 0.852
18 70 0.417
18 74 0.768
18 78 0.564
18 80 1
18 81 0.886
18 84 0.826
18 85 0.269
18 76 0.351
18 20 0.443
18 65 0.322
18 67 0.229
18 95 0.078
18 21 0.209
18 26 0.223
18 25 0.373
18 88 0.515
18 90 0.352
18 94 0.361
18 32 0.281
18 39 0.269
19 26 0.692
19 28 0.179
19 29 0.447
19 61 0.419
19 62 0.967
19 69 1
19 79 0.578
19 82 0.992
19 85 0.618
19 93 1.0
19 94 0.463
19 98 0.865
19 87 0.347
19 42 0.228
19 46 0.165
19 51 0.14
19 21 0.418
19 23 0.288
19 31 0.067
19 38 0.405
19 40 0.219
19 43 0.077
19 80 0.537
19 32 0.715
19 56 0.493
19 67 0.012
19 89 0.087
20 25 0.614
20 43 0.143
20 44 0.896
20 59 0.827
20 63 0.73
20 69 0.856
20 72 0.758
20 74 0.609
20 90 0.478
20 28 0.097
20 82 0.102
20 56 0.195
20 67 0.159
20 83 0.305
20 24 0.255
20 29 0.104
20 32 0.501
20 58 0.353
20 78 0.472
20 79 0.033
20 91 0.408
21 31 0.766
21 45 0.927
21 50 0.668
21 51 0.367
21 52 0.426
21 59 0.608
21 61 0.871
21 62 0.446
21 76 0.993
21 80 1
21 82 0.582
21 87 0.931
21 93 0.715
21 97 0.655
21 98 0.802
21 78 0.157
21 63 0.422
21 33 0.301
21 66 0.081
21 77 0.494
21 57 0.094
21 71 0.127
21 84 0.325
21 90 0.24
21 29 0.594
21 37 0.233
21 89 0.062
21 99 0.133
22 26 0.505
22 28 0.424
22 33 0.766
22 41 1
22 42 0.391
22 44 0.765
22 46 0.477
22 58 1
22 66 0.657
22 67 0.85
22 85 0.698
22 90 0.546
22 92 0.766
22 96 0.616
22 93 0.211
22 54 0.268
22 78 0.162
22 24 0.174
22 37 0.179
22 60 0.36
22 64 0.278
22 65 0.715
22 69 0.232
22 74 0.145
22 80 0.397
22 81 0.043
22 83 0.195
23 25 1
23 27 1
23 33 0.9
23 37 0.931
23 39 0.936
23 56 0.749
23 59 1
23 69 0.759
23 73 0.867
23 77 0.595
23 82 0.752
23 92 0.62
23 95 0.614
23 96 0.305
23 97 0.623
23 43 0.187
23 70 0.412
23 38 0.063
23 41 0.234
23 99 0.294
23 36 0.118
23 44 0.228
23 61 0.318
23 74 0.15
23 80 0.257
23 89 0.208
23 31 0.131
23 46 0.582
23 57 0.292
23 81 0.13
23 88 0.3
24 29 0.766
24 32 0.548
24 42 0.792
24 45 0.716
24 49 1
24 52 0.488
24 58 0.799
24 59 0.822
24 65 0.73
24 70 1
24 72 0.797
24 76 0.341
24 86 0.893
24 96 0.999
24 77 0.412
24 47 0.157
24 64 0.353
24 89 0.122
24 36 0.046
24 68 0.048
24 57 0.514
24 87 0.248
24 50 0.056
25 41 0.773
25 47 0.845
25 50 1
25 51 0.575
25 54 0.681
25 70 0.496
25 78 0.981
25 81 0.566
25 82 0.91
25 85 0.933
25 94 0.717
25 96 0.983
25 98 0.522
25 87 0.223
25 37 0.348
25 57 0.562
25 64 0.326
25 28 0.206
25 31 0.073
25 48 0.541
25 39 0.173
25 44 0.411
25 61 0.24
25 69 0.263
25 91 0.44
26 52 0.425
26 54 0.704
26 58 0.716
26 62 0.247
26 64 0.356
26 76 0.734
26 83 0.919
26 84 0.796
26 87 0.318
26 95 0.855
26 51 0.365
26 71 0.311
26 33 0.389
26 49 0.37
26 59 0.149
26 45 0.325
26 50 0.203
26 92 0.281
26 29 0.409
26 81 0.104
26 88 0.124
26 93 0.052
26 94 0.289
26 99 0.091
27 32 0.852
27 42 0.477
27 44 0.385
27 57 0.91
27 59 0.698
27 63 0.887
27 69 1
27 76 0.822
27 82 0.375
27 88 1
27 89 0.552
27 94 0.693
27 86 0.366
27 79 0.087
27 28 0.193
27 62 0.223
27 73 0.04
27 85 0.345
27 50 0.324
27 60 0.521
27 33 0.207
27 35 0.345
27 47 0.079
27 61 0.227
27 96 0.219
27 97 0.023
28 46 0.928
28 48 0.438
28 51 0.951
28 55 0.668
28 57 0.608
28 69 0.881
28 72 0.824
28 73 0.693
28 83 0.817
28 85 0.966
28 89 0.54
28 91 0.54
28 96 0.812
28 37 0.275
28 52 0.128
28 63 0.558
28 70 0.489
28 78 0.244
28 38 0.242
28 67 0.04
28 68 0.258
28 75 0.266
28 87 0.167
28 94 0.348
28 36 0.335
28 45 0.177
28 53 0.352
28 71 0.091
28 97 0.542
29 31 0.511
29 35 0.593
29 37 0.675
29 41 0.424
29 45 0.345
29 53 0.796
29 57 0.517
29 64 0.933
29 69 0.941
29 72 0.648
29 79 0.49
29 92 0.793
29 95 0.39
29 97 0.654
29 99 0.909
29 67 0.49
29 68 0.125
29 87 0.017
29 62 0.431
29 88 0.335
29 90 0.307
29 98 0.009
29 40 0.245
29 42 0.505
29 44 0.071
30 34 0.437
30 35 0.913
30 36 0.613
30 37 0.566
30 38 0.529
30 40 0.477
30 42 0.632
30 56 1
30 71 0.937
30 90 0.663
30 94 0.621
30 96 0.78
30 67 0.157
30 60 0.31
30 72 0.416
30 98 0.506
30 82 0.187
30 57 0.183
30 61 0.455
30 79 0.451
30 33 0.085
30 85 0.266
30 86 0.453
30 87 0.282
30 89 0.126
30 45 0.131
30 78 0.264
30 83 0.067
31 38 0.918
31 42 0.775
31 43 0.949
31 53 0.557
31 55 0.957
31 56 0.666
31 85 0.829
31 86 0.86
31 88 0.373
31 93 0.538
31 98 0.946
31 50 0.276
31 35 0.507
31 62 0.317
31 32 0.269
31 34 0.04
31 46 0.348
31 61 0.145
31 77 0.39
31 79 0.315
31 76 0.436
31 51 0.069
31 75 0.204
31 78 0.083
31 87 0.459
31 97 0.232
32 33 0.872
32 37 0.3
32 41 0.451
32 50 0.372
32 54 0.571
32 58 1
32 59 0.246
32 60 1
32 66 0.641
32 80 0.849
32 82 0.458
32 97 0.41
32 43 0.26
32 44 0.001
32 77 0.24
32 93 0.219
32 40 0.231
32 68 0.227
32 88 0.26
32 36 0.07
32 45 0.472
32 74 0.316
32 92 0.299
32 96 0.282
33 34 0.988
33 36 0.157
33 40 0.74
33 42 0.738
33 45 1
33 47 0.683
33 59 0.556
33 64 0.939
33 67 0.891
33 75 0.531
33 87 0.621
33 93 0.915
33 43 0.182
33 50 0.279
33 41 0.13
33 51 0.165
33 71 0.249
33 90 0.306
33 54 0.451
33 61 0.032
34 36 0.714
34 39 0.58
34 43 0.75
34 47 0.857
34 48 0.6
34 53 1
34 62 0.39
34 66 0.737
34 68 0.832
34 79 0.694
34 83 0.808
34 87 0.108
34 98 0.839
34 78 0.284
34 99 0.228
34 46 0.166
34 64 0.389
34 75 0.131
34 51 0.072
34 50 0.243
34 73 0.084
34 91 0.18
34 94 0.117
35 37 0.937
35 41 0.764
35 47 0.814
35 60 0.753
35 62 0.525
35 63 1
35 81 0.641
35 88 0.653
35 93 0.412
35 96 0.68
35 52 0.025
35 75 0.077
35 84 0.314
35 38 0.339
35 46 0.294
35 57 0.466
35 67 0.14
35 44 0.229
35 55 0.173
35 58 0.168
35 65 0.14
35 70 0.082
35 82 0.122
35 94 0.177
36 42 0.656
36 47 0.487
36 49 0.845
36 52 0.647
36 55 0.957
36 57 0.953
36 63 0.662
36 65 0.471
36 70 0.944
36 71 0.612
36 79 0.555
36 87 0.807
36 97 0.924
36 89 0.545
36 58 0.083
36 38 0.003
36 99 0.295
36 48 0.456
36 56 0.333
36 61 0.343
36 39 0.385
36 69 0.223
36 85 0.239
37 41 0.888
37 47 0.534
37 48 0.647
37 54 0.537
37 65 1
37 80 0.971
37 82 0.603
37 84 0.877
37 44 0.119
37 78 0.435
37 53 0.109
37 92 0.332
37 39 0.224
37 45 0.215
37 52 0.332
37 57 0.139
37 67 0.126
38 40 0.67
38 43 0.702
38 46 0.8
38 47 0.645
38 52 0.487
38 56 0.832
38 61 0.844
38 75 0.704
38 78 0.826
38 80 0.712
38 82 0.72
38 96 0.729
38 44 0.175
38 74 0.223
38 58 0.098
38 71 0.035
38 59 0.053
38 86 0.131
38 63 0.03
38 76 0.438
38 81 0.315
38 88 0.143
38 90 0.601
39 51 0.682
39 63 0.917
39 66 0.724
39 76 0.574
39 78 0.944
39 80 0.967
39 84 0.583
39 85 0.642
39 92 0.916
39 97 0.585
39 99 0.761
39 62 0.265
39 64 0.003
39 58 0.357
39 70 0.172
39 87 0.055
39 57 0.16
39 73 0.461
39 48 0.305
39 91 0.249
40 41 0.678
40 47 0.702
40 59 0.635
40 60 1
40 61 0.561
40 67 0.814
40 76 0.568
40 83 0.98
40 84 0.897
40 90 0.636
40 92 0.738
40 78 0.619
40 56 0.012
40 58 0.178
40 52 0.103
40 73 0.126
40 63 0.266
40 85 0.568
40 50 0.324
40 62 0.025
40 80 0.128
40 88 0.063
41 44 0.724
41 53 0.703
41 58 0.966
41 60 0.285
41 63 0.78
41 71 0.572
41 75 0.596
41 76 0.463
41 87 0.883
41 91 0.551
41 92 0.895
41 81 0.477
41 90 0.164
41 45 0.332
41 88 0.068
41 52 0.2
41 43 0.594
41 49 0.653
41 64 0.111
41 95 0.107
41 66 0.226
41 84 0.477
41 93 0.023
42 43 0.804
42 44 0.648
42 54 0.597
42 71 0.647
42 77 0.996
42 79 0.364
42 83 0.959
42 86 0.537
42 87 0.632
42 93 0.912
42 94 0.654
42 98 0.585
42 66 0.053
42 52 0.087
42 78 0.088
42 56 0.041
42 70 0.32
42 73 0.069
43 44 0.404
43 45 0.678
43 59 0.422
43 70 0.922
43 80 0.486
43 94 0.489
43 52 0.096
43 89 0.254
43 71 0.182
43 85 0.393
43 91 0.186
43 93 0.461
43 54 0.084
43 57 0.136
43 72 0.178
43 76 0.182
43 88 0.421
43 97 0.292
44 47 0.802
44 64 0.938
44 71 0.468
44 73 0.969
44 83 0.768
44 88 0.86
44 91 0.898
44 93 0.122
44 50 0.19
44 60 0.068
44 69 0.046
44 85 0.31
44 98 0.114
44 48 0.161
44 95 0.437
45 47 0.548
45 52 0.968
45 54 0.729
45 57 0.642
45 58 0.833
45 66 0.434
45 75 0.955
45 87 0.896
45 96 0.633
45 98 0.619
45 95 0.261
45 49 0.448
45 78 0.02
45 62 0.027
45 48 0.173
45 63 0.251
45 56 0.211
45 74 0.419
45 80 0.37
45 97 0.248
45 50 0.01
45 59 0.21
45 70 0.116
45 76 0.231
45 81 0.181
45 83 0.183
46 49 0.368
46 55 0.368
46 56 0.801
46 59 0.584
46 68 0.666
46 69 0.766
46 75 0.597
46 76 0.948
46 79 0.55
46 84 0.816
46 96 0.114
46 99 0.338
46 98 0.245
46 97 0.144
46 47 0.308
46 48 0.42
46 62 0.441
46 78 0.446
46 71 0.247
46 57 0.287
46 58 0.187
46 72 0.005
46 89 0.169
46 92 0.384
46 54 0.157
46 63 0.138
46 64 0.208
46 65 0.345
46 82 0.067
47 49 0.933
47 53 0.715
47 56 0.897
47 58 0.494
47 60 0.579
47 65 0.793
47 70 0.806
47 76 0.695
47 86 0.563
47 87 0.722
47 88 0.227
47 89 0.684
47 97 1
47 99 0.598
47 50 0.234
47 85 0.082
47 95 0.453
47 74 0.291
47 79 0.224
47 63 0.204
47 55 0.29
47 59 0.057
47 64 0.365
47 75 0.199
48 52 0.667
48 55 0.692
48 63 0.794
48 64 0.636
48 65 0.846
48 69 0.554
48 71 1
48 79 0.661
48 88 0.261
48 54 0.28
48 74 0.263
48 85 0.086
48 50 0.29
48 62 0.01
48 78 0.164
48 98 0.027
49 53 0.354
49 54 0.219
49 59 0.775
49 60 0.533
49 82 0.59
49 85 0.876
49 90 0.41
49 93 0.65
49 94 0.757
49 67 0.25
49 69 0.488
49 66 0.135
49 89 0.149
49 65 0.242
49 76 0.515
49 86 0.238
50 62 0.682
50 63 0.403
50 66 0.698
50 87 0.669
50 91 0.32
50 93 0.603
50 61 0.038
50 69 0.289
50 52 0.003
50 72 0.288
50 54 0.382
50 81 0.242
51 52 0.876
51 77 0.832
51 82 0.8
51 91 0.696
51 96 0.475
51 53 0.66
51 55 0.457
51 83 0.133
51 57 0.387
51 60 0.523
51 64 0.217
51 90 0.327
51 95 0.073
51 99 0.085
52 55 0.771
52 56 0.977
52 71 0.623
52 73 0.929
52 76 0.985
52 77 0.364
52 83 0.741
52 95 0.844
52 82 0.144
52 60 0.329
52 70 0.329
52 84 0.466
52 59 0.074
52 65 0.418
52 74 0.089
52 68 0.152
52 81 0.45
52 97 0.224
52 53 0.246
52 66 0.324
52 80 0.3
53 59 0.736
53 60 0.929
53 63 0.54
53 64 0.734
53 65 0.59
53 70 0.413
53 72 0.622
53 78 0.836
53 80 0.772
53 82 0.881
53 88 0.734
53 97 0.862
53 75 0.434
53 74 0.307
53 57 0.172
53 85 0.005
53 91 0.349
53 56 0.214
53 71 0.215
53 87 0.191
53 93 0.094
54 55 0.479
54 60 0.582
54 62 0.799
54 72 0.424
54 75 1
54 81 0.629
54 84 0.457
54 86 0.965
54 89 0.845
54 97 0.699
54 66 0.24
54 85 0.371
54 87 0.612
54 73 0.377
54 63 0.156
54 64 0.195
54 76 0.186
55 69 0.915
55 86 0.929
55 65 0.228
55 63 0.165
55 87 0.169
55 73 0.091
55 90 0.259
55 59 0.049
55 75 0.245
56 63 0.514
56 64 0.954
56 78 0.488
56 84 0.873
56 97 0.296
56 89 0.22
56 79 0.005
56 77 0.43
56 90 0.245
57 70 0.583
57 77 0.516
57 80 0.906
57 82 0.63
57 86 0.878
57 67 0.021
57 88 0.044
57 97 0.263
57 61 0.159
57 79 0.461
57 95 0.496
57 62 0.136
57 81 0.339
57 84 0.296
57 90 0.288
57 94 0.523
58 60 0.697
58 61 0.93
58 70 0.551
58 71 0.748
58 85 0.451
58 86 0.907
58 90 0.718
58 94 0.947
58 62 0.227
58 88 0.015
58 72 0.522
58 59 0.339
58 64 0.202
58 97 0.262
58 77 0.157
58 82 0.28
58 99 0.208
59 61 0.941
59 78 0.957
59 88 0.42
59 95 0.711
59 97 0.775
59 98 0.584
59 99 0.72
59 94 0.131
59 69 0.532
59 83 0.08
59 92 0.662
59 93 0.12
60 70 0.951
60 80 0.645
60 82 0.69
60 99 0.498
60 91 0.287
60 89 0.295
60 65 0.009
60 74 0.567
61 62 0.64
61 70 0.603
61 80 0.97
61 84 0.41
61 77 0.242
61 99 0.148
61 86 0.303
62 63 0.535
62 64 0.598
62 70 0.474
62 79 0.807
62 83 0.525
62 88 0.521
62 93 0.531
62 95 0.228
62 77 0.04
62 75 0.323
62 66 0.36
62 92 0.387
63 64 0.746
63 70 0.524
63 83 0.416
63 92 0.737
63 93 0.584
63 97 0.867
63 71 0.189
63 65 0.188
63 72 0.379
63 79 0.094
63 82 0.136
63 99 0.708
64 89 0.488
64 93 0.065
64 83 0.305
64 82 0.264
64 94 0.141
64 88 0.08
64 79 0.209
64 86 0.346
65 71 1
65 72 0.724
65 80 0.451
65 89 0.39
65 97 0.672
65 77 0.389
65 86 0.309
65 68 0.122
65 70 0.367
65 78 0.223
65 74 0.037
65 82 0.145
65 92 0.029
65 94 0.047
66 69 0.899
66 73 0.787
66 76 0.878
66 84 0.87
66 71 0.169
66 80 0.391
67 76 0.852
67 97 0.583
67 94 0.259
67 84 0.262
67 82 0.514
67 71 0.458
67 77 0.373
67 78 0.231
67 96 0.092
68 72 0.679
68 74 0.837
68 79 0.799
68 80 0.982
68 96 0.486
68 97 1
68 93 0.535
68 78 0.399
68 69 0.634
68 81 0.09
69 80 0.523
69 81 1
69 82 0.98
69 84 1
69 86 0.144
69 88 0.241
69 92 0.371
69 83 0.123
69 89 0.122
70 74 0.797
70 75 0.74
70 77 0.823
70 83 0.752
70 86 0.637
70 98 0.961
70 94 0.309
70 73 0.583
70 84 0.081
70 96 0.339
71 84 0.573
71 93 0.683
71 80 0.288
71 97 0.628
71 79 0.121
71 99 0.567
72 80 0.635
72 86 0.881
72 94 0.431
72 96 0.846
72 97 0.777
72 74 0.228
72 76 0.211
72 91 0.04
73 74 0.726
73 79 0.615
73 80 1
73 91 0.692
73 96 0.931
73 98 0.579
73 94 0.308
73 88 0.197
73 75 0.115
73 86 0.36
73 78 0.1
74 77 1
74 78 0.693
74 80 0.916
74 82 0.798
74 93 0.968
74 95 0.583
74 96 0.784
74 97 0.467
74 75 0.107
74 86 0.46
75 84 0.548
75 86 0.543
75 91 0.611
75 90 0.118
75 80 0.303
75 85 0.234
75 89 0.114
76 83 0.626
76 90 0.806
76 99 0.764
76 97 0.382
76 89 0.06
76 85 0.196
76 93 0.367
76 98 0.459
77 87 0.372
77 95 0.475
77 97 0.848
77 86 0.142
77 83 0.392
77 78 0.34
77 81 0.312
77 80 0.23
77 98 0.474
78 79 0.869
78 89 0.914
78 90 0.34
78 98 0.443
78 93 0.113
78 94 0.167
79 88 0.753
79 90 0.683
79 95 0.518
79 81 0.045
79 80 0.191
79 96 0.4
80 82 0.701
80 84 0.785
80 99 0.748
80 93 0.076
80 92 0.099
80 97 0.257
81 85 0.762
81 90 0.67
81 95 0.692
81 97 0.936
81 99 0.606
81 87 0.135
81 82 0.283
81 96 0.263
81 84 0.258
81 91 0.375
81 92 0.393
82 89 0.909
82 92 0.924
82 96 1
82 99 0.13
83 86 0.82
83 91 0.268
83 92 0.808
83 95 0.296
83 88 0.126
83 90 0.327
84 89 0.854
84 88 0.381
84 92 0.596
84 97 0.452
84 98 0.29
84 94 0.408
84 95 0.199
85 88 0.473
85 99 0.914
85 97 0.212
85 94 0.255
85 92 0.15
86 88 0.69
86 91 0.776
86 94 0.084
86 87 0.179
87 88 0.536
87 97 0.39
87 93 0.308
87 89 0.451
87 98 0.244
88 89 0.637
88 91 0.644
88 92 0.649
88 93 0.818
88 95 0.684
89 99 0.567
89 90 0.243
89 98 0.376
90 93 0.766
90 97 0.64
90 98 0.993
90 99 0.705
90 96 0.133
91 98 0.711
92 97 0.339
92 94 0.488
92 95 0.337
93 94 0.488
93 99 0.475
93 97 0.334
94 97 0.904
95 96 0.825
96 97 0.64
96 98 0.21
96 99 0.198
97 98 0.823
97 99 0.919
98 99 0.572
