0 69 0.765
0 22 0.913
0 11 0.678
0 88 0.566
0 55 0.86
0 26 0.658
0 3 0.667
0 33 0.574
0 41 0.634
0 98 0.858
0 12 0.586
0 30 0.907
0 54 0.922
0 67 0.629
0 85 0.736
0 89 0.637
0 28 0.694
0 91 1
0 9 0.673
0 52 0.633
0 57 0.642
0 48 0.519
0 94 0.643
0 7 0.16
0 10 0.138
0 50 0.193
0 4 0.148
0 6 0.173
0 20 0.102
0 25 0.121
0 31 0.14
0 32 0.195
0 42 0.118
0 43 0.145
0 46 0.149
0 62 0.133
0 64 0.181
0 74 0.17
0 75 0.136
0 87 0.13
0 93 0.138
0 95 0.147
0 5 0.212
0 13 0.126
0 18 0.177
0 23 0.177
0 29 0.167
0 34 0.211
0 38 0.134
0 40 0.158
0 45 0.167
0 51 0.156
0 53 0.14
0 61 0.051
0 63 0.19
0 68 0.14
0 70 0.147
0 71 0.172
0 73 0.176
0 76 0.211
0 80 0.099
0 81 0.127
0 82 0.16
0 86 0.132
0 92 0.127
0 97 0.15
0 99 0.083
1 48 0.645
1 46 0.703
1 2 0.821
1 26 0.642
1 42 0.573
1 68 0.572
1 75 0.601
1 64 0.683
1 3 0.694
1 37 0.653
1 71 0.595
1 81 0.519
1 82 0.956
1 83 0.675
1 33 0.786
1 73 0.563
1 5 0.503
1 66 0.635
1 18 0.548
1 62 0.729
1 32 0.558
1 38 0.678
1 86 0.8
1 90 0.146
1 6 0.12
1 14 0.192
1 19 0.169
1 24 0.186
1 28 0.104
1 49 0.161
1 59 0.145
1 80 0.179
1 94 0.203
1 8 0.23
1 9 0.166
1 12 0.159
1 15 0.212
1 17 0.136
1 20 0.1
1 21 0.161
1 31 0.1
1 39 0.126
1 40 0.147
1 41 0.167
1 45 0.232
1 50 0.132
1 54 0.162
1 58 0.083
1 60 0.17
1 70 0.103
1 72 0.155
1 76 0.151
1 79 0.188
1 85 0.149
1 87 0.183
1 91 0.137
1 93 0.125
1 97 0.153
2 22 0.525
2 13 0.808
2 44 0.556
2 48 0.793
2 27 0.708
2 60 0.785
2 71 0.827
2 83 0.868
2 87 0.675
2 46 0.9
2 82 0.537
2 35 0.617
2 5 0.573
2 50 0.631
2 72 0.651
2 21 0.605
2 65 0.079
2 57 0.13
2 19 0.191
2 29 0.118
2 76 0.132
2 20 0.25
2 23 0.155
2 30 0.127
2 47 0.179
2 55 0.136
2 68 0.125
2 6 0.153
2 9 0.195
2 15 0.193
2 17 0.165
2 25 0.138
2 26 0.176
2 28 0.123
2 31 0.193
2 32 0.098
2 39 0.172
2 42 0.132
2 49 0.127
2 51 0.126
2 52 0.126
2 53 0.145
2 59 0.204
2 61 0.129
2 67 0.157
2 70 0.204
2 73 0.173
2 74 0.139
2 78 0.181
2 84 0.167
2 85 0.142
2 86 0.174
2 88 0.175
2 90 0.166
2 96 0.15
2 97 0.161
2 99 0.146
3 87 0.918
3 22 0.664
3 86 0.858
3 61 0.846
3 64 0.762
3 27 0.726
3 92 0.765
3 94 0.572
3 11 0.875
3 39 1
3 56 0.542
3 59 0.538
3 12 0.71
3 9 0.712
3 29 0.561
3 97 0.198
3 28 0.124
3 41 0.151
3 63 0.151
3 66 0.119
3 72 0.173
3 78 0.174
3 4 0.173
3 6 0.125
3 10 0.099
3 13 0.153
3 15 0.067
3 16 0.192
3 21 0.174
3 24 0.102
3 25 0.143
3 26 0.161
3 31 0.138
3 32 0.165
3 35 0.188
3 36 0.098
3 47 0.141
3 52 0.128
3 54 0.174
3 58 0.15
3 68 0.175
3 73 0.166
3 74 0.156
3 75 0.17
3 77 0.225
3 79 0.14
3 82 0.111
3 89 0.13
3 96 0.166
4 84 0.601
4 16 0.516
4 18 0.548
4 39 0.73
4 42 0.668
4 86 0.804
4 88 0.954
4 99 0.828
4 38 0.524
4 40 0.605
4 98 0.72
4 9 0.607
4 95 0.945
4 49 0.594
4 10 0.899
4 43 0.597
4 45 0.143
4 79 0.149
4 20 0.102
4 33 0.169
4 21 0.208
4 47 0.162
4 53 0.189
4 77 0.139
4 7 0.151
4 14 0.147
4 17 0.156
4 23 0.148
4 26 0.15
4 27 0.128
4 28 0.146
4 30 0.17
4 31 0.19
4 35 0.203
4 36 0.203
4 37 0.161
4 44 0.115
4 46 0.125
4 48 0.133
4 50 0.097
4 55 0.126
4 58 0.162
4 63 0.195
4 64 0.205
4 65 0.145
4 66 0.116
4 68 0.222
4 72 0.224
4 73 0.108
4 81 0.204
4 83 0.174
4 85 0.13
4 93 0.084
4 96 0.145
5 78 0.983
5 84 0.887
5 73 0.641
5 52 0.706
5 81 0.618
5 40 0.871
5 77 0.894
5 7 0.618
5 12 0.578
5 23 0.953
5 35 0.657
5 43 0.589
5 58 0.851
5 74 0.596
5 15 0.605
5 65 0.52
5 24 0.938
5 28 0.587
5 11 0.56
5 60 0.551
5 9 0.729
5 79 0.604
5 68 0.637
5 82 0.577
5 36 0.693
5 92 0.583
5 29 0.102
5 21 0.187
5 34 0.076
5 93 0.122
5 33 0.175
5 45 0.123
5 49 0.161
5 76 0.186
5 86 0.136
5 95 0.162
5 96 0.152
5 6 0.125
5 10 0.139
5 13 0.138
5 14 0.157
5 16 0.172
5 17 0.134
5 18 0.165
5 22 0.142
5 27 0.2
5 30 0.127
5 31 0.139
5 41 0.145
5 42 0.143
5 44 0.17
5 51 0.159
5 57 0.201
5 59 0.175
5 63 0.198
5 67 0.127
5 70 0.124
5 83 0.122
5 89 0.168
5 90 0.204
5 94 0.173
5 97 0.147
6 59 0.757
6 82 0.771
6 54 0.687
6 37 0.688
6 25 0.654
6 14 0.66
6 30 0.962
6 48 0.759
6 57 1
6 63 0.573
6 15 0.671
6 33 0.685
6 47 0.537
6 26 0.753
6 7 0.116
6 16 0.065
6 53 0.165
6 88 0.142
6 21 0.361
6 28 0.137
6 29 0.15
6 35 0.179
6 39 0.169
6 46 0.183
6 49 0.026
6 61 0.13
6 64 0.164
6 68 0.209
6 72 0.177
6 81 0.137
6 84 0.133
6 90 0.165
6 95 0.159
6 9 0.155
6 13 0.13
6 17 0.13
6 20 0.185
6 31 0.129
6 36 0.167
6 42 0.191
6 45 0.154
6 51 0.191
6 65 0.159
6 69 0.157
6 73 0.123
6 76 0.112
6 87 0.133
6 91 0.163
6 97 0.134
7 34 0.735
7 41 0.703
7 82 0.787
7 61 0.988
7 80 0.599
7 48 0.918
7 21 0.528
7 31 0.554
7 49 1
7 55 0.616
7 66 1
7 22 0.719
7 32 0.656
7 26 0.986
7 85 0.691
7 74 0.758
7 10 0.658
7 50 0.727
7 75 0.162
7 19 0.164
7 30 0.226
7 17 0.132
7 18 0.125
7 25 0.07
7 29 0.152
7 33 0.192
7 58 0.147
7 65 0.16
7 73 0.164
7 14 0.135
7 23 0.132
7 35 0.129
7 40 0.12
7 45 0.21
7 46 0.119
7 47 0.134
7 51 0.16
7 54 0.158
7 57 0.089
7 60 0.178
7 62 0.201
7 68 0.114
7 69 0.159
7 70 0.146
7 72 0.134
7 79 0.103
7 87 0.105
7 92 0.164
7 94 0.194
7 97 0.173
7 99 0.153
8 47 0.746
8 94 0.723
8 15 0.871
8 25 0.517
8 41 0.62
8 44 0.573
8 57 0.713
8 52 0.51
8 11 0.918
8 80 0.669
8 66 0.161
8 69 0.093
8 9 0.161
8 10 0.136
8 20 0.058
8 36 0.136
8 75 0.176
8 79 0.113
8 82 0.16
8 84 0.12
8 90 0.176
8 96 0.176
8 16 0.193
8 18 0.19
8 19 0.177
8 21 0.129
8 23 0.086
8 26 0.184
8 28 0.193
8 32 0.204
8 33 0.124
8 34 0.13
8 35 0.177
8 37 0.11
8 39 0.133
8 43 0.135
8 46 0.147
8 54 0.11
8 58 0.149
8 59 0.056
8 60 0.139
8 62 0.16
8 63 0.141
8 65 0.176
8 73 0.147
8 83 0.181
8 92 0.132
8 95 0.096
8 97 0.134
8 98 0.12
8 99 0.168
9 90 0.582
9 64 1
9 55 0.528
9 88 0.582
9 98 0.773
9 11 0.577
9 19 1
9 24 0.873
9 50 0.728
9 94 0.832
9 23 0.79
9 26 0.805
9 44 0.715
9 38 0.953
9 53 0.822
9 92 0.135
9 20 0.109
9 36 0.095
9 76 0.143
9 37 0.143
9 62 0.19
9 71 0.084
9 85 0.241
9 86 0.172
9 99 0.16
9 10 0.092
9 12 0.135
9 14 0.208
9 15 0.17
9 17 0.169
9 22 0.106
9 28 0.143
9 30 0.183
9 32 0.157
9 35 0.097
9 39 0.157
9 40 0.156
9 43 0.15
9 46 0.188
9 49 0.181
9 56 0.138
9 59 0.111
9 60 0.106
9 61 0.142
9 65 0.157
9 66 0.142
9 72 0.152
9 73 0.129
9 74 0.144
9 78 0.16
9 87 0.176
9 89 0.122
9 93 0.134
9 95 0.199
10 20 0.755
10 65 0.706
10 55 0.686
10 44 0.651
10 33 0.744
10 43 0.802
10 59 0.582
10 73 0.632
10 94 0.736
10 82 0.735
10 87 0.724
10 64 0.947
10 47 0.173
10 38 0.162
10 16 0.184
10 29 0.161
10 74 0.118
10 92 0.193
10 12 0.166
10 40 0.118
10 42 0.212
10 48 0.166
10 52 0.12
10 56 0.125
10 57 0.152
10 61 0.197
10 68 0.126
10 97 0.158
10 13 0.123
10 15 0.14
10 18 0.201
10 24 0.099
10 27 0.193
10 30 0.144
10 31 0.186
10 32 0.152
10 35 0.193
10 39 0.128
10 41 0.152
10 45 0.138
10 46 0.055
10 51 0.142
10 54 0.173
10 63 0.152
10 67 0.083
10 69 0.189
10 75 0.108
10 77 0.148
10 78 0.125
10 79 0.146
10 85 0.172
10 91 0.216
10 93 0.125
11 42 0.741
11 13 0.546
11 66 0.698
11 27 0.787
11 53 0.527
11 90 0.89
11 97 0.544
11 64 0.56
11 47 0.787
11 61 0.631
11 98 0.578
11 36 0.181
11 48 0.132
11 26 0.155
11 39 0.149
11 24 0.171
11 38 0.185
11 44 0.149
11 45 0.209
11 58 0.126
11 59 0.154
11 63 0.162
11 83 0.2
11 86 0.186
11 93 0.122
11 94 0.128
11 18 0.153
11 19 0.189
11 20 0.181
11 21 0.133
11 23 0.145
11 28 0.136
11 30 0.19
11 32 0.188
11 37 0.194
11 40 0.15
11 41 0.136
11 43 0.09
11 46 0.166
11 49 0.136
11 51 0.187
11 52 0.068
11 55 0.126
11 56 0.172
11 60 0.094
11 62 0.13
11 67 0.179
11 72 0.1
11 74 0.1
11 76 0.214
11 78 0.143
11 87 0.087
11 89 0.123
11 91 0.134
11 92 0.167
11 99 0.098
12 89 0.685
12 37 0.774
12 53 0.667
12 19 0.553
12 78 0.547
12 85 0.845
12 26 0.642
12 30 0.602
12 62 0.6
12 13 0.851
12 48 0.801
12 83 0.512
12 39 0.85
12 92 0.684
12 87 0.542
12 66 0.516
12 40 0.689
12 86 0.618
12 51 0.161
12 74 0.129
12 84 0.106
12 41 0.141
12 42 0.115
12 46 0.115
12 68 0.159
12 75 0.167
12 79 0.19
12 88 0.126
12 97 0.116
12 15 0.161
12 22 0.127
12 25 0.201
12 27 0.145
12 35 0.15
12 52 0.114
12 54 0.149
12 55 0.196
12 57 0.141
12 59 0.134
12 60 0.126
12 64 0.117
12 69 0.157
12 70 0.116
12 73 0.122
12 76 0.196
12 81 0.093
12 90 0.147
12 91 0.12
12 95 0.165
13 48 0.824
13 65 0.58
13 78 0.98
13 27 0.733
13 31 0.735
13 14 0.884
13 60 0.793
13 56 0.698
13 97 0.805
13 87 0.719
13 35 0.652
13 80 0.947
13 84 0.994
13 17 0.74
13 23 0.867
13 63 0.985
13 92 0.628
13 58 0.734
13 24 0.597
13 53 0.061
13 99 0.156
13 25 0.117
13 29 0.186
13 30 0.099
13 45 0.121
13 51 0.141
13 68 0.19
13 95 0.162
13 15 0.233
13 18 0.164
13 22 0.159
13 26 0.13
13 40 0.113
13 44 0.193
13 50 0.143
13 52 0.102
13 54 0.125
13 55 0.171
13 57 0.091
13 59 0.197
13 66 0.172
13 67 0.133
13 69 0.18
13 73 0.159
13 75 0.154
13 81 0.183
13 83 0.15
13 86 0.172
13 96 0.127
14 27 0.785
14 42 0.742
14 99 0.557
14 59 0.992
14 62 0.965
14 17 0.792
14 77 0.825
14 47 0.578
14 91 1
14 53 0.65
14 81 0.155
14 92 0.186
14 25 0.177
14 85 0.202
14 88 0.167
14 29 0.137
14 41 0.104
14 48 0.145
14 72 0.184
14 80 0.157
14 93 0.158
14 98 0.16
14 15 0.143
14 21 0.192
14 22 0.211
14 28 0.192
14 30 0.099
14 33 0.07
14 34 0.172
14 35 0.119
14 38 0.16
14 39 0.211
14 40 0.162
14 45 0.142
14 46 0.173
14 50 0.071
14 51 0.163
14 55 0.128
14 57 0.181
14 61 0.154
14 65 0.146
14 70 0.16
14 74 0.128
14 79 0.11
14 89 0.135
14 97 0.195
15 97 0.941
15 24 1
15 86 0.548
15 92 0.707
15 42 0.566
15 95 0.532
15 18 0.564
15 30 0.622
15 46 0.538
15 49 0.611
15 53 0.596
15 63 0.862
15 65 0.552
15 45 0.705
15 34 0.76
15 68 0.613
15 25 0.138
15 35 0.151
15 55 0.193
15 88 0.2
15 99 0.122
15 16 0.146
15 28 0.148
15 41 0.102
15 67 0.132
15 76 0.165
15 17 0.118
15 26 0.193
15 29 0.181
15 31 0.172
15 32 0.196
15 33 0.132
15 36 0.171
15 37 0.136
15 40 0.124
15 44 0.122
15 47 0.141
15 48 0.161
15 50 0.122
15 51 0.152
15 54 0.116
15 58 0.124
15 59 0.168
15 61 0.122
15 62 0.148
15 64 0.192
15 66 0.182
15 70 0.164
15 73 0.168
15 75 0.131
15 77 0.207
15 80 0.169
15 84 0.175
15 85 0.132
15 89 0.134
15 91 0.139
15 96 0.176
15 98 0.136
16 47 0.915
16 91 0.868
16 30 0.714
16 43 0.891
16 51 0.575
16 64 0.781
16 68 0.779
16 88 0.849
16 96 0.595
16 36 0.532
16 22 0.702
16 95 0.584
16 58 0.191
16 34 0.229
16 42 0.17
16 76 0.136
16 77 0.166
16 23 0.181
16 25 0.158
16 28 0.147
16 29 0.174
16 31 0.174
16 32 0.175
16 33 0.133
16 38 0.205
16 40 0.167
16 45 0.108
16 46 0.167
16 48 0.185
16 49 0.151
16 50 0.198
16 53 0.124
16 54 0.163
16 57 0.097
16 59 0.143
16 60 0.146
16 63 0.173
16 70 0.145
16 71 0.127
16 75 0.156
16 78 0.219
16 87 0.119
16 90 0.135
16 92 0.177
16 94 0.167
17 93 0.767
17 37 0.562
17 81 0.585
17 21 0.744
17 34 0.507
17 57 0.782
17 65 1
17 96 0.66
17 94 0.687
17 36 0.169
17 45 0.149
17 79 0.211
17 26 0.128
17 49 0.076
17 64 0.148
17 83 0.114
17 87 0.081
17 23 0.199
17 24 0.144
17 27 0.13
17 29 0.143
17 31 0.178
17 35 0.106
17 42 0.172
17 43 0.095
17 48 0.102
17 50 0.093
17 51 0.137
17 53 0.159
17 58 0.18
17 60 0.144
17 68 0.16
17 69 0.175
17 72 0.136
17 73 0.135
17 76 0.165
17 78 0.107
17 80 0.153
17 82 0.113
17 89 0.136
17 90 0.144
17 97 0.193
17 99 0.139
18 92 0.557
18 44 0.605
18 40 0.68
18 47 0.672
18 59 0.846
18 23 0.958
18 24 0.636
18 80 0.702
18 79 0.768
18 71 0.56
18 63 0.637
18 43 0.717
18 50 0.523
18 33 0.122
18 64 0.185
18 48 0.147
18 69 0.115
18 70 0.267
18 76 0.161
18 20 0.116
18 27 0.152
18 34 0.118
18 38 0.128
18 39 0.157
18 42 0.105
18 51 0.142
18 52 0.183
18 54 0.158
18 57 0.172
18 58 0.141
18 60 0.14
18 62 0.154
18 67 0.106
18 68 0.148
18 73 0.165
18 74 0.165
18 77 0.156
18 78 0.169
18 81 0.101
18 82 0.068
18 83 0.18
18 86 0.175
18 94 0.165
18 95 0.146
18 99 0.13
19 62 0.725
19 23 0.64
19 37 0.661
19 86 0.887
19 24 0.739
19 49 0.783
19 38 0.751
19 83 0.671
19 20 0.55
19 29 0.657
19 34 0.903
19 54 0.948
19 74 0.905
19 35 0.734
19 99 0.771
19 39 0.785
19 46 0.564
19 57 0.571
19 21 0.646
19 50 0.193
19 48 0.151
19 80 0.185
19 96 0.155
19 26 0.171
19 41 0.169
19 44 0.163
19 59 0.094
19 60 0.106
19 71 0.151
19 81 0.165
19 91 0.184
19 22 0.128
19 30 0.176
19 31 0.128
19 32 0.196
19 36 0.226
19 42 0.146
19 43 0.218
19 47 0.154
19 51 0.157
19 55 0.152
19 61 0.099
19 64 0.153
19 66 0.158
19 76 0.144
19 82 0.192
19 84 0.174
19 85 0.11
19 88 0.19
19 89 0.164
19 92 0.158
19 94 0.126
19 95 0.158
19 97 0.122
20 44 0.97
20 32 0.711
20 99 0.903
20 84 0.797
20 96 0.747
20 34 0.817
20 49 0.676
20 52 0.882
20 86 0.527
20 77 0.662
20 61 0.521
20 91 0.679
20 48 0.776
20 70 0.722
20 74 0.58
20 30 0.765
20 23 0.157
20 50 0.188
20 58 0.197
20 76 0.161
20 83 0.16
20 87 0.146
20 92 0.132
20 21 0.163
20 22 0.196
20 26 0.126
20 27 0.195
20 33 0.188
20 35 0.161
20 36 0.186
20 38 0.078
20 45 0.173
20 46 0.156
20 53 0.138
20 54 0.138
20 56 0.154
20 59 0.157
20 60 0.191
20 62 0.126
20 65 0.152
20 68 0.183
20 71 0.172
20 75 0.158
20 80 0.182
20 81 0.12
20 82 0.144
20 89 0.142
20 90 0.154
20 95 0.183
21 59 0.875
21 71 0.787
21 29 0.63
21 41 1
21 95 0.68
21 36 0.887
21 27 0.608
21 49 0.716
21 77 1
21 38 0.585
21 45 0.657
21 93 0.152
21 96 0.127
21 51 0.187
21 88 0.115
21 35 0.127
21 54 0.221
21 60 0.174
21 62 0.183
21 67 0.152
21 73 0.138
21 90 0.141
21 25 0.108
21 26 0.18
21 32 0.146
21 33 0.16
21 37 0.126
21 39 0.098
21 40 0.107
21 48 0.153
21 53 0.162
21 58 0.18
21 63 0.16
21 66 0.098
21 70 0.13
21 72 0.201
21 75 0.193
21 76 0.174
21 79 0.17
21 81 0.145
21 82 0.107
21 83 0.127
21 85 0.191
21 86 0.093
21 87 0.137
21 92 0.152
21 99 0.151
22 97 0.554
22 37 0.8
22 47 0.686
22 53 0.864
22 80 0.943
22 87 0.616
22 28 0.561
22 45 0.553
22 64 1
22 67 0.783
22 51 0.757
22 73 0.648
22 59 0.823
22 74 0.672
22 89 0.506
22 90 0.189
22 36 0.117
22 63 0.122
22 82 0.148
22 26 0.146
22 46 0.153
22 54 0.155
22 65 0.115
22 77 0.129
22 85 0.173
22 31 0.183
22 32 0.142
22 34 0.168
22 39 0.14
22 40 0.161
22 42 0.112
22 43 0.116
22 44 0.171
22 48 0.136
22 61 0.152
22 62 0.131
22 70 0.121
22 75 0.1
22 79 0.136
22 83 0.176
22 88 0.137
22 92 0.191
22 94 0.131
22 96 0.13
23 25 0.969
23 67 0.676
23 37 0.532
23 35 0.646
23 40 0.69
23 48 0.788
23 53 0.81
23 74 0.591
23 83 0.653
23 92 0.658
23 99 0.71
23 34 0.562
23 46 0.669
23 95 0.685
23 80 0.572
23 82 0.581
23 90 0.149
23 26 0.135
23 32 0.202
23 42 0.112
23 47 0.18
23 70 0.187
23 73 0.228
23 75 0.163
23 93 0.159
23 96 0.197
23 24 0.168
23 27 0.141
23 28 0.171
23 31 0.167
23 33 0.191
23 38 0.2
23 43 0.155
23 51 0.132
23 52 0.168
23 54 0.158
23 55 0.164
23 56 0.148
23 58 0.138
23 59 0.173
23 63 0.107
23 72 0.159
23 77 0.122
23 79 0.21
23 87 0.152
23 89 0.148
23 98 0.11
24 67 0.947
24 46 0.471
24 56 0.844
24 73 0.812
24 32 0.618
24 54 0.736
24 84 0.948
24 25 0.199
24 28 0.164
24 38 0.15
24 49 0.213
24 50 0.129
24 59 0.112
24 60 0.192
24 31 0.124
24 61 0.152
24 71 0.198
24 76 0.145
24 82 0.159
24 27 0.166
24 29 0.085
24 30 0.132
24 37 0.12
24 47 0.145
24 55 0.123
24 65 0.211
24 66 0.104
24 69 0.206
24 72 0.155
24 75 0.15
24 77 0.142
24 79 0.136
24 80 0.124
24 87 0.089
24 88 0.165
24 89 0.164
24 90 0.104
24 97 0.128
25 75 0.511
25 39 1
25 76 0.986
25 49 0.667
25 60 0.766
25 53 0.67
25 72 0.844
25 84 0.504
25 93 0.615
25 48 0.504
25 33 0.889
25 42 0.64
25 96 0.609
25 82 0.925
25 28 0.714
25 45 0.519
25 38 0.941
25 43 0.619
25 32 0.241
25 63 0.129
25 87 0.113
25 99 0.16
25 41 0.103
25 67 0.127
25 77 0.14
25 30 0.153
25 31 0.185
25 40 0.154
25 54 0.207
25 56 0.112
25 58 0.129
25 64 0.131
25 65 0.153
25 66 0.09
25 68 0.123
25 71 0.129
25 73 0.19
25 78 0.149
25 81 0.154
25 86 0.159
25 90 0.149
25 94 0.21
26 32 0.65
26 66 0.533
26 36 0.544
26 87 0.865
26 93 0.585
26 62 0.848
26 57 0.955
26 64 0.799
26 28 0.677
26 65 0.896
26 90 0.698
26 54 0.854
26 72 0.743
26 56 0.132
26 29 0.126
26 31 0.149
26 41 0.116
26 42 0.141
26 51 0.142
26 52 0.139
26 71 0.183
26 73 0.169
26 83 0.132
26 85 0.148
26 27 0.155
26 35 0.14
26 38 0.135
26 39 0.161
26 43 0.17
26 45 0.134
26 47 0.152
26 55 0.14
26 59 0.173
26 69 0.159
26 70 0.128
26 81 0.25
26 86 0.184
26 88 0.154
26 89 0.183
26 94 0.116
26 96 0.145
26 97 0.206
26 98 0.105
27 85 0.811
27 97 0.688
27 39 0.764
27 46 0.618
27 29 0.563
27 75 0.701
27 68 0.813
27 53 0.822
27 37 0.905
27 71 0.795
27 89 0.72
27 95 0.522
27 36 0.662
27 82 0.661
27 58 0.64
27 70 0.522
27 55 0.185
27 83 0.167
27 30 0.146
27 32 0.149
27 41 0.148
27 48 0.159
27 61 0.14
27 78 0.171
27 90 0.156
27 93 0.15
27 35 0.164
27 40 0.179
27 42 0.127
27 52 0.19
27 56 0.144
27 57 0.166
27 60 0.142
27 62 0.165
27 66 0.153
27 69 0.189
27 73 0.178
27 79 0.149
27 80 0.113
27 81 0.128
27 84 0.16
27 94 0.167
27 98 0.158
28 96 0.884
28 42 0.939
28 55 0.991
28 82 0.71
28 45 0.618
28 99 0.78
28 76 0.989
28 63 0.786
28 29 0.62
28 41 0.814
28 74 0.545
28 58 0.581
28 67 0.667
28 47 0.563
28 94 0.185
28 73 0.19
28 46 0.192
28 48 0.145
28 53 0.167
28 56 0.152
28 64 0.2
28 81 0.194
28 92 0.157
28 98 0.129
28 31 0.189
28 38 0.096
28 43 0.143
28 51 0.129
28 52 0.117
28 54 0.169
28 57 0.173
28 62 0.149
28 65 0.089
28 66 0.15
28 68 0.178
28 70 0.225
28 75 0.157
28 80 0.142
28 83 0.168
28 84 0.19
28 90 0.185
28 93 0.155
28 95 0.175
29 31 0.519
29 35 0.686
29 69 0.992
29 89 1
29 61 0.99
29 84 0.581
29 95 0.691
29 37 0.716
29 55 0.596
29 46 0.182
29 58 0.155
29 41 0.126
29 42 0.162
29 50 0.125
29 81 0.171
29 32 0.179
29 34 0.203
29 39 0.099
29 48 0.107
29 54 0.13
29 57 0.142
29 62 0.161
29 63 0.175
29 64 0.141
29 65 0.14
29 67 0.177
29 70 0.151
29 71 0.152
29 74 0.127
29 78 0.122
29 85 0.107
29 93 0.175
29 94 0.149
29 97 0.136
29 98 0.1
29 99 0.205
30 87 0.82
30 74 0.757
30 78 0.617
30 86 0.731
30 84 0.916
30 97 0.716
30 69 0.903
30 36 0.122
30 37 0.176
30 40 0.119
30 52 0.09
30 53 0.121
30 54 0.164
30 59 0.162
30 68 0.204
30 72 0.16
30 81 0.154
30 95 0.119
30 42 0.139
30 43 0.14
30 47 0.162
30 48 0.172
30 50 0.092
30 51 0.129
30 55 0.113
30 57 0.178
30 60 0.155
30 61 0.105
30 64 0.13
30 66 0.108
30 67 0.172
30 71 0.135
30 75 0.166
30 76 0.133
30 77 0.083
30 79 0.139
30 82 0.191
30 83 0.156
30 90 0.163
30 92 0.144
30 93 0.189
30 96 0.135
30 98 0.158
31 43 1
31 85 0.629
31 62 0.587
31 90 0.999
31 32 0.699
31 97 0.579
31 36 0.994
31 55 0.666
31 59 0.585
31 72 0.65
31 73 0.548
31 80 0.718
31 96 0.673
31 65 0.531
31 41 0.674
31 81 0.658
31 67 0.788
31 99 0.71
31 37 0.124
31 38 0.124
31 40 0.175
31 46 0.217
31 51 0.206
31 61 0.128
31 33 0.128
31 35 0.179
31 44 0.153
31 47 0.106
31 48 0.119
31 49 0.19
31 53 0.122
31 60 0.134
31 66 0.127
31 71 0.11
31 83 0.188
31 86 0.131
31 89 0.154
31 98 0.159
32 84 0.608
32 56 1
32 69 0.85
32 93 0.778
32 73 0.965
32 39 0.672
32 46 0.699
32 57 0.175
32 68 0.174
32 75 0.153
32 45 0.084
32 48 0.159
32 49 0.094
32 51 0.125
32 60 0.129
32 65 0.119
32 71 0.148
32 78 0.166
32 80 0.168
32 34 0.14
32 41 0.147
32 43 0.139
32 44 0.141
32 53 0.154
32 58 0.122
32 59 0.102
32 62 0.136
32 63 0.178
32 67 0.192
32 79 0.131
32 82 0.182
32 83 0.115
32 87 0.181
32 88 0.197
32 96 0.149
32 98 0.163
32 99 0.164
33 44 0.666
33 63 0.976
33 71 0.588
33 50 0.549
33 60 0.916
33 61 0.807
33 85 0.662
33 89 0.67
33 75 0.673
33 56 0.604
33 97 0.701
33 65 0.103
33 64 0.189
33 68 0.146
33 42 0.085
33 54 0.105
33 72 0.196
33 73 0.195
33 90 0.115
33 95 0.122
33 98 0.138
33 38 0.161
33 40 0.096
33 46 0.145
33 51 0.156
33 52 0.145
33 57 0.091
33 59 0.138
33 67 0.11
33 70 0.138
33 76 0.147
33 78 0.13
33 79 0.149
33 84 0.192
33 87 0.176
33 88 0.147
33 94 0.14
33 99 0.155
34 43 0.885
34 74 0.794
34 44 0.673
34 58 0.541
34 75 0.62
34 96 0.953
34 66 0.703
34 84 0.663
34 89 0.963
34 64 0.62
34 59 0.575
34 47 0.16
34 35 0.183
34 37 0.225
34 57 0.119
34 79 0.138
34 83 0.122
34 86 0.106
34 97 0.132
34 36 0.135
34 39 0.121
34 49 0.192
34 50 0.169
34 60 0.107
34 63 0.191
34 70 0.145
34 76 0.172
34 78 0.134
34 81 0.092
34 90 0.182
34 91 0.125
34 92 0.151
34 94 0.171
34 98 0.111
34 99 0.11
35 37 1
35 49 0.571
35 57 0.567
35 79 0.522
35 54 0.71
35 59 0.845
35 40 0.55
35 63 0.731
35 88 0.873
35 64 0.635
35 78 0.643
35 50 0.186
35 68 0.174
35 84 0.16
35 90 0.162
35 56 0.186
35 83 0.137
35 38 0.165
35 39 0.18
35 45 0.184
35 48 0.17
35 51 0.17
35 58 0.223
35 65 0.176
35 67 0.129
35 75 0.177
35 77 0.194
35 82 0.198
35 97 0.152
36 51 0.658
36 81 0.703
36 76 0.688
36 77 1
36 47 0.752
36 94 0.751
36 39 0.567
36 63 0.502
36 99 0.979
36 41 0.672
36 69 0.717
36 98 0.891
36 89 0.741
36 78 0.518
36 64 0.579
36 38 0.28
36 86 0.182
36 43 0.098
36 57 0.147
36 60 0.183
36 67 0.205
36 79 0.132
36 37 0.144
36 40 0.131
36 44 0.175
36 48 0.128
36 56 0.154
36 58 0.094
36 59 0.103
36 62 0.137
36 66 0.149
36 71 0.16
36 80 0.147
36 84 0.113
36 85 0.116
36 91 0.199
36 92 0.165
36 93 0.1
36 95 0.189
36 97 0.137
37 98 1
37 39 0.712
37 76 0.61
37 81 0.713
37 96 1
37 57 0.737
37 69 0.7
37 78 0.676
37 80 0.855
37 51 0.929
37 60 0.688
37 68 0.675
37 40 0.729
37 71 0.153
37 89 0.141
37 58 0.171
37 73 0.169
37 77 0.125
37 84 0.16
37 38 0.194
37 44 0.137
37 50 0.17
37 52 0.198
37 53 0.162
37 56 0.103
37 62 0.131
37 63 0.16
37 66 0.125
37 70 0.103
37 79 0.158
37 83 0.199
37 87 0.221
37 88 0.186
37 90 0.131
37 92 0.104
37 94 0.2
37 97 0.139
38 76 0.549
38 50 0.557
38 70 0.614
38 45 0.703
38 63 0.581
38 87 0.588
38 61 0.795
38 92 0.887
38 72 0.654
38 54 0.133
38 53 0.09
38 39 0.155
38 46 0.134
38 49 0.111
38 73 0.134
38 97 0.17
38 98 0.143
38 40 0.13
38 41 0.137
38 42 0.078
38 44 0.154
38 55 0.147
38 58 0.145
38 59 0.099
38 62 0.155
38 65 0.14
38 66 0.183
38 67 0.149
38 68 0.127
38 69 0.155
38 78 0.173
38 79 0.178
38 82 0.136
38 86 0.107
38 95 0.161
38 96 0.132
39 84 0.988
39 96 0.654
39 70 1
39 98 0.729
39 54 0.648
39 41 0.61
39 46 1
39 93 0.535
39 43 0.138
39 45 0.198
39 47 0.186
39 52 0.131
39 53 0.156
39 77 0.143
39 89 0.175
39 94 0.075
39 40 0.169
39 44 0.093
39 50 0.146
39 56 0.147
39 58 0.124
39 59 0.137
39 60 0.176
39 61 0.109
39 66 0.166
39 67 0.156
39 68 0.123
39 69 0.141
39 81 0.127
39 82 0.145
39 88 0.165
39 90 0.14
40 99 0.651
40 81 0.665
40 51 0.827
40 50 0.622
40 60 0.945
40 73 0.519
40 94 0.693
40 56 0.543
40 75 0.619
40 92 0.667
40 64 0.075
40 83 0.187
40 47 0.21
40 76 0.101
40 43 0.147
40 58 0.123
40 71 0.151
40 82 0.196
40 84 0.102
40 42 0.151
40 46 0.181
40 48 0.159
40 52 0.183
40 59 0.124
40 61 0.088
40 63 0.116
40 65 0.147
40 66 0.167
40 68 0.136
40 77 0.166
40 78 0.159
40 85 0.127
40 88 0.147
40 89 0.16
40 90 0.159
40 96 0.145
40 97 0.231
41 94 1
41 65 0.637
41 70 0.615
41 71 0.755
41 80 0.766
41 72 0.558
41 85 0.67
41 62 0.844
41 69 0.523
41 43 0.188
41 53 0.114
41 59 0.144
41 83 0.161
41 84 0.149
41 91 0.149
41 93 0.106
41 97 0.143
41 98 0.13
41 42 0.176
41 46 0.198
41 47 0.13
41 48 0.191
41 51 0.143
41 52 0.13
41 55 0.138
41 60 0.151
41 61 0.185
41 74 0.151
41 77 0.184
41 78 0.138
41 87 0.176
41 89 0.111
41 90 0.112
41 92 0.145
41 95 0.178
41 96 0.151
42 81 0.819
42 69 0.862
42 63 0.682
42 73 0.669
42 75 0.731
42 44 0.739
42 49 0.098
42 56 0.181
42 84 0.134
42 50 0.148
42 45 0.106
42 47 0.163
42 51 0.17
42 52 0.134
42 57 0.216
42 61 0.165
42 65 0.171
42 66 0.195
42 71 0.151
42 74 0.128
42 76 0.122
42 78 0.175
42 82 0.178
42 83 0.176
42 85 0.11
42 87 0.2
42 89 0.157
42 90 0.115
42 91 0.184
42 93 0.147
42 98 0.195
43 93 0.74
43 96 0.987
43 92 0.708
43 78 0.614
43 45 0.831
43 48 0.835
43 74 0.584
43 63 0.905
43 88 0.701
43 52 0.204
43 72 0.215
43 49 0.141
43 54 0.094
43 61 0.204
43 62 0.082
43 65 0.125
43 71 0.156
43 80 0.184
43 89 0.175
43 98 0.135
43 51 0.142
43 55 0.194
43 56 0.14
43 57 0.145
43 66 0.168
43 68 0.167
43 69 0.135
43 81 0.125
43 82 0.115
43 83 0.138
43 90 0.194
43 97 0.176
43 99 0.19
44 47 0.698
44 71 0.743
44 57 0.891
44 53 0.744
44 95 0.621
44 89 0.988
44 74 0.632
44 81 0.649
44 92 0.816
44 60 0.117
44 70 0.167
44 86 0.191
44 45 0.158
44 46 0.188
44 48 0.194
44 51 0.165
44 52 0.114
44 59 0.173
44 61 0.122
44 62 0.133
44 65 0.169
44 69 0.156
44 72 0.205
44 75 0.16
44 76 0.165
44 78 0.135
44 82 0.109
44 83 0.131
44 88 0.193
44 90 0.175
44 93 0.087
44 94 0.133
44 97 0.122
44 99 0.198
45 56 0.629
45 70 0.626
45 82 0.523
45 52 0.943
45 97 1
45 51 0.825
45 81 0.719
45 60 0.624
45 75 0.78
45 96 0.141
45 53 0.191
45 63 0.119
45 79 0.158
45 87 0.134
45 89 0.144
45 90 0.112
45 47 0.109
45 55 0.092
45 57 0.174
45 59 0.121
45 61 0.107
45 65 0.151
45 66 0.159
45 71 0.183
45 72 0.173
45 73 0.184
45 74 0.147
45 83 0.095
45 86 0.17
45 92 0.095
45 93 0.17
45 95 0.137
45 99 0.18
46 82 0.698
46 99 0.725
46 57 0.574
46 54 0.669
46 58 0.715
46 70 0.858
46 86 0.776
46 74 0.683
46 94 0.703
46 91 0.005
46 63 0.132
46 96 0.16
46 51 0.147
46 72 0.157
46 75 0.123
46 81 0.178
46 83 0.192
46 89 0.155
46 98 0.104
46 48 0.153
46 50 0.111
46 52 0.155
46 55 0.157
46 59 0.158
46 67 0.107
46 76 0.135
46 77 0.183
46 84 0.133
46 85 0.16
46 88 0.18
46 92 0.114
46 95 0.152
47 49 0.891
47 99 0.91
47 83 0.725
47 86 0.892
47 60 0.986
47 87 0.655
47 96 0.793
47 64 0.671
47 67 0.116
47 79 0.065
47 78 0.106
47 74 0.152
47 77 0.077
47 80 0.091
47 88 0.124
47 89 0.172
47 90 0.124
47 97 0.132
47 51 0.15
47 52 0.139
47 53 0.197
47 55 0.125
47 61 0.174
47 62 0.185
47 69 0.126
47 71 0.107
47 75 0.128
47 82 0.162
47 85 0.188
47 93 0.148
48 77 0.589
48 90 0.592
48 83 0.686
48 56 0.651
48 63 0.809
48 97 0.76
48 84 0.601
48 88 0.926
48 91 0.79
48 87 0.159
48 61 0.193
48 74 0.243
48 49 0.14
48 57 0.113
48 78 0.2
48 79 0.188
48 81 0.118
48 89 0.139
48 54 0.165
48 60 0.091
48 62 0.179
48 66 0.178
48 67 0.136
48 72 0.163
48 75 0.207
48 76 0.19
48 80 0.144
49 73 0.794
49 95 0.642
49 70 0.674
49 88 0.839
49 53 0.523
49 63 0.766
49 87 0.627
49 66 0.801
49 91 0.959
49 50 0.177
49 76 0.152
49 67 0.163
49 71 0.106
49 85 0.133
49 51 0.176
49 55 0.208
49 64 0.168
49 65 0.132
49 69 0.174
49 75 0.22
49 79 0.15
49 80 0.129
49 81 0.175
49 82 0.137
49 86 0.136
49 92 0.121
49 93 0.087
49 97 0.202
50 84 0.885
50 89 0.586
50 77 0.683
50 98 0.774
50 56 0.698
50 94 0.894
50 66 0.625
50 68 0.672
50 97 0.123
50 55 0.1
50 73 0.186
50 74 0.135
50 75 0.108
50 79 0.129
50 51 0.166
50 52 0.171
50 54 0.157
50 59 0.19
50 61 0.143
50 63 0.108
50 67 0.178
50 76 0.131
50 86 0.146
50 90 0.163
50 99 0.164
51 70 0.593
51 87 0.557
51 55 0.816
51 73 0.547
51 60 1
51 54 0.179
51 64 0.153
51 79 0.111
51 88 0.14
51 90 0.163
51 52 0.164
51 56 0.106
51 59 0.136
51 62 0.134
51 63 0.084
51 66 0.115
51 69 0.155
51 71 0.148
51 72 0.19
51 74 0.158
51 77 0.078
51 82 0.101
51 91 0.15
51 92 0.129
51 94 0.176
52 96 0.57
52 56 0.695
52 59 0.68
52 76 0.898
52 66 0.771
52 81 0.808
52 78 0.671
52 98 0.093
52 53 0.121
52 65 0.122
52 75 0.154
52 79 0.135
52 89 0.194
52 94 0.137
52 55 0.16
52 57 0.157
52 60 0.178
52 71 0.126
52 73 0.193
52 77 0.099
52 83 0.157
52 84 0.141
52 85 0.126
52 87 0.173
52 99 0.142
53 56 0.87
53 85 0.537
53 68 0.576
53 96 0.721
53 57 0.535
53 64 0.743
53 59 0.641
53 98 0.54
53 76 0.658
53 88 0.117
53 92 0.149
53 54 0.185
53 75 0.087
53 82 0.099
53 58 0.179
53 60 0.16
53 62 0.137
53 65 0.144
53 70 0.206
53 72 0.149
53 77 0.115
53 78 0.144
53 81 0.231
53 83 0.171
53 86 0.118
53 89 0.137
53 93 0.173
53 94 0.174
53 95 0.185
53 97 0.148
54 83 0.865
54 62 0.525
54 81 1
54 55 1
54 69 0.776
54 60 0.764
54 91 0.524
54 68 0.17
54 90 0.081
54 57 0.146
54 63 0.142
54 86 0.183
54 97 0.119
54 98 0.168
54 58 0.174
54 59 0.153
54 61 0.097
54 65 0.094
54 67 0.153
54 70 0.19
54 71 0.182
54 72 0.111
54 74 0.16
54 75 0.111
54 76 0.134
54 78 0.176
54 79 0.159
54 82 0.16
54 85 0.148
54 87 0.139
54 93 0.145
54 95 0.151
54 99 0.12
55 71 0.996
55 56 0.603
55 67 0.661
55 92 0.578
55 59 0.81
55 62 0.762
55 63 0.749
55 76 0.908
55 97 0.583
55 74 0.098
55 84 0.092
55 57 0.14
55 64 0.116
55 90 0.165
55 95 0.159
55 96 0.188
55 98 0.168
55 58 0.158
55 60 0.154
55 70 0.148
55 72 0.144
55 77 0.187
55 80 0.111
55 81 0.22
55 83 0.135
55 85 0.199
55 87 0.099
55 89 0.185
55 91 0.124
55 99 0.223
56 95 0.913
56 91 0.742
56 65 0.577
56 82 0.527
56 71 0.794
56 92 0.673
56 80 0.844
56 66 0.518
56 79 0.752
56 76 0.731
56 63 0.213
56 75 0.165
56 90 0.144
56 98 0.157
56 57 0.193
56 59 0.162
56 61 0.161
56 62 0.159
56 68 0.127
56 78 0.183
56 81 0.133
56 83 0.137
56 86 0.191
56 88 0.197
57 75 0.967
57 97 0.654
57 62 0.767
57 76 0.628
57 72 0.679
57 61 0.917
57 58 0.135
57 64 0.115
57 68 0.148
57 71 0.179
57 89 0.193
57 96 0.194
57 66 0.102
57 67 0.135
57 69 0.191
57 70 0.13
57 74 0.165
57 77 0.151
57 79 0.156
57 82 0.17
57 83 0.157
57 84 0.174
57 85 0.124
57 87 0.171
57 88 0.145
57 98 0.159
58 97 0.846
58 60 0.727
58 94 0.578
58 62 0.795
58 86 0.524
58 63 0.898
58 66 0.571
58 82 0.603
58 59 0.137
58 67 0.202
58 68 0.195
58 71 0.128
58 74 0.209
58 76 0.162
58 78 0.169
58 81 0.159
58 85 0.156
58 90 0.234
58 93 0.147
58 98 0.17
58 99 0.127
59 68 0.788
59 95 0.771
59 82 0.702
59 64 0.9
59 83 0.808
59 98 0.649
59 90 0.661
59 92 0.571
59 80 0.155
59 91 0.14
59 94 0.191
59 97 0.12
59 72 0.187
59 73 0.165
59 77 0.16
59 81 0.158
59 85 0.13
59 87 0.199
59 93 0.125
59 96 0.183
59 99 0.143
60 88 0.723
60 62 0.584
60 69 0.753
60 79 0.712
60 92 0.646
60 86 0.606
60 81 0.61
60 71 0.104
60 74 0.157
60 77 0.139
60 82 0.168
60 96 0.141
60 61 0.157
60 66 0.121
60 73 0.209
60 87 0.172
60 91 0.181
60 94 0.145
60 99 0.175
61 70 0.666
61 99 0.576
61 86 0.932
61 88 0.685
61 87 0.659
61 69 0.624
61 89 0.786
61 92 0.9
61 76 0.65
61 96 0.704
61 79 0.122
61 74 0.169
61 98 0.149
61 64 0.145
61 66 0.111
61 68 0.122
61 72 0.231
61 78 0.206
61 80 0.15
61 91 0.146
61 94 0.124
61 95 0.151
61 97 0.175
62 73 0.593
62 89 0.873
62 97 0.671
62 78 0.54
62 63 0.557
62 82 0.551
62 94 0.801
62 74 0.739
62 98 0.157
62 67 0.146
62 79 0.14
62 83 0.098
62 86 0.092
62 64 0.12
62 68 0.12
62 69 0.173
62 71 0.131
62 72 0.123
62 77 0.213
62 81 0.149
62 84 0.137
62 85 0.106
62 88 0.139
62 90 0.135
62 93 0.186
62 99 0.173
63 92 0.72
63 74 0.78
63 78 1
63 96 0.63
63 98 0.545
63 94 0.928
63 79 0.169
63 66 0.123
63 68 0.138
63 84 0.161
63 90 0.14
63 67 0.155
63 71 0.158
63 73 0.161
63 81 0.146
63 85 0.169
63 86 0.153
63 88 0.175
63 91 0.123
64 72 0.75
64 89 1
64 77 0.925
64 91 0.509
64 66 0.17
64 70 0.182
64 82 0.103
64 88 0.131
64 97 0.154
64 73 0.132
64 74 0.161
64 79 0.209
64 80 0.175
64 81 0.147
64 85 0.177
64 93 0.201
64 94 0.147
64 96 0.14
65 91 0.675
65 77 0.72
65 99 0.521
65 93 0.505
65 87 0.96
65 76 0.808
65 82 0.19
65 84 0.138
65 85 0.163
65 97 0.108
65 68 0.132
65 70 0.154
65 78 0.14
65 80 0.092
65 86 0.108
65 88 0.205
66 75 0.85
66 87 0.534
66 71 0.564
66 73 0.576
66 83 0.913
66 94 0.852
66 93 0.681
66 76 0.091
66 68 0.127
66 72 0.199
66 74 0.154
66 77 0.143
66 78 0.15
66 79 0.184
66 82 0.122
66 85 0.162
66 86 0.176
66 88 0.113
66 89 0.144
66 90 0.207
66 92 0.153
66 95 0.178
66 96 0.186
66 99 0.146
67 87 0.807
67 79 0.541
67 75 0.747
67 93 0.883
67 82 0.955
67 99 0.579
67 94 0.615
67 96 0.561
67 84 0.12
67 83 0.166
67 88 0.115
67 69 0.147
67 72 0.138
67 77 0.176
67 81 0.201
67 86 0.147
67 90 0.102
68 80 0.935
68 93 0.887
68 85 0.684
68 90 0.742
68 73 0.741
68 97 0.557
68 84 0.656
68 95 0.77
68 99 0.603
68 71 0.181
68 86 0.183
68 70 0.215
68 74 0.123
68 76 0.101
68 78 0.212
68 92 0.143
68 98 0.156
69 76 0.586
69 75 0.696
69 70 0.132
69 94 0.084
69 95 0.142
69 99 0.154
69 81 0.158
69 88 0.194
69 97 0.127
69 78 0.15
69 85 0.122
69 87 0.172
69 98 0.189
70 94 0.506
70 72 0.94
70 80 0.81
70 75 0.707
70 91 0.17
70 99 0.141
70 71 0.201
70 73 0.118
70 74 0.136
70 81 0.128
70 83 0.111
70 92 0.138
70 93 0.133
70 96 0.1
71 84 0.539
71 83 0.581
71 95 0.504
71 91 0.305
71 77 0.12
71 82 0.135
71 75 0.179
71 78 0.177
71 74 0.141
71 79 0.197
71 81 0.112
71 85 0.139
71 88 0.147
71 89 0.173
71 94 0.176
71 98 0.175
72 96 0.616
72 80 0.655
72 93 0.547
72 82 0.152
72 78 0.158
72 86 0.073
72 76 0.119
72 97 0.138
72 73 0.156
72 74 0.128
72 77 0.148
72 81 0.196
72 83 0.168
72 84 0.163
72 85 0.154
72 87 0.189
72 89 0.155
72 90 0.171
72 94 0.116
72 95 0.128
72 98 0.18
73 91 0.963
73 96 0.713
73 74 0.559
73 75 0.616
73 84 0.556
73 85 0.608
73 77 0.6
73 95 0.673
73 93 0.734
73 92 0.581
73 90 0.532
73 76 0.192
73 87 0.198
73 78 0.157
73 79 0.166
73 83 0.155
73 86 0.138
73 88 0.176
73 89 0.123
73 99 0.14
74 84 0.526
74 85 0.554
74 93 0.557
74 82 0.697
74 91 0.156
74 94 0.116
74 77 0.155
74 78 0.174
74 79 0.161
74 80 0.194
74 86 0.177
74 87 0.087
74 88 0.137
74 89 0.129
74 90 0.187
74 92 0.179
74 96 0.173
74 97 0.145
74 98 0.198
74 99 0.135
75 88 0.589
75 97 0.923
75 81 0.671
75 87 0.103
75 89 0.158
75 91 0.125
75 77 0.155
75 78 0.149
75 80 0.186
75 85 0.124
75 90 0.131
75 94 0.125
75 98 0.179
75 99 0.152
76 78 0.706
76 88 0.584
76 90 0.794
76 94 0.776
76 79 0.646
76 84 0.538
76 87 0.146
76 89 0.144
76 92 0.148
76 93 0.149
76 99 0.123
76 83 0.163
76 85 0.123
76 86 0.192
76 91 0.153
76 96 0.156
76 97 0.085
76 98 0.167
77 92 0.825
77 79 0.748
77 88 0.951
77 94 0.687
77 78 0.088
77 83 0.169
77 98 0.149
77 82 0.121
77 84 0.161
77 86 0.134
77 90 0.136
77 96 0.124
77 97 0.164
78 98 0.844
78 91 0.691
78 83 0.634
78 95 0.162
78 96 0.097
78 80 0.119
78 82 0.174
78 84 0.157
78 86 0.181
78 87 0.132
78 93 0.139
78 97 0.187
79 96 0.698
79 81 0.159
79 80 0.147
79 82 0.176
79 83 0.14
79 85 0.133
79 89 0.196
79 90 0.157
79 92 0.142
79 95 0.139
79 97 0.154
80 95 0.717
80 94 0.611
80 85 0.709
80 89 0.132
80 99 0.176
80 82 0.126
80 96 0.17
80 86 0.147
80 88 0.129
80 91 0.154
80 93 0.164
81 91 0.425
81 82 0.529
81 88 0.19
81 90 0.157
81 99 0.182
81 84 0.171
81 97 0.172
82 93 0.873
82 94 0.76
82 91 0.212
82 95 0.132
82 96 0.173
82 83 0.148
82 87 0.17
82 90 0.104
82 92 0.197
83 91 0.871
83 89 0.665
83 90 0.667
83 87 0.628
83 96 0.182
83 92 0.174
83 94 0.102
83 97 0.158
84 95 0.67
84 86 0.141
84 97 0.155
84 87 0.141
84 90 0.108
84 91 0.149
84 93 0.154
84 94 0.202
84 96 0.148
85 92 0.859
85 95 0.653
85 90 0.529
85 97 0.838
85 98 0.13
85 99 0.171
85 87 0.189
85 89 0.173
85 94 0.117
85 96 0.112
86 93 0.74
86 98 0.725
86 97 0.664
86 92 0.213
86 94 0.137
86 99 0.122
87 97 0.217
87 98 0.182
87 91 0.176
87 92 0.13
87 95 0.172
87 88 0.143
87 99 0.156
88 93 1
88 95 0.635
88 91 0.714
88 99 0.547
88 97 0.519
88 94 0.184
89 99 0.667
89 93 0.639
89 91 0.914
89 97 0.2
89 90 0.189
89 94 0.171
89 98 0.186
90 91 0.119
90 93 0.152
90 94 0.117
91 96 0.626
91 99 0.894
91 93 0.114
91 92 0.2
91 97 0.148
91 98 0.131
92 99 0.672
92 97 0.804
92 93 0.133
92 96 0.167
92 98 0.24
93 99 0.217
93 94 0.117
93 95 0.219
93 98 0.152
94 98 0.842
94 95 0.527
94 97 0.13
94 96 0.179
95 97 0.174
95 98 0.143
96 97 0.121
96 99 0.164
97 99 0.779
