0 97 0.735
0 98 0.841
0 17 0.222
0 65 1
0 23 0.761
0 35 0.604
0 58 0.993
0 78 0.532
0 62 0.637
0 20 0.941
0 99 0.565
0 48 0.764
0 27 0.741
0 22 0.189
0 26 0.588
0 59 0.179
0 88 0.133
0 1 0.438
0 15 0.332
0 33 0.062
0 36 0.183
0 40 0.351
0 44 0.034
0 51 0.53
0 61 0.28
0 76 0.45
0 83 0.273
0 9 0.446
0 29 0.397
0 54 0.275
0 57 0.812
0 70 0.221
0 77 0.309
0 81 0.235
0 94 0.433
0 4 0.724
0 16 0.516
0 34 0.308
0 38 0.506
0 63 0.391
0 3 0.297
0 12 0.247
0 41 0.219
0 52 0.254
0 69 0.206
0 79 0.208
0 86 0.372
0 19 0.263
0 21 0.313
0 95 0.126
0 5 0.191
0 42 0.177
0 49 0.368
0 89 0.252
0 90 0.511
0 93 0.232
0 32 0.15
0 64 0.393
0 74 0.206
0 87 0.257
0 50 0.164
0 53 0.511
0 68 0.587
0 11 0.602
0 30 0.267
0 43 0.268
0 47 0.248
0 55 0.363
0 46 0.169
0 66 0.402
0 10 0.142
0 31 0.307
0 37 0.183
0 2 0.083
0 18 0.163
0 91 0.134
0 13 0.109
0 6 0.213
0 56 0.273
0 71 0.282
0 73 0.013
0 14 0.101
0 25 0.178
0 92 0.161
0 72 0.091
0 80 0.068
0 8 0.028
0 82 0.227
0 96 0.136
0 28 0.009
0 67 0.143
0 39 0.172
0 84 0.197
0 85 0.161
0 75 0.179
1 66 0.622
1 73 0.653
1 5 0.708
1 35 0.904
1 28 0.335
1 32 1
1 60 0.768
1 70 0.455
1 97 1
1 98 0.752
1 95 0.935
1 21 0.719
1 81 0.664
1 96 0.849
1 38 0.853
1 77 0.875
1 64 0.195
1 58 0.673
1 79 0.134
1 14 0.237
1 92 0.352
1 3 0.288
1 4 0.478
1 39 0.062
1 53 0.222
1 68 0.239
1 31 0.354
1 34 0.666
1 42 0.171
1 49 0.34
1 62 0.043
1 84 0.143
1 2 0.458
1 22 0.612
1 27 0.182
1 67 0.167
1 72 0.721
1 74 0.26
1 75 0.163
1 82 0.17
1 83 0.084
1 89 0.472
1 11 0.496
1 25 0.432
1 99 0.075
1 18 0.447
1 90 0.362
1 61 0.339
1 93 0.247
1 15 0.165
1 51 0.433
1 36 0.399
1 17 0.193
1 71 0.198
1 12 0.116
1 33 0.138
1 85 0.614
1 9 0.642
1 94 0.102
1 10 0.633
1 65 0.283
1 13 0.115
1 57 0.253
1 86 0.229
1 26 0.157
1 48 0.243
1 56 0.267
1 47 0.163
1 55 0.386
1 20 0.432
1 19 0.407
1 30 0.151
1 44 0.315
1 41 0.091
1 76 0.225
1 50 0.235
1 91 0.109
1 80 0.319
1 87 0.611
1 29 0.086
1 6 0.166
1 7 0.091
1 45 0.339
1 69 0.265
1 43 0.147
1 54 0.173
1 63 0.15
1 8 0.13
1 24 0.015
1 37 0.207
1 40 0.133
1 88 0.057
1 23 0.112
1 78 0.147
2 91 0.739
2 32 0.764
2 98 1
2 66 0.704
2 3 0.877
2 88 0.32
2 35 0.702
2 62 0.882
2 78 0.673
2 25 0.524
2 87 0.67
2 7 0.993
2 71 0.874
2 23 1
2 58 0.622
2 47 0.865
2 37 0.226
2 59 0.164
2 4 0.232
2 9 0.474
2 42 0.318
2 64 0.229
2 89 0.21
2 17 0.549
2 21 0.327
2 24 0.051
2 33 0.226
2 50 0.208
2 60 0.305
2 68 0.039
2 85 0.135
2 22 0.095
2 29 0.134
2 31 0.255
2 34 0.541
2 38 0.567
2 61 0.471
2 63 0.47
2 86 0.336
2 92 0.258
2 65 0.218
2 70 0.316
2 77 0.103
2 84 0.574
2 97 0.166
2 14 0.338
2 56 0.427
2 69 0.099
2 95 0.234
2 53 0.142
2 72 0.147
2 96 0.077
2 41 0.113
2 90 0.509
2 12 0.01
2 16 0.062
2 75 0.043
2 27 0.394
2 49 0.119
2 76 0.194
2 28 0.292
2 52 0.337
2 74 0.229
2 79 0.075
2 6 0.23
2 46 0.216
2 15 0.418
2 57 0.573
2 55 0.366
2 8 0.359
2 10 0.233
2 83 0.277
2 26 0.294
2 40 0.011
2 81 0.207
2 18 0.111
2 39 0.307
2 48 0.025
2 20 0.18
2 30 0.294
2 93 0.238
2 99 0.066
2 11 0.149
2 43 0.028
2 13 0.046
2 45 0.274
2 94 0.231
2 80 0.029
2 54 0.153
2 73 0.244
2 19 0.118
2 67 0.136
2 82 0.142
2 5 0.168
2 44 0.174
2 51 0.119
3 23 0.726
3 52 0.699
3 5 0.871
3 59 0.666
3 49 0.849
3 74 0.884
3 21 0.499
3 78 0.984
3 8 0.957
3 13 0.809
3 64 0.83
3 81 0.364
3 38 0.59
3 27 0.687
3 46 0.971
3 55 0.194
3 62 0.07
3 67 0.391
3 73 0.087
3 82 0.146
3 22 0.512
3 35 0.781
3 42 0.499
3 45 0.185
3 68 0.515
3 79 0.448
3 89 0.386
3 4 0.451
3 6 0.166
3 7 0.815
3 37 0.436
3 43 0.385
3 48 1
3 66 0.54
3 75 0.1
3 80 0.084
3 83 0.484
3 84 0.25
3 90 0.169
3 91 0.876
3 96 0.286
3 99 0.11
3 19 0.234
3 39 0.158
3 41 0.036
3 51 0.791
3 53 0.565
3 57 0.555
3 63 0.119
3 17 0.132
3 31 0.247
3 36 0.198
3 44 0.392
3 85 0.109
3 40 0.237
3 87 0.043
3 56 0.218
3 34 0.54
3 18 0.419
3 70 0.145
3 12 0.295
3 24 0.669
3 28 0.009
3 86 0.049
3 14 0.477
3 65 0.031
3 16 0.445
3 95 0.349
3 32 0.226
3 47 0.116
3 93 0.067
3 10 0.31
3 61 0.113
3 50 0.205
3 69 0.103
3 94 0.131
3 97 0.349
3 33 0.31
3 54 0.367
3 9 0.304
3 58 0.147
3 71 0.294
3 25 0.154
3 98 0.237
3 11 0.183
3 92 0.319
3 77 0.086
3 72 0.092
3 60 0.211
3 76 0.15
3 26 0.168
3 20 0.195
4 35 0.681
4 63 0.411
4 71 0.907
4 94 0.496
4 56 0.654
4 14 0.617
4 24 0.577
4 33 0.682
4 50 0.439
4 52 0.799
4 23 0.356
4 39 0.81
4 13 0.15
4 31 0.28
4 49 0.371
4 74 0.386
4 7 0.15
4 21 0.187
4 30 0.227
4 36 0.307
4 45 0.377
4 54 0.088
4 73 0.399
4 75 0.173
4 76 0.177
4 88 0.192
4 9 0.446
4 18 0.226
4 20 0.134
4 32 0.071
4 40 0.358
4 43 0.607
4 59 0.419
4 77 0.189
4 81 0.248
4 86 0.341
4 6 0.145
4 11 0.115
4 17 0.162
4 29 0.756
4 48 0.336
4 51 0.143
4 80 0.371
4 28 0.296
4 8 0.221
4 84 0.48
4 98 0.225
4 53 0.162
4 93 0.254
4 96 0.437
4 58 0.54
4 38 0.198
4 47 0.48
4 64 0.183
4 87 0.238
4 97 0.558
4 41 0.274
4 90 0.31
4 85 0.248
4 16 0.308
4 55 0.179
4 65 0.235
4 67 0.069
4 10 0.163
4 19 0.329
4 69 0.188
4 5 0.048
4 27 0.113
4 44 0.152
4 26 0.263
4 46 0.252
4 70 0.197
4 12 0.107
4 25 0.199
4 42 0.134
4 79 0.123
4 99 0.029
4 15 0.243
4 37 0.292
4 61 0.129
4 66 0.126
4 83 0.174
4 68 0.1
4 91 0.168
4 92 0.137
4 34 0.214
4 60 0.067
4 72 0.275
4 95 0.271
4 22 0.22
4 57 0.191
4 62 0.131
4 89 0.222
4 78 0.147
5 75 0.858
5 95 0.103
5 57 0.958
5 17 0.136
5 48 0.816
5 41 0.701
5 96 0.446
5 24 0.755
5 28 0.794
5 12 0.325
5 32 0.921
5 76 0.612
5 15 0.1
5 44 0.325
5 45 0.413
5 49 0.175
5 50 0.34
5 13 0.222
5 27 0.338
5 35 0.434
5 52 0.519
5 63 0.474
5 69 0.203
5 72 0.36
5 78 0.2
5 98 0.24
5 8 0.208
5 22 0.033
5 36 0.373
5 38 0.22
5 54 0.578
5 71 0.601
5 79 0.461
5 88 0.072
5 93 0.254
5 97 0.383
5 6 0.596
5 23 0.275
5 31 0.366
5 83 0.063
5 14 0.023
5 21 0.325
5 26 0.809
5 73 0.632
5 99 0.323
5 9 0.414
5 39 0.288
5 46 0.485
5 70 0.344
5 91 0.348
5 7 0.328
5 33 0.12
5 55 0.042
5 10 0.036
5 19 0.417
5 53 0.471
5 90 0.041
5 61 0.233
5 94 0.265
5 16 0.218
5 29 0.258
5 65 0.246
5 87 0.431
5 81 0.062
5 34 0.29
5 42 0.107
5 20 0.297
5 86 0.275
5 47 0.132
5 56 0.123
5 74 0.305
5 18 0.206
5 62 0.298
5 92 0.205
5 66 0.105
5 37 0.274
5 51 0.076
5 67 0.446
5 85 0.261
5 43 0.208
5 30 0.135
5 89 0.45
5 64 0.224
5 25 0.334
5 82 0.166
5 77 0.254
5 80 0.176
5 84 0.106
6 29 0.998
6 8 0.7
6 90 0.421
6 28 0.83
6 99 0.577
6 63 0.562
6 12 0.81
6 33 0.276
6 37 0.869
6 45 0.723
6 84 0.578
6 85 0.904
6 75 0.827
6 54 0.087
6 21 0.142
6 92 0.004
6 93 0.156
6 16 0.156
6 19 0.247
6 27 0.58
6 30 0.727
6 74 0.166
6 77 0.316
6 82 0.176
6 9 0.204
6 17 0.58
6 31 0.568
6 34 0.258
6 51 0.442
6 56 0.308
6 64 0.21
6 94 0.141
6 98 0.204
6 61 0.15
6 73 0.339
6 89 0.302
6 97 0.269
6 39 0.272
6 43 0.359
6 47 0.169
6 48 0.11
6 40 0.558
6 81 0.431
6 96 0.378
6 10 0.237
6 22 0.265
6 14 0.127
6 20 0.123
6 32 0.456
6 91 0.455
6 36 0.355
6 66 0.486
6 65 0.1
6 23 0.279
6 78 0.038
6 26 0.323
6 38 0.324
6 49 0.195
6 60 0.247
6 80 0.423
6 55 0.424
6 15 0.034
6 72 0.479
6 7 0.156
6 50 0.297
6 58 0.246
6 71 0.459
6 62 0.337
6 59 0.394
6 68 0.323
6 86 0.198
6 44 0.224
6 35 0.065
6 41 0.197
6 11 0.009
6 69 0.074
6 70 0.262
6 24 0.118
6 52 0.22
6 46 0.069
6 87 0.287
6 88 0.072
6 83 0.144
6 67 0.209
6 18 0.145
6 53 0.369
6 79 0.132
6 95 0.386
6 13 0.114
6 57 0.196
6 25 0.211
7 45 0.418
7 73 0.611
7 64 0.853
7 94 1
7 34 0.96
7 69 0.906
7 80 0.852
7 96 0.786
7 50 0.668
7 30 0.877
7 63 0.901
7 99 0.808
7 77 0.039
7 66 0.196
7 9 0.074
7 95 0.229
7 22 0.338
7 26 0.023
7 78 0.486
7 92 0.527
7 20 0.303
7 21 0.481
7 27 0.572
7 35 0.454
7 40 0.021
7 56 0.803
7 58 0.354
7 87 0.702
7 36 0.354
7 79 0.038
7 85 0.132
7 24 0.381
7 28 0.248
7 32 0.426
7 37 0.083
7 39 0.09
7 83 0.163
7 86 0.512
7 72 0.138
7 93 0.194
7 91 0.446
7 74 0.276
7 11 0.102
7 18 0.396
7 19 0.424
7 23 0.227
7 46 0.148
7 84 0.702
7 62 0.105
7 67 0.066
7 29 0.379
7 55 0.584
7 33 0.125
7 54 0.223
7 16 0.687
7 25 0.26
7 52 0.441
7 8 0.428
7 41 0.249
7 70 0.112
7 15 0.268
7 65 0.105
7 68 0.263
7 88 0.355
7 90 0.358
7 14 0.025
7 89 0.135
7 13 0.092
7 44 0.371
7 31 0.164
7 81 0.138
7 61 0.354
7 75 0.192
7 42 0.173
7 71 0.195
7 51 0.408
7 59 0.358
7 12 0.22
7 60 0.202
7 53 0.284
7 57 0.157
7 17 0.134
7 38 0.273
7 43 0.251
7 47 0.126
7 49 0.205
7 76 0.186
7 82 0.139
8 59 1
8 67 0.468
8 76 0.237
8 30 0.597
8 45 0.847
8 55 0.893
8 61 1
8 64 0.563
8 73 0.735
8 10 0.971
8 94 0.289
8 38 0.137
8 11 0.538
8 29 0.648
8 48 0.177
8 72 0.18
8 84 0.449
8 15 0.342
8 17 0.306
8 19 0.249
8 39 0.132
8 60 0.267
8 63 0.355
8 66 0.127
8 18 0.414
8 24 0.12
8 27 0.347
8 52 0.345
8 89 0.105
8 95 0.383
8 97 0.522
8 28 0.501
8 33 0.097
8 46 0.094
8 51 0.557
8 54 0.122
8 58 0.329
8 75 0.27
8 80 0.411
8 13 0.74
8 16 0.286
8 53 0.205
8 77 0.031
8 86 0.191
8 41 0.186
8 99 0.425
8 40 0.305
8 70 0.142
8 87 0.151
8 92 0.336
8 12 0.52
8 90 0.211
8 26 0.04
8 50 0.447
8 14 0.051
8 43 0.684
8 81 0.476
8 22 0.301
8 91 0.215
8 25 0.161
8 35 0.196
8 79 0.243
8 82 0.441
8 85 0.214
8 32 0.083
8 57 0.452
8 34 0.057
8 74 0.031
8 31 0.071
8 69 0.136
8 37 0.25
8 23 0.06
8 20 0.491
8 83 0.08
8 21 0.088
8 44 0.079
8 65 0.285
8 98 0.208
8 9 0.234
8 49 0.111
8 47 0.021
8 88 0.129
8 93 0.15
8 42 0.204
8 56 0.088
8 62 0.29
8 96 0.135
9 65 0.505
9 41 0.581
9 70 0.492
9 94 0.6
9 39 0.66
9 16 1
9 18 0.514
9 50 0.532
9 95 0.586
9 96 1
9 22 0.15
9 55 0.576
9 97 0.656
9 83 0.419
9 75 0.779
9 33 0.548
9 71 0.358
9 78 0.31
9 20 0.066
9 30 0.352
9 36 0.478
9 42 0.853
9 60 0.308
9 61 0.195
9 63 0.162
9 67 0.188
9 72 0.167
9 79 0.314
9 81 0.135
9 86 0.595
9 87 0.109
9 31 0.522
9 34 0.185
9 47 0.417
9 51 0.414
9 62 0.663
9 76 0.323
9 80 0.389
9 91 0.333
9 92 0.19
9 19 0.177
9 25 0.603
9 53 0.267
9 59 0.248
9 74 0.186
9 32 0.36
9 57 0.313
9 58 0.197
9 85 0.391
9 10 0.414
9 28 0.027
9 13 0.309
9 29 0.474
9 52 0.346
9 82 0.109
9 11 0.36
9 98 0.179
9 14 0.217
9 15 0.777
9 54 0.152
9 69 0.151
9 17 0.08
9 23 0.468
9 35 0.003
9 44 0.196
9 27 0.179
9 66 0.339
9 84 0.16
9 38 0.405
9 40 0.089
9 48 0.157
9 73 0.204
9 24 0.075
9 68 0.073
9 89 0.166
9 88 0.185
9 21 0.13
9 77 0.149
9 12 0.147
9 46 0.23
9 37 0.056
9 64 0.038
9 45 0.056
9 90 0.081
9 93 0.119
9 99 0.227
9 26 0.329
9 43 0.404
9 56 0.135
9 49 0.165
10 91 0.725
10 96 1
10 42 0.835
10 28 0.945
10 46 0.871
10 55 0.548
10 14 0.542
10 22 0.635
10 44 0.683
10 81 0.604
10 27 0.778
10 88 0.327
10 79 0.119
10 89 0.47
10 24 0.415
10 37 0.149
10 75 0.242
10 80 0.455
10 92 0.202
10 36 0.547
10 47 0.347
10 93 0.292
10 11 0.414
10 15 0.483
10 16 0.895
10 18 0.415
10 21 0.148
10 31 0.42
10 87 0.63
10 94 0.247
10 19 0.073
10 26 0.776
10 29 0.212
10 62 0.466
10 64 0.251
10 54 0.19
10 58 0.589
10 63 0.126
10 90 0.364
10 99 0.535
10 51 0.009
10 61 0.08
10 33 0.053
10 59 0.205
10 68 0.866
10 35 0.078
10 41 0.732
10 49 0.375
10 70 0.386
10 72 0.233
10 98 0.384
10 40 0.58
10 43 0.382
10 52 0.127
10 73 0.233
10 95 0.188
10 67 0.3
10 78 0.437
10 12 0.199
10 48 0.133
10 50 0.077
10 23 0.405
10 13 0.51
10 69 0.156
10 53 0.3
10 77 0.072
10 74 0.173
10 65 0.186
10 86 0.385
10 56 0.205
10 71 0.08
10 84 0.472
10 38 0.142
10 45 0.258
10 82 0.117
10 34 0.029
10 83 0.496
10 17 0.154
10 32 0.132
10 97 0.118
10 57 0.372
10 66 0.131
10 39 0.255
10 60 0.162
10 76 0.1
11 85 0.186
11 13 0.807
11 83 0.426
11 79 0.563
11 38 0.665
11 84 1
11 22 0.31
11 86 0.973
11 60 0.979
11 74 0.646
11 42 0.763
11 37 0.605
11 21 0.402
11 30 0.234
11 65 0.284
11 97 0.451
11 15 0.241
11 16 0.303
11 24 0.735
11 32 0.318
11 39 0.207
11 45 0.39
11 55 0.182
11 58 0.146
11 64 0.312
11 68 0.514
11 81 0.388
11 12 0.151
11 20 0.504
11 40 0.59
11 43 0.184
11 70 0.289
11 73 0.31
11 94 0.326
11 25 0.39
11 41 0.266
11 63 0.502
11 66 0.197
11 95 0.297
11 88 0.595
11 59 0.287
11 19 0.218
11 46 0.452
11 90 0.572
11 49 0.169
11 52 0.091
11 98 0.041
11 99 0.226
11 26 0.101
11 18 0.202
11 93 0.275
11 91 0.218
11 72 0.359
11 51 0.126
11 71 0.04
11 92 0.08
11 17 0.167
11 33 0.055
11 48 0.064
11 62 0.043
11 87 0.433
11 89 0.109
11 29 0.284
11 23 0.206
11 50 0.319
11 96 0.306
11 82 0.023
11 27 0.141
11 56 0.164
11 61 0.159
11 75 0.122
11 54 0.165
11 76 0.206
11 28 0.059
11 34 0.188
11 47 0.229
11 77 0.268
11 69 0.311
11 31 0.32
11 67 0.284
11 80 0.204
11 35 0.134
11 78 0.05
11 14 0.113
11 44 0.134
12 71 0.886
12 78 0.766
12 36 0.526
12 96 0.734
12 23 0.64
12 92 0.985
12 82 0.884
12 25 0.961
12 89 0.841
12 46 0.502
12 85 0.946
12 90 0.135
12 93 0.468
12 87 0.444
12 44 0.794
12 32 1
12 47 0.644
12 16 0.247
12 21 0.399
12 29 0.482
12 52 0.159
12 54 0.581
12 57 0.439
12 58 0.268
12 76 0.254
12 79 0.217
12 80 0.494
12 99 0.221
12 28 0.349
12 39 0.602
12 63 0.367
12 19 0.006
12 22 0.318
12 60 0.062
12 68 0.219
12 69 0.51
12 70 0.372
12 88 0.444
12 49 0.118
12 97 0.281
12 37 0.156
12 33 0.503
12 53 0.133
12 84 0.431
12 95 0.164
12 17 0.41
12 30 0.333
12 41 0.128
12 48 0.513
12 62 0.293
12 13 0.33
12 45 0.33
12 42 0.165
12 74 0.497
12 35 0.39
12 83 0.151
12 27 0.219
12 34 0.6
12 50 0.765
12 98 0.346
12 66 0.419
12 24 0.208
12 43 0.304
12 72 0.204
12 55 0.267
12 15 0.322
12 86 0.281
12 94 0.176
12 65 0.239
12 59 0.216
12 18 0.01
12 31 0.339
12 38 0.257
12 67 0.298
12 26 0.056
12 64 0.198
12 20 0.21
12 56 0.235
12 77 0.226
12 40 0.072
12 81 0.089
12 14 0.087
12 73 0.202
12 51 0.277
12 61 0.124
12 91 0.188
13 49 0.714
13 61 0.93
13 14 0.972
13 37 0.811
13 28 0.971
13 15 0.694
13 55 1
13 94 0.644
13 62 0.914
13 87 0.775
13 86 0.792
13 48 0.6
13 27 0.022
13 21 0.314
13 47 0.517
13 56 0.452
13 25 0.504
13 32 0.342
13 34 0.456
13 40 0.185
13 42 0.236
13 46 0.19
13 68 0.49
13 71 0.152
13 74 0.534
13 79 0.031
13 90 0.468
13 96 0.439
13 30 0.446
13 43 0.273
13 69 0.248
13 70 0.156
13 23 0.18
13 33 0.095
13 36 0.453
13 58 0.73
13 59 0.214
13 64 0.212
13 66 0.173
13 83 0.338
13 16 0.464
13 41 0.242
13 73 0.231
13 92 0.213
13 67 0.297
13 22 0.185
13 44 0.204
13 26 0.319
13 60 0.238
13 35 0.215
13 53 0.377
13 77 0.357
13 98 0.078
13 19 0.082
13 97 0.109
13 24 0.181
13 75 0.051
13 82 0.279
13 95 0.212
13 99 0.213
13 38 0.166
13 51 0.229
13 54 0.439
13 72 0.075
13 18 0.267
13 50 0.357
13 31 0.217
13 20 0.139
13 45 0.263
13 78 0.302
13 85 0.019
13 88 0.203
13 63 0.113
13 81 0.15
13 89 0.22
13 39 0.16
13 91 0.352
13 57 0.091
13 65 0.161
13 80 0.199
13 84 0.243
13 93 0.123
13 17 0.074
13 76 0.211
14 38 0.578
14 89 0.863
14 80 0.856
14 16 0.877
14 47 0.279
14 59 0.963
14 48 0.443
14 45 0.601
14 90 0.951
14 91 0.784
14 36 0.235
14 95 0.347
14 27 0.102
14 28 0.072
14 29 0.159
14 41 0.35
14 43 0.384
14 44 0.504
14 56 0.796
14 57 0.278
14 58 0.097
14 67 0.126
14 70 0.45
14 78 0.93
14 83 0.181
14 92 0.542
14 98 0.231
14 18 0.584
14 22 0.074
14 33 0.246
14 55 0.314
14 96 0.739
14 19 0.511
14 21 0.237
14 42 0.544
14 50 0.201
14 66 0.475
14 81 0.52
14 86 0.212
14 82 0.067
14 20 1
14 64 0.198
14 69 0.601
14 73 0.331
14 52 0.134
14 25 0.238
14 84 0.538
14 75 0.259
14 30 0.407
14 40 0.468
14 74 0.551
14 99 0.18
14 71 0.2
14 77 0.352
14 24 0.225
14 46 0.176
14 61 0.077
14 62 0.227
14 65 0.513
14 76 0.135
14 31 0.329
14 37 0.313
14 87 0.381
14 35 0.376
14 93 0.133
14 68 0.036
14 15 0.219
14 51 0.214
14 53 0.132
14 72 0.181
14 23 0.179
14 63 0.061
14 85 0.175
14 17 0.066
14 49 0.229
14 88 0.173
14 32 0.034
14 94 0.164
14 97 0.179
14 39 0.129
14 34 0.147
14 54 0.136
14 79 0.114
15 42 0.862
15 51 0.802
15 90 0.721
15 21 0.978
15 75 0.463
15 33 0.976
15 54 0.743
15 74 0.54
15 86 0.655
15 40 0.786
15 80 0.845
15 35 0.599
15 59 0.122
15 36 0.446
15 45 0.167
15 58 0.54
15 16 0.288
15 17 0.262
15 26 0.18
15 28 0.138
15 37 0.302
15 44 0.387
15 63 0.511
15 69 0.201
15 83 0.213
15 84 0.174
15 24 0.487
15 41 0.284
15 43 0.134
15 47 0.437
15 52 0.255
15 72 0.519
15 79 0.269
15 20 0.55
15 81 0.052
15 27 0.218
15 32 0.008
15 39 0.31
15 46 0.341
15 76 0.103
15 50 0.002
15 62 0.111
15 77 0.405
15 19 0.096
15 56 0.412
15 64 0.205
15 68 0.487
15 87 0.26
15 89 0.334
15 99 0.374
15 18 0.176
15 66 0.491
15 70 0.539
15 48 0.377
15 94 0.046
15 73 0.095
15 88 0.109
15 91 0.395
15 60 0.358
15 96 0.138
15 55 0.505
15 53 0.119
15 93 0.332
15 98 0.236
15 85 0.048
15 65 0.339
15 82 0.022
15 92 0.185
15 61 0.175
15 95 0.186
15 34 0.172
15 67 0.116
15 25 0.208
15 78 0.175
15 97 0.162
15 22 0.016
15 30 0.077
15 38 0.158
15 49 0.16
15 57 0.112
15 71 0.059
15 23 0.186
15 31 0.17
16 21 1
16 86 0.595
16 91 0.964
16 76 0.817
16 55 0.843
16 36 0.669
16 53 0.679
16 20 0.867
16 27 0.605
16 45 0.621
16 66 0.538
16 80 1
16 41 0.506
16 89 0.359
16 95 0.688
16 60 0.548
16 17 0.743
16 78 1
16 19 0.447
16 31 0.269
16 75 0.453
16 30 0.404
16 34 0.07
16 37 0.103
16 43 0.189
16 47 0.521
16 65 0.184
16 88 0.213
16 93 0.084
16 18 0.47
16 38 0.183
16 46 0.529
16 54 0.171
16 56 0.267
16 59 0.422
16 82 0.576
16 83 0.09
16 87 0.17
16 94 0.11
16 61 0.306
16 72 0.164
16 74 0.227
16 49 0.334
16 50 0.399
16 77 0.033
16 92 0.331
16 97 0.731
16 33 0.332
16 22 0.176
16 48 0.428
16 64 0.087
16 67 0.498
16 26 0.567
16 32 0.5
16 85 0.047
16 98 0.311
16 23 0.317
16 28 0.536
16 39 0.2
16 57 0.218
16 69 0.114
16 99 0.007
16 35 0.264
16 90 0.212
16 44 0.362
16 51 0.274
16 58 0.01
16 96 0.593
16 81 0.312
16 62 0.056
16 70 0.03
16 84 0.118
16 68 0.54
16 52 0.242
16 63 0.144
16 25 0.086
16 24 0.105
16 40 0.115
16 73 0.261
16 29 0.087
16 42 0.16
16 71 0.131
17 22 0.14
17 18 0.724
17 34 0.816
17 98 0.906
17 36 0.983
17 95 0.908
17 32 0.654
17 39 0.573
17 61 1
17 67 0.85
17 97 0.556
17 54 0.824
17 55 0.792
17 80 0.639
17 24 0.898
17 44 0.022
17 75 0.433
17 65 0.705
17 48 0.414
17 64 0.431
17 96 0.385
17 50 0.351
17 28 0.12
17 85 0.165
17 89 0.298
17 19 0.237
17 31 0.284
17 41 0.412
17 77 0.325
17 99 0.457
17 53 0.63
17 57 0.738
17 58 0.303
17 63 0.293
17 66 0.47
17 70 0.054
17 20 0.057
17 42 0.092
17 69 0.2
17 23 0.145
17 82 0.224
17 92 0.766
17 74 0.201
17 51 0.389
17 93 0.463
17 38 0.412
17 91 0.219
17 84 0.243
17 27 0.087
17 73 0.503
17 60 0.84
17 35 0.245
17 72 0.116
17 62 0.242
17 86 0.144
17 52 0.247
17 59 0.185
17 87 0.26
17 37 0.216
17 25 0.019
17 94 0.187
17 71 0.156
17 81 0.323
17 88 0.19
17 43 0.42
17 78 0.055
17 40 0.144
17 56 0.137
17 68 0.151
17 49 0.131
17 21 0.097
17 29 0.08
17 33 0.231
17 76 0.095
17 83 0.247
17 79 0.07
17 30 0.123
17 47 0.131
17 90 0.127
18 50 0.495
18 98 1
18 71 1
18 26 0.607
18 25 0.293
18 45 0.174
18 72 0.648
18 95 0.755
18 47 0.239
18 57 0.171
18 70 0.521
18 80 0.268
18 30 0.002
18 33 0.279
18 36 0.515
18 37 0.741
18 39 0.102
18 59 0.293
18 69 0.655
18 74 0.649
18 82 0.343
18 52 0.466
18 54 0.263
18 75 0.036
18 81 0.072
18 93 0.489
18 94 0.663
18 97 0.545
18 35 0.148
18 41 0.44
18 78 0.194
18 84 0.128
18 87 0.382
18 89 0.613
18 91 0.488
18 28 0.5
18 34 0.228
18 42 0.408
18 76 0.432
18 79 0.272
18 83 0.207
18 20 0.244
18 23 0.697
18 61 0.19
18 73 0.329
18 22 0.179
18 53 0.397
18 62 0.507
18 19 0.206
18 21 0.285
18 67 0.14
18 65 0.305
18 48 0.499
18 32 0.176
18 43 0.287
18 85 0.075
18 44 0.569
18 77 0.138
18 40 0.115
18 24 0.328
18 99 0.38
18 27 0.104
18 63 0.346
18 92 0.188
18 31 0.158
18 29 0.294
18 56 0.229
18 38 0.138
18 55 0.145
18 86 0.163
18 46 0.033
18 68 0.147
18 51 0.172
18 66 0.069
18 60 0.225
19 95 0.747
19 71 0.401
19 53 0.952
19 66 0.438
19 78 0.866
19 56 0.985
19 67 0.954
19 41 0.466
19 96 0.82
19 46 0.076
19 92 0.177
19 36 0.451
19 37 0.215
19 52 0.287
19 79 0.465
19 90 0.483
19 21 0.29
19 23 0.27
19 27 0.028
19 28 0.427
19 29 0.594
19 31 0.242
19 35 0.458
19 38 0.092
19 44 0.054
19 57 0.229
19 74 0.602
19 22 0.169
19 39 0.197
19 42 0.27
19 43 0.235
19 58 0.058
19 69 0.203
19 33 0.064
19 45 0.009
19 68 0.238
19 86 0.225
19 26 0.152
19 87 0.556
19 75 0.203
19 51 0.562
19 20 0.241
19 88 0.265
19 70 0.31
19 76 0.24
19 84 0.22
19 61 0.357
19 99 0.265
19 60 0.438
19 83 0.419
19 85 0.259
19 30 0.123
19 47 0.145
19 55 0.183
19 65 0.075
19 63 0.101
19 48 0.239
19 81 0.17
19 93 0.192
19 59 0.179
19 98 0.083
19 34 0.191
19 91 0.348
19 40 0.106
19 82 0.111
19 89 0.047
19 25 0.097
19 32 0.244
19 94 0.145
19 49 0.265
19 54 0.123
19 72 0.092
19 62 0.111
19 80 0.157
19 97 0.155
20 94 0.74
20 73 0.285
20 90 0.456
20 50 0.725
20 41 1
20 53 1
20 66 0.528
20 27 0.256
20 96 0.63
20 79 0.924
20 24 0.075
20 37 0.157
20 39 0.398
20 40 0.356
20 48 0.111
20 49 0.144
20 61 0.387
20 68 0.274
20 93 0.067
20 98 0.249
20 31 0.376
20 32 0.604
20 67 0.49
20 75 0.565
20 80 0.398
20 85 0.348
20 88 0.457
20 91 0.355
20 26 0.363
20 30 0.275
20 51 0.416
20 83 0.31
20 86 0.48
20 69 0.432
20 78 0.552
20 43 0.073
20 70 0.023
20 33 0.422
20 54 0.505
20 34 0.388
20 44 0.411
20 28 0.163
20 57 0.485
20 64 0.041
20 52 0.23
20 38 0.515
20 56 0.056
20 62 0.318
20 87 0.279
20 25 0.251
20 77 0.351
20 60 0.325
20 92 0.193
20 65 0.221
20 82 0.064
20 63 0.193
20 42 0.691
20 84 0.322
20 99 0.206
20 58 0.113
20 74 0.186
20 36 0.279
20 95 0.206
20 97 0.245
20 21 0.147
20 35 0.057
20 45 0.16
20 81 0.07
20 55 0.21
20 89 0.147
20 59 0.103
20 71 0.154
20 29 0.104
20 46 0.131
20 47 0.245
20 72 0.254
20 23 0.191
20 76 0.127
21 96 0.978
21 57 0.9
21 33 0.688
21 74 0.946
21 63 0.938
21 79 0.446
21 97 0.932
21 98 0.534
21 99 1
21 49 0.83
21 75 0.695
21 65 0.736
21 32 0.947
21 93 0.563
21 54 0.5
21 30 0.935
21 88 0.332
21 92 0.361
21 25 0.398
21 48 0.288
21 60 0.438
21 72 0.496
21 90 0.625
21 39 0.68
21 61 0.497
21 22 0.256
21 23 0.676
21 26 0.251
21 27 0.143
21 36 0.55
21 95 0.174
21 41 0.392
21 58 0.636
21 73 0.216
21 45 0.423
21 51 0.19
21 67 0.447
21 69 0.252
21 83 0.153
21 85 0.573
21 34 0.089
21 56 0.334
21 68 0.135
21 70 0.18
21 53 0.336
21 66 0.323
21 76 0.166
21 28 0.182
21 80 0.17
21 24 0.32
21 87 0.478
21 91 0.23
21 35 0.37
21 43 0.351
21 42 0.348
21 31 0.152
21 82 0.077
21 62 0.172
21 84 0.093
21 37 0.004
21 81 0.15
21 44 0.301
21 55 0.337
21 71 0.307
21 86 0.197
21 47 0.476
21 64 0.223
21 77 0.096
21 40 0.06
21 50 0.28
21 46 0.271
21 59 0.067
21 89 0.161
21 52 0.182
21 38 0.079
21 94 0.161
22 90 0.159
22 83 0.952
22 37 0.81
22 56 0.468
22 93 0.934
22 77 0.82
22 69 0.777
22 73 0.722
22 72 0.49
22 36 0.392
22 24 0.463
22 54 0.243
22 29 0.258
22 33 0.331
22 34 0.188
22 39 0.228
22 50 0.44
22 52 0.256
22 55 0.201
22 67 0.107
22 71 0.533
22 74 0.401
22 86 0.178
22 30 0.502
22 49 0.288
22 58 0.414
22 62 0.358
22 31 0.208
22 59 0.163
22 63 0.324
22 95 0.241
22 27 0.071
22 94 0.304
22 25 0.643
22 99 0.204
22 75 0.5
22 41 0.085
22 70 0.115
22 84 0.228
22 26 0.165
22 80 0.341
22 89 0.217
22 35 0.115
22 64 0.247
22 82 0.328
22 96 0.166
22 42 0.205
22 48 0.183
22 81 0.34
22 43 0.252
22 46 0.036
22 60 0.163
22 92 0.06
22 23 0.102
22 65 0.259
22 51 0.321
22 87 0.442
22 28 0.229
22 44 0.063
22 47 0.135
22 57 0.222
22 91 0.405
22 85 0.283
22 98 0.115
22 61 0.096
22 38 0.278
22 78 0.217
22 32 0.369
22 79 0.093
22 97 0.13
22 53 0.176
22 88 0.138
22 66 0.136
22 40 0.169
22 68 0.085
22 45 0.17
22 76 0.092
23 77 0.87
23 49 0.487
23 71 0.838
23 46 0.234
23 51 0.982
23 66 0.845
23 93 0.592
23 68 0.632
23 89 0.66
23 76 0.013
23 54 0.245
23 47 0.201
23 52 0.239
23 42 0.378
23 50 0.182
23 60 0.128
23 69 0.257
23 72 0.262
23 73 0.467
23 75 0.4
23 28 0.259
23 53 0.557
23 55 0.098
23 57 0.495
23 59 0.496
23 63 0.548
23 74 0.185
23 84 0.438
23 85 0.307
23 88 0.084
23 98 0.221
23 30 0.263
23 36 0.419
23 79 0.28
23 48 0.153
23 61 0.417
23 67 0.462
23 83 0.135
23 45 0.454
23 58 0.28
23 70 0.421
23 99 0.14
23 25 0.402
23 33 0.396
23 37 0.194
23 34 0.023
23 38 0.596
23 29 0.422
23 32 0.127
23 94 0.167
23 26 0.273
23 62 0.065
23 44 0.482
23 80 0.174
23 95 0.173
23 56 0.305
23 97 0.1
23 43 0.059
23 82 0.169
23 40 0.134
23 27 0.094
23 81 0.067
23 39 0.205
23 90 0.152
23 91 0.039
23 31 0.061
23 24 0.064
23 96 0.155
23 87 0.204
23 78 0.177
23 86 0.053
23 41 0.128
23 92 0.092
24 65 0.833
24 86 0.88
24 40 0.803
24 96 0.666
24 80 1
24 60 0.068
24 73 0.961
24 76 0.778
24 43 0.756
24 98 1
24 28 0.791
24 72 0.759
24 26 0.895
24 31 0.362
24 33 0.762
24 39 0.192
24 52 0.3
24 56 0.329
24 58 0.742
24 68 0.321
24 69 0.317
24 81 0.37
24 90 0.528
24 93 0.476
24 54 1
24 74 0.008
24 82 0.08
24 42 0.308
24 57 0.748
24 59 0.967
24 89 0.216
24 75 0.146
24 25 0.383
24 29 0.135
24 34 0.476
24 48 0.786
24 35 0.51
24 62 0.508
24 45 0.18
24 47 0.449
24 71 0.342
24 37 0.196
24 51 0.25
24 85 0.069
24 97 0.363
24 53 0.368
24 94 0.71
24 38 0.464
24 67 0.117
24 92 0.314
24 61 0.301
24 70 0.341
24 84 0.398
24 49 0.234
24 55 0.414
24 64 0.279
24 44 0.399
24 99 0.096
24 36 0.095
24 41 0.108
24 79 0.301
24 50 0.13
24 63 0.136
24 66 0.264
24 32 0.059
24 87 0.134
24 27 0.233
24 78 0.075
24 30 0.172
24 46 0.132
24 95 0.2
25 67 0.518
25 26 0.654
25 42 0.547
25 96 0.78
25 98 0.552
25 94 0.855
25 87 0.748
25 69 0.188
25 27 0.934
25 37 0.33
25 49 0.751
25 53 0.879
25 73 0.735
25 95 0.505
25 59 0.224
25 33 0.776
25 50 0.186
25 57 0.389
25 92 0.193
25 30 0.334
25 46 0.334
25 51 0.48
25 56 0.391
25 64 0.342
25 66 0.327
25 68 0.31
25 77 0.607
25 79 0.185
25 83 0.199
25 85 0.048
25 35 0.35
25 55 0.377
25 63 0.23
25 90 0.414
25 41 0.435
25 45 0.712
25 48 0.61
25 52 0.305
25 54 0.255
25 70 0.471
25 75 0.107
25 88 0.174
25 89 0.634
25 65 0.251
25 72 0.218
25 82 0.166
25 34 0.191
25 61 0.438
25 38 0.484
25 84 0.316
25 76 0.376
25 31 0.165
25 47 0.617
25 39 0.125
25 44 0.097
25 91 0.304
25 81 0.133
25 97 0.559
25 32 0.434
25 74 0.227
25 80 0.295
25 99 0.085
25 78 0.336
25 62 0.087
25 29 0.112
25 40 0.171
25 43 0.194
25 86 0.093
25 60 0.226
25 93 0.191
25 28 0.183
25 58 0.181
25 71 0.242
26 29 0.346
26 71 0.71
26 69 0.789
26 84 1
26 33 0.858
26 88 0.765
26 61 0.937
26 87 0.9
26 68 0.972
26 60 0.462
26 81 0.378
26 95 0.663
26 36 0.15
26 38 0.276
26 40 0.222
26 74 0.652
26 44 0.249
26 49 0.171
26 58 0.176
26 76 0.35
26 80 0.726
26 48 0.651
26 59 0.228
26 67 0.566
26 79 0.221
26 90 0.359
26 91 0.091
26 98 0.359
26 42 0.476
26 47 0.727
26 63 0.116
26 82 0.427
26 94 0.452
26 56 0.315
26 62 0.248
26 97 0.298
26 53 0.362
26 43 0.153
26 37 0.626
26 75 0.359
26 65 0.362
26 85 0.133
26 70 0.203
26 83 0.193
26 32 0.52
26 35 0.025
26 57 0.456
26 77 0.342
26 51 0.037
26 52 0.359
26 54 0.402
26 86 0.59
26 72 0.209
26 96 0.099
26 30 0.172
26 31 0.221
26 39 0.156
26 93 0.053
26 55 0.283
26 78 0.103
26 45 0.062
26 66 0.058
26 89 0.038
26 46 0.286
26 50 0.039
26 27 0.124
26 28 0.072
26 73 0.174
26 41 0.336
26 64 0.213
26 99 0.1
27 72 0.745
27 81 0.806
27 63 0.921
27 95 0.498
27 66 0.764
27 80 0.675
27 99 0.341
27 77 0.46
27 35 0.777
27 75 0.52
27 31 0.321
27 67 0.199
27 71 0.379
27 88 0.309
27 33 0.203
27 46 0.247
27 48 0.391
27 62 0.142
27 69 0.514
27 70 0.061
27 74 0.434
27 85 0.562
27 87 0.419
27 32 0.559
27 39 0.42
27 42 0.104
27 45 0.049
27 50 0.484
27 78 0.344
27 86 0.321
27 29 0.185
27 38 0.266
27 30 0.247
27 90 0.297
27 98 0.45
27 64 0.358
27 83 0.069
27 47 0.294
27 89 0.161
27 49 0.47
27 82 0.142
27 52 0.615
27 34 0.157
27 96 0.365
27 60 0.376
27 53 0.308
27 57 0.28
27 97 0.336
27 73 0.491
27 37 0.292
27 65 0.305
27 93 0.176
27 55 0.189
27 84 0.383
27 40 0.175
27 43 0.323
27 68 0.622
27 41 0.199
27 51 0.343
27 58 0.157
27 28 0.2
27 56 0.07
27 59 0.251
27 76 0.135
27 94 0.163
27 44 0.124
27 79 0.075
27 61 0.147
27 91 0.149
27 54 0.171
27 92 0.121
28 51 0.647
28 91 0.962
28 46 0.563
28 61 0.517
28 50 0.73
28 59 0.491
28 56 0.878
28 30 0.269
28 49 0.829
28 66 0.145
28 93 0.265
28 99 0.528
28 35 0.459
28 47 0.03
28 71 0.28
28 75 0.696
28 98 0.198
28 43 0.632
28 53 0.354
28 83 0.321
28 97 0.38
28 29 0.18
28 60 0.426
28 36 0.4
28 62 0.132
28 68 0.799
28 81 0.049
28 85 0.121
28 38 0.501
28 40 0.6
28 55 0.196
28 58 0.532
28 89 0.246
28 74 0.172
28 54 0.421
28 57 0.154
28 77 0.003
28 94 0.552
28 95 0.384
28 92 0.17
28 65 0.25
28 70 0.374
28 76 0.631
28 84 0.319
28 86 0.083
28 88 0.239
28 73 0.263
28 32 0.383
28 31 0.413
28 37 0.259
28 64 0.391
28 33 0.09
28 52 0.23
28 67 0.435
28 82 0.324
28 96 0.196
28 79 0.145
28 39 0.113
28 41 0.206
28 78 0.205
28 90 0.023
28 34 0.297
28 87 0.097
28 45 0.149
28 69 0.158
28 42 0.218
28 44 0.134
28 48 0.104
29 64 0.635
29 40 0.933
29 39 0.621
29 74 0.648
29 55 0.486
29 50 0.97
29 73 0.331
29 78 0.384
29 82 0.295
29 34 0.496
29 51 0.247
29 79 0.592
29 81 0.384
29 83 0.133
29 89 0.292
29 91 0.182
29 92 0.476
29 94 0.257
29 57 0.283
29 65 0.311
29 72 0.104
29 75 0.633
29 88 0.16
29 35 0.485
29 38 0.248
29 46 0.397
29 54 0.143
29 77 0.453
29 93 0.536
29 99 0.29
29 31 0.476
29 36 0.229
29 37 0.185
29 58 0.373
29 84 0.112
29 98 0.22
29 52 0.169
29 86 0.176
29 66 0.276
29 43 0.045
29 47 0.225
29 87 0.153
29 96 0.135
29 33 0.114
29 95 0.096
29 45 0.34
29 97 0.059
29 59 0.212
29 76 0.073
29 42 0.171
29 61 0.187
29 41 0.229
29 44 0.084
29 68 0.278
29 80 0.222
29 48 0.213
29 69 0.093
29 60 0.149
29 71 0.324
29 62 0.199
29 85 0.447
29 49 0.21
29 56 0.109
29 70 0.163
29 90 0.127
29 30 0.15
29 63 0.202
29 53 0.175
30 42 0.569
30 46 0.51
30 96 0.715
30 70 0.348
30 55 0.58
30 76 0.647
30 82 0.702
30 87 0.927
30 49 0.758
30 89 0.029
30 51 0.093
30 63 0.079
30 71 0.107
30 31 0.719
30 35 0.25
30 38 0.232
30 52 0.249
30 59 0.666
30 61 0.539
30 69 0.117
30 72 0.202
30 75 0.418
30 34 0.66
30 56 0.12
30 92 0.533
30 41 0.184
30 48 0.374
30 85 0.301
30 91 0.544
30 97 0.307
30 94 0.344
30 47 0.053
30 62 0.336
30 90 0.204
30 37 0.246
30 58 0.14
30 68 0.62
30 57 0.301
30 45 0.3
30 73 0.242
30 88 0.103
30 81 0.163
30 36 0.308
30 39 0.087
30 95 0.313
30 83 0.335
30 93 0.11
30 40 0.192
30 74 0.454
30 98 0.411
30 53 0.135
30 64 0.297
30 33 0.105
30 77 0.113
30 78 0.39
30 99 0.415
30 60 0.23
30 43 0.311
30 84 0.251
30 66 0.103
30 79 0.282
30 50 0.216
30 86 0.292
30 67 0.162
30 44 0.119
30 65 0.169
30 80 0.112
31 47 0.543
31 48 0.967
31 59 0.32
31 73 0.336
31 38 0.497
31 78 1
31 66 0.851
31 95 0.418
31 52 0.108
31 65 0.197
31 35 0.1
31 41 0.78
31 54 0.247
31 55 0.393
31 63 0.029
31 67 0.285
31 86 0.086
31 40 0.403
31 42 0.545
31 61 0.27
31 74 0.553
31 39 0.147
31 56 0.073
31 87 0.201
31 34 0.279
31 50 0.326
31 60 0.122
31 97 1
31 46 0.394
31 89 0.341
31 93 0.253
31 64 0.608
31 83 0.863
31 84 0.186
31 96 0.21
31 80 0.112
31 68 0.698
31 77 0.082
31 91 0.099
31 99 0.792
31 32 0.072
31 62 0.002
31 37 0.486
31 72 0.261
31 70 0.158
31 88 0.271
31 43 0.406
31 51 0.272
31 82 0.285
31 49 0.276
31 33 0.099
31 69 0.088
31 45 0.241
31 76 0.124
31 79 0.143
31 85 0.477
31 58 0.356
31 92 0.224
31 90 0.089
31 71 0.175
31 44 0.132
31 75 0.353
31 94 0.214
31 36 0.074
31 81 0.061
31 98 0.156
32 36 0.564
32 92 0.581
32 63 0.895
32 69 0.455
32 40 0.983
32 47 0.322
32 52 0.893
32 81 0.758
32 71 0.944
32 94 0.558
32 85 0.313
32 49 0.356
32 50 0.339
32 37 0.896
32 39 0.293
32 41 0.53
32 48 0.113
32 56 0.469
32 78 0.374
32 80 0.266
32 84 0.398
32 98 0.046
32 51 0.164
32 67 0.101
32 45 0.559
32 91 0.334
32 99 0.297
32 44 0.591
32 46 0.276
32 68 0.32
32 87 0.271
32 83 0.504
32 34 0.544
32 74 0.505
32 82 0.177
32 57 0.441
32 64 0.114
32 89 0.102
32 70 0.227
32 73 0.522
32 72 0.039
32 65 0.199
32 35 0.492
32 42 0.433
32 53 0.197
32 54 0.33
32 60 0.22
32 76 0.197
32 96 0.241
32 59 0.632
32 86 0.425
32 93 0.126
32 61 0.158
32 58 0.425
32 43 0.126
32 79 0.279
32 77 0.138
32 75 0.086
32 38 0.194
32 66 0.144
32 95 0.137
32 88 0.095
33 68 0.806
33 75 0.874
33 46 0.648
33 76 1
33 56 0.633
33 36 0.747
33 39 0.348
33 60 0.874
33 90 0.46
33 97 0.589
33 35 0.545
33 53 0.258
33 82 0.36
33 83 0.041
33 44 0.062
33 50 0.285
33 54 0.268
33 55 0.36
33 70 0.122
33 71 0.22
33 77 0.602
33 78 0.545
33 81 0.307
33 86 0.327
33 40 0.369
33 47 0.153
33 64 0.063
33 79 0.457
33 94 0.675
33 96 0.345
33 43 0.419
33 51 0.672
33 52 0.576
33 69 0.036
33 72 0.306
33 88 0.115
33 91 0.417
33 67 0.241
33 84 0.025
33 49 0.578
33 73 0.286
33 92 0.308
33 99 0.253
33 58 0.151
33 65 0.205
33 80 0.454
33 42 0.794
33 34 0.249
33 95 0.32
33 41 0.19
33 38 0.343
33 57 0.283
33 74 0.389
33 45 0.346
33 62 0.08
33 63 0.309
33 89 0.077
33 98 0.164
33 93 0.086
33 59 0.019
33 66 0.137
33 85 0.258
33 37 0.172
33 87 0.148
34 56 0.563
34 96 0.758
34 54 0.771
34 99 1
34 88 0.581
34 89 0.376
34 57 0.805
34 72 0.436
34 73 0.627
34 59 0.626
34 43 0.847
34 35 0.518
34 55 0.803
34 83 0.208
34 87 0.023
34 45 0.553
34 49 0.259
34 68 0.453
34 74 0.191
34 77 0.187
34 82 0.338
34 84 0.615
34 86 0.459
34 90 0.157
34 95 0.425
34 37 0.793
34 47 0.534
34 51 0.161
34 93 0.484
34 94 0.791
34 97 0.091
34 41 0.106
34 61 0.567
34 65 0.073
34 64 0.639
34 85 0.225
34 38 0.28
34 44 0.371
34 91 0.328
34 62 0.398
34 92 0.231
34 50 0.388
34 52 0.194
34 66 0.315
34 75 0.077
34 39 0.344
34 79 0.406
34 80 0.143
34 53 0.003
34 36 0.135
34 69 0.197
34 60 0.043
34 81 0.114
34 70 0.331
34 42 0.293
34 63 0.226
34 67 0.185
34 40 0.212
34 76 0.062
34 78 0.129
34 98 0.152
34 58 0.16
34 71 0.271
34 48 0.121
35 63 0.938
35 80 0.915
35 69 0.637
35 73 0.567
35 90 0.845
35 55 0.539
35 36 0.68
35 52 0.356
35 93 0.234
35 43 0.45
35 38 0.348
35 39 0.087
35 51 0.18
35 61 0.371
35 67 0.135
35 70 0.524
35 78 0.078
35 86 0.58
35 88 0.104
35 92 0.361
35 96 0.615
35 98 0.339
35 42 0.246
35 82 0.218
35 87 0.129
35 99 0.642
35 37 0.298
35 44 0.643
35 66 0.247
35 76 0.248
35 85 0.444
35 77 0.089
35 81 0.271
35 54 0.228
35 65 0.278
35 58 0.421
35 75 0.635
35 97 0.33
35 83 0.228
35 84 0.278
35 71 0.197
35 46 0.206
35 49 0.355
35 53 0.319
35 91 0.252
35 60 0.373
35 50 0.129
35 64 0.305
35 74 0.1
35 57 0.268
35 79 0.448
35 95 0.117
35 62 0.063
35 40 0.028
35 72 0.064
35 47 0.158
35 56 0.158
35 41 0.418
35 45 0.071
35 94 0.064
35 48 0.141
36 94 0.791
36 67 0.65
36 64 0.78
36 44 0.889
36 92 0.427
36 88 0.788
36 70 0.286
36 38 0.296
36 74 0.179
36 85 0.566
36 59 0.755
36 68 0.507
36 71 0.463
36 77 0.112
36 83 0.291
36 86 0.579
36 98 0.042
36 43 0.374
36 50 0.235
36 62 0.214
36 65 0.287
36 82 0.268
36 90 0.312
36 53 0.901
36 56 0.101
36 57 0.301
36 61 0.034
36 63 0.272
36 76 0.251
36 81 0.292
36 39 0.069
36 89 0.053
36 97 0.361
36 42 0.346
36 46 0.369
36 93 0.355
36 99 0.072
36 69 0.854
36 73 0.308
36 47 0.087
36 54 0.684
36 80 0.179
36 96 0.055
36 37 0.244
36 60 0.354
36 51 0.249
36 55 0.236
36 95 0.186
36 66 0.361
36 78 0.122
36 48 0.204
36 84 0.363
36 52 0.226
36 49 0.251
36 87 0.299
36 91 0.14
36 58 0.158
36 40 0.225
36 75 0.4
36 45 0.071
36 79 0.035
36 41 0.044
36 72 0.144
37 90 0.594
37 87 0.807
37 92 0.529
37 54 0.537
37 95 1
37 66 0.511
37 42 0.928
37 96 0.375
37 59 0.286
37 51 0.547
37 55 0.145
37 68 0.345
37 40 0.103
37 52 0.383
37 77 0.294
37 78 0.478
37 98 0.171
37 41 0.2
37 60 0.662
37 75 0.605
37 81 0.334
37 82 0.379
37 83 0.179
37 53 0.392
37 39 0.577
37 80 0.399
37 91 0.245
37 99 0.444
37 44 0.466
37 62 0.147
37 46 0.166
37 64 0.231
37 94 0.33
37 58 0.354
37 63 0.13
37 86 0.265
37 97 0.2
37 79 0.231
37 47 0.149
37 57 0.176
37 67 0.329
37 71 0.205
37 88 0.127
37 38 0.296
37 73 0.09
37 85 0.094
37 76 0.123
37 56 0.2
37 69 0.134
37 70 0.364
37 74 0.218
37 49 0.333
37 89 0.214
37 45 0.23
37 65 0.065
37 50 0.118
37 84 0.123
37 43 0.17
37 93 0.121
38 95 0.663
38 69 0.684
38 90 1
38 46 0.56
38 62 0.735
38 66 0.615
38 75 0.436
38 44 0.978
38 54 0.741
38 72 0.581
38 47 0.467
38 67 0.395
38 76 0.53
38 84 0.58
38 39 0.144
38 42 0.578
38 43 0.084
38 79 0.317
38 80 0.398
38 83 0.121
38 64 0.097
38 88 0.28
38 98 0.48
38 50 0.322
38 70 0.436
38 74 0.669
38 78 0.237
38 92 0.464
38 86 0.011
38 81 0.545
38 73 0.145
38 96 0.188
38 77 0.104
38 52 0.306
38 89 0.454
38 97 0.359
38 68 0.364
38 45 0.457
38 59 0.311
38 65 0.181
38 63 0.117
38 58 0.147
38 93 0.194
38 48 0.197
38 87 0.248
38 71 0.202
38 41 0.663
38 51 0.265
38 61 0.286
38 53 0.518
38 56 0.124
38 40 0.2
38 49 0.286
38 94 0.276
38 99 0.057
38 55 0.193
38 85 0.144
38 57 0.124
38 60 0.261
39 91 0.851
39 97 0.499
39 79 0.615
39 65 0.936
39 45 0.802
39 40 0.786
39 41 0.355
39 95 0.638
39 93 0.427
39 52 0.525
39 75 0.286
39 87 0.369
39 92 0.579
39 43 0.534
39 73 0.396
39 77 0.508
39 80 0.367
39 90 0.308
39 82 0.785
39 89 0.308
39 94 0.444
39 67 0.056
39 78 0.538
39 88 0.206
39 99 0.28
39 56 0.068
39 62 0.588
39 70 0.399
39 50 0.105
39 96 0.331
39 44 0.211
39 66 0.357
39 51 0.232
39 58 0.141
39 64 0.382
39 59 0.066
39 85 0.301
39 98 0.394
39 54 0.346
39 81 0.119
39 46 0.19
39 68 0.11
39 42 0.224
39 60 0.036
39 49 0.188
39 69 0.412
39 76 0.248
39 86 0.258
39 83 0.147
39 55 0.175
39 53 0.261
39 71 0.24
39 84 0.066
39 63 0.145
39 61 0.226
39 48 0.232
39 47 0.17
40 70 0.142
40 58 0.578
40 64 0.509
40 90 0.572
40 89 0.78
40 68 0.709
40 43 0.327
40 59 0.091
40 41 0.171
40 54 0.373
40 56 0.427
40 75 0.471
40 76 0.584
40 77 0.538
40 80 0.539
40 42 0.092
40 51 0.155
40 57 0.074
40 61 0.494
40 66 0.586
40 81 0.395
40 88 0.176
40 46 0.233
40 52 0.355
40 55 0.632
40 60 0.355
40 72 0.118
40 49 0.201
40 98 0.201
40 85 0.276
40 62 0.275
40 92 0.415
40 73 0.369
40 71 0.259
40 83 0.765
40 65 0.378
40 96 0.341
40 95 0.467
40 97 0.519
40 50 0.428
40 63 0.053
40 93 0.13
40 94 0.305
40 44 0.233
40 67 0.196
40 82 0.114
40 86 0.461
40 74 0.153
40 91 0.135
40 53 0.186
40 48 0.229
40 99 0.265
40 47 0.045
40 78 0.315
40 79 0.164
40 84 0.252
40 87 0.177
40 45 0.072
41 51 0.576
41 77 0.903
41 53 0.994
41 64 0.819
41 67 0.575
41 83 0.104
41 61 0.302
41 65 0.29
41 70 0.423
41 92 0.296
41 99 0.304
41 43 0.313
41 52 0.185
41 76 0.523
41 84 0.32
41 90 0.25
41 46 0.327
41 54 0.251
41 73 0.338
41 87 0.247
41 55 1
41 72 0.205
41 85 0.205
41 60 0.6
41 42 0.36
41 66 0.503
41 80 0.195
41 74 0.257
41 48 0.42
41 93 0.35
41 44 0.407
41 47 0.261
41 68 0.137
41 88 0.081
41 49 0.019
41 78 0.28
41 75 0.352
41 89 0.411
41 91 0.226
41 63 0.319
41 94 0.227
41 95 0.04
41 62 0.336
41 57 0.268
41 81 0.226
41 50 0.204
41 45 0.232
41 59 0.245
41 96 0.07
41 56 0.259
41 86 0.145
41 58 0.232
41 98 0.117
41 69 0.127
41 82 0.175
41 97 0.176
42 83 0.946
42 81 0.934
42 70 0.816
42 77 0.189
42 99 0.425
42 76 0.664
42 65 0.881
42 51 0.727
42 73 0.742
42 46 0.163
42 61 0.278
42 72 0.958
42 88 0.436
42 93 0.389
42 95 0.013
42 49 0.401
42 57 0.178
42 60 0.576
42 69 0.302
42 98 0.82
42 47 0.32
42 59 0.302
42 63 0.093
42 68 0.279
42 80 0.312
42 97 0.432
42 78 0.25
42 94 0.184
42 43 0.19
42 62 0.72
42 67 0.167
42 48 0.431
42 79 0.076
42 89 0.469
42 90 0.075
42 96 0.287
42 75 0.191
42 87 0.396
42 58 0.267
42 45 0.435
42 66 0.492
42 91 0.362
42 86 0.187
42 92 0.068
42 44 0.16
42 74 0.363
42 64 0.038
42 56 0.017
42 50 0.176
42 55 0.398
42 85 0.294
42 53 0.04
42 71 0.122
42 52 0.348
42 54 0.101
42 82 0.188
43 89 0.423
43 79 0.398
43 83 0.387
43 92 0.372
43 94 0.261
43 45 0.166
43 49 0.128
43 52 0.173
43 54 0.433
43 58 0.65
43 61 0.413
43 67 0.184
43 88 0.56
43 64 0.386
43 72 0.313
43 76 0.143
43 77 0.439
43 81 0.173
43 84 0.421
43 86 0.134
43 53 0.033
43 55 0.065
43 62 0.256
43 75 0.105
43 96 0.36
43 97 0.534
43 60 0.233
43 57 0.308
43 87 0.716
43 73 0.511
43 85 0.481
43 68 0.104
43 69 0.442
43 74 0.203
43 93 0.542
43 99 0.05
43 50 0.207
43 90 0.177
43 46 0.175
43 66 0.439
43 56 0.677
43 78 0.033
43 91 0.152
43 47 0.202
43 48 0.312
43 71 0.267
43 80 0.058
43 82 0.071
43 44 0.247
43 95 0.143
43 98 0.205
44 60 0.814
44 99 0.743
44 61 0.805
44 78 0.056
44 91 0.618
44 50 0.842
44 81 0.648
44 53 1
44 70 0.719
44 85 0.388
44 62 0.754
44 73 0.188
44 87 0.432
44 51 0.215
44 75 0.461
44 80 0.092
44 83 0.345
44 48 0.657
44 57 0.2
44 88 0.137
44 97 0.417
44 47 0.351
44 98 0.522
44 49 0.325
44 66 0.374
44 67 0.296
44 93 0.323
44 68 0.167
44 63 0.329
44 69 0.226
44 92 0.495
44 65 0.312
44 71 0.072
44 58 0.232
44 74 0.241
44 76 0.622
44 90 0.455
44 79 0.216
44 52 0.123
44 82 0.297
44 96 0.433
44 55 0.41
44 84 0.23
44 59 0.388
44 77 0.152
44 64 0.127
44 94 0.186
44 56 0.075
44 95 0.222
44 72 0.134
44 45 0.178
44 86 0.044
44 46 0.117
44 89 0.126
45 48 0.412
45 47 0.912
45 55 0.804
45 95 0.288
45 65 0.449
45 75 0.387
45 97 0.522
45 90 0.171
45 51 0.258
45 53 0.402
45 56 0.429
45 58 0.577
45 60 0.247
45 62 0.001
45 74 0.297
45 84 0.309
45 91 0.929
45 93 0.07
45 61 0.306
45 76 0.191
45 46 0.411
45 67 0.557
45 78 0.025
45 83 0.137
45 69 0.578
45 92 0.296
45 94 0.091
45 59 0.421
45 54 0.15
45 70 0.585
45 77 0.065
45 82 0.52
45 57 0.243
45 52 0.339
45 66 0.534
45 80 0.228
45 81 0.181
45 79 0.226
45 87 0.231
45 88 0.179
45 71 0.301
45 98 0.224
45 89 0.236
45 64 0.271
45 49 0.249
45 73 0.054
45 68 0.114
45 72 0.012
45 50 0.19
45 86 0.097
45 99 0.23
46 80 0.377
46 67 0.753
46 86 0.529
46 58 0.539
46 96 0.493
46 65 0.862
46 93 0.374
46 98 0.7
46 76 0.657
46 75 0.105
46 99 0.587
46 49 0.076
46 68 0.494
46 89 0.453
46 95 0.457
46 51 0.285
46 53 0.649
46 94 0.62
46 52 0.122
46 62 0.283
46 66 0.274
46 85 0.386
46 92 0.25
46 55 0.107
46 57 0.526
46 71 0.411
46 81 0.178
46 88 0.192
46 56 0.284
46 50 0.362
46 54 0.495
46 61 0.078
46 82 0.572
46 90 0.255
46 87 0.477
46 84 0.026
46 70 0.294
46 79 0.165
46 83 0.29
46 63 0.111
46 97 0.363
46 59 0.115
46 74 0.15
46 48 0.429
46 60 0.025
46 64 0.38
46 69 0.215
46 73 0.304
46 47 0.233
46 72 0.041
46 91 0.164
46 78 0.131
47 99 0.932
47 92 0.933
47 62 0.498
47 84 0.734
47 66 0.363
47 90 0.687
47 78 0.515
47 96 0.38
47 50 0.345
47 55 0.233
47 75 0.327
47 79 0.08
47 80 0.236
47 82 0.179
47 88 0.294
47 98 0.299
47 53 0.759
47 61 0.434
47 63 0.152
47 81 0.409
47 86 0.335
47 89 0.423
47 57 0.245
47 60 0.192
47 87 0.578
47 49 0.297
47 94 0.197
47 51 0.336
47 97 0.657
47 65 0.089
47 71 0.404
47 67 0.508
47 68 0.139
47 64 0.306
47 93 0.512
47 72 0.517
47 52 0.733
47 70 0.201
47 69 0.655
47 73 0.054
47 85 0.117
47 77 0.153
47 56 0.357
47 91 0.128
47 54 0.227
47 59 0.147
47 83 0.267
47 48 0.199
47 74 0.134
47 95 0.193
47 58 0.013
47 76 0.218
48 74 0.131
48 73 0.96
48 97 0.79
48 63 0.79
48 68 0.697
48 67 0.241
48 76 0.728
48 53 0.173
48 71 0.339
48 83 0.573
48 89 0.189
48 96 0.359
48 51 0.432
48 69 0.442
48 80 0.117
48 81 0.426
48 93 0.262
48 90 0.212
48 94 0.076
48 64 0.321
48 99 0.06
48 56 0.135
48 55 0.537
48 84 0.255
48 62 0.939
48 49 0.338
48 77 0.288
48 82 0.074
48 88 0.347
48 66 0.179
48 79 0.227
48 75 0.146
48 52 0.223
48 58 0.152
48 54 0.219
48 57 0.143
48 50 0.027
48 87 0.228
48 98 0.184
48 78 0.126
48 86 0.097
48 95 0.09
48 72 0.058
48 85 0.039
48 59 0.2
48 60 0.104
48 92 0.056
48 70 0.125
48 91 0.217
49 90 1
49 98 0.766
49 71 1
49 84 0.977
49 93 0.946
49 78 0.247
49 89 0.759
49 56 0.217
49 63 0.351
49 73 0.451
49 81 0.2
49 57 0.334
49 69 0.164
49 83 0.569
49 96 0.846
49 51 0.075
49 58 0.361
49 60 0.081
49 66 0.773
49 92 0.068
49 97 0.582
49 53 0.488
49 76 0.241
49 82 0.379
49 55 0.386
49 65 0.685
49 94 0.273
49 86 0.396
49 62 0.254
49 80 0.173
49 52 0.681
49 64 0.599
49 75 0.073
49 95 0.108
49 85 0.197
49 91 0.514
49 61 0.076
49 77 0.196
49 59 0.262
49 87 0.226
49 88 0.179
49 67 0.194
49 50 0.126
49 72 0.133
49 79 0.062
49 54 0.314
49 70 0.037
49 74 0.085
50 70 0.276
50 76 0.235
50 80 0.987
50 87 0.819
50 90 0.868
50 98 0.286
50 51 0.486
50 64 0.251
50 73 0.269
50 78 0.266
50 67 0.317
50 77 0.488
50 81 0.316
50 94 0.154
50 58 0.311
50 96 0.358
50 99 0.172
50 82 0.239
50 88 0.341
50 93 0.329
50 97 0.313
50 53 0.073
50 60 0.399
50 74 0.101
50 89 0.558
50 56 0.208
50 52 0.316
50 84 0.003
50 91 0.381
50 54 0.394
50 65 0.443
50 69 0.509
50 59 0.306
50 71 0.132
50 68 0.529
50 72 0.323
50 92 0.401
50 95 0.493
50 66 0.047
50 63 0.237
50 57 0.258
50 79 0.458
50 86 0.268
50 75 0.088
50 83 0.238
50 85 0.179
50 62 0.102
50 55 0.143
51 56 0.044
51 52 0.47
51 74 0.738
51 87 0.972
51 57 0.694
51 69 0.954
51 82 0.232
51 64 0.701
51 90 0.345
51 92 0.339
51 60 0.169
51 62 0.095
51 73 0.267
51 77 0.567
51 84 0.359
51 99 0.286
51 65 0.312
51 53 0.175
51 54 0.434
51 61 0.316
51 63 0.691
51 80 0.148
51 86 0.037
51 95 0.213
51 79 0.515
51 97 0.145
51 94 0.065
51 96 0.246
51 59 0.418
51 72 0.011
51 88 0.124
51 58 0.196
51 71 0.226
51 81 0.246
51 91 0.296
51 75 0.302
51 93 0.177
51 66 0.08
51 83 0.211
51 89 0.143
51 68 0.076
51 55 0.122
51 98 0.118
51 78 0.121
52 81 0.732
52 95 0.97
52 69 0.047
52 62 0.927
52 82 0.397
52 76 0.693
52 91 0.798
52 63 0.646
52 64 0.549
52 54 0.183
52 55 0.517
52 57 0.247
52 70 0.183
52 85 0.212
52 88 0.239
52 89 0.306
52 98 0.269
52 53 0.287
52 58 0.081
52 90 0.249
52 59 0.345
52 92 0.074
52 93 0.875
52 74 0.09
52 84 0.305
52 96 0.097
52 65 0.066
52 66 0.331
52 78 0.134
52 86 0.116
52 94 0.581
52 79 0.372
52 56 0.033
52 61 0.364
52 75 0.181
52 73 0.357
52 87 0.15
52 97 0.138
52 71 0.403
52 99 0.173
52 83 0.005
52 77 0.221
52 67 0.282
52 68 0.164
52 72 0.174
53 59 0.225
53 96 0.288
53 91 0.752
53 71 0.821
53 55 0.478
53 66 0.107
53 70 0.231
53 81 0.19
53 82 0.123
53 93 0.487
53 98 0.078
53 63 0.143
53 68 0.472
53 69 0.314
53 72 0.599
53 84 0.324
53 88 0.506
53 97 0.021
53 54 0.356
53 57 0.523
53 61 0.758
53 65 0.048
53 67 0.304
53 73 0.542
53 78 0.331
53 60 0.4
53 62 0.233
53 80 0.456
53 83 0.314
53 75 0.338
53 99 0.479
53 94 0.279
53 58 0.393
53 89 0.421
53 74 0.504
53 76 0.132
53 90 0.058
53 95 0.107
53 77 0.282
53 92 0.084
53 79 0.137
53 64 0.059
53 85 0.133
53 86 0.193
54 55 0.637
54 92 0.405
54 99 0.454
54 70 0.163
54 56 0.939
54 85 0.802
54 59 0.502
54 82 0.12
54 78 0.25
54 67 0.398
54 83 0.741
54 87 0.298
54 58 0.121
54 69 0.045
54 79 0.192
54 89 0.257
54 94 0.444
54 64 0.552
54 76 0.023
54 91 0.401
54 63 0.369
54 65 0.584
54 62 0.415
54 86 0.499
54 61 0.287
54 60 0.394
54 57 0.336
54 97 0.328
54 80 0.658
54 84 0.206
54 88 0.144
54 81 0.414
54 77 0.438
54 71 0.144
54 90 0.071
54 73 0.106
54 96 0.365
54 68 0.264
54 95 0.337
54 74 0.255
54 93 0.096
54 75 0.198
55 86 0.812
55 72 0.983
55 83 0.589
55 93 1
55 90 0.927
55 98 0.299
55 70 1
55 95 0.103
55 79 0.55
55 84 0.24
55 71 0.196
55 80 0.388
55 88 0.219
55 97 0.311
55 99 0.281
55 59 0.648
55 65 0.432
55 66 0.075
55 94 0.13
55 68 0.525
55 76 0.365
55 63 0.521
55 67 0.28
55 81 0.231
55 69 0.234
55 89 0.474
55 87 0.293
55 92 0.634
55 85 0.462
55 96 0.496
55 56 0.148
55 75 0.016
55 60 0.158
55 62 0.172
55 57 0.088
55 64 0.263
55 61 0.263
55 74 0.304
55 73 0.085
55 82 0.24
55 77 0.094
55 91 0.149
55 78 0.231
56 87 0.885
56 58 1
56 80 1
56 99 0.771
56 91 0.762
56 77 0.839
56 78 0.474
56 57 0.809
56 88 0.325
56 94 0.373
56 63 0.425
56 69 0.281
56 70 0.277
56 74 0.297
56 76 0.848
56 89 0.108
56 93 0.282
56 97 0.507
56 82 0.098
56 83 0.252
56 86 0.197
56 67 0.271
56 71 0.026
56 66 0.296
56 60 0.057
56 61 0.583
56 65 0.232
56 75 0.309
56 96 0.129
56 64 0.094
56 72 0.098
56 85 0.226
56 59 0.131
56 92 0.553
56 84 0.376
56 79 0.262
56 68 0.319
56 90 0.11
56 81 0.083
56 95 0.259
56 73 0.107
56 62 0.172
57 62 0.878
57 73 0.944
57 89 0.9
57 91 0.211
57 99 0.335
57 60 0.408
57 61 0.325
57 65 0.488
57 66 0.428
57 69 0.418
57 84 0.067
57 96 0.145
57 58 0.521
57 70 0.38
57 75 0.356
57 86 0.147
57 72 0.209
57 87 0.356
57 83 0.252
57 88 0.249
57 97 0.036
57 78 0.06
57 90 0.36
57 71 0.371
57 63 0.353
57 68 0.119
57 76 0.537
57 77 0.203
57 80 0.036
57 59 0.366
57 79 0.243
57 74 0.225
57 67 0.04
57 82 0.085
57 85 0.237
57 94 0.406
57 81 0.22
57 93 0.212
57 92 0.171
57 98 0.315
58 77 0.902
58 86 0.655
58 78 0.751
58 65 0.345
58 94 0.215
58 74 0.851
58 71 0.326
58 63 0.792
58 89 0.53
58 70 0.096
58 84 0.229
58 90 0.24
58 66 0.391
58 69 0.426
58 82 0.102
58 95 0.468
58 64 0.278
58 80 0.124
58 91 0.49
58 60 0.278
58 68 0.431
58 87 0.032
58 96 0.266
58 79 0.391
58 59 0.353
58 61 0.057
58 99 0.251
58 93 0.333
58 83 0.292
58 75 0.113
58 81 0.044
58 88 0.158
58 76 0.316
58 92 0.177
58 85 0.029
58 73 0.101
58 72 0.152
58 97 0.199
58 62 0.124
59 80 1
59 97 0.303
59 79 0.593
59 71 0.286
59 72 0.172
59 74 0.178
59 83 0.261
59 85 0.513
59 94 0.353
59 70 0.822
59 78 0.65
59 98 0.699
59 73 0.164
59 82 0.103
59 95 0.45
59 99 0.354
59 63 0.052
59 77 0.594
59 68 0.34
59 90 0.124
59 66 0.268
59 93 0.41
59 86 0.105
59 89 0.248
59 88 0.253
59 64 0.264
59 62 0.101
59 84 0.145
59 67 0.25
59 60 0.16
59 69 0.14
59 81 0.087
59 65 0.056
59 91 0.058
59 87 0.228
59 61 0.289
59 92 0.062
59 96 0.075
60 90 0.971
60 80 0.469
60 99 0.219
60 97 0.901
60 72 0.462
60 84 0.584
60 85 0.306
60 63 0.548
60 70 0.533
60 74 0.202
60 86 0.248
60 92 0.513
60 96 0.031
60 66 0.146
60 67 0.016
60 71 0.147
60 91 0.133
60 61 0.453
60 68 0.483
60 75 0.164
60 73 0.114
60 78 0.433
60 93 0.221
60 79 0.175
60 83 0.491
60 77 0.517
60 69 0.375
60 62 0.047
60 95 0.151
60 94 0.443
60 76 0.149
60 81 0.132
60 64 0.098
60 87 0.091
60 88 0.006
60 98 0.045
60 82 0.19
61 76 0.226
61 78 0.937
61 84 0.33
61 85 0.768
61 79 0.723
61 77 0.837
61 63 0.37
61 89 0.373
61 72 0.513
61 83 0.105
61 87 0.221
61 94 0.361
61 97 0.177
61 86 0.405
61 90 0.036
61 98 0.49
61 66 0.327
61 75 0.265
61 70 0.132
61 80 0.438
61 92 0.019
61 93 0.608
61 81 0.238
61 91 0.433
61 69 0.081
61 68 0.147
61 82 0.375
61 74 0.26
61 88 0.296
61 73 0.405
61 62 0.206
61 67 0.122
61 64 0.147
61 71 0.047
61 96 0.148
61 65 0.175
61 99 0.216
62 83 0.83
62 65 0.856
62 94 0.565
62 75 0.21
62 79 0.116
62 67 0.422
62 70 0.713
62 78 0.745
62 98 0.258
62 68 0.492
62 99 0.236
62 85 0.247
62 95 0.815
62 86 0.432
62 77 0.293
62 92 0.439
62 72 0.512
62 93 0.487
62 63 0.154
62 64 0.543
62 96 0.178
62 69 0.573
62 90 0.044
62 87 0.218
62 71 0.161
62 82 0.195
62 73 0.226
62 89 0.24
62 66 0.253
62 76 0.12
62 81 0.191
62 88 0.161
62 91 0.122
62 74 0.065
62 80 0.101
63 69 0.887
63 85 0.346
63 86 0.924
63 76 0.644
63 93 0.958
63 88 0.754
63 65 0.599
63 68 0.363
63 83 0.571
63 89 0.659
63 91 0.563
63 66 0.001
63 70 0.048
63 75 0.376
63 79 0.307
63 96 0.123
63 64 0.14
63 72 0.049
63 98 0.397
63 94 0.328
63 78 0.293
63 92 0.219
63 97 0.046
63 73 0.316
63 77 0.417
63 87 0.356
63 74 0.29
63 71 0.167
63 67 0.083
63 90 0.022
63 95 0.134
63 82 0.189
63 81 0.105
63 80 0.206
63 84 0.147
63 99 0.157
64 67 0.474
64 84 0.245
64 94 0.605
64 91 0.629
64 65 0.451
64 86 0.584
64 89 0.413
64 78 0.639
64 81 0.257
64 71 0.185
64 79 0.361
64 82 0.435
64 92 0.675
64 75 0.287
64 76 0.716
64 80 0.275
64 83 0.221
64 88 0.254
64 77 0.517
64 98 0.264
64 72 0.366
64 95 0.352
64 69 0.02
64 97 0.212
64 74 0.261
64 90 0.33
64 66 0.071
64 96 0.162
64 70 0.074
64 68 0.431
64 73 0.462
64 99 0.069
64 85 0.181
64 87 0.136
64 93 0.181
65 78 1
65 72 0.735
65 74 0.669
65 71 0.138
65 79 0.136
65 73 0.655
65 94 0.052
65 98 0.385
65 77 0.483
65 82 0.012
65 86 0.133
65 87 0.745
65 88 0.238
65 97 0.225
65 81 0.317
65 70 0.704
65 89 0.446
65 95 0.333
65 93 0.353
65 96 0.33
65 75 0.38
65 68 0.341
65 91 0.257
65 80 0.111
65 83 0.17
65 90 0.217
65 69 0.21
65 92 0.138
65 67 0.279
65 76 0.254
65 85 0.133
65 84 0.144
66 73 0.855
66 71 0.94
66 82 1
66 91 0.684
66 89 0.357
66 70 0.822
66 68 0.131
66 80 0.451
66 97 0.236
66 76 0.185
66 77 0.352
66 86 0.12
66 81 0.136
66 84 0.304
66 95 0.394
66 85 0.048
66 92 0.474
66 69 0.584
66 98 0.16
66 83 0.205
66 88 0.392
66 99 0.236
66 87 0.283
66 74 0.065
66 96 0.145
66 90 0.267
66 78 0.081
66 75 0.154
66 93 0.215
66 94 0.117
66 72 0.165
66 79 0.166
67 94 0.707
67 70 0.723
67 86 0.517
67 98 0.408
67 93 0.334
67 97 0.154
67 75 0.307
67 82 0.422
67 88 0.273
67 90 0.198
67 95 0.262
67 71 0.37
67 73 0.662
67 79 0.269
67 89 0.343
67 69 0.056
67 83 0.583
67 91 0.222
67 92 0.04
67 85 0.065
67 87 0.259
67 68 0.166
67 78 0.236
67 74 0.127
67 77 0.253
67 99 0.192
67 80 0.148
67 81 0.029
67 76 0.182
67 96 0.211
67 72 0.096
67 84 0.155
68 90 0.963
68 74 0.302
68 87 1
68 93 0.157
68 97 0.581
68 94 0.238
68 77 0.756
68 88 0.512
68 76 0.393
68 91 0.447
68 92 0.391
68 78 0.021
68 81 0.356
68 83 0.473
68 89 0.584
68 96 0.326
68 69 0.467
68 71 0.193
68 82 0.179
68 86 0.335
68 99 0.657
68 98 0.478
68 80 0.204
68 95 0.11
68 75 0.361
68 85 0.296
68 79 0.236
68 72 0.234
68 84 0.222
69 84 0.637
69 81 0.666
69 79 0.207
69 72 0.155
69 91 0.183
69 92 0.074
69 80 0.19
69 93 0.085
69 87 0.242
69 90 0.601
69 99 0.268
69 78 0.143
69 73 0.233
69 75 0.142
69 74 0.289
69 88 0.212
69 83 0.391
69 85 0.064
69 97 0.165
69 82 0.312
69 77 0.128
69 86 0.2
69 98 0.221
69 70 0.298
69 76 0.186
69 71 0.025
69 89 0.227
70 77 0.958
70 83 0.533
70 95 0.961
70 94 1
70 97 0.806
70 80 0.305
70 90 0.537
70 91 0.268
70 72 0.01
70 79 0.604
70 88 0.226
70 89 0.303
70 75 0.493
70 84 0.72
70 85 0.354
70 96 0.43
70 71 0.347
70 92 0.647
70 99 0.674
70 86 0.059
70 87 0.336
70 78 0.4
70 98 0.203
70 81 0.058
70 73 0.177
70 76 0.189
70 74 0.096
70 93 0.155
70 82 0.18
71 83 0.28
71 89 0.406
71 92 0.301
71 74 0.359
71 78 0.466
71 98 0.325
71 72 0.091
71 73 0.24
71 93 0.262
71 86 0.199
71 77 0.174
71 88 0.051
71 91 0.401
71 80 0.412
71 84 0.12
71 75 0.127
71 90 0.276
71 95 0.413
71 76 0.114
71 82 0.153
71 81 0.066
71 87 0.053
71 94 0.047
71 99 0.29
71 85 0.141
71 96 0.161
71 97 0.095
72 85 0.63
72 88 0.748
72 86 0.631
72 78 0.199
72 87 0.466
72 90 0.384
72 97 0.168
72 99 0.505
72 84 0.118
72 74 0.358
72 80 0.636
72 76 0.472
72 91 0.119
72 83 0.522
72 98 0.237
72 77 0.159
72 96 0.289
72 95 0.272
72 75 0.356
72 79 0.093
72 82 0.112
72 81 0.045
72 89 0.142
72 73 0.281
72 92 0.133
73 74 0.637
73 76 0.846
73 95 1
73 89 0.967
73 99 1
73 91 0.145
73 98 0.213
73 90 0.505
73 83 0.338
73 86 0.233
73 97 0.455
73 87 0.458
73 92 0.396
73 82 0.512
73 79 0.239
73 85 0.255
73 81 0.37
73 75 0.204
73 94 0.186
73 88 0.189
73 84 0.277
73 80 0.124
73 93 0.207
73 77 0.198
73 78 0.139
73 96 0.146
74 77 0.869
74 88 0.359
74 99 0.263
74 86 0.372
74 90 0.341
74 89 0.421
74 80 0.656
74 82 0.217
74 94 0.167
74 81 0.396
74 85 0.171
74 76 0.066
74 98 0.17
74 95 0.37
74 91 0.098
74 97 0.529
74 83 0.15
74 84 0.173
74 93 0.124
74 79 0.362
74 75 0.372
74 78 0.262
74 87 0.05
74 92 0.055
74 96 0.204
75 90 0.286
75 93 0.495
75 84 0.764
75 82 0.298
75 85 0.498
75 94 0.254
75 95 0.241
75 96 0.129
75 97 0.647
75 80 0.446
75 89 0.061
75 91 0.199
75 77 0.1
75 86 0.759
75 78 0.051
75 98 0.558
75 83 0.391
75 81 0.562
75 99 0.135
75 88 0.289
75 79 0.322
75 92 0.223
75 76 0.167
75 87 0.166
76 84 0.88
76 87 1
76 96 1
76 78 0.206
76 86 0.194
76 89 0.133
76 91 0.344
76 80 0.645
76 77 0.848
76 83 0.187
76 92 0.181
76 81 0.397
76 95 0.485
76 79 0.679
76 85 0.065
76 99 0.229
76 94 0.402
76 88 0.268
76 93 0.265
76 97 0.01
76 90 0.123
76 82 0.15
77 92 0.66
77 80 1
77 95 0.878
77 82 0.677
77 84 0.344
77 78 0.166
77 88 0.579
77 85 0.336
77 91 0.398
77 93 0.292
77 98 0.085
77 83 0.377
77 90 0.251
77 99 0.53
77 79 0.269
77 87 0.284
77 97 0.483
77 86 0.464
77 89 0.229
77 96 0.226
78 95 0.752
78 85 0.575
78 80 0.827
78 86 0.34
78 88 0.211
78 89 0.178
78 79 0.18
78 84 0.335
78 91 0.354
78 99 0.242
78 81 0.084
78 90 0.026
78 92 0.095
78 96 0.226
78 98 0.294
78 83 0.23
78 97 0.328
78 93 0.142
78 94 0.069
78 82 0.258
78 87 0.097
79 97 0.085
79 98 0.744
79 81 0.373
79 82 0.178
79 84 0.052
79 88 0.235
79 93 0.449
79 90 0.485
79 85 0.608
79 95 0.442
79 96 0.699
79 86 0.527
79 92 0.549
79 99 0.147
79 83 0.172
79 94 0.18
79 87 0.216
79 91 0.083
79 80 0.118
79 89 0.208
80 84 0.589
80 90 0.613
80 83 0.391
80 88 0.126
80 89 0.039
80 97 0.295
80 91 0.359
80 86 0.311
80 96 0.099
80 98 0.001
80 95 0.372
80 94 0.027
80 99 0.117
80 92 0.078
80 85 0.521
80 82 0.452
80 81 0.18
80 87 0.249
80 93 0.087
81 99 0.503
81 89 0.73
81 83 0.79
81 93 0.159
81 84 0.441
81 95 0.031
81 86 0.224
81 85 0.326
81 96 0.462
81 91 0.039
81 94 0.12
81 97 0.274
81 82 0.05
81 98 0.086
81 87 0.381
81 92 0.139
82 87 0.282
82 96 0.975
82 91 0.536
82 95 0.302
82 83 0.353
82 97 0.28
82 85 0.967
82 93 0.446
82 94 0.044
82 92 0.147
82 98 0.33
82 90 0.238
82 86 0.108
82 99 0.233
82 89 0.021
82 84 0.148
82 88 0.169
83 94 1
83 87 0.735
83 99 0.989
83 92 0.115
83 93 0.768
83 97 0.361
83 95 0.245
83 84 0.668
83 88 0.47
83 89 0.453
83 98 0.526
83 85 0.249
83 86 0.462
83 90 0.031
84 92 0.675
84 94 0.621
84 96 0.419
84 95 0.401
84 93 0.116
84 97 0.455
84 98 0.349
84 91 0.626
84 86 0.791
84 87 0.358
84 88 0.249
84 99 0.462
84 89 0.058
84 85 0.204
84 90 0.24
85 98 0.624
85 92 0.316
85 91 0.196
85 97 0.24
85 94 0.502
85 96 0.52
85 90 0.473
85 86 0.433
85 89 0.322
85 88 0.309
85 99 0.095
85 93 0.288
86 97 0.52
86 95 0.335
86 98 0.217
86 90 0.054
86 92 0.324
86 91 0.114
86 96 0.241
86 87 0.433
86 94 0.138
86 88 0.189
86 99 0.275
86 89 0.206
86 93 0.092
87 92 0.331
87 98 0.711
87 88 0.365
87 90 0.522
87 97 0.467
87 91 0.326
87 93 0.433
87 96 0.47
87 99 0.092
87 89 0.343
87 94 0.235
87 95 0.151
88 92 0.982
88 91 0.412
88 98 0.375
88 90 0.483
88 96 0.481
88 99 0.379
88 97 0.054
88 95 0.109
88 89 0.256
88 93 0.255
88 94 0.201
89 98 0.627
89 96 0.208
89 90 0.241
89 95 0.342
89 99 0.221
89 94 0.251
89 91 0.484
89 97 0.131
90 96 0.479
90 97 0.314
90 91 0.021
90 95 0.038
90 92 0.359
90 93 0.293
90 94 0.048
90 99 0.026
90 98 0.208
91 97 0.711
91 92 0.186
91 95 0.218
91 96 0.319
91 98 0.26
92 93 0.575
92 98 0.526
92 97 0.325
92 96 0.072
92 99 0.144
92 94 0.238
92 95 0.239
93 97 1
93 98 0.925
93 94 0.414
93 99 0.125
93 95 0.46
93 96 0.234
94 95 0.759
94 99 0.291
94 97 0.387
94 98 0.047
94 96 0.187
95 99 0.781
95 97 0.482
95 96 0.377
95 98 0.316
96 98 0.657
96 99 0.166
97 99 0.308
97 98 0.198
98 99 0.105
