0 69 0.739
0 22 0.773
0 55 0.662
0 26 0.749
0 3 0.808
0 41 0.6
0 30 0.932
0 54 0.44
0 67 0.562
0 85 0.451
0 89 0.805
0 28 0.257
0 91 0.973
0 52 0.925
0 57 0.548
0 48 0.453
0 94 0.877
0 90 0.164
0 19 0.327
0 36 0.335
0 45 0.249
0 2 0.236
0 15 0.146
0 33 0.444
0 44 0.436
0 49 0.054
0 50 0.399
0 65 0.408
0 73 0.845
0 5 0.284
0 8 0.161
0 29 0.465
0 37 0.226
0 40 0.601
0 53 0.369
0 66 0.173
0 86 0.611
0 96 0.312
0 42 0.378
0 62 0.332
0 63 0.168
0 75 0.361
0 77 0.427
0 82 0.436
0 31 0.062
0 58 0.098
0 79 0.097
0 84 0.035
0 17 0.269
0 25 0.435
0 23 0.139
0 35 0.71
0 64 0.109
0 24 0.548
0 95 0.179
0 56 0.172
0 74 0.427
0 76 0.231
0 97 0.446
0 47 0.337
0 11 0.301
0 20 0.261
0 68 0.204
0 27 0.206
0 78 0.459
0 71 0.404
0 93 0.544
0 80 0.446
0 39 0.299
0 61 0.543
0 10 0.46
0 59 0.426
0 99 0.334
0 18 0.21
0 70 0.177
0 72 0.482
0 32 0.309
0 83 0.183
0 51 0.183
0 81 0.19
0 43 0.526
0 87 0.305
0 1 0.316
0 21 0.159
0 7 0.197
0 12 0.102
0 4 0.215
0 9 0.115
0 46 0.173
0 16 0.045
0 14 0.215
0 60 0.157
0 88 0.103
0 13 0.171
0 38 0.142
0 98 0.184
1 48 0.616
1 46 0.768
1 42 0.802
1 68 0.385
1 64 0.944
1 3 0.885
1 37 0.593
1 71 0.614
1 82 0.474
1 83 0.673
1 33 0.432
1 66 0.682
1 32 0.863
1 38 0.999
1 86 0.874
1 91 0.362
1 17 0.321
1 24 0.26
1 51 0.221
1 54 0.278
1 12 0.88
1 58 0.152
1 59 0.232
1 63 0.397
1 69 0.288
1 88 0.178
1 93 0.399
1 99 0.408
1 6 0.738
1 25 0.775
1 28 0.201
1 36 0.318
1 44 0.884
1 2 0.214
1 8 0.625
1 27 0.492
1 95 0.74
1 96 0.122
1 98 0.384
1 10 0.232
1 26 0.282
1 49 0.217
1 53 0.408
1 87 0.05
1 72 0.251
1 80 0.514
1 4 0.137
1 65 0.318
1 52 0.407
1 11 0.102
1 22 0.518
1 56 0.446
1 7 0.324
1 21 0.537
1 74 0.185
1 84 0.434
1 16 0.388
1 47 0.238
1 15 0.357
1 75 0.685
1 77 0.103
1 79 0.275
1 97 0.259
1 30 0.176
1 13 0.284
1 61 0.381
1 89 0.273
1 23 0.291
1 78 0.298
1 81 0.201
1 92 0.182
1 39 0.142
1 70 0.254
1 40 0.031
1 43 0.115
1 60 0.171
1 34 0.25
1 5 0.16
1 14 0.072
1 76 0.37
1 9 0.153
1 55 0.021
1 31 0.136
1 35 0.277
1 73 0.166
1 18 0.03
1 45 0.185
1 85 0.26
1 90 0.092
1 50 0.083
1 20 0.024
1 62 0.251
1 67 0.213
1 94 0.203
1 19 0.146
1 41 0.106
1 29 0.15
1 57 0.176
2 13 1
2 48 0.757
2 27 0.617
2 60 0.756
2 71 0.984
2 83 0.711
2 87 0.715
2 46 0.794
2 50 0.746
2 72 0.742
2 51 0.805
2 78 0.065
2 92 0.415
2 96 0.257
2 7 0.125
2 15 0.566
2 16 0.369
2 23 0.32
2 30 0.353
2 31 0.141
2 34 0.15
2 43 0.144
2 52 0.354
2 66 0.665
2 67 0.325
2 69 0.392
2 82 0.136
2 90 0.531
2 98 0.305
2 8 0.251
2 22 0.405
2 25 0.148
2 26 0.255
2 38 0.469
2 39 0.271
2 41 0.141
2 56 0.272
2 75 0.211
2 76 0.467
2 79 0.073
2 95 0.535
2 10 0.486
2 11 0.312
2 18 0.632
2 81 0.483
2 29 0.499
2 53 0.409
2 91 0.444
2 4 0.377
2 62 0.025
2 73 0.429
2 40 0.655
2 93 0.06
2 21 0.332
2 44 0.445
2 59 0.398
2 63 0.327
2 74 0.327
2 88 0.393
2 97 0.021
2 58 0.691
2 3 0.399
2 37 0.226
2 24 0.097
2 61 0.147
2 64 0.272
2 80 0.213
2 84 0.383
2 35 0.16
2 45 0.4
2 6 0.231
2 20 0.242
2 94 0.228
2 54 0.255
2 49 0.244
2 85 0.105
2 28 0.181
2 57 0.369
2 77 0.372
2 70 0.19
2 42 0.157
2 36 0.091
2 86 0.235
2 89 0.387
2 65 0.181
2 32 0.267
2 17 0.164
2 19 0.199
2 47 0.146
2 55 0.126
2 99 0.008
2 5 0.069
2 14 0.252
2 9 0.07
2 33 0.118
2 12 0.126
3 87 0.98
3 22 0.337
3 86 0.245
3 61 0.544
3 64 0.182
3 27 0.516
3 92 0.982
3 11 0.308
3 39 0.639
3 56 0.037
3 12 0.978
3 9 0.645
3 29 0.754
3 44 0.516
3 7 0.326
3 40 0.201
3 76 0.162
3 81 0.877
3 26 0.329
3 45 0.604
3 47 0.164
3 67 0.168
3 75 0.399
3 5 0.414
3 13 0.451
3 15 0.255
3 21 0.483
3 31 0.472
3 57 0.76
3 69 0.429
3 90 0.234
3 93 0.306
3 95 0.849
3 99 0.045
3 24 0.098
3 46 0.455
3 59 0.567
3 68 0.46
3 96 0.568
3 97 0.645
3 16 0.324
3 23 0.251
3 33 0.051
3 42 0.487
3 62 0.29
3 74 0.55
3 35 0.741
3 48 0.349
3 49 0.262
3 84 0.205
3 52 0.399
3 78 0.536
3 83 0.779
3 20 0.305
3 8 0.279
3 19 0.166
3 36 0.111
3 32 0.107
3 51 0.195
3 60 0.278
3 94 0.322
3 14 0.09
3 72 0.199
3 10 0.069
3 38 0.252
3 89 0.306
3 18 0.331
3 34 0.281
3 77 0.497
3 54 0.3
3 73 0.571
3 71 0.311
3 58 0.534
3 55 0.193
3 65 0.387
3 43 0.205
3 30 0.067
3 28 0.411
3 85 0.01
3 4 0.228
3 41 0.046
3 6 0.161
3 82 0.065
3 50 0.166
3 53 0.202
3 17 0.195
3 98 0.139
3 63 0.233
3 70 0.162
3 79 0.003
3 37 0.144
3 66 0.133
4 84 0.846
4 16 0.345
4 39 0.391
4 86 0.768
4 88 0.442
4 99 0.459
4 40 1
4 98 0.86
4 9 0.756
4 95 0.863
4 10 0.718
4 43 0.158
4 73 0.257
4 14 0.235
4 15 0.29
4 22 0.354
4 60 0.909
4 79 0.505
4 7 0.429
4 8 0.243
4 19 0.452
4 27 0.231
4 28 0.163
4 51 0.226
4 52 0.32
4 53 0.591
4 58 0.251
4 81 0.391
4 24 0.075
4 32 0.059
4 49 0.307
4 64 0.353
4 65 0.887
4 77 0.264
4 87 0.401
4 96 0.253
4 30 0.498
4 37 0.051
4 41 0.027
4 69 0.548
4 71 0.229
4 97 0.3
4 21 0.404
4 25 0.195
4 50 0.442
4 54 0.002
4 67 0.664
4 20 0.446
4 45 0.354
4 48 0.19
4 72 0.329
4 13 0.202
4 26 0.407
4 46 0.003
4 12 0.154
4 5 0.715
4 57 0.457
4 68 0.612
4 33 0.214
4 36 0.377
4 29 0.22
4 76 0.406
4 75 0.155
4 82 0.52
4 70 0.301
4 83 0.038
4 34 0.401
4 35 0.402
4 44 0.079
4 78 0.024
4 62 0.411
4 91 0.105
4 93 0.485
4 89 0.195
4 80 0.091
4 42 0.17
4 63 0.119
4 92 0.184
4 55 0.355
4 38 0.201
4 6 0.06
4 31 0.075
4 66 0.054
4 61 0.169
4 56 0.156
4 94 0.175
4 23 0.175
4 47 0.138
4 90 0.179
4 18 0.208
5 78 0.987
5 84 0.429
5 73 0.836
5 52 0.849
5 81 0.707
5 40 0.686
5 77 0.705
5 7 0.684
5 12 0.375
5 23 0.647
5 35 0.6
5 58 0.445
5 74 0.406
5 15 0.912
5 24 0.245
5 28 0.937
5 11 0.621
5 9 0.141
5 68 0.845
5 82 0.341
5 36 0.671
5 14 0.743
5 63 0.176
5 99 0.059
5 8 0.297
5 16 0.492
5 34 0.483
5 60 0.734
5 61 0.161
5 90 0.552
5 10 0.279
5 33 0.229
5 39 0.591
5 42 0.054
5 47 0.776
5 53 0.289
5 55 0.506
5 88 0.222
5 46 0.507
5 50 0.38
5 51 0.092
5 92 0.479
5 96 0.597
5 94 0.14
5 45 0.777
5 89 0.149
5 22 0.427
5 72 0.188
5 41 0.337
5 95 0.262
5 17 0.504
5 29 0.328
5 32 0.464
5 13 0.239
5 37 0.177
5 59 0.329
5 66 0.277
5 76 0.339
5 83 0.802
5 6 0.118
5 54 0.223
5 62 0.178
5 93 0.331
5 21 0.383
5 64 0.113
5 80 0.024
5 30 0.238
5 71 0.284
5 75 0.077
5 97 0.266
5 85 0.174
5 98 0.151
5 20 0.279
5 86 0.343
5 48 0.222
5 56 0.049
5 79 0.113
5 18 0.222
5 25 0.272
5 27 0.177
5 26 0.189
5 57 0.234
5 87 0.244
5 91 0.025
5 31 0.25
5 65 0.204
5 19 0.155
5 38 0.135
5 49 0.122
5 69 0.158
6 59 0.482
6 82 0.332
6 54 0.263
6 37 0.733
6 25 0.461
6 14 0.192
6 30 0.699
6 48 0.312
6 57 0.913
6 63 0.316
6 15 0.977
6 33 0.983
6 47 0.969
6 26 0.927
6 22 0.352
6 35 0.117
6 8 0.627
6 36 0.129
6 44 0.86
6 45 0.483
6 71 0.067
6 74 0.436
6 76 0.562
6 88 0.173
6 94 0.268
6 98 0.073
6 17 0.193
6 20 0.745
6 56 0.324
6 84 0.407
6 93 0.259
6 10 0.123
6 19 0.461
6 50 0.479
6 62 0.242
6 72 0.747
6 77 0.345
6 12 0.176
6 55 0.162
6 64 0.395
6 66 1
6 89 0.245
6 99 0.477
6 13 0.159
6 49 0.783
6 51 0.478
6 70 0.449
6 21 0.338
6 32 0.427
6 96 0.182
6 86 0.039
6 87 0.001
6 90 0.532
6 80 0.115
6 91 0.511
6 39 0.004
6 65 0.654
6 16 0.059
6 73 0.096
6 92 0.232
6 18 0.137
6 83 0.172
6 23 0.164
6 31 0.21
6 34 0.187
6 43 0.46
6 24 0.367
6 46 0.242
6 40 0.072
6 78 0.308
6 11 0.076
6 27 0.305
6 60 0.089
6 68 0.134
6 97 0.052
6 7 0.288
6 9 0.262
6 29 0.024
6 61 0.02
6 81 0.414
6 95 0.386
6 41 0.169
6 42 0.295
6 52 0.022
6 58 0.152
6 75 0.097
6 38 0.269
6 53 0.174
6 79 0.093
6 69 0.122
6 85 0.134
6 28 0.189
6 67 0.154
7 34 0.663
7 41 0.503
7 82 0.869
7 61 1
7 80 0.434
7 48 0.82
7 21 0.363
7 49 0.899
7 55 0.26
7 66 0.688
7 22 0.724
7 32 0.37
7 26 1
7 85 0.71
7 10 0.879
7 50 0.369
7 35 0.044
7 57 0.262
7 84 0.509
7 9 0.664
7 15 0.322
7 39 0.498
7 51 0.262
7 74 0.076
7 75 0.878
7 78 0.291
7 98 0.542
7 25 0.317
7 33 0.425
7 36 0.44
7 71 0.238
7 24 0.094
7 76 0.89
7 14 0.321
7 31 0.405
7 60 0.227
7 11 0.653
7 20 0.114
7 90 0.434
7 13 0.483
7 37 0.02
7 81 0.237
7 86 0.559
7 92 0.175
7 89 0.483
7 96 0.075
7 64 0.217
7 91 0.163
7 17 0.327
7 99 0.351
7 8 0.482
7 69 0.566
7 83 0.067
7 43 0.301
7 52 0.211
7 59 0.145
7 46 0.061
7 67 0.565
7 23 0.43
7 72 0.358
7 56 0.133
7 79 0.152
7 53 0.287
7 63 0.012
7 18 0.206
7 54 0.307
7 45 0.05
7 70 0.179
7 68 0.206
7 88 0.116
7 62 0.127
7 65 0.261
7 12 0.192
7 58 0.17
7 38 0.089
7 87 0.219
7 97 0.414
7 16 0.127
7 27 0.032
7 30 0.252
7 47 0.055
7 40 0.233
7 42 0.185
7 77 0.276
7 95 0.246
7 19 0.096
7 73 0.168
7 93 0.14
7 28 0.138
7 29 0.022
8 47 0.699
8 15 0.974
8 25 0.208
8 41 0.351
8 44 0.459
8 57 0.86
8 11 0.638
8 80 0.87
8 68 0.732
8 51 0.119
8 17 0.85
8 30 0.683
8 31 0.242
8 61 0.66
8 62 0.309
8 88 0.417
8 26 0.761
8 55 0.543
8 73 0.359
8 75 0.569
8 81 0.366
8 96 0.087
8 21 0.121
8 42 0.335
8 58 1
8 65 0.842
8 70 0.323
8 91 0.276
8 94 0.385
8 99 0.328
8 28 0.209
8 29 0.374
8 69 0.603
8 98 0.407
8 19 0.212
8 34 0.373
8 37 0.717
8 45 0.626
8 53 0.298
8 59 0.187
8 95 0.24
8 32 0.501
8 38 0.306
8 84 0.407
8 10 0.38
8 77 0.601
8 83 0.427
8 22 0.494
8 72 0.422
8 64 0.64
8 71 0.842
8 27 0.219
8 74 0.492
8 36 0.539
8 79 0.19
8 46 0.222
8 9 0.344
8 49 0.03
8 66 0.631
8 67 0.29
8 82 0.249
8 12 0.146
8 90 0.61
8 33 0.413
8 50 0.451
8 56 0.004
8 39 0.271
8 85 0.096
8 24 0.132
8 52 0.201
8 23 0.001
8 16 0.344
8 20 0.29
8 43 0.068
8 63 0.169
8 76 0.38
8 35 0.115
8 60 0.154
8 92 0.08
8 54 0.176
8 93 0.185
8 13 0.139
8 18 0.063
8 87 0.302
8 89 0.301
8 40 0.13
9 90 1
9 64 0.949
9 55 0.099
9 88 0.705
9 98 0.807
9 11 0.908
9 19 0.751
9 24 0.48
9 94 0.964
9 23 0.948
9 26 0.497
9 44 0.482
9 38 0.741
9 53 0.909
9 84 0.158
9 27 0.743
9 43 0.19
9 89 0.151
9 31 0.493
9 41 0.559
9 54 0.048
9 63 0.485
9 95 0.59
9 96 0.184
9 18 0.281
9 46 0.17
9 72 0.526
9 74 0.2
9 75 0.239
9 15 0.151
9 22 0.478
9 34 0.371
9 71 0.167
9 25 0.516
9 30 0.326
9 61 0.295
9 81 0.167
9 83 0.157
9 60 0.227
9 79 0.139
9 92 0.065
9 20 0.307
9 48 0.164
9 56 0.369
9 62 0.738
9 77 0.355
9 37 0.485
9 93 0.171
9 28 0.585
9 29 0.469
9 39 0.462
9 49 0.116
9 13 0.169
9 14 0.427
9 36 0.413
9 57 0.607
9 91 0.376
9 47 0.902
9 68 0.332
9 16 0.441
9 32 0.247
9 73 0.266
9 17 0.257
9 12 0.222
9 51 0.26
9 67 0.135
9 85 0.081
9 42 0.092
9 97 0.303
9 69 0.175
9 58 0.309
9 33 0.151
9 21 0.275
9 40 0.168
9 82 0.283
9 35 0.064
9 65 0.371
9 99 0.214
9 70 0.182
9 50 0.14
9 80 0.3
9 59 0.165
9 10 0.139
9 87 0.163
10 20 0.389
10 65 0.482
10 55 1
10 44 0.228
10 33 0.656
10 43 0.462
10 59 0.35
10 94 0.561
10 82 0.414
10 87 0.649
10 64 1.0
10 58 0.384
10 15 0.301
10 17 0.282
10 24 0.566
10 25 0.049
10 38 0.475
10 47 0.099
10 49 0.425
10 60 0.329
10 96 0.394
10 42 1
10 48 0.427
10 69 0.656
10 95 0.529
10 97 0.585
10 37 0.053
10 50 0.523
10 70 0.197
10 78 0.378
10 92 0.701
10 53 0.32
10 73 1
10 56 0.407
10 84 0.44
10 90 0.304
10 12 0.304
10 34 0.105
10 36 0.103
10 52 0.16
10 39 0.329
10 23 0.003
10 62 0.751
10 40 0.274
10 14 0.288
10 22 0.159
10 51 0.658
10 76 0.228
10 99 0.277
10 26 0.515
10 30 0.231
10 75 0.333
10 77 0.164
10 98 0.154
10 11 0.536
10 41 0.35
10 29 0.171
10 28 0.394
10 91 0.17
10 57 0.311
10 46 0.042
10 83 0.663
10 16 0.395
10 45 0.244
10 61 0.159
10 71 0.185
10 93 0.045
10 72 0.058
10 19 0.198
10 88 0.048
10 54 0.335
10 89 0.348
10 31 0.376
10 32 0.359
10 67 0.096
10 68 0.054
10 81 0.173
10 18 0.114
10 27 0.283
10 86 0.171
10 13 0.098
10 66 0.216
10 79 0.108
10 74 0.121
10 21 0.165
10 63 0.133
10 80 0.133
10 85 0.196
11 42 0.729
11 13 0.682
11 66 0.677
11 27 0.195
11 90 1
11 47 0.886
11 49 0.346
11 77 0.314
11 14 0.723
11 19 0.209
11 26 0.356
11 30 0.16
11 36 0.084
11 53 0.166
11 60 0.337
11 76 0.428
11 86 0.155
11 87 0.082
11 96 0.442
11 32 0.43
11 55 0.295
11 57 0.606
11 63 0.54
11 75 0.182
11 80 0.635
11 89 0.479
11 95 0.357
11 46 0.232
11 54 0.295
11 58 0.184
11 81 0.225
11 74 0.083
11 24 0.774
11 28 0.477
11 44 0.232
11 17 0.306
11 33 0.353
11 48 0.354
11 59 0.732
11 98 0.305
11 41 0.247
11 45 0.412
11 70 0.677
11 83 0.266
11 84 0.429
11 94 0.228
11 18 0.529
11 92 0.646
11 93 0.122
11 50 0.284
11 85 0.437
11 91 0.32
11 52 0.475
11 31 0.324
11 68 0.397
11 39 0.341
11 88 0.089
11 78 0.246
11 82 0.237
11 25 0.461
11 37 0.407
11 97 0.372
11 71 0.18
11 21 0.165
11 35 0.109
11 20 0.161
11 69 0.153
11 73 0.478
11 79 0.363
11 16 0.159
11 40 0.176
11 23 0.108
11 72 0.351
11 99 0.22
11 22 0.233
11 29 0.151
11 34 0.127
11 43 0.123
11 51 0.172
11 62 0.002
11 65 0.175
11 12 0.164
11 38 0.168
11 67 0.101
11 15 0.139
11 61 0.16
12 89 0.845
12 53 0.922
12 85 0.765
12 62 0.851
12 13 0.925
12 48 0.636
12 83 0.53
12 39 0.799
12 92 0.945
12 40 0.467
12 54 0.176
12 61 0.385
12 17 0.216
12 26 0.468
12 38 0.302
12 42 0.407
12 43 0.79
12 44 0.146
12 50 0.391
12 57 0.48
12 58 0.378
12 65 0.26
12 70 0.252
12 82 0.527
12 96 0.215
12 24 0.554
12 31 0.631
12 52 0.554
12 59 0.208
12 88 0.388
12 20 0.522
12 34 0.232
12 46 0.415
12 64 0.104
12 66 0.123
12 73 0.728
12 76 0.158
12 18 0.227
12 77 0.668
12 32 0.12
12 41 0.763
12 80 0.337
12 56 0.13
12 84 0.198
12 15 0.409
12 25 0.081
12 78 0.682
12 60 0.407
12 79 0.146
12 68 0.354
12 28 0.409
12 91 0.668
12 71 0.3
12 19 0.104
12 21 0.075
12 74 0.354
12 30 0.462
12 45 0.487
12 55 0.24
12 97 0.139
12 99 0.07
12 27 0.358
12 22 0.302
12 16 0.079
12 49 0.332
12 51 0.267
12 81 0.262
12 63 0.149
12 90 0.065
12 75 0.309
12 87 0.192
12 33 0.035
12 69 0.275
12 98 0.575
12 14 0.018
12 47 0.129
12 37 0.111
12 29 0.007
12 72 0.157
12 94 0.356
12 95 0.154
12 67 0.231
13 48 0.839
13 78 0.455
13 27 0.729
13 31 0.54
13 14 1
13 60 0.929
13 56 0.227
13 97 1
13 87 0.954
13 35 0.834
13 80 0.814
13 84 0.769
13 17 0.52
13 23 0.748
13 63 0.626
13 92 0.679
13 58 0.954
13 24 0.38
13 19 0.267
13 18 0.066
13 83 0.533
13 29 0.532
13 33 0.453
13 36 0.311
13 40 0.355
13 73 0.297
13 75 0.425
13 90 0.158
13 21 0.514
13 34 0.252
13 38 0.053
13 47 0.269
13 57 0.685
13 91 0.632
13 41 0.293
13 45 0.232
13 16 0.125
13 76 0.101
13 77 0.494
13 79 0.232
13 85 0.429
13 96 0.453
13 20 0.563
13 26 0.178
13 37 0.226
13 62 0.147
13 94 0.18
13 98 0.681
13 39 0.487
13 54 0.433
13 69 0.47
13 81 0.409
13 99 0.173
13 30 0.124
13 32 0.203
13 28 0.433
13 46 0.735
13 86 0.155
13 55 0.192
13 88 0.696
13 68 0.021
13 89 0.34
13 71 0.266
13 82 0.106
13 74 0.38
13 43 0.038
13 66 0.543
13 65 0.202
13 22 0.344
13 93 0.311
13 44 0.348
13 53 0.312
13 59 0.094
13 61 0.294
13 95 0.501
13 50 0.178
13 67 0.166
13 70 0.119
13 25 0.178
13 51 0.123
13 64 0.204
13 72 0.322
13 42 0.125
13 52 0.193
14 42 0.52
14 59 0.772
14 62 0.981
14 17 0.541
14 77 0.883
14 47 0.107
14 91 1
14 53 0.768
14 65 0.346
14 16 0.396
14 20 0.372
14 21 0.579
14 29 0.346
14 31 0.686
14 44 0.651
14 45 0.186
14 61 0.52
14 63 0.193
14 15 0.16
14 22 0.592
14 25 0.362
14 37 0.355
14 39 0.394
14 80 0.118
14 81 0.336
14 87 0.737
14 98 0.56
14 41 0.374
14 57 0.451
14 66 0.11
14 72 0.495
14 92 0.501
14 51 0.459
14 19 0.517
14 28 0.363
14 43 0.306
14 49 0.096
14 99 0.392
14 18 0.05
14 24 0.465
14 58 0.248
14 89 0.517
14 96 0.34
14 60 0.264
14 93 0.249
14 35 0.478
14 38 0.614
14 82 0.936
14 86 0.165
14 70 0.235
14 84 0.267
14 67 0.124
14 64 0.209
14 48 0.231
14 83 0.715
14 55 0.696
14 75 0.326
14 32 0.143
14 69 0.414
14 56 0.549
14 88 0.263
14 30 0.341
14 68 0.319
14 27 0.151
14 23 0.142
14 85 0.335
14 26 0.158
14 33 0.156
14 54 0.136
14 90 0.191
14 34 0.046
14 71 0.13
14 50 0.305
14 95 0.187
14 40 0.116
14 97 0.291
14 94 0.111
14 74 0.179
14 76 0.063
14 46 0.012
14 78 0.021
14 52 0.091
14 73 0.144
15 97 0.688
15 24 0.133
15 92 0.435
15 95 0.72
15 30 0.23
15 49 0.046
15 63 0.474
15 45 0.653
15 66 0.23
15 94 0.221
15 77 0.08
15 21 0.127
15 28 0.435
15 37 0.596
15 47 0.753
15 50 0.244
15 65 0.681
15 71 0.39
15 78 1
15 79 0.225
15 89 0.273
15 93 0.235
15 31 0.185
15 32 0.223
15 46 0.183
15 51 0.488
15 56 0.535
15 68 0.574
15 18 0.575
15 60 0.663
15 62 0.851
15 72 0.273
15 76 0.469
15 96 0.297
15 35 0.345
15 17 0.335
15 25 0.658
15 39 0.409
15 53 0.491
15 81 0.55
15 29 0.5
15 80 0.202
15 88 0.241
15 75 0.826
15 19 0.516
15 22 0.09
15 26 0.715
15 73 0.573
15 98 0.232
15 33 0.285
15 16 0.128
15 83 0.232
15 99 0.217
15 48 0.391
15 91 0.358
15 44 0.209
15 74 0.028
15 41 0.574
15 61 0.172
15 70 0.22
15 69 0.305
15 67 0.059
15 87 0.013
15 57 0.227
15 55 0.327
15 58 0.016
15 54 0.276
15 84 0.058
15 23 0.467
15 27 0.231
15 42 0.149
15 90 0.461
15 36 0.464
15 40 0.042
15 86 0.196
15 38 0.15
15 82 0.241
15 85 0.379
15 20 0.044
15 34 0.124
15 52 0.193
15 59 0.05
15 64 0.252
16 47 0.874
16 91 0.836
16 30 0.674
16 43 0.815
16 64 0.853
16 68 0.793
16 88 0.305
16 96 0.796
16 22 0.779
16 46 0.214
16 69 0.62
16 73 0.482
16 92 0.353
16 98 0.508
16 24 0.12
16 27 0.069
16 29 0.324
16 55 0.229
16 70 0.958
16 84 0.754
16 23 0.424
16 31 0.39
16 40 0.464
16 49 0.444
16 71 0.42
16 80 0.161
16 85 0.122
16 90 0.372
16 93 0.594
16 18 0.071
16 34 0.316
16 52 0.389
16 54 0.434
16 65 0.279
16 95 0.517
16 44 0.166
16 58 0.186
16 50 0.402
16 28 0.424
16 57 0.609
16 19 0.317
16 48 0.358
16 67 0.314
16 21 0.073
16 99 0.642
16 39 0.095
16 66 0.272
16 20 0.519
16 61 0.435
16 78 0.266
16 89 0.063
16 87 0.102
16 62 0.355
16 72 0.356
16 86 0.431
16 63 0.134
16 75 0.455
16 83 0.386
16 33 0.143
16 32 0.067
16 26 0.179
16 94 0.001
16 77 0.193
16 25 0.358
16 56 0.184
16 79 0.264
16 37 0.126
16 38 0.107
16 51 0.144
16 97 0.064
16 76 0.172
16 60 0.333
16 45 0.209
16 36 0.023
16 53 0.107
16 41 0.073
16 81 0.05
16 42 0.143
17 93 0.442
17 37 0.4
17 81 0.956
17 21 0.622
17 57 0.51
17 65 0.986
17 96 0.228
17 94 0.863
17 60 0.516
17 63 0.151
17 49 0.272
17 50 0.287
17 19 0.398
17 28 0.293
17 46 0.4
17 48 0.498
17 51 0.226
17 53 0.227
17 55 0.344
17 79 0.221
17 83 0.549
17 66 0.145
17 70 0.216
17 71 0.556
17 86 0.534
17 90 0.242
17 92 0.41
17 43 0.494
17 52 0.224
17 72 0.607
17 78 0.187
17 27 0.685
17 35 0.533
17 56 0.239
17 58 0.28
17 75 0.404
17 77 0.302
17 82 0.357
17 80 0.107
17 39 0.419
17 54 0.114
17 88 0.292
17 29 0.222
17 30 0.639
17 41 0.321
17 87 0.285
17 85 0.192
17 36 0.215
17 61 0.142
17 69 0.794
17 45 0.308
17 97 0.281
17 38 0.543
17 40 0.228
17 67 0.113
17 25 0.058
17 76 0.101
17 33 0.137
17 26 0.421
17 68 0.279
17 74 0.104
17 31 0.365
17 22 0.037
17 98 0.169
17 44 0.187
17 59 0.048
17 73 0.207
17 18 0.077
17 23 0.039
17 95 0.048
17 32 0.027
17 91 0.164
17 99 0.276
17 47 0.222
17 84 0.19
17 20 0.106
17 24 0.166
17 42 0.138
17 62 0.16
17 64 0.151
17 89 0.162
18 44 0.592
18 40 0.446
18 47 0.824
18 59 0.723
18 23 0.222
18 80 0.996
18 79 1
18 71 0.445
18 37 0.033
18 86 0.436
18 22 0.141
18 33 0.343
18 48 0.726
18 49 0.465
18 50 0.462
18 63 0.438
18 67 0.055
18 68 0.687
18 70 0.142
18 74 0.691
18 83 0.251
18 89 0.521
18 91 0.534
18 92 0.476
18 99 0.08
18 21 0.297
18 31 0.205
18 36 0.398
18 56 0.603
18 64 0.266
18 66 0.394
18 76 0.367
18 81 0.298
18 85 0.483
18 19 0.371
18 27 0.198
18 45 0.59
18 46 0.742
18 53 0.371
18 58 0.673
18 87 0.483
18 95 0.384
18 28 0.87
18 41 0.63
18 52 0.658
18 96 0.5
18 65 0.505
18 82 0.264
18 88 0.237
18 32 0.505
18 42 0.265
18 39 0.228
18 62 0.264
18 54 0.329
18 30 0.414
18 25 0.453
18 98 0.118
18 72 0.142
18 26 0.124
18 93 0.332
18 55 0.064
18 78 0.064
18 84 0.273
18 94 0.336
18 97 0.354
18 34 0.424
18 38 0.256
18 73 0.699
18 20 0.248
18 43 0.058
18 61 0.184
18 51 0.237
18 60 0.062
18 75 0.186
18 57 0.109
18 77 0.023
18 90 0.189
18 35 0.081
18 69 0.146
19 62 0.933
19 23 0.929
19 37 0.443
19 86 0.92
19 24 0.792
19 49 0.569
19 38 0.768
19 83 0.979
19 20 1
19 29 0.546
19 34 0.987
19 54 0.764
19 74 0.655
19 35 0.796
19 99 0.798
19 39 0.604
19 46 0.624
19 57 0.998
19 21 0.661
19 60 0.212
19 88 0.654
19 26 0.049
19 32 0.39
19 40 0.186
19 68 0.254
19 71 0.54
19 73 0.156
19 22 0.4
19 31 0.18
19 45 0.441
19 55 0.153
19 69 0.229
19 85 0.562
19 30 0.367
19 41 0.806
19 59 0.439
19 65 0.145
19 66 0.294
19 82 0.407
19 89 0.38
19 27 0.176
19 90 0.368
19 92 0.562
19 93 0.223
19 42 0.063
19 61 0.431
19 87 0.209
19 51 0.378
19 25 0.217
19 63 0.2
19 70 0.364
19 28 0.942
19 67 0.24
19 64 0.412
19 79 0.624
19 48 0.284
19 43 0.895
19 52 0.248
19 84 0.221
19 81 0.073
19 36 0.078
19 50 0.491
19 95 0.373
19 98 0.534
19 33 0.461
19 58 0.187
19 47 0.644
19 53 0.417
19 77 0.221
19 72 0.436
19 91 0.289
19 94 0.091
19 56 0.357
19 76 0.184
19 96 0.175
19 75 0.146
19 80 0.126
20 44 0.653
20 32 0.595
20 99 0.699
20 84 0.848
20 96 0.498
20 34 0.12
20 49 0.423
20 52 0.525
20 86 0.754
20 77 1
20 91 0.85
20 48 0.557
20 70 0.788
20 30 0.482
20 93 0.172
20 24 0.188
20 43 0.076
20 45 0.126
20 73 0.388
20 74 0.29
20 79 0.027
20 21 0.616
20 29 0.484
20 42 0.136
20 58 0.351
20 62 0.215
20 76 0.197
20 87 0.322
20 23 0.417
20 25 0.545
20 27 0.185
20 33 0.198
20 68 0.651
20 89 0.516
20 92 0.352
20 95 0.222
20 60 0.386
20 72 0.455
20 81 0.683
20 56 0.228
20 80 0.362
20 90 0.242
20 46 0.147
20 54 0.282
20 47 0.35
20 53 0.286
20 65 0.753
20 59 0.101
20 31 0.349
20 67 0.337
20 36 0.133
20 75 0.383
20 82 0.335
20 38 0.54
20 98 0.119
20 66 0.046
20 35 0.21
20 57 0.4
20 41 0.149
20 39 0.136
20 97 0.21
20 61 0.563
20 55 0.151
20 83 0.399
20 26 0.273
20 28 0.331
20 69 0.158
20 71 0.125
20 85 0.081
20 64 0.253
20 78 0.141
20 94 0.128
20 22 0.187
21 59 0.698
21 71 0.414
21 29 0.882
21 41 0.912
21 95 0.663
21 36 0.446
21 27 0.825
21 49 0.661
21 77 0.622
21 38 0.851
21 45 0.747
21 30 0.645
21 97 0.375
21 51 0.211
21 44 0.505
21 53 0.465
21 61 0.534
21 89 0.281
21 99 0.259
21 48 0.174
21 54 0.213
21 56 0.544
21 64 0.464
21 75 0.208
21 84 0.134
21 28 0.249
21 34 0.153
21 35 0.348
21 72 0.532
21 74 0.619
21 87 0.367
21 22 0.377
21 47 0.12
21 62 0.15
21 32 0.125
21 50 0.035
21 70 0.263
21 63 0.207
21 23 0.112
21 26 0.274
21 52 0.176
21 37 0.354
21 68 0.305
21 98 0.334
21 90 0.321
21 69 0.547
21 78 0.203
21 86 0.534
21 94 0.324
21 43 0.572
21 31 0.231
21 25 0.63
21 82 0.181
21 81 0.241
21 93 0.3
21 60 0.326
21 42 0.163
21 83 0.354
21 24 0.398
21 65 0.479
21 85 0.082
21 33 0.375
21 76 0.207
21 88 0.125
21 67 0.321
21 92 0.114
21 66 0.23
21 46 0.048
21 39 0.251
21 55 0.242
21 80 0.071
21 58 0.039
21 96 0.159
21 57 0.056
21 91 0.187
21 40 0.111
21 73 0.124
22 37 0.96
22 47 0.381
22 53 0.811
22 80 0.74
22 87 0.381
22 28 0.195
22 45 0.383
22 64 0.939
22 67 0.794
22 51 0.382
22 59 0.674
22 74 0.543
22 76 0.578
22 36 0.435
22 43 0.415
22 90 0.17
22 65 0.285
22 79 0.37
22 27 1
22 71 0.929
22 88 0.303
22 23 0.195
22 24 0.233
22 52 0.18
22 68 0.337
22 94 0.599
22 40 0.273
22 44 0.088
22 49 0.184
22 61 0.531
22 62 0.086
22 55 0.279
22 60 0.159
22 42 0.33
22 56 0.248
22 86 0.299
22 83 0.357
22 85 0.434
22 91 0.592
22 98 0.228
22 41 0.26
22 93 0.507
22 30 0.223
22 46 0.598
22 25 0.688
22 34 0.159
22 97 0.089
22 39 0.339
22 66 0.066
22 48 0.328
22 72 0.058
22 73 0.104
22 50 0.026
22 57 0.099
22 92 0.483
22 75 0.235
22 99 0.253
22 63 0.142
22 96 0.341
22 33 0.586
22 54 0.159
22 32 0.272
22 31 0.384
22 89 0.058
22 29 0.062
22 81 0.32
22 84 0.276
22 26 0.174
22 35 0.246
22 82 0.337
22 58 0.208
22 70 0.291
22 77 0.142
22 38 0.105
22 95 0.052
22 78 0.126
23 25 0.792
23 67 0.538
23 35 0.752
23 40 1
23 48 0.881
23 53 0.516
23 74 0.836
23 83 0.871
23 92 0.975
23 99 0.702
23 46 0.937
23 95 0.914
23 65 0.575
23 24 0.479
23 29 0.186
23 34 0.315
23 44 0.059
23 49 0.435
23 77 0.179
23 54 0.566
23 55 0.204
23 45 0.284
23 64 0.302
23 33 0.578
23 75 0.274
23 79 0.038
23 26 0.134
23 38 0.151
23 80 0.254
23 97 0.291
23 89 0.063
23 96 0.341
23 62 0.221
23 68 0.122
23 42 0.148
23 78 0.252
23 91 0.422
23 57 0.222
23 90 0.323
23 41 0.492
23 86 0.093
23 50 0.082
23 87 0.585
23 93 0.396
23 98 0.3
23 85 0.091
23 56 0.376
23 82 0.255
23 61 0.428
23 76 0.265
23 58 0.05
23 63 0.497
23 30 0.085
23 52 0.329
23 81 0.208
23 28 0.147
23 70 0.322
23 60 0.467
23 72 0.146
23 84 0.154
23 31 0.103
23 69 0.215
23 94 0.338
23 39 0.224
23 47 0.277
23 59 0.216
23 27 0.084
23 32 0.168
23 36 0.078
23 43 0.193
23 66 0.143
23 71 0.129
23 73 0.163
24 67 0.997
24 56 0.864
24 73 0.813
24 32 0.882
24 54 0.213
24 84 0.502
24 86 0.107
24 89 0.38
24 97 0.316
24 29 0.225
24 37 0.229
24 38 0.338
24 43 0.388
24 71 0.07
24 74 0.404
24 93 0.397
24 95 0.798
24 33 0.175
24 51 0.516
24 52 0.559
24 65 0.716
24 25 0.279
24 39 0.158
24 49 0.4
24 50 0.303
24 81 0.216
24 82 0.408
24 91 0.518
24 99 0.394
24 70 0.739
24 72 0.41
24 78 0.5
24 58 0.294
24 90 0.558
24 40 0.415
24 48 0.708
24 62 0.397
24 96 0.482
24 77 0.174
24 87 0.125
24 28 0.249
24 41 0.54
24 53 0.214
24 47 0.517
24 55 0.758
24 60 0.124
24 34 0.147
24 59 0.473
24 26 0.426
24 30 0.341
24 35 0.092
24 45 0.17
24 83 0.497
24 80 0.12
24 27 0.244
24 36 0.229
24 61 0.424
24 46 0.192
24 66 0.226
24 31 0.223
24 85 0.263
24 69 0.198
24 94 0.283
24 98 0.081
24 68 0.239
24 76 0.127
24 75 0.172
24 88 0.108
24 57 0.059
24 42 0.128
24 79 0.186
24 63 0.046
24 92 0.107
24 64 0.234
24 44 0.108
25 39 0.733
25 76 0.811
25 49 0.784
25 60 0.914
25 53 0.773
25 72 0.277
25 48 0.538
25 33 0.681
25 42 0.861
25 96 0.662
25 82 0.811
25 38 0.957
25 43 0.583
25 90 0.419
25 27 0.195
25 69 0.15
25 79 0.31
25 26 0.015
25 32 0.277
25 34 0.065
25 62 0.336
25 77 0.363
25 86 0.063
25 97 0.493
25 35 1
25 56 0.429
25 58 0.101
25 71 0.363
25 74 0.147
25 80 0.35
25 88 0.359
25 87 0.27
25 91 0.513
25 93 0.266
25 98 0.155
25 68 0.366
25 78 0.112
25 46 0.172
25 83 0.436
25 89 0.547
25 50 0.685
25 65 0.145
25 73 0.282
25 95 0.802
25 44 0.57
25 54 0.46
25 66 0.202
25 75 0.279
25 84 0.369
25 61 0.582
25 81 0.659
25 59 0.151
25 31 0.33
25 47 0.513
25 64 0.147
25 51 0.358
25 99 0.183
25 70 0.468
25 29 0.473
25 41 0.419
25 94 0.153
25 55 0.509
25 57 0.108
25 30 0.441
25 63 0.106
25 36 0.237
25 40 0.077
25 67 0.161
25 52 0.155
25 45 0.279
25 85 0.116
25 92 0.183
25 37 0.122
26 32 0.905
26 66 0.858
26 36 0.534
26 87 0.245
26 62 0.625
26 57 0.853
26 64 0.737
26 28 0.696
26 65 0.837
26 90 0.452
26 54 0.767
26 72 0.363
26 83 0.217
26 94 0.631
26 37 0.339
26 42 0.55
26 51 0.405
26 68 0.359
26 70 0.418
26 71 0.446
26 73 0.573
26 80 0.266
26 92 0.43
26 95 0.468
26 41 0.074
26 59 0.62
26 67 0.476
26 75 0.302
26 78 0.386
26 85 0.343
26 89 0.65
26 98 0.317
26 43 0.575
26 48 0.904
26 50 0.379
26 60 0.707
26 96 0.655
26 47 0.292
26 29 0.101
26 77 0.087
26 84 0.464
26 76 0.255
26 88 0.332
26 39 0.409
26 86 0.192
26 30 0.392
26 79 0.312
26 91 0.575
26 99 0.298
26 46 0.135
26 53 0.601
26 69 0.451
26 93 0.333
26 35 0.323
26 55 0.322
26 82 0.175
26 97 0.267
26 52 0.137
26 45 0.203
26 81 0.069
26 34 0.232
26 58 0.009
26 38 0.009
26 61 0.193
26 74 0.401
26 56 0.558
26 27 0.207
26 40 0.223
26 63 0.101
26 33 0.091
26 49 0.171
27 85 0.877
27 97 0.576
27 39 0.496
27 46 0.437
27 68 0.672
27 53 0.726
27 37 1
27 71 0.781
27 89 0.543
27 36 0.478
27 82 0.653
27 58 0.703
27 70 0.077
27 52 0.902
27 92 0.196
27 42 0.443
27 55 0.244
27 65 0.119
27 86 0.25
27 99 0.488
27 30 0.234
27 32 0.506
27 66 0.56
27 75 0.676
27 84 0.467
27 95 0.281
27 96 0.154
27 34 0.281
27 83 0.073
27 94 0.302
27 33 0.623
27 87 0.628
27 35 0.011
27 48 0.356
27 72 0.724
27 47 0.396
27 73 0.695
27 50 0.119
27 67 0.241
27 91 0.426
27 38 0.522
27 40 0.335
27 88 0.453
27 90 0.429
27 41 0.139
27 45 0.5
27 79 0.22
27 77 0.424
27 81 0.075
27 93 0.621
27 57 0.281
27 43 0.279
27 44 0.246
27 61 0.563
27 29 0.684
27 59 0.483
27 60 0.371
27 51 0.589
27 78 0.238
27 56 0.373
27 62 0.313
27 49 0.035
27 63 0.35
27 69 0.328
27 74 0.338
27 28 0.234
27 54 0.088
27 80 0.084
27 76 0.11
28 96 0.81
28 42 0.829
28 55 0.992
28 82 0.55
28 99 0.855
28 76 0.917
28 63 0.969
28 29 0.652
28 41 0.59
28 58 0.268
28 67 0.915
28 47 1
28 40 0.24
28 71 0.454
28 43 0.372
28 51 0.329
28 88 0.536
28 38 0.077
28 53 0.125
28 64 0.561
28 80 0.711
28 86 0.391
28 97 0.637
28 60 0.231
28 56 0.166
28 59 0.181
28 66 0.484
28 68 0.171
28 79 0.486
28 84 0.264
28 92 0.788
28 98 0.158
28 81 0.238
28 36 0.514
28 46 0.523
28 85 0.315
28 44 0.284
28 70 0.215
28 90 0.236
28 91 0.078
28 95 0.196
28 54 0.152
28 50 0.326
28 83 0.254
28 37 0.322
28 77 0.453
28 69 0.283
28 33 0.202
28 32 0.084
28 72 0.234
28 48 0.361
28 31 0.049
28 49 0.3
28 65 0.473
28 45 0.156
28 93 0.317
28 78 0.109
28 52 0.323
28 35 0.044
28 94 0.259
28 62 0.256
28 30 0.147
28 39 0.169
28 89 0.045
28 61 0.211
28 87 0.108
29 35 0.338
29 69 0.793
29 89 0.622
29 61 0.938
29 84 0.442
29 95 0.849
29 37 0.529
29 55 0.44
29 34 0.382
29 36 0.682
29 53 0.567
29 79 0.188
29 96 0.454
29 38 0.566
29 57 0.08
29 62 0.235
29 70 0.176
29 92 0.386
29 99 0.235
29 31 0.316
29 32 0.053
29 45 0.354
29 49 0.601
29 74 0.468
29 87 0.717
29 30 0.506
29 47 0.225
29 51 0.095
29 80 0.867
29 94 0.178
29 44 0.221
29 59 0.186
29 91 0.705
29 33 0.139
29 56 0.462
29 75 0.384
29 42 0.177
29 85 0.177
29 97 0.372
29 93 0.092
29 67 0.236
29 68 0.312
29 41 0.28
29 58 0.237
29 77 0.046
29 76 0.129
29 66 0.571
29 83 0.23
29 43 0.071
29 73 0.344
29 54 0.671
29 60 0.374
29 64 0.31
29 65 0.237
29 88 0.058
29 52 0.23
29 63 0.172
29 71 0.337
29 86 0.294
29 98 0.498
29 90 0.026
29 82 0.081
29 39 0.253
29 40 0.156
29 46 0.143
29 81 0.129
29 78 0.192
30 87 0.79
30 74 0.663
30 78 0.196
30 84 0.911
30 69 0.848
30 38 0.734
30 43 0.774
30 99 0.668
30 59 0.561
30 64 0.115
30 94 0.093
30 34 0.387
30 37 0.709
30 41 0.404
30 50 0.495
30 72 0.566
30 39 0.217
30 53 0.505
30 57 0.221
30 77 0.549
30 80 0.673
30 82 0.262
30 62 0.213
30 71 0.627
30 91 0.17
30 46 0.634
30 66 0.384
30 67 0.928
30 81 0.14
30 35 0.342
30 40 0.902
30 44 0.26
30 61 0.324
30 63 0.012
30 98 0.207
30 68 0.491
30 83 0.201
30 48 0.056
30 73 0.338
30 33 0.384
30 49 0.301
30 75 0.347
30 79 0.065
30 36 0.245
30 54 0.704
30 58 0.392
30 88 0.268
30 95 0.367
30 56 0.683
30 55 0.436
30 60 0.092
30 47 0.259
30 93 0.524
30 85 0.137
30 51 0.174
30 45 0.31
30 96 0.257
30 70 0.039
30 97 0.212
30 92 0.129
30 31 0.258
30 86 0.304
30 89 0.196
30 65 0.055
30 52 0.229
30 76 0.008
30 90 0.049
30 32 0.154
31 43 1
31 85 0.933
31 90 0.921
31 32 0.799
31 36 0.867
31 55 0.079
31 59 0.815
31 80 0.512
31 96 0.533
31 41 0.687
31 81 0.878
31 67 0.824
31 99 0.737
31 97 0.474
31 38 0.447
31 39 0.519
31 45 0.031
31 73 0.427
31 76 0.502
31 78 0.823
31 44 0.442
31 50 0.243
31 86 0.42
31 88 0.179
31 93 0.472
31 58 0.901
31 61 0.234
31 48 0.271
31 49 0.769
31 54 0.422
31 47 0.569
31 60 0.418
31 35 0.216
31 42 0.29
31 52 0.452
31 57 0.244
31 40 0.331
31 46 0.238
31 94 0.429
31 87 0.293
31 64 0.325
31 91 0.274
31 92 0.033
31 51 0.178
31 83 0.274
31 63 0.268
31 95 0.416
31 69 0.097
31 75 0.258
31 53 0.853
31 71 0.163
31 77 0.163
31 33 0.009
31 62 0.089
31 70 0.579
31 34 0.174
31 82 0.237
31 72 0.164
31 84 0.245
31 56 0.125
31 98 0.12
31 89 0.204
31 65 0.145
31 37 0.302
31 66 0.155
31 68 0.19
31 74 0.091
32 84 0.675
32 56 0.539
32 69 0.481
32 93 0.946
32 73 0.868
32 39 0.699
32 46 0.184
32 80 0.279
32 59 0.53
32 85 0.39
32 36 0.349
32 50 0.345
32 77 0.353
32 95 0.161
32 99 0.833
32 52 0.422
32 55 0.181
32 97 0.47
32 40 0.321
32 34 0.549
32 35 0.398
32 63 0.708
32 92 0.399
32 33 0.469
32 54 0.295
32 91 0.335
32 60 0.584
32 79 0.119
32 90 0.722
32 45 0.134
32 75 0.748
32 51 0.216
32 65 0.087
32 42 0.231
32 67 0.406
32 86 0.46
32 94 0.171
32 41 0.504
32 62 0.831
32 58 0.205
32 98 0.261
32 37 0.193
32 81 0.005
32 57 0.326
32 74 0.218
32 71 0.174
32 64 0.224
32 76 0.337
32 83 0.248
32 87 0.048
32 88 0.26
32 38 0.287
32 43 0.246
32 53 0.058
32 48 0.131
32 78 0.261
32 49 0.035
32 61 0.224
32 68 0.077
32 96 0.139
32 47 0.115
32 70 0.16
32 82 0.03
32 89 0.231
32 44 0.215
32 66 0.086
32 72 0.17
33 44 0.86
33 63 0.814
33 71 0.815
33 50 0.812
33 60 1
33 61 0.758
33 85 0.254
33 89 0.908
33 75 0.911
33 56 0.927
33 97 0.7
33 49 0.102
33 92 0.301
33 34 0.275
33 36 0.858
33 37 0.863
33 47 0.879
33 70 0.305
33 73 0.087
33 78 0.362
33 87 0.048
33 94 0.019
33 42 0.55
33 91 0.068
33 55 0.275
33 59 0.46
33 83 0.688
33 86 0.466
33 38 0.764
33 58 0.248
33 51 0.263
33 68 0.484
33 53 0.024
33 57 0.382
33 74 0.705
33 88 0.478
33 65 0.355
33 69 0.039
33 62 0.121
33 84 0.39
33 82 0.461
33 41 0.16
33 48 0.298
33 66 0.51
33 76 0.105
33 81 0.22
33 67 0.317
33 46 0.088
33 43 0.255
33 90 0.319
33 45 0.049
33 77 0.124
33 98 0.38
33 35 0.119
33 52 0.166
33 54 0.116
33 39 0.164
33 79 0.202
33 64 0.2
33 72 0.063
33 96 0.128
34 43 0.767
34 74 0.814
34 44 0.623
34 75 0.364
34 96 0.751
34 66 0.448
34 84 0.404
34 89 0.96
34 64 0.702
34 59 0.914
34 53 0.364
34 87 0.364
34 94 0.188
34 54 0.354
34 63 0.211
34 70 0.032
34 72 0.263
34 37 0.137
34 50 0.465
34 56 0.299
34 57 0.651
34 58 0.051
34 61 0.362
34 68 0.323
34 76 0.16
34 36 0.259
34 45 0.094
34 46 0.628
34 35 0.037
34 42 0.227
34 48 0.635
34 97 0.409
34 38 0.656
34 81 0.305
34 39 0.366
34 55 0.332
34 67 0.281
34 49 0.305
34 60 0.138
34 79 0.307
34 91 0.588
34 65 0.178
34 99 0.385
34 51 0.41
34 71 0.435
34 95 0.421
34 69 0.397
34 41 0.08
34 52 0.621
34 92 0.212
34 73 0.435
34 85 0.38
34 83 0.351
34 40 0.339
34 47 0.101
34 62 0.417
34 82 0.159
34 88 0.229
34 98 0.079
34 80 0.082
34 86 0.219
34 90 0.249
34 93 0.256
34 78 0.074
34 77 0.17
35 37 0.724
35 54 0.694
35 59 0.716
35 63 1
35 88 0.739
35 78 0.379
35 91 0.393
35 79 0.403
35 38 0.739
35 41 0.427
35 49 0.101
35 64 0.72
35 67 0.563
35 70 0.153
35 75 0.149
35 81 0.312
35 90 0.451
35 45 0.457
35 89 0.621
35 93 0.235
35 96 0.138
35 56 0.22
35 80 0.299
35 83 0.633
35 97 0.311
35 58 0.325
35 82 0.011
35 71 0.012
35 77 0.377
35 53 0.234
35 86 0.368
35 87 0.242
35 73 0.245
35 69 0.201
35 95 0.138
35 60 0.137
35 43 0.545
35 85 0.299
35 42 0.246
35 68 0.314
35 36 0.244
35 51 0.278
35 66 0.347
35 72 0.133
35 62 0.281
35 57 0.221
35 47 0.335
35 40 0.429
35 61 0.38
35 39 0.303
35 98 0.076
35 46 0.248
35 50 0.055
35 55 0.05
35 99 0.398
35 48 0.074
35 52 0.257
35 94 0.17
35 44 0.267
35 74 0.344
35 76 0.077
35 92 0.21
35 65 0.139
36 81 0.63
36 76 0.772
36 77 0.381
36 47 0.79
36 94 0.587
36 63 0.515
36 99 0.671
36 41 0.881
36 69 0.961
36 98 0.803
36 89 0.678
36 93 0.371
36 70 0.11
36 37 0.23
36 50 0.406
36 57 0.826
36 65 0.647
36 86 0.599
36 51 0.373
36 55 0.431
36 67 0.498
36 38 0.23
36 39 0.2
36 42 0.531
36 71 0.225
36 54 0.345
36 73 0.128
36 84 0.32
36 53 0.54
36 43 0.097
36 83 0.138
36 96 0.408
36 59 0.239
36 82 0.257
36 95 0.34
36 72 0.035
36 45 0.15
36 97 0.223
36 75 0.556
36 40 0.154
36 68 0.281
36 61 0.119
36 79 0.102
36 58 0.293
36 52 0.114
36 46 0.099
36 85 0.514
36 44 0.261
36 91 0.256
36 48 0.072
36 49 0.183
36 56 0.17
36 62 0.105
36 88 0.226
36 87 0.152
36 90 0.118
36 92 0.131
36 66 0.145
36 78 0.095
36 60 0.096
36 74 0.175
36 80 0.161
37 98 0.331
37 39 0.564
37 76 0.524
37 81 0.979
37 96 0.625
37 57 0.946
37 69 0.837
37 78 0.765
37 80 0.631
37 51 1
37 60 1
37 68 0.984
37 40 0.516
37 59 0.205
37 58 0.317
37 62 0.25
37 67 0.627
37 79 0.185
37 82 0.517
37 90 0.319
37 41 0.432
37 47 0.34
37 70 0.554
37 77 0.061
37 87 0.486
37 94 0.352
37 97 0.171
37 55 0.334
37 95 0.357
37 38 0.264
37 72 0.461
37 86 0.972
37 42 0.335
37 64 0.219
37 84 0.18
37 52 0.55
37 91 0.002
37 88 0.254
37 56 0.355
37 75 0.195
37 99 0.289
37 43 0.3
37 66 0.063
37 89 0.532
37 71 0.77
37 63 0.257
37 93 0.562
37 49 0.475
37 53 0.551
37 65 0.104
37 83 0.182
37 85 0.391
37 48 0.029
37 74 0.169
37 44 0.139
37 73 0.128
37 46 0.007
37 50 0.328
37 92 0.155
37 45 0.291
37 61 0.178
38 70 0.398
38 63 0.265
38 87 0.373
38 61 0.27
38 92 0.657
38 72 0.32
38 60 0.606
38 74 0.695
38 66 0.318
38 67 0.16
38 69 0.488
38 76 0.334
38 84 0.378
38 88 0.193
38 54 0.223
38 55 0.542
38 65 0.245
38 75 0.289
38 81 0.434
38 90 0.55
38 96 0.749
38 99 0.348
38 46 0.162
38 53 0.245
38 68 0.474
38 80 0.425
38 51 0.451
38 58 0.477
38 39 0.277
38 44 0.633
38 45 0.399
38 49 0.137
38 82 0.342
38 41 0.201
38 91 0.381
38 42 0.401
38 48 0.333
38 50 0.231
38 89 0.84
38 79 0.116
38 98 0.319
38 52 0.245
38 59 0.4
38 77 0.441
38 57 0.137
38 78 0.245
38 95 0.377
38 94 0.352
38 86 0.292
38 47 0.152
38 64 0.246
38 71 0.182
38 93 0.254
38 73 0.166
38 85 0.138
38 83 0.144
38 56 0.35
38 97 0.068
38 40 0.025
38 62 0.06
38 43 0.163
39 84 0.78
39 96 0.772
39 70 0.626
39 98 0.972
39 54 0.716
39 46 0.721
39 87 0.191
39 97 0.635
39 48 0.893
39 49 0.541
39 91 0.065
39 41 0.544
39 47 0.101
39 56 0.37
39 60 0.24
39 66 0.308
39 78 0.104
39 83 0.429
39 92 0.84
39 45 0.705
39 61 0.481
39 64 0.367
39 74 0.228
39 82 0.693
39 99 1
39 40 0.545
39 52 0.195
39 65 0.557
39 75 0.1
39 68 0.292
39 72 0.466
39 76 0.256
39 81 0.33
39 43 0.307
39 62 0.231
39 85 0.127
39 69 0.106
39 44 0.368
39 90 0.058
39 63 0.304
39 88 0.11
39 94 0.068
39 42 0.243
39 51 0.143
39 86 0.239
39 79 0.193
39 53 0.45
39 73 0.15
39 89 0.177
39 50 0.104
39 55 0.209
39 71 0.228
39 80 0.096
39 93 0.149
39 58 0.143
39 95 0.153
39 57 0.149
39 59 0.058
39 67 0.181
39 77 0.169
40 99 0.265
40 81 1
40 51 0.347
40 50 0.727
40 60 0.653
40 94 0.895
40 75 0.561
40 92 0.747
40 52 0.097
40 72 0.225
40 59 0.152
40 68 0.485
40 43 0.259
40 61 0.326
40 63 0.46
40 85 0.366
40 89 0.624
40 49 0.27
40 57 0.348
40 62 0.326
40 80 0.31
40 83 0.177
40 86 0.251
40 90 0.38
40 54 0.504
40 55 0.219
40 69 0.463
40 82 0.926
40 45 0.613
40 88 0.435
40 87 0.184
40 64 0.415
40 41 0.403
40 58 0.894
40 66 0.196
40 46 0.186
40 95 0.323
40 77 0.242
40 78 0.046
40 65 0.137
40 91 0.432
40 97 0.243
40 71 0.307
40 42 0.49
40 47 0.321
40 53 0.197
40 44 0.699
40 67 0.376
40 48 0.199
40 74 0.201
40 79 0.513
40 84 0.087
40 73 0.082
40 96 0.148
40 93 0.121
40 98 0.13
41 94 0.505
41 65 0.58
41 70 0.29
41 71 0.711
41 80 0.824
41 85 0.957
41 62 0.527
41 68 0.826
41 48 0.596
41 49 0.135
41 54 0.613
41 56 0.227
41 60 0.62
41 67 0.695
41 74 0.153
41 82 0.174
41 97 0.247
41 44 0.52
41 51 0.495
41 52 0.533
41 58 0.514
41 64 0.732
41 76 0.498
41 73 0.117
41 96 0.42
41 61 0.236
41 98 0.715
41 93 0.38
41 83 0.296
41 43 0.145
41 55 0.08
41 92 0.086
41 95 0.273
41 50 0.218
41 81 0.129
41 88 0.207
41 57 0.357
41 47 0.339
41 75 0.112
41 66 0.064
41 53 0.301
41 91 0.238
41 46 0.291
41 90 0.155
41 63 0.431
41 86 0.086
41 42 0.074
41 78 0.338
41 84 0.294
41 87 0.205
41 99 0.219
41 72 0.3
41 69 0.122
41 79 0.029
41 45 0.143
41 59 0.087
42 81 0.762
42 69 0.702
42 63 0.65
42 75 0.696
42 44 0.419
42 56 0.247
42 62 0.593
42 68 0.056
42 80 0.093
42 90 0.445
42 64 0.419
42 67 0.465
42 76 0.354
42 87 0.446
42 92 0.364
42 47 0.577
42 91 0.444
42 93 0.161
42 94 0.227
42 96 0.879
42 55 0.501
42 79 0.486
42 88 0.567
42 73 0.196
42 82 0.429
42 45 0.293
42 46 0.616
42 77 0.508
42 54 0.455
42 86 0.486
42 99 0.473
42 98 0.25
42 70 0.485
42 59 0.281
42 61 0.206
42 85 0.307
42 78 0.288
42 48 0.103
42 71 0.547
42 72 0.362
42 83 0.157
42 97 0.205
42 51 0.123
42 53 0.099
42 57 0.242
42 50 0.197
42 52 0.092
42 60 0.296
42 84 0.217
42 65 0.176
42 43 0.29
42 95 0.055
42 74 0.24
42 66 0.166
42 89 0.089
42 49 0.181
43 93 0.758
43 96 0.692
43 92 0.794
43 78 0.496
43 45 0.829
43 48 0.305
43 74 0.544
43 63 0.794
43 88 0.527
43 52 0.725
43 91 0.238
43 94 0.097
43 47 0.542
43 83 0.094
43 90 0.115
43 95 0.12
43 98 0.119
43 71 0.09
43 80 0.636
43 86 0.475
43 89 0.383
43 53 0.573
43 64 0.247
43 65 0.811
43 66 0.186
43 68 0.409
43 73 0.493
43 46 0.412
43 69 0.521
43 57 0.044
43 75 0.386
43 55 0.325
43 59 0.459
43 79 0.547
43 67 0.3
43 56 0.336
43 60 0.355
43 85 0.326
43 99 0.171
43 77 0.121
43 54 0.211
43 58 0.345
43 62 0.383
43 87 0.173
43 82 0.067
43 61 0.181
43 70 0.079
43 84 0.142
43 72 0.251
43 97 0.473
43 51 0.18
43 76 0.26
43 49 0.144
43 44 0.189
43 81 0.057
43 50 0.085
44 47 0.492
44 71 0.839
44 57 0.669
44 53 0.149
44 95 0.807
44 89 0.866
44 74 0.734
44 81 0.529
44 92 0.135
44 94 0.802
44 49 0.2
44 75 0.146
44 98 0.471
44 99 0.233
44 48 0.051
44 56 0.002
44 58 0.009
44 59 0.299
44 62 0.219
44 87 0.147
44 90 0.281
44 96 0.335
44 64 0.554
44 83 0.256
44 91 0.227
44 73 0.357
44 52 0.245
44 63 0.443
44 77 0.545
44 66 0.354
44 76 0.668
44 85 0.508
44 72 0.393
44 93 0.484
44 51 0.522
44 54 0.288
44 69 0.117
44 82 0.507
44 80 0.294
44 46 0.223
44 65 0.335
44 78 0.181
44 79 0.256
44 84 0.191
44 86 0.454
44 61 0.17
44 60 0.221
44 97 0.201
44 70 0.315
44 88 0.222
44 50 0.161
44 68 0.369
44 45 0.258
44 67 0.106
45 52 0.821
45 97 0.577
45 51 0.602
45 81 0.975
45 60 0.842
45 75 0.75
45 71 0.25
45 55 0.539
45 70 0.203
45 46 1
45 66 0.227
45 74 0.861
45 96 0.009
45 98 0.278
45 49 0.16
45 63 0.676
45 72 0.083
45 99 0.323
45 53 0.222
45 54 0.515
45 73 0.125
45 57 0.463
45 59 0.261
45 93 0.22
45 90 0.474
45 61 0.536
45 64 0.385
45 69 0.62
45 50 0.905
45 85 0.377
45 92 0.355
45 78 0.242
45 83 0.219
45 76 0.148
45 77 0.131
45 89 0.064
45 91 0.284
45 95 0.371
45 47 0.421
45 79 0.34
45 80 0.343
45 68 0.288
45 67 0.491
45 86 0.201
45 88 0.042
45 82 0.349
45 87 0.195
45 56 0.297
45 58 0.092
45 48 0.162
45 65 0.271
45 94 0.059
45 62 0.157
46 82 0.992
46 99 0.932
46 57 0.572
46 54 1
46 58 0.891
46 70 0.823
46 86 0.806
46 74 0.862
46 94 1
46 69 0.369
46 52 0.292
46 51 0.644
46 53 0.349
46 63 0.708
46 65 0.075
46 83 0.307
46 84 0.056
46 87 0.434
46 95 0.627
46 97 0.179
46 56 0.557
46 79 0.332
46 85 0.409
46 47 0.099
46 59 0.205
46 72 0.757
46 90 0.476
46 91 0.346
46 66 0.055
46 76 0.171
46 67 0.44
46 81 0.056
46 93 0.696
46 88 0.18
46 49 0.235
46 48 0.159
46 61 0.396
46 73 0.349
46 62 0.481
46 89 0.569
46 80 0.156
46 60 0.283
46 55 0.054
46 77 0.47
46 78 0.227
46 50 0.058
46 71 0.16
46 92 0.063
46 75 0.234
46 98 0.442
46 64 0.208
46 96 0.16
46 68 0.114
47 49 0.915
47 99 0.752
47 86 0.655
47 60 0.915
47 87 0.622
47 96 0.33
47 64 1
47 65 0.451
47 53 0.256
47 62 0.135
47 71 0.098
47 84 0.265
47 85 0.18
47 89 0.389
47 94 0.231
47 48 0.094
47 67 0.283
47 92 0.113
47 54 0.084
47 59 0.083
47 72 0.014
47 93 0.098
47 68 0.194
47 75 0.39
47 95 0.439
47 97 0.053
47 76 0.166
47 77 0.645
47 82 0.32
47 58 0.628
47 50 0.135
47 52 0.622
47 74 0.254
47 78 0.263
47 81 0.165
47 61 0.347
47 66 0.73
47 51 0.497
47 80 0.358
47 63 0.384
47 57 0.015
47 83 0.317
47 56 0.174
47 79 0.272
47 98 0.491
47 69 0.056
47 88 0.067
47 73 0.136
47 90 0.193
47 91 0.124
48 77 1
48 90 0.628
48 83 0.538
48 56 0.906
48 63 0.081
48 97 0.965
48 84 0.607
48 88 0.768
48 91 0.681
48 82 0.607
48 99 0.133
48 66 0.604
48 80 0.457
48 87 0.619
48 50 0.373
48 55 0.333
48 79 0.359
48 49 0.271
48 52 0.19
48 57 0.392
48 81 0.28
48 94 0.492
48 60 0.343
48 58 0.105
48 85 0.283
48 65 0.362
48 89 0.14
48 64 0.199
48 95 0.112
48 70 0.203
48 73 0.082
48 98 0.249
48 96 0.137
48 72 0.085
48 74 0.385
48 92 0.277
48 53 0.152
48 59 0.108
48 67 0.38
48 68 0.306
48 71 0.482
48 61 0.19
48 69 0.129
48 54 0.116
48 62 0.017
48 75 0.198
48 51 0.169
48 78 0.302
48 93 0.057
48 86 0.001
48 76 0.114
49 73 0.794
49 95 0.697
49 70 0.828
49 88 0.79
49 53 0.565
49 63 0.53
49 66 0.838
49 91 0.505
49 96 0.672
49 58 0.419
49 61 0.258
49 65 0.17
49 68 0.541
49 80 0.333
49 56 0.616
49 72 0.324
49 79 0.647
49 82 0.49
49 50 0.234
49 57 0.327
49 75 0.302
49 54 0.177
49 62 0.342
49 64 0.435
49 84 0.507
49 85 0.572
49 89 0.761
49 52 0.391
49 83 0.321
49 78 0.107
49 99 0.072
49 98 0.309
49 67 0.598
49 76 0.668
49 87 0.482
49 97 0.427
49 77 0.295
49 86 0.076
49 90 0.171
49 94 0.383
49 51 0.154
49 93 0.161
49 81 0.11
49 71 0.282
49 92 0.302
49 60 0.092
49 74 0.102
49 69 0.164
50 84 0.87
50 89 0.462
50 77 0.582
50 98 0.915
50 56 0.479
50 94 0.591
50 66 0.222
50 68 0.385
50 60 0.438
50 87 0.377
50 95 0.194
50 59 0.379
50 69 0.18
50 80 0.124
50 86 0.551
50 97 0.29
50 51 0.322
50 61 0.37
50 62 0.44
50 81 0.284
50 90 0.375
50 93 0.38
50 85 0.882
50 92 0.342
50 99 0.181
50 58 0.187
50 73 0.765
50 72 0.104
50 76 0.412
50 63 0.393
50 57 0.126
50 52 0.5
50 67 0.291
50 65 0.13
50 64 0.39
50 55 0.528
50 82 0.484
50 88 0.288
50 78 0.235
50 71 0.109
50 54 0.086
50 53 0.146
50 70 0.154
50 74 0.101
50 79 0.181
50 83 0.132
50 96 0.24
51 87 0.724
51 55 0.805
51 60 0.386
51 63 0.178
51 96 0.352
51 99 0.518
51 91 0.454
51 81 0.438
51 84 0.64
51 95 0.361
51 70 0.453
51 80 0.037
51 54 0.238
51 68 0.204
51 57 0.736
51 66 0.44
51 58 0.348
51 73 0.104
51 75 0.384
51 56 0.933
51 85 0.35
51 61 0.447
51 65 0.482
51 76 0.176
51 59 0.483
51 83 0.162
51 89 0.326
51 74 0.452
51 92 0.321
51 93 0.176
51 62 0.184
51 94 0.322
51 98 0.103
51 67 0.281
51 88 0.503
51 90 0.094
51 82 0.034
51 79 0.145
51 53 0.028
51 71 0.054
51 64 0.506
51 77 0.272
51 69 0.187
51 78 0.202
51 52 0.215
51 72 0.153
51 86 0.185
52 96 0.999
52 56 0.888
52 59 0.491
52 76 1
52 66 0.733
52 81 0.895
52 78 0.808
52 99 0.117
52 74 0.539
52 98 0.154
52 58 0.594
52 80 0.344
52 88 0.649
52 62 0.898
52 63 0.189
52 69 0.063
52 72 0.287
52 53 0.398
52 95 0.171
52 73 0.416
52 79 0.262
52 84 0.732
52 97 0.126
52 77 0.193
52 65 0.316
52 55 0.775
52 67 0.505
52 94 0.065
52 86 0.386
52 92 0.501
52 87 0.797
52 54 0.291
52 82 0.275
52 64 0.409
52 68 0.189
52 93 0.24
52 57 0.429
52 91 0.045
52 70 0.122
52 83 0.162
52 85 0.194
52 89 0.093
52 60 0.285
52 75 0.198
52 90 0.148
53 56 0.56
53 68 0.368
53 96 0.621
53 64 0.539
53 59 0.229
53 98 0.734
53 76 0.821
53 62 0.17
53 73 0.076
53 65 0.017
53 74 0.38
53 75 0.122
53 81 0.225
53 83 0.183
53 93 0.031
53 97 0.525
53 61 0.126
53 77 0.237
53 91 0.923
53 95 0.142
53 80 0.271
53 85 0.572
53 60 0.475
53 86 0.397
53 88 0.066
53 90 0.736
53 66 0.104
53 84 0.264
53 89 0.139
53 72 0.279
53 71 0.744
53 82 0.448
53 63 0.281
53 70 0.363
53 87 0.338
53 67 0.418
53 69 0.691
53 92 0.142
53 79 0.27
53 78 0.368
53 54 0.356
53 55 0.191
53 99 0.131
53 57 0.008
53 94 0.281
53 58 0.133
54 83 0.667
54 62 0.32
54 81 0.847
54 55 0.764
54 69 0.72
54 60 0.674
54 70 0.072
54 78 0.338
54 59 0.511
54 65 0.344
54 66 0.366
54 77 0.103
54 79 0.188
54 94 0.26
54 84 0.322
54 89 0.903
54 93 0.362
54 98 0.425
54 97 0.181
54 99 0.535
54 88 0.339
54 91 0.177
54 71 0.241
54 61 0.228
54 76 0.377
54 75 0.466
54 58 0.485
54 64 0.265
54 82 0.69
54 85 0.106
54 90 0.642
54 57 0.518
54 87 0.332
54 68 0.371
54 56 0.434
54 86 0.195
54 63 0.194
54 67 0.192
54 80 0.243
54 92 0.022
54 95 0.154
54 73 0.149
54 72 0.189
54 96 0.167
55 71 0.549
55 56 0.777
55 67 0.863
55 59 0.662
55 62 0.984
55 63 0.678
55 76 0.413
55 97 0.584
55 85 0.248
55 86 0.235
55 64 0.745
55 98 0.309
55 92 0.224
55 95 0.379
55 96 0.433
55 70 0.679
55 87 0.224
55 58 0.19
55 66 0.47
55 84 0.794
55 94 0.417
55 78 0.217
55 79 0.431
55 99 0.258
55 88 0.593
55 83 0.555
55 57 0.352
55 75 0.519
55 77 0.169
55 90 0.562
55 60 0.284
55 74 0.284
55 69 0.329
55 91 0.174
55 65 0.166
55 72 0.087
55 73 0.212
55 93 0.298
55 89 0.315
55 68 0.12
55 80 0.21
55 81 0.11
56 95 0.627
56 91 0.883
56 82 0.802
56 71 0.748
56 92 0.481
56 80 0.701
56 79 0.133
56 76 0.591
56 67 0.324
56 66 0.136
56 69 0.541
56 70 0.666
56 81 0.325
56 84 0.262
56 59 0.035
56 60 0.331
56 77 0.069
56 93 0.659
56 94 0.446
56 68 0.053
56 61 0.561
56 97 0.374
56 98 0.477
56 96 0.46
56 73 0.175
56 75 0.206
56 90 0.329
56 89 0.099
56 83 0.065
56 65 0.154
56 99 0.158
56 58 0.423
56 74 0.212
56 78 0.323
56 72 0.428
56 64 0.098
56 86 0.212
56 87 0.168
56 63 0.343
56 57 0.098
56 88 0.133
56 62 0.166
57 75 0.531
57 62 0.984
57 72 0.927
57 61 0.494
57 77 0.571
57 80 0.547
57 94 0.049
57 65 0.201
57 81 0.577
57 85 0.49
57 67 0.105
57 82 0.22
57 59 0.301
57 69 0.838
57 76 0.306
57 87 0.581
57 64 0.475
57 90 0.68
57 99 0.484
57 92 0.106
57 96 0.425
57 60 0.001
57 63 0.103
57 68 0.446
57 97 0.217
57 74 0.363
57 88 0.223
57 84 0.092
57 86 0.256
57 66 0.463
57 95 0.108
57 70 0.029
57 91 0.271
57 58 0.178
57 71 0.41
57 73 0.003
57 79 0.299
57 83 0.024
57 89 0.263
57 78 0.162
58 97 0.695
58 60 1
58 94 0.202
58 62 0.215
58 86 0.055
58 63 1
58 66 0.741
58 75 0.491
58 68 0.521
58 84 0.546
58 59 0.592
58 64 0.357
58 79 0.33
58 87 0.372
58 76 0.2
58 93 0.068
58 96 0.493
58 99 0.35
58 89 0.129
58 92 0.36
58 83 0.632
58 88 0.697
58 82 0.24
58 80 0.457
58 74 0.465
58 70 0.21
58 81 0.441
58 72 0.284
58 90 0.509
58 98 0.623
58 71 0.58
58 85 0.031
58 73 0.496
58 95 0.292
58 61 0.15
58 65 0.066
58 67 0.251
58 69 0.422
58 77 0.245
58 78 0.21
59 68 0.629
59 95 0.994
59 82 0.397
59 64 1
59 83 0.91
59 90 0.992
59 87 0.522
59 91 0.169
59 66 0.178
59 69 0.302
59 81 0.384
59 97 0.327
59 98 0.417
59 63 0.368
59 75 0.325
59 99 0.585
59 67 0.205
59 71 0.25
59 76 0.344
59 80 0.253
59 94 0.26
59 96 0.578
59 73 0.272
59 85 0.358
59 78 0.123
59 61 0.207
59 65 0.301
59 60 0.215
59 74 0.046
59 86 0.258
59 93 0.126
59 84 0.047
59 70 0.123
59 88 0.186
59 77 0.187
59 89 0.022
59 62 0.224
59 92 0.1
59 72 0.299
59 79 0.219
60 88 0.814
60 62 0.545
60 69 0.244
60 79 0.588
60 92 0.815
60 86 0.956
60 71 0.784
60 73 0.548
60 75 0.502
60 81 0.505
60 87 0.992
60 70 0.238
60 77 0.651
60 98 0.094
60 80 0.496
60 94 0.272
60 84 0.423
60 67 0.725
60 96 0.312
60 93 0.211
60 63 0.704
60 99 0.23
60 95 0.297
60 78 0.291
60 89 0.213
60 72 0.276
60 61 0.266
60 68 0.234
60 91 0.211
60 65 0.308
60 74 0.196
60 64 0.04
60 76 0.137
60 85 0.084
60 82 0.182
60 83 0.16
61 70 0.231
61 99 0.672
61 86 0.949
61 87 0.271
61 69 0.858
61 89 0.716
61 92 0.647
61 76 0.852
61 96 0.658
61 66 0.185
61 79 0.176
61 90 0.428
61 93 0.213
61 95 0.728
61 62 0.509
61 82 0.287
61 91 0.257
61 98 0.596
61 88 0.392
61 67 0.06
61 80 0.204
61 63 0.408
61 73 0.152
61 97 0.303
61 81 0.021
61 64 0.36
61 65 0.156
61 74 0.346
61 83 0.142
61 84 0.207
61 85 0.155
61 75 0.157
61 77 0.193
61 72 0.075
61 94 0.135
61 78 0.089
61 71 0.141
62 89 0.888
62 97 0.555
62 82 0.522
62 94 0.701
62 74 0.957
62 79 0.578
62 66 0.156
62 92 0.324
62 95 0.704
62 99 0.728
62 73 0.538
62 83 0.406
62 87 0.082
62 96 0.281
62 65 0.553
62 70 0.445
62 93 0.87
62 76 0.517
62 68 0.322
62 72 0.483
62 77 0.518
62 85 0.32
62 81 0.183
62 84 0.275
62 80 0.155
62 88 0.118
62 71 0.275
62 98 0.078
62 91 0.053
62 63 0.018
62 64 0.172
62 69 0.107
62 90 0.16
62 75 0.05
62 86 0.109
62 78 0.067
63 92 0.628
63 74 0.691
63 78 0.99
63 96 0.236
63 98 0.577
63 94 0.77
63 90 0.066
63 70 0.399
63 99 0.52
63 65 0.299
63 83 0.647
63 88 0.733
63 87 0.189
63 91 0.421
63 97 0.16
63 69 0.15
63 84 0.07
63 95 0.325
63 68 0.556
63 76 0.518
63 93 0.4
63 75 0.128
63 82 0.479
63 86 0.517
63 67 0.518
63 71 0.454
63 77 0.302
63 89 0.265
63 85 0.222
63 72 0.184
63 73 0.199
63 80 0.419
63 79 0.185
63 81 0.042
63 64 0.248
63 66 0.131
64 72 0.954
64 89 0.709
64 77 0.421
64 75 0.124
64 99 0.221
64 69 0.791
64 81 0.544
64 98 0.649
64 68 0.553
64 94 0.395
64 96 0.069
64 67 0.451
64 74 0.875
64 79 0.569
64 95 0.315
64 83 0.277
64 92 0.277
64 87 0.618
64 66 0.161
64 73 0.28
64 71 0.335
64 65 0.271
64 85 0.224
64 80 0.075
64 78 0.223
64 86 0.179
64 76 0.077
64 97 0.042
64 90 0.06
64 93 0.109
64 88 0.139
64 82 0.216
64 91 0.165
64 84 0.13
65 91 0.595
65 77 0.373
65 87 1
65 76 0.243
65 86 0.416
65 73 0.521
65 83 0.285
65 95 0.21
65 67 0.337
65 68 0.477
65 71 0.377
65 93 0.448
65 96 0.206
65 97 0.62
65 99 0.271
65 80 0.2
65 84 0.296
65 98 0.539
65 72 0.495
65 90 0.489
65 81 0.388
65 78 0.567
65 85 0.617
65 74 0.42
65 66 0.123
65 69 0.498
65 88 0.523
65 92 0.417
65 75 0.218
65 79 0.203
65 89 0.149
65 70 0.342
66 75 0.663
66 71 0.656
66 73 0.661
66 83 0.504
66 94 0.536
66 93 0.612
66 79 0.192
66 81 0.406
66 82 0.14
66 86 0.188
66 78 0.202
66 97 0.581
66 76 0.831
66 89 0.214
66 95 0.875
66 87 0.056
66 70 0.12
66 96 0.366
66 72 0.253
66 80 0.332
66 85 0.477
66 91 0.432
66 84 0.351
66 90 0.266
66 98 0.116
66 99 0.194
66 88 0.135
66 92 0.274
66 77 0.207
66 68 0.041
66 69 0.137
66 74 0.04
66 67 0.125
67 87 0.377
67 75 0.385
67 93 0.607
67 82 0.924
67 99 0.988
67 94 0.242
67 71 0.282
67 76 0.543
67 95 0.315
67 68 0.289
67 79 0.339
67 77 0.56
67 83 0.155
67 85 0.622
67 96 0.307
67 86 0.073
67 78 0.1
67 69 0.269
67 91 0.305
67 84 0.162
67 88 0.408
67 73 0.11
67 89 0.32
67 90 0.291
67 81 0.396
67 70 0.177
67 72 0.33
67 80 0.175
67 92 0.174
67 98 0.217
68 80 0.713
68 93 1
68 85 0.115
68 90 0.681
68 84 0.393
68 95 0.967
68 98 0.219
68 69 0.21
68 71 0.887
68 88 0.657
68 91 0.53
68 75 0.395
68 89 0.692
68 87 0.279
68 96 0.34
68 79 0.047
68 77 0.365
68 81 0.345
68 72 0.367
68 83 0.436
68 86 0.252
68 94 0.306
68 76 0.288
68 70 0.216
68 73 0.103
68 74 0.009
68 78 0.15
68 82 0.153
68 97 0.112
68 92 0.149
69 75 0.938
69 78 0.497
69 89 0.671
69 93 0.487
69 95 0.269
69 97 0.46
69 82 0.687
69 74 0.284
69 91 0.178
69 73 0.424
69 88 0.152
69 83 0.278
69 90 0.099
69 70 0.579
69 77 0.363
69 99 0.546
69 92 0.012
69 98 0.26
69 96 0.185
69 72 0.272
69 80 0.277
69 76 0.19
69 79 0.136
69 85 0.24
69 86 0.18
69 94 0.14
69 71 0.176
69 81 0.105
69 84 0.107
70 72 1
70 80 0.89
70 84 0.686
70 82 0.762
70 95 0.185
70 74 0.378
70 88 0.671
70 73 0.317
70 78 0.051
70 85 0.643
70 76 0.475
70 89 0.76
70 83 0.519
70 93 0.173
70 99 0.105
70 97 0.49
70 98 0.185
70 87 0.427
70 96 0.159
70 86 0.394
70 91 0.217
70 75 0.361
70 81 0.227
70 92 0.242
70 79 0.06
70 90 0.306
70 94 0.136
70 77 0.228
70 71 0.139
71 86 0.187
71 94 0.924
71 98 0.234
71 96 0.224
71 91 0.283
71 75 0.636
71 87 0.116
71 81 0.415
71 92 0.227
71 88 0.423
71 95 0.352
71 73 0.228
71 99 0.478
71 82 0.307
71 90 0.325
71 84 0.124
71 76 0.047
71 80 0.23
71 97 0.188
71 83 0.053
71 79 0.332
71 85 0.071
71 89 0.307
71 78 0.177
71 72 0.084
71 93 0.202
71 77 0.205
72 96 0.773
72 80 1
72 93 0.754
72 90 0.169
72 77 0.54
72 82 0.151
72 89 0.047
72 97 0.345
72 79 0.209
72 88 0.4
72 78 0.274
72 95 0.8
72 99 0.227
72 94 0.303
72 98 0.483
72 85 0.135
72 75 0.395
72 84 0.246
72 83 0.434
72 81 0.228
72 73 0.061
72 87 0.14
72 91 0.481
72 76 0.168
72 86 0.004
72 74 0.085
72 92 0.231
73 91 0.961
73 96 0.878
73 74 0.619
73 75 0.329
73 85 0.688
73 77 0.812
73 95 0.928
73 93 1
73 92 0.487
73 80 0.477
73 82 0.242
73 84 0.421
73 87 0.234
73 78 0.178
73 81 0.192
73 94 0.078
73 99 0.194
73 88 0.209
73 90 0.125
73 76 0.06
73 89 0.255
73 83 0.362
73 86 0.131
73 98 0.241
73 79 0.187
73 97 0.214
74 82 0.784
74 79 0.304
74 99 0.214
74 86 0.028
74 91 0.13
74 94 0.353
74 97 0.469
74 76 0.434
74 80 0.169
74 93 0.36
74 84 0.023
74 77 0.369
74 98 0.047
74 78 0.621
74 95 0.251
74 89 0.486
74 96 0.283
74 75 0.153
74 81 0.027
74 90 0.324
74 92 0.085
74 87 0.144
74 85 0.101
74 83 0.152
75 88 0.971
75 97 0.608
75 81 0.367
75 91 0.171
75 82 0.243
75 98 0.539
75 77 0.819
75 79 0.581
75 89 0.549
75 84 0.348
75 80 0.409
75 92 0.469
75 96 0.303
75 83 0.545
75 95 0.202
75 93 0.301
75 85 0.486
75 90 0.124
75 87 0.322
75 94 0.211
75 86 0.276
75 76 0.101
75 99 0.104
76 78 0.497
76 88 0.805
76 90 0.948
76 94 0.784
76 79 0.656
76 80 0.27
76 83 0.492
76 85 0.34
76 95 0.407
76 96 0.584
76 97 0.303
76 86 0.559
76 81 0.25
76 82 0.443
76 98 0.452
76 92 0.036
76 93 0.285
76 89 0.466
76 87 0.198
76 77 0.211
76 99 0.144
76 84 0.144
76 91 0.107
77 92 0.325
77 79 0.515
77 88 1
77 94 0.724
77 91 0.219
77 97 0.435
77 89 0.272
77 90 0.662
77 83 0.023
77 99 0.904
77 87 0.153
77 96 0.034
77 98 0.045
77 85 0.141
77 86 0.058
77 81 0.064
77 80 0.155
77 84 0.366
77 82 0.282
77 95 0.147
77 78 0.187
78 98 0.609
78 91 0.092
78 83 0.441
78 97 0.575
78 81 0.637
78 92 0.457
78 95 0.51
78 79 0.092
78 89 0.347
78 96 0.053
78 82 0.636
78 86 0.438
78 90 0.433
78 80 0.504
78 84 0.449
78 99 0.231
78 87 0.296
78 88 0.21
78 94 0.47
78 85 0.283
79 96 0.428
79 84 0.486
79 85 0.422
79 97 0.389
79 80 0.203
79 91 0.571
79 98 0.376
79 95 0.425
79 92 0.198
79 86 0.348
79 99 0.215
79 94 0.394
79 88 0.344
79 81 0.194
79 93 0.115
79 82 0.05
79 83 0.2
79 89 0.134
79 90 0.167
79 87 0.154
80 95 0.913
80 94 0.427
80 85 0.566
80 83 0.277
80 86 0.41
80 98 0.236
80 99 0.226
80 81 0.215
80 82 0.269
80 91 0.037
80 89 0.485
80 84 0.439
80 97 0.239
80 88 0.254
80 96 0.351
80 92 0.251
80 93 0.065
80 87 0.125
80 90 0.067
81 82 0.147
81 88 0.418
81 90 0.479
81 96 0.44
81 83 0.726
81 98 0.334
81 92 0.128
81 94 0.562
81 84 0.722
81 95 0.336
81 91 0.556
81 85 0.155
81 89 0.565
81 87 0.122
81 97 0.302
81 99 0.394
81 93 0.243
81 86 0.167
82 93 0.55
82 94 0.851
82 87 0.411
82 89 0.219
82 90 0.563
82 91 0.112
82 96 0.021
82 84 0.663
82 83 0.361
82 85 0.18
82 98 0.22
82 86 0.189
82 92 0.224
82 97 0.259
82 88 0.228
82 95 0.085
83 91 0.597
83 89 0.912
83 90 0.902
83 87 0.302
83 94 0.362
83 88 0.071
83 99 0.19
83 98 0.679
83 95 0.313
83 85 0.186
83 86 0.334
83 92 0.161
83 96 0.207
83 93 0.161
83 97 0.178
83 84 0.137
84 95 0.975
84 92 0.553
84 85 0.374
84 94 0.594
84 98 0.278
84 90 0.825
84 91 0.919
84 96 0.351
84 93 0.469
84 88 0.285
84 86 0.121
84 87 0.283
84 99 0.365
84 97 0.108
84 89 0.175
85 92 0.69
85 95 0.89
85 97 0.898
85 98 0.132
85 89 0.715
85 96 0.298
85 99 0.359
85 91 0.347
85 87 0.101
85 90 0.795
85 94 0.357
85 86 0.59
85 88 0.062
85 93 0.006
86 93 0.916
86 98 0.787
86 87 0.395
86 90 0.458
86 95 0.337
86 92 0.848
86 97 0.376
86 94 0.124
86 89 0.09
86 88 0.177
86 96 0.105
87 93 0.643
87 94 0.696
87 88 0.319
87 89 0.07
87 91 0.256
87 96 0.298
87 99 0.49
87 98 0.229
87 97 0.079
87 90 0.067
87 92 0.148
88 93 0.49
88 95 0.426
88 91 0.639
88 99 0.7
88 96 0.087
88 90 0.73
88 98 0.174
88 94 0.34
88 92 0.364
88 89 0.237
88 97 0.347
89 91 0.976
89 93 0.048
89 92 0.396
89 98 0.957
89 96 0.292
89 95 0.015
89 97 0.126
89 99 0.019
89 94 0.042
89 90 0.183
90 95 0.225
90 94 0.162
90 96 0.947
90 91 0.453
90 98 0.301
90 97 0.512
90 93 0.308
90 99 0.081
91 96 0.674
91 99 0.778
91 95 0.201
91 94 0.499
91 97 0.137
91 93 0.472
91 98 0.721
91 92 0.126
92 99 0.612
92 97 0.957
92 96 0.193
92 95 0.392
92 93 0.134
92 94 0.266
92 98 0.317
93 97 0.168
93 98 0.523
93 99 0.517
93 95 0.177
93 94 0.517
93 96 0.259
94 98 0.761
94 99 0.566
94 97 0.231
94 96 0.254
94 95 0.237
95 97 0.358
95 96 0.258
95 98 0.114
95 99 0.108
96 98 0.267
96 97 0.075
96 99 0.098
97 99 0.611
97 98 0.278
98 99 0.519
