0 97 0.997
0 98 0.549
0 65 0.8
0 23 0.562
0 58 0.915
0 62 0.643
0 20 1
0 99 0.513
0 48 0.896
0 27 0.664
0 1 0.612
0 51 0.607
0 57 0.844
0 94 0.579
0 4 0.923
0 16 0.878
0 38 0.543
0 49 0.788
0 64 0.605
0 87 0.585
0 53 0.704
0 68 0.989
0 11 0.796
0 71 0.239
0 3 0.114
0 7 0.141
0 28 0.174
0 34 0.143
0 45 0.153
0 5 0.189
0 6 0.162
0 9 0.119
0 10 0.148
0 14 0.192
0 24 0.155
0 29 0.147
0 31 0.17
0 35 0.154
0 43 0.147
0 44 0.145
0 50 0.125
0 52 0.162
0 54 0.179
0 59 0.163
0 63 0.112
0 69 0.136
0 70 0.137
0 75 0.161
0 83 0.154
0 85 0.171
0 92 0.127
0 93 0.182
0 96 0.143
1 66 0.524
1 73 0.655
1 5 0.881
1 32 1
1 60 0.808
1 97 0.994
1 98 0.861
1 95 1
1 21 0.978
1 81 0.591
1 96 0.676
1 38 0.975
1 77 0.844
1 58 0.524
1 4 0.595
1 34 1
1 49 0.609
1 22 0.959
1 72 0.657
1 89 0.532
1 18 0.627
1 51 0.697
1 85 0.855
1 10 0.613
1 26 0.538
1 45 0.531
1 6 0.166
1 7 0.199
1 74 0.163
1 94 0.153
1 2 0.122
1 3 0.144
1 9 0.155
1 15 0.168
1 17 0.179
1 19 0.187
1 23 0.136
1 25 0.141
1 31 0.126
1 35 0.167
1 37 0.166
1 47 0.149
1 48 0.217
1 52 0.181
1 53 0.166
1 56 0.212
1 59 0.16
1 63 0.141
1 65 0.149
1 68 0.11
1 69 0.116
1 70 0.163
1 79 0.165
1 80 0.109
1 88 0.206
1 90 0.16
1 91 0.159
1 93 0.086
1 99 0.129
2 91 0.896
2 32 0.719
2 98 0.802
2 66 0.994
2 3 0.659
2 35 0.949
2 62 0.976
2 78 0.504
2 7 0.711
2 71 0.969
2 23 0.888
2 58 0.779
2 47 0.719
2 42 0.678
2 21 0.639
2 61 0.651
2 63 0.667
2 56 0.604
2 79 0.702
2 6 0.6
2 57 0.905
2 10 0.56
2 73 0.563
2 92 0.092
2 8 0.096
2 22 0.107
2 43 0.128
2 81 0.083
2 97 0.105
2 11 0.18
2 12 0.18
2 13 0.109
2 14 0.174
2 17 0.178
2 19 0.204
2 20 0.117
2 24 0.179
2 26 0.176
2 27 0.177
2 29 0.118
2 33 0.121
2 34 0.14
2 38 0.162
2 41 0.146
2 46 0.155
2 49 0.204
2 51 0.162
2 60 0.145
2 64 0.143
2 67 0.167
2 70 0.12
2 76 0.096
2 85 0.143
2 87 0.127
2 88 0.131
2 90 0.151
3 23 0.709
3 52 0.561
3 5 0.963
3 59 0.6
3 49 0.838
3 74 0.773
3 78 0.858
3 8 0.838
3 13 0.778
3 64 0.877
3 38 0.867
3 27 0.699
3 46 1
3 22 0.629
3 35 0.826
3 7 0.81
3 48 0.796
3 66 0.63
3 91 0.906
3 51 0.893
3 53 0.781
3 57 0.626
3 63 0.596
3 34 0.752
3 24 0.771
3 14 0.646
3 10 0.658
3 33 0.665
3 9 0.517
3 29 0.16
3 55 0.229
3 12 0.256
3 62 0.175
3 83 0.189
3 4 0.161
3 11 0.121
3 16 0.184
3 17 0.068
3 18 0.145
3 20 0.157
3 25 0.221
3 32 0.166
3 37 0.185
3 40 0.162
3 42 0.154
3 44 0.127
3 56 0.114
3 60 0.18
3 61 0.178
3 68 0.156
3 71 0.183
3 72 0.176
3 75 0.088
3 79 0.15
3 84 0.185
3 85 0.144
3 93 0.172
3 96 0.173
3 99 0.122
4 35 0.854
4 63 0.584
4 71 0.786
4 56 0.651
4 14 0.714
4 24 0.697
4 33 0.596
4 52 0.751
4 39 0.981
4 49 0.613
4 45 0.537
4 43 0.523
4 59 0.588
4 29 1
4 58 0.554
4 97 0.88
4 19 0.687
4 69 0.056
4 77 0.166
4 73 0.169
4 95 0.182
4 6 0.124
4 23 0.089
4 30 0.178
4 37 0.136
4 38 0.124
4 53 0.18
4 60 0.136
4 67 0.153
4 99 0.125
4 5 0.147
4 8 0.165
4 15 0.13
4 17 0.163
4 20 0.149
4 21 0.134
4 22 0.139
4 25 0.175
4 26 0.172
4 27 0.143
4 32 0.144
4 34 0.146
4 36 0.191
4 42 0.149
4 44 0.129
4 50 0.158
4 55 0.122
4 57 0.146
4 65 0.132
4 72 0.161
4 74 0.207
4 75 0.135
4 78 0.137
4 79 0.177
4 83 0.164
4 86 0.118
4 87 0.16
4 90 0.11
4 91 0.124
4 92 0.145
4 94 0.171
5 75 0.861
5 57 0.959
5 48 0.785
5 41 0.536
5 24 0.828
5 28 0.857
5 32 0.5
5 76 0.548
5 36 0.578
5 71 0.591
5 6 0.544
5 26 0.801
5 73 0.793
5 46 0.518
5 53 0.51
5 25 0.508
5 10 0.15
5 12 0.166
5 97 0.133
5 27 0.164
5 88 0.077
5 7 0.176
5 9 0.177
5 11 0.149
5 14 0.149
5 17 0.192
5 18 0.12
5 20 0.149
5 21 0.151
5 22 0.152
5 31 0.16
5 40 0.148
5 42 0.123
5 45 0.104
5 49 0.157
5 54 0.052
5 55 0.146
5 56 0.164
5 60 0.142
5 61 0.11
5 64 0.186
5 66 0.163
5 68 0.163
5 70 0.137
5 72 0.162
5 74 0.117
5 77 0.154
5 81 0.143
5 82 0.103
5 86 0.103
5 87 0.173
5 92 0.171
5 93 0.175
5 94 0.157
5 95 0.175
5 96 0.148
5 99 0.179
6 29 1
6 8 1
6 28 0.822
6 99 0.752
6 12 0.693
6 37 0.868
6 45 0.577
6 84 0.501
6 85 0.99
6 75 0.685
6 27 0.629
6 30 0.701
6 17 0.629
6 31 0.604
6 51 0.767
6 91 0.763
6 80 0.611
6 72 0.711
6 50 0.56
6 71 0.578
6 48 0.222
6 54 0.102
6 65 0.153
6 66 0.02
6 67 0.135
6 69 0.063
6 96 0.152
6 7 0.167
6 9 0.131
6 18 0.125
6 21 0.178
6 23 0.161
6 24 0.122
6 33 0.112
6 36 0.136
6 38 0.113
6 43 0.173
6 44 0.137
6 46 0.17
6 47 0.167
6 52 0.12
6 56 0.104
6 57 0.145
6 60 0.168
6 61 0.25
6 62 0.151
6 64 0.091
6 68 0.112
6 70 0.138
6 73 0.123
6 74 0.142
6 76 0.189
6 82 0.094
6 83 0.2
6 88 0.096
6 89 0.108
6 92 0.153
6 94 0.098
6 98 0.111
7 73 0.83
7 64 1
7 94 0.775
7 34 0.987
7 69 0.884
7 96 0.719
7 50 0.534
7 30 0.736
7 63 0.944
7 99 0.815
7 95 0.545
7 22 0.525
7 78 0.617
7 21 0.825
7 35 0.682
7 56 0.939
7 58 0.578
7 87 0.798
7 86 0.579
7 18 0.798
7 23 0.591
7 84 0.531
7 55 0.737
7 16 0.79
7 90 0.564
7 61 0.586
7 71 0.693
7 51 0.54
7 93 0.145
7 9 0.155
7 11 0.155
7 37 0.123
7 82 0.165
7 91 0.13
7 12 0.161
7 14 0.167
7 19 0.132
7 20 0.162
7 24 0.104
7 25 0.155
7 28 0.151
7 31 0.166
7 32 0.089
7 36 0.195
7 40 0.166
7 41 0.129
7 43 0.13
7 47 0.151
7 49 0.087
7 52 0.155
7 57 0.133
7 59 0.094
7 70 0.145
7 75 0.114
7 76 0.184
7 77 0.151
7 80 0.13
7 85 0.144
7 89 0.139
7 92 0.143
7 97 0.185
8 59 0.652
8 67 0.719
8 30 0.546
8 45 1
8 55 0.654
8 61 0.805
8 73 1
8 10 0.981
8 11 0.573
8 29 0.651
8 84 0.621
8 18 0.586
8 52 0.606
8 28 0.582
8 13 0.938
8 40 0.573
8 43 0.752
8 81 0.68
8 91 0.511
8 20 0.603
8 62 0.72
8 23 0.093
8 54 0.124
8 27 0.074
8 36 0.194
8 63 0.093
8 69 0.115
8 74 0.159
8 85 0.188
8 12 0.177
8 15 0.146
8 19 0.169
8 22 0.108
8 25 0.211
8 34 0.149
8 44 0.157
8 56 0.123
8 60 0.151
8 66 0.176
8 77 0.176
8 78 0.094
8 79 0.137
8 83 0.162
8 86 0.18
8 87 0.123
8 89 0.144
8 92 0.109
8 94 0.179
8 95 0.141
8 98 0.137
8 99 0.143
9 70 0.608
9 94 0.898
9 39 0.664
9 16 0.695
9 18 0.519
9 50 0.671
9 95 0.66
9 96 0.828
9 97 0.909
9 75 0.954
9 30 0.516
9 42 0.901
9 86 0.768
9 10 0.522
9 15 0.678
9 38 0.656
9 12 0.583
9 41 0.231
9 17 0.1
9 79 0.202
9 83 0.216
9 98 0.159
9 19 0.115
9 21 0.146
9 23 0.16
9 24 0.132
9 28 0.17
9 29 0.191
9 31 0.162
9 32 0.178
9 33 0.133
9 35 0.161
9 40 0.145
9 44 0.141
9 47 0.113
9 48 0.203
9 49 0.158
9 55 0.14
9 56 0.101
9 57 0.174
9 58 0.139
9 60 0.118
9 62 0.161
9 63 0.137
9 64 0.119
9 65 0.151
9 69 0.173
9 72 0.142
9 73 0.14
9 77 0.147
9 78 0.117
9 85 0.167
9 90 0.162
9 91 0.183
9 92 0.163
9 99 0.117
10 91 0.647
10 96 0.574
10 42 1
10 28 1
10 46 0.763
10 22 0.783
10 44 0.673
10 27 1
10 89 0.74
10 80 0.732
10 15 0.629
10 18 0.616
10 31 0.81
10 26 0.927
10 62 0.6
10 90 0.666
10 68 0.874
10 40 0.595
10 58 0.197
10 64 0.218
10 11 0.123
10 29 0.13
10 33 0.144
10 54 0.152
10 69 0.162
10 72 0.122
10 13 0.131
10 16 0.184
10 20 0.174
10 24 0.159
10 30 0.21
10 34 0.157
10 35 0.105
10 37 0.114
10 39 0.123
10 41 0.171
10 43 0.174
10 45 0.192
10 47 0.163
10 49 0.157
10 52 0.138
10 53 0.176
10 55 0.171
10 59 0.178
10 61 0.165
10 66 0.159
10 70 0.241
10 74 0.141
10 76 0.17
10 77 0.148
10 78 0.175
10 82 0.118
10 83 0.15
10 85 0.159
10 92 0.192
10 95 0.088
10 97 0.131
10 98 0.163
11 13 0.956
11 83 0.677
11 38 0.841
11 84 0.778
11 86 1
11 60 0.943
11 74 0.534
11 42 0.888
11 21 0.603
11 24 0.887
11 58 0.69
11 68 0.536
11 81 0.659
11 20 0.706
11 94 0.579
11 63 1
11 88 0.644
11 59 0.517
11 80 0.661
11 23 0.162
11 36 0.112
11 39 0.144
11 45 0.158
11 65 0.141
11 72 0.102
11 91 0.112
11 17 0.089
11 26 0.152
11 27 0.145
11 29 0.158
11 31 0.165
11 32 0.143
11 33 0.225
11 41 0.191
11 43 0.151
11 44 0.114
11 46 0.136
11 47 0.187
11 48 0.164
11 50 0.16
11 52 0.149
11 53 0.141
11 55 0.163
11 56 0.157
11 61 0.148
11 67 0.181
11 71 0.171
11 76 0.116
11 77 0.162
11 85 0.147
11 93 0.151
11 96 0.158
11 98 0.142
11 99 0.119
12 71 0.721
12 78 1
12 36 0.685
12 96 0.815
12 23 0.524
12 92 0.992
12 82 0.914
12 25 0.835
12 89 0.7
12 46 0.782
12 85 0.646
12 44 0.662
12 32 1
12 47 0.964
12 80 0.617
12 63 0.607
12 69 0.574
12 84 0.627
12 48 0.589
12 45 0.546
12 50 0.897
12 21 0.056
12 14 0.159
12 60 0.234
12 18 0.132
12 20 0.207
12 22 0.141
12 30 0.146
12 31 0.134
12 34 0.189
12 35 0.194
12 37 0.179
12 38 0.159
12 39 0.162
12 40 0.16
12 42 0.142
12 51 0.128
12 53 0.186
12 54 0.174
12 56 0.177
12 58 0.228
12 59 0.122
12 65 0.145
12 66 0.154
12 68 0.135
12 72 0.127
12 73 0.118
12 74 0.13
12 75 0.098
12 81 0.146
12 83 0.114
12 87 0.121
12 94 0.162
12 97 0.179
12 98 0.131
13 49 0.621
13 61 0.843
13 14 0.807
13 37 0.962
13 28 0.908
13 15 0.685
13 94 0.904
13 62 0.971
13 87 0.762
13 86 0.892
13 48 0.698
13 56 0.653
13 34 0.549
13 68 0.618
13 90 0.759
13 58 0.739
13 73 0.619
13 18 0.619
13 89 0.551
13 32 0.098
13 47 0.068
13 93 0.104
13 26 0.231
13 31 0.11
13 45 0.244
13 52 0.191
13 64 0.129
13 65 0.173
13 67 0.119
13 16 0.137
13 17 0.137
13 19 0.172
13 20 0.167
13 22 0.119
13 23 0.17
13 24 0.133
13 30 0.193
13 39 0.154
13 42 0.143
13 50 0.176
13 51 0.16
13 54 0.139
13 55 0.131
13 59 0.159
13 60 0.122
13 70 0.156
13 71 0.155
13 74 0.176
13 76 0.161
13 79 0.138
13 82 0.145
13 83 0.174
13 85 0.144
13 88 0.139
13 96 0.124
13 98 0.098
14 89 0.974
14 80 0.698
14 16 0.757
14 59 0.924
14 90 0.909
14 91 0.983
14 41 0.587
14 44 0.651
14 56 0.728
14 70 0.638
14 78 0.809
14 18 0.602
14 96 0.789
14 66 0.693
14 81 0.683
14 20 0.971
14 69 0.641
14 40 0.667
14 74 0.536
14 65 0.77
14 15 0.634
14 97 0.514
14 62 0.124
14 34 0.143
14 27 0.181
14 28 0.125
14 37 0.15
14 82 0.115
14 83 0.177
14 86 0.171
14 19 0.169
14 23 0.238
14 30 0.125
14 32 0.164
14 33 0.172
14 39 0.113
14 43 0.162
14 47 0.166
14 48 0.215
14 51 0.165
14 57 0.129
14 58 0.198
14 63 0.123
14 64 0.154
14 68 0.154
14 75 0.1
14 76 0.133
14 77 0.15
14 85 0.156
14 92 0.142
14 98 0.14
15 42 0.914
15 51 0.909
15 90 0.903
15 21 0.886
15 33 0.876
15 54 0.616
15 86 0.54
15 40 0.813
15 80 0.838
15 35 0.723
15 72 0.59
15 20 0.689
15 99 0.616
15 66 0.61
15 70 0.671
15 91 0.722
15 55 0.528
15 24 0.157
15 30 0.072
15 32 0.182
15 45 0.157
15 46 0.215
15 64 0.153
15 68 0.169
15 82 0.198
15 85 0.153
15 18 0.155
15 29 0.108
15 31 0.185
15 34 0.118
15 37 0.145
15 38 0.17
15 39 0.134
15 47 0.15
15 48 0.138
15 52 0.149
15 57 0.189
15 61 0.183
15 62 0.142
15 73 0.121
15 74 0.131
15 79 0.147
15 89 0.187
16 21 0.874
16 86 0.803
16 91 1
16 76 0.861
16 55 0.908
16 36 0.983
16 53 0.82
16 20 1
16 27 0.746
16 45 0.754
16 66 0.657
16 80 0.768
16 95 0.631
16 17 0.886
16 78 0.899
16 47 0.665
16 59 0.623
16 82 0.584
16 97 0.831
16 26 0.684
16 58 0.534
16 57 0.021
16 19 0.104
16 25 0.093
16 92 0.167
16 94 0.138
16 99 0.148
16 23 0.124
16 28 0.114
16 30 0.217
16 33 0.108
16 34 0.131
16 35 0.16
16 37 0.157
16 40 0.132
16 42 0.174
16 43 0.141
16 49 0.086
16 50 0.159
16 51 0.125
16 52 0.177
16 54 0.184
16 56 0.149
16 63 0.141
16 64 0.122
16 67 0.167
16 71 0.168
16 72 0.177
16 73 0.179
16 75 0.178
16 79 0.111
16 90 0.165
16 93 0.167
16 96 0.176
16 98 0.136
17 18 0.551
17 34 0.973
17 98 0.794
17 36 0.818
17 95 0.759
17 32 0.779
17 39 0.972
17 61 0.931
17 67 0.962
17 54 0.795
17 55 0.672
17 80 0.56
17 24 0.838
17 99 0.529
17 53 0.967
17 57 0.561
17 92 0.923
17 93 0.645
17 73 0.651
17 60 0.928
17 43 0.609
17 78 0.59
17 27 0.149
17 22 0.138
17 31 0.152
17 86 0.171
17 89 0.197
17 20 0.14
17 23 0.154
17 25 0.088
17 30 0.137
17 33 0.141
17 37 0.122
17 41 0.153
17 42 0.172
17 44 0.158
17 46 0.115
17 50 0.164
17 52 0.169
17 56 0.152
17 59 0.16
17 63 0.162
17 65 0.195
17 68 0.175
17 71 0.141
17 74 0.139
17 77 0.096
17 82 0.086
17 83 0.131
18 98 1
18 71 0.981
18 26 0.538
18 72 0.808
18 95 0.94
18 37 0.623
18 69 0.919
18 52 0.523
18 93 0.732
18 97 0.769
18 89 0.576
18 23 0.79
18 53 0.644
18 62 0.659
18 48 0.677
18 44 0.58
18 24 0.69
18 30 0.149
18 43 0.126
18 46 0.139
18 28 0.236
18 29 0.177
18 63 0.153
18 21 0.12
18 31 0.187
18 35 0.135
18 36 0.168
18 50 0.191
18 51 0.163
18 55 0.162
18 56 0.167
18 58 0.12
18 68 0.17
18 70 0.175
18 74 0.161
18 75 0.149
18 76 0.149
18 77 0.154
18 78 0.158
18 80 0.129
18 81 0.152
18 82 0.152
18 83 0.131
18 84 0.208
18 85 0.168
18 91 0.144
18 99 0.163
19 95 0.643
19 71 0.579
19 53 1
19 78 0.869
19 56 1
19 67 0.669
19 41 0.569
19 96 0.788
19 36 0.644
19 29 0.73
19 69 0.822
19 51 0.55
19 60 0.583
19 91 0.513
19 49 0.707
19 55 0.155
19 83 0.134
19 50 0.175
19 59 0.291
19 75 0.164
19 86 0.114
19 20 0.162
19 23 0.15
19 25 0.092
19 26 0.162
19 28 0.185
19 30 0.125
19 31 0.18
19 35 0.131
19 48 0.155
19 52 0.104
19 58 0.142
19 62 0.153
19 63 0.16
19 74 0.131
19 76 0.134
19 77 0.158
19 80 0.128
19 81 0.146
19 84 0.156
19 87 0.174
19 90 0.167
19 92 0.171
19 93 0.147
19 97 0.115
20 90 0.673
20 50 0.777
20 41 0.934
20 53 1
20 96 0.519
20 79 0.679
20 31 0.541
20 32 0.617
20 80 0.639
20 91 0.537
20 86 0.607
20 78 0.723
20 54 0.593
20 34 0.544
20 42 0.786
20 71 0.575
20 72 0.619
20 46 0.063
20 21 0.171
20 33 0.186
20 38 0.087
20 39 0.059
20 45 0.213
20 62 0.157
20 82 0.023
20 93 0.19
20 23 0.162
20 26 0.187
20 29 0.143
20 35 0.16
20 36 0.17
20 37 0.143
20 43 0.153
20 44 0.161
20 47 0.161
20 51 0.092
20 58 0.166
20 60 0.138
20 61 0.119
20 66 0.17
20 68 0.106
20 73 0.168
20 74 0.174
20 75 0.223
20 76 0.144
20 77 0.188
20 83 0.19
20 92 0.14
20 94 0.147
20 98 0.182
21 96 0.918
21 57 0.784
21 33 0.725
21 74 0.654
21 63 1
21 79 0.649
21 97 0.783
21 98 0.589
21 99 0.891
21 49 0.913
21 75 0.776
21 65 0.61
21 32 0.653
21 30 0.779
21 60 0.674
21 72 0.808
21 39 0.673
21 23 0.629
21 36 0.627
21 58 0.597
21 85 0.698
21 56 0.631
21 91 0.616
21 43 0.718
21 50 0.544
21 37 0.52
21 45 0.168
21 62 0.176
21 64 0.155
21 89 0.211
21 90 0.145
21 94 0.147
21 29 0.165
21 31 0.203
21 34 0.138
21 41 0.15
21 42 0.177
21 46 0.15
21 47 0.146
21 51 0.116
21 52 0.116
21 59 0.164
21 66 0.145
21 68 0.143
21 70 0.169
21 73 0.131
21 78 0.123
21 82 0.146
21 83 0.112
21 93 0.148
21 95 0.102
22 83 0.893
22 37 0.855
22 93 0.756
22 77 0.694
22 69 0.829
22 73 0.65
22 72 0.762
22 30 0.737
22 58 0.561
22 25 0.699
22 75 0.837
22 84 0.636
22 38 0.616
22 71 0.087
22 61 0.072
22 95 0.18
22 35 0.159
22 45 0.137
22 52 0.087
22 55 0.149
22 27 0.144
22 36 0.114
22 39 0.127
22 41 0.159
22 48 0.09
22 50 0.153
22 51 0.151
22 57 0.151
22 60 0.084
22 63 0.234
22 64 0.168
22 65 0.142
22 67 0.139
22 70 0.176
22 74 0.159
22 79 0.134
22 82 0.113
22 86 0.178
22 87 0.121
22 89 0.137
22 92 0.211
22 94 0.174
22 97 0.214
22 98 0.135
23 77 0.808
23 71 0.897
23 46 0.706
23 51 0.584
23 66 1
23 93 0.532
23 53 0.809
23 59 0.643
23 58 0.577
23 38 0.568
23 29 0.564
23 44 0.579
23 67 0.135
23 37 0.092
23 57 0.124
23 69 0.165
23 74 0.199
23 98 0.14
23 24 0.142
23 27 0.13
23 31 0.136
23 36 0.17
23 42 0.183
23 52 0.144
23 56 0.163
23 60 0.137
23 63 0.144
23 70 0.161
23 78 0.13
23 79 0.07
23 82 0.115
23 87 0.143
23 89 0.121
23 96 0.138
24 65 0.686
24 86 0.906
24 40 0.958
24 80 1
24 73 0.927
24 76 0.747
24 43 0.747
24 98 1
24 28 0.658
24 72 0.819
24 26 0.721
24 33 0.532
24 58 0.741
24 93 0.777
24 54 0.943
24 42 0.591
24 59 0.893
24 25 0.594
24 34 0.559
24 48 0.746
24 71 0.771
24 53 0.595
24 94 0.698
24 84 0.664
24 55 0.742
24 64 0.583
24 50 0.161
24 92 0.177
24 29 0.225
24 30 0.187
24 31 0.158
24 32 0.188
24 35 0.13
24 37 0.174
24 38 0.151
24 41 0.176
24 47 0.145
24 49 0.13
24 52 0.157
24 60 0.162
24 61 0.169
24 63 0.174
24 66 0.126
24 67 0.176
24 68 0.143
24 69 0.147
24 89 0.181
24 90 0.188
24 96 0.106
24 99 0.158
25 26 0.752
25 96 0.82
25 98 0.691
25 94 0.947
25 87 0.958
25 27 0.703
25 49 0.854
25 53 0.83
25 73 0.752
25 95 0.653
25 33 0.896
25 46 0.722
25 51 0.757
25 56 0.556
25 41 0.556
25 48 0.584
25 89 0.851
25 38 0.565
25 76 0.568
25 50 0.174
25 35 0.147
25 60 0.133
25 61 0.149
25 70 0.166
25 77 0.18
25 30 0.132
25 31 0.17
25 34 0.128
25 36 0.135
25 40 0.111
25 43 0.157
25 47 0.107
25 62 0.166
25 63 0.195
25 66 0.108
25 68 0.135
25 71 0.17
25 72 0.144
25 78 0.163
25 82 0.143
25 86 0.147
25 91 0.184
25 93 0.1
25 97 0.182
26 71 0.879
26 69 0.826
26 84 1
26 33 0.92
26 88 0.817
26 61 1
26 87 1
26 68 0.807
26 74 0.996
26 80 0.665
26 48 0.642
26 67 0.517
26 47 0.71
26 37 0.658
26 75 0.733
26 32 0.501
26 54 0.81
26 30 0.149
26 31 0.15
26 44 0.216
26 66 0.141
26 77 0.159
26 90 0.14
26 95 0.158
26 27 0.162
26 28 0.154
26 34 0.147
26 38 0.13
26 40 0.125
26 41 0.148
26 42 0.142
26 46 0.142
26 52 0.172
26 53 0.151
26 56 0.147
26 57 0.144
26 58 0.118
26 60 0.206
26 63 0.149
26 65 0.143
26 72 0.169
26 76 0.158
26 82 0.172
26 83 0.17
26 85 0.154
26 86 0.125
26 91 0.135
26 93 0.194
26 97 0.113
26 98 0.19
27 72 0.958
27 81 0.72
27 63 0.638
27 95 0.584
27 66 0.896
27 80 0.638
27 77 0.569
27 35 0.813
27 69 0.596
27 74 0.588
27 98 0.667
27 73 0.549
27 48 0.181
27 79 0.073
27 92 0.15
27 32 0.142
27 38 0.181
27 39 0.171
27 40 0.168
27 43 0.161
27 44 0.136
27 45 0.155
27 49 0.127
27 50 0.145
27 53 0.173
27 54 0.149
27 55 0.134
27 60 0.164
27 75 0.182
27 78 0.12
27 82 0.14
27 84 0.117
27 86 0.135
27 87 0.183
27 88 0.143
27 89 0.147
27 91 0.175
27 93 0.194
27 96 0.133
27 97 0.115
27 99 0.171
28 51 0.707
28 91 0.846
28 61 0.843
28 50 0.915
28 56 1
28 49 0.754
28 99 0.604
28 35 0.667
28 75 0.608
28 43 0.634
28 83 0.608
28 68 0.745
28 76 0.646
28 98 0.122
28 60 0.079
28 84 0.173
28 92 0.174
28 52 0.169
28 53 0.084
28 55 0.111
28 58 0.174
28 62 0.154
28 63 0.13
28 66 0.18
28 79 0.178
28 80 0.167
28 93 0.114
28 94 0.149
28 95 0.101
29 64 0.695
29 40 0.669
29 39 0.576
29 50 0.724
29 34 0.631
29 79 0.677
29 92 0.605
29 57 0.569
29 75 0.628
29 88 0.6
29 33 0.575
29 42 0.52
29 71 0.669
29 62 0.581
29 35 0.103
29 65 0.16
29 30 0.169
29 32 0.137
29 41 0.146
29 43 0.152
29 44 0.117
29 45 0.179
29 46 0.132
29 49 0.196
29 51 0.132
29 53 0.108
29 58 0.103
29 59 0.153
29 60 0.088
29 61 0.111
29 67 0.106
29 69 0.18
29 70 0.137
29 76 0.141
29 81 0.151
29 82 0.148
29 84 0.187
29 85 0.187
29 86 0.145
29 91 0.113
29 99 0.108
30 46 0.722
30 96 0.613
30 55 0.841
30 82 0.807
30 87 0.903
30 31 0.819
30 59 0.815
30 61 0.582
30 75 0.666
30 34 0.648
30 92 0.636
30 62 0.559
30 68 0.761
30 83 0.592
30 98 0.552
30 78 0.615
30 67 0.516
30 69 0.604
30 48 0.282
30 90 0.139
30 38 0.118
30 39 0.195
30 42 0.206
30 45 0.153
30 49 0.148
30 50 0.131
30 51 0.141
30 52 0.156
30 56 0.213
30 57 0.169
30 64 0.135
30 71 0.164
30 72 0.085
30 73 0.174
30 85 0.151
30 91 0.082
30 93 0.191
30 94 0.117
30 99 0.173
31 47 0.641
31 48 1
31 59 0.9
31 78 0.905
31 66 0.957
31 41 0.816
31 42 0.627
31 74 0.611
31 97 0.955
31 93 0.645
31 64 0.587
31 83 0.826
31 68 0.76
31 99 0.693
31 85 0.661
31 84 0.058
31 86 0.176
31 49 0.228
31 79 0.13
31 82 0.142
31 94 0.159
31 95 0.029
31 33 0.148
31 36 0.157
31 38 0.147
31 45 0.113
31 52 0.114
31 58 0.136
31 62 0.208
31 63 0.106
31 67 0.15
31 71 0.126
31 73 0.201
31 77 0.142
31 80 0.132
31 81 0.158
31 90 0.188
32 36 0.568
32 63 0.926
32 40 0.697
32 52 0.943
32 71 0.963
32 85 0.724
32 50 0.838
32 37 0.882
32 41 0.557
32 45 0.611
32 34 0.894
32 57 0.723
32 73 0.746
32 35 0.516
32 60 0.639
32 59 0.646
32 86 0.778
32 39 0.158
32 43 0.187
32 47 0.17
32 48 0.158
32 49 0.132
32 53 0.165
32 54 0.175
32 55 0.104
32 56 0.115
32 58 0.168
32 62 0.192
32 64 0.151
32 65 0.126
32 66 0.186
32 68 0.169
32 69 0.244
32 70 0.116
32 78 0.163
32 79 0.224
32 80 0.123
32 81 0.148
32 84 0.055
32 88 0.178
32 89 0.156
32 91 0.164
32 92 0.153
32 93 0.191
32 95 0.162
32 96 0.163
33 68 0.871
33 75 0.944
33 46 0.503
33 76 0.828
33 36 0.714
33 60 1
33 97 0.754
33 35 0.624
33 77 0.844
33 94 0.72
33 51 0.611
33 52 0.731
33 49 0.687
33 42 0.904
33 37 0.05
33 80 0.133
33 38 0.135
33 47 0.133
33 64 0.148
33 34 0.148
33 39 0.168
33 44 0.118
33 45 0.161
33 48 0.098
33 50 0.136
33 53 0.145
33 59 0.115
33 61 0.123
33 72 0.227
33 73 0.168
33 83 0.137
33 85 0.185
33 86 0.174
33 89 0.145
33 90 0.187
33 92 0.163
33 93 0.181
33 95 0.141
33 99 0.228
34 56 0.65
34 96 0.591
34 54 0.679
34 99 0.954
34 88 0.698
34 57 0.897
34 72 0.773
34 73 0.643
34 43 0.794
34 35 0.653
34 55 0.782
34 68 0.506
34 37 0.898
34 47 0.723
34 93 0.587
34 94 0.927
34 61 0.715
34 44 0.759
34 41 0.13
34 46 0.122
34 70 0.202
34 74 0.14
34 81 0.054
34 84 0.196
34 92 0.158
34 97 0.135
34 38 0.168
34 39 0.141
34 48 0.147
34 49 0.181
34 50 0.171
34 51 0.172
34 53 0.151
34 59 0.099
34 63 0.182
34 69 0.14
34 71 0.136
34 75 0.217
34 77 0.205
34 78 0.135
34 83 0.174
34 85 0.137
34 89 0.154
34 98 0.107
35 63 1
35 80 0.969
35 90 0.666
35 55 0.743
35 36 0.765
35 52 0.614
35 70 0.633
35 86 0.752
35 96 0.794
35 44 0.898
35 58 0.714
35 75 0.664
35 41 0.754
35 38 0.192
35 46 0.215
35 48 0.109
35 51 0.159
35 64 0.243
35 71 0.136
35 40 0.134
35 45 0.161
35 47 0.182
35 49 0.172
35 59 0.179
35 61 0.18
35 62 0.136
35 65 0.118
35 67 0.149
35 72 0.149
35 76 0.217
35 81 0.156
35 82 0.197
35 83 0.139
35 84 0.116
35 85 0.14
35 87 0.151
35 89 0.143
35 91 0.175
35 92 0.127
35 97 0.204
35 98 0.126
36 94 0.815
36 67 0.62
36 64 0.785
36 44 0.779
36 88 0.534
36 85 0.542
36 59 0.637
36 68 0.653
36 71 0.796
36 82 0.53
36 53 0.864
36 99 0.574
36 69 0.811
36 54 0.844
36 60 0.522
36 66 0.652
36 37 0.077
36 45 0.193
36 62 0.16
36 75 0.187
36 77 0.179
36 96 0.143
36 39 0.126
36 41 0.126
36 50 0.13
36 51 0.162
36 56 0.146
36 58 0.184
36 61 0.123
36 65 0.155
36 70 0.119
36 76 0.162
36 79 0.171
36 80 0.207
36 83 0.161
36 86 0.11
36 87 0.106
36 98 0.149
37 90 0.802
37 87 0.718
37 92 0.743
37 95 0.803
37 42 0.893
37 59 0.522
37 51 0.625
37 78 0.8
37 60 0.708
37 75 0.881
37 39 0.805
37 80 0.696
37 99 0.542
37 94 0.643
37 58 0.661
37 57 0.688
37 67 0.875
37 70 0.704
37 40 0.127
37 41 0.179
37 48 0.173
37 68 0.16
37 89 0.095
37 38 0.15
37 44 0.078
37 49 0.111
37 50 0.147
37 53 0.195
37 55 0.164
37 61 0.18
37 65 0.085
37 77 0.132
37 91 0.123
38 95 0.598
38 69 0.866
38 90 0.845
38 62 0.835
38 66 0.77
38 75 0.568
38 44 0.845
38 72 0.71
38 76 0.719
38 84 0.766
38 80 0.555
38 98 0.593
38 70 0.517
38 74 0.914
38 81 0.934
38 97 0.53
38 41 0.562
38 53 0.622
38 56 0.594
38 49 0.56
38 65 0.157
38 89 0.131
38 73 0.152
38 86 0.138
38 45 0.199
38 46 0.15
38 48 0.142
38 51 0.121
38 57 0.129
38 63 0.203
38 67 0.136
38 71 0.139
38 82 0.151
38 85 0.147
38 93 0.173
38 94 0.168
39 91 0.948
39 65 0.971
39 40 0.661
39 41 0.591
39 95 0.555
39 92 0.885
39 43 0.556
39 77 0.791
39 82 0.776
39 94 0.548
39 78 0.602
39 62 0.618
39 66 0.607
39 64 0.59
39 96 0.188
39 42 0.178
39 63 0.145
39 44 0.125
39 48 0.123
39 52 0.149
39 55 0.118
39 57 0.175
39 60 0.174
39 67 0.125
39 68 0.14
39 70 0.202
39 73 0.163
39 76 0.162
39 79 0.118
39 80 0.137
39 85 0.175
39 86 0.161
39 88 0.171
39 89 0.159
39 90 0.143
39 93 0.151
39 99 0.175
40 58 0.612
40 89 0.651
40 68 0.851
40 75 0.621
40 55 0.835
40 71 0.748
40 83 0.769
40 65 0.617
40 74 0.645
40 98 0.174
40 52 0.105
40 67 0.175
40 72 0.143
40 44 0.129
40 45 0.095
40 46 0.173
40 47 0.148
40 50 0.146
40 51 0.123
40 53 0.183
40 54 0.129
40 56 0.133
40 59 0.142
40 61 0.243
40 62 0.087
40 63 0.156
40 64 0.218
40 66 0.134
40 70 0.184
40 76 0.121
40 79 0.139
40 80 0.127
40 85 0.133
40 86 0.177
40 94 0.176
41 77 0.999
41 53 0.976
41 64 0.624
41 76 0.577
41 55 0.896
41 60 0.681
41 48 0.525
41 94 0.116
41 72 0.183
41 43 0.137
41 44 0.166
41 51 0.189
41 54 0.201
41 66 0.137
41 68 0.115
41 70 0.142
41 74 0.157
41 75 0.116
41 80 0.167
41 83 0.162
41 87 0.164
41 88 0.167
41 98 0.155
42 83 0.758
42 81 0.917
42 70 0.913
42 76 0.752
42 65 0.888
42 51 0.806
42 73 0.893
42 72 0.956
42 49 0.672
42 60 0.665
42 69 0.687
42 97 0.547
42 48 0.521
42 89 0.678
42 45 0.849
42 88 0.166
42 47 0.206
42 50 0.156
42 52 0.156
42 53 0.207
42 54 0.115
42 56 0.121
42 63 0.181
42 67 0.174
42 68 0.171
42 71 0.21
42 74 0.164
42 75 0.171
42 78 0.121
42 85 0.221
42 86 0.122
42 87 0.163
42 92 0.178
42 98 0.147
42 99 0.158
43 79 0.606
43 58 0.663
43 88 0.708
43 77 0.585
43 96 0.71
43 97 0.717
43 87 0.618
43 73 0.748
43 56 0.827
43 51 0.08
43 54 0.153
43 59 0.153
43 65 0.165
43 69 0.204
43 74 0.136
43 86 0.141
43 89 0.17
43 45 0.151
43 48 0.115
43 50 0.177
43 52 0.146
43 53 0.144
43 57 0.157
43 60 0.182
43 61 0.145
43 64 0.178
43 67 0.159
43 71 0.124
43 72 0.163
43 75 0.15
43 76 0.129
43 82 0.188
43 90 0.079
43 92 0.198
43 93 0.124
43 94 0.194
43 99 0.155
44 60 0.765
44 99 0.626
44 61 0.698
44 91 0.593
44 50 0.811
44 81 0.63
44 53 0.866
44 70 0.84
44 75 0.692
44 48 0.557
44 98 0.598
44 69 0.753
44 92 0.636
44 76 0.602
44 82 0.587
44 65 0.158
44 78 0.097
44 62 0.121
44 67 0.111
44 71 0.158
44 79 0.128
44 80 0.201
44 85 0.199
44 93 0.22
44 94 0.088
44 95 0.154
45 48 0.514
45 47 1
45 55 0.654
45 65 0.597
45 58 0.701
45 91 0.711
45 46 0.636
45 67 0.693
45 69 0.645
45 66 0.638
45 81 0.736
45 52 0.141
45 71 0.136
45 56 0.161
45 57 0.085
45 62 0.171
45 63 0.142
45 73 0.176
45 75 0.126
45 83 0.162
45 86 0.166
45 95 0.185
45 97 0.088
45 99 0.133
46 67 0.843
46 86 0.737
46 65 0.947
46 76 0.688
46 99 0.552
46 94 0.911
46 57 0.762
46 50 0.526
46 82 0.709
46 54 0.074
46 60 0.117
46 90 0.053
46 96 0.194
46 47 0.17
46 62 0.16
46 64 0.153
46 69 0.118
46 72 0.196
46 80 0.169
46 81 0.161
46 83 0.105
46 84 0.12
46 85 0.206
46 93 0.114
46 95 0.074
46 97 0.108
47 99 0.835
47 92 0.787
47 62 0.615
47 90 1
47 96 0.551
47 53 0.858
47 81 0.577
47 86 0.599
47 87 0.785
47 97 0.968
47 64 0.663
47 52 0.9
47 76 0.506
47 49 0.067
47 65 0.161
47 68 0.148
47 69 0.174
47 74 0.198
47 75 0.098
47 79 0.161
47 80 0.139
47 83 0.073
47 84 0.175
47 85 0.172
47 89 0.129
47 91 0.134
47 93 0.111
48 73 1
48 97 0.781
48 63 0.89
48 68 0.715
48 76 0.579
48 83 0.981
48 69 0.523
48 81 0.51
48 55 0.647
48 62 0.874
48 82 0.163
48 70 0.153
48 77 0.198
48 80 0.136
48 84 0.252
48 90 0.173
48 93 0.168
48 94 0.195
48 95 0.118
48 50 0.112
48 52 0.161
48 54 0.148
48 56 0.142
48 58 0.15
48 59 0.145
48 60 0.159
48 64 0.118
48 74 0.152
48 78 0.144
48 85 0.105
48 86 0.139
48 92 0.225
48 98 0.151
49 90 0.964
49 98 0.803
49 71 0.828
49 84 0.848
49 93 0.81
49 89 0.648
49 73 0.575
49 83 0.862
49 96 0.849
49 97 0.636
49 65 0.788
49 94 0.604
49 64 0.732
49 60 0.115
49 82 0.115
49 53 0.216
49 59 0.159
49 74 0.248
49 51 0.164
49 56 0.172
49 61 0.156
49 67 0.215
49 72 0.169
49 75 0.17
49 80 0.173
49 81 0.157
49 91 0.138
49 95 0.158
49 99 0.127
50 80 0.938
50 87 0.708
50 90 0.84
50 93 0.632
50 54 0.583
50 95 0.815
50 56 0.156
50 82 0.106
50 88 0.172
50 51 0.146
50 52 0.137
50 66 0.183
50 67 0.127
50 69 0.096
50 71 0.094
50 72 0.124
50 73 0.199
50 74 0.195
50 78 0.118
50 86 0.132
50 96 0.132
50 97 0.157
50 98 0.165
51 74 0.965
51 87 1
51 69 0.837
51 92 0.464
51 63 1
51 54 0.099
51 67 0.224
51 90 0.103
51 95 0.069
51 52 0.13
51 57 0.136
51 58 0.146
51 59 0.147
51 60 0.199
51 64 0.169
51 68 0.182
51 71 0.229
51 76 0.115
51 79 0.169
51 80 0.121
51 81 0.166
51 85 0.161
51 86 0.164
51 88 0.133
51 94 0.182
51 96 0.211
51 97 0.15
51 98 0.195
51 99 0.119
52 81 0.729
52 95 0.692
52 62 0.83
52 82 0.654
52 76 0.679
52 91 0.676
52 64 0.803
52 55 0.529
52 98 0.677
52 93 0.724
52 68 0.18
52 73 0.139
52 84 0.103
52 57 0.107
52 71 0.143
52 72 0.121
52 77 0.124
52 79 0.084
52 80 0.158
52 85 0.187
52 92 0.114
52 99 0.131
53 71 0.892
53 88 0.653
53 54 0.544
53 57 0.584
53 61 0.826
53 73 0.575
53 89 0.603
53 59 0.146
53 56 0.162
53 58 0.179
53 60 0.161
53 63 0.137
53 67 0.133
53 69 0.205
53 74 0.172
53 76 0.155
53 81 0.182
53 83 0.13
53 84 0.178
53 85 0.154
53 87 0.114
53 94 0.187
53 96 0.15
53 98 0.161
53 99 0.132
54 55 0.667
54 56 0.886
54 85 0.584
54 83 0.799
54 89 0.553
54 94 0.546
54 64 0.62
54 63 0.57
54 65 0.658
54 96 0.639
54 74 0.547
54 76 0.101
54 84 0.21
54 91 0.312
54 92 0.077
54 59 0.144
54 61 0.177
54 66 0.143
54 67 0.151
54 68 0.12
54 70 0.127
54 71 0.168
54 72 0.169
54 73 0.113
54 75 0.104
54 77 0.144
54 78 0.152
54 82 0.141
54 88 0.203
54 90 0.179
54 97 0.16
54 98 0.143
54 99 0.118
55 86 0.906
55 72 0.586
55 83 0.603
55 93 0.883
55 90 0.888
55 70 0.961
55 79 0.644
55 59 0.869
55 68 0.655
55 92 0.596
55 85 0.609
55 95 0.538
55 67 0.115
55 75 0.17
55 56 0.167
55 57 0.181
55 62 0.172
55 63 0.177
55 64 0.105
55 66 0.12
55 69 0.195
55 73 0.129
55 82 0.174
55 84 0.18
55 87 0.085
55 88 0.194
55 91 0.163
55 96 0.161
55 98 0.128
55 99 0.233
56 87 0.884
56 58 0.842
56 80 0.702
56 99 0.812
56 91 0.724
56 77 1.0
56 57 0.879
56 63 0.716
56 76 0.845
56 61 0.963
56 68 0.606
56 70 0.137
56 89 0.156
56 90 0.169
56 65 0.169
56 66 0.122
56 75 0.158
56 79 0.12
56 81 0.129
56 83 0.149
56 84 0.158
56 86 0.136
56 88 0.155
56 93 0.103
56 94 0.174
56 95 0.102
56 96 0.138
56 97 0.101
57 62 0.933
57 73 0.943
57 89 0.648
57 61 0.765
57 59 0.895
57 79 0.861
57 94 0.516
57 60 0.158
57 78 0.127
57 86 0.151
57 96 0.164
57 58 0.163
57 63 0.174
57 64 0.127
57 65 0.156
57 67 0.168
57 69 0.185
57 70 0.164
57 71 0.171
57 72 0.206
57 74 0.175
57 75 0.131
57 77 0.099
57 81 0.161
57 82 0.138
57 85 0.174
57 88 0.137
57 90 0.17
57 93 0.145
57 98 0.141
58 77 0.852
58 86 0.634
58 74 1
58 63 0.663
58 69 0.604
58 95 0.873
58 91 0.649
58 96 0.545
58 98 0.217
58 68 0.129
58 83 0.16
58 84 0.121
58 60 0.16
58 62 0.127
58 64 0.154
58 66 0.187
58 67 0.162
58 70 0.162
58 71 0.181
58 73 0.103
58 79 0.126
58 88 0.169
58 90 0.145
58 92 0.12
58 97 0.14
59 80 0.923
59 97 0.66
59 85 0.64
59 70 0.992
59 78 0.512
59 98 0.611
59 93 0.653
59 61 0.163
59 63 0.176
59 76 0.194
59 79 0.083
59 87 0.145
59 88 0.14
59 89 0.169
59 91 0.145
59 92 0.15
59 94 0.146
59 96 0.101
59 99 0.137
60 90 0.885
60 80 0.679
60 97 1
60 84 0.585
60 85 0.56
60 63 0.593
60 61 0.738
60 77 0.532
60 94 0.686
60 96 0.139
60 98 0.155
60 68 0.17
60 72 0.173
60 75 0.126
60 79 0.136
60 82 0.125
60 86 0.168
60 92 0.14
60 93 0.16
60 99 0.196
61 78 1
61 85 0.767
61 79 0.541
61 77 0.825
61 72 0.628
61 86 0.58
61 82 0.521
61 63 0.163
61 66 0.108
61 95 0.164
61 65 0.133
61 68 0.133
61 69 0.149
61 73 0.182
61 75 0.162
61 80 0.185
61 84 0.17
61 92 0.121
61 94 0.178
61 96 0.116
61 97 0.168
62 83 0.856
62 65 0.817
62 70 0.961
62 78 0.813
62 68 0.742
62 95 1
62 86 0.665
62 92 0.59
62 72 0.749
62 93 0.653
62 71 0.115
62 84 0.159
62 90 0.149
62 96 0.152
62 63 0.159
62 64 0.125
62 67 0.161
62 69 0.129
62 74 0.144
62 75 0.207
62 77 0.158
62 79 0.191
62 80 0.137
62 81 0.168
62 82 0.15
62 89 0.183
62 91 0.201
62 94 0.15
63 69 0.81
63 86 0.732
63 76 0.52
63 93 1
63 88 0.842
63 65 0.601
63 68 0.661
63 83 0.556
63 89 0.884
63 91 0.626
63 75 0.549
63 87 0.513
63 64 0.083
63 78 0.159
63 99 0.122
63 82 0.168
63 85 0.123
63 92 0.117
63 98 0.127
64 94 0.826
64 91 0.843
64 65 0.616
64 78 0.82
64 92 0.733
64 75 0.621
64 76 0.795
64 95 0.517
64 68 0.627
64 73 0.583
64 84 0.183
64 90 0.128
64 98 0.15
64 69 0.08
64 71 0.15
64 77 0.171
64 80 0.124
64 85 0.166
64 88 0.103
64 93 0.123
64 96 0.122
64 97 0.172
65 78 0.652
65 72 0.859
65 73 0.81
65 98 0.519
65 77 0.562
65 87 0.561
65 81 0.704
65 70 0.72
65 75 0.67
65 71 0.133
65 93 0.155
65 99 0.086
65 67 0.111
65 69 0.105
65 74 0.155
65 79 0.194
65 80 0.124
65 82 0.163
65 83 0.117
65 85 0.149
65 88 0.191
65 89 0.142
65 90 0.155
65 91 0.146
65 92 0.166
65 94 0.162
65 97 0.159
66 73 0.577
66 71 0.702
66 82 1
66 91 0.875
66 70 0.731
66 92 0.734
66 87 0.531
66 78 0.196
66 98 0.124
66 67 0.135
66 68 0.135
66 72 0.174
66 74 0.107
66 79 0.157
66 80 0.142
66 81 0.154
66 88 0.117
66 89 0.125
66 90 0.188
66 95 0.188
67 94 0.905
67 86 0.793
67 82 0.82
67 71 0.578
67 73 0.689
67 97 0.147
67 68 0.17
67 69 0.123
67 70 0.169
67 72 0.142
67 77 0.114
67 83 0.164
67 84 0.143
67 91 0.125
67 93 0.193
67 96 0.165
68 90 0.988
68 87 0.814
68 77 0.678
68 91 0.816
68 83 0.558
68 89 0.576
68 99 0.623
68 97 0.159
68 71 0.136
68 75 0.163
68 76 0.181
68 78 0.17
68 86 0.15
68 88 0.202
68 94 0.174
68 98 0.207
69 84 1
69 81 0.595
69 93 0.668
69 90 0.534
69 73 0.171
69 72 0.122
69 75 0.147
69 96 0.16
69 71 0.169
69 76 0.195
69 83 0.165
69 89 0.154
69 91 0.158
69 95 0.155
69 97 0.171
70 77 0.948
70 83 0.668
70 95 0.784
70 94 1
70 97 0.923
70 75 0.613
70 84 0.714
70 99 0.755
70 71 0.133
70 96 0.267
70 73 0.156
70 88 0.113
70 91 0.185
70 92 0.153
70 93 0.126
70 98 0.146
71 93 0.576
71 80 0.685
71 76 0.168
71 73 0.163
71 78 0.187
71 86 0.211
71 72 0.169
71 77 0.132
71 79 0.178
71 81 0.14
71 84 0.142
71 85 0.121
71 91 0.122
71 92 0.115
71 96 0.183
72 85 0.611
72 86 0.525
72 87 0.597
72 74 0.557
72 80 0.658
72 84 0.131
72 76 0.133
72 79 0.117
72 89 0.176
72 91 0.105
72 94 0.154
72 95 0.165
72 99 0.168
73 74 0.858
73 76 0.869
73 95 0.955
73 89 0.85
73 99 0.883
73 90 0.477
73 97 0.593
73 87 0.704
73 92 0.718
73 82 0.187
73 75 0.164
73 80 0.128
73 81 0.132
73 96 0.137
73 98 0.197
74 77 0.609
74 99 0.585
74 90 0.635
74 80 0.628
74 82 0.542
74 95 0.701
74 92 0.2
74 84 0.151
74 87 0.206
74 94 0.173
74 75 0.151
74 76 0.172
74 81 0.15
74 86 0.187
74 93 0.126
74 96 0.089
74 98 0.151
75 84 0.764
75 82 0.666
75 97 0.671
75 80 0.752
75 86 0.727
75 98 0.591
75 81 0.954
75 76 0.195
75 78 0.174
75 83 0.233
75 85 0.142
75 88 0.184
75 89 0.156
75 92 0.169
75 96 0.175
75 99 0.109
76 84 0.822
76 87 0.924
76 96 0.807
76 80 0.67
76 77 0.865
76 95 0.618
76 79 0.659
76 99 0.608
76 78 0.133
76 82 0.168
76 83 0.155
76 86 0.152
76 88 0.204
76 91 0.162
76 94 0.158
76 97 0.173
76 98 0.105
77 92 0.794
77 82 0.829
77 83 0.892
77 97 0.504
77 86 0.745
77 89 0.571
77 91 0.162
77 85 0.117
77 78 0.131
77 87 0.112
77 88 0.179
77 90 0.146
77 93 0.082
78 95 0.804
78 80 0.92
78 82 0.682
78 89 0.156
78 81 0.135
78 79 0.192
78 83 0.171
78 86 0.183
78 87 0.12
78 88 0.179
78 90 0.107
78 92 0.164
78 99 0.155
79 98 0.716
79 90 0.679
79 85 0.656
79 96 0.592
79 82 0.23
79 95 0.241
79 97 0.126
79 88 0.097
79 93 0.126
80 84 0.649
80 90 0.569
80 91 0.794
80 85 0.662
80 82 0.151
80 89 0.182
80 96 0.163
80 81 0.128
80 87 0.133
80 94 0.134
80 98 0.109
81 83 0.789
81 88 0.112
81 96 0.12
81 98 0.138
81 82 0.172
81 86 0.164
81 87 0.157
81 91 0.121
81 93 0.17
81 99 0.113
82 96 0.861
82 85 0.993
82 87 0.144
82 91 0.111
82 83 0.146
82 84 0.192
82 88 0.104
82 89 0.15
82 90 0.161
82 93 0.127
82 94 0.2
82 98 0.172
83 94 1
83 87 0.856
83 99 0.826
83 93 0.523
83 84 0.604
83 88 0.666
83 89 0.616
83 95 0.283
83 92 0.149
83 98 0.152
84 92 0.557
84 94 0.747
84 95 0.503
84 86 0.76
84 90 0.134
84 91 0.125
84 87 0.113
84 93 0.173
84 96 0.15
85 98 0.77
85 94 0.89
85 88 0.102
85 92 0.192
85 87 0.145
85 93 0.112
86 97 0.957
86 94 0.182
86 88 0.132
86 90 0.174
86 87 0.109
86 89 0.191
86 91 0.141
86 92 0.157
86 95 0.14
86 96 0.08
87 92 0.544
87 98 0.73
87 94 0.668
87 88 0.245
87 90 0.13
87 91 0.107
87 93 0.218
87 96 0.137
87 97 0.13
88 92 0.751
88 90 0.577
88 98 0.203
88 89 0.213
88 93 0.126
88 94 0.175
88 96 0.179
88 99 0.162
89 96 0.112
89 92 0.167
89 93 0.143
89 94 0.179
89 98 0.157
90 96 0.51
90 92 0.197
90 97 0.128
90 99 0.199
91 97 0.586
91 92 0.179
91 93 0.155
91 94 0.166
91 95 0.173
91 96 0.152
91 98 0.132
92 95 0.553
92 99 0.183
92 94 0.123
92 96 0.206
92 97 0.171
92 98 0.122
93 97 0.927
93 98 0.989
93 94 0.653
93 99 0.161
94 95 0.838
94 97 0.627
95 99 0.757
95 97 0.552
95 96 0.758
95 98 0.108
96 97 0.105
97 98 0.118
