0 97 0.937
0 65 0.873
0 58 0.689
0 20 0.616
0 48 0.9
0 27 0.826
0 1 0.82
0 51 0.571
0 57 0.918
0 4 0.637
0 16 0.9
0 38 0.828
0 49 0.734
0 64 0.875
0 87 0.66
0 53 0.854
0 68 0.955
0 6 0.136
0 31 0.126
0 66 0.123
0 78 0.205
0 24 0.185
0 33 0.137
0 62 0.13
0 70 0.154
0 92 0.152
1 5 0.584
1 32 0.837
1 60 0.889
1 97 1
1 98 0.66
1 95 0.998
1 21 1
1 38 0.863
1 77 0.809
1 34 0.748
1 49 0.904
1 22 1
1 72 0.57
1 51 0.968
1 85 0.763
1 26 1
1 45 0.633
1 67 0.286
1 15 0.155
1 18 0.18
1 58 0.151
1 33 0.21
1 36 0.161
1 37 0.077
1 63 0.14
1 82 0.155
1 83 0.125
1 90 0.212
1 91 0.139
2 91 1
2 32 0.551
2 98 0.544
2 66 0.813
2 3 0.809
2 35 1
2 62 0.971
2 7 0.8
2 71 0.985
2 58 0.614
2 47 0.566
2 42 0.658
2 79 0.513
2 6 1
2 57 0.886
2 24 0.131
2 72 0.18
2 93 0.195
2 8 0.138
2 11 0.168
2 16 0.131
2 19 0.129
2 20 0.178
2 38 0.156
2 60 0.069
2 83 0.161
3 52 1
3 5 0.967
3 59 0.73
3 49 0.651
3 8 0.951
3 64 0.946
3 46 0.841
3 35 0.931
3 7 0.685
3 48 1
3 91 1
3 51 0.78
3 53 0.656
3 63 0.723
3 24 1
3 65 0.162
3 79 0.118
3 97 0.104
3 55 0.185
3 62 0.117
3 86 0.144
3 6 0.144
3 18 0.13
3 21 0.198
3 34 0.173
3 41 0.138
3 54 0.108
3 88 0.121
4 35 0.824
4 14 0.515
4 29 0.908
4 58 0.724
4 97 0.862
4 11 0.139
4 75 0.136
4 82 0.14
4 12 0.178
4 20 0.134
4 21 0.163
4 56 0.14
4 57 0.192
4 74 0.167
4 78 0.157
4 85 0.165
4 90 0.167
4 99 0.185
5 75 0.923
5 57 0.667
5 48 0.657
5 24 0.809
5 76 0.817
5 73 0.822
5 96 0.682
5 43 0.166
5 63 0.154
5 68 0.166
5 6 0.151
5 7 0.164
5 21 0.172
5 22 0.15
5 39 0.143
5 58 0.075
5 60 0.149
5 74 0.192
5 77 0.164
5 83 0.091
5 86 0.204
5 89 0.169
6 29 0.739
6 28 0.544
6 99 0.93
6 37 0.906
6 85 1
6 75 0.926
6 30 0.873
6 51 0.959
6 91 0.919
6 80 1
6 72 0.618
6 79 0.153
6 8 0.154
6 41 0.14
6 59 0.155
6 70 0.125
6 12 0.169
6 21 0.162
6 22 0.136
6 23 0.195
6 52 0.175
6 66 0.202
6 73 0.117
6 86 0.153
6 88 0.128
6 96 0.255
7 73 0.623
7 64 1
7 94 1
7 34 0.823
7 69 0.699
7 30 1
7 63 0.937
7 99 0.944
7 78 0.833
7 21 0.797
7 35 0.709
7 56 0.557
7 87 0.599
7 18 0.92
7 16 0.625
7 8 0.157
7 27 0.192
7 45 0.17
7 82 0.205
7 85 0.119
7 95 0.101
7 19 0.123
7 22 0.138
7 53 0.109
7 61 0.122
7 68 0.134
7 81 0.154
7 88 0.16
7 93 0.137
7 97 0.15
8 67 0.917
8 45 0.97
8 55 0.816
8 73 0.826
8 10 0.921
8 11 0.681
8 29 1
8 84 1
8 52 0.782
8 13 0.903
8 40 0.954
8 43 0.807
8 81 0.99
8 94 0.103
8 61 0.133
8 24 0.136
8 47 0.206
8 87 0.143
8 14 0.173
8 16 0.184
8 20 0.208
8 22 0.142
8 33 0.167
8 49 0.109
8 51 0.179
8 64 0.192
8 76 0.14
8 77 0.168
8 93 0.162
8 95 0.154
9 70 0.78
9 94 0.88
9 39 0.939
9 16 1
9 50 0.654
9 95 0.502
9 96 0.7
9 97 0.806
9 75 0.935
9 42 0.867
9 86 0.745
9 15 0.953
9 38 0.722
9 12 0.677
9 26 0.181
9 45 0.166
9 49 0.167
9 14 0.196
9 27 0.116
9 34 0.162
9 36 0.178
10 42 0.559
10 28 0.749
10 46 0.58
10 22 0.872
10 44 0.801
10 27 0.902
10 89 0.636
10 80 0.83
10 15 0.57
10 90 0.51
10 68 1
10 49 0.117
10 14 0.126
10 85 0.123
10 58 0.086
10 60 0.149
10 61 0.163
10 77 0.139
10 83 0.157
10 84 0.159
11 13 0.901
11 83 0.561
11 38 0.698
11 86 0.881
11 42 0.825
11 21 0.595
11 24 0.847
11 81 0.603
11 94 0.666
11 31 0.556
11 18 0.123
11 28 0.214
11 67 0.177
11 72 0.131
11 85 0.179
11 89 0.162
11 25 0.17
11 32 0.155
11 78 0.137
11 84 0.141
11 93 0.155
12 71 0.838
12 78 0.89
12 36 0.85
12 96 0.581
12 92 0.975
12 82 0.999
12 25 0.967
12 46 0.834
12 32 0.636
12 47 0.541
12 69 0.601
12 48 0.944
12 40 0.121
12 18 0.12
12 30 0.159
12 33 0.108
12 35 0.17
12 34 0.147
12 38 0.14
12 41 0.153
12 43 0.132
12 53 0.136
12 55 0.163
12 72 0.131
13 61 0.988
13 14 0.92
13 28 0.994
13 94 0.787
13 62 0.763
13 87 0.617
13 86 0.961
13 48 0.888
13 90 0.753
13 58 0.925
13 24 0.158
13 37 0.212
13 49 0.166
13 54 0.171
13 22 0.117
13 38 0.127
13 56 0.161
13 98 0.154
13 17 0.166
13 39 0.125
13 63 0.164
13 69 0.165
13 79 0.183
14 89 0.654
14 16 0.772
14 59 1
14 90 1
14 91 0.983
14 44 1
14 56 0.833
14 70 0.677
14 78 0.817
14 96 0.755
14 81 0.91
14 40 0.874
14 65 0.7
14 69 0.168
14 97 0.107
14 15 0.111
14 68 0.178
14 79 0.191
14 26 0.147
14 52 0.153
14 73 0.154
14 75 0.185
14 85 0.172
14 86 0.119
14 87 0.149
15 42 0.592
15 51 0.987
15 90 1
15 21 0.887
15 33 1
15 54 0.756
15 86 0.759
15 40 0.921
15 80 0.809
15 35 0.968
15 20 0.891
15 99 0.622
15 66 0.651
15 70 0.823
15 91 0.655
15 18 0.205
15 96 0.169
15 58 0.157
15 36 0.204
15 41 0.193
15 50 0.131
15 63 0.107
15 98 0.126
16 21 0.934
16 86 0.841
16 91 0.918
16 76 0.679
16 55 0.976
16 53 1
16 20 0.784
16 66 1
16 95 0.828
16 78 0.744
16 47 1
16 82 0.835
16 97 0.843
16 26 0.67
16 33 0.17
16 51 0.173
16 58 0.14
16 61 0.138
16 84 0.147
16 27 0.143
16 48 0.134
16 50 0.168
16 57 0.18
16 67 0.157
16 74 0.138
16 75 0.121
16 92 0.153
17 34 0.817
17 36 1
17 95 0.904
17 39 0.951
17 61 0.688
17 54 0.882
17 55 0.841
17 80 0.602
17 24 0.644
17 53 0.793
17 92 0.808
17 60 0.968
17 43 0.757
17 78 0.76
17 21 0.165
17 28 0.093
17 26 0.12
17 30 0.087
17 37 0.149
17 56 0.108
18 98 0.717
18 71 0.757
18 72 0.593
18 95 0.954
18 93 0.665
18 97 0.589
18 23 0.748
18 53 0.842
18 44 0.733
18 52 0.549
18 51 0.148
18 60 0.097
18 27 0.135
18 30 0.147
18 35 0.132
18 69 0.145
18 22 0.155
18 28 0.158
18 31 0.172
18 40 0.159
18 49 0.153
18 54 0.141
18 57 0.17
18 59 0.164
18 62 0.13
18 75 0.115
19 95 0.89
19 53 0.704
19 78 0.791
19 56 1
19 67 0.866
19 96 0.796
19 36 0.935
19 29 0.795
19 69 0.843
19 38 0.103
19 90 0.12
19 31 0.186
19 51 0.134
19 65 0.188
19 81 0.23
19 88 0.098
19 89 0.13
19 99 0.168
20 90 0.672
20 50 0.692
20 41 0.712
20 53 0.685
20 96 1
20 79 0.817
20 31 0.609
20 32 1
20 80 1
20 42 0.873
20 33 0.189
20 62 0.046
20 49 0.141
20 72 0.148
20 28 0.124
20 65 0.124
20 27 0.18
20 55 0.165
20 73 0.134
20 81 0.145
21 96 0.757
21 33 0.99
21 74 0.75
21 63 0.743
21 79 0.784
21 97 0.839
21 99 0.968
21 49 0.837
21 75 0.884
21 32 0.7
21 30 1
21 72 0.809
21 23 1
21 85 0.852
21 91 0.817
21 43 0.802
21 98 0.163
21 54 0.112
21 31 0.133
21 34 0.158
21 37 0.138
21 44 0.167
21 57 0.121
21 69 0.136
21 70 0.121
21 73 0.168
21 76 0.129
21 84 0.182
22 83 0.534
22 37 0.783
22 93 0.843
22 72 0.64
22 30 1
22 25 0.681
22 75 0.618
22 96 0.116
22 24 0.183
22 29 0.208
22 54 0.156
22 68 0.108
22 69 0.123
22 71 0.155
22 92 0.123
23 71 0.854
23 66 0.81
23 93 0.6
23 53 0.856
23 29 0.523
23 44 0.561
23 80 0.179
23 69 0.172
23 52 0.134
23 64 0.159
23 24 0.171
23 51 0.15
23 55 0.15
23 65 0.149
23 70 0.187
23 84 0.133
23 97 0.151
23 99 0.132
24 86 0.73
24 80 0.901
24 73 0.692
24 76 0.59
24 43 0.509
24 98 0.914
24 72 1
24 93 0.853
24 54 0.834
24 59 0.817
24 25 0.946
24 48 0.896
24 53 0.593
24 94 0.963
24 45 0.172
24 35 0.089
24 37 0.127
24 77 0.129
24 78 0.123
24 28 0.112
24 51 0.221
24 55 0.206
24 70 0.12
24 83 0.109
24 99 0.116
25 26 0.975
25 96 0.809
25 98 0.661
25 94 0.637
25 87 0.764
25 49 0.93
25 95 0.564
25 33 0.799
25 46 0.619
25 51 0.595
25 45 0.134
25 88 0.146
25 28 0.141
25 38 0.173
25 43 0.14
25 52 0.15
25 57 0.19
25 59 0.179
25 92 0.156
26 71 0.933
26 84 0.687
26 33 0.913
26 88 0.927
26 61 0.83
26 87 0.813
26 74 0.806
26 80 0.787
26 47 0.776
26 75 1
26 54 1
26 30 0.212
26 96 0.102
26 66 0.132
26 69 0.13
26 83 0.131
26 37 0.188
26 43 0.165
26 45 0.125
27 72 0.94
27 81 0.901
27 63 0.816
27 66 0.862
27 98 0.811
27 95 0.157
27 69 0.134
27 82 0.136
27 84 0.152
27 32 0.165
27 51 0.155
27 60 0.113
27 65 0.167
27 97 0.169
28 91 0.968
28 61 0.499
28 50 0.795
28 56 0.809
28 99 0.777
28 75 0.849
28 43 0.867
28 68 0.579
28 41 0.162
28 97 0.11
28 35 0.098
28 31 0.149
28 34 0.142
28 36 0.178
28 38 0.158
28 39 0.175
28 52 0.217
28 90 0.172
29 64 0.77
29 40 1
29 34 0.678
29 92 0.883
29 75 0.745
29 88 0.896
29 71 1
29 82 0.198
29 35 0.129
29 32 0.164
29 33 0.157
29 39 0.196
29 79 0.123
29 52 0.136
29 59 0.148
29 73 0.138
29 74 0.214
29 83 0.136
30 55 0.884
30 82 0.957
30 87 0.969
30 31 0.808
30 59 0.917
30 61 0.826
30 75 0.815
30 62 0.641
30 68 0.813
30 98 1
30 78 0.667
30 69 0.645
30 37 0.123
30 84 0.099
30 76 0.172
30 71 0.134
30 32 0.136
30 38 0.137
30 43 0.122
30 46 0.169
30 57 0.16
30 65 0.184
30 97 0.128
31 47 0.751
31 48 0.913
31 59 0.829
31 78 0.6
31 66 0.775
31 41 0.597
31 97 0.806
31 83 0.532
31 68 0.879
31 99 0.577
31 85 0.633
31 40 0.07
31 63 0.069
31 64 0.17
31 88 0.13
31 91 0.139
31 44 0.145
31 94 0.13
32 63 1
32 40 0.724
32 52 0.825
32 71 0.841
32 85 0.789
32 50 0.554
32 34 0.647
32 57 0.506
32 60 0.648
32 59 0.794
32 86 0.662
32 75 0.152
32 82 0.109
32 37 0.099
32 92 0.142
32 97 0.205
32 43 0.123
32 83 0.165
32 87 0.196
32 96 0.175
33 68 0.855
33 75 0.906
33 76 0.741
33 36 0.962
33 60 0.627
33 97 0.849
33 77 1
33 51 0.848
33 52 1
33 42 0.818
33 49 0.159
33 40 0.182
33 72 0.163
33 80 0.115
33 88 0.156
33 53 0.096
33 82 0.158
33 85 0.099
34 54 0.885
34 99 1
34 57 0.581
34 72 0.661
34 43 0.823
34 55 0.605
34 37 0.994
34 61 0.84
34 44 0.942
34 66 0.195
34 45 0.134
34 48 0.182
34 36 0.115
34 60 0.135
34 76 0.145
34 78 0.088
35 63 0.841
35 80 0.714
35 90 0.891
35 55 0.912
35 36 0.815
35 96 0.693
35 58 0.77
35 75 0.525
35 95 0.139
35 77 0.141
35 50 0.211
35 69 0.172
35 99 0.155
35 41 0.137
35 51 0.135
35 67 0.143
35 87 0.141
36 67 0.998
36 64 1
36 44 0.662
36 59 0.788
36 68 0.943
36 53 0.988
36 54 0.909
36 77 0.108
36 92 0.117
37 90 0.734
37 87 0.978
37 95 0.639
37 42 0.717
37 78 0.703
37 75 0.916
37 39 0.972
37 80 0.881
37 99 0.711
37 58 0.683
37 57 0.682
37 67 0.607
37 70 0.146
37 94 0.11
37 72 0.144
37 44 0.171
37 45 0.116
37 53 0.115
37 63 0.117
37 66 0.129
38 95 0.759
38 69 0.871
38 90 0.983
38 66 1
38 44 0.87
38 72 0.711
38 84 0.599
38 98 0.594
38 74 0.962
38 81 0.833
38 77 0.178
38 52 0.122
38 91 0.162
38 42 0.213
38 45 0.132
38 46 0.116
38 53 0.111
38 76 0.143
38 93 0.132
38 94 0.1
38 97 0.13
39 91 0.905
39 65 0.53
39 40 0.74
39 77 0.983
39 82 0.891
39 78 1
39 62 0.791
39 66 0.795
39 68 0.187
39 52 0.137
39 60 0.163
39 67 0.128
39 71 0.086
40 68 0.7
40 75 0.594
40 55 0.886
40 83 1
40 99 0.142
40 82 0.142
40 45 0.158
40 67 0.182
40 84 0.178
40 90 0.125
40 42 0.185
40 46 0.131
40 47 0.163
40 73 0.169
40 76 0.176
40 91 0.19
40 96 0.159
40 97 0.132
41 77 0.764
41 53 0.682
41 64 0.92
41 55 1
41 73 0.127
41 50 0.173
41 62 0.126
41 48 0.176
41 49 0.14
41 59 0.166
41 68 0.143
41 93 0.145
42 81 0.792
42 70 1
42 65 1
42 51 0.809
42 73 0.876
42 72 0.89
42 49 0.94
42 69 0.89
42 89 0.586
42 45 1
42 44 0.099
42 95 0.12
42 54 0.134
42 61 0.162
42 62 0.182
42 74 0.108
42 80 0.167
42 84 0.149
42 91 0.184
43 96 1
43 97 0.732
43 73 0.958
43 56 0.789
43 57 0.041
43 81 0.122
43 48 0.149
43 62 0.168
43 67 0.161
43 70 0.158
43 55 0.195
43 66 0.128
43 76 0.142
43 82 0.136
43 91 0.163
43 93 0.174
43 94 0.139
43 98 0.178
44 60 1
44 61 0.68
44 50 1
44 70 0.759
44 75 0.598
44 48 0.694
44 98 0.689
44 69 0.631
44 92 0.901
44 76 0.69
44 79 0.189
44 86 0.183
44 71 0.135
44 72 0.16
44 82 0.102
44 89 0.144
44 96 0.177
45 47 0.867
45 67 0.59
45 81 0.68
45 66 0.535
45 48 0.094
45 58 0.148
45 94 0.107
45 53 0.258
45 62 0.156
45 60 0.159
45 79 0.152
45 84 0.182
45 91 0.157
46 67 0.509
46 86 0.748
46 65 0.767
46 76 0.644
46 94 0.669
46 57 0.819
46 82 0.683
46 49 0.17
46 52 0.199
46 62 0.17
46 63 0.203
46 68 0.163
46 79 0.155
47 99 0.993
47 62 0.833
47 90 0.996
47 96 0.772
47 86 0.977
47 87 0.678
47 97 0.922
47 52 0.932
47 53 0.124
47 64 0.174
47 68 0.143
47 71 0.138
47 93 0.118
47 60 0.195
47 72 0.149
47 76 0.194
48 73 0.745
48 63 0.534
48 83 0.994
48 55 0.771
48 62 0.775
48 51 0.149
48 72 0.195
48 94 0.104
48 58 0.149
48 68 0.162
48 74 0.131
49 71 0.952
49 93 0.976
49 89 0.997
49 83 0.918
49 96 0.676
49 97 0.591
49 65 0.809
49 94 0.634
49 91 0.162
49 58 0.161
49 60 0.153
49 63 0.108
49 70 0.146
49 77 0.172
50 80 0.603
50 95 1
50 92 0.114
50 68 0.144
50 54 0.131
50 83 0.162
50 86 0.167
50 96 0.175
51 74 0.611
51 87 0.949
51 69 1
51 63 1
51 58 0.106
51 53 0.165
51 99 0.142
51 67 0.149
51 71 0.157
51 72 0.172
51 76 0.197
51 91 0.129
52 62 1
52 76 0.921
52 91 0.899
52 64 0.524
52 55 0.829
52 98 0.669
52 99 0.154
52 60 0.112
52 73 0.173
52 84 0.146
52 89 0.179
53 71 0.503
53 88 0.665
53 61 0.678
53 65 0.073
53 64 0.201
53 81 0.129
53 69 0.179
53 87 0.153
54 55 0.911
54 56 0.525
54 83 0.76
54 89 0.823
54 94 0.884
54 65 0.826
54 96 0.999
54 57 0.121
54 71 0.145
54 99 0.149
54 85 0.204
54 69 0.148
54 75 0.155
55 72 0.836
55 90 0.606
55 70 0.534
55 59 0.811
55 68 0.748
55 92 0.721
55 67 0.157
55 83 0.121
55 93 0.114
55 61 0.137
55 73 0.155
55 78 0.113
55 81 0.143
56 58 0.698
56 80 0.799
56 77 0.774
56 57 0.871
56 76 0.726
56 61 0.961
56 68 0.665
56 72 0.195
56 87 0.114
57 62 0.766
57 73 0.867
57 61 0.757
57 59 0.56
57 63 0.218
57 72 0.217
57 70 0.213
57 76 0.178
58 77 0.974
58 86 0.73
58 74 0.75
58 63 0.775
58 69 1
58 95 0.547
58 75 0.235
58 88 0.157
58 83 0.158
59 97 0.727
59 85 0.681
59 70 0.678
59 71 0.163
59 60 0.148
59 69 0.154
60 90 0.907
60 80 0.774
60 97 0.873
60 85 0.793
60 61 0.831
60 77 0.821
60 94 0.732
60 84 0.104
60 67 0.186
60 78 0.14
60 88 0.08
60 95 0.146
61 78 0.838
61 85 0.933
61 72 1
61 82 0.694
61 95 0.112
61 69 0.141
61 64 0.126
61 90 0.142
61 77 0.152
61 86 0.133
61 87 0.138
61 96 0.179
62 83 0.943
62 70 0.866
62 78 0.928
62 68 0.687
62 95 1
62 86 0.589
62 88 0.172
62 85 0.185
62 97 0.171
62 64 0.169
62 87 0.156
62 91 0.172
62 92 0.198
62 98 0.117
63 69 0.853
63 86 0.961
63 93 0.99
63 88 0.88
63 68 0.708
63 89 0.664
63 91 0.7
63 75 0.878
63 99 0.162
63 72 0.155
63 73 0.179
63 64 0.157
63 65 0.185
63 77 0.147
63 96 0.178
64 91 0.985
64 78 0.76
64 92 0.685
64 76 0.731
64 68 0.697
64 69 0.098
64 70 0.168
64 73 0.157
64 74 0.153
65 78 0.798
65 72 0.695
65 73 0.624
65 77 0.603
65 87 0.828
65 75 0.961
65 94 0.134
65 81 0.179
65 89 0.18
65 97 0.169
66 82 0.985
66 91 0.761
66 67 0.134
66 70 0.102
66 87 0.136
66 76 0.216
66 88 0.179
66 96 0.101
67 94 0.978
67 86 0.507
67 82 0.975
67 71 1
67 73 0.716
67 68 0.173
67 87 0.116
67 69 0.207
67 93 0.162
68 90 0.989
68 87 0.667
68 77 0.686
68 91 0.605
68 89 0.778
68 99 0.171
68 72 0.187
68 82 0.173
68 96 0.127
69 84 0.967
69 81 0.92
69 92 0.117
69 80 0.171
69 96 0.167
69 87 0.14
70 77 0.83
70 83 0.886
70 95 0.781
70 94 0.906
70 97 1
70 75 0.863
70 84 0.857
70 99 0.805
70 78 0.144
70 80 0.117
70 91 0.196
71 80 0.697
71 84 0.149
71 90 0.131
71 93 0.181
72 86 0.987
72 80 0.732
72 79 0.16
72 74 0.131
72 84 0.13
72 94 0.146
73 76 0.692
73 95 0.81
73 89 0.569
73 99 0.637
73 97 0.651
73 87 0.779
73 92 0.785
73 83 0.166
73 79 0.13
73 75 0.229
73 84 0.08
73 85 0.16
73 93 0.114
74 99 0.976
74 95 1
75 84 0.682
75 82 0.799
75 97 0.908
75 80 0.938
75 86 0.814
75 81 0.842
75 90 0.111
75 78 0.112
75 83 0.211
75 96 0.179
76 84 0.635
76 87 0.999
76 96 1
76 80 0.623
76 77 0.978
76 98 0.125
76 89 0.162
77 82 0.769
77 83 0.745
77 86 0.671
77 89 0.903
77 88 0.149
77 96 0.077
77 79 0.105
77 87 0.184
77 95 0.131
78 95 0.722
78 80 0.751
78 86 0.135
78 89 0.124
78 79 0.192
79 98 0.941
79 90 0.509
79 85 0.843
79 96 1
79 97 0.175
79 87 0.123
79 91 0.156
79 95 0.16
80 84 0.733
80 90 0.593
80 91 0.985
80 83 0.13
80 81 0.23
80 96 0.151
80 99 0.158
81 83 0.826
81 91 0.204
82 96 0.704
82 85 0.792
82 86 0.18
83 94 0.967
83 87 1
83 99 0.728
83 93 0.842
83 84 0.78
83 86 0.114
84 94 0.885
84 86 0.718
84 91 0.129
84 95 0.134
85 98 0.838
85 97 0.098
85 91 0.116
86 97 0.771
86 92 0.174
86 96 0.139
87 98 0.622
87 94 0.987
88 89 0.143
88 93 0.148
90 93 0.154
90 97 0.121
92 95 0.698
92 98 0.123
93 97 0.985
93 94 0.692
94 95 0.617
94 96 0.135
95 99 0.885
95 96 0.762
96 99 0.209
