0 11 0.956
0 15 0.894
0 24 0.71
0 34 0.571
0 44 1
0 64 0.977
0 97 0.871
0 98 0.842
0 99 0.752
0 6 0.587
0 38 0.273
0 91 0.247
0 25 0.568
0 33 0.337
0 50 0.092
0 19 0.17
0 35 0.061
0 8 0.192
0 30 0.098
0 32 0.108
0 36 0.211
0 69 0.224
0 77 0.048
0 82 0.258
0 3 0.207
0 16 0.196
0 17 0.104
0 26 0.161
0 40 0.055
0 46 0.16
0 52 0.026
0 65 0.206
0 66 0.213
0 68 0.177
0 85 0.004
0 28 0.128
0 45 0.1
0 49 0.157
0 72 0.116
0 75 0.117
0 78 0.237
0 88 0.244
0 90 0.056
0 2 0.211
0 5 0.18
0 9 0.17
0 14 0.173
0 20 0.191
0 29 0.164
0 42 0.14
0 51 0.152
0 53 0.103
0 55 0.162
0 59 0.198
0 60 0.219
0 61 0.098
0 70 0.158
0 73 0.181
0 84 0.128
0 94 0.158
1 9 0.745
1 51 0.729
1 65 1
1 66 1
1 73 0.755
1 43 0.682
1 41 1
1 89 0.943
1 69 0.497
1 23 0.139
1 13 0.172
1 14 0.177
1 47 0.153
1 52 0.237
1 4 0.253
1 71 0.063
1 77 0.271
1 5 0.225
1 26 0.078
1 33 0.103
1 39 0.179
1 82 0.14
1 8 0.164
1 10 0.184
1 11 0.122
1 28 0.235
1 35 0.118
1 38 0.208
1 45 0.13
1 60 0.113
1 68 0.178
1 78 0.09
1 84 0.101
1 6 0.173
1 12 0.171
1 15 0.111
1 16 0.104
1 17 0.168
1 19 0.188
1 20 0.135
1 21 0.155
1 22 0.157
1 24 0.127
1 25 0.165
1 42 0.164
1 49 0.212
1 50 0.163
1 58 0.143
1 59 0.169
1 64 0.179
1 74 0.112
1 75 0.173
1 76 0.164
1 87 0.193
2 8 0.777
2 95 0.735
2 96 0.775
2 97 0.932
2 22 0.266
2 76 0.213
2 57 0.133
2 82 0.122
2 83 0.221
2 85 0.223
2 55 0.164
2 60 0.055
2 70 0.005
2 34 0.062
2 36 0.133
2 41 0.147
2 61 0.251
2 13 0.18
2 15 0.211
2 28 0.148
2 46 0.135
2 65 0.17
2 67 0.248
2 71 0.136
2 81 0.075
2 89 0.159
2 91 0.268
2 92 0.271
2 94 0.099
2 4 0.183
2 6 0.174
2 7 0.194
2 9 0.134
2 10 0.129
2 19 0.143
2 25 0.146
2 26 0.166
2 37 0.127
2 39 0.136
2 42 0.174
2 43 0.182
2 50 0.106
2 52 0.118
2 63 0.152
2 74 0.149
2 75 0.181
2 79 0.141
2 93 0.14
2 99 0.174
3 14 1
3 30 0.989
3 31 0.876
3 80 0.812
3 92 0.954
3 20 0.686
3 93 0.271
3 33 0.155
3 98 0.357
3 54 0.065
3 71 0.056
3 85 0.219
3 8 0.22
3 13 0.044
3 37 0.283
3 52 0.199
3 64 0.078
3 24 0.108
3 12 0.232
3 17 0.019
3 38 0.11
3 42 0.054
3 48 0.106
3 50 0.096
3 58 0.172
3 82 0.198
3 90 0.262
3 18 0.164
3 19 0.118
3 21 0.138
3 22 0.144
3 27 0.16
3 59 0.101
3 62 0.116
3 63 0.093
3 68 0.172
3 78 0.076
3 79 0.099
3 96 0.16
3 99 0.152
3 4 0.183
3 5 0.131
3 6 0.109
3 11 0.196
3 15 0.162
3 28 0.107
3 29 0.171
3 35 0.228
3 39 0.21
3 45 0.171
3 49 0.162
3 53 0.158
3 67 0.187
3 69 0.117
3 72 0.167
3 74 0.153
3 75 0.176
3 83 0.197
3 86 0.114
3 88 0.193
3 91 0.168
3 95 0.15
3 97 0.16
4 42 0.974
4 94 0.586
4 35 0.843
4 44 0.076
4 9 0.226
4 76 0.02
4 5 0.22
4 56 0.082
4 88 0.127
4 26 0.106
4 47 0.097
4 51 0.084
4 64 0.075
4 8 0.055
4 12 0.197
4 18 0.249
4 24 0.148
4 25 0.083
4 39 0.043
4 40 0.163
4 50 0.146
4 52 0.12
4 54 0.058
4 57 0.066
4 59 0.122
4 71 0.179
4 73 0.179
4 81 0.2
4 89 0.173
4 97 0.238
4 6 0.12
4 7 0.079
4 10 0.162
4 11 0.143
4 13 0.199
4 16 0.088
4 17 0.077
4 23 0.156
4 37 0.164
4 38 0.125
4 49 0.12
4 53 0.134
4 55 0.187
4 62 0.138
4 65 0.158
4 68 0.159
4 70 0.188
4 75 0.169
4 77 0.069
4 80 0.15
4 83 0.116
4 84 0.155
4 86 0.143
4 91 0.177
4 92 0.14
5 17 0.843
5 82 0.959
5 86 0.721
5 27 0.68
5 59 0.277
5 57 0.127
5 60 0.203
5 68 0.135
5 69 0.209
5 22 0.172
5 33 0.171
5 7 0.223
5 89 0.293
5 95 0.059
5 97 0.077
5 11 0.176
5 12 0.177
5 15 0.218
5 25 0.054
5 29 0.183
5 38 0.171
5 39 0.174
5 47 0.146
5 51 0.086
5 53 0.094
5 55 0.265
5 58 0.152
5 73 0.171
5 75 0.04
5 94 0.183
5 13 0.142
5 14 0.064
5 19 0.14
5 34 0.152
5 36 0.172
5 40 0.128
5 41 0.147
5 43 0.112
5 44 0.163
5 46 0.161
5 48 0.151
5 50 0.141
5 63 0.155
5 64 0.177
5 71 0.194
5 76 0.161
5 77 0.178
5 78 0.148
5 88 0.154
5 91 0.17
5 93 0.118
6 9 0.99
6 29 0.814
6 44 1
6 62 0.882
6 97 0.576
6 10 0.81
6 16 0.995
6 96 0.686
6 34 0.194
6 65 0.221
6 43 0.015
6 75 0.158
6 83 0.153
6 53 0.081
6 11 0.237
6 15 0.054
6 30 0.184
6 60 0.251
6 41 0.255
6 73 0.041
6 98 0.068
6 8 0.15
6 17 0.279
6 25 0.09
6 37 0.148
6 45 0.154
6 47 0.134
6 52 0.209
6 58 0.329
6 59 0.286
6 64 0.102
6 67 0.236
6 19 0.143
6 20 0.141
6 27 0.171
6 31 0.158
6 33 0.151
6 36 0.193
6 39 0.111
6 48 0.155
6 51 0.141
6 55 0.203
6 63 0.137
6 66 0.163
6 70 0.157
6 71 0.194
6 74 0.118
6 76 0.155
6 85 0.193
6 91 0.157
6 95 0.14
7 8 1
7 10 0.5
7 15 0.833
7 25 0.838
7 36 0.869
7 45 1
7 56 0.88
7 62 0.553
7 72 0.803
7 73 0.776
7 74 0.809
7 97 0.59
7 18 0.555
7 65 0.048
7 30 0.231
7 91 0.001
7 82 0.056
7 29 0.308
7 42 0.036
7 47 0.258
7 53 0.086
7 77 0.118
7 88 0.05
7 92 0.145
7 95 0.121
7 17 0.214
7 59 0.209
7 90 0.143
7 24 0.178
7 35 0.166
7 43 0.168
7 44 0.127
7 50 0.205
7 54 0.103
7 58 0.076
7 83 0.223
7 84 0.204
7 85 0.07
7 86 0.175
7 96 0.195
7 12 0.209
7 23 0.153
7 26 0.162
7 27 0.123
7 32 0.194
7 38 0.149
7 46 0.136
7 51 0.154
7 52 0.165
7 64 0.123
7 67 0.154
7 69 0.159
7 71 0.177
7 75 0.094
7 76 0.162
7 81 0.135
7 89 0.19
7 99 0.163
8 23 0.545
8 30 0.712
8 32 0.871
8 46 0.705
8 47 0.575
8 73 0.713
8 66 0.561
8 53 0.144
8 63 0.206
8 88 0.119
8 89 0.056
8 45 0.112
8 72 0.055
8 74 0.029
8 78 0.131
8 16 0.202
8 49 0.229
8 75 0.221
8 85 0.136
8 90 0.163
8 10 0.156
8 21 0.126
8 22 0.175
8 26 0.183
8 40 0.172
8 51 0.114
8 54 0.202
8 55 0.017
8 59 0.198
8 64 0.239
8 81 0.128
8 82 0.082
8 91 0.165
8 11 0.154
8 13 0.141
8 14 0.184
8 17 0.138
8 18 0.101
8 19 0.127
8 27 0.149
8 35 0.13
8 43 0.167
8 52 0.129
8 56 0.148
8 60 0.158
8 65 0.185
8 76 0.147
8 93 0.146
8 97 0.124
9 33 0.607
9 35 0.961
9 65 0.778
9 76 0.674
9 79 0.939
9 88 0.77
9 91 0.719
9 93 0.785
9 56 0.313
9 63 0.094
9 30 0.196
9 59 0.085
9 92 0.05
9 17 0.242
9 42 0.246
9 46 0.283
9 47 0.148
9 90 0.046
9 10 0.207
9 22 0.032
9 31 0.125
9 54 0.132
9 75 0.158
9 83 0.139
9 84 0.097
9 12 0.205
9 23 0.18
9 38 0.081
9 13 0.151
9 19 0.117
9 20 0.166
9 25 0.133
9 28 0.148
9 40 0.145
9 48 0.182
9 49 0.072
9 50 0.143
9 53 0.167
9 57 0.204
9 60 0.157
9 64 0.131
9 67 0.115
9 72 0.202
9 73 0.173
9 74 0.164
9 86 0.134
9 87 0.106
9 94 0.169
9 95 0.185
9 96 0.203
9 97 0.157
9 99 0.19
10 18 1
10 61 0.658
10 77 1
10 81 0.67
10 83 1
10 90 0.893
10 36 0.965
10 63 0.325
10 17 0.115
10 50 0.049
10 66 0.177
10 95 0.154
10 26 0.273
10 44 0.141
10 46 0.18
10 49 0.184
10 89 0.159
10 39 0.051
10 65 0.206
10 80 0.198
10 96 0.131
10 16 0.031
10 19 0.084
10 22 0.118
10 25 0.198
10 34 0.172
10 58 0.147
10 59 0.135
10 62 0.124
10 67 0.159
10 69 0.169
10 72 0.243
10 76 0.065
10 92 0.09
10 94 0.105
10 15 0.156
10 20 0.141
10 29 0.161
10 30 0.142
10 32 0.182
10 38 0.149
10 42 0.15
10 45 0.095
10 47 0.195
10 52 0.141
10 54 0.128
10 84 0.089
10 87 0.102
10 93 0.138
11 36 0.902
11 44 0.914
11 64 0.789
11 71 0.709
11 79 0.752
11 85 0.685
11 88 1
11 66 0.279
11 40 0.24
11 27 0.205
11 93 0.347
11 47 0.133
11 54 0.138
11 63 0.326
11 73 0.124
11 29 0.14
11 41 0.091
11 35 0.18
11 50 0.253
11 83 0.082
11 87 0.149
11 90 0.116
11 20 0.166
11 23 0.125
11 30 0.09
11 39 0.104
11 49 0.096
11 57 0.199
11 67 0.064
11 21 0.121
11 24 0.14
11 38 0.222
11 52 0.12
11 55 0.18
11 56 0.13
11 61 0.148
11 62 0.151
11 74 0.143
11 78 0.176
11 80 0.154
11 97 0.118
11 98 0.187
11 99 0.148
12 64 0.927
12 47 0.733
12 36 0.077
12 38 0.203
12 75 0.199
12 91 0.051
12 18 0.232
12 32 0.167
12 46 0.205
12 67 0.261
12 97 0.212
12 13 0.156
12 15 0.139
12 16 0.2
12 17 0.218
12 25 0.176
12 27 0.16
12 34 0.248
12 40 0.107
12 48 0.219
12 57 0.116
12 60 0.044
12 66 0.139
12 69 0.147
12 71 0.211
12 72 0.184
12 74 0.094
12 82 0.157
12 92 0.123
12 93 0.185
12 14 0.129
12 20 0.161
12 22 0.165
12 24 0.179
12 35 0.126
12 49 0.151
12 53 0.149
12 54 0.128
12 55 0.183
12 62 0.172
12 70 0.107
12 73 0.163
12 76 0.148
12 78 0.156
12 81 0.126
12 84 0.189
12 87 0.259
12 88 0.12
12 94 0.194
12 98 0.121
13 41 0.694
13 48 0.498
13 49 0.913
13 89 0.461
13 95 0.898
13 50 0.187
13 18 0.116
13 26 0.045
13 45 0.175
13 47 0.295
13 53 0.065
13 67 0.265
13 35 0.131
13 54 0.111
13 59 0.203
13 81 0.079
13 83 0.165
13 85 0.237
13 16 0.204
13 22 0.106
13 23 0.121
13 24 0.128
13 29 0.182
13 34 0.102
13 46 0.202
13 57 0.064
13 70 0.159
13 71 0.188
13 72 0.121
13 84 0.199
13 91 0.06
13 99 0.134
13 20 0.178
13 21 0.125
13 27 0.135
13 31 0.146
13 32 0.179
13 39 0.183
13 43 0.135
13 51 0.141
13 56 0.161
13 60 0.138
13 63 0.1
13 68 0.176
13 69 0.153
13 78 0.158
13 87 0.089
13 88 0.16
13 90 0.168
13 93 0.169
13 96 0.036
13 97 0.176
14 17 0.477
14 38 0.674
14 62 0.82
14 71 0.874
14 93 0.66
14 39 0.705
14 94 1
14 95 0.018
14 34 0.258
14 44 0.181
14 69 0.135
14 49 0.226
14 52 0.161
14 61 0.145
14 43 0.028
14 89 0.045
14 15 0.181
14 24 0.132
14 25 0.172
14 26 0.04
14 35 0.087
14 53 0.19
14 57 0.194
14 60 0.052
14 76 0.02
14 28 0.216
14 37 0.229
14 45 0.143
14 55 0.182
14 66 0.156
14 23 0.153
14 29 0.143
14 32 0.15
14 33 0.143
14 40 0.173
14 41 0.142
14 46 0.129
14 58 0.069
14 74 0.158
14 78 0.175
14 83 0.153
14 85 0.09
14 88 0.136
14 92 0.121
14 98 0.118
15 26 0.659
15 30 0.041
15 43 0.016
15 65 0.019
15 78 0.193
15 20 0.085
15 45 0.067
15 58 0.196
15 62 0.125
15 19 0.127
15 36 0.073
15 39 0.368
15 52 0.086
15 64 0.076
15 75 0.02
15 82 0.107
15 21 0.168
15 24 0.08
15 37 0.081
15 41 0.134
15 54 0.136
15 71 0.142
15 74 0.205
15 87 0.136
15 91 0.154
15 17 0.19
15 22 0.155
15 29 0.185
15 31 0.194
15 47 0.111
15 50 0.154
15 51 0.141
15 53 0.184
15 56 0.18
15 66 0.108
15 67 0.135
15 68 0.101
15 73 0.16
15 77 0.188
15 80 0.143
15 83 0.138
15 89 0.109
15 90 0.133
15 94 0.118
15 98 0.144
16 20 0.979
16 33 1
16 51 0.992
16 65 1
16 74 0.908
16 21 0.96
16 26 0.831
16 95 0.316
16 52 0.179
16 57 0.187
16 85 0.301
16 37 0.069
16 32 0.31
16 58 0.112
16 62 0.096
16 17 0.07
16 18 0.146
16 24 0.081
16 45 0.17
16 47 0.129
16 55 0.156
16 69 0.183
16 71 0.133
16 73 0.214
16 77 0.206
16 82 0.18
16 86 0.035
16 89 0.162
16 96 0.137
16 22 0.196
16 23 0.213
16 29 0.135
16 40 0.136
16 42 0.154
16 66 0.089
16 67 0.033
16 78 0.103
16 80 0.186
16 88 0.158
16 93 0.178
16 19 0.115
16 27 0.148
16 48 0.134
16 50 0.209
16 68 0.174
16 72 0.138
16 75 0.15
16 76 0.169
16 90 0.109
16 98 0.155
17 20 0.566
17 30 0.609
17 36 0.893
17 91 0.667
17 29 0.28
17 43 0.126
17 76 0.048
17 24 0.195
17 58 0.067
17 48 0.193
17 53 0.191
17 56 0.227
17 61 0.29
17 23 0.21
17 35 0.104
17 50 0.189
17 60 0.221
17 68 0.147
17 72 0.114
17 82 0.083
17 97 0.015
17 19 0.12
17 22 0.081
17 27 0.125
17 31 0.198
17 37 0.07
17 54 0.112
17 57 0.112
17 89 0.115
17 21 0.17
17 28 0.134
17 47 0.141
17 67 0.132
17 73 0.163
17 80 0.194
17 81 0.12
17 84 0.099
17 85 0.159
17 88 0.123
17 90 0.156
17 93 0.108
17 96 0.179
17 99 0.172
18 27 0.638
18 47 0.771
18 74 0.654
18 80 0.964
18 84 0.537
18 92 0.75
18 46 0.749
18 54 0.929
18 82 0.155
18 38 0.19
18 33 0.24
18 59 0.18
18 24 0.195
18 34 0.237
18 20 0.229
18 21 0.096
18 40 0.146
18 67 0.242
18 73 0.105
18 86 0.077
18 25 0.192
18 91 0.135
18 28 0.039
18 37 0.227
18 52 0.232
18 70 0.192
18 87 0.214
18 90 0.228
18 29 0.137
18 30 0.143
18 41 0.196
18 45 0.159
18 49 0.125
18 53 0.129
18 56 0.187
18 58 0.128
18 64 0.158
18 65 0.168
18 68 0.113
18 75 0.147
18 76 0.168
18 79 0.161
18 85 0.136
18 88 0.178
18 89 0.213
18 94 0.179
18 99 0.174
19 26 0.776
19 29 0.716
19 62 0.943
19 63 0.902
19 91 0.832
19 28 0.172
19 47 0.019
19 20 0.353
19 21 0.057
19 42 0.132
19 46 0.123
19 90 0.132
19 31 0.22
19 36 0.133
19 37 0.132
19 45 0.113
19 65 0.139
19 69 0.043
19 82 0.184
19 41 0.176
19 44 0.085
19 51 0.221
19 53 0.19
19 54 0.106
19 74 0.17
19 79 0.088
19 81 0.133
19 87 0.103
19 94 0.147
19 25 0.205
19 30 0.188
19 32 0.201
19 33 0.143
19 39 0.151
19 43 0.181
19 48 0.147
19 52 0.182
19 56 0.175
19 58 0.137
19 60 0.13
19 61 0.111
19 64 0.108
19 66 0.136
19 68 0.144
19 71 0.109
19 75 0.145
19 77 0.164
19 85 0.116
19 86 0.147
19 95 0.125
20 25 0.687
20 34 0.638
20 43 1
20 59 0.994
20 76 0.78
20 96 0.149
20 70 0.115
20 88 0.038
20 40 0.097
20 67 0.048
20 26 0.262
20 27 0.137
20 28 0.154
20 31 0.216
20 38 0.105
20 41 0.025
20 50 0.037
20 61 0.175
20 73 0.164
20 24 0.158
20 45 0.05
20 80 0.095
20 84 0.126
20 93 0.175
20 30 0.176
20 39 0.084
20 42 0.116
20 44 0.182
20 46 0.198
20 47 0.116
20 53 0.204
20 54 0.188
20 55 0.202
20 56 0.154
20 60 0.181
20 62 0.117
20 63 0.178
20 64 0.149
20 66 0.162
20 72 0.199
20 75 0.106
20 77 0.211
20 78 0.148
20 81 0.135
20 82 0.14
20 83 0.15
20 86 0.15
20 94 0.167
20 99 0.114
21 31 0.785
21 45 0.917
21 51 0.864
21 61 0.625
21 82 0.783
21 93 0.817
21 75 0.736
21 41 0.084
21 44 0.117
21 27 0.265
21 35 0.282
21 60 0.273
21 78 0.364
21 38 0.134
21 66 0.124
21 29 0.069
21 53 0.096
21 89 0.175
21 40 0.086
21 46 0.307
21 58 0.215
21 85 0.038
21 96 0.059
21 24 0.15
21 28 0.201
21 32 0.139
21 59 0.056
21 67 0.209
21 70 0.105
21 74 0.151
21 94 0.136
21 95 0.2
21 23 0.105
21 48 0.144
21 56 0.183
21 65 0.17
21 90 0.119
21 91 0.189
21 92 0.047
21 22 0.18
21 26 0.151
21 39 0.179
21 50 0.152
21 64 0.165
21 69 0.113
21 72 0.121
21 76 0.112
21 77 0.14
21 80 0.161
21 81 0.147
21 86 0.171
21 87 0.118
21 88 0.175
21 98 0.149
21 99 0.168
22 28 0.982
22 31 1
22 41 0.77
22 42 0.917
22 58 0.972
22 67 0.722
22 90 0.862
22 92 1
22 52 0.125
22 60 0.107
22 96 0.109
22 68 0.268
22 66 0.249
22 85 0.31
22 37 0.004
22 40 0.013
22 59 0.186
22 69 0.074
22 64 0.133
22 33 0.084
22 34 0.269
22 39 0.074
22 81 0.114
22 86 0.101
22 89 0.254
22 23 0.206
22 49 0.121
22 50 0.211
22 57 0.095
22 70 0.152
22 73 0.18
22 78 0.159
22 93 0.243
22 98 0.217
22 32 0.206
22 36 0.109
22 38 0.145
22 55 0.12
22 62 0.143
22 71 0.138
22 75 0.135
22 77 0.166
22 83 0.133
22 84 0.179
22 87 0.14
22 88 0.139
22 94 0.155
22 95 0.102
22 99 0.165
23 35 1
23 69 0.725
23 77 0.843
23 49 0.989
23 88 0.269
23 83 0.159
23 44 0.24
23 30 0.319
23 34 0.146
23 53 0.171
23 57 0.15
23 76 0.035
23 58 0.287
23 73 0.29
23 41 0.232
23 28 0.167
23 31 0.168
23 32 0.078
23 39 0.134
23 43 0.173
23 48 0.239
23 60 0.054
23 79 0.127
23 85 0.171
23 87 0.097
23 92 0.13
23 97 0.179
23 24 0.19
23 26 0.16
23 37 0.116
23 40 0.124
23 46 0.109
23 47 0.122
23 50 0.099
23 54 0.163
23 59 0.16
23 64 0.127
23 74 0.122
23 75 0.129
23 82 0.115
23 91 0.165
23 94 0.171
23 96 0.154
24 32 0.95
24 45 0.972
24 65 0.876
24 72 1
24 94 0.732
24 98 0.81
24 75 0.079
24 28 0.019
24 40 0.151
24 68 0.158
24 30 0.132
24 33 0.141
24 39 0.152
24 51 0.25
24 56 0.087
24 60 0.052
24 78 0.216
24 85 0.168
24 86 0.082
24 36 0.164
24 37 0.157
24 42 0.117
24 54 0.056
24 57 0.252
24 70 0.054
24 79 0.066
24 81 0.076
24 89 0.058
24 95 0.151
24 25 0.139
24 26 0.141
24 27 0.191
24 31 0.189
24 34 0.157
24 38 0.14
24 43 0.142
24 44 0.164
24 47 0.171
24 52 0.145
24 53 0.174
24 59 0.179
24 61 0.195
24 62 0.176
24 67 0.129
24 73 0.157
24 74 0.099
24 84 0.149
24 92 0.184
24 93 0.15
24 97 0.131
24 99 0.162
25 35 0.866
25 41 0.889
25 51 0.534
25 78 0.978
25 98 0.893
25 46 0.203
25 45 0.171
25 65 0.227
25 76 0.087
25 83 0.102
25 88 0.315
25 71 0.131
25 82 0.007
25 30 0.205
25 33 0.221
25 55 0.011
25 44 0.13
25 47 0.054
25 52 0.106
25 77 0.066
25 79 0.092
25 85 0.211
25 87 0.246
25 92 0.1
25 95 0.139
25 31 0.164
25 37 0.127
25 39 0.138
25 40 0.117
25 42 0.152
25 43 0.202
25 50 0.162
25 53 0.147
25 56 0.176
25 61 0.154
25 62 0.144
25 75 0.191
25 80 0.155
25 81 0.193
25 90 0.153
25 94 0.218
25 96 0.217
25 99 0.106
26 54 0.724
26 58 0.93
26 76 0.643
26 84 0.698
26 95 0.997
26 91 0.399
26 32 0.174
26 66 0.17
26 72 0.128
26 92 0.308
26 69 0.263
26 86 0.18
26 33 0.187
26 35 0.197
26 39 0.098
26 50 0.129
26 52 0.046
26 63 0.075
26 75 0.107
26 83 0.134
26 98 0.173
26 99 0.159
26 29 0.138
26 31 0.14
26 37 0.104
26 42 0.159
26 55 0.145
26 56 0.159
26 59 0.102
26 60 0.095
26 61 0.171
26 64 0.184
26 65 0.107
26 80 0.169
26 82 0.193
26 90 0.133
26 97 0.172
27 44 0.758
27 69 0.921
27 76 0.515
27 95 0.117
27 63 0.087
27 88 0.075
27 94 0.215
27 97 0.044
27 73 0.323
27 45 0.206
27 55 0.272
27 57 0.199
27 62 0.141
27 70 0.105
27 79 0.351
27 98 0.224
27 28 0.214
27 33 0.191
27 35 0.115
27 39 0.234
27 61 0.205
27 75 0.073
27 77 0.166
27 91 0.11
27 99 0.115
27 30 0.179
27 38 0.133
27 41 0.098
27 42 0.177
27 43 0.172
27 46 0.136
27 48 0.115
27 50 0.137
27 58 0.127
27 65 0.16
27 67 0.177
27 72 0.182
27 74 0.154
27 81 0.165
27 82 0.161
27 86 0.17
27 87 0.182
27 96 0.159
28 48 0.562
28 51 0.755
28 57 0.846
28 73 0.627
28 91 1
28 96 0.866
28 93 1
28 36 1
28 34 0.235
28 61 0.133
28 60 0.172
28 62 0.135
28 68 0.255
28 40 0.28
28 52 0.045
28 77 0.176
28 45 0.062
28 80 0.343
28 81 0.164
28 82 0.264
28 83 0.082
28 89 0.232
28 37 0.082
28 39 0.194
28 49 0.22
28 56 0.309
28 84 0.159
28 87 0.147
28 35 0.129
28 46 0.118
28 47 0.171
28 53 0.153
28 66 0.205
28 69 0.171
28 74 0.185
28 78 0.111
28 98 0.12
28 99 0.121
29 35 0.821
29 53 0.77
29 72 0.926
29 92 0.499
29 34 0.914
29 38 0.072
29 50 0.068
29 58 0.149
29 51 0.095
29 76 0.208
29 79 0.147
29 36 0.202
29 71 0.126
29 82 0.147
29 83 0.206
29 86 0.049
29 33 0.146
29 45 0.126
29 73 0.127
29 75 0.172
29 77 0.135
29 90 0.154
29 99 0.207
29 30 0.145
29 32 0.215
29 40 0.091
29 43 0.155
29 46 0.166
29 47 0.164
29 48 0.143
29 57 0.148
29 62 0.141
29 65 0.187
29 80 0.201
29 87 0.171
29 98 0.115
30 36 0.707
30 37 0.757
30 38 0.732
30 42 1
30 71 0.911
30 94 0.99
30 96 1
30 50 1
30 69 0.816
30 63 0.299
30 55 0.056
30 88 0.068
30 74 0.071
30 59 0.145
30 60 0.124
30 46 0.174
30 52 0.111
30 53 0.29
30 62 0.3
30 54 0.172
30 57 0.176
30 61 0.042
30 73 0.138
30 82 0.076
30 90 0.113
30 31 0.246
30 35 0.101
30 41 0.188
30 43 0.143
30 48 0.075
30 49 0.167
30 56 0.092
30 58 0.132
30 66 0.126
30 67 0.102
30 70 0.076
30 72 0.129
30 80 0.12
30 81 0.117
30 85 0.135
30 87 0.158
30 89 0.146
30 91 0.153
30 98 0.155
31 42 0.759
31 43 0.974
31 55 0.989
31 85 0.911
31 86 0.976
31 88 0.65
31 93 0.526
31 98 1
31 54 0.976
31 80 0.315
31 66 0.116
31 69 0.221
31 91 0.125
31 34 0.248
31 39 0.13
31 57 0.156
31 58 0.08
31 71 0.222
31 74 0.171
31 78 0.101
31 81 0.136
31 82 0.247
31 87 0.173
31 97 0.115
31 37 0.038
31 51 0.087
31 59 0.202
31 62 0.172
31 73 0.135
31 83 0.119
31 32 0.199
31 33 0.181
31 35 0.134
31 64 0.144
31 65 0.185
31 72 0.199
31 84 0.173
31 90 0.193
31 94 0.14
31 95 0.14
32 54 0.832
32 58 0.891
32 80 0.781
32 93 0.682
32 33 0.307
32 97 0.254
32 86 0.144
32 38 0.046
32 64 0.091
32 72 0.226
32 91 0.09
32 95 0.252
32 39 0.216
32 43 0.077
32 49 0.106
32 51 0.207
32 52 0.152
32 56 0.273
32 69 0.129
32 77 0.11
32 82 0.078
32 89 0.157
32 92 0.201
32 94 0.25
32 34 0.136
32 42 0.176
32 48 0.169
32 50 0.111
32 61 0.195
32 87 0.167
32 96 0.135
32 98 0.208
33 40 0.914
33 42 0.751
33 45 0.942
33 47 0.732
33 59 0.784
33 67 0.745
33 99 0.733
33 68 0.526
33 41 0.047
33 78 0.182
33 48 0.078
33 55 0.147
33 69 0.143
33 89 0.124
33 93 0.28
33 50 0.183
33 56 0.206
33 60 0.219
33 62 0.2
33 63 0.094
33 76 0.329
33 77 0.247
33 94 0.069
33 96 0.027
33 52 0.18
33 58 0.021
33 65 0.125
33 72 0.152
33 83 0.117
33 86 0.21
33 98 0.134
33 36 0.139
33 43 0.131
33 49 0.153
33 73 0.154
33 74 0.182
33 81 0.164
33 82 0.201
33 87 0.152
33 88 0.144
33 97 0.174
34 36 1
34 40 0.582
34 43 0.836
34 53 0.551
34 62 0.72
34 83 0.849
34 61 0.264
34 67 0.145
34 69 0.372
34 38 0.222
34 55 0.147
34 68 0.248
34 42 0.163
34 52 0.136
34 60 0.219
34 66 0.166
34 76 0.108
34 96 0.143
34 39 0.17
34 50 0.155
34 58 0.148
34 63 0.232
34 74 0.197
34 78 0.125
34 82 0.105
34 86 0.18
34 88 0.095
34 90 0.116
34 98 0.112
34 41 0.124
34 47 0.143
34 49 0.137
34 51 0.102
34 56 0.111
34 70 0.169
34 72 0.172
34 73 0.137
34 77 0.144
34 79 0.127
34 80 0.176
34 87 0.137
34 95 0.117
34 99 0.176
35 37 0.697
35 63 0.918
35 81 0.712
35 88 0.856
35 43 0.812
35 65 0.992
35 56 0.865
35 48 0.257
35 53 0.021
35 54 0.118
35 40 0.045
35 47 0.17
35 59 0.209
35 76 0.232
35 77 0.123
35 83 0.089
35 87 0.174
35 96 0.167
35 36 0.159
35 46 0.061
35 71 0.198
35 78 0.125
35 97 0.04
35 38 0.122
35 49 0.16
35 61 0.102
35 62 0.155
35 66 0.128
35 67 0.195
35 68 0.095
35 70 0.141
35 74 0.141
35 75 0.118
35 79 0.114
35 91 0.155
35 93 0.113
36 42 0.983
36 49 0.829
36 63 0.764
36 57 0.191
36 65 0.184
36 92 0.127
36 73 0.089
36 88 0.213
36 48 0.184
36 58 0.227
36 83 0.041
36 90 0.177
36 39 0.261
36 82 0.026
36 98 0.18
36 60 0.153
36 71 0.079
36 81 0.203
36 85 0.273
36 38 0.161
36 40 0.165
36 44 0.157
36 50 0.088
36 56 0.013
36 72 0.154
36 74 0.25
36 87 0.152
36 47 0.131
36 53 0.134
36 59 0.106
36 68 0.161
36 69 0.143
36 70 0.128
36 76 0.141
36 78 0.118
36 80 0.159
36 84 0.131
36 93 0.16
36 96 0.141
36 97 0.199
37 48 0.787
37 54 1
37 65 0.987
37 80 0.187
37 84 0.154
37 87 0.058
37 90 0.077
37 47 0.185
37 64 0.243
37 68 0.186
37 88 0.129
37 43 0.109
37 46 0.129
37 67 0.193
37 83 0.19
37 85 0.239
37 39 0.168
37 45 0.253
37 49 0.14
37 55 0.188
37 73 0.051
37 93 0.001
37 41 0.136
37 50 0.147
37 60 0.137
37 70 0.135
37 71 0.161
37 75 0.107
37 76 0.168
37 77 0.181
37 78 0.123
37 86 0.18
37 91 0.164
37 96 0.132
38 40 0.982
38 46 0.917
38 52 0.643
38 75 0.872
38 87 0.936
38 70 0.951
38 65 0.735
38 81 0.889
38 55 0.033
38 76 0.142
38 47 0.137
38 61 0.07
38 69 0.192
38 71 0.164
38 88 0.045
38 89 0.146
38 64 0.151
38 68 0.136
38 73 0.182
38 80 0.038
38 90 0.104
38 95 0.238
38 39 0.167
38 41 0.142
38 43 0.172
38 45 0.174
38 57 0.13
38 66 0.173
38 72 0.126
38 77 0.13
38 82 0.186
38 93 0.114
38 97 0.124
39 80 1
39 85 0.931
39 91 0.933
39 99 0.996
39 46 0.819
39 47 0.811
39 60 0.256
39 75 0.207
39 55 0.088
39 40 0.246
39 44 0.224
39 77 0.135
39 69 0.031
39 98 0.214
39 43 0.183
39 50 0.148
39 67 0.076
39 68 0.214
39 72 0.05
39 79 0.161
39 82 0.159
39 84 0.16
39 87 0.188
39 95 0.238
39 42 0.203
39 48 0.196
39 53 0.12
39 54 0.176
39 56 0.157
39 57 0.094
39 61 0.103
39 65 0.205
39 73 0.191
39 76 0.141
39 86 0.144
40 47 0.891
40 57 0.703
40 67 0.546
40 92 0.874
40 94 0.819
40 89 0.94
40 53 0.064
40 63 0.209
40 69 0.045
40 83 0.236
40 88 0.15
40 43 0.229
40 79 0.031
40 90 0.081
40 60 0.21
40 65 0.047
40 68 0.031
40 71 0.053
40 77 0.105
40 78 0.22
40 93 0.163
40 98 0.154
40 41 0.159
40 46 0.096
40 48 0.143
40 54 0.093
40 56 0.161
40 61 0.13
40 66 0.16
40 70 0.145
40 74 0.156
40 75 0.141
40 80 0.187
40 81 0.143
40 85 0.168
40 86 0.103
40 91 0.146
41 58 0.966
41 63 0.64
41 65 0.343
41 59 0.16
41 52 0.329
41 96 0.035
41 50 0.203
41 68 0.093
41 75 0.08
41 79 0.219
41 94 0.137
41 44 0.25
41 48 0.202
41 57 0.142
41 69 0.125
41 80 0.168
41 95 0.221
41 43 0.18
41 45 0.163
41 54 0.164
41 60 0.178
41 64 0.129
41 66 0.16
41 71 0.167
41 73 0.201
41 77 0.137
41 81 0.135
41 83 0.112
41 84 0.19
41 85 0.109
41 87 0.182
41 88 0.109
41 92 0.152
41 93 0.143
42 77 0.641
42 79 0.824
42 83 1
42 92 0.336
42 76 0.168
42 82 0.132
42 87 0.25
42 50 0.191
42 55 0.108
42 57 0.078
42 59 0.073
42 63 0.124
42 66 0.225
42 67 0.216
42 95 0.187
42 96 0.209
42 48 0.112
42 56 0.187
42 84 0.157
42 43 0.105
42 52 0.167
42 53 0.175
42 62 0.165
42 72 0.134
42 73 0.111
42 74 0.147
42 80 0.199
42 81 0.156
42 85 0.138
42 86 0.152
42 94 0.178
43 59 0.789
43 58 0.955
43 75 0.207
43 57 0.044
43 72 0.133
43 85 0.113
43 87 0.158
43 98 0.123
43 61 0.187
43 80 0.061
43 83 0.232
43 86 0.08
43 88 0.135
43 92 0.107
43 44 0.232
43 45 0.162
43 46 0.117
43 54 0.094
43 55 0.193
43 71 0.131
43 74 0.166
43 79 0.176
43 84 0.14
43 48 0.106
43 51 0.164
43 62 0.123
43 63 0.143
43 64 0.169
43 65 0.16
43 78 0.15
43 90 0.161
43 91 0.172
43 96 0.164
44 55 0.966
44 70 1
44 58 0.296
44 82 0.336
44 96 0.319
44 99 0.022
44 66 0.024
44 91 0.183
44 49 0.177
44 92 0.233
44 46 0.176
44 60 0.112
44 74 0.125
44 77 0.135
44 47 0.221
44 51 0.096
44 67 0.151
44 71 0.145
44 85 0.155
44 88 0.097
44 52 0.125
44 54 0.131
44 56 0.17
44 57 0.161
44 59 0.135
44 62 0.141
44 65 0.202
44 72 0.166
44 81 0.154
44 95 0.172
45 52 0.597
45 75 0.792
45 87 0.886
45 89 0.974
45 47 0.197
45 72 0.146
45 71 0.264
45 81 0.3
45 53 0.096
45 66 0.167
45 85 0.135
45 93 0.155
45 56 0.163
45 60 0.21
45 65 0.202
45 91 0.148
45 95 0.205
45 51 0.198
45 59 0.183
45 67 0.112
45 86 0.162
45 90 0.138
46 56 0.924
46 69 0.565
46 72 0.439
46 85 0.203
46 48 0.24
46 50 0.245
46 71 0.244
46 52 0.027
46 80 0.173
46 61 0.1
46 62 0.183
46 63 0.043
46 64 0.197
46 65 0.186
46 77 0.12
46 79 0.127
46 87 0.273
46 93 0.068
46 95 0.142
46 96 0.273
46 47 0.158
46 49 0.146
46 53 0.109
46 55 0.125
46 57 0.199
46 60 0.169
46 67 0.215
46 70 0.179
46 74 0.136
46 76 0.123
46 81 0.138
46 89 0.123
46 99 0.125
47 58 0.845
47 70 0.755
47 76 0.521
47 86 0.921
47 97 0.575
47 99 0.906
47 77 0.707
47 63 0.104
47 83 0.051
47 52 0.199
47 64 0.157
47 50 0.05
47 92 0.113
47 48 0.042
47 53 0.155
47 68 0.167
47 74 0.149
47 82 0.096
47 85 0.143
47 90 0.101
47 91 0.136
47 49 0.112
47 54 0.155
47 60 0.113
47 66 0.115
47 69 0.174
47 71 0.117
47 75 0.251
47 78 0.162
47 80 0.115
47 81 0.123
47 87 0.102
47 88 0.168
47 89 0.051
47 93 0.136
47 94 0.178
47 95 0.193
48 64 0.658
48 71 1
48 79 0.765
48 92 0.065
48 68 0.068
48 74 0.338
48 91 0.162
48 90 0.237
48 52 0.086
48 58 0.186
48 62 0.191
48 70 0.171
48 80 0.135
48 87 0.023
48 95 0.118
48 50 0.042
48 55 0.168
48 88 0.212
48 99 0.264
48 54 0.2
48 66 0.118
48 69 0.207
48 72 0.134
48 75 0.148
48 84 0.167
48 85 0.126
48 86 0.152
48 89 0.135
48 96 0.111
49 53 0.699
49 59 0.553
49 82 1
49 93 0.887
49 96 0.116
49 63 0.091
49 65 0.137
49 72 0.278
49 73 0.223
49 79 0.011
49 51 0.154
49 58 0.14
49 61 0.155
49 67 0.148
49 69 0.194
49 76 0.104
49 86 0.173
49 94 0.18
49 56 0.171
49 62 0.149
49 70 0.123
49 74 0.171
49 77 0.166
49 80 0.175
49 85 0.16
49 88 0.148
49 95 0.179
49 97 0.134
49 98 0.176
50 91 0.782
50 92 0.273
50 54 0.051
50 68 0.274
50 51 0.275
50 60 0.24
50 88 0.138
50 77 0.181
50 79 0.16
50 80 0.09
50 89 0.218
50 97 0.09
50 55 0.182
50 56 0.127
50 58 0.103
50 64 0.147
50 65 0.144
50 67 0.176
50 69 0.179
50 70 0.137
50 76 0.167
50 84 0.134
50 90 0.164
50 93 0.154
50 98 0.128
51 77 0.591
51 94 0.576
51 96 0.657
51 76 0.95
51 88 0.765
51 61 0.307
51 56 0.178
51 79 0.118
51 83 0.105
51 85 0.137
51 54 0.16
51 64 0.064
51 53 0.121
51 69 0.123
51 84 0.072
51 92 0.108
51 57 0.155
51 58 0.116
51 63 0.192
51 65 0.139
51 70 0.12
51 74 0.224
51 75 0.175
51 80 0.146
51 81 0.163
51 89 0.136
51 91 0.104
51 93 0.112
51 98 0.179
52 55 0.669
52 77 0.689
52 68 0.193
52 78 0.11
52 95 0.196
52 74 0.284
52 90 0.095
52 92 0.131
52 54 0.172
52 69 0.178
52 71 0.167
52 72 0.172
52 75 0.148
52 82 0.124
52 86 0.197
52 88 0.222
52 99 0.131
52 56 0.136
52 59 0.158
52 60 0.159
52 63 0.109
52 67 0.177
52 73 0.165
52 76 0.189
52 79 0.128
52 80 0.173
52 85 0.17
52 87 0.178
52 96 0.17
53 60 0.697
53 63 0.837
53 72 0.699
53 73 0.967
53 82 0.784
53 97 0.908
53 85 0.755
53 70 0.058
53 77 0.093
53 62 0.144
53 91 0.276
53 84 0.212
53 92 0.188
53 76 0.224
53 81 0.072
53 90 0.034
53 56 0.151
53 78 0.14
53 89 0.214
53 99 0.204
53 55 0.15
53 61 0.182
53 64 0.165
53 67 0.145
53 74 0.207
53 79 0.14
53 86 0.157
53 87 0.149
53 98 0.126
54 55 0.993
54 75 0.711
54 84 0.892
54 86 0.72
54 76 0.108
54 72 0.087
54 94 0.16
54 90 0.018
54 56 0.318
54 74 0.137
54 96 0.248
54 61 0.112
54 66 0.197
54 79 0.146
54 92 0.283
54 98 0.07
54 63 0.06
54 77 0.081
54 78 0.123
54 82 0.099
54 93 0.366
54 99 0.093
54 62 0.15
54 64 0.156
54 65 0.181
54 67 0.157
54 73 0.16
54 80 0.158
54 81 0.155
54 87 0.127
54 89 0.092
54 97 0.116
55 72 0.523
55 83 0.129
55 58 0.109
55 62 0.103
55 91 0.195
55 70 0.141
55 73 0.19
55 77 0.134
55 78 0.067
55 99 0.225
55 59 0.136
55 60 0.117
55 61 0.192
55 66 0.097
55 71 0.138
55 75 0.149
55 76 0.17
55 85 0.171
55 98 0.199
56 78 0.94
56 84 0.954
56 87 0.998
56 90 0.957
56 81 0.547
56 95 0.153
56 72 0.172
56 75 0.147
56 99 0.242
56 65 0.209
56 66 0.104
56 77 0.14
56 79 0.162
56 83 0.164
56 86 0.287
56 93 0.11
56 61 0.163
56 64 0.126
56 67 0.188
56 71 0.125
56 74 0.123
56 76 0.203
56 92 0.138
56 96 0.118
56 97 0.218
57 80 0.874
57 82 0.788
57 86 0.723
57 96 0.699
57 94 0.216
57 64 0.192
57 78 0.19
57 90 0.039
57 73 0.142
57 76 0.141
57 58 0.189
57 66 0.039
57 71 0.205
57 83 0.168
57 59 0.167
57 67 0.155
57 74 0.149
57 77 0.184
57 79 0.136
57 81 0.185
57 85 0.168
57 87 0.196
57 88 0.128
57 97 0.136
57 99 0.111
58 61 0.823
58 70 0.731
58 85 0.836
58 76 0.899
58 65 0.615
58 75 0.612
58 69 0.305
58 72 0.223
58 77 0.144
58 59 0.119
58 95 0.169
58 97 0.02
58 87 0.023
58 91 0.167
58 60 0.102
58 78 0.165
58 66 0.113
58 67 0.027
58 98 0.233
58 73 0.145
58 82 0.131
58 89 0.173
58 96 0.154
59 86 0.07
59 67 0.114
59 77 0.204
59 79 0.266
59 66 0.172
59 73 0.147
59 82 0.113
59 92 0.147
59 74 0.204
59 78 0.086
59 81 0.225
59 87 0.055
59 64 0.179
59 65 0.179
59 69 0.234
59 70 0.106
59 71 0.143
59 76 0.18
59 80 0.095
59 85 0.143
59 88 0.101
59 91 0.125
59 94 0.149
59 97 0.16
60 70 0.909
60 99 0.833
60 72 0.9
60 81 0.633
60 90 0.28
60 76 0.286
60 87 0.059
60 97 0.05
60 62 0.054
60 63 0.134
60 64 0.191
60 65 0.179
60 66 0.119
60 73 0.053
60 67 0.134
60 68 0.127
60 80 0.16
60 91 0.136
60 95 0.178
60 98 0.099
60 69 0.191
60 77 0.11
60 79 0.194
60 83 0.171
60 84 0.165
60 86 0.168
60 88 0.176
60 89 0.077
60 93 0.087
61 62 0.897
61 70 0.59
61 80 0.698
61 78 0.558
61 85 0.599
61 63 0.179
61 84 0.241
61 65 0.063
61 75 0.166
61 73 0.137
61 74 0.14
61 81 0.19
61 83 0.222
61 64 0.2
61 71 0.216
61 77 0.259
61 90 0.156
61 95 0.22
61 66 0.126
61 67 0.138
61 69 0.181
61 86 0.178
61 88 0.157
61 92 0.122
61 97 0.146
61 98 0.123
61 99 0.154
62 96 0.104
62 73 0.362
62 74 0.217
62 86 0.151
62 63 0.202
62 68 0.111
62 75 0.166
62 81 0.131
62 95 0.306
62 99 0.206
62 72 0.136
62 77 0.187
62 79 0.127
62 82 0.118
62 87 0.22
62 90 0.141
63 64 0.702
63 70 0.832
63 83 0.987
63 93 0.747
63 66 0.604
63 71 0.212
63 90 0.189
63 67 0.139
63 78 0.155
63 75 0.21
63 77 0.119
63 79 0.167
63 98 0.232
63 99 0.054
63 69 0.137
63 74 0.142
63 76 0.103
63 81 0.145
63 95 0.173
63 65 0.162
63 72 0.136
63 82 0.118
63 84 0.178
63 89 0.129
63 97 0.11
64 77 0.118
64 97 0.273
64 71 0.094
64 72 0.2
64 82 0.015
64 69 0.245
64 65 0.203
64 79 0.302
64 84 0.05
64 89 0.061
64 91 0.216
64 93 0.234
64 66 0.153
64 68 0.139
64 75 0.127
64 76 0.189
64 78 0.228
64 81 0.144
64 83 0.183
64 85 0.155
64 88 0.185
64 94 0.158
65 72 0.767
65 97 0.623
65 93 0.032
65 89 0.193
65 69 0.203
65 70 0.103
65 77 0.127
65 81 0.146
65 82 0.066
65 87 0.172
65 66 0.168
65 67 0.149
65 68 0.144
65 75 0.148
65 80 0.167
66 69 0.83
66 82 0.793
66 87 0.162
66 96 0.149
66 81 0.061
66 97 0.118
66 67 0.173
66 73 0.104
66 77 0.266
66 83 0.187
66 72 0.142
66 79 0.121
66 94 0.149
66 76 0.177
66 85 0.178
66 86 0.164
66 88 0.186
66 91 0.14
67 72 0.073
67 94 0.215
67 75 0.042
67 76 0.354
67 80 0.328
67 81 0.092
67 85 0.118
67 78 0.149
67 84 0.125
67 86 0.119
67 91 0.118
67 69 0.138
67 71 0.136
67 73 0.148
67 88 0.087
67 89 0.127
67 90 0.207
67 97 0.204
67 99 0.113
68 74 0.961
68 80 1
68 97 0.871
68 90 0.064
68 78 0.183
68 91 0.052
68 69 0.09
68 84 0.219
68 94 0.191
68 71 0.15
68 77 0.228
68 92 0.16
68 73 0.181
68 79 0.131
68 81 0.151
68 83 0.175
68 99 0.238
69 81 0.749
69 84 0.97
69 97 0.857
69 83 0.339
69 93 0.094
69 82 0.163
69 89 0.126
69 91 0.125
69 70 0.204
69 76 0.114
69 86 0.185
69 96 0.155
69 71 0.082
69 72 0.132
69 73 0.227
69 78 0.132
69 79 0.175
69 85 0.17
69 87 0.176
69 88 0.169
69 92 0.165
70 75 0.857
70 83 0.4
70 78 0.801
70 74 0.218
70 77 0.134
70 98 0.007
70 87 0.161
70 88 0.145
70 93 0.073
70 97 0.063
70 82 0.134
70 95 0.121
70 71 0.129
70 76 0.128
70 79 0.167
70 85 0.172
70 92 0.182
70 94 0.18
70 96 0.091
71 73 0.125
71 85 0.152
71 93 0.149
71 99 0.231
71 72 0.136
71 80 0.106
71 88 0.167
71 89 0.076
71 77 0.286
71 86 0.189
71 90 0.178
71 95 0.152
71 74 0.146
71 75 0.156
71 78 0.193
71 82 0.138
71 83 0.115
71 92 0.164
71 94 0.152
71 98 0.19
72 81 0.164
72 93 0.084
72 74 0.167
72 80 0.05
72 90 0.168
72 98 0.113
72 75 0.207
72 86 0.19
72 94 0.233
72 95 0.034
72 78 0.16
72 79 0.151
72 91 0.15
72 99 0.131
73 74 0.879
73 79 0.855
73 86 0.318
73 89 0.16
73 98 0.143
73 88 0.196
73 83 0.169
73 78 0.22
73 80 0.103
73 96 0.094
73 87 0.14
73 90 0.148
73 92 0.175
73 94 0.121
73 99 0.127
74 76 0.209
74 93 0.098
74 75 0.207
74 77 0.216
74 81 0.203
74 82 0.242
74 83 0.07
74 94 0.255
74 97 0.081
74 88 0.134
74 89 0.147
74 95 0.15
74 96 0.125
74 98 0.155
75 85 0.901
75 89 0.225
75 92 0.233
75 91 0.165
75 76 0.169
75 77 0.139
75 79 0.155
75 88 0.18
75 93 0.158
75 95 0.098
76 83 0.549
76 85 0.697
76 82 0.315
76 92 0.096
76 77 0.157
76 78 0.122
76 97 0.285
76 80 0.182
76 88 0.182
76 99 0.201
76 91 0.128
76 98 0.167
77 97 0.753
77 99 0.108
77 84 0.228
77 98 0.265
77 91 0.154
77 96 0.098
77 78 0.122
77 81 0.135
77 82 0.118
77 83 0.147
77 85 0.146
77 88 0.143
77 89 0.185
77 95 0.156
78 90 0.55
78 95 0.993
78 92 0.155
78 96 0.298
78 82 0.173
78 84 0.193
78 86 0.177
78 87 0.196
78 99 0.081
78 80 0.177
78 85 0.203
78 89 0.131
78 93 0.168
78 97 0.135
79 90 0.754
79 95 0.077
79 81 0.081
79 87 0.154
79 80 0.14
79 85 0.134
79 89 0.171
79 92 0.14
79 97 0.133
79 99 0.151
80 82 0.818
80 84 0.829
80 99 1
80 88 0.083
80 89 0.309
80 81 0.149
80 86 0.127
80 95 0.192
80 96 0.286
80 83 0.113
80 92 0.157
81 96 0.132
81 95 0.019
81 84 0.069
81 86 0.18
81 87 0.167
81 88 0.109
81 91 0.174
81 93 0.153
81 97 0.103
81 99 0.142
82 96 0.745
82 85 0.2
82 89 0.152
82 91 0.189
82 95 0.153
82 98 0.069
82 90 0.274
82 97 0.081
82 86 0.126
82 94 0.089
83 86 1
83 98 0.916
83 84 0.179
83 99 0.046
83 88 0.245
83 90 0.059
83 93 0.216
83 85 0.09
83 89 0.126
83 91 0.157
83 96 0.126
84 86 0.245
84 91 0.308
84 90 0.104
84 98 0.133
84 88 0.157
84 89 0.171
84 92 0.171
84 96 0.133
84 95 0.173
85 99 1
85 92 0.105
85 98 0.029
85 86 0.333
85 87 0.13
85 93 0.124
85 89 0.109
85 90 0.142
85 91 0.177
85 95 0.116
85 96 0.142
85 97 0.147
86 88 0.64
86 87 0.064
86 93 0.455
86 99 0.173
86 97 0.26
86 94 0.203
86 91 0.149
86 95 0.173
86 98 0.11
87 91 0.119
87 99 0.176
87 93 0.146
87 95 0.101
87 98 0.177
87 88 0.144
87 89 0.134
87 97 0.125
88 92 0.845
88 93 0.839
88 95 0.872
88 97 0.858
88 89 0.127
88 98 0.17
88 94 0.114
88 99 0.114
89 95 0.162
89 92 0.031
89 96 0.204
89 98 0.102
89 94 0.152
90 97 0.998
90 98 0.937
90 92 0.067
90 93 0.156
90 96 0.123
91 98 0.729
91 95 0.134
91 97 0.08
91 93 0.216
91 92 0.153
91 99 0.137
92 99 0.116
92 94 0.212
92 95 0.24
92 97 0.135
93 99 0.981
93 98 0.058
93 95 0.156
93 96 0.202
94 95 1
94 96 0.593
95 98 0.216
95 97 0.183
96 97 0.948
97 99 1
