0 11 1
0 15 0.768
0 24 0.533
0 44 0.923
0 64 0.683
0 97 1
0 98 0.922
0 6 0.656
0 25 0.538
0 28 0.112
0 85 0.2
0 9 0.135
0 2 0.181
0 16 0.108
0 20 0.14
0 37 0.207
0 38 0.168
0 45 0.156
0 48 0.162
0 53 0.19
0 55 0.115
0 60 0.135
0 61 0.18
0 62 0.194
0 68 0.134
0 75 0.174
0 80 0.135
0 83 0.161
0 99 0.138
0 4 0.111
0 5 0.143
0 8 0.219
0 12 0.198
0 13 0.182
0 14 0.162
0 18 0.14
0 19 0.147
0 23 0.099
0 26 0.167
0 29 0.197
0 32 0.119
0 33 0.172
0 35 0.174
0 39 0.154
0 40 0.148
0 43 0.177
0 56 0.167
0 59 0.164
0 63 0.161
0 65 0.085
0 66 0.174
0 69 0.146
0 72 0.173
0 74 0.119
0 77 0.171
0 79 0.109
0 82 0.149
0 84 0.111
0 86 0.138
0 87 0.123
0 88 0.151
0 89 0.202
0 90 0.143
0 92 0.104
0 93 0.197
1 9 0.552
1 51 0.703
1 65 0.91
1 66 0.869
1 73 0.914
1 43 0.536
1 41 0.684
1 89 0.952
1 84 0.092
1 32 0.121
1 33 0.14
1 47 0.185
1 77 0.177
1 86 0.228
1 94 0.161
1 5 0.155
1 8 0.139
1 10 0.131
1 11 0.168
1 21 0.115
1 26 0.157
1 28 0.155
1 45 0.126
1 48 0.19
1 58 0.133
1 61 0.204
1 62 0.086
1 69 0.116
1 78 0.164
1 88 0.125
1 95 0.166
1 98 0.166
1 6 0.15
1 7 0.124
1 12 0.11
1 13 0.151
1 16 0.154
1 17 0.167
1 18 0.138
1 19 0.171
1 20 0.205
1 25 0.185
1 27 0.163
1 30 0.213
1 31 0.123
1 34 0.217
1 37 0.144
1 46 0.157
1 50 0.141
1 54 0.185
1 56 0.174
1 57 0.107
1 59 0.183
1 63 0.119
1 64 0.115
1 67 0.098
1 68 0.133
1 70 0.144
1 71 0.167
1 75 0.163
1 76 0.123
1 87 0.165
1 90 0.107
2 95 0.759
2 96 0.923
2 97 0.895
2 7 0.183
2 18 0.143
2 14 0.154
2 10 0.17
2 24 0.104
2 47 0.142
2 51 0.129
2 64 0.138
2 77 0.171
2 4 0.153
2 8 0.181
2 9 0.136
2 22 0.171
2 25 0.129
2 29 0.198
2 35 0.177
2 37 0.141
2 45 0.178
2 46 0.174
2 50 0.095
2 53 0.14
2 60 0.159
2 85 0.119
2 86 0.132
2 87 0.23
2 93 0.138
2 94 0.144
2 13 0.157
2 15 0.132
2 17 0.125
2 20 0.131
2 23 0.129
2 30 0.169
2 32 0.143
2 36 0.162
2 39 0.124
2 42 0.108
2 48 0.138
2 49 0.181
2 52 0.145
2 56 0.122
2 57 0.198
2 59 0.177
2 66 0.176
2 68 0.123
2 69 0.194
2 70 0.147
2 72 0.146
2 74 0.092
2 76 0.227
2 81 0.123
2 88 0.162
2 90 0.136
2 92 0.165
3 14 0.946
3 30 0.893
3 31 0.769
3 80 0.889
3 92 0.934
3 20 0.705
3 89 0.176
3 10 0.13
3 13 0.172
3 26 0.114
3 38 0.132
3 39 0.126
3 49 0.169
3 70 0.039
3 88 0.161
3 21 0.13
3 37 0.194
3 42 0.102
3 45 0.161
3 58 0.117
3 69 0.102
3 84 0.169
3 86 0.147
3 94 0.155
3 99 0.105
3 6 0.11
3 11 0.167
3 12 0.196
3 15 0.138
3 18 0.124
3 22 0.166
3 23 0.154
3 25 0.162
3 27 0.127
3 28 0.153
3 29 0.153
3 36 0.194
3 40 0.192
3 43 0.127
3 44 0.184
3 53 0.136
3 56 0.163
3 61 0.141
3 63 0.143
3 64 0.136
3 65 0.123
3 66 0.172
3 67 0.143
3 72 0.207
3 73 0.096
3 74 0.072
3 77 0.203
3 83 0.142
3 93 0.134
3 95 0.164
3 96 0.147
4 42 1
4 94 0.967
4 35 0.788
4 13 0.149
4 53 0.146
4 34 0.112
4 44 0.149
4 50 0.152
4 56 0.029
4 65 0.172
4 67 0.121
4 76 0.115
4 87 0.125
4 96 0.155
4 16 0.168
4 24 0.138
4 26 0.154
4 45 0.117
4 49 0.121
4 60 0.159
4 61 0.156
4 79 0.149
4 81 0.103
4 91 0.197
4 97 0.149
4 6 0.125
4 8 0.173
4 14 0.169
4 18 0.196
4 22 0.125
4 23 0.128
4 27 0.164
4 31 0.16
4 32 0.142
4 33 0.224
4 38 0.206
4 39 0.106
4 46 0.151
4 48 0.145
4 51 0.195
4 57 0.127
4 59 0.21
4 63 0.125
4 64 0.124
4 66 0.191
4 68 0.123
4 69 0.162
4 72 0.222
4 75 0.094
4 77 0.179
4 80 0.173
4 83 0.113
4 86 0.119
4 88 0.151
4 92 0.17
4 98 0.195
5 17 0.822
5 82 0.999
5 86 0.774
5 27 0.799
5 13 0.107
5 89 0.216
5 92 0.128
5 8 0.172
5 12 0.134
5 22 0.145
5 38 0.129
5 55 0.174
5 64 0.133
5 97 0.181
5 24 0.165
5 43 0.199
5 44 0.137
5 60 0.132
5 66 0.122
5 68 0.186
5 77 0.155
5 84 0.164
5 94 0.147
5 96 0.128
5 7 0.191
5 10 0.164
5 14 0.142
5 16 0.134
5 19 0.187
5 23 0.132
5 25 0.104
5 28 0.2
5 29 0.159
5 34 0.135
5 45 0.15
5 46 0.144
5 47 0.147
5 50 0.069
5 51 0.102
5 53 0.13
5 54 0.158
5 58 0.143
5 65 0.144
5 71 0.186
5 73 0.125
5 74 0.198
5 78 0.086
5 83 0.152
5 85 0.143
5 87 0.142
5 88 0.159
5 99 0.158
6 9 0.665
6 29 0.822
6 44 0.962
6 62 1
6 10 0.756
6 16 0.9
6 47 0.108
6 21 0.236
6 46 0.164
6 58 0.135
6 14 0.144
6 23 0.173
6 24 0.128
6 38 0.096
6 52 0.134
6 56 0.126
6 82 0.142
6 11 0.157
6 18 0.137
6 31 0.168
6 37 0.173
6 57 0.167
6 71 0.157
6 80 0.185
6 90 0.122
6 93 0.167
6 13 0.163
6 15 0.158
6 19 0.173
6 22 0.146
6 25 0.101
6 26 0.183
6 27 0.17
6 33 0.093
6 39 0.161
6 40 0.128
6 45 0.182
6 48 0.172
6 51 0.086
6 60 0.078
6 61 0.183
6 63 0.079
6 64 0.225
6 66 0.134
6 67 0.201
6 70 0.17
6 73 0.258
6 74 0.185
6 76 0.165
6 78 0.182
6 79 0.14
6 81 0.092
6 83 0.157
6 92 0.155
6 96 0.166
6 98 0.108
6 99 0.166
7 8 0.939
7 10 0.591
7 15 0.98
7 25 0.805
7 36 0.84
7 45 0.924
7 56 0.953
7 62 0.721
7 72 0.779
7 73 0.729
7 74 0.836
7 18 0.748
7 11 0.154
7 41 0.163
7 46 0.128
7 14 0.006
7 33 0.121
7 47 0.182
7 58 0.261
7 66 0.101
7 83 0.111
7 38 0.179
7 51 0.146
7 69 0.159
7 77 0.155
7 89 0.138
7 91 0.09
7 97 0.175
7 98 0.183
7 99 0.145
7 12 0.12
7 17 0.132
7 21 0.148
7 26 0.126
7 27 0.158
7 29 0.125
7 31 0.128
7 35 0.157
7 37 0.147
7 42 0.131
7 43 0.216
7 52 0.191
7 59 0.141
7 60 0.22
7 61 0.095
7 70 0.164
7 75 0.118
7 78 0.183
7 80 0.213
7 81 0.149
7 84 0.118
7 86 0.148
7 87 0.132
7 88 0.117
7 90 0.186
8 30 0.558
8 32 0.878
8 46 0.711
8 47 0.677
8 73 0.689
8 20 0.207
8 38 0.142
8 50 0.108
8 96 0.122
8 31 0.189
8 56 0.153
8 83 0.124
8 97 0.033
8 9 0.151
8 17 0.146
8 27 0.17
8 36 0.157
8 43 0.133
8 49 0.14
8 53 0.119
8 54 0.15
8 71 0.165
8 77 0.154
8 78 0.154
8 82 0.115
8 85 0.166
8 87 0.236
8 90 0.155
8 92 0.056
8 94 0.138
8 10 0.141
8 11 0.147
8 13 0.155
8 14 0.136
8 15 0.148
8 16 0.127
8 18 0.101
8 21 0.133
8 22 0.091
8 23 0.164
8 24 0.164
8 34 0.177
8 39 0.063
8 41 0.159
8 44 0.194
8 51 0.132
8 58 0.112
8 60 0.138
8 63 0.189
8 65 0.193
8 68 0.159
8 69 0.18
8 70 0.123
8 72 0.135
8 76 0.16
8 79 0.072
8 81 0.17
8 84 0.136
8 89 0.144
8 91 0.182
8 93 0.143
8 95 0.125
8 98 0.19
8 99 0.173
9 33 0.925
9 35 1
9 65 0.675
9 79 0.759
9 88 0.719
9 91 0.867
9 93 0.656
9 74 0.153
9 12 0.127
9 69 0.174
9 75 0.135
9 20 0.123
9 36 0.153
9 45 0.11
9 50 0.126
9 55 0.142
9 59 0.165
9 81 0.177
9 87 0.118
9 11 0.119
9 13 0.157
9 25 0.121
9 28 0.186
9 31 0.134
9 38 0.143
9 46 0.163
9 63 0.171
9 73 0.17
9 83 0.198
9 86 0.144
9 90 0.129
9 98 0.154
9 17 0.142
9 18 0.142
9 19 0.167
9 21 0.174
9 22 0.126
9 26 0.133
9 27 0.135
9 29 0.198
9 32 0.151
9 37 0.143
9 40 0.12
9 41 0.133
9 42 0.202
9 47 0.13
9 48 0.209
9 51 0.143
9 56 0.151
9 57 0.132
9 60 0.154
9 64 0.146
9 66 0.131
9 67 0.204
9 68 0.201
9 70 0.18
9 76 0.135
9 80 0.124
9 92 0.14
9 96 0.158
9 97 0.088
9 99 0.13
10 18 0.9
10 61 0.79
10 77 0.819
10 81 0.603
10 83 1
10 90 0.956
10 36 0.936
10 27 0.135
10 73 0.183
10 16 0.16
10 11 0.092
10 17 0.158
10 26 0.175
10 47 0.14
10 57 0.14
10 88 0.156
10 89 0.16
10 98 0.19
10 12 0.124
10 31 0.136
10 43 0.296
10 65 0.108
10 66 0.209
10 74 0.164
10 85 0.18
10 87 0.151
10 94 0.135
10 13 0.134
10 14 0.143
10 19 0.134
10 20 0.182
10 21 0.113
10 23 0.144
10 25 0.16
10 29 0.167
10 30 0.141
10 34 0.156
10 38 0.129
10 42 0.169
10 49 0.098
10 52 0.142
10 53 0.099
10 59 0.164
10 60 0.174
10 63 0.143
10 67 0.153
10 70 0.184
10 71 0.143
10 72 0.134
10 79 0.183
10 80 0.181
10 82 0.148
10 84 0.116
10 92 0.123
10 96 0.119
10 97 0.117
11 36 0.909
11 44 0.887
11 64 0.695
11 79 0.77
11 85 0.809
11 88 0.729
11 28 0.111
11 49 0.184
11 54 0.159
11 83 0.154
11 12 0.154
11 19 0.197
11 22 0.144
11 37 0.144
11 38 0.181
11 51 0.128
11 58 0.158
11 60 0.083
11 62 0.132
11 65 0.138
11 66 0.145
11 75 0.183
11 99 0.177
11 14 0.204
11 15 0.154
11 17 0.152
11 20 0.094
11 23 0.152
11 24 0.127
11 27 0.155
11 29 0.153
11 31 0.115
11 45 0.211
11 55 0.109
11 56 0.134
11 63 0.174
11 67 0.195
11 71 0.121
11 72 0.125
11 74 0.132
11 76 0.169
11 77 0.144
11 80 0.155
11 82 0.153
11 84 0.137
11 89 0.112
11 92 0.206
11 93 0.215
11 94 0.209
11 95 0.221
11 96 0.173
11 97 0.203
11 98 0.135
12 64 0.84
12 47 0.98
12 80 0.152
12 97 0.149
12 28 0.087
12 53 0.117
12 21 0.197
12 32 0.14
12 42 0.145
12 51 0.204
12 68 0.143
12 78 0.11
12 96 0.179
12 33 0.235
12 39 0.138
12 48 0.173
12 54 0.16
12 57 0.142
12 59 0.154
12 61 0.132
12 63 0.17
12 67 0.173
12 71 0.168
12 86 0.116
12 92 0.149
12 13 0.174
12 17 0.15
12 19 0.21
12 22 0.128
12 26 0.147
12 27 0.142
12 31 0.141
12 34 0.171
12 35 0.151
12 41 0.107
12 43 0.132
12 50 0.101
12 52 0.121
12 56 0.191
12 60 0.176
12 66 0.125
12 70 0.149
12 74 0.178
12 77 0.177
12 79 0.153
12 82 0.182
12 83 0.136
12 85 0.149
12 88 0.136
12 89 0.19
12 90 0.156
12 91 0.117
12 93 0.198
12 95 0.166
12 98 0.111
12 99 0.131
13 41 0.783
13 49 0.838
13 95 0.901
13 96 0.128
13 90 0.107
13 20 0.061
13 25 0.098
13 31 0.118
13 56 0.213
13 82 0.18
13 89 0.148
13 14 0.175
13 18 0.153
13 39 0.155
13 48 0.121
13 52 0.13
13 62 0.134
13 67 0.154
13 69 0.141
13 74 0.222
13 75 0.127
13 83 0.139
13 92 0.201
13 98 0.155
13 17 0.187
13 22 0.159
13 23 0.116
13 28 0.163
13 29 0.175
13 30 0.215
13 32 0.183
13 33 0.197
13 37 0.148
13 38 0.18
13 40 0.176
13 44 0.097
13 46 0.143
13 51 0.1
13 54 0.142
13 55 0.164
13 58 0.146
13 59 0.158
13 60 0.188
13 61 0.125
13 64 0.132
13 65 0.154
13 66 0.14
13 68 0.143
13 72 0.131
13 77 0.154
13 78 0.191
13 79 0.125
13 80 0.13
13 85 0.144
13 86 0.201
13 93 0.147
13 94 0.155
14 62 0.981
14 71 0.691
14 93 0.771
14 94 1
14 61 0.164
14 21 0.127
14 43 0.195
14 55 0.179
14 67 0.057
14 88 0.149
14 19 0.141
14 28 0.148
14 45 0.118
14 64 0.191
14 69 0.129
14 73 0.149
14 74 0.154
14 80 0.127
14 84 0.083
14 86 0.171
14 15 0.142
14 16 0.111
14 17 0.146
14 20 0.163
14 23 0.186
14 26 0.167
14 27 0.14
14 36 0.147
14 37 0.135
14 38 0.175
14 41 0.157
14 44 0.117
14 47 0.08
14 48 0.196
14 52 0.158
14 54 0.203
14 59 0.161
14 66 0.18
14 68 0.136
14 70 0.165
14 82 0.106
14 87 0.169
14 89 0.131
14 91 0.184
14 92 0.16
14 95 0.133
14 98 0.155
14 99 0.104
15 60 0.178
15 53 0.076
15 20 0.153
15 30 0.13
15 59 0.133
15 16 0.153
15 23 0.167
15 25 0.205
15 34 0.143
15 36 0.156
15 45 0.133
15 46 0.159
15 49 0.11
15 66 0.169
15 67 0.053
15 69 0.173
15 77 0.172
15 84 0.134
15 92 0.108
15 94 0.176
15 99 0.109
15 17 0.148
15 21 0.173
15 24 0.123
15 27 0.126
15 29 0.134
15 31 0.137
15 33 0.138
15 38 0.162
15 39 0.197
15 41 0.126
15 42 0.139
15 51 0.158
15 55 0.165
15 61 0.16
15 62 0.203
15 63 0.13
15 65 0.168
15 74 0.146
15 78 0.16
15 85 0.107
15 88 0.127
15 89 0.147
15 95 0.154
15 96 0.069
15 98 0.184
16 20 0.889
16 33 0.76
16 51 1
16 65 1
16 74 0.783
16 21 0.876
16 26 0.891
16 27 0.203
16 71 0.207
16 24 0.166
16 45 0.155
16 49 0.086
16 50 0.162
16 59 0.153
16 79 0.141
16 32 0.127
16 38 0.218
16 52 0.185
16 60 0.214
16 63 0.116
16 68 0.165
16 80 0.189
16 83 0.13
16 17 0.092
16 19 0.143
16 25 0.128
16 29 0.171
16 31 0.132
16 37 0.102
16 39 0.16
16 40 0.15
16 42 0.123
16 43 0.202
16 44 0.153
16 46 0.19
16 48 0.155
16 53 0.161
16 56 0.181
16 57 0.176
16 61 0.244
16 62 0.164
16 64 0.157
16 67 0.158
16 73 0.18
16 75 0.144
16 77 0.122
16 85 0.129
16 88 0.116
16 91 0.162
16 93 0.19
16 95 0.19
16 96 0.133
16 97 0.175
17 20 0.534
17 30 0.613
17 36 0.61
17 91 0.646
17 90 0.191
17 32 0.139
17 55 0.148
17 80 0.161
17 99 0.179
17 46 0.178
17 47 0.118
17 54 0.193
17 68 0.191
17 79 0.127
17 88 0.097
17 19 0.173
17 22 0.179
17 24 0.174
17 26 0.161
17 27 0.166
17 29 0.13
17 63 0.074
17 64 0.118
17 70 0.17
17 71 0.122
17 77 0.131
17 93 0.132
17 95 0.217
17 18 0.101
17 21 0.119
17 23 0.111
17 33 0.183
17 39 0.117
17 40 0.208
17 41 0.188
17 42 0.185
17 45 0.1
17 51 0.106
17 53 0.162
17 56 0.111
17 57 0.146
17 60 0.157
17 61 0.217
17 67 0.135
17 69 0.131
17 72 0.129
17 74 0.161
17 81 0.131
17 85 0.144
17 86 0.106
17 87 0.137
17 96 0.182
17 97 0.203
18 47 0.539
18 74 0.691
18 80 0.903
18 92 0.5
18 46 0.545
18 54 0.594
18 93 0.143
18 40 0.157
18 68 0.155
18 32 0.116
18 19 0.119
18 42 0.084
18 50 0.1
18 55 0.141
18 57 0.147
18 76 0.143
18 87 0.152
18 89 0.148
18 96 0.104
18 23 0.099
18 24 0.187
18 29 0.162
18 33 0.194
18 36 0.144
18 43 0.138
18 44 0.177
18 45 0.159
18 48 0.212
18 49 0.183
18 52 0.176
18 53 0.165
18 58 0.12
18 59 0.137
18 62 0.142
18 63 0.126
18 64 0.146
18 65 0.152
18 67 0.154
18 70 0.154
18 72 0.194
18 73 0.16
18 77 0.13
18 78 0.14
18 79 0.177
18 82 0.148
18 85 0.111
18 95 0.171
18 98 0.14
19 26 0.542
19 29 0.653
19 62 0.909
19 63 0.959
19 91 0.962
19 43 0.164
19 58 0.163
19 59 0.124
19 64 0.146
19 66 0.131
19 67 0.206
19 74 0.128
19 83 0.117
19 99 0.15
19 28 0.162
19 34 0.13
19 36 0.144
19 47 0.121
19 51 0.149
19 70 0.152
19 72 0.211
19 77 0.1
19 80 0.123
19 84 0.146
19 90 0.105
19 96 0.133
19 20 0.166
19 21 0.147
19 22 0.125
19 23 0.163
19 25 0.126
19 27 0.228
19 31 0.252
19 33 0.168
19 38 0.169
19 39 0.111
19 40 0.072
19 42 0.144
19 44 0.186
19 46 0.154
19 53 0.172
19 54 0.152
19 56 0.109
19 60 0.136
19 68 0.116
19 73 0.161
19 76 0.171
19 78 0.118
19 82 0.17
19 85 0.144
19 88 0.161
19 89 0.195
19 92 0.165
19 93 0.131
19 94 0.145
19 95 0.151
19 97 0.151
19 98 0.146
20 25 0.546
20 34 0.824
20 43 0.774
20 59 0.817
20 76 0.885
20 62 0.161
20 50 0.147
20 66 0.134
20 23 0.169
20 60 0.22
20 65 0.166
20 72 0.15
20 88 0.117
20 32 0.177
20 33 0.132
20 36 0.098
20 37 0.12
20 49 0.154
20 73 0.16
20 77 0.154
20 79 0.165
20 81 0.184
20 94 0.139
20 28 0.121
20 30 0.179
20 35 0.17
20 38 0.129
20 39 0.135
20 40 0.143
20 41 0.108
20 44 0.079
20 45 0.109
20 47 0.164
20 48 0.159
20 53 0.201
20 54 0.191
20 67 0.11
20 68 0.067
20 71 0.192
20 74 0.123
20 75 0.147
20 78 0.139
20 80 0.118
20 82 0.161
20 83 0.155
20 84 0.122
20 87 0.145
20 90 0.132
20 91 0.159
20 93 0.148
20 99 0.139
21 31 0.698
21 45 0.91
21 51 0.769
21 82 0.725
21 93 0.739
21 75 0.766
21 62 0.134
21 57 0.091
21 26 0.18
21 35 0.153
21 47 0.181
21 48 0.171
21 81 0.161
21 23 0.211
21 27 0.12
21 32 0.216
21 37 0.128
21 42 0.123
21 49 0.17
21 55 0.159
21 71 0.162
21 74 0.161
21 79 0.188
21 84 0.156
21 90 0.133
21 24 0.198
21 30 0.173
21 34 0.152
21 38 0.108
21 40 0.136
21 44 0.143
21 53 0.149
21 54 0.153
21 56 0.126
21 60 0.105
21 61 0.136
21 63 0.188
21 65 0.132
21 69 0.1
21 70 0.085
21 76 0.15
21 78 0.096
21 80 0.152
21 83 0.218
21 85 0.182
21 86 0.149
21 89 0.146
21 91 0.125
21 92 0.133
21 94 0.182
21 95 0.158
21 96 0.156
21 97 0.195
21 98 0.159
22 28 0.969
22 31 0.863
22 41 0.644
22 42 0.826
22 58 0.756
22 67 0.646
22 90 0.994
22 92 1
22 86 0.071
22 27 0.111
22 76 0.185
22 84 0.151
22 89 0.143
22 34 0.156
22 43 0.146
22 45 0.12
22 46 0.12
22 48 0.181
22 53 0.155
22 65 0.16
22 72 0.159
22 78 0.129
22 82 0.12
22 25 0.118
22 26 0.161
22 29 0.146
22 30 0.147
22 32 0.177
22 33 0.151
22 36 0.143
22 47 0.105
22 51 0.156
22 52 0.109
22 55 0.151
22 59 0.189
22 61 0.132
22 63 0.155
22 64 0.152
22 66 0.142
22 70 0.118
22 77 0.158
22 79 0.214
22 80 0.183
22 81 0.147
22 83 0.204
22 87 0.191
22 95 0.18
23 69 0.716
23 77 0.975
23 49 0.901
23 41 0.161
23 60 0.201
23 92 0.165
23 25 0.131
23 29 0.152
23 33 0.13
23 36 0.115
23 38 0.112
23 43 0.151
23 44 0.187
23 45 0.117
23 46 0.105
23 64 0.129
23 75 0.104
23 83 0.149
23 87 0.182
23 88 0.182
23 89 0.132
23 26 0.147
23 27 0.114
23 28 0.196
23 30 0.1
23 37 0.158
23 39 0.127
23 53 0.056
23 54 0.145
23 55 0.147
23 57 0.163
23 58 0.161
23 61 0.157
23 67 0.122
23 70 0.121
23 71 0.116
23 74 0.177
23 76 0.128
23 79 0.101
23 80 0.224
23 84 0.174
23 85 0.13
23 86 0.112
23 90 0.132
23 93 0.159
23 94 0.167
23 97 0.162
24 32 0.999
24 45 0.722
24 65 1
24 72 0.969
24 94 0.944
24 98 0.855
24 73 0.155
24 81 0.175
24 54 0.132
24 76 0.169
24 26 0.124
24 29 0.177
24 30 0.136
24 39 0.153
24 60 0.141
24 64 0.165
24 77 0.162
24 28 0.128
24 31 0.189
24 42 0.152
24 50 0.142
24 55 0.19
24 80 0.123
24 82 0.14
24 92 0.149
24 93 0.112
24 97 0.144
24 27 0.157
24 33 0.135
24 34 0.152
24 35 0.111
24 40 0.127
24 44 0.159
24 46 0.128
24 47 0.174
24 48 0.18
24 53 0.155
24 56 0.154
24 62 0.139
24 68 0.116
24 70 0.164
24 71 0.183
24 74 0.158
24 75 0.143
24 78 0.136
24 83 0.139
24 90 0.13
24 96 0.165
25 35 0.702
25 41 0.969
25 78 0.961
25 98 0.901
25 64 0.161
25 94 0.153
25 42 0.054
25 71 0.152
25 83 0.115
25 93 0.192
25 30 0.154
25 32 0.15
25 44 0.111
25 47 0.174
25 52 0.219
25 56 0.098
25 69 0.114
25 72 0.154
25 73 0.16
25 85 0.125
25 29 0.131
25 31 0.188
25 33 0.191
25 36 0.151
25 37 0.164
25 40 0.195
25 45 0.099
25 46 0.179
25 48 0.09
25 49 0.122
25 55 0.127
25 60 0.116
25 62 0.158
25 63 0.187
25 65 0.12
25 68 0.182
25 70 0.154
25 74 0.153
25 76 0.132
25 77 0.12
25 79 0.117
25 82 0.112
25 84 0.19
25 86 0.099
25 87 0.116
25 90 0.127
25 92 0.187
25 95 0.18
25 97 0.158
25 99 0.155
26 54 0.699
26 58 0.686
26 76 0.77
26 84 0.839
26 95 0.894
26 98 0.112
26 70 0.17
26 78 0.128
26 65 0.131
26 69 0.15
26 79 0.165
26 89 0.127
26 30 0.187
26 33 0.131
26 36 0.113
26 41 0.183
26 44 0.137
26 53 0.191
26 88 0.147
26 94 0.175
26 96 0.16
26 29 0.126
26 32 0.141
26 34 0.173
26 35 0.161
26 39 0.151
26 40 0.117
26 43 0.148
26 45 0.126
26 50 0.121
26 55 0.157
26 56 0.144
26 57 0.199
26 59 0.163
26 61 0.183
26 62 0.164
26 66 0.144
26 67 0.091
26 68 0.136
26 74 0.141
26 75 0.112
26 77 0.191
26 81 0.149
26 82 0.149
26 83 0.17
26 87 0.11
26 90 0.153
26 93 0.18
27 44 0.717
27 69 0.916
27 32 0.117
27 50 0.17
27 70 0.125
27 98 0.116
27 63 0.165
27 75 0.181
27 79 0.193
27 84 0.175
27 87 0.142
27 31 0.147
27 39 0.16
27 40 0.158
27 45 0.182
27 51 0.235
27 53 0.133
27 57 0.163
27 58 0.147
27 59 0.182
27 80 0.145
27 90 0.126
27 91 0.132
27 96 0.191
27 28 0.205
27 29 0.188
27 30 0.175
27 34 0.159
27 35 0.142
27 38 0.119
27 41 0.168
27 42 0.157
27 47 0.149
27 49 0.153
27 54 0.171
27 55 0.174
27 60 0.158
27 64 0.182
27 65 0.198
27 66 0.167
27 67 0.097
27 73 0.173
27 76 0.151
27 82 0.211
27 86 0.171
27 88 0.195
27 89 0.106
27 97 0.169
27 99 0.079
28 51 0.67
28 57 0.918
28 73 0.58
28 91 0.946
28 96 0.88
28 93 0.958
28 36 0.964
28 47 0.144
28 40 0.214
28 86 0.153
28 50 0.121
28 32 0.155
28 41 0.123
28 43 0.107
28 45 0.172
28 56 0.179
28 62 0.158
28 68 0.14
28 74 0.186
28 77 0.163
28 81 0.116
28 92 0.133
28 34 0.163
28 35 0.137
28 37 0.176
28 46 0.19
28 48 0.159
28 52 0.187
28 53 0.146
28 54 0.136
28 55 0.167
28 58 0.133
28 66 0.149
28 72 0.168
28 75 0.127
28 78 0.153
28 79 0.134
28 80 0.178
28 82 0.128
28 84 0.182
28 87 0.117
28 88 0.148
28 99 0.149
29 53 0.561
29 72 0.997
29 34 0.53
29 69 0.171
29 76 0.134
29 97 0.257
29 31 0.18
29 37 0.145
29 38 0.168
29 44 0.14
29 45 0.127
29 51 0.18
29 54 0.197
29 55 0.15
29 56 0.199
29 64 0.111
29 71 0.173
29 86 0.113
29 91 0.185
29 96 0.177
29 30 0.178
29 33 0.086
29 42 0.122
29 43 0.082
29 47 0.134
29 48 0.142
29 58 0.147
29 59 0.123
29 60 0.138
29 63 0.137
29 73 0.164
29 74 0.159
29 75 0.118
29 77 0.186
29 79 0.194
29 84 0.148
29 85 0.199
29 87 0.129
29 88 0.151
29 94 0.133
29 99 0.183
30 36 0.59
30 37 0.966
30 38 0.6
30 42 0.855
30 94 0.855
30 96 0.93
30 50 0.82
30 69 0.816
30 32 0.146
30 44 0.174
30 56 0.148
30 64 0.126
30 79 0.158
30 87 0.187
30 90 0.093
30 35 0.182
30 49 0.106
30 82 0.16
30 93 0.169
30 34 0.126
30 39 0.145
30 41 0.126
30 46 0.17
30 47 0.134
30 51 0.164
30 58 0.195
30 59 0.146
30 60 0.203
30 63 0.173
30 66 0.155
30 67 0.185
30 70 0.144
30 74 0.104
30 78 0.089
30 80 0.119
30 91 0.171
30 92 0.102
30 95 0.07
30 97 0.174
31 42 0.726
31 43 1
31 55 0.978
31 85 0.969
31 86 0.948
31 88 0.662
31 98 0.787
31 54 0.896
31 80 0.074
31 69 0.169
31 94 0.148
31 44 0.188
31 47 0.217
31 49 0.128
31 61 0.131
31 74 0.14
31 75 0.164
31 78 0.104
31 79 0.13
31 97 0.169
31 33 0.135
31 45 0.165
31 46 0.109
31 50 0.153
31 52 0.164
31 58 0.112
31 59 0.117
31 63 0.179
31 65 0.154
31 71 0.202
31 76 0.107
31 77 0.142
31 82 0.151
31 91 0.165
31 92 0.169
31 96 0.169
31 99 0.145
32 54 0.832
32 58 0.884
32 80 0.714
32 93 0.713
32 89 0.15
32 46 0.195
32 41 0.124
32 34 0.167
32 37 0.146
32 39 0.208
32 50 0.163
32 68 0.118
32 74 0.15
32 83 0.165
32 90 0.082
32 91 0.151
32 94 0.141
32 96 0.17
32 33 0.125
32 35 0.138
32 36 0.188
32 38 0.144
32 42 0.169
32 43 0.133
32 47 0.115
32 48 0.122
32 51 0.16
32 53 0.122
32 56 0.148
32 60 0.197
32 64 0.168
32 65 0.095
32 71 0.122
32 72 0.168
32 75 0.172
32 78 0.151
32 79 0.184
32 82 0.151
32 85 0.112
32 92 0.147
32 97 0.175
32 99 0.196
33 40 0.748
33 45 0.974
33 47 0.65
33 59 0.706
33 67 0.668
33 99 0.745
33 56 0.149
33 76 0.112
33 87 0.11
33 96 0.237
33 34 0.182
33 36 0.127
33 43 0.192
33 52 0.17
33 53 0.108
33 54 0.134
33 57 0.14
33 60 0.096
33 77 0.26
33 78 0.119
33 85 0.159
33 35 0.093
33 37 0.175
33 38 0.105
33 39 0.158
33 41 0.17
33 42 0.206
33 44 0.148
33 46 0.189
33 49 0.101
33 65 0.199
33 66 0.141
33 68 0.107
33 72 0.116
33 74 0.157
33 84 0.127
33 91 0.198
33 92 0.229
33 93 0.158
34 36 1
34 43 0.781
34 83 0.861
34 41 0.121
34 94 0.118
34 35 0.103
34 48 0.148
34 58 0.17
34 66 0.131
34 69 0.15
34 75 0.15
34 81 0.176
34 37 0.145
34 40 0.129
34 44 0.141
34 51 0.135
34 52 0.137
34 53 0.151
34 59 0.134
34 62 0.173
34 67 0.141
34 68 0.122
34 70 0.099
34 71 0.151
34 72 0.212
34 76 0.134
34 78 0.146
34 80 0.133
34 88 0.189
34 91 0.134
34 92 0.208
34 95 0.152
34 96 0.156
34 98 0.214
34 99 0.109
35 63 0.883
35 81 0.74
35 88 0.86
35 43 0.997
35 65 0.945
35 56 0.616
35 46 0.109
35 72 0.114
35 66 0.123
35 73 0.251
35 86 0.193
35 93 0.14
35 98 0.178
35 58 0.153
35 95 0.184
35 96 0.151
35 37 0.157
35 39 0.158
35 40 0.215
35 41 0.171
35 44 0.126
35 45 0.13
35 47 0.16
35 48 0.156
35 49 0.074
35 51 0.138
35 52 0.164
35 53 0.155
35 54 0.096
35 62 0.149
35 69 0.168
35 77 0.172
35 85 0.108
35 87 0.176
35 90 0.123
36 42 0.982
36 49 0.583
36 63 0.803
36 93 0.156
36 70 0.132
36 89 0.161
36 37 0.118
36 41 0.128
36 54 0.151
36 61 0.167
36 80 0.136
36 39 0.194
36 45 0.216
36 47 0.123
36 48 0.224
36 53 0.171
36 60 0.128
36 66 0.121
36 67 0.193
36 68 0.167
36 69 0.144
36 72 0.08
36 73 0.105
36 74 0.191
36 76 0.149
36 78 0.151
36 81 0.154
36 82 0.132
36 85 0.149
36 87 0.106
36 90 0.169
36 92 0.139
37 48 0.773
37 54 0.755
37 65 0.901
37 42 0.14
37 91 0.133
37 82 0.097
37 95 0.168
37 46 0.136
37 49 0.128
37 58 0.123
37 68 0.126
37 69 0.169
37 71 0.167
37 90 0.176
37 98 0.182
37 99 0.172
37 40 0.171
37 43 0.161
37 44 0.158
37 45 0.125
37 50 0.114
37 52 0.155
37 53 0.122
37 59 0.201
37 60 0.139
37 62 0.16
37 66 0.169
37 75 0.189
37 78 0.148
37 79 0.146
37 80 0.1
37 81 0.144
37 84 0.174
37 87 0.097
37 88 0.157
37 94 0.191
37 96 0.116
38 40 0.782
38 46 0.912
38 52 0.603
38 75 0.912
38 87 0.902
38 70 0.793
38 65 0.687
38 81 0.689
38 86 0.187
38 47 0.162
38 80 0.208
38 64 0.189
38 66 0.14
38 74 0.168
38 48 0.149
38 54 0.108
38 62 0.151
38 63 0.121
38 69 0.107
38 82 0.147
38 94 0.17
38 98 0.159
38 42 0.161
38 50 0.165
38 53 0.126
38 55 0.157
38 56 0.148
38 57 0.13
38 60 0.157
38 68 0.172
38 77 0.149
38 78 0.099
38 79 0.175
38 85 0.107
38 88 0.158
38 90 0.164
38 93 0.164
38 95 0.143
38 96 0.197
38 97 0.134
38 99 0.112
39 80 0.862
39 85 0.892
39 91 0.732
39 99 0.991
39 46 0.695
39 47 0.705
39 89 0.161
39 61 0.185
39 43 0.18
39 51 0.12
39 70 0.154
39 57 0.187
39 64 0.187
39 71 0.151
39 92 0.101
39 93 0.166
39 40 0.148
39 41 0.146
39 45 0.163
39 49 0.157
39 50 0.189
39 52 0.088
39 53 0.122
39 56 0.201
39 58 0.121
39 59 0.101
39 63 0.146
39 66 0.147
39 67 0.2
39 68 0.23
39 69 0.19
39 74 0.126
39 75 0.087
39 76 0.15
39 78 0.162
39 79 0.075
39 82 0.176
39 86 0.132
39 88 0.118
39 95 0.157
39 96 0.127
39 97 0.134
40 47 0.761
40 57 0.75
40 67 0.582
40 92 0.665
40 94 1
40 89 0.958
40 51 0.167
40 97 0.086
40 58 0.079
40 95 0.134
40 44 0.174
40 52 0.115
40 62 0.108
40 72 0.219
40 46 0.172
40 49 0.16
40 50 0.165
40 69 0.185
40 75 0.15
40 77 0.121
40 81 0.149
40 84 0.148
40 42 0.186
40 43 0.203
40 48 0.174
40 53 0.166
40 54 0.114
40 56 0.121
40 61 0.129
40 64 0.175
40 66 0.152
40 73 0.11
40 82 0.101
40 83 0.094
40 86 0.109
40 88 0.169
40 96 0.131
40 99 0.132
41 58 0.811
41 63 0.725
41 52 0.146
41 95 0.273
41 42 0.155
41 47 0.107
41 51 0.099
41 73 0.213
41 80 0.134
41 96 0.198
41 50 0.148
41 97 0.163
41 45 0.147
41 48 0.172
41 49 0.193
41 53 0.08
41 54 0.215
41 55 0.179
41 56 0.152
41 59 0.201
41 61 0.193
41 64 0.191
41 66 0.223
41 71 0.225
41 74 0.141
41 75 0.153
41 76 0.118
41 78 0.132
41 79 0.176
41 81 0.138
41 82 0.195
41 84 0.17
41 85 0.159
41 86 0.159
41 88 0.125
41 90 0.204
41 92 0.152
41 93 0.161
42 77 0.82
42 79 0.749
42 83 0.995
42 67 0.091
42 69 0.135
42 90 0.186
42 92 0.096
42 98 0.159
42 52 0.15
42 66 0.098
42 89 0.224
42 94 0.097
42 44 0.193
42 46 0.186
42 47 0.163
42 48 0.165
42 49 0.123
42 50 0.142
42 54 0.141
42 55 0.134
42 56 0.157
42 63 0.149
42 65 0.162
42 70 0.175
42 73 0.174
42 75 0.131
42 76 0.161
42 86 0.148
42 91 0.144
42 93 0.196
42 97 0.123
42 99 0.131
43 59 0.945
43 58 0.712
43 85 0.112
43 95 0.096
43 52 0.143
43 76 0.136
43 80 0.095
43 45 0.14
43 64 0.153
43 69 0.133
43 86 0.157
43 87 0.194
43 89 0.136
43 90 0.219
43 91 0.179
43 92 0.178
43 98 0.115
43 44 0.143
43 47 0.105
43 51 0.14
43 54 0.114
43 63 0.157
43 65 0.117
43 66 0.131
43 67 0.175
43 71 0.147
43 72 0.193
43 74 0.171
43 75 0.134
43 78 0.143
43 79 0.137
43 83 0.125
43 88 0.126
43 93 0.142
44 55 1
44 70 0.792
44 87 0.135
44 50 0.181
44 98 0.149
44 47 0.135
44 48 0.144
44 57 0.055
44 75 0.189
44 85 0.253
44 51 0.215
44 74 0.146
44 77 0.13
44 78 0.147
44 81 0.211
44 86 0.148
44 90 0.195
44 95 0.166
44 97 0.198
44 99 0.127
44 45 0.143
44 46 0.141
44 52 0.157
44 54 0.125
44 56 0.125
44 58 0.119
44 59 0.127
44 60 0.162
44 61 0.064
44 62 0.222
44 69 0.136
44 73 0.11
44 80 0.141
44 83 0.165
44 88 0.137
44 89 0.157
44 92 0.137
44 93 0.125
45 52 0.592
45 75 0.721
45 87 0.81
45 89 0.982
45 80 0.141
45 82 0.099
45 79 0.15
45 48 0.129
45 50 0.114
45 60 0.105
45 64 0.138
45 71 0.176
45 94 0.143
45 46 0.141
45 49 0.128
45 54 0.174
45 58 0.175
45 59 0.161
45 62 0.124
45 63 0.086
45 67 0.186
45 68 0.164
45 69 0.132
45 72 0.17
45 74 0.129
45 78 0.117
45 88 0.16
45 90 0.163
45 97 0.116
46 56 0.842
46 66 0.083
46 67 0.115
46 97 0.191
46 48 0.162
46 55 0.206
46 90 0.26
46 91 0.098
46 47 0.072
46 54 0.118
46 76 0.142
46 84 0.132
46 49 0.137
46 52 0.14
46 58 0.141
46 61 0.131
46 62 0.19
46 63 0.155
46 64 0.163
46 70 0.169
46 71 0.131
46 72 0.075
46 73 0.147
46 74 0.182
46 83 0.166
46 87 0.142
46 88 0.082
46 89 0.159
46 93 0.17
46 94 0.153
46 96 0.144
46 99 0.124
47 58 0.867
47 70 0.865
47 76 0.618
47 86 0.995
47 97 0.555
47 99 0.977
47 77 0.935
47 57 0.156
47 69 0.096
47 81 0.175
47 54 0.098
47 49 0.088
47 79 0.141
47 91 0.087
47 93 0.04
47 67 0.176
47 80 0.177
47 50 0.16
47 59 0.123
47 61 0.183
47 62 0.169
47 64 0.195
47 65 0.151
47 66 0.149
47 68 0.121
47 74 0.125
47 75 0.116
47 82 0.197
47 83 0.107
47 84 0.162
47 87 0.18
47 89 0.153
47 94 0.162
47 98 0.162
48 64 0.723
48 71 0.914
48 79 0.827
48 98 0.191
48 60 0.13
48 66 0.187
48 75 0.183
48 93 0.158
48 50 0.226
48 56 0.13
48 82 0.202
48 61 0.138
48 68 0.17
48 69 0.169
48 72 0.133
48 77 0.117
48 86 0.152
48 87 0.182
48 89 0.145
48 57 0.204
48 58 0.145
48 62 0.132
48 63 0.105
48 65 0.108
48 70 0.145
48 73 0.162
48 74 0.165
48 76 0.176
48 81 0.156
48 85 0.192
48 90 0.165
48 91 0.151
48 94 0.152
48 95 0.134
48 97 0.124
48 99 0.141
49 53 0.75
49 59 0.671
49 82 0.849
49 93 0.82
49 84 0.129
49 55 0.217
49 79 0.171
49 88 0.189
49 97 0.186
49 98 0.176
49 99 0.209
49 52 0.135
49 56 0.12
49 63 0.186
49 68 0.176
49 76 0.125
49 92 0.114
49 96 0.159
49 51 0.177
49 58 0.127
49 61 0.214
49 64 0.156
49 65 0.113
49 66 0.174
49 70 0.172
49 72 0.133
49 74 0.206
49 75 0.172
49 78 0.125
49 80 0.159
49 83 0.14
49 85 0.191
49 86 0.147
49 89 0.178
49 91 0.172
50 91 0.721
50 96 0.085
50 83 0.159
50 64 0.093
50 71 0.154
50 78 0.105
50 85 0.195
50 95 0.115
50 98 0.093
50 55 0.127
50 59 0.077
50 69 0.14
50 75 0.133
50 76 0.071
50 80 0.162
50 84 0.134
50 89 0.175
50 99 0.117
50 54 0.14
50 62 0.146
50 63 0.161
50 65 0.08
50 66 0.136
50 70 0.128
50 72 0.12
50 73 0.121
50 74 0.193
50 79 0.147
50 87 0.16
50 90 0.17
50 93 0.132
50 94 0.179
50 97 0.157
51 77 0.617
51 94 0.635
51 96 0.619
51 76 0.994
51 88 0.942
51 64 0.156
51 75 0.149
51 86 0.149
51 79 0.131
51 80 0.175
51 95 0.087
51 54 0.14
51 58 0.186
51 61 0.136
51 69 0.156
51 70 0.156
51 74 0.161
51 85 0.118
51 92 0.171
51 97 0.142
51 53 0.14
51 55 0.111
51 57 0.164
51 59 0.19
51 60 0.123
51 63 0.141
51 66 0.162
51 72 0.169
51 81 0.129
51 84 0.143
51 87 0.169
51 89 0.199
51 90 0.086
51 91 0.134
51 99 0.095
52 55 0.677
52 77 0.655
52 89 0.108
52 84 0.152
52 96 0.243
52 54 0.164
52 56 0.127
52 67 0.214
52 98 0.161
52 61 0.092
52 65 0.108
52 66 0.15
52 73 0.169
52 75 0.218
52 58 0.153
52 62 0.2
52 68 0.145
52 69 0.094
52 70 0.179
52 74 0.095
52 78 0.15
52 79 0.112
52 80 0.126
52 83 0.182
52 85 0.159
52 87 0.138
52 91 0.14
52 93 0.108
52 94 0.16
52 97 0.127
52 99 0.176
53 60 0.535
53 63 0.774
53 72 0.54
53 73 0.869
53 82 0.81
53 97 0.864
53 85 0.778
53 81 0.148
53 71 0.159
53 78 0.192
53 79 0.121
53 93 0.154
53 54 0.143
53 56 0.16
53 58 0.068
53 59 0.172
53 61 0.15
53 62 0.128
53 64 0.162
53 65 0.143
53 67 0.18
53 68 0.126
53 70 0.175
53 75 0.18
53 76 0.165
53 77 0.216
53 80 0.221
53 83 0.145
53 84 0.12
53 86 0.151
53 87 0.139
53 89 0.135
53 90 0.141
53 92 0.099
53 96 0.145
54 55 0.823
54 75 0.733
54 84 0.955
54 86 0.635
54 58 0.14
54 83 0.156
54 56 0.113
54 82 0.158
54 74 0.107
54 80 0.156
54 85 0.129
54 96 0.157
54 62 0.154
54 66 0.129
54 68 0.119
54 70 0.172
54 72 0.126
54 73 0.174
54 78 0.137
54 79 0.166
54 87 0.131
54 89 0.163
54 90 0.143
54 92 0.141
54 93 0.224
54 98 0.193
55 97 0.168
55 94 0.218
55 59 0.154
55 85 0.201
55 88 0.112
55 98 0.152
55 61 0.122
55 71 0.15
55 72 0.125
55 91 0.1
55 92 0.186
55 56 0.183
55 57 0.17
55 58 0.198
55 62 0.159
55 63 0.156
55 66 0.177
55 68 0.185
55 69 0.134
55 70 0.129
55 73 0.157
55 76 0.185
55 78 0.156
55 80 0.215
55 82 0.108
55 83 0.121
55 84 0.146
55 87 0.149
55 89 0.154
55 93 0.162
56 78 0.932
56 84 1
56 87 1
56 90 0.981
56 81 0.815
56 83 0.097
56 95 0.105
56 70 0.174
56 64 0.197
56 66 0.189
56 77 0.124
56 89 0.148
56 97 0.158
56 59 0.182
56 60 0.186
56 61 0.105
56 63 0.165
56 69 0.199
56 71 0.13
56 73 0.193
56 80 0.123
56 86 0.139
56 91 0.113
57 80 0.943
57 82 0.561
57 96 0.717
57 69 0.193
57 71 0.173
57 74 0.16
57 84 0.174
57 65 0.138
57 68 0.163
57 70 0.16
57 73 0.158
57 87 0.121
57 59 0.089
57 60 0.15
57 66 0.158
57 67 0.163
57 72 0.136
57 76 0.18
57 77 0.159
57 81 0.153
57 83 0.181
57 85 0.146
57 86 0.174
57 88 0.169
57 90 0.137
57 91 0.145
57 94 0.122
57 95 0.166
57 99 0.147
58 61 1
58 70 0.637
58 85 0.933
58 76 0.779
58 65 0.823
58 75 1
58 60 0.2
58 84 0.05
58 68 0.115
58 69 0.15
58 83 0.225
58 96 0.176
58 59 0.113
58 87 0.144
58 97 0.178
58 99 0.135
58 63 0.11
58 66 0.183
58 67 0.157
58 71 0.152
58 74 0.108
58 79 0.202
58 82 0.108
58 90 0.186
58 91 0.149
58 93 0.174
58 98 0.18
59 79 0.163
59 77 0.125
59 80 0.157
59 94 0.077
59 98 0.13
59 65 0.158
59 66 0.161
59 70 0.132
59 60 0.128
59 67 0.158
59 71 0.152
59 72 0.165
59 81 0.161
59 82 0.152
59 85 0.147
59 87 0.129
59 88 0.073
59 91 0.175
59 95 0.115
59 96 0.15
59 99 0.151
60 70 0.855
60 99 0.854
60 72 0.791
60 81 1
60 69 0.188
60 64 0.16
60 67 0.16
60 73 0.179
60 66 0.15
60 68 0.133
60 71 0.106
60 76 0.181
60 77 0.13
60 83 0.088
60 84 0.156
60 89 0.179
60 90 0.114
60 92 0.111
60 97 0.195
60 98 0.146
61 62 0.64
61 80 0.602
61 85 0.748
61 65 0.092
61 93 0.201
61 78 0.144
61 71 0.157
61 73 0.159
61 75 0.185
61 81 0.2
61 82 0.13
61 89 0.154
61 90 0.234
61 91 0.097
61 64 0.167
61 68 0.126
61 69 0.131
61 70 0.134
61 72 0.108
61 77 0.088
61 83 0.17
61 86 0.165
61 92 0.17
61 94 0.107
61 95 0.177
62 74 0.145
62 96 0.146
62 82 0.065
62 97 0.163
62 76 0.18
62 78 0.153
62 79 0.208
62 98 0.113
62 63 0.131
62 64 0.114
62 66 0.171
62 68 0.112
62 69 0.157
62 73 0.177
62 80 0.102
62 84 0.123
62 88 0.179
62 90 0.141
62 93 0.134
62 94 0.1
62 95 0.149
63 64 0.885
63 70 0.908
63 83 0.958
63 93 0.933
63 66 0.622
63 65 0.179
63 94 0.16
63 76 0.106
63 71 0.199
63 77 0.204
63 90 0.132
63 97 0.139
63 98 0.13
63 67 0.131
63 68 0.232
63 72 0.176
63 73 0.169
63 74 0.186
63 78 0.157
63 80 0.205
63 85 0.164
63 91 0.201
63 96 0.145
63 99 0.147
64 79 0.079
64 65 0.184
64 67 0.119
64 70 0.121
64 80 0.161
64 91 0.169
64 92 0.127
64 94 0.301
64 96 0.133
64 68 0.142
64 69 0.133
64 71 0.154
64 73 0.153
64 74 0.191
64 75 0.152
64 76 0.128
64 77 0.157
64 78 0.211
64 81 0.125
64 84 0.129
64 85 0.117
64 88 0.167
64 89 0.176
64 98 0.185
64 99 0.144
65 72 0.884
65 97 0.607
65 68 0.155
65 77 0.186
65 89 0.191
65 91 0.12
65 99 0.141
65 69 0.158
65 70 0.141
65 71 0.144
65 73 0.123
65 76 0.111
65 78 0.154
65 80 0.196
65 81 0.17
65 82 0.149
65 83 0.128
65 84 0.152
65 86 0.163
65 96 0.199
66 69 1
66 82 0.696
66 88 0.162
66 70 0.144
66 90 0.101
66 91 0.156
66 94 0.172
66 75 0.118
66 76 0.179
66 77 0.197
66 78 0.145
66 79 0.156
66 80 0.145
66 86 0.215
66 92 0.149
66 95 0.146
66 96 0.176
66 97 0.147
67 69 0.117
67 78 0.133
67 90 0.187
67 79 0.103
67 82 0.184
67 84 0.139
67 68 0.097
67 70 0.131
67 71 0.084
67 72 0.169
67 75 0.133
67 76 0.153
67 77 0.148
67 80 0.131
67 81 0.136
67 83 0.156
67 85 0.193
67 88 0.138
67 93 0.144
67 95 0.105
68 74 0.885
68 80 0.88
68 97 0.759
68 84 0.17
68 79 0.089
68 90 0.061
68 93 0.129
68 72 0.159
68 85 0.156
68 92 0.152
68 73 0.152
68 78 0.157
68 81 0.136
68 82 0.16
68 88 0.173
68 91 0.147
69 81 0.834
69 84 1
69 97 0.589
69 76 0.133
69 99 0.164
69 71 0.25
69 74 0.101
69 78 0.078
69 88 0.198
69 89 0.139
69 98 0.177
69 70 0.165
69 77 0.141
69 83 0.133
69 86 0.167
69 93 0.141
69 94 0.12
69 96 0.172
70 75 1
70 78 0.661
70 72 0.12
70 98 0.126
70 81 0.127
70 85 0.142
70 90 0.155
70 95 0.143
70 71 0.164
70 79 0.14
70 80 0.106
70 82 0.144
70 83 0.205
70 84 0.157
70 91 0.215
70 92 0.165
70 93 0.159
70 94 0.189
70 97 0.172
71 75 0.147
71 80 0.147
71 88 0.11
71 90 0.162
71 99 0.153
71 73 0.149
71 74 0.18
71 76 0.151
71 77 0.175
71 82 0.166
71 83 0.143
71 84 0.151
71 92 0.196
71 93 0.185
71 94 0.125
71 96 0.219
72 76 0.201
72 78 0.143
72 81 0.071
72 82 0.184
72 86 0.131
72 87 0.184
72 94 0.135
72 73 0.186
72 75 0.184
72 79 0.13
72 80 0.18
72 85 0.188
72 89 0.18
72 90 0.182
72 97 0.15
72 99 0.103
73 74 0.985
73 79 0.943
73 93 0.15
73 87 0.17
73 90 0.116
73 92 0.148
73 96 0.144
73 80 0.17
73 85 0.15
73 88 0.094
73 91 0.203
73 95 0.169
73 98 0.153
73 99 0.125
74 80 0.155
74 81 0.114
74 88 0.157
74 77 0.144
74 82 0.122
74 85 0.108
74 87 0.15
74 75 0.175
74 76 0.138
74 84 0.174
74 86 0.165
74 90 0.175
74 95 0.13
74 98 0.13
74 99 0.202
75 85 0.543
75 78 0.136
75 91 0.168
75 79 0.163
75 81 0.167
75 82 0.124
75 86 0.106
75 80 0.137
75 89 0.112
75 90 0.093
75 94 0.135
75 96 0.121
76 85 0.623
76 78 0.158
76 81 0.127
76 83 0.162
76 91 0.142
76 95 0.174
76 77 0.08
76 80 0.108
76 84 0.128
76 92 0.15
76 96 0.1
76 97 0.103
77 83 0.184
77 80 0.177
77 85 0.141
77 88 0.164
77 78 0.139
77 82 0.156
77 86 0.125
77 87 0.105
77 89 0.179
77 90 0.128
77 93 0.108
77 94 0.143
77 95 0.146
77 96 0.166
78 90 0.533
78 95 0.966
78 93 0.134
78 79 0.183
78 83 0.114
78 94 0.139
78 81 0.119
78 82 0.178
78 88 0.128
78 89 0.121
78 91 0.182
78 98 0.162
78 99 0.145
79 83 0.107
79 87 0.14
79 85 0.183
79 88 0.148
79 94 0.135
79 99 0.132
79 89 0.161
79 91 0.133
79 92 0.129
79 97 0.191
80 82 0.718
80 84 1
80 99 0.95
80 90 0.153
80 85 0.155
80 87 0.151
80 89 0.105
80 92 0.168
80 94 0.154
80 95 0.156
80 97 0.132
81 83 0.175
81 84 0.15
81 88 0.13
81 86 0.153
81 87 0.123
81 89 0.154
81 95 0.179
81 98 0.167
82 96 0.836
82 93 0.101
82 83 0.122
82 84 0.094
82 85 0.21
82 87 0.156
82 94 0.126
82 88 0.191
82 89 0.153
82 90 0.176
82 92 0.119
82 97 0.211
83 86 1
83 98 0.988
83 85 0.111
83 92 0.189
83 96 0.141
83 87 0.138
83 88 0.152
83 90 0.154
83 91 0.148
83 94 0.108
83 95 0.154
83 99 0.133
84 91 0.155
84 88 0.173
84 92 0.217
84 98 0.003
84 86 0.219
84 94 0.144
85 99 1
85 97 0.109
85 94 0.199
85 91 0.127
85 95 0.187
86 88 0.669
86 94 0.244
86 89 0.15
86 90 0.115
86 92 0.112
86 95 0.155
86 96 0.162
86 98 0.129
87 93 0.119
87 91 0.165
87 96 0.182
87 99 0.162
87 88 0.094
87 94 0.165
87 97 0.203
87 98 0.146
88 92 0.942
88 93 0.726
88 95 0.877
88 97 0.941
88 99 0.237
88 90 0.166
89 99 0.095
89 94 0.16
89 98 0.114
89 92 0.152
89 97 0.079
90 97 0.962
90 98 1
90 91 0.129
90 93 0.128
90 99 0.296
90 92 0.119
90 94 0.151
90 95 0.171
90 96 0.175
91 98 0.569
91 95 0.165
91 96 0.193
91 99 0.191
91 92 0.156
91 93 0.142
91 94 0.142
92 94 0.154
92 96 0.162
92 98 0.161
92 99 0.157
92 95 0.193
93 99 0.945
93 97 0.199
93 94 0.17
93 96 0.112
94 95 0.964
94 99 0.171
94 98 0.026
94 96 0.17
94 97 0.144
95 96 0.18
95 97 0.16
95 98 0.189
96 97 1
96 98 0.153
97 99 0.996
97 98 0.177
98 99 0.138
