0 15 0.993
0 34 0.759
0 36 0.905
0 49 0.973
0 69 0.726
0 77 0.837
0 86 0.799
0 4 0.823
0 24 0.987
0 19 0.099
0 93 0.145
0 17 0.075
0 41 0.153
0 47 0.104
0 8 0.099
0 18 0.161
0 30 0.173
0 42 0.153
0 44 0.124
0 48 0.17
0 51 0.128
0 52 0.166
0 57 0.164
0 61 0.149
0 62 0.153
0 64 0.185
0 70 0.175
0 76 0.134
0 83 0.169
0 84 0.179
0 99 0.107
0 1 0.149
0 3 0.126
0 5 0.152
0 6 0.097
0 9 0.178
0 12 0.158
0 13 0.234
0 20 0.167
0 25 0.167
0 27 0.123
0 32 0.192
0 33 0.129
0 37 0.17
0 45 0.18
0 46 0.136
0 56 0.192
0 60 0.163
0 71 0.202
0 75 0.128
0 79 0.133
0 81 0.114
0 82 0.114
0 85 0.157
0 87 0.131
0 88 0.152
0 94 0.157
0 96 0.161
0 98 0.174
1 45 0.748
1 65 0.976
1 66 1
1 84 0.829
1 67 0.764
1 6 0.061
1 2 0.172
1 55 0.148
1 61 0.091
1 35 0.311
1 41 0.132
1 82 0.157
1 89 0.13
1 96 0.122
1 8 0.142
1 19 0.123
1 23 0.092
1 28 0.135
1 29 0.259
1 32 0.112
1 68 0.153
1 76 0.116
1 77 0.145
1 79 0.142
1 91 0.108
1 4 0.17
1 7 0.221
1 11 0.155
1 14 0.134
1 18 0.137
1 20 0.188
1 21 0.103
1 22 0.142
1 25 0.18
1 30 0.168
1 33 0.141
1 34 0.133
1 37 0.206
1 38 0.152
1 39 0.123
1 42 0.184
1 43 0.18
1 44 0.181
1 50 0.105
1 51 0.157
1 52 0.167
1 56 0.171
1 62 0.177
1 64 0.11
1 70 0.11
1 72 0.184
1 74 0.134
1 75 0.168
1 81 0.135
1 83 0.154
1 85 0.166
1 86 0.142
1 88 0.149
1 93 0.141
1 97 0.121
2 8 0.848
2 25 0.929
2 16 0.848
2 30 0.89
2 40 0.869
2 7 0.741
2 34 0.155
2 13 0.116
2 78 0.177
2 6 0.13
2 22 0.177
2 26 0.185
2 27 0.187
2 64 0.04
2 69 0.185
2 76 0.066
2 91 0.228
2 11 0.118
2 14 0.156
2 29 0.163
2 41 0.15
2 80 0.193
2 94 0.156
2 3 0.124
2 4 0.143
2 12 0.166
2 15 0.146
2 19 0.18
2 21 0.132
2 24 0.148
2 35 0.173
2 37 0.157
2 38 0.204
2 39 0.165
2 46 0.132
2 47 0.155
2 49 0.124
2 52 0.101
2 54 0.136
2 57 0.117
2 59 0.1
2 62 0.125
2 67 0.139
2 70 0.154
2 77 0.101
2 79 0.121
2 81 0.091
2 82 0.134
2 84 0.099
2 86 0.152
2 88 0.092
2 90 0.176
2 92 0.181
2 93 0.204
2 97 0.155
2 98 0.139
3 14 0.78
3 31 0.586
3 66 0.816
3 92 0.683
3 77 0.883
3 5 0.226
3 34 0.189
3 46 0.135
3 55 0.147
3 86 0.163
3 39 0.13
3 59 0.14
3 62 0.138
3 68 0.144
3 72 0.185
3 75 0.144
3 85 0.134
3 91 0.224
3 4 0.141
3 6 0.085
3 7 0.156
3 9 0.159
3 17 0.091
3 24 0.188
3 26 0.138
3 45 0.112
3 47 0.18
3 50 0.15
3 63 0.117
3 80 0.144
3 96 0.212
3 98 0.104
3 11 0.191
3 12 0.15
3 13 0.14
3 15 0.151
3 16 0.149
3 18 0.161
3 19 0.185
3 20 0.213
3 22 0.211
3 25 0.126
3 27 0.184
3 29 0.15
3 32 0.074
3 35 0.155
3 37 0.102
3 42 0.109
3 43 0.114
3 53 0.161
3 56 0.112
3 61 0.16
3 65 0.09
3 67 0.108
3 69 0.165
3 73 0.124
3 74 0.154
3 76 0.122
3 78 0.144
3 82 0.125
3 83 0.096
3 84 0.165
3 90 0.134
3 93 0.123
3 94 0.179
4 15 0.561
4 33 1
4 38 0.812
4 40 0.907
4 41 1
4 60 0.705
4 66 0.802
4 91 0.984
4 53 0.776
4 16 0.73
4 55 0.118
4 70 0.176
4 86 0.142
4 7 0.137
4 29 0.207
4 34 0.141
4 47 0.192
4 61 0.162
4 5 0.104
4 11 0.124
4 24 0.117
4 27 0.177
4 31 0.194
4 32 0.183
4 37 0.11
4 42 0.145
4 57 0.164
4 59 0.173
4 68 0.172
4 75 0.163
4 79 0.182
4 92 0.148
4 93 0.208
4 10 0.173
4 14 0.09
4 17 0.201
4 30 0.122
4 39 0.144
4 43 0.153
4 45 0.15
4 46 0.14
4 49 0.12
4 56 0.139
4 62 0.104
4 63 0.102
4 67 0.161
4 69 0.133
4 71 0.138
4 72 0.128
4 73 0.14
4 78 0.16
4 80 0.116
4 87 0.138
4 89 0.112
4 90 0.129
4 95 0.109
4 96 0.136
4 97 0.154
4 98 0.17
5 17 0.656
5 39 0.633
5 62 0.715
5 71 1
5 82 0.917
5 86 0.907
5 38 0.774
5 97 0.263
5 25 0.161
5 56 0.163
5 79 0.184
5 19 0.189
5 37 0.184
5 94 0.255
5 40 0.14
5 53 0.171
5 89 0.237
5 10 0.182
5 22 0.153
5 24 0.078
5 27 0.112
5 31 0.091
5 46 0.131
5 50 0.151
5 84 0.136
5 7 0.155
5 8 0.114
5 11 0.115
5 13 0.189
5 14 0.179
5 16 0.129
5 20 0.158
5 21 0.114
5 23 0.149
5 26 0.146
5 28 0.102
5 29 0.146
5 30 0.107
5 41 0.146
5 43 0.144
5 44 0.161
5 45 0.113
5 47 0.135
5 48 0.106
5 49 0.151
5 52 0.115
5 58 0.115
5 60 0.12
5 65 0.143
5 69 0.137
5 72 0.119
5 74 0.152
5 75 0.098
5 76 0.159
5 77 0.096
5 78 0.154
5 91 0.165
5 95 0.173
5 98 0.067
6 11 0.999
6 15 0.932
6 29 0.536
6 59 0.888
6 62 0.691
6 82 0.845
6 53 0.938
6 39 0.876
6 30 0.011
6 26 0.113
6 67 0.201
6 83 0.29
6 93 0.172
6 38 0.146
6 64 0.169
6 70 0.136
6 73 0.138
6 89 0.126
6 92 0.171
6 24 0.2
6 33 0.14
6 40 0.149
6 43 0.105
6 44 0.132
6 50 0.096
6 69 0.185
6 77 0.196
6 78 0.134
6 84 0.198
6 9 0.098
6 12 0.164
6 13 0.134
6 14 0.141
6 19 0.137
6 21 0.103
6 23 0.142
6 28 0.176
6 31 0.185
6 32 0.157
6 34 0.112
6 35 0.158
6 37 0.157
6 42 0.194
6 45 0.152
6 48 0.187
6 51 0.104
6 52 0.168
6 54 0.203
6 56 0.13
6 60 0.151
6 61 0.136
6 65 0.183
6 66 0.108
6 68 0.224
6 72 0.169
6 76 0.094
6 79 0.199
6 85 0.173
6 87 0.124
6 90 0.148
6 91 0.18
6 94 0.126
6 96 0.133
7 8 0.668
7 15 0.686
7 72 0.816
7 89 0.511
7 97 0.817
7 35 0.295
7 84 0.161
7 74 0.137
7 13 0.146
7 22 0.118
7 24 0.055
7 39 0.131
7 44 0.121
7 10 0.113
7 12 0.139
7 17 0.164
7 26 0.158
7 43 0.147
7 46 0.195
7 63 0.159
7 67 0.136
7 73 0.213
7 80 0.172
7 96 0.179
7 11 0.174
7 14 0.143
7 18 0.164
7 20 0.161
7 21 0.148
7 27 0.18
7 30 0.171
7 31 0.121
7 32 0.14
7 34 0.119
7 36 0.132
7 45 0.149
7 47 0.188
7 50 0.173
7 51 0.122
7 53 0.139
7 54 0.108
7 55 0.172
7 56 0.112
7 59 0.196
7 60 0.142
7 62 0.101
7 65 0.147
7 69 0.164
7 75 0.127
7 77 0.118
7 78 0.12
7 82 0.126
7 83 0.162
7 91 0.151
7 94 0.197
7 95 0.136
8 30 0.686
8 32 0.815
8 33 0.929
8 46 0.994
8 47 0.752
8 77 0.939
8 42 0.171
8 9 0.133
8 20 0.168
8 39 0.083
8 83 0.137
8 14 0.112
8 22 0.109
8 50 0.188
8 97 0.123
8 29 0.184
8 51 0.227
8 53 0.117
8 54 0.12
8 58 0.222
8 73 0.121
8 76 0.162
8 80 0.117
8 82 0.123
8 84 0.168
8 93 0.134
8 10 0.159
8 11 0.159
8 15 0.128
8 16 0.131
8 18 0.202
8 21 0.102
8 24 0.171
8 34 0.163
8 35 0.155
8 43 0.151
8 45 0.173
8 55 0.097
8 57 0.194
8 59 0.157
8 61 0.157
8 65 0.148
8 67 0.169
8 71 0.165
8 75 0.143
8 79 0.137
8 81 0.158
8 86 0.166
8 88 0.139
8 92 0.171
8 94 0.201
8 95 0.113
8 96 0.179
9 14 0.899
9 41 1
9 61 0.939
9 66 0.816
9 70 0.886
9 76 0.998
9 80 0.961
9 29 0.155
9 90 0.162
9 36 0.104
9 39 0.159
9 52 0.165
9 82 0.165
9 88 0.174
9 15 0.003
9 18 0.207
9 20 0.196
9 37 0.15
9 43 0.127
9 51 0.147
9 71 0.098
9 75 0.18
9 77 0.198
9 83 0.244
9 11 0.123
9 12 0.115
9 17 0.15
9 19 0.137
9 25 0.162
9 27 0.109
9 28 0.122
9 31 0.154
9 32 0.165
9 42 0.208
9 46 0.133
9 47 0.16
9 50 0.116
9 54 0.156
9 58 0.139
9 59 0.145
9 62 0.142
9 63 0.14
9 64 0.162
9 67 0.144
9 69 0.14
9 72 0.123
9 74 0.155
9 79 0.15
9 85 0.188
9 89 0.156
9 91 0.122
9 92 0.14
9 93 0.165
9 94 0.095
9 96 0.172
9 99 0.118
10 20 0.609
10 42 0.903
10 61 0.617
10 22 1
10 16 0.878
10 50 0.196
10 38 0.1
10 62 0.181
10 92 0.15
10 19 0.139
10 52 0.108
10 59 0.109
10 83 0.144
10 91 0.15
10 97 0.155
10 98 0.151
10 11 0.179
10 12 0.133
10 13 0.151
10 23 0.203
10 25 0.112
10 26 0.155
10 27 0.091
10 29 0.138
10 30 0.157
10 35 0.183
10 40 0.081
10 41 0.11
10 44 0.177
10 48 0.158
10 51 0.118
10 53 0.156
10 55 0.172
10 57 0.145
10 58 0.161
10 60 0.109
10 63 0.148
10 66 0.146
10 67 0.156
10 68 0.151
10 69 0.144
10 74 0.199
10 75 0.17
10 78 0.182
10 79 0.157
10 84 0.133
10 89 0.142
11 18 0.707
11 25 0.9
11 36 0.686
11 85 0.892
11 93 0.718
11 27 1
11 95 1
11 55 0.195
11 23 0.141
11 58 0.199
11 73 0.123
11 97 0.151
11 31 0.126
11 34 0.165
11 54 0.148
11 79 0.149
11 91 0.09
11 99 0.159
11 12 0.117
11 22 0.12
11 35 0.207
11 47 0.115
11 51 0.173
11 57 0.15
11 69 0.163
11 70 0.194
11 13 0.162
11 16 0.135
11 19 0.137
11 26 0.137
11 32 0.192
11 33 0.154
11 39 0.178
11 41 0.09
11 42 0.101
11 45 0.153
11 46 0.124
11 48 0.19
11 49 0.137
11 50 0.177
11 52 0.138
11 56 0.153
11 60 0.096
11 61 0.135
11 64 0.212
11 66 0.13
11 67 0.17
11 74 0.188
11 75 0.129
11 77 0.129
11 78 0.162
11 80 0.192
11 81 0.139
11 83 0.108
11 84 0.158
11 87 0.19
11 92 0.123
11 94 0.111
11 96 0.151
12 29 1
12 33 0.964
12 45 0.904
12 48 0.571
12 56 0.734
12 64 0.779
12 22 0.141
12 16 0.12
12 40 0.157
12 97 0.125
12 14 0.145
12 18 0.133
12 32 0.126
12 38 0.171
12 59 0.146
12 84 0.132
12 95 0.169
12 98 0.15
12 15 0.105
12 20 0.117
12 21 0.153
12 46 0.136
12 63 0.117
12 68 0.189
12 71 0.169
12 85 0.151
12 19 0.197
12 25 0.203
12 27 0.187
12 28 0.174
12 30 0.109
12 35 0.128
12 37 0.19
12 42 0.159
12 43 0.163
12 49 0.101
12 51 0.14
12 53 0.163
12 54 0.132
12 55 0.135
12 58 0.177
12 67 0.127
12 70 0.194
12 72 0.105
12 78 0.165
12 80 0.159
12 81 0.148
12 82 0.152
12 83 0.157
12 86 0.093
12 88 0.197
12 89 0.176
12 93 0.17
12 96 0.164
12 99 0.215
13 48 0.841
13 91 0.779
13 95 0.792
13 64 0.905
13 65 0.76
13 56 0.961
13 18 0.772
13 52 0.116
13 75 0.04
13 53 0.138
13 96 0.19
13 14 0.174
13 21 0.149
13 25 0.095
13 26 0.103
13 60 0.154
13 63 0.15
13 67 0.138
13 70 0.153
13 71 0.181
13 80 0.096
13 94 0.193
13 17 0.159
13 28 0.182
13 31 0.213
13 32 0.178
13 68 0.148
13 69 0.113
13 83 0.099
13 20 0.186
13 22 0.132
13 34 0.218
13 38 0.147
13 40 0.155
13 43 0.166
13 45 0.17
13 47 0.149
13 49 0.161
13 50 0.133
13 54 0.145
13 57 0.132
13 73 0.162
13 77 0.21
13 78 0.196
13 79 0.234
13 85 0.18
13 86 0.14
13 87 0.132
13 90 0.213
13 99 0.131
14 17 0.587
14 68 1
14 78 0.936
14 93 0.957
14 96 0.527
14 97 0.201
14 18 0.123
14 65 0.07
14 16 0.129
14 77 0.173
14 88 0.157
14 91 0.112
14 23 0.131
14 27 0.143
14 46 0.194
14 50 0.14
14 51 0.149
14 62 0.114
14 80 0.056
14 89 0.153
14 15 0.182
14 19 0.154
14 20 0.168
14 21 0.148
14 22 0.173
14 24 0.135
14 25 0.215
14 26 0.153
14 33 0.128
14 34 0.197
14 39 0.099
14 44 0.159
14 47 0.166
14 52 0.166
14 54 0.148
14 56 0.107
14 60 0.139
14 67 0.157
14 70 0.209
14 72 0.125
14 73 0.18
14 76 0.145
14 79 0.143
14 86 0.132
14 87 0.173
14 90 0.152
14 92 0.153
14 99 0.163
15 39 0.796
15 97 0.786
15 24 0.624
15 51 0.12
15 36 0.025
15 42 0.198
15 58 0.27
15 46 0.129
15 66 0.169
15 90 0.145
15 93 0.134
15 22 0.181
15 26 0.126
15 28 0.151
15 34 0.191
15 43 0.175
15 53 0.207
15 56 0.161
15 61 0.239
15 65 0.186
15 67 0.21
15 72 0.141
15 75 0.129
15 76 0.114
15 82 0.081
15 83 0.19
15 86 0.2
15 95 0.175
15 16 0.184
15 17 0.175
15 18 0.112
15 19 0.179
15 20 0.153
15 21 0.16
15 37 0.166
15 40 0.16
15 44 0.09
15 45 0.179
15 47 0.177
15 50 0.119
15 52 0.08
15 55 0.172
15 60 0.198
15 62 0.162
15 64 0.165
15 69 0.135
15 74 0.176
15 77 0.201
15 78 0.128
15 79 0.179
15 81 0.196
15 84 0.146
15 88 0.16
15 94 0.145
15 98 0.136
15 99 0.126
16 36 0.553
16 65 1
16 49 0.862
16 67 0.219
16 90 0.201
16 83 0.213
16 27 0.192
16 24 0.133
16 26 0.172
16 60 0.15
16 79 0.179
16 21 0.169
16 22 0.198
16 38 0.178
16 40 0.16
16 42 0.151
16 51 0.167
16 55 0.192
16 66 0.127
16 74 0.127
16 91 0.152
16 17 0.136
16 18 0.136
16 23 0.145
16 28 0.1
16 29 0.218
16 30 0.157
16 34 0.164
16 35 0.144
16 44 0.131
16 46 0.216
16 47 0.151
16 52 0.132
16 54 0.129
16 57 0.121
16 58 0.15
16 63 0.109
16 68 0.137
16 69 0.143
16 72 0.141
16 73 0.136
16 76 0.165
16 78 0.171
16 84 0.15
16 85 0.206
16 86 0.15
16 87 0.23
16 92 0.135
16 93 0.153
16 96 0.15
16 99 0.155
17 24 0.908
17 91 1
17 98 0.586
17 29 0.776
17 46 0.763
17 96 0.133
17 36 0.136
17 44 0.08
17 49 0.115
17 25 0.153
17 32 0.199
17 47 0.118
17 50 0.187
17 72 0.137
17 43 0.182
17 48 0.177
17 52 0.059
17 58 0.164
17 59 0.144
17 67 0.111
17 69 0.107
17 76 0.165
17 78 0.173
17 18 0.135
17 19 0.148
17 20 0.166
17 23 0.174
17 27 0.138
17 30 0.2
17 31 0.168
17 38 0.198
17 42 0.133
17 53 0.163
17 55 0.148
17 56 0.152
17 57 0.16
17 60 0.113
17 61 0.205
17 62 0.143
17 63 0.15
17 64 0.152
17 68 0.135
17 71 0.101
17 73 0.163
17 75 0.212
17 80 0.118
17 81 0.15
17 82 0.114
17 83 0.171
17 85 0.152
17 87 0.132
17 88 0.14
17 89 0.148
17 90 0.143
17 92 0.113
17 94 0.117
17 97 0.168
17 99 0.088
18 30 0.917
18 34 0.93
18 80 0.713
18 81 0.929
18 26 1
18 25 0.79
18 56 0.106
18 73 0.112
18 83 0.172
18 35 0.151
18 53 0.131
18 64 0.134
18 84 0.152
18 91 0.199
18 21 0.156
18 33 0.162
18 37 0.153
18 46 0.142
18 51 0.145
18 60 0.168
18 61 0.198
18 72 0.129
18 74 0.091
18 76 0.185
18 77 0.164
18 96 0.13
18 20 0.214
18 22 0.173
18 24 0.171
18 29 0.077
18 31 0.175
18 32 0.136
18 36 0.192
18 38 0.151
18 40 0.127
18 42 0.169
18 43 0.134
18 44 0.119
18 45 0.127
18 49 0.237
18 63 0.16
18 66 0.114
18 68 0.173
18 69 0.139
18 71 0.158
18 75 0.18
18 78 0.162
18 86 0.129
18 87 0.158
18 90 0.13
18 97 0.164
18 99 0.141
19 62 0.848
19 69 0.911
19 93 0.96
19 98 0.905
19 87 0.151
19 85 0.217
19 97 0.155
19 25 0.189
19 27 0.137
19 29 0.168
19 71 0.131
19 80 0.191
19 88 0.208
19 91 0.144
19 24 0.155
19 28 0.162
19 37 0.18
19 38 0.182
19 44 0.15
19 45 0.149
19 50 0.188
19 52 0.114
19 95 0.147
19 21 0.145
19 22 0.18
19 26 0.132
19 30 0.17
19 31 0.175
19 35 0.13
19 48 0.136
19 49 0.206
19 51 0.149
19 53 0.145
19 54 0.12
19 56 0.147
19 57 0.151
19 61 0.117
19 65 0.157
19 66 0.149
19 72 0.125
19 73 0.149
19 74 0.152
19 77 0.168
19 78 0.137
19 81 0.08
19 84 0.114
19 89 0.193
19 92 0.159
19 94 0.147
20 25 0.614
20 44 0.694
20 69 0.839
20 74 0.868
20 90 0.983
20 32 1
20 78 0.775
20 22 0.226
20 29 0.239
20 45 0.061
20 36 0.119
20 98 0.123
20 21 0.136
20 26 0.185
20 30 0.137
20 31 0.174
20 37 0.145
20 38 0.145
20 39 0.097
20 60 0.139
20 62 0.128
20 67 0.13
20 81 0.171
20 84 0.222
20 88 0.106
20 95 0.15
20 97 0.167
20 23 0.183
20 24 0.199
20 28 0.152
20 33 0.176
20 41 0.132
20 42 0.193
20 43 0.209
20 47 0.173
20 48 0.156
20 49 0.168
20 52 0.208
20 53 0.184
20 56 0.208
20 57 0.097
20 61 0.159
20 64 0.122
20 65 0.164
20 68 0.126
20 70 0.177
20 72 0.144
20 76 0.197
20 79 0.147
20 82 0.134
20 85 0.169
20 87 0.1
20 91 0.139
20 96 0.124
20 99 0.14
21 87 0.908
21 97 0.913
21 98 0.957
21 78 0.931
21 84 0.656
21 73 0.139
21 68 0.09
21 75 0.179
21 81 0.037
21 51 0.097
21 91 0.105
21 22 0.148
21 26 0.14
21 27 0.173
21 28 0.159
21 36 0.161
21 38 0.155
21 39 0.136
21 40 0.162
21 44 0.143
21 57 0.128
21 65 0.131
21 74 0.195
21 77 0.166
21 95 0.086
21 25 0.144
21 29 0.135
21 30 0.163
21 34 0.16
21 43 0.108
21 45 0.093
21 47 0.158
21 48 0.165
21 49 0.124
21 50 0.104
21 56 0.156
21 58 0.111
21 59 0.149
21 60 0.154
21 61 0.162
21 66 0.18
21 69 0.166
21 70 0.18
21 71 0.134
21 79 0.15
21 82 0.14
21 83 0.188
21 90 0.154
21 92 0.129
21 94 0.116
21 99 0.104
22 33 0.682
22 41 0.94
22 66 0.648
22 92 0.958
22 60 0.698
22 65 0.999
22 74 0.171
22 72 0.039
22 78 0.145
22 23 0.139
22 25 0.157
22 46 0.122
22 49 0.133
22 50 0.11
22 55 0.145
22 59 0.176
22 81 0.207
22 28 0.181
22 37 0.097
22 68 0.176
22 69 0.16
22 76 0.14
22 90 0.105
22 94 0.136
22 97 0.18
22 26 0.205
22 31 0.153
22 34 0.163
22 35 0.155
22 36 0.209
22 38 0.177
22 42 0.175
22 44 0.18
22 51 0.176
22 52 0.133
22 56 0.169
22 57 0.162
22 58 0.134
22 61 0.176
22 67 0.163
22 77 0.123
22 79 0.137
22 80 0.157
22 82 0.168
22 83 0.129
22 87 0.207
22 89 0.154
22 91 0.152
22 95 0.119
22 98 0.211
23 25 1
23 27 0.764
23 33 0.64
23 59 0.921
23 95 0.878
23 41 0.681
23 71 0.127
23 54 0.155
23 55 0.143
23 40 0.134
23 69 0.131
23 92 0.19
23 42 0.23
23 52 0.047
23 65 0.131
23 73 0.099
23 82 0.212
23 96 0.207
23 99 0.125
23 26 0.085
23 28 0.124
23 29 0.184
23 31 0.13
23 32 0.117
23 34 0.129
23 35 0.146
23 36 0.131
23 39 0.168
23 46 0.135
23 48 0.166
23 50 0.138
23 51 0.103
23 57 0.16
23 58 0.142
23 64 0.121
23 70 0.123
23 77 0.156
23 78 0.13
23 79 0.132
23 81 0.173
23 83 0.171
23 86 0.156
23 91 0.131
23 93 0.168
23 97 0.161
23 98 0.121
24 45 0.62
24 49 0.96
24 72 0.974
24 86 0.721
24 69 0.593
24 59 0.141
24 63 0.154
24 85 0.073
24 90 0.176
24 42 0.189
24 87 0.124
24 53 0.143
24 61 0.199
24 64 0.142
24 66 0.151
24 68 0.17
24 71 0.163
24 77 0.121
24 79 0.134
24 98 0.161
24 28 0.149
24 32 0.185
24 33 0.165
24 36 0.146
24 38 0.155
24 40 0.177
24 47 0.191
24 50 0.123
24 56 0.207
24 67 0.156
24 70 0.175
24 76 0.132
24 80 0.16
24 82 0.182
24 88 0.127
24 92 0.214
24 95 0.15
25 70 0.972
25 82 0.76
25 85 0.845
25 98 0.912
25 62 0.105
25 99 0.145
25 54 0.159
25 26 0.112
25 31 0.135
25 38 0.14
25 57 0.164
25 67 0.138
25 74 0.13
25 91 0.158
25 94 0.138
25 27 0.169
25 28 0.123
25 35 0.135
25 39 0.181
25 40 0.148
25 41 0.203
25 43 0.144
25 44 0.16
25 45 0.146
25 48 0.171
25 50 0.139
25 51 0.15
25 55 0.172
25 56 0.153
25 58 0.206
25 61 0.148
25 64 0.072
25 65 0.137
25 68 0.2
25 69 0.086
25 77 0.187
25 78 0.116
25 79 0.133
25 80 0.176
25 83 0.147
25 84 0.099
25 87 0.152
25 96 0.142
26 54 0.927
26 84 0.779
26 71 0.66
26 38 0.137
26 42 0.11
26 59 0.115
26 99 0.006
26 33 0.185
26 37 0.131
26 69 0.181
26 75 0.127
26 76 0.114
26 81 0.152
26 85 0.15
26 31 0.133
26 56 0.159
26 65 0.111
26 77 0.143
26 87 0.154
26 92 0.13
26 27 0.152
26 28 0.167
26 29 0.173
26 34 0.172
26 35 0.179
26 39 0.119
26 41 0.116
26 43 0.22
26 45 0.233
26 46 0.194
26 47 0.108
26 48 0.177
26 49 0.155
26 50 0.142
26 52 0.159
26 53 0.141
26 55 0.168
26 58 0.141
26 72 0.169
26 73 0.146
26 74 0.144
26 78 0.153
26 79 0.154
26 80 0.172
26 82 0.142
26 88 0.141
26 90 0.137
26 91 0.14
26 95 0.152
27 32 0.82
27 57 0.938
27 59 0.991
27 69 1
27 76 0.742
27 94 0.641
27 97 0.784
27 83 0.161
27 68 0.075
27 34 0.153
27 98 0.138
27 45 0.186
27 55 0.128
27 65 0.16
27 91 0.144
27 92 0.137
27 93 0.169
27 30 0.142
27 31 0.133
27 38 0.162
27 40 0.132
27 41 0.117
27 42 0.149
27 46 0.129
27 48 0.12
27 58 0.169
27 61 0.144
27 64 0.16
27 66 0.137
27 70 0.167
27 71 0.208
27 75 0.178
27 77 0.103
27 78 0.11
27 79 0.19
27 81 0.118
27 86 0.182
27 87 0.097
27 89 0.124
27 90 0.131
27 96 0.122
28 51 0.903
28 55 0.905
28 72 0.586
28 73 0.672
28 83 0.724
28 85 0.854
28 96 0.716
28 70 0.658
28 97 0.988
28 46 0.146
28 61 0.107
28 41 0.112
28 39 0.125
28 44 0.176
28 45 0.178
28 57 0.157
28 69 0.141
28 76 0.177
28 29 0.201
28 30 0.143
28 31 0.132
28 33 0.15
28 34 0.16
28 35 0.157
28 37 0.102
28 38 0.14
28 42 0.092
28 43 0.156
28 49 0.132
28 50 0.152
28 52 0.129
28 53 0.083
28 54 0.162
28 60 0.155
28 68 0.146
28 71 0.105
28 74 0.162
28 77 0.144
28 78 0.161
28 79 0.153
28 80 0.164
28 81 0.161
28 82 0.128
28 86 0.149
28 87 0.214
28 88 0.173
28 90 0.106
28 93 0.19
28 94 0.148
28 95 0.17
29 37 1
29 53 0.834
29 64 1
29 79 0.949
29 97 0.87
29 85 0.517
29 38 0.801
29 67 0.177
29 92 0.096
29 51 0.238
29 75 0.12
29 94 0.178
29 99 0.223
29 83 0.139
29 90 0.164
29 31 0.169
29 35 0.137
29 42 0.146
29 44 0.141
29 46 0.107
29 57 0.063
29 66 0.129
29 69 0.172
29 30 0.166
29 32 0.13
29 33 0.19
29 39 0.129
29 45 0.128
29 47 0.108
29 49 0.147
29 54 0.12
29 55 0.21
29 59 0.073
29 60 0.201
29 61 0.198
29 63 0.135
29 65 0.154
29 68 0.121
29 72 0.118
29 74 0.186
29 76 0.158
29 84 0.157
29 86 0.128
29 89 0.176
29 91 0.118
29 93 0.078
29 96 0.104
30 35 0.981
30 56 0.95
30 98 1
30 87 0.882
30 37 0.112
30 46 0.165
30 36 0.062
30 45 0.136
30 48 0.086
30 54 0.102
30 59 0.142
30 63 0.148
30 68 0.217
30 71 0.156
30 77 0.175
30 81 0.112
30 90 0.157
30 92 0.162
30 93 0.149
30 94 0.155
30 97 0.148
30 31 0.194
30 34 0.108
30 39 0.127
30 41 0.178
30 42 0.158
30 44 0.123
30 50 0.175
30 52 0.103
30 53 0.172
30 55 0.125
30 58 0.151
30 62 0.159
30 67 0.113
30 69 0.17
30 70 0.159
30 73 0.135
30 75 0.127
30 76 0.172
30 80 0.211
30 83 0.096
30 89 0.129
30 96 0.186
30 99 0.17
31 43 0.885
31 85 0.845
31 86 0.941
31 98 0.933
31 32 0.717
31 51 0.165
31 39 0.133
31 69 0.112
31 76 0.188
31 48 0.157
31 59 0.135
31 60 0.199
31 72 0.17
31 74 0.11
31 97 0.178
31 37 0.158
31 40 0.184
31 66 0.154
31 73 0.133
31 78 0.164
31 82 0.141
31 84 0.125
31 89 0.123
31 33 0.16
31 38 0.128
31 44 0.178
31 50 0.143
31 54 0.121
31 58 0.142
31 63 0.139
31 64 0.105
31 68 0.154
31 80 0.146
31 81 0.108
31 87 0.206
31 91 0.176
31 92 0.162
31 96 0.151
31 99 0.16
32 46 0.12
32 54 0.132
32 77 0.126
32 80 0.15
32 93 0.133
32 40 0.104
32 63 0.161
32 70 0.158
32 82 0.081
32 35 0.093
32 52 0.122
32 57 0.151
32 60 0.16
32 68 0.139
32 69 0.142
32 72 0.143
32 86 0.17
32 98 0.132
32 34 0.177
32 37 0.126
32 39 0.177
32 42 0.166
32 45 0.131
32 49 0.171
32 50 0.134
32 51 0.167
32 53 0.161
32 58 0.139
32 59 0.145
32 61 0.066
32 64 0.168
32 65 0.161
32 67 0.155
32 71 0.185
32 73 0.202
32 75 0.171
32 83 0.178
32 89 0.176
32 90 0.131
32 92 0.11
32 97 0.17
33 42 0.627
33 45 0.934
33 51 0.14
33 55 0.143
33 87 0.16
33 89 0.147
33 53 0.146
33 63 0.162
33 64 0.205
33 66 0.178
33 70 0.215
33 80 0.177
33 86 0.132
33 95 0.143
33 34 0.181
33 41 0.108
33 44 0.179
33 47 0.139
33 48 0.159
33 49 0.172
33 52 0.159
33 54 0.198
33 57 0.183
33 58 0.179
33 69 0.155
33 71 0.126
33 74 0.129
33 75 0.142
33 76 0.126
33 77 0.13
33 81 0.145
33 82 0.147
33 85 0.132
33 90 0.149
33 92 0.155
33 93 0.14
33 96 0.148
33 97 0.175
34 48 0.997
34 83 1
34 98 0.514
34 96 0.167
34 51 0.128
34 67 0.151
34 36 0.216
34 39 0.153
34 45 0.172
34 55 0.123
34 57 0.14
34 62 0.281
34 63 0.144
34 76 0.157
34 79 0.161
34 89 0.103
34 94 0.166
34 38 0.149
34 42 0.183
34 43 0.118
34 49 0.159
34 52 0.132
34 54 0.159
34 56 0.15
34 59 0.249
34 61 0.17
34 64 0.171
34 65 0.18
34 66 0.173
34 71 0.127
34 72 0.202
34 74 0.203
34 75 0.143
34 80 0.167
34 82 0.174
34 86 0.177
34 91 0.127
34 92 0.179
34 95 0.233
34 97 0.124
34 99 0.179
35 37 0.663
35 47 1
35 63 0.815
35 88 0.747
35 96 0.92
35 51 0.146
35 62 0.08
35 65 0.161
35 94 0.187
35 41 0.196
35 52 0.118
35 58 0.178
35 60 0.165
35 64 0.145
35 67 0.137
35 68 0.124
35 69 0.092
35 75 0.13
35 76 0.163
35 87 0.178
35 97 0.105
35 98 0.195
35 40 0.15
35 42 0.209
35 43 0.176
35 45 0.09
35 49 0.163
35 50 0.158
35 55 0.166
35 56 0.163
35 57 0.155
35 70 0.171
35 71 0.132
35 72 0.136
35 73 0.159
35 77 0.125
35 79 0.169
35 80 0.136
35 83 0.13
35 85 0.176
35 92 0.119
35 93 0.162
35 99 0.104
36 42 0.89
36 55 0.98
36 57 0.983
36 63 0.638
36 39 0.83
36 81 0.113
36 59 0.187
36 38 0.17
36 47 0.138
36 64 0.19
36 74 0.155
36 82 0.126
36 37 0.163
36 43 0.144
36 49 0.182
36 51 0.143
36 62 0.091
36 72 0.155
36 92 0.111
36 96 0.132
36 98 0.125
36 48 0.175
36 54 0.124
36 56 0.102
36 60 0.145
36 61 0.179
36 65 0.16
36 66 0.165
36 68 0.138
36 71 0.126
36 75 0.157
36 76 0.197
36 78 0.192
36 80 0.164
36 85 0.205
36 86 0.135
36 89 0.092
36 90 0.134
36 91 0.115
36 93 0.168
36 95 0.178
37 41 0.943
37 92 0.945
37 73 0.169
37 45 0.121
37 82 0.14
37 86 0.142
37 52 0.187
37 98 0.121
37 68 0.18
37 70 0.13
37 85 0.112
37 96 0.148
37 97 0.177
37 38 0.133
37 39 0.145
37 43 0.143
37 50 0.112
37 53 0.109
37 55 0.123
37 58 0.152
37 59 0.17
37 60 0.14
37 63 0.134
37 64 0.201
37 66 0.098
37 67 0.153
37 72 0.158
37 74 0.178
37 75 0.153
37 76 0.215
37 83 0.149
37 84 0.139
37 89 0.119
37 90 0.228
37 93 0.205
37 94 0.182
37 95 0.165
37 99 0.175
38 75 0.631
38 78 0.763
38 80 0.883
38 82 1
38 73 0.154
38 62 0.163
38 66 0.14
38 74 0.185
38 89 0.192
38 50 0.111
38 56 0.099
38 41 0.146
38 47 0.153
38 48 0.161
38 51 0.142
38 53 0.155
38 55 0.144
38 57 0.108
38 60 0.174
38 61 0.171
38 67 0.175
38 68 0.15
38 71 0.162
38 72 0.141
38 76 0.132
38 79 0.163
38 81 0.22
38 83 0.185
38 84 0.085
38 86 0.162
38 87 0.191
38 88 0.169
38 90 0.204
38 94 0.137
38 96 0.14
38 98 0.169
39 63 0.66
39 66 0.744
39 84 0.838
39 85 0.867
39 73 0.8
39 59 0.197
39 45 0.153
39 48 0.127
39 93 0.177
39 60 0.17
39 96 0.124
39 57 0.205
39 61 0.185
39 65 0.161
39 74 0.171
39 76 0.163
39 80 0.126
39 86 0.191
39 95 0.204
39 99 0.141
39 40 0.18
39 41 0.156
39 42 0.162
39 43 0.151
39 46 0.13
39 47 0.11
39 49 0.208
39 51 0.121
39 55 0.184
39 62 0.137
39 64 0.179
39 69 0.136
39 78 0.203
39 79 0.134
39 82 0.187
39 83 0.2
39 87 0.136
39 88 0.118
39 91 0.124
39 92 0.166
39 98 0.109
40 41 0.969
40 61 1
40 76 0.733
40 90 0.869
40 78 0.598
40 85 0.851
40 62 0.138
40 81 0.155
40 67 0.116
40 77 0.139
40 86 0.167
40 52 0.116
40 94 0.029
40 49 0.164
40 72 0.186
40 82 0.142
40 84 0.128
40 89 0.182
40 97 0.132
40 98 0.189
40 99 0.136
40 45 0.147
40 46 0.152
40 50 0.144
40 54 0.142
40 56 0.158
40 58 0.162
40 59 0.137
40 64 0.136
40 70 0.162
40 73 0.12
40 75 0.147
40 83 0.159
40 87 0.143
40 93 0.164
40 96 0.185
41 63 0.586
41 75 1
41 45 1
41 49 0.927
41 84 0.52
41 61 0.171
41 69 0.115
41 57 0.082
41 66 0.108
41 44 0.213
41 53 0.167
41 55 0.193
41 58 0.137
41 62 0.128
41 65 0.158
41 72 0.146
41 79 0.118
41 80 0.138
41 83 0.187
41 87 0.131
41 95 0.145
41 96 0.187
41 43 0.135
41 48 0.164
41 56 0.165
41 59 0.162
41 60 0.159
41 64 0.122
41 67 0.127
41 70 0.105
41 77 0.17
41 82 0.178
41 85 0.101
41 86 0.141
41 88 0.128
41 89 0.141
41 90 0.111
41 92 0.174
41 93 0.077
42 43 0.725
42 79 0.649
42 83 0.856
42 87 0.891
42 94 0.863
42 98 0.887
42 84 0.155
42 55 0.109
42 76 0.136
42 82 0.076
42 85 0.128
42 52 0.139
42 53 0.136
42 54 0.208
42 63 0.197
42 67 0.216
42 68 0.133
42 71 0.13
42 80 0.114
42 88 0.115
42 92 0.131
42 44 0.131
42 45 0.188
42 48 0.154
42 49 0.152
42 50 0.142
42 58 0.228
42 62 0.166
42 64 0.12
42 72 0.157
42 77 0.126
42 81 0.124
42 86 0.121
42 89 0.102
42 90 0.121
42 91 0.147
42 93 0.192
42 95 0.12
42 96 0.093
42 97 0.118
42 99 0.116
43 45 0.899
43 93 0.927
43 88 0.857
43 71 0.178
43 72 0.137
43 95 0.104
43 57 0.154
43 76 0.124
43 47 0.17
43 51 0.142
43 52 0.182
43 54 0.153
43 55 0.139
43 62 0.185
43 82 0.088
43 85 0.159
43 89 0.153
43 94 0.108
43 44 0.164
43 48 0.123
43 49 0.123
43 56 0.118
43 58 0.131
43 59 0.118
43 61 0.178
43 63 0.134
43 66 0.195
43 67 0.164
43 69 0.188
43 74 0.125
43 75 0.125
43 79 0.165
43 81 0.135
43 84 0.152
43 86 0.135
43 87 0.179
43 92 0.132
43 97 0.119
43 98 0.148
43 99 0.202
44 64 0.842
44 95 0.911
44 74 0.054
44 85 0.15
44 47 0.221
44 52 0.15
44 51 0.185
44 53 0.099
44 61 0.132
44 68 0.131
44 72 0.151
44 78 0.138
44 83 0.162
44 87 0.184
44 89 0.183
44 97 0.168
44 45 0.146
44 46 0.17
44 48 0.177
44 57 0.156
44 58 0.181
44 60 0.146
44 62 0.138
44 65 0.18
44 70 0.174
44 73 0.16
44 75 0.202
44 77 0.129
44 90 0.125
44 92 0.115
44 99 0.112
45 58 0.827
45 75 0.838
45 97 0.84
45 47 0.154
45 50 0.131
45 76 0.193
45 51 0.154
45 56 0.148
45 65 0.177
45 52 0.155
45 53 0.207
45 61 0.107
45 62 0.146
45 79 0.155
45 81 0.151
45 46 0.17
45 48 0.124
45 49 0.178
45 54 0.1
45 55 0.213
45 63 0.145
45 64 0.171
45 67 0.157
45 70 0.211
45 71 0.185
45 72 0.174
45 74 0.157
45 77 0.166
45 83 0.162
45 84 0.115
45 85 0.121
45 86 0.116
45 92 0.152
45 96 0.092
45 98 0.196
46 49 0.934
46 56 0.763
46 68 0.982
46 75 0.664
46 84 0.768
46 76 0.135
46 47 0.107
46 66 0.16
46 69 0.113
46 70 0.053
46 71 0.147
46 86 0.146
46 48 0.185
46 59 0.213
46 60 0.128
46 61 0.175
46 62 0.164
46 65 0.141
46 77 0.137
46 78 0.19
46 80 0.172
46 85 0.125
46 88 0.095
46 90 0.163
46 95 0.131
46 98 0.157
47 49 0.755
47 89 0.612
47 70 0.158
47 94 0.145
47 64 0.11
47 69 0.154
47 77 0.073
47 90 0.114
47 52 0.162
47 58 0.151
47 82 0.119
47 84 0.164
47 96 0.147
47 99 0.33
47 48 0.144
47 50 0.176
47 57 0.137
47 61 0.182
47 66 0.16
47 68 0.169
47 75 0.132
47 76 0.127
47 80 0.128
47 81 0.159
47 83 0.117
47 85 0.158
47 87 0.161
47 91 0.135
47 93 0.154
47 95 0.152
47 97 0.117
48 52 0.657
48 55 0.954
48 79 0.879
48 59 0.155
48 61 0.161
48 64 0.205
48 72 0.099
48 91 0.218
48 93 0.196
48 60 0.159
48 66 0.125
48 67 0.181
48 73 0.144
48 77 0.161
48 82 0.169
48 83 0.166
48 86 0.116
48 88 0.168
48 89 0.147
48 95 0.135
48 96 0.167
49 59 0.793
49 85 0.992
49 93 0.836
49 62 0.144
49 97 0.156
49 54 0.192
49 50 0.172
49 67 0.118
49 68 0.102
49 86 0.109
49 90 0.214
49 96 0.115
49 52 0.156
49 53 0.154
49 55 0.106
49 56 0.121
49 71 0.155
49 76 0.167
49 77 0.149
49 78 0.174
49 79 0.111
49 92 0.137
49 94 0.146
49 95 0.223
50 66 0.846
50 87 0.943
50 93 0.541
50 57 0.171
50 78 0.143
50 62 0.087
50 67 0.195
50 69 0.133
50 54 0.142
50 63 0.124
50 70 0.154
50 83 0.074
50 84 0.15
50 85 0.168
50 88 0.114
50 94 0.121
50 96 0.151
50 51 0.199
50 53 0.154
50 55 0.147
50 56 0.19
50 58 0.198
50 59 0.186
50 60 0.179
50 64 0.138
50 68 0.146
50 72 0.13
50 73 0.128
50 76 0.153
50 77 0.143
50 81 0.152
50 89 0.187
50 90 0.125
50 91 0.108
50 97 0.135
50 98 0.176
50 99 0.136
51 82 1
51 56 0.252
51 71 0.139
51 57 0.161
51 62 0.161
51 63 0.144
51 70 0.155
51 78 0.12
51 87 0.156
51 89 0.132
51 90 0.172
51 92 0.113
51 95 0.186
51 99 0.161
51 52 0.121
51 53 0.136
51 55 0.136
51 60 0.157
51 64 0.132
51 66 0.174
51 67 0.153
51 68 0.148
51 69 0.217
51 72 0.195
51 74 0.154
51 75 0.128
51 77 0.156
51 79 0.108
51 81 0.169
51 83 0.158
51 98 0.12
52 55 0.684
52 56 0.962
52 71 0.781
52 76 0.834
52 95 0.803
52 70 0.955
52 80 0.884
52 69 0.125
52 63 0.113
52 83 0.121
52 54 0.157
52 57 0.125
52 58 0.154
52 62 0.118
52 64 0.17
52 74 0.119
52 75 0.176
52 78 0.135
52 84 0.176
52 86 0.197
52 97 0.186
52 98 0.19
52 61 0.111
52 66 0.159
52 67 0.221
52 68 0.157
52 72 0.199
52 73 0.166
52 77 0.185
52 79 0.125
52 81 0.131
52 82 0.175
52 85 0.184
52 87 0.159
52 89 0.157
52 90 0.143
52 92 0.097
52 93 0.151
52 99 0.198
53 59 0.957
53 60 0.641
53 64 0.564
53 65 0.952
53 78 1
53 97 1
53 91 0.868
53 73 0.14
53 99 0.141
53 94 0.127
53 95 0.226
53 67 0.07
53 71 0.16
53 79 0.124
53 88 0.207
53 98 0.202
53 55 0.149
53 56 0.15
53 58 0.16
53 62 0.09
53 66 0.14
53 68 0.173
53 69 0.117
53 70 0.107
53 75 0.186
53 80 0.124
53 81 0.178
53 85 0.132
53 86 0.129
53 92 0.159
53 93 0.132
53 96 0.127
54 62 0.179
54 68 0.158
54 69 0.142
54 74 0.112
54 90 0.182
54 93 0.198
54 56 0.114
54 64 0.107
54 65 0.122
54 66 0.199
54 70 0.136
54 71 0.18
54 73 0.106
54 75 0.157
54 76 0.188
54 80 0.168
54 81 0.184
54 82 0.136
54 83 0.18
54 85 0.144
54 88 0.108
54 91 0.165
54 95 0.147
54 99 0.16
55 63 0.129
55 67 0.09
55 58 0.168
55 69 0.157
55 76 0.084
55 98 0.171
55 57 0.135
55 59 0.125
55 60 0.122
55 70 0.134
55 80 0.182
55 81 0.166
55 87 0.089
55 90 0.159
55 56 0.138
55 61 0.174
55 75 0.149
55 77 0.143
55 79 0.155
55 82 0.135
55 84 0.184
55 86 0.171
55 88 0.152
55 91 0.181
55 92 0.186
55 95 0.149
55 96 0.135
55 97 0.164
56 67 0.045
56 80 0.098
56 77 0.088
56 78 0.159
56 87 0.067
56 58 0.151
56 61 0.12
56 69 0.128
56 70 0.175
56 91 0.104
56 93 0.166
56 95 0.154
56 96 0.197
56 97 0.144
56 99 0.115
56 59 0.12
56 60 0.125
56 63 0.142
56 64 0.124
56 68 0.229
56 72 0.138
56 75 0.151
56 76 0.107
56 79 0.133
56 82 0.164
56 84 0.131
56 85 0.173
56 86 0.147
56 89 0.171
56 90 0.14
57 70 0.824
57 82 0.92
57 69 0.135
57 64 0.176
57 74 0.167
57 85 0.076
57 97 0.157
57 58 0.125
57 60 0.144
57 62 0.169
57 63 0.139
57 65 0.148
57 67 0.146
57 72 0.195
57 75 0.141
57 80 0.129
57 81 0.139
57 84 0.138
57 86 0.1
57 88 0.16
57 90 0.164
57 92 0.147
57 96 0.168
58 94 0.841
58 97 0.642
58 82 0.823
58 93 0.576
58 88 0.114
58 60 0.101
58 68 0.153
58 72 0.128
58 78 0.069
58 90 0.139
58 59 0.217
58 61 0.171
58 62 0.123
58 64 0.135
58 67 0.124
58 69 0.148
58 70 0.18
58 73 0.159
58 74 0.091
58 77 0.147
58 79 0.178
58 81 0.111
58 84 0.169
58 85 0.158
58 92 0.191
58 95 0.148
58 96 0.113
58 99 0.16
59 61 0.585
59 99 0.859
59 68 0.166
59 69 0.184
59 78 0.19
59 60 0.178
59 62 0.128
59 65 0.071
59 70 0.134
59 71 0.14
59 72 0.179
59 74 0.171
59 76 0.159
59 79 0.126
59 80 0.119
59 87 0.151
59 89 0.165
59 91 0.181
59 93 0.072
59 95 0.147
60 82 0.979
60 91 0.817
60 66 0.223
60 80 0.165
60 86 0.114
60 95 0.147
60 79 0.17
60 90 0.125
60 94 0.142
60 61 0.172
60 62 0.193
60 64 0.13
60 68 0.202
60 71 0.13
60 72 0.15
60 74 0.121
60 75 0.132
60 83 0.121
60 85 0.18
60 87 0.155
60 93 0.206
61 70 0.964
61 80 0.866
61 86 0.169
61 63 0.156
61 84 0.189
61 68 0.151
61 72 0.117
61 79 0.144
61 78 0.164
61 82 0.225
61 64 0.112
61 65 0.107
61 67 0.14
61 71 0.155
61 73 0.108
61 74 0.208
61 75 0.098
61 85 0.136
61 89 0.145
61 90 0.194
61 94 0.122
61 95 0.093
61 96 0.139
61 99 0.14
62 70 0.936
62 93 0.555
62 92 0.672
62 72 0.133
62 79 0.098
62 99 0.196
62 73 0.102
62 91 0.128
62 75 0.164
62 82 0.153
62 84 0.142
62 90 0.099
62 64 0.121
62 68 0.199
62 69 0.131
62 74 0.117
62 77 0.156
62 85 0.144
62 86 0.194
62 88 0.119
62 89 0.135
62 94 0.127
62 96 0.142
62 97 0.182
63 92 0.535
63 93 0.975
63 97 0.838
63 67 0.145
63 64 0.164
63 65 0.178
63 66 0.133
63 68 0.157
63 69 0.141
63 71 0.133
63 77 0.162
63 80 0.109
63 81 0.123
63 83 0.084
63 84 0.153
63 85 0.154
63 86 0.181
63 98 0.099
63 99 0.084
64 68 0.117
64 66 0.188
64 78 0.205
64 85 0.137
64 87 0.101
64 88 0.138
64 96 0.173
64 65 0.127
64 71 0.125
64 73 0.133
64 75 0.156
64 77 0.184
64 79 0.164
64 84 0.145
64 86 0.185
64 90 0.141
64 93 0.188
64 95 0.177
65 72 0.685
65 80 0.648
65 89 1
65 97 0.919
65 93 0.142
65 67 0.159
65 74 0.106
65 81 0.093
65 99 0.153
65 94 0.184
65 68 0.14
65 82 0.118
65 83 0.156
65 84 0.122
65 85 0.154
65 86 0.14
65 87 0.18
65 90 0.158
65 95 0.105
66 69 0.756
66 73 0.68
66 67 0.189
66 82 0.133
66 90 0.213
66 97 0.144
66 70 0.141
66 71 0.163
66 74 0.151
66 75 0.105
66 76 0.133
66 77 0.169
66 79 0.153
66 80 0.115
66 83 0.091
66 85 0.11
66 86 0.148
66 87 0.122
66 88 0.135
66 91 0.181
66 95 0.136
66 98 0.112
67 76 0.153
67 80 0.13
67 69 0.135
67 88 0.178
67 70 0.187
67 79 0.147
67 84 0.153
67 91 0.157
67 94 0.135
67 97 0.152
67 68 0.124
67 78 0.174
67 81 0.125
67 86 0.115
67 87 0.174
67 96 0.143
68 74 1
68 79 0.694
68 97 0.83
68 69 0.665
68 77 0.146
68 82 0.088
68 70 0.189
68 71 0.194
68 93 0.17
68 72 0.157
68 78 0.137
68 80 0.144
68 81 0.122
68 84 0.122
68 87 0.166
68 88 0.177
68 89 0.127
68 90 0.143
68 91 0.196
68 92 0.1
68 94 0.189
68 95 0.14
68 96 0.139
68 98 0.135
68 99 0.174
69 81 0.571
69 82 0.967
69 84 0.603
69 90 0.211
69 74 0.085
69 91 0.111
69 96 0.122
69 98 0.125
69 86 0.169
69 93 0.155
69 99 0.13
69 70 0.213
69 71 0.133
69 72 0.076
69 75 0.126
69 76 0.16
69 79 0.169
69 85 0.132
69 87 0.137
69 89 0.172
69 92 0.14
69 95 0.145
70 74 0.909
70 98 0.793
70 94 0.931
70 78 0.024
70 80 0.191
70 91 0.126
70 77 0.108
70 93 0.205
70 96 0.162
70 72 0.111
70 75 0.121
70 76 0.175
70 79 0.133
70 81 0.146
70 88 0.198
70 89 0.09
70 97 0.15
71 94 0.195
71 92 0.15
71 75 0.124
71 77 0.205
71 85 0.078
71 97 0.151
71 72 0.094
71 73 0.146
71 79 0.157
71 80 0.179
71 82 0.175
71 83 0.157
71 84 0.147
71 86 0.17
71 87 0.157
71 88 0.132
71 89 0.121
71 93 0.154
71 96 0.202
71 98 0.193
71 99 0.133
72 80 0.846
72 96 0.735
72 82 0.227
72 84 0.152
72 89 0.175
72 75 0.115
72 94 0.13
72 95 0.171
72 98 0.177
72 73 0.191
72 83 0.17
72 85 0.135
72 86 0.103
72 87 0.117
72 88 0.159
72 90 0.137
72 91 0.156
72 99 0.142
73 80 0.951
73 91 0.985
73 96 0.731
73 98 0.906
73 89 0.154
73 87 0.182
73 74 0.166
73 75 0.166
73 77 0.196
73 78 0.141
73 82 0.141
73 83 0.08
73 84 0.153
73 86 0.154
73 88 0.13
73 90 0.163
73 92 0.167
73 97 0.161
73 99 0.132
74 77 0.908
74 78 1
74 80 0.775
74 82 1
74 93 0.709
74 86 0.881
74 81 0.147
74 85 0.197
74 94 0.155
74 84 0.175
74 92 0.12
74 75 0.124
74 76 0.143
74 79 0.148
74 83 0.153
74 87 0.115
74 89 0.099
74 90 0.174
74 91 0.136
74 95 0.16
74 99 0.131
75 91 0.98
75 89 1
75 76 0.171
75 84 0.164
75 85 0.158
75 86 0.162
75 88 0.166
75 96 0.106
75 97 0.128
75 98 0.106
75 78 0.18
75 79 0.253
75 81 0.105
75 82 0.163
75 92 0.173
75 94 0.137
75 99 0.229
76 99 1
76 85 0.149
76 89 0.22
76 92 0.099
76 95 0.15
76 77 0.131
76 78 0.141
76 81 0.15
76 91 0.208
76 93 0.123
76 97 0.185
76 79 0.141
76 83 0.162
76 94 0.166
77 93 0.138
77 83 0.131
77 84 0.183
77 87 0.204
77 92 0.15
77 96 0.171
77 98 0.111
77 99 0.205
77 78 0.18
77 80 0.11
77 81 0.151
77 82 0.19
77 86 0.146
77 89 0.142
77 94 0.11
77 95 0.138
78 89 0.19
78 81 0.117
78 99 0.174
78 82 0.141
78 83 0.123
78 84 0.129
78 86 0.15
78 88 0.13
78 91 0.171
78 92 0.135
78 98 0.135
79 80 0.909
79 81 0.159
79 91 0.171
79 87 0.151
79 88 0.176
79 90 0.169
79 92 0.083
79 97 0.169
79 98 0.162
79 99 0.143
80 84 0.61
80 88 0.12
80 89 0.143
80 81 0.135
80 94 0.155
80 82 0.197
80 83 0.187
80 85 0.164
80 87 0.143
80 90 0.152
80 92 0.144
80 97 0.172
81 85 0.596
81 90 0.996
81 97 0.819
81 99 0.996
81 92 0.176
81 94 0.128
81 88 0.134
81 93 0.148
81 96 0.193
81 82 0.102
81 84 0.157
81 89 0.129
81 95 0.173
81 98 0.176
82 92 0.935
82 97 0.155
82 93 0.167
82 84 0.1
82 85 0.141
82 87 0.174
82 88 0.141
82 89 0.124
82 90 0.112
82 94 0.138
82 95 0.181
82 98 0.12
82 99 0.139
83 86 0.982
83 99 0.161
83 84 0.169
83 90 0.114
83 85 0.148
83 89 0.184
83 91 0.178
83 93 0.144
84 89 0.601
84 94 0.704
84 95 0.618
84 87 0.17
84 85 0.182
84 92 0.156
84 93 0.093
84 97 0.09
84 98 0.144
84 99 0.171
85 99 0.87
85 94 0.906
85 87 0.163
85 93 0.157
85 96 0.185
85 86 0.17
85 88 0.125
85 90 0.135
85 91 0.189
85 95 0.139
86 87 0.079
86 92 0.057
86 93 0.157
86 99 0.126
86 91 0.17
86 95 0.151
87 95 0.127
87 97 0.187
87 92 0.1
87 88 0.134
87 94 0.127
87 96 0.121
87 99 0.159
88 91 0.877
88 93 0.824
88 95 0.781
88 92 0.16
88 99 0.132
88 89 0.154
88 96 0.184
89 99 0.871
89 97 0.157
89 91 0.151
90 99 0.147
90 91 0.138
90 92 0.151
90 93 0.157
90 95 0.205
90 98 0.205
91 98 0.847
91 92 0.118
91 95 0.159
91 93 0.133
91 96 0.156
92 98 0.146
92 97 0.121
92 94 0.158
92 99 0.1
93 94 0.188
93 96 0.181
93 97 0.153
93 98 0.151
94 99 0.118
95 97 0.163
95 96 0.188
95 98 0.121
95 99 0.133
96 97 0.178
96 98 0.177
96 99 0.137
98 99 0.143
