0 15 0.929
0 34 0.752
0 36 0.94
0 49 0.91
0 69 0.77
0 77 0.796
0 86 0.845
0 4 0.804
0 24 1
0 3 0.275
0 20 0.134
0 13 0.159
0 85 0.219
0 32 0.089
0 93 0.035
0 6 0.273
0 7 0.134
0 29 0.153
0 76 0.273
0 80 0.139
0 91 0.135
0 2 0.159
0 10 0.103
0 11 0.146
0 12 0.205
0 21 0.196
0 28 0.046
0 30 0.311
0 37 0.078
0 39 0.233
0 48 0.183
0 51 0.293
0 52 0.227
0 54 0.16
0 55 0.028
0 57 0.242
0 59 0.221
0 65 0.159
0 70 0.044
0 81 0.293
0 84 0.049
0 87 0.157
0 90 0.139
0 95 0.025
0 45 0.112
0 64 0.186
0 74 0.132
0 9 0.102
0 16 0.141
0 62 0.12
0 68 0.09
0 78 0.167
1 45 0.724
1 65 1
1 66 1
1 84 0.772
1 67 0.738
1 11 0.094
1 38 0.176
1 51 0.032
1 64 0.265
1 96 0.17
1 6 0.189
1 10 0.168
1 25 0.154
1 46 0.235
1 54 0.154
1 59 0.16
1 76 0.076
1 21 0.267
1 22 0.113
1 27 0.233
1 29 0.214
1 30 0.212
1 34 0.177
1 37 0.247
1 49 0.003
1 63 0.188
1 68 0.207
1 95 0.203
1 98 0.158
1 3 0.174
1 75 0.103
1 36 0.063
1 41 0.182
1 44 0.113
1 48 0.165
1 61 0.209
2 8 0.829
2 25 0.895
2 16 0.727
2 30 0.999
2 40 0.881
2 7 0.668
2 27 0.171
2 73 0.067
2 11 0.256
2 48 0.125
2 69 0.116
2 94 0.174
2 12 0.152
2 17 0.105
2 18 0.157
2 20 0.207
2 23 0.137
2 24 0.126
2 45 0.004
2 53 0.135
2 55 0.196
2 56 0.166
2 68 0.149
2 76 0.154
2 78 0.142
2 82 0.13
2 88 0.047
2 92 0.176
2 33 0.152
2 4 0.144
2 5 0.135
2 26 0.126
2 29 0.147
2 79 0.169
2 80 0.151
3 14 0.866
3 66 0.812
3 92 0.661
3 77 0.857
3 70 0.155
3 5 0.138
3 11 0.097
3 32 0.18
3 79 0.04
3 84 0.194
3 85 0.141
3 88 0.171
3 18 0.196
3 51 0.302
3 74 0.113
3 76 0.097
3 81 0.175
3 6 0.162
3 9 0.127
3 19 0.328
3 28 0.008
3 36 0.156
3 39 0.085
3 40 0.174
3 44 0.138
3 47 0.142
3 52 0.244
3 54 0.199
3 58 0.163
3 62 0.372
3 63 0.187
3 71 0.171
3 72 0.086
3 73 0.114
3 75 0.284
3 78 0.131
3 83 0.145
3 16 0.146
3 24 0.251
3 12 0.119
4 15 0.725
4 33 0.974
4 38 0.898
4 40 0.913
4 41 1
4 60 0.487
4 66 0.835
4 91 0.97
4 53 0.669
4 16 0.706
4 23 0.193
4 74 0.196
4 31 0.241
4 5 0.28
4 6 0.218
4 24 0.156
4 26 0.141
4 29 0.079
4 36 0.199
4 58 0.083
4 75 0.22
4 76 0.255
4 77 0.187
4 98 0.159
4 7 0.248
4 13 0.098
4 14 0.021
4 42 0.122
4 48 0.174
4 56 0.207
4 61 0.13
4 72 0.167
4 90 0.188
4 47 0.228
4 87 0.201
4 95 0.155
4 19 0.124
4 30 0.139
4 52 0.183
4 71 0.176
4 89 0.168
5 17 0.453
5 39 0.618
5 62 0.724
5 71 1
5 82 0.91
5 86 0.855
5 38 0.817
5 46 0.139
5 52 0.249
5 67 0.058
5 83 0.169
5 84 0.109
5 9 0.074
5 22 0.149
5 54 0.158
5 64 0.126
5 89 0.117
5 7 0.27
5 14 0.127
5 15 0.153
5 19 0.167
5 21 0.15
5 30 0.133
5 40 0.163
5 41 0.11
5 42 0.106
5 53 0.068
5 55 0.297
5 56 0.33
5 58 0.133
5 75 0.278
5 80 0.21
5 87 0.154
5 91 0.117
5 93 0.147
5 95 0.03
5 99 0.336
5 18 0.124
5 69 0.056
5 92 0.128
5 25 0.181
5 31 0.109
5 34 0.176
5 36 0.085
5 57 0.178
5 68 0.196
6 11 1
6 15 0.989
6 59 0.91
6 62 0.662
6 82 0.783
6 53 1
6 39 0.907
6 45 0.177
6 50 0.144
6 68 0.06
6 26 0.2
6 28 0.151
6 56 0.089
6 71 0.113
6 78 0.208
6 83 0.145
6 84 0.153
6 95 0.122
6 9 0.017
6 16 0.234
6 19 0.239
6 27 0.151
6 52 0.08
6 66 0.277
6 74 0.17
6 76 0.21
6 80 0.271
6 81 0.05
6 85 0.171
6 88 0.329
6 29 0.158
6 98 0.147
6 30 0.184
6 46 0.182
6 63 0.138
6 69 0.094
7 8 0.605
7 15 0.659
7 72 1
7 89 0.58
7 97 0.957
7 84 0.084
7 10 0.168
7 33 0.071
7 42 0.137
7 80 0.037
7 46 0.24
7 57 0.062
7 60 0.211
7 68 0.056
7 92 0.143
7 98 0.143
7 9 0.109
7 13 0.15
7 14 0.116
7 18 0.09
7 19 0.169
7 24 0.071
7 26 0.172
7 34 0.108
7 37 0.146
7 45 0.117
7 48 0.188
7 61 0.148
7 63 0.103
7 65 0.12
7 69 0.295
7 73 0.152
7 79 0.182
7 83 0.184
7 88 0.08
7 93 0.054
7 94 0.222
7 30 0.151
7 38 0.19
7 49 0.282
7 78 0.183
7 20 0.144
7 50 0.171
7 64 0.155
8 30 0.732
8 32 0.779
8 33 0.825
8 46 0.904
8 47 0.758
8 77 0.961
8 40 0.116
8 54 0.137
8 81 0.231
8 13 0.139
8 53 0.145
8 73 0.123
8 18 0.083
8 27 0.143
8 56 0.149
8 62 0.217
8 70 0.066
8 78 0.115
8 80 0.194
8 96 0.087
8 98 0.235
8 9 0.033
8 12 0.109
8 16 0.075
8 20 0.027
8 24 0.102
8 29 0.338
8 34 0.25
8 43 0.124
8 45 0.147
8 49 0.029
8 57 0.141
8 63 0.025
8 65 0.064
8 72 0.167
8 87 0.198
8 89 0.223
8 94 0.226
8 36 0.219
8 61 0.185
9 14 0.761
9 41 0.958
9 61 0.944
9 66 0.722
9 70 0.831
9 76 0.855
9 80 0.852
9 24 0.309
9 83 0.203
9 32 0.22
9 93 0.15
9 40 0.227
9 43 0.238
9 46 0.198
9 60 0.103
9 47 0.25
9 89 0.14
9 99 0.088
9 18 0.134
9 19 0.094
9 27 0.182
9 30 0.145
9 34 0.093
9 48 0.205
9 49 0.077
9 63 0.21
9 65 0.22
9 68 0.137
9 73 0.024
9 77 0.114
9 81 0.244
9 85 0.121
9 87 0.152
9 96 0.221
9 17 0.196
9 15 0.11
10 20 0.644
10 42 0.86
10 61 0.711
10 22 1
10 16 0.917
10 62 0.136
10 17 0.314
10 34 0.155
10 41 0.312
10 47 0.296
10 51 0.166
10 66 0.313
10 71 0.091
10 80 0.193
10 15 0.212
10 21 0.32
10 27 0.195
10 45 0.061
10 49 0.087
10 59 0.108
10 60 0.235
10 82 0.191
10 88 0.088
10 89 0.227
10 99 0.235
10 50 0.172
10 75 0.235
10 29 0.14
10 38 0.166
10 44 0.108
10 58 0.13
10 98 0.15
11 18 0.787
11 25 0.932
11 36 0.751
11 85 0.879
11 93 0.857
11 27 0.806
11 95 0.944
11 66 0.128
11 17 0.092
11 22 0.206
11 42 0.155
11 82 0.11
11 92 0.083
11 98 0.067
11 14 0.158
11 35 0.072
11 78 0.111
11 24 0.146
11 26 0.27
11 52 0.175
11 55 0.132
11 57 0.281
11 61 0.213
11 64 0.175
11 76 0.125
11 91 0.173
11 99 0.168
11 72 0.177
11 29 0.144
11 48 0.115
11 51 0.142
11 63 0.118
11 70 0.14
11 79 0.137
11 83 0.2
12 29 0.844
12 33 0.992
12 45 0.981
12 48 0.554
12 56 0.737
12 64 0.664
12 31 0.177
12 22 0.282
12 37 0.085
12 34 0.036
12 38 0.118
12 46 0.284
12 87 0.153
12 21 0.249
12 40 0.08
12 44 0.067
12 47 0.051
12 50 0.186
12 60 0.142
12 61 0.187
12 62 0.231
12 66 0.163
12 68 0.171
12 69 0.17
12 70 0.094
12 71 0.178
12 73 0.057
12 75 0.022
12 76 0.261
12 98 0.166
12 99 0.102
12 67 0.017
12 72 0.216
12 93 0.099
12 16 0.16
12 18 0.126
12 55 0.147
12 82 0.153
12 96 0.084
13 48 0.881
13 91 0.779
13 95 0.701
13 64 0.902
13 65 0.82
13 56 0.857
13 18 0.895
13 43 0.224
13 53 0.149
13 83 0.149
13 25 0.136
13 41 0.066
13 76 0.109
13 14 0.239
13 15 0.102
13 29 0.244
13 39 0.086
13 45 0.177
13 47 0.129
13 49 0.132
13 51 0.068
13 54 0.198
13 58 0.104
13 62 0.179
13 69 0.168
13 78 0.092
13 88 0.11
13 93 0.194
13 99 0.205
13 66 0.156
13 40 0.194
13 50 0.134
13 59 0.148
14 17 0.543
14 68 1
14 78 0.929
14 93 1
14 96 0.629
14 36 0.203
14 38 0.221
14 63 0.242
14 15 0.102
14 24 0.154
14 29 0.103
14 55 0.076
14 58 0.055
14 70 0.062
14 20 0.143
14 26 0.195
14 31 0.115
14 34 0.227
14 37 0.25
14 41 0.229
14 46 0.086
14 48 0.261
14 50 0.137
14 74 0.224
14 76 0.156
14 79 0.148
14 82 0.161
14 84 0.042
14 90 0.173
14 91 0.129
14 95 0.152
14 99 0.188
14 39 0.197
14 33 0.158
14 47 0.144
14 73 0.103
14 94 0.147
14 97 0.146
15 39 0.705
15 97 0.839
15 24 0.634
15 47 0.136
15 51 0.351
15 94 0.061
15 19 0.109
15 18 0.06
15 36 0.056
15 74 0.057
15 76 0.064
15 84 0.314
15 91 0.33
15 96 0.062
15 21 0.207
15 22 0.159
15 23 0.103
15 26 0.208
15 31 0.199
15 48 0.107
15 50 0.243
15 58 0.367
15 60 0.291
15 72 0.172
15 77 0.118
15 86 0.173
15 88 0.204
15 89 0.098
15 93 0.119
15 95 0.066
15 54 0.112
15 56 0.279
15 59 0.124
15 69 0.15
15 61 0.156
15 82 0.153
16 36 0.548
16 65 0.962
16 49 0.951
16 37 0.228
16 60 0.119
16 61 0.157
16 72 0.186
16 75 0.049
16 78 0.168
16 79 0.173
16 90 0.14
16 92 0.148
16 96 0.189
16 21 0.241
16 22 0.18
16 25 0.07
16 32 0.091
16 39 0.152
16 47 0.167
16 56 0.192
16 68 0.07
16 76 0.173
16 77 0.082
16 80 0.009
16 81 0.009
16 89 0.07
16 91 0.159
16 66 0.186
16 86 0.126
16 94 0.12
16 23 0.157
17 24 0.882
17 91 1
17 98 0.719
17 29 0.695
17 46 0.756
17 20 0.263
17 21 0.135
17 39 0.086
17 81 0.197
17 89 0.17
17 23 0.178
17 26 0.156
17 36 0.12
17 67 0.036
17 72 0.196
17 31 0.098
17 41 0.279
17 45 0.091
17 49 0.089
17 57 0.131
17 59 0.193
17 66 0.075
17 68 0.129
17 69 0.17
17 71 0.174
17 78 0.159
17 87 0.084
17 88 0.112
17 96 0.082
17 55 0.147
17 79 0.196
17 90 0.197
17 97 0.237
17 28 0.157
17 40 0.134
17 70 0.172
17 93 0.193
17 99 0.146
18 30 0.792
18 34 1
18 80 0.68
18 81 0.999
18 26 0.961
18 25 0.756
18 92 0.123
18 27 0.318
18 31 0.133
18 35 0.192
18 50 0.096
18 61 0.21
18 64 0.109
18 73 0.1
18 33 0.081
18 41 0.102
18 45 0.213
18 89 0.215
18 93 0.065
18 21 0.19
18 40 0.3
18 42 0.09
18 43 0.2
18 48 0.221
18 51 0.197
18 60 0.098
18 62 0.151
18 65 0.108
18 70 0.116
18 72 0.202
18 95 0.116
18 96 0.177
18 23 0.174
18 32 0.152
18 36 0.155
18 46 0.169
18 49 0.145
18 59 0.136
18 68 0.104
19 62 0.813
19 69 0.732
19 93 1
19 98 0.908
19 34 0.129
19 38 0.315
19 50 0.142
19 37 0.139
19 57 0.068
19 78 0.26
19 80 0.079
19 86 0.108
19 87 0.089
19 89 0.204
19 20 0.263
19 23 0.106
19 24 0.237
19 29 0.082
19 55 0.234
19 68 0.076
19 76 0.168
19 79 0.141
19 84 0.066
19 88 0.169
19 42 0.171
19 97 0.125
20 25 0.553
20 44 0.74
20 69 0.842
20 74 0.788
20 90 0.942
20 32 1
20 78 0.823
20 37 0.124
20 55 0.153
20 95 0.085
20 35 0.185
20 41 0.113
20 50 0.226
20 52 0.193
20 60 0.24
20 64 0.199
20 67 0.22
20 82 0.202
20 24 0.206
20 30 0.107
20 38 0.069
20 48 0.184
20 56 0.046
20 58 0.097
20 73 0.122
20 79 0.218
20 80 0.172
20 87 0.148
20 36 0.102
20 46 0.147
20 71 0.16
20 76 0.187
21 87 0.968
21 97 0.857
21 98 1
21 78 0.801
21 84 0.626
21 24 0.088
21 64 0.17
21 31 0.168
21 52 0.117
21 23 0.113
21 50 0.104
21 51 0.211
21 66 0.115
21 76 0.251
21 92 0.095
21 56 0.14
21 82 0.109
21 83 0.132
21 27 0.14
21 29 0.191
21 44 0.162
21 53 0.139
21 70 0.183
21 79 0.143
22 33 0.62
22 41 0.944
22 66 0.694
22 92 0.793
22 60 0.445
22 65 0.956
22 86 0.261
22 97 0.059
22 27 0.05
22 42 0.097
22 43 0.111
22 48 0.224
22 51 0.131
22 61 0.246
22 69 0.155
22 34 0.09
22 49 0.216
22 59 0.156
22 64 0.21
22 68 0.208
22 80 0.244
22 84 0.126
22 87 0.155
22 94 0.151
22 25 0.129
22 54 0.151
22 83 0.134
22 89 0.15
22 35 0.142
22 36 0.182
22 37 0.102
22 47 0.189
22 72 0.177
22 73 0.183
22 98 0.129
23 25 0.878
23 27 0.704
23 33 0.522
23 59 0.974
23 95 0.992
23 41 0.716
23 54 0.16
23 68 0.136
23 80 0.11
23 98 0.053
23 37 0.081
23 38 0.189
23 40 0.221
23 55 0.237
23 79 0.225
23 81 0.153
23 86 0.191
23 90 0.17
23 39 0.213
23 42 0.219
23 48 0.223
23 60 0.215
23 63 0.153
23 78 0.068
23 85 0.161
23 88 0.201
23 92 0.169
23 93 0.141
23 50 0.122
23 58 0.141
23 91 0.218
23 30 0.136
23 72 0.126
24 45 0.755
24 49 0.972
24 72 0.981
24 86 0.614
24 69 0.536
24 46 0.109
24 34 0.06
24 59 0.115
24 62 0.17
24 73 0.182
24 84 0.29
24 89 0.059
24 25 0.257
24 27 0.311
24 32 0.223
24 35 0.092
24 37 0.226
24 43 0.123
24 47 0.102
24 58 0.173
24 60 0.122
24 70 0.213
24 78 0.11
24 79 0.183
24 81 0.066
24 96 0.208
24 97 0.155
24 80 0.095
24 85 0.195
24 48 0.114
24 55 0.159
24 56 0.122
24 57 0.139
24 74 0.136
25 70 0.913
25 82 0.768
25 85 0.877
25 98 0.837
25 26 0.217
25 84 0.148
25 64 0.365
25 68 0.125
25 57 0.25
25 59 0.195
25 76 0.244
25 29 0.085
25 32 0.189
25 38 0.118
25 39 0.242
25 44 0.129
25 51 0.156
25 52 0.142
25 77 0.203
25 89 0.305
25 93 0.068
25 94 0.098
25 97 0.135
25 99 0.178
25 56 0.161
25 95 0.192
25 30 0.144
25 35 0.212
25 36 0.083
25 45 0.119
25 49 0.16
25 83 0.161
25 92 0.133
26 54 1
26 84 0.777
26 71 0.68
26 40 0.178
26 76 0.19
26 92 0.112
26 38 0.17
26 49 0.27
26 50 0.201
26 57 0.21
26 86 0.109
26 59 0.16
26 97 0.099
26 28 0.046
26 29 0.219
26 32 0.201
26 39 0.092
26 45 0.068
26 46 0.128
26 56 0.165
26 58 0.083
26 62 0.06
26 79 0.131
26 81 0.071
26 82 0.206
26 85 0.108
26 87 0.051
26 89 0.111
26 94 0.165
26 98 0.286
26 43 0.197
26 66 0.182
26 80 0.115
26 48 0.126
27 32 0.749
27 57 0.968
27 59 0.851
27 69 0.929
27 76 0.697
27 94 0.691
27 97 0.6
27 33 0.179
27 31 0.233
27 36 0.161
27 55 0.019
27 63 0.185
27 66 0.124
27 70 0.209
27 78 0.144
27 79 0.049
27 81 0.221
27 99 0.1
27 40 0.127
27 48 0.181
27 62 0.133
27 67 0.062
27 90 0.147
27 37 0.083
27 39 0.122
27 80 0.163
28 51 1
28 55 0.949
28 73 0.769
28 83 0.665
28 85 0.88
28 96 0.621
28 70 0.593
28 97 0.977
28 38 0.269
28 57 0.148
28 49 0.208
28 56 0.163
28 65 0.16
28 78 0.095
28 30 0.217
28 35 0.24
28 41 0.235
28 45 0.232
28 50 0.155
28 81 0.071
28 90 0.214
28 91 0.301
28 93 0.19
28 42 0.209
28 86 0.119
28 31 0.13
28 54 0.119
28 60 0.099
28 69 0.172
29 37 0.977
29 53 0.818
29 64 0.891
29 79 1
29 97 0.909
29 85 0.46
29 38 0.971
29 62 0.193
29 77 0.034
29 44 0.147
29 93 0.24
29 34 0.21
29 57 0.094
29 58 0.175
29 60 0.258
29 61 0.256
29 45 0.258
29 52 0.192
29 56 0.327
29 66 0.283
29 72 0.091
29 86 0.136
29 95 0.134
29 96 0.228
29 54 0.148
29 75 0.038
29 40 0.149
29 74 0.148
29 87 0.144
30 35 0.969
30 56 0.918
30 98 1
30 87 0.84
30 45 0.238
30 52 0.194
30 74 0.205
30 63 0.144
30 65 0.284
30 77 0.092
30 80 0.146
30 88 0.164
30 95 0.203
30 97 0.126
30 46 0.228
30 47 0.214
30 64 0.183
30 81 0.147
30 92 0.031
30 94 0.118
30 84 0.049
30 72 0.234
30 83 0.152
31 43 0.968
31 85 0.925
31 86 1
31 98 0.999
31 32 0.578
31 81 0.157
31 52 0.076
31 83 0.209
31 35 0.334
31 38 0.015
31 40 0.174
31 45 0.107
31 49 0.172
31 60 0.31
31 64 0.163
31 69 0.008
31 74 0.172
31 75 0.328
31 76 0.133
31 79 0.093
31 90 0.162
31 96 0.215
31 58 0.178
31 72 0.098
31 97 0.088
31 46 0.184
31 53 0.154
31 66 0.184
31 67 0.146
31 82 0.14
32 77 0.207
32 86 0.213
32 34 0.148
32 38 0.159
32 39 0.113
32 53 0.114
32 56 0.1
32 57 0.081
32 66 0.244
32 72 0.268
32 88 0.088
32 91 0.194
32 95 0.209
32 96 0.007
32 35 0.255
32 43 0.203
32 49 0.149
32 64 0.084
32 67 0.057
32 70 0.106
32 71 0.088
32 74 0.176
32 81 0.175
32 84 0.248
32 55 0.14
32 83 0.178
32 36 0.134
33 45 0.991
33 44 0.103
33 55 0.119
33 64 0.012
33 81 0.095
33 84 0.274
33 93 0.115
33 97 0.208
33 38 0.209
33 39 0.145
33 46 0.203
33 57 0.214
33 62 0.18
33 71 0.089
33 77 0.132
33 79 0.077
33 83 0.115
33 86 0.173
33 88 0.192
33 90 0.191
33 95 0.223
33 96 0.182
33 99 0.15
33 41 0.108
33 78 0.011
33 87 0.185
33 89 0.166
33 68 0.15
34 48 0.917
34 83 0.953
34 98 0.565
34 59 0.21
34 35 0.226
34 41 0.267
34 60 0.11
34 76 0.155
34 81 0.037
34 38 0.089
34 43 0.194
34 92 0.027
34 40 0.236
34 53 0.136
34 68 0.028
34 74 0.112
34 86 0.142
34 99 0.112
34 67 0.117
34 88 0.105
34 44 0.174
34 49 0.14
34 72 0.156
34 96 0.155
35 37 0.623
35 47 0.963
35 63 0.851
35 88 0.747
35 96 0.917
35 55 0.16
35 58 0.063
35 66 0.111
35 71 0.098
35 40 0.125
35 67 0.171
35 72 0.262
35 84 0.215
35 89 0.115
35 39 0.3
35 41 0.019
35 45 0.204
35 49 0.098
35 50 0.184
35 52 0.192
35 53 0.056
35 60 0.121
35 61 0.198
35 68 0.092
35 90 0.09
35 97 0.114
35 42 0.192
35 51 0.088
35 95 0.156
35 38 0.119
35 48 0.161
35 64 0.228
35 82 0.132
35 91 0.185
36 42 0.839
36 55 0.86
36 57 0.933
36 63 0.538
36 39 0.648
36 51 0.252
36 53 0.052
36 52 0.089
36 40 0.067
36 47 0.019
36 48 0.159
36 65 0.157
36 87 0.077
36 88 0.11
36 98 0.131
36 41 0.072
36 43 0.156
36 44 0.186
36 54 0.216
36 56 0.092
36 60 0.107
36 62 0.11
36 64 0.103
36 68 0.146
36 72 0.094
36 73 0.307
36 77 0.238
36 78 0.149
36 84 0.103
36 61 0.145
36 67 0.11
36 69 0.183
36 38 0.173
36 49 0.2
36 99 0.201
37 41 0.956
37 92 0.88
37 52 0.174
37 64 0.096
37 45 0.181
37 57 0.383
37 69 0.218
37 46 0.034
37 48 0.226
37 55 0.207
37 70 0.217
37 75 0.151
37 80 0.278
37 85 0.124
37 98 0.138
37 49 0.18
37 65 0.119
37 72 0.127
37 82 0.223
37 50 0.182
37 53 0.202
37 78 0.136
37 79 0.195
38 75 0.658
38 78 0.654
38 80 0.878
38 82 0.986
38 56 0.203
38 71 0.189
38 90 0.142
38 69 0.179
38 72 0.147
38 39 0.201
38 43 0.143
38 47 0.401
38 67 0.171
38 68 0.158
38 73 0.18
38 83 0.219
38 84 0.127
38 49 0.153
38 48 0.093
38 63 0.112
39 63 0.736
39 66 0.504
39 84 0.739
39 85 0.9
39 73 0.742
39 68 0.328
39 47 0.126
39 61 0.173
39 79 0.091
39 98 0.199
39 41 0.231
39 49 0.176
39 65 0.141
39 67 0.233
39 70 0.123
39 88 0.141
39 89 0.097
39 90 0.159
39 95 0.123
39 40 0.216
39 52 0.087
39 71 0.105
39 44 0.176
39 45 0.19
39 74 0.18
39 94 0.113
40 41 0.899
40 61 0.971
40 76 0.838
40 90 0.999
40 78 0.617
40 85 0.871
40 74 0.072
40 87 0.154
40 44 0.21
40 46 0.222
40 59 0.183
40 71 0.318
40 84 0.238
40 96 0.021
40 97 0.084
40 48 0.107
40 50 0.16
40 52 0.237
40 65 0.132
40 81 0.038
40 88 0.201
40 80 0.098
40 68 0.158
40 70 0.15
41 63 0.504
41 75 1
41 45 1
41 49 0.917
41 84 0.537
41 82 0.083
41 44 0.038
41 50 0.204
41 77 0.277
41 86 0.235
41 61 0.157
41 65 0.142
41 68 0.186
41 81 0.177
41 85 0.162
41 92 0.154
41 67 0.147
41 73 0.165
41 88 0.114
41 93 0.171
42 43 0.747
42 79 0.553
42 83 0.806
42 87 0.861
42 94 0.775
42 98 0.914
42 50 0.121
42 70 0.172
42 45 0.222
42 63 0.094
42 85 0.203
42 44 0.251
42 48 0.093
42 51 0.231
42 57 0.168
42 60 0.077
42 71 0.101
42 82 0.209
42 88 0.165
42 52 0.131
42 65 0.155
42 92 0.163
42 93 0.132
42 97 0.102
43 45 0.979
43 93 0.955
43 88 0.807
43 90 0.165
43 57 0.28
43 58 0.222
43 59 0.177
43 74 0.053
43 84 0.075
43 44 0.185
43 50 0.098
43 56 0.271
43 60 0.075
43 69 0.105
43 73 0.119
43 80 0.062
43 85 0.097
43 87 0.075
43 91 0.262
43 94 0.114
43 86 0.201
43 49 0.189
43 52 0.117
43 71 0.156
43 78 0.139
44 64 0.748
44 95 0.92
44 54 0.139
44 79 0.202
44 52 0.245
44 67 0.166
44 69 0.053
44 85 0.09
44 86 0.117
44 47 0.139
44 74 0.132
44 75 0.057
44 82 0.189
44 89 0.163
44 92 0.239
44 94 0.123
44 99 0.184
44 48 0.121
44 51 0.138
44 60 0.175
44 97 0.155
44 98 0.127
45 58 0.842
45 75 0.908
45 97 0.79
45 84 0.114
45 51 0.245
45 86 0.077
45 90 0.296
45 46 0.085
45 52 0.326
45 54 0.165
45 63 0.153
45 79 0.229
45 80 0.144
45 88 0.09
45 92 0.087
45 53 0.14
45 83 0.171
45 95 0.161
46 49 1
46 56 0.84
46 68 0.983
46 75 0.58
46 84 0.824
46 51 0.384
46 64 0.202
46 63 0.164
46 96 0.144
46 59 0.052
46 73 0.071
46 93 0.153
46 54 0.125
46 60 0.179
46 65 0.179
46 67 0.037
46 70 0.027
46 77 0.035
46 78 0.127
46 94 0.161
46 95 0.082
46 97 0.148
46 69 0.139
46 86 0.123
46 53 0.151
46 66 0.132
47 49 0.59
47 89 0.681
47 74 0.119
47 70 0.252
47 50 0.163
47 56 0.16
47 72 0.037
47 80 0.178
47 84 0.09
47 87 0.212
47 94 0.189
47 96 0.092
47 93 0.189
47 53 0.16
47 66 0.162
47 71 0.164
47 78 0.121
47 81 0.175
47 88 0.125
48 52 0.55
48 55 0.863
48 79 0.889
48 49 0.114
48 57 0.136
48 59 0.074
48 73 0.293
48 56 0.147
48 61 0.067
48 67 0.048
48 72 0.1
48 97 0.129
48 99 0.15
48 58 0.188
48 87 0.197
48 76 0.112
48 86 0.103
49 59 0.935
49 85 0.959
49 93 0.785
49 82 0.055
49 51 0.002
49 55 0.045
49 89 0.187
49 64 0.055
49 86 0.231
49 58 0.153
49 61 0.196
49 63 0.238
49 66 0.069
49 75 0.126
49 79 0.206
49 94 0.142
49 96 0.221
49 60 0.18
49 71 0.215
49 70 0.137
49 81 0.122
50 66 0.692
50 87 1
50 93 0.555
50 69 0.209
50 51 0.092
50 53 0.094
50 73 0.161
50 80 0.086
50 56 0.08
50 58 0.11
50 59 0.232
50 65 0.098
50 71 0.162
50 74 0.081
50 84 0.252
50 90 0.026
50 94 0.237
50 95 0.085
50 81 0.191
50 96 0.162
50 70 0.189
50 99 0.173
51 82 1
51 72 0.113
51 87 0.161
51 88 0.175
51 60 0.222
51 64 0.113
51 91 0.183
51 56 0.192
51 58 0.065
51 61 0.255
51 62 0.208
51 66 0.108
51 76 0.169
51 78 0.078
51 80 0.189
51 95 0.334
51 96 0.082
51 59 0.137
51 65 0.118
51 67 0.049
51 63 0.189
52 55 0.607
52 56 0.757
52 71 0.937
52 76 0.682
52 95 0.715
52 70 0.891
52 80 0.933
52 77 0.185
52 81 0.152
52 78 0.107
52 82 0.058
52 86 0.131
52 61 0.104
52 68 0.197
52 73 0.203
52 75 0.199
52 85 0.041
52 96 0.091
52 98 0.181
52 99 0.022
52 60 0.097
52 66 0.206
53 59 1
53 60 0.737
53 64 0.625
53 65 0.9
53 78 1
53 97 0.81
53 91 0.91
53 84 0.155
53 67 0.169
53 80 0.248
53 54 0.213
53 55 0.09
53 57 0.019
53 69 0.217
53 79 0.085
53 82 0.183
53 94 0.143
53 95 0.189
53 87 0.077
53 73 0.167
53 75 0.083
54 75 0.072
54 82 0.002
54 61 0.154
54 69 0.166
54 55 0.182
54 63 0.246
54 70 0.205
54 72 0.195
54 76 0.165
54 92 0.028
54 68 0.131
54 58 0.144
54 67 0.175
54 80 0.13
55 61 0.221
55 78 0.179
55 95 0.187
55 59 0.112
55 69 0.135
55 70 0.081
55 71 0.177
55 74 0.12
55 77 0.136
55 85 0.157
55 89 0.185
55 84 0.208
55 88 0.139
55 64 0.152
55 73 0.164
55 76 0.123
55 79 0.124
55 80 0.168
56 89 0.145
56 99 0.208
56 58 0.173
56 71 0.136
56 61 0.117
56 81 0.091
56 60 0.168
56 67 0.082
56 69 0.062
56 76 0.106
56 95 0.066
56 63 0.077
56 77 0.087
56 57 0.15
56 97 0.174
57 70 0.917
57 82 1
57 95 0.113
57 69 0.098
57 74 0.199
57 96 0.162
57 61 0.193
57 67 0.057
57 77 0.012
57 80 0.202
57 83 0.243
57 84 0.313
57 93 0.215
57 72 0.062
57 81 0.158
57 94 0.128
58 94 0.785
58 97 0.682
58 82 0.985
58 93 0.632
58 88 0.261
58 61 0.109
58 59 0.124
58 70 0.198
58 71 0.183
58 73 0.201
58 90 0.112
58 76 0.153
58 78 0.123
58 64 0.161
58 66 0.11
58 80 0.194
58 96 0.109
59 61 0.643
59 99 0.91
59 83 0.227
59 77 0.265
59 62 0.012
59 72 0.161
59 87 0.212
59 60 0.227
59 63 0.155
59 65 0.214
59 71 0.052
59 82 0.099
59 96 0.241
59 86 0.088
59 66 0.189
59 74 0.175
59 89 0.145
59 91 0.144
60 82 0.942
60 91 0.855
60 73 0.117
60 77 0.008
60 95 0.153
60 74 0.268
60 67 0.111
60 69 0.008
60 71 0.179
60 76 0.098
60 80 0.226
60 87 0.137
60 75 0.126
60 78 0.142
61 70 0.833
61 80 0.89
61 68 0.323
61 73 0.359
61 71 0.188
61 87 0.094
61 62 0.176
61 65 0.038
61 66 0.139
61 78 0.137
61 92 0.181
61 97 0.088
61 63 0.163
61 85 0.115
61 93 0.118
61 96 0.171
61 99 0.082
62 70 0.92
62 92 0.702
62 69 0.171
62 83 0.205
62 85 0.166
62 90 0.177
62 99 0.069
62 63 0.165
62 64 0.211
62 66 0.201
62 67 0.102
62 76 0.137
62 77 0.165
62 84 0.246
62 87 0.043
62 89 0.171
62 93 0.083
62 94 0.137
62 97 0.065
62 82 0.115
63 92 0.724
63 93 0.702
63 97 0.961
63 78 0.174
63 82 0.105
63 96 0.148
63 68 0.228
63 76 0.159
63 86 0.232
63 89 0.302
63 88 0.109
64 75 0.082
64 69 0.178
64 71 0.161
64 78 0.076
64 87 0.293
64 98 0.235
64 65 0.181
64 89 0.137
64 90 0.169
64 91 0.118
65 72 0.671
65 80 0.736
65 89 0.904
65 97 0.908
65 77 0.18
65 78 0.24
65 83 0.351
65 93 0.104
65 79 0.11
65 95 0.232
65 98 0.07
65 99 0.286
65 67 0.146
65 70 0.181
65 90 0.147
65 66 0.115
65 71 0.138
66 69 0.879
66 73 0.687
66 71 0.33
66 76 0.115
66 77 0.128
66 79 0.098
66 80 0.151
66 86 0.069
66 95 0.049
66 67 0.233
66 74 0.112
66 78 0.167
66 85 0.09
66 92 0.316
66 99 0.143
67 70 0.212
67 72 0.112
67 73 0.066
67 88 0.096
67 94 0.113
67 96 0.199
67 75 0.142
67 95 0.006
67 99 0.239
67 74 0.113
67 86 0.204
68 74 0.908
68 79 0.646
68 97 0.965
68 69 0.628
68 93 0.171
68 71 0.211
68 75 0.151
68 84 0.218
68 87 0.264
68 94 0.181
68 89 0.16
68 98 0.166
69 81 0.572
69 82 0.931
69 84 0.586
69 80 0.133
69 72 0.189
69 86 0.035
69 70 0.16
69 85 0.123
69 89 0.155
69 91 0.04
69 93 0.075
69 95 0.166
69 99 0.164
70 74 0.812
70 98 0.736
70 94 0.992
70 82 0.11
70 86 0.181
70 72 0.123
70 80 0.214
70 81 0.128
70 87 0.381
70 96 0.158
70 97 0.183
70 75 0.105
70 78 0.188
70 85 0.16
70 95 0.168
71 97 0.112
71 76 0.244
71 87 0.121
71 89 0.132
71 99 0.119
72 80 0.801
72 96 0.595
72 81 0.189
72 95 0.089
72 76 0.158
72 78 0.162
72 84 0.133
72 79 0.104
72 85 0.042
72 88 0.122
72 89 0.023
72 94 0.141
72 97 0.077
72 99 0.083
72 82 0.138
73 80 0.971
73 91 0.849
73 96 0.763
73 98 0.984
73 78 0.188
73 79 0.201
73 89 0.178
73 82 0.123
73 85 0.136
73 87 0.132
73 94 0.176
74 77 0.861
74 78 0.972
74 80 0.773
74 82 0.95
74 93 0.806
74 86 0.84
74 81 0.245
74 95 0.148
74 96 0.211
75 91 0.996
75 89 0.99
75 93 0.286
75 86 0.233
75 92 0.247
75 95 0.12
75 97 0.145
75 99 0.17
76 99 1
76 79 0.229
76 83 0.133
76 85 0.176
76 91 0.064
76 98 0.111
76 77 0.211
77 80 0.132
77 84 0.092
77 87 0.171
77 95 0.116
77 96 0.069
77 98 0.287
77 99 0.12
77 97 0.165
78 85 0.136
78 86 0.211
78 84 0.096
78 95 0.12
79 80 0.947
79 85 0.054
79 89 0.205
79 94 0.025
79 95 0.211
79 81 0.084
79 90 0.16
79 99 0.027
79 86 0.167
80 84 0.647
80 99 0.255
80 82 0.132
80 83 0.108
80 88 0.126
80 94 0.127
81 85 0.502
81 90 0.937
81 97 0.826
81 99 1
81 89 0.182
81 92 0.203
81 87 0.185
81 95 0.118
81 93 0.219
81 83 0.148
82 92 0.893
82 88 0.189
82 83 0.131
82 85 0.111
82 86 0.091
82 91 0.162
82 93 0.103
82 98 0.306
83 86 0.961
83 95 0.073
83 93 0.14
83 85 0.123
83 87 0.248
83 92 0.12
83 88 0.153
83 91 0.139
84 89 0.647
84 94 0.604
84 95 0.707
84 91 0.097
84 98 0.014
84 99 0.157
84 85 0.231
84 87 0.168
84 88 0.108
84 90 0.185
84 96 0.19
84 97 0.114
85 99 0.887
85 94 0.807
85 87 0.299
85 95 0.131
85 86 0.277
85 91 0.179
85 92 0.253
85 96 0.05
86 88 0.224
86 90 0.268
86 97 0.145
86 92 0.217
86 96 0.145
87 93 0.133
87 89 0.175
87 91 0.125
87 96 0.231
88 91 0.758
88 93 0.834
88 95 0.832
88 90 0.139
88 89 0.139
88 96 0.027
88 99 0.145
89 99 0.932
89 95 0.164
89 94 0.204
89 96 0.128
90 91 0.184
90 98 0.058
91 98 0.927
91 93 0.112
91 99 0.087
91 95 0.115
92 97 0.066
92 98 0.165
93 95 0.161
93 98 0.23
94 95 0.223
94 96 0.091
94 97 0.15
94 99 0.135
95 97 0.127
95 99 0.154
97 99 0.278
98 99 0.001
