0 11 0.704
0 15 0.794
0 24 0.607
0 44 0.975
0 97 0.975
0 98 0.773
0 6 0.844
0 74 0.077
0 41 0.276
0 77 0.319
0 38 0.045
0 51 0.23
0 8 0.193
0 69 0.2
0 83 0.122
0 7 0.131
0 17 0.149
0 52 0.108
0 54 0.175
0 61 0.166
0 81 0.068
0 4 0.179
0 9 0.139
0 48 0.152
0 59 0.128
0 84 0.156
0 86 0.143
0 92 0.192
0 99 0.131
1 9 0.933
1 51 0.692
1 65 0.729
1 66 0.841
1 73 0.812
1 43 0.72
1 41 0.677
1 89 0.68
1 77 0.323
1 92 0.059
1 38 0.073
1 59 0.27
1 80 0.021
1 33 0.139
1 7 0.233
1 22 0.229
1 46 0.312
1 75 0.2
1 78 0.214
1 13 0.173
1 25 0.161
1 16 0.236
1 36 0.124
1 60 0.153
1 71 0.089
1 4 0.149
1 15 0.124
1 18 0.138
1 29 0.183
1 58 0.1
1 64 0.135
1 70 0.195
1 96 0.146
2 95 0.918
2 96 0.901
2 97 0.68
2 69 0.049
2 67 0.071
2 68 0.163
2 93 0.174
2 45 0.242
2 73 0.177
2 64 0.211
2 78 0.141
2 86 0.046
2 90 0.099
2 43 0.067
2 59 0.209
2 65 0.174
2 82 0.037
2 51 0.111
2 52 0.207
2 62 0.141
3 30 0.893
3 31 0.549
3 80 1
3 92 0.947
3 20 0.57
3 86 0.081
3 87 0.233
3 67 0.299
3 37 0.102
3 90 0.107
3 29 0.2
3 50 0.173
3 97 0.185
3 27 0.109
3 40 0.032
3 44 0.137
3 65 0.206
3 70 0.124
3 73 0.207
3 11 0.167
3 47 0.105
3 53 0.095
3 57 0.122
3 60 0.075
4 42 0.743
4 94 0.791
4 35 0.613
4 16 0.567
4 76 0.454
4 24 0.356
4 60 0.099
4 72 0.002
4 27 0.156
4 50 0.147
4 98 0.074
4 21 0.07
4 67 0.219
4 28 0.189
4 37 0.036
4 86 0.23
4 7 0.126
4 17 0.131
4 31 0.128
4 43 0.15
4 47 0.187
4 64 0.138
4 65 0.173
4 79 0.168
4 85 0.068
4 90 0.173
5 82 0.919
5 86 0.843
5 27 0.981
5 50 0.224
5 26 0.126
5 41 0.165
5 55 0.056
5 97 0.185
5 32 0.096
5 74 0.119
5 95 0.13
5 7 0.262
5 16 0.117
5 29 0.088
5 56 0.16
5 76 0.137
5 88 0.09
5 11 0.144
5 14 0.15
5 17 0.141
5 30 0.121
5 38 0.135
5 58 0.142
5 63 0.131
5 64 0.149
5 68 0.115
5 75 0.166
6 9 0.762
6 29 0.659
6 44 1
6 62 0.879
6 10 0.922
6 16 1
6 13 0.196
6 31 0.078
6 36 0.048
6 66 0.103
6 20 0.093
6 77 0.062
6 96 0.101
6 12 0.066
6 27 0.167
6 69 0.263
6 82 0.269
6 83 0.204
6 86 0.031
6 87 0.24
6 39 0.17
6 42 0.169
6 45 0.137
6 24 0.193
6 25 0.134
6 55 0.128
6 99 0.15
7 8 0.728
7 10 0.609
7 15 0.991
7 25 0.91
7 36 0.768
7 45 0.605
7 56 0.897
7 62 0.794
7 72 0.781
7 73 0.64
7 74 0.739
7 18 0.739
7 83 0.226
7 54 0.197
7 84 0.101
7 23 0.253
7 50 0.177
7 55 0.117
7 16 0.169
7 29 0.095
7 61 0.115
7 96 0.042
7 11 0.208
7 35 0.224
7 68 0.226
7 92 0.243
7 94 0.012
7 59 0.144
7 19 0.087
7 33 0.087
7 41 0.135
7 43 0.233
7 97 0.17
7 98 0.177
8 30 0.885
8 32 1
8 46 0.789
8 47 0.603
8 73 0.668
8 76 0.099
8 52 0.295
8 43 0.242
8 63 0.13
8 42 0.203
8 82 0.084
8 27 0.131
8 57 0.075
8 59 0.164
8 77 0.153
8 13 0.112
8 18 0.164
8 23 0.095
8 28 0.125
8 35 0.147
8 37 0.131
8 68 0.096
8 88 0.135
9 33 1
9 35 0.974
9 65 1
9 88 0.765
9 91 0.973
9 93 0.722
9 58 0.065
9 13 0.208
9 77 0.38
9 53 0.268
9 37 0.251
9 80 0.135
9 87 0.162
9 11 0.177
9 17 0.16
9 25 0.167
9 42 0.143
9 54 0.067
9 92 0.074
9 20 0.171
9 28 0.188
9 61 0.139
9 78 0.173
9 94 0.146
9 99 0.12
10 18 1
10 61 0.755
10 77 0.757
10 81 0.658
10 83 0.858
10 90 0.933
10 36 0.461
10 26 0.37
10 49 0.298
10 31 0.061
10 51 0.102
10 15 0.054
10 99 0.324
10 19 0.318
10 25 0.068
10 46 0.179
10 50 0.115
10 22 0.192
10 16 0.156
10 17 0.132
10 23 0.111
10 48 0.147
10 56 0.13
10 58 0.191
10 68 0.127
10 80 0.141
10 92 0.122
11 36 0.927
11 44 0.959
11 64 0.687
11 79 0.446
11 85 0.683
11 88 0.841
11 16 0.372
11 47 0.312
11 68 0.007
11 26 0.204
11 28 0.132
11 33 0.272
11 70 0.001
11 76 0.137
11 78 0.131
11 93 0.139
11 46 0.272
11 57 0.153
11 95 0.271
11 14 0.055
11 38 0.194
11 55 0.124
11 58 0.073
11 63 0.09
11 75 0.14
11 87 0.12
11 19 0.115
11 25 0.08
11 30 0.169
11 31 0.117
11 32 0.182
11 54 0.184
11 56 0.165
11 89 0.19
11 97 0.19
12 64 1
12 47 0.835
12 19 0.129
12 92 0.273
12 94 0.233
12 68 0.18
12 99 0.18
12 35 0.323
12 95 0.261
12 96 0.284
12 56 0.187
12 16 0.214
12 73 0.185
12 17 0.128
12 24 0.149
12 25 0.165
12 43 0.15
12 84 0.109
12 88 0.089
13 41 0.761
13 49 0.648
13 95 1
13 35 0.061
13 14 0.161
13 30 0.144
13 26 0.196
13 77 0.216
13 85 0.167
13 51 0.098
13 74 0.095
13 80 0.174
13 82 0.207
13 88 0.146
13 89 0.105
13 38 0.144
13 54 0.117
13 76 0.186
13 90 0.175
14 62 0.901
14 93 0.588
14 94 0.966
14 18 0.129
14 64 0.176
14 44 0.148
14 57 0.178
14 46 0.292
14 66 0.208
14 84 0.163
14 28 0.097
14 56 0.082
14 22 0.131
14 33 0.176
14 40 0.174
14 42 0.142
14 87 0.074
14 89 0.195
15 84 0.572
15 80 0.264
15 96 0.129
15 91 0.212
15 29 0.171
15 58 0.129
15 31 0.164
15 57 0.044
15 67 0.181
15 16 0.119
15 34 0.081
15 40 0.134
15 42 0.087
15 70 0.145
16 20 1
16 33 0.811
16 51 0.98
16 74 0.711
16 21 0.855
16 26 0.58
16 40 0.145
16 42 0.151
16 61 0.188
16 72 0.119
16 79 0.102
16 93 0.079
16 19 0.084
16 64 0.153
16 71 0.205
16 73 0.114
16 85 0.145
16 32 0.164
16 36 0.148
16 38 0.198
16 41 0.153
16 76 0.114
16 83 0.16
16 87 0.155
16 96 0.122
17 30 0.586
17 36 0.832
17 91 0.789
17 21 0.346
17 31 0.204
17 37 0.162
17 27 0.162
17 32 0.12
17 60 0.101
17 65 0.184
17 71 0.143
17 84 0.168
17 86 0.133
17 22 0.157
17 40 0.085
17 43 0.141
17 88 0.149
17 96 0.167
17 99 0.127
18 80 0.852
18 46 0.79
18 54 0.754
18 81 0.045
18 98 0.067
18 33 0.137
18 38 0.182
18 92 0.198
18 21 0.224
18 27 0.003
18 34 0.175
18 49 0.072
18 67 0.196
18 73 0.186
18 85 0.121
18 93 0.015
18 99 0.236
18 19 0.159
18 26 0.166
18 28 0.135
18 45 0.158
18 66 0.189
18 71 0.163
18 74 0.177
18 94 0.186
18 96 0.178
19 29 0.64
19 62 1
19 63 0.691
19 91 0.689
19 40 0.244
19 85 0.105
19 51 0.126
19 55 0.252
19 58 0.069
19 95 0.317
19 48 0.059
19 26 0.113
19 30 0.198
19 68 0.112
19 72 0.149
19 79 0.105
19 96 0.331
19 23 0.146
19 69 0.203
19 76 0.05
19 94 0.084
19 64 0.132
20 34 0.615
20 43 0.859
20 59 0.98
20 76 0.578
20 95 0.153
20 68 0.031
20 33 0.18
20 44 0.096
20 85 0.273
20 94 0.147
20 35 0.077
20 53 0.102
20 32 0.117
20 55 0.17
20 64 0.154
20 81 0.159
20 90 0.173
21 31 0.751
21 45 0.835
21 51 0.879
21 82 0.664
21 75 1
21 47 0.091
21 41 0.133
21 35 0.124
21 99 0.002
21 37 0.317
21 58 0.088
21 83 0.067
21 57 0.024
21 77 0.063
21 81 0.204
21 28 0.094
21 32 0.108
21 40 0.105
21 46 0.145
21 61 0.162
21 73 0.199
21 89 0.147
21 91 0.178
22 28 1
22 31 0.738
22 41 0.776
22 42 1
22 58 0.437
22 90 0.825
22 92 0.975
22 67 0.409
22 72 0.212
22 84 0.103
22 34 0.178
22 73 0.038
22 39 0.096
22 74 0.098
22 91 0.113
22 35 0.214
22 61 0.248
22 25 0.107
22 27 0.166
22 50 0.153
22 64 0.152
22 82 0.122
22 87 0.144
22 89 0.171
22 97 0.142
23 69 0.772
23 77 0.907
23 49 0.986
23 72 0.2
23 68 0.149
23 86 0.205
23 33 0.164
23 73 0.248
23 82 0.089
23 36 0.12
23 45 0.32
23 48 0.015
23 56 0.211
23 67 0.186
23 38 0.146
23 41 0.23
23 46 0.182
23 55 0.045
23 62 0.232
23 63 0.041
23 71 0.101
23 96 0.049
23 31 0.109
23 54 0.142
23 60 0.139
23 70 0.173
23 87 0.153
24 32 0.947
24 45 0.786
24 65 0.739
24 72 0.589
24 94 0.908
24 98 0.712
24 52 0.418
24 95 0.241
24 85 0.21
24 99 0.013
24 54 0.06
24 76 0.098
24 93 0.096
24 73 0.321
24 31 0.168
24 55 0.141
24 63 0.135
24 77 0.147
24 97 0.167
24 25 0.133
24 34 0.143
24 59 0.135
24 60 0.14
24 75 0.116
25 35 0.941
25 41 0.675
25 78 0.866
25 98 0.968
25 50 0.214
25 73 0.277
25 95 0.245
25 92 0.043
25 99 0.252
25 38 0.224
25 44 0.101
25 84 0.07
25 46 0.196
25 62 0.139
25 67 0.166
25 80 0.16
25 27 0.174
25 33 0.149
25 36 0.136
25 52 0.141
25 68 0.154
25 74 0.16
25 88 0.145
25 89 0.17
26 54 0.545
26 58 0.856
26 76 0.597
26 84 0.925
26 95 0.729
26 37 0.134
26 63 0.075
26 94 0.315
26 46 0.147
26 31 0.242
26 47 0.102
26 62 0.087
26 66 0.181
26 80 0.21
26 34 0.109
26 43 0.189
26 49 0.154
26 65 0.168
26 82 0.152
26 89 0.174
26 96 0.183
27 44 0.698
27 69 0.665
27 56 0.592
27 99 0.169
27 72 0.221
27 82 0.128
27 38 0.092
27 57 0.119
27 58 0.102
27 31 0.212
27 81 0.141
27 91 0.13
27 30 0.138
27 47 0.201
27 53 0.104
27 63 0.12
27 70 0.107
27 77 0.139
27 94 0.14
27 95 0.152
27 98 0.155
28 51 0.812
28 57 0.93
28 91 0.752
28 93 0.969
28 36 1
28 75 0.769
28 56 0.033
28 29 0.194
28 31 0.354
28 32 0.149
28 47 0.149
28 55 0.154
28 69 0.232
28 96 0.131
28 39 0.185
28 84 0.187
28 95 0.18
28 63 0.189
28 72 0.198
28 90 0.145
28 54 0.105
28 59 0.147
28 97 0.114
29 72 0.897
29 34 0.641
29 44 0.226
29 41 0.366
29 63 0.155
29 80 0.233
29 32 0.071
29 70 0.135
29 82 0.174
29 87 0.199
29 42 0.177
29 67 0.092
29 53 0.064
29 62 0.184
29 97 0.187
30 37 0.9
30 38 0.751
30 42 1
30 94 0.824
30 96 0.761
30 50 0.783
30 69 0.777
30 63 0.23
30 71 0.314
30 83 0.111
30 55 0.115
30 68 0.126
30 99 0.159
31 42 0.719
31 43 1
31 55 0.751
31 85 0.895
31 86 0.697
31 88 0.553
31 98 0.885
31 54 0.719
31 56 0.186
31 33 0.266
31 37 0.009
31 67 0.128
31 49 0.171
31 52 0.051
31 57 0.188
31 79 0.07
31 35 0.172
31 40 0.129
31 89 0.161
31 90 0.047
31 44 0.136
31 50 0.158
31 62 0.199
31 73 0.118
31 82 0.134
32 54 0.649
32 58 0.975
32 80 0.734
32 93 0.644
32 51 0.016
32 67 0.21
32 52 0.084
32 65 0.219
32 66 0.133
32 81 0.048
32 88 0.076
32 98 0.198
32 40 0.277
32 48 0.12
32 75 0.16
32 87 0.32
32 62 0.193
32 69 0.119
32 79 0.174
32 83 0.142
32 90 0.233
32 50 0.126
32 57 0.151
33 45 0.901
33 59 0.909
33 67 0.858
33 90 0.161
33 79 0.107
33 89 0.179
33 48 0.242
33 36 0.144
33 50 0.13
33 60 0.164
33 69 0.178
33 82 0.143
33 46 0.144
33 72 0.052
34 36 0.939
34 43 0.723
34 83 0.927
34 38 0.136
34 49 0.23
34 63 0.205
34 71 0.048
34 95 0.144
34 78 0.162
34 54 0.102
34 62 0.149
34 60 0.132
34 69 0.163
34 72 0.09
34 93 0.105
35 63 0.862
35 81 0.358
35 88 0.991
35 43 0.677
35 65 0.837
35 56 0.801
35 60 0.386
35 51 0.087
35 64 0.17
35 71 0.269
35 90 0.226
35 52 0.126
35 93 0.132
35 55 0.12
35 62 0.138
35 66 0.152
35 85 0.162
36 42 0.513
36 63 0.999
36 65 0.223
36 58 0.128
36 57 0.093
36 48 0.152
36 80 0.154
36 55 0.148
36 39 0.186
36 44 0.083
36 49 0.227
36 66 0.155
36 79 0.107
36 88 0.123
37 54 0.779
37 65 0.922
37 43 0.25
37 79 0.166
37 57 0.274
37 58 0.155
37 40 0.12
37 49 0.106
37 62 0.154
37 73 0.165
37 74 0.165
37 77 0.12
37 84 0.177
38 46 0.99
38 75 0.921
38 87 0.871
38 70 0.904
38 65 0.54
38 94 0.016
38 48 0.101
38 42 0.208
38 43 0.13
38 95 0.2
38 59 0.111
38 98 0.062
38 45 0.122
38 67 0.182
38 40 0.137
38 49 0.161
38 50 0.057
38 53 0.178
38 54 0.112
38 61 0.162
38 97 0.174
39 80 0.72
39 85 0.878
39 91 0.626
39 99 0.943
39 46 0.77
39 47 0.726
39 56 0.129
39 93 0.058
39 86 0.182
39 66 0.104
39 83 0.13
39 98 0.261
39 45 0.116
39 65 0.193
39 70 0.147
39 71 0.088
39 42 0.147
39 87 0.192
39 90 0.129
40 57 0.469
40 67 0.601
40 92 0.803
40 94 0.932
40 89 0.962
40 46 0.206
40 84 0.052
40 53 0.24
40 50 0.053
40 52 0.233
40 77 0.178
40 64 0.203
40 65 0.152
40 75 0.125
40 88 0.129
41 58 0.945
41 63 0.71
41 92 0.313
41 70 0.111
41 49 0.227
41 85 0.009
41 88 0.053
41 96 0.157
41 42 0.117
41 74 0.12
41 87 0.111
41 47 0.12
41 57 0.119
41 59 0.188
41 69 0.18
41 84 0.141
42 77 0.872
42 79 0.666
42 83 0.94
42 59 0.018
42 94 0.173
42 51 0.136
42 93 0.266
42 58 0.128
42 63 0.212
42 65 0.107
42 99 0.164
42 66 0.124
42 88 0.144
42 55 0.152
42 68 0.112
42 84 0.167
42 90 0.15
43 59 0.685
43 58 0.671
43 87 0.109
43 76 0.11
43 86 0.308
43 94 0.326
43 50 0.112
43 72 0.303
43 75 0.213
43 79 0.182
43 89 0.087
43 56 0.084
43 74 0.109
43 90 0.147
43 49 0.132
43 55 0.18
43 57 0.179
43 67 0.175
43 70 0.133
43 84 0.166
44 55 0.861
44 70 0.781
44 65 0.291
44 83 0.126
44 72 0.233
44 59 0.243
44 69 0.217
44 91 0.302
44 97 0.171
44 54 0.115
44 57 0.074
44 75 0.147
44 49 0.151
44 99 0.161
44 80 0.168
44 82 0.131
45 75 1
45 87 0.595
45 89 0.894
45 83 0.041
45 59 0.236
45 65 0.316
45 55 0.184
45 53 0.202
45 98 0.133
45 84 0.12
45 94 0.183
46 56 0.896
46 88 0.101
46 75 0.049
46 59 0.2
46 73 0.113
46 74 0.33
46 78 0.123
46 47 0.081
46 86 0.091
46 55 0.115
46 57 0.227
46 67 0.219
46 80 0.018
46 94 0.087
46 97 0.134
46 49 0.092
46 85 0.212
46 52 0.135
46 58 0.135
47 58 0.825
47 70 0.772
47 76 0.91
47 86 0.644
47 99 0.981
47 77 0.92
47 80 0.206
47 95 0.137
47 67 0.114
47 73 0.156
47 78 0.089
47 83 0.169
47 84 0.205
47 90 0.137
48 79 0.86
48 72 0.197
48 76 0.1
48 68 0.117
48 89 0.162
48 64 0.172
48 67 0.175
48 82 0.131
48 90 0.196
48 74 0.159
48 77 0.283
48 78 0.182
48 52 0.18
48 53 0.159
48 58 0.177
48 65 0.134
48 66 0.177
48 80 0.136
49 53 0.619
49 59 0.519
49 82 0.866
49 93 0.551
49 50 0.077
49 57 0.208
49 74 0.156
49 65 0.079
49 64 0.091
49 67 0.107
49 71 0.157
49 78 0.128
49 86 0.116
49 99 0.123
49 54 0.112
49 61 0.171
49 70 0.144
49 76 0.151
49 87 0.11
49 96 0.223
50 91 0.878
50 68 0.021
50 83 0.236
50 61 0.053
50 72 0.101
50 76 0.126
50 94 0.255
50 53 0.133
50 77 0.265
50 99 0.201
50 57 0.215
50 82 0.075
50 95 0.09
50 86 0.189
50 90 0.185
51 94 0.628
51 96 0.778
51 76 1
51 88 0.817
51 53 0.219
51 97 0.051
51 69 0.149
51 74 0.209
51 82 0.126
51 54 0.171
51 55 0.154
51 56 0.138
51 90 0.157
52 54 0.152
52 86 0.147
52 57 0.169
52 87 0.113
52 91 0.194
52 60 0.149
52 65 0.154
52 94 0.178
52 56 0.125
52 78 0.06
52 90 0.23
52 69 0.106
52 75 0.145
53 63 0.595
53 73 0.907
53 82 1
53 97 1
53 85 0.756
53 55 0.429
53 64 0.271
53 93 0.092
53 67 0.007
53 59 0.162
53 69 0.207
53 80 0.101
53 79 0.126
53 76 0.121
53 81 0.15
53 92 0.129
54 55 0.672
54 75 0.714
54 84 1
54 86 0.744
54 57 0.17
54 79 0.208
54 88 0.139
54 87 0.057
54 97 0.169
54 59 0.124
54 61 0.199
54 62 0.161
54 73 0.172
54 82 0.114
54 85 0.152
54 90 0.181
54 95 0.157
55 82 0.124
55 92 0.217
55 68 0.045
55 74 0.136
55 76 0.206
55 83 0.169
55 65 0.064
55 72 0.165
55 75 0.189
55 78 0.111
55 86 0.063
55 88 0.186
55 90 0.151
55 59 0.126
55 67 0.131
55 77 0.211
55 85 0.123
56 78 0.886
56 84 0.719
56 87 0.852
56 90 0.89
56 81 0.663
56 75 0.074
56 62 0.233
56 91 0.291
56 71 0.214
56 93 0.131
56 66 0.169
56 89 0.178
56 96 0.121
56 57 0.159
57 80 0.589
57 74 0.082
57 84 0.05
57 95 0.075
57 59 0.152
57 79 0.234
57 75 0.272
57 78 0.11
57 96 0.144
57 63 0.203
57 83 0.098
57 87 0.206
57 89 0.14
57 93 0.183
58 61 0.849
58 85 0.708
58 76 0.652
58 65 0.714
58 75 0.925
58 86 0.105
58 66 0.138
58 64 0.223
58 90 0.071
58 92 0.15
58 78 0.075
58 96 0.176
58 98 0.126
59 83 0.152
59 87 0.134
59 91 0.069
59 60 0.219
59 62 0.12
59 63 0.225
59 69 0.089
59 76 0.217
59 86 0.126
59 65 0.157
59 75 0.154
59 85 0.113
59 70 0.126
59 73 0.183
60 70 1
60 99 0.744
60 72 0.854
60 81 0.955
60 67 0.101
60 91 0.174
60 65 0.142
60 66 0.102
60 83 0.089
60 85 0.216
60 87 0.063
60 75 0.148
60 76 0.137
60 78 0.198
60 95 0.13
61 62 0.583
61 84 0.136
61 83 0.119
61 85 0.071
61 67 0.221
61 81 0.137
61 73 0.137
61 74 0.067
61 97 0.134
61 66 0.142
61 79 0.149
61 88 0.167
62 93 0.079
62 83 0.173
62 70 0.115
62 69 0.135
62 75 0.221
62 82 0.138
62 71 0.152
62 79 0.124
62 80 0.137
62 84 0.135
62 92 0.169
63 64 1
63 70 0.707
63 83 0.949
63 93 0.959
63 66 0.6
63 68 0.193
63 87 0.183
63 89 0.19
63 94 0.294
63 79 0.139
63 99 0.138
63 75 0.214
63 97 0.139
63 85 0.115
63 91 0.132
64 78 0.313
64 85 0.094
64 96 0.089
64 84 0.166
64 86 0.212
64 70 0.101
64 71 0.076
64 87 0.154
64 89 0.131
64 92 0.035
64 94 0.143
64 97 0.181
64 77 0.146
64 88 0.17
65 72 0.896
65 97 0.568
65 78 0.148
65 89 0.011
65 91 0.196
65 87 0.08
65 80 0.105
65 99 0.14
65 88 0.134
65 93 0.14
66 69 0.92
66 94 0.043
66 91 0.099
66 75 0.12
66 78 0.119
66 96 0.272
66 97 0.143
67 72 0.28
67 93 0.104
67 91 0.072
67 69 0.102
68 74 0.746
68 80 0.529
68 97 0.901
68 99 0.137
68 69 0.139
68 81 0.122
68 85 0.174
68 89 0.131
68 92 0.167
68 95 0.155
68 98 0.107
69 81 0.88
69 84 1
69 79 0.169
69 82 0.252
69 70 0.212
69 77 0.194
69 96 0.208
69 98 0.191
69 72 0.24
69 71 0.108
69 75 0.153
69 91 0.178
69 97 0.16
70 75 0.983
70 78 0.642
70 83 0.421
70 85 0.341
70 87 0.382
70 89 0.175
70 96 0.078
70 91 0.149
70 94 0.164
70 97 0.138
71 97 0.031
71 72 0.137
71 88 0.136
71 75 0.193
71 76 0.189
71 79 0.139
71 85 0.156
71 90 0.079
71 91 0.157
72 92 0.094
72 76 0.112
72 81 0.127
72 95 0.142
72 87 0.109
72 93 0.114
72 99 0.09
73 74 0.935
73 79 0.755
73 85 0.172
73 94 0.064
73 76 0.163
73 90 0.122
73 84 0.155
73 86 0.182
73 89 0.157
74 96 0.305
74 89 0.187
74 98 0.109
74 75 0.208
74 81 0.217
74 85 0.154
74 80 0.168
74 93 0.159
75 96 0.326
75 87 0.289
75 99 0.17
75 90 0.135
75 94 0.194
75 83 0.138
76 85 0.826
76 91 0.075
76 87 0.187
76 88 0.188
76 92 0.186
76 78 0.174
77 80 0.016
77 78 0.226
77 79 0.141
77 84 0.26
77 87 0.194
77 98 0.173
78 95 1
78 93 0.374
78 85 0.073
78 96 0.281
78 88 0.136
78 92 0.164
78 79 0.214
78 80 0.194
78 84 0.112
78 87 0.163
79 86 0.294
79 98 0.193
79 87 0.111
79 90 0.146
80 82 0.519
80 84 0.954
80 99 0.859
80 96 0.422
80 94 0.279
80 90 0.142
80 93 0.13
81 91 0.288
81 82 0.154
81 84 0.157
81 89 0.156
81 90 0.208
82 96 0.758
82 94 0.318
82 88 0.2
82 92 0.165
83 86 0.753
83 98 1
83 97 0.011
84 99 0.233
84 90 0.049
84 88 0.102
85 99 0.943
85 96 0.034
85 90 0.123
85 91 0.089
85 92 0.064
86 88 0.683
86 91 0.05
86 95 0.098
86 97 0.093
87 89 0.305
87 96 0.131
87 91 0.133
87 94 0.084
88 92 0.933
88 93 0.847
88 95 0.993
88 97 0.712
88 96 0.115
89 90 0.14
90 97 0.667
90 98 0.903
90 93 0.186
90 91 0.144
90 96 0.168
91 98 0.806
91 93 0.456
93 99 0.777
93 97 0.581
93 94 0.083
93 96 0.137
94 95 0.842
94 98 0.101
95 99 0.281
96 97 1
97 99 0.899
