0 15 0.787
0 34 0.945
0 36 1
0 49 0.98
0 69 0.735
0 77 0.574
0 4 0.971
0 24 0.967
0 1 0.104
0 12 0.058
0 8 0.289
0 21 0.24
0 28 0.142
0 37 0.078
0 42 0.103
0 43 0.158
0 46 0.107
0 80 0.205
0 22 0.031
0 29 0.042
0 2 0.18
0 18 0.193
0 20 0.155
0 23 0.258
0 30 0.141
0 32 0.312
0 33 0.139
0 67 0.17
0 79 0.066
0 41 0.174
0 59 0.173
0 64 0.201
0 65 0.143
0 97 0.155
1 45 0.899
1 65 0.917
1 66 0.875
1 67 1
1 23 0.256
1 52 0.341
1 98 0.097
1 76 0.116
1 44 0.252
1 48 0.174
1 73 0.061
1 75 0.216
1 17 0.178
1 21 0.03
1 22 0.181
1 35 0.21
1 91 0.077
1 24 0.246
1 53 0.133
1 64 0.295
1 69 0.134
1 87 0.271
1 16 0.166
1 19 0.177
1 26 0.132
1 57 0.137
1 81 0.152
1 84 0.14
2 8 1
2 25 1
2 16 0.697
2 30 0.953
2 40 1
2 9 0.601
2 80 0.187
2 61 0.017
2 18 0.129
2 38 0.062
2 57 0.287
2 90 0.187
2 21 0.039
2 33 0.17
2 50 0.072
2 62 0.06
2 81 0.151
2 4 0.18
2 11 0.171
2 34 0.119
2 37 0.149
2 63 0.14
2 69 0.178
2 82 0.224
3 14 0.861
3 66 0.798
3 92 0.951
3 77 0.787
3 55 0.078
3 63 0.226
3 28 0.223
3 58 0.042
3 69 0.135
3 36 0.15
3 37 0.259
3 45 0.201
3 57 0.13
3 20 0.194
3 23 0.152
3 60 0.143
3 71 0.155
3 6 0.179
3 8 0.142
3 24 0.16
3 25 0.171
3 35 0.12
3 73 0.11
3 78 0.169
3 80 0.12
3 87 0.157
3 90 0.126
3 93 0.211
4 33 0.672
4 38 1
4 40 0.806
4 41 0.944
4 66 0.561
4 91 0.902
4 53 0.487
4 16 0.793
4 51 0.269
4 85 0.143
4 12 0.093
4 24 0.117
4 31 0.057
4 65 0.198
4 84 0.226
4 8 0.166
4 18 0.141
4 28 0.209
4 55 0.071
4 64 0.155
4 96 0.202
4 25 0.17
4 45 0.217
4 50 0.142
4 58 0.153
4 60 0.125
4 62 0.16
4 68 0.145
4 72 0.176
4 74 0.132
4 93 0.177
4 94 0.094
5 39 0.912
5 71 0.854
5 86 1
5 38 0.993
5 47 0.14
5 69 0.2
5 88 0.175
5 16 0.35
5 24 0.258
5 56 0.179
5 11 0.221
5 15 0.06
5 21 0.138
5 30 0.235
5 68 0.049
5 77 0.125
5 18 0.137
5 42 0.157
5 73 0.149
5 85 0.211
5 99 0.218
6 11 0.652
6 15 0.539
6 59 0.829
6 62 0.71
6 82 0.574
6 53 0.907
6 39 0.736
6 65 0.191
6 50 0.236
6 27 0.117
6 34 0.09
6 61 0.176
6 90 0.196
6 70 0.144
6 98 0.191
6 42 0.248
6 56 0.134
6 67 0.059
6 71 0.144
6 58 0.143
6 64 0.066
6 73 0.122
6 75 0.138
6 88 0.106
6 9 0.148
6 33 0.16
6 36 0.157
6 43 0.143
6 51 0.15
6 55 0.147
6 76 0.151
6 87 0.069
6 93 0.187
7 8 0.849
7 15 0.551
7 72 0.937
7 89 0.678
7 97 1
7 32 0.29
7 51 0.131
7 60 0.179
7 25 0.054
7 11 0.14
7 61 0.079
7 66 0.197
7 14 0.132
7 40 0.16
7 71 0.145
7 73 0.146
7 79 0.179
8 30 0.599
8 32 0.711
8 33 0.804
8 46 0.545
8 47 0.864
8 77 0.99
8 42 0.106
8 49 0.075
8 64 0.203
8 73 0.301
8 80 0.161
8 20 0.154
8 26 0.126
8 15 0.071
8 62 0.159
8 70 0.125
8 72 0.171
8 83 0.119
8 91 0.154
8 92 0.15
9 14 0.699
9 41 0.806
9 61 0.877
9 70 0.702
9 76 0.622
9 80 0.885
9 64 0.289
9 37 0.184
9 45 0.24
9 44 0.09
9 53 0.255
9 12 0.073
9 22 0.181
9 49 0.163
9 72 0.05
9 89 0.193
9 35 0.266
9 98 0.109
9 10 0.14
9 23 0.193
9 25 0.105
9 91 0.084
9 18 0.138
9 28 0.151
9 31 0.138
9 36 0.16
9 38 0.172
9 90 0.126
10 20 0.728
10 42 0.991
10 22 0.631
10 16 0.932
10 68 0.277
10 54 0.161
10 25 0.067
10 49 0.29
10 64 0.168
10 31 0.18
10 60 0.17
10 83 0.176
10 99 0.155
10 41 0.146
10 46 0.154
10 96 0.184
10 23 0.026
10 28 0.128
10 52 0.046
10 80 0.188
10 88 0.174
10 92 0.181
10 13 0.137
10 40 0.079
10 47 0.126
10 50 0.19
10 61 0.129
10 89 0.141
10 93 0.14
11 18 0.347
11 25 0.833
11 85 0.765
11 93 0.988
11 27 0.837
11 95 0.77
11 94 0.349
11 33 0.251
11 89 0.172
11 14 0.161
11 26 0.168
11 52 0.219
11 53 0.169
11 78 0.002
11 96 0.209
11 34 0.11
11 39 0.097
11 43 0.11
11 45 0.14
11 84 0.15
11 22 0.111
11 24 0.099
11 46 0.086
11 70 0.181
11 72 0.142
11 79 0.121
12 29 0.677
12 33 0.886
12 45 0.993
12 56 0.659
12 64 0.955
12 15 0.249
12 83 0.038
12 94 0.103
12 99 0.093
12 69 0.279
12 74 0.146
12 37 0.247
12 51 0.179
12 77 0.063
12 81 0.154
12 84 0.144
12 14 0.158
12 24 0.154
12 26 0.091
12 65 0.164
12 67 0.158
12 79 0.143
12 90 0.144
12 95 0.134
13 48 1
13 91 0.855
13 64 0.884
13 65 0.857
13 56 0.655
13 18 0.981
13 29 0.533
13 37 0.678
13 21 0.265
13 28 0.19
13 30 0.391
13 38 0.126
13 14 0.124
13 47 0.174
13 54 0.207
13 25 0.201
13 35 0.14
13 40 0.192
13 46 0.16
13 67 0.16
13 72 0.211
13 90 0.146
13 98 0.156
14 68 0.783
14 78 0.824
14 93 0.865
14 96 0.666
14 97 0.255
14 87 0.361
14 47 0.071
14 91 0.083
14 57 0.087
14 66 0.099
14 69 0.164
14 81 0.252
14 25 0.174
14 39 0.166
14 40 0.179
14 51 0.139
14 59 0.134
14 67 0.197
14 88 0.109
14 30 0.176
14 38 0.149
14 42 0.135
14 61 0.153
14 62 0.175
14 82 0.144
14 89 0.108
14 99 0.126
15 39 0.697
15 97 1
15 24 0.629
15 53 0.137
15 66 0.271
15 80 0.174
15 85 0.201
15 45 0.135
15 68 0.168
15 70 0.08
15 36 0.147
15 72 0.087
15 92 0.102
15 71 0.126
15 95 0.143
15 99 0.149
15 31 0.17
15 56 0.111
15 84 0.129
15 90 0.138
15 94 0.14
16 65 0.833
16 49 0.981
16 63 0.077
16 69 0.202
16 79 0.076
16 34 0.378
16 59 0.147
16 81 0.041
16 17 0.096
16 44 0.041
16 64 0.177
16 36 0.199
16 47 0.12
16 56 0.158
16 67 0.148
16 23 0.141
16 32 0.078
16 38 0.144
16 61 0.137
16 87 0.138
16 26 0.141
16 33 0.097
16 37 0.141
16 51 0.143
16 94 0.127
16 96 0.16
17 24 0.926
17 91 0.846
17 98 0.535
17 29 0.773
17 46 0.892
17 69 0.441
17 92 0.124
17 95 0.054
17 65 0.125
17 59 0.149
17 61 0.147
17 87 0.139
17 88 0.126
17 90 0.252
17 19 0.129
17 27 0.127
17 50 0.149
17 53 0.245
17 99 0.111
17 51 0.126
17 73 0.099
17 21 0.161
17 26 0.082
17 77 0.184
17 89 0.108
17 93 0.155
18 30 0.621
18 34 0.896
18 80 0.466
18 81 0.919
18 26 0.914
18 25 0.807
18 69 0.209
18 54 0.273
18 89 0.105
18 53 0.152
18 55 0.264
18 92 0.151
18 20 0.128
18 29 0.239
18 93 0.199
18 32 0.141
18 35 0.108
18 71 0.17
18 74 0.147
18 88 0.1
18 57 0.159
18 58 0.13
18 67 0.169
18 77 0.128
19 62 0.937
19 69 0.65
19 93 0.974
19 98 0.975
19 42 0.148
19 58 0.212
19 37 0.109
19 72 0.14
19 27 0.138
19 84 0.051
19 22 0.105
19 23 0.204
19 40 0.24
19 97 0.189
19 28 0.112
19 29 0.154
19 38 0.109
19 44 0.182
19 52 0.172
19 78 0.158
19 91 0.161
20 25 0.528
20 44 0.775
20 69 1
20 74 0.853
20 90 1
20 32 0.787
20 78 0.874
20 98 0.288
20 22 0.328
20 43 0.172
20 52 0.192
20 85 0.206
20 89 0.099
20 47 0.175
20 94 0.095
20 28 0.113
20 48 0.103
20 75 0.298
20 24 0.133
20 66 0.128
20 79 0.153
21 87 0.819
21 97 0.682
21 98 0.8
21 78 0.587
21 84 0.584
21 80 0.109
21 38 0.033
21 61 0.103
21 25 0.063
21 29 0.12
21 72 0.139
21 75 0.191
21 90 0.162
21 23 0.171
21 28 0.151
21 54 0.077
21 59 0.09
21 33 0.125
21 44 0.223
21 46 0.138
21 47 0.146
21 49 0.145
21 50 0.114
21 77 0.121
21 91 0.123
22 33 0.497
22 41 0.896
22 66 0.684
22 92 0.858
22 60 0.777
22 65 0.925
22 82 0.147
22 48 0.196
22 62 0.295
22 90 0.142
22 28 0.132
22 51 0.261
22 59 0.248
22 96 0.13
22 27 0.201
22 29 0.126
22 34 0.069
22 35 0.124
22 36 0.162
22 49 0.166
22 52 0.107
22 25 0.149
22 44 0.131
22 45 0.149
22 53 0.126
22 76 0.167
22 84 0.121
22 86 0.135
23 25 0.829
23 27 0.613
23 59 0.944
23 95 0.932
23 41 0.786
23 65 0.41
23 30 0.27
23 64 0.292
23 89 0.106
23 67 0.317
23 71 0.296
23 77 0.053
23 28 0.126
23 46 0.19
23 54 0.135
23 90 0.091
23 92 0.095
23 50 0.116
23 61 0.095
23 84 0.16
23 26 0.158
24 45 0.763
24 49 0.906
24 72 0.845
24 86 0.529
24 69 0.679
24 60 0.356
24 48 0.34
24 99 0.149
24 37 0.181
24 66 0.006
24 82 0.188
24 85 0.115
24 30 0.193
24 88 0.245
24 92 0.153
24 51 0.081
24 75 0.127
24 83 0.18
24 28 0.19
24 29 0.206
24 36 0.156
24 39 0.213
24 42 0.23
24 54 0.151
24 67 0.17
24 98 0.207
25 70 0.723
25 82 0.571
25 85 0.865
25 40 0.114
25 41 0.164
25 67 0.216
25 29 0.206
25 36 0.142
25 37 0.095
25 50 0.127
25 83 0.243
25 30 0.182
25 74 0.085
25 98 0.194
25 26 0.103
25 60 0.192
25 80 0.182
26 54 0.656
26 84 0.632
26 71 0.56
26 90 0.07
26 89 0.58
26 92 0.119
26 95 0.464
26 69 0.154
26 76 0.149
26 55 0.146
26 86 0.005
26 46 0.074
26 87 0.119
26 91 0.19
26 42 0.111
26 37 0.127
26 48 0.149
26 51 0.166
26 64 0.15
26 98 0.144
26 99 0.124
27 32 0.969
27 57 0.869
27 59 1
27 69 0.987
27 76 0.75
27 94 0.632
27 97 0.893
27 44 0.285
27 34 0.372
27 33 0.045
27 83 0.125
27 40 0.182
27 55 0.076
27 60 0.063
27 87 0.267
27 30 0.21
27 46 0.158
27 79 0.157
27 31 0.208
27 70 0.13
27 50 0.107
27 66 0.168
27 90 0.123
28 51 0.826
28 55 0.833
28 73 0.99
28 85 0.978
28 96 1
28 70 0.786
28 97 0.717
28 58 0.201
28 36 0.082
28 92 0.181
28 94 0.187
28 68 0.187
28 93 0.156
28 50 0.091
28 60 0.248
28 90 0.036
28 41 0.114
28 63 0.118
28 87 0.242
28 30 0.153
28 47 0.159
28 49 0.112
28 75 0.158
28 77 0.169
28 91 0.147
29 37 1
29 64 0.889
29 79 0.61
29 97 0.882
29 38 0.83
29 87 0.035
29 63 0.203
29 39 0.147
29 71 0.15
29 78 0.132
29 82 0.122
29 30 0.193
29 55 0.033
29 57 0.211
29 65 0.065
29 73 0.088
29 50 0.223
29 60 0.155
29 72 0.132
29 75 0.125
30 56 0.982
30 98 0.78
30 87 0.729
30 75 0.082
30 31 0.111
30 32 0.162
30 37 0.137
30 39 0.108
30 42 0.123
30 44 0.114
30 53 0.075
30 55 0.201
30 73 0.095
30 74 0.166
30 79 0.087
30 90 0.04
30 38 0.153
30 54 0.211
30 94 0.111
31 43 0.845
31 85 0.957
31 86 0.85
31 98 0.766
31 94 0.251
31 93 0.027
31 95 0.118
31 33 0.203
31 65 0.047
31 72 0.133
31 79 0.013
31 92 0.221
31 49 0.189
31 52 0.107
31 69 0.116
31 32 0.164
31 34 0.186
31 38 0.139
31 66 0.126
31 70 0.212
31 90 0.151
32 94 0.316
32 51 0.102
32 84 0.092
32 96 0.198
32 33 0.114
32 48 0.06
32 88 0.167
32 42 0.114
32 50 0.166
32 53 0.164
32 62 0.147
32 73 0.183
32 81 0.143
32 89 0.174
32 98 0.131
33 45 0.708
33 50 0.216
33 57 0.217
33 54 0.283
33 61 0.195
33 64 0.183
33 83 0.25
33 55 0.195
33 60 0.1
33 68 0.188
33 73 0.12
33 39 0.152
33 47 0.131
33 72 0.159
33 79 0.187
33 85 0.139
33 97 0.139
34 48 0.722
34 83 0.611
34 98 0.614
34 90 0.222
34 67 0.322
34 76 0.101
34 87 0.213
34 53 0.122
34 66 0.211
34 85 0.091
34 95 0.019
34 36 0.223
34 41 0.131
34 58 0.165
34 77 0.131
34 88 0.135
35 37 0.723
35 47 0.946
35 63 0.616
35 88 0.723
35 96 0.951
35 48 0.208
35 61 0.132
35 99 0.237
35 41 0.082
35 49 0.223
35 87 0.179
35 52 0.161
35 84 0.156
36 42 0.822
36 55 0.83
36 57 0.978
36 39 0.739
36 51 0.635
36 74 0.158
36 67 0.095
36 90 0.327
36 45 0.111
36 93 0.079
36 83 0.09
36 91 0.253
36 95 0.044
36 47 0.03
36 78 0.137
36 79 0.231
36 58 0.165
36 94 0.12
37 41 0.809
37 92 0.885
37 73 0.157
37 77 0.334
37 45 0.114
37 50 0.146
37 61 0.169
37 70 0.206
37 71 0.099
37 95 0.187
37 99 0.101
37 44 0.194
37 53 0.198
37 74 0.147
37 75 0.069
37 86 0.282
37 62 0.114
37 76 0.154
37 93 0.121
38 75 0.715
38 78 0.69
38 80 1
38 82 0.936
38 40 0.144
38 74 0.07
38 91 0.215
38 46 0.1
38 53 0.091
38 56 0.123
38 77 0.12
38 83 0.11
38 41 0.175
38 45 0.092
38 50 0.123
38 58 0.203
38 63 0.06
38 70 0.107
38 73 0.095
38 89 0.124
38 65 0.157
38 92 0.204
39 63 0.61
39 66 0.656
39 84 0.566
39 85 0.463
39 73 0.824
39 50 0.259
39 43 0.084
39 64 0.192
39 89 0.204
39 96 0.158
39 52 0.19
39 57 0.133
39 59 0.16
39 77 0.181
39 79 0.126
39 87 0.151
39 90 0.16
40 41 0.849
40 61 0.643
40 76 0.926
40 90 0.926
40 85 0.355
40 51 0.208
40 87 0.084
40 54 0.106
40 77 0.153
40 92 0.101
40 93 0.057
40 62 0.124
40 70 0.134
40 98 0.052
40 57 0.147
40 75 0.128
40 80 0.156
40 81 0.157
40 97 0.125
41 75 0.907
41 45 0.961
41 49 0.669
41 51 0.489
41 55 0.146
41 94 0.138
41 71 0.039
41 86 0.234
41 90 0.217
41 65 0.043
41 46 0.2
41 85 0.208
41 47 0.149
41 59 0.145
41 64 0.181
41 76 0.222
41 92 0.147
42 43 0.843
42 79 0.677
42 83 0.953
42 87 0.853
42 94 0.849
42 98 0.61
42 51 0.109
42 53 0.121
42 70 0.203
42 82 0.317
42 85 0.205
42 57 0.175
42 50 0.153
42 62 0.154
42 71 0.131
42 74 0.13
42 84 0.116
42 88 0.169
43 45 0.622
43 93 1
43 88 0.851
43 48 0.304
43 51 0.187
43 70 0.119
43 64 0.126
43 78 0.153
43 85 0.237
43 95 0.202
43 57 0.162
43 61 0.08
43 94 0.11
43 67 0.135
43 74 0.175
43 99 0.158
44 64 0.593
44 95 0.955
44 46 0.081
44 92 0.258
44 94 0.169
44 99 0.411
44 90 0.1
44 93 0.26
44 51 0.198
44 97 0.272
44 83 0.128
44 45 0.187
44 52 0.183
44 61 0.148
44 79 0.132
44 89 0.159
45 58 1
45 75 0.758
45 97 0.986
45 57 0.132
45 82 0.072
45 48 0.151
45 70 0.096
45 87 0.19
46 49 0.974
46 56 0.851
46 68 1
46 84 0.904
46 98 0.32
46 60 0.237
46 72 0.131
46 75 0.152
46 76 0.013
46 62 0.223
46 93 0.147
46 57 0.155
46 67 0.146
46 70 0.097
46 80 0.209
47 49 0.619
47 89 1
47 76 0.285
47 71 0.18
47 99 0.118
47 70 0.225
47 82 0.141
47 93 0.161
47 79 0.069
47 91 0.127
47 50 0.133
47 53 0.135
47 63 0.149
47 87 0.163
47 98 0.17
48 52 0.621
48 55 0.945
48 79 0.702
48 99 0.105
48 89 0.028
48 67 0.033
48 80 0.06
48 49 0.204
48 81 0.213
48 76 0.174
48 97 0.082
48 54 0.168
48 58 0.134
48 60 0.131
48 75 0.133
48 78 0.185
49 59 0.877
49 85 0.857
49 93 1
49 92 0.212
49 89 0.174
49 80 0.11
49 61 0.291
49 70 0.126
49 74 0.227
49 77 0.133
49 66 0.191
49 71 0.152
49 82 0.162
50 87 0.708
50 93 0.91
50 94 0.059
50 77 0.135
50 92 0.055
50 52 0.077
50 69 0.092
50 74 0.172
50 60 0.164
50 62 0.173
50 71 0.142
50 79 0.133
50 82 0.159
50 84 0.147
50 95 0.154
50 98 0.118
51 82 0.949
51 55 0.289
51 71 0.265
51 76 0.201
51 85 0.131
51 89 0.066
51 94 0.184
51 95 0.238
51 54 0.126
51 57 0.147
51 59 0.003
51 79 0.111
51 99 0.077
51 62 0.137
51 64 0.167
51 66 0.12
51 93 0.168
52 55 0.547
52 56 0.854
52 71 0.985
52 76 0.743
52 95 0.703
52 70 0.79
52 80 0.837
52 78 0.249
52 87 0.113
52 83 0.143
52 86 0.144
52 99 0.121
52 63 0.163
52 77 0.182
52 97 0.103
52 59 0.182
52 60 0.157
52 79 0.172
52 84 0.116
52 89 0.118
52 96 0.18
53 59 0.762
53 60 0.854
53 64 0.719
53 65 0.51
53 78 0.905
53 97 0.778
53 91 0.873
53 94 0.224
53 70 0.291
53 62 0.098
53 63 0.292
53 68 0.221
53 77 0.105
53 82 0.163
53 88 0.22
53 99 0.177
54 99 0.201
54 62 0.103
54 61 0.214
54 86 0.279
54 98 0.21
54 88 0.155
54 59 0.16
54 91 0.183
54 63 0.115
54 65 0.136
54 81 0.215
55 81 0.181
55 83 0.22
55 77 0.081
55 66 0.046
55 78 0.129
55 60 0.039
55 62 0.182
55 75 0.153
56 70 0.169
56 85 0.153
56 97 0.141
56 66 0.179
56 67 0.118
56 99 0.106
56 68 0.132
56 74 0.147
56 96 0.196
57 70 0.516
57 82 0.688
57 60 0.144
57 59 0.175
57 69 0.246
57 85 0.206
57 92 0.158
57 94 0.213
57 62 0.168
57 66 0.224
57 68 0.168
57 74 0.131
58 94 0.943
58 97 0.786
58 82 0.863
58 93 0.707
58 87 0.064
58 64 0.148
58 73 0.124
58 79 0.197
58 85 0.206
58 99 0.316
58 62 0.065
58 84 0.113
58 65 0.12
58 74 0.096
58 75 0.144
58 95 0.012
58 68 0.15
58 71 0.128
58 77 0.105
58 91 0.204
58 98 0.115
59 99 0.862
59 92 0.127
59 82 0.14
59 64 0.189
59 85 0.195
59 88 0.224
59 62 0.149
59 63 0.165
59 67 0.158
59 68 0.194
59 71 0.166
59 75 0.219
59 77 0.169
59 79 0.102
59 83 0.149
59 87 0.174
59 94 0.104
60 82 0.918
60 91 0.848
60 65 0.135
60 76 0.131
60 98 0.054
60 70 0.168
61 70 0.771
61 80 0.745
61 73 0.305
61 93 0.075
61 67 0.113
61 68 0.151
61 88 0.26
61 90 0.203
61 95 0.056
61 62 0.147
61 75 0.105
61 81 0.158
61 91 0.096
62 70 0.661
62 92 0.682
62 63 0.151
62 98 0.072
62 68 0.222
62 64 0.173
62 78 0.154
63 92 0.973
63 93 0.878
63 97 1
63 72 0.096
63 66 0.202
63 89 0.114
63 90 0.145
63 64 0.168
63 65 0.153
63 76 0.134
63 88 0.207
63 71 0.161
64 99 0.108
64 76 0.353
64 83 0.238
64 88 0.246
64 72 0.262
64 66 0.132
64 69 0.157
64 90 0.127
65 72 0.736
65 80 0.727
65 89 1
65 97 0.89
65 78 0.152
65 83 0.134
65 69 0.133
65 85 0.187
65 86 0.185
65 94 0.178
66 69 0.68
66 73 1
66 82 0.202
66 78 0.058
66 87 0.072
66 93 0.116
66 75 0.248
66 98 0.281
66 70 0.168
66 80 0.15
66 81 0.111
66 84 0.239
66 90 0.133
66 99 0.18
67 91 0.219
67 81 0.127
68 74 0.674
68 97 0.864
68 86 0.156
68 88 0.135
68 94 0.17
68 69 0.145
68 72 0.169
68 76 0.175
68 77 0.13
68 93 0.178
68 98 0.126
69 82 0.848
69 84 0.525
69 90 0.179
69 70 0.197
69 74 0.117
69 93 0.204
69 99 0.204
69 75 0.097
69 80 0.148
70 98 0.498
70 94 0.805
70 96 0.397
70 80 0.218
70 71 0.154
70 95 0.123
70 77 0.104
70 87 0.143
71 90 0.301
71 75 0.137
71 89 0.18
71 72 0.146
71 80 0.148
71 85 0.111
71 88 0.122
71 99 0.187
72 80 0.817
72 96 0.694
72 90 0.394
72 93 0.315
72 98 0.377
72 82 0.095
72 95 0.121
72 99 0.168
73 80 0.845
73 91 0.84
73 96 0.952
73 98 0.971
73 90 0.25
73 93 0.126
73 75 0.184
73 83 0.146
74 77 0.811
74 78 0.927
74 80 1
74 82 0.95
74 93 0.898
74 86 0.653
74 95 0.18
74 75 0.124
74 99 0.258
74 83 0.134
75 91 0.845
75 89 0.815
75 88 0.262
75 87 0.114
75 80 0.145
75 85 0.146
75 86 0.16
76 99 0.931
76 85 0.253
76 81 0.325
76 83 0.039
76 94 0.142
76 87 0.132
76 90 0.22
77 85 0.014
77 82 0.169
77 97 0.168
77 78 0.123
77 90 0.167
78 87 0.322
78 86 0.095
78 94 0.033
78 79 0.225
78 84 0.061
78 99 0.156
78 96 0.114
78 92 0.134
79 80 0.973
79 92 0.116
79 97 0.151
79 81 0.164
80 86 0.087
80 92 0.11
80 93 0.163
81 85 0.824
81 90 0.709
81 97 0.589
81 99 0.869
81 93 0.154
81 89 0.22
81 88 0.17
82 92 1
82 87 0.076
82 85 0.102
83 86 0.993
83 90 0.143
83 98 0.161
84 89 0.977
84 94 0.592
84 95 0.679
84 91 0.2
84 85 0.074
84 86 0.146
84 92 0.095
85 99 1
85 94 0.772
85 90 0.098
85 97 0.197
86 98 0.112
86 99 0.121
87 88 0.253
87 96 0.076
87 99 0.172
88 91 0.627
88 93 0.844
88 95 0.5
88 98 0.117
88 92 0.255
88 99 0.157
89 99 0.778
89 93 0.197
89 98 0.182
90 98 0.298
90 94 0.179
90 91 0.116
91 98 0.979
91 97 0.173
92 94 0.296
92 99 0.164
92 93 0.21
92 95 0.13
92 97 0.036
94 95 0.232
94 97 0.145
94 99 0.059
94 98 0.171
