0 32 0.991
0 51 0.991
0 78 0.597
0 7 1
0 17 1.0
0 34 0.448
0 42 0.062
0 88 0.913
0 107 0.949
0 79 0.865
0 94 0.424
0 99 0.365
0 100 1
0 109 0.193
0 6 0.659
0 22 0.683
0 20 0.771
0 62 0.756
0 93 0.574
0 101 0.712
0 92 0.79
0 31 0.624
0 74 0.966
0 45 1
0 36 0.827
0 73 0.095
0 12 0.456
0 19 0.93
0 69 0.901
0 8 0.603
0 10 0.195
0 13 0.355
0 15 0.144
0 21 0.069
0 23 0.137
0 26 0.396
0 49 0.959
0 50 0.409
0 64 0.477
0 72 0.529
0 98 0.349
0 2 0.147
0 4 0.219
0 28 0.52
0 33 0.225
0 39 0.436
0 47 1
0 53 0.585
0 66 0.392
0 75 0.317
0 80 0.579
0 87 0.466
0 91 0.251
0 108 0.875
0 24 0.401
0 27 0.012
0 29 0.286
0 57 0.18
0 90 0.856
0 96 0.511
0 76 0.533
0 103 0.309
0 37 0.369
0 89 0.675
0 58 0.341
0 68 0.249
0 77 0.789
0 82 0.518
0 104 0.318
0 52 0.313
0 60 0.511
0 38 0.331
0 71 0.285
0 5 0.18
0 46 0.491
0 65 0.175
0 105 0.275
0 18 0.146
0 11 0.572
0 56 0.357
0 81 0.482
0 102 0.195
0 1 0.391
0 25 0.036
0 48 0.983
0 3 0.397
0 59 0.347
0 63 0.379
0 83 0.343
0 54 0.012
0 61 0.457
0 16 0.393
0 70 0.104
0 97 0.059
0 14 0.301
0 35 0.53
0 43 0.421
0 95 0.571
0 85 0.124
0 41 0.186
0 67 0.654
0 44 0.171
0 106 0.286
0 30 0.25
0 84 0.103
0 40 0.14
0 86 0.151
1 109 0.449
1 23 1
1 76 0.126
1 69 0.78
1 84 0.741
1 81 0.335
1 58 0.993
1 12 1
1 31 0.525
1 57 0.718
1 74 1
1 26 0.266
1 62 0.747
1 44 0.61
1 41 0.922
1 18 0.799
1 36 0.833
1 52 0.865
1 29 0.585
1 104 0.498
1 87 0.44
1 66 0.429
1 20 0.139
1 103 0.752
1 19 0.215
1 94 0.659
1 34 0.423
1 42 0.238
1 77 0.127
1 8 0.394
1 9 0.483
1 10 0.287
1 22 0.103
1 40 0.038
1 98 0.454
1 101 0.325
1 2 0.496
1 4 0.336
1 13 0.84
1 28 0.64
1 32 0.117
1 37 0.485
1 38 0.559
1 43 0.151
1 46 0.349
1 53 0.343
1 56 0.682
1 59 0.125
1 68 0.523
1 75 0.393
1 85 0.699
1 89 1
1 91 0.809
1 92 0.994
1 6 0.366
1 72 0.354
1 83 0.324
1 99 0.228
1 100 0.567
1 14 0.325
1 49 0.565
1 106 0.302
1 47 0.408
1 24 0.625
1 51 0.108
1 79 0.135
1 97 0.895
1 64 0.316
1 95 0.133
1 80 0.93
1 15 0.062
1 65 0.206
1 5 0.496
1 60 0.244
1 50 0.253
1 55 0.147
1 70 0.176
1 82 0.608
1 107 0.002
1 78 0.349
1 48 0.313
1 71 0.447
1 7 0.264
1 96 0.372
1 88 0.043
1 105 0.076
1 73 0.533
1 90 0.129
1 102 0.2
1 17 0.488
1 30 0.308
1 54 0.083
1 67 0.182
1 21 0.212
1 45 0.359
1 39 0.058
1 11 0.364
1 27 0.243
1 63 0.192
1 3 0.137
1 35 0.375
1 16 0.098
1 33 0.229
1 61 0.126
1 108 0.155
1 25 0.202
1 86 0.169
2 36 0.865
2 20 1
2 51 0.483
2 68 0.67
2 76 0.87
2 9 0.761
2 19 0.457
2 22 0.544
2 61 0.996
2 66 0.755
2 78 0.497
2 52 0.513
2 99 0.843
2 4 0.661
2 89 0.673
2 6 0.94
2 88 0.454
2 25 0.523
2 34 0.379
2 37 0.689
2 63 0.918
2 102 0.222
2 8 0.341
2 49 0.235
2 54 0.615
2 55 0.027
2 86 0.039
2 107 0.499
2 109 0.571
2 24 1
2 27 0.31
2 29 0.228
2 30 0.592
2 39 0.133
2 40 0.301
2 43 0.067
2 47 0.406
2 50 0.827
2 60 0.028
2 67 0.276
2 72 0.15
2 82 0.758
2 93 0.118
2 12 0.253
2 18 0.004
2 35 0.872
2 45 0.262
2 57 0.583
2 74 0.237
2 77 0.126
2 79 0.291
2 85 0.301
2 92 0.486
2 62 0.676
2 14 0.116
2 69 0.528
2 71 0.388
2 100 0.896
2 46 0.237
2 58 0.411
2 23 0.379
2 26 0.465
2 7 0.761
2 56 0.28
2 5 0.17
2 15 0.526
2 64 0.745
2 97 0.404
2 10 0.28
2 44 0.947
2 48 0.145
2 80 0.607
2 87 0.027
2 31 0.966
2 59 0.157
2 91 0.161
2 42 0.171
2 13 0.133
2 16 0.179
2 103 0.455
2 17 0.262
2 53 0.432
2 94 0.193
2 38 0.152
2 104 0.562
2 105 0.301
2 106 0.323
2 28 0.336
2 84 0.26
2 73 0.003
2 11 0.104
2 108 0.187
2 3 0.173
2 75 0.122
2 70 0.177
2 96 0.174
2 101 0.057
2 98 0.181
2 21 0.176
2 81 0.215
2 33 0.184
2 32 0.139
2 41 0.206
2 65 0.165
2 83 0.149
2 90 0.112
3 57 0.306
3 45 1
3 55 0.855
3 66 0.901
3 70 0.544
3 99 0.753
3 11 0.966
3 78 0.989
3 6 0.887
3 32 0.667
3 61 0.911
3 80 0.637
3 98 0.886
3 84 0.733
3 106 0.676
3 25 0.44
3 94 0.29
3 103 0.646
3 46 0.38
3 37 0.494
3 27 0.278
3 13 0.394
3 20 0.65
3 82 0.952
3 47 0.831
3 63 0.755
3 73 0.08
3 92 0.198
3 7 0.339
3 40 0.391
3 54 0.461
3 60 0.765
3 65 0.901
3 74 0.322
3 107 0.457
3 4 0.699
3 17 0.234
3 29 0.735
3 35 0.639
3 58 0.354
3 76 0.721
3 77 0.386
3 93 0.382
3 96 0.101
3 105 0.201
3 108 0.357
3 8 0.321
3 14 0.106
3 50 0.521
3 64 0.392
3 102 0.117
3 109 0.312
3 9 0.982
3 26 0.646
3 56 0.031
3 18 0.457
3 44 0.308
3 51 0.364
3 104 0.752
3 42 0.438
3 69 0.347
3 21 0.498
3 31 0.549
3 75 0.592
3 86 0.114
3 41 0.574
3 15 0.893
3 36 0.627
3 62 0.464
3 16 0.726
3 12 0.527
3 19 0.44
3 72 0.103
3 10 0.196
3 48 0.437
3 90 0.165
3 101 0.21
3 34 0.255
3 39 0.186
3 59 0.372
3 97 0.257
3 30 0.142
3 43 0.156
3 87 0.091
3 5 0.301
3 83 0.362
3 71 0.265
3 91 0.225
3 23 0.129
3 49 0.105
3 89 0.142
3 22 0.207
3 33 0.095
3 79 0.577
3 85 0.077
3 24 0.322
3 28 0.08
3 68 0.287
3 53 0.005
3 95 0.146
3 52 0.222
3 100 0.176
3 67 0.172
3 81 0.194
3 88 0.265
3 38 0.126
4 29 0.574
4 33 0.638
4 35 0.349
4 82 0.443
4 85 0.006
4 95 0.87
4 98 0.306
4 107 0.293
4 42 0.646
4 50 0.317
4 63 0.484
4 75 0.871
4 96 0.965
4 81 0.88
4 61 0.749
4 87 0.318
4 73 0.536
4 28 0.511
4 6 0.855
4 31 0.921
4 36 0.36
4 78 0.279
4 48 0.257
4 67 0.616
4 102 0.762
4 108 0.435
4 7 0.237
4 9 0.365
4 22 0.416
4 25 0.252
4 49 0.287
4 58 0.16
4 69 0.306
4 72 1
4 8 0.016
4 11 0.92
4 12 0.288
4 15 0.853
4 23 0.477
4 24 0.795
4 27 0.349
4 30 0.15
4 47 0.207
4 53 0.355
4 60 0.25
4 65 0.171
4 66 0.689
4 84 0.421
4 88 0.706
4 103 0.295
4 105 0.536
4 5 0.084
4 20 1
4 32 0.507
4 46 0.356
4 77 0.642
4 100 0.403
4 106 0.125
4 44 0.059
4 90 0.331
4 92 0.324
4 17 0.413
4 38 0.237
4 79 0.246
4 97 0.907
4 26 0.433
4 104 1
4 74 0.579
4 14 0.335
4 80 0.384
4 89 0.666
4 57 0.475
4 99 0.436
4 10 0.693
4 52 0.587
4 51 0.181
4 40 0.371
4 13 0.632
4 43 0.057
4 19 0.257
4 68 0.388
4 64 0.065
4 91 0.302
4 39 0.227
4 37 0.126
4 62 0.11
4 109 0.111
4 71 0.2
4 21 0.258
4 54 0.4
4 56 0.095
4 70 0.297
4 59 0.058
4 93 0.161
4 101 0.446
4 83 0.127
4 34 0.064
4 41 0.138
4 86 0.164
4 18 0.247
4 94 0.104
4 16 0.214
4 55 0.211
4 45 0.201
4 76 0.179
5 55 0.996
5 58 0.804
5 16 0.636
5 29 1
5 14 0.734
5 18 0.835
5 105 0.772
5 27 1
5 74 0.998
5 93 0.289
5 98 0.913
5 88 1
5 31 0.61
5 48 0.81
5 20 0.614
5 15 1
5 60 0.675
5 7 0.739
5 66 0.836
5 30 0.274
5 37 0.821
5 69 0.62
5 9 0.721
5 100 0.898
5 57 0.409
5 97 1
5 10 0.802
5 35 0.562
5 63 0.401
5 26 0.399
5 32 0.616
5 38 0.204
5 49 0.637
5 67 0.529
5 77 0.596
5 82 0.458
5 89 0.788
5 91 1
5 6 0.726
5 36 0.286
5 42 0.585
5 43 0.159
5 53 0.179
5 62 0.773
5 65 0.593
5 70 0.448
5 71 0.492
5 72 0.851
5 79 0.445
5 81 0.592
5 107 0.601
5 109 0.51
5 12 0.299
5 75 0.157
5 44 0.388
5 51 0.263
5 96 0.017
5 8 0.396
5 22 0.308
5 19 0.446
5 104 0.144
5 23 0.774
5 64 0.791
5 25 0.464
5 11 0.617
5 54 0.423
5 90 0.443
5 78 0.266
5 46 0.05
5 85 0.187
5 33 0.858
5 50 0.249
5 61 0.255
5 84 0.122
5 40 0.203
5 52 0.053
5 94 0.402
5 47 0.433
5 68 0.209
5 34 0.11
5 56 0.152
5 39 0.154
5 80 0.173
5 108 0.288
5 41 0.504
5 45 0.213
5 86 0.179
5 99 0.21
5 17 0.289
5 83 0.216
5 76 0.103
5 102 0.09
5 103 0.322
5 87 0.281
5 106 0.138
5 24 0.181
5 73 0.31
5 92 0.232
5 95 0.024
5 101 0.107
5 13 0.057
5 21 0.12
5 28 0.105
5 59 0.139
6 73 0.324
6 21 0.777
6 92 0.772
6 78 0.791
6 87 0.861
6 71 0.77
6 32 1
6 82 1
6 75 0.815
6 83 0.832
6 104 0.972
6 23 1
6 90 0.928
6 108 0.585
6 40 0.736
6 11 0.55
6 9 0.608
6 70 0.71
6 37 0.828
6 22 0.775
6 50 0.731
6 93 0.146
6 97 0.051
6 36 0.358
6 41 0.884
6 56 0.635
6 60 0.427
6 64 0.599
6 98 0.294
6 10 0.066
6 16 0.385
6 24 0.995
6 31 0.165
6 33 1
6 38 0.773
6 48 0.493
6 52 0.071
6 53 0.207
6 55 0.209
6 57 0.173
6 69 0.258
6 86 0.641
6 99 0.458
6 103 0.637
6 106 0.179
6 8 0.561
6 13 0.648
6 15 0.673
6 25 0.539
6 29 0.367
6 72 0.539
6 79 0.84
6 26 0.102
6 65 0.872
6 66 0.192
6 80 0.68
6 14 0.835
6 12 0.456
6 49 0.03
6 44 1
6 94 0.001
6 63 0.53
6 89 0.378
6 101 0.451
6 28 0.077
6 62 0.004
6 96 0.459
6 54 0.237
6 81 0.1
6 19 0.197
6 61 0.28
6 43 0.599
6 46 0.341
6 35 0.555
6 42 0.732
6 39 0.268
6 27 0.367
6 77 0.323
6 85 0.404
6 18 0.701
6 107 0.179
6 102 0.049
6 67 0.361
6 68 0.569
6 84 0.08
6 95 0.183
6 88 0.338
6 45 0.365
6 17 0.125
6 105 0.082
6 34 0.089
6 20 0.158
6 74 0.149
6 76 0.259
6 7 0.162
6 47 0.079
6 51 0.139
6 109 0.15
6 30 0.142
6 91 0.142
6 100 0.13
6 59 0.172
7 12 0.452
7 14 0.895
7 55 0.353
7 99 0.355
7 61 0.83
7 50 0.931
7 62 0.445
7 65 0.395
7 87 1
7 93 0.464
7 56 0.941
7 105 0.913
7 44 0.49
7 27 0.84
7 45 0.471
7 15 1
7 46 0.797
7 53 0.496
7 90 0.736
7 37 0.95
7 32 0.545
7 39 0.827
7 42 0.446
7 8 0.488
7 57 0.342
7 60 0.51
7 47 0.23
7 95 0.846
7 33 0.093
7 35 0.14
7 36 0.891
7 52 0.839
7 54 0.613
7 66 1
7 85 0.263
7 100 0.367
7 13 0.219
7 20 0.325
7 25 0.641
7 43 0.28
7 48 0.193
7 63 0.303
7 64 0.449
7 75 0.445
7 80 0.415
7 84 0.547
7 86 0.246
7 103 0.496
7 104 0.964
7 18 0.365
7 29 0.184
7 58 0.174
7 96 0.311
7 21 0.078
7 51 0.211
7 72 0.684
7 83 0.144
7 98 0.474
7 41 0.196
7 78 0.307
7 23 0.623
7 31 0.522
7 91 0.773
7 22 0.46
7 109 0.07
7 16 0.254
7 49 0.216
7 69 0.873
7 89 0.081
7 94 0.187
7 34 0.36
7 108 0.776
7 79 0.006
7 19 0.194
7 28 0.423
7 38 0.341
7 77 0.802
7 107 0.374
7 10 0.182
7 11 0.24
7 70 0.345
7 102 0.014
7 24 0.17
7 30 0.524
7 81 0.675
7 67 0.606
7 59 0.448
7 73 0.073
7 74 0.196
7 92 0.195
7 97 0.624
7 26 0.318
7 71 0.128
7 82 0.259
7 9 0.211
7 17 0.259
7 106 0.176
7 40 0.215
7 76 0.123
7 101 0.317
7 68 0.141
7 88 0.158
8 73 0.834
8 17 0.695
8 38 0.791
8 97 0.854
8 21 1
8 44 0.86
8 64 0.879
8 89 0.423
8 54 0.387
8 28 0.706
8 104 0.717
8 81 0.987
8 41 1
8 47 0.302
8 87 0.86
8 58 0.971
8 103 0.867
8 11 0.869
8 61 0.587
8 80 0.793
8 33 1
8 85 0.768
8 100 0.536
8 49 0.672
8 102 0.86
8 25 0.468
8 30 0.271
8 14 0.52
8 40 0.218
8 50 0.647
8 93 0.233
8 108 0.342
8 13 0.536
8 19 0.464
8 22 0.378
8 34 0.182
8 42 0.491
8 43 0.532
8 53 0.194
8 56 0.955
8 67 0.462
8 68 0.654
8 75 0.956
8 92 0.307
8 95 0.813
8 98 0.469
8 107 0.154
8 31 0.06
8 52 0.912
8 60 0.109
8 66 0.454
8 9 0.388
8 37 0.193
8 63 0.151
8 10 0.286
8 15 0.273
8 18 0.753
8 72 0.207
8 46 0.51
8 91 1
8 51 0.258
8 32 0.484
8 83 0.161
8 96 0.571
8 27 0.286
8 106 0.139
8 26 0.379
8 29 0.489
8 71 0.363
8 35 0.461
8 45 0.606
8 69 0.48
8 94 0.258
8 101 0.076
8 109 0.363
8 59 0.097
8 90 0.208
8 62 0.265
8 24 0.035
8 74 0.429
8 105 0.086
8 36 0.284
8 86 0.107
8 23 0.127
8 55 0.161
8 65 0.365
8 84 0.425
8 76 0.079
8 77 0.345
8 88 0.275
8 20 0.007
8 48 0.202
8 57 0.322
8 16 0.173
8 70 0.127
8 39 0.04
8 78 0.103
8 12 0.121
8 79 0.142
9 12 0.935
9 88 0.846
9 57 0.501
9 76 0.848
9 70 0.706
9 94 0.921
9 104 0.594
9 107 0.578
9 13 0.674
9 62 0.427
9 60 0.484
9 81 0.944
9 24 0.433
9 35 0.165
9 23 0.594
9 96 0.433
9 98 1
9 55 0.581
9 59 0.973
9 34 0.634
9 45 1
9 17 0.603
9 42 0.881
9 54 1
9 51 0.681
9 19 0.766
9 84 0.422
9 66 0.322
9 11 0.467
9 18 0.783
9 22 0.877
9 27 0.393
9 29 0.272
9 33 0.319
9 39 0.499
9 63 0.381
9 69 0.248
9 87 0.989
9 97 0.889
9 106 0.894
9 108 0.057
9 14 0.407
9 20 0.651
9 28 0.397
9 37 0.178
9 48 0.284
9 65 0.306
9 67 0.515
9 82 0.712
9 50 0.429
9 58 0.67
9 89 0.105
9 92 0.858
9 86 0.52
9 43 0.482
9 72 0.542
9 53 0.508
9 46 0.65
9 56 0.457
9 73 0.142
9 52 0.211
9 49 0.765
9 74 0.326
9 26 0.233
9 93 0.053
9 44 0.217
9 85 0.469
9 100 0.769
9 83 0.254
9 109 0.434
9 68 0.179
9 77 0.508
9 101 0.16
9 21 0.153
9 40 0.31
9 95 0.471
9 102 0.134
9 64 0.165
9 47 0.213
9 80 0.117
9 79 0.268
9 30 0.157
9 32 0.147
9 61 0.125
9 41 0.248
9 78 0.268
9 90 0.083
9 16 0.186
9 31 0.131
9 103 0.451
9 15 0.032
9 71 0.302
9 75 0.056
9 105 0.034
9 25 0.125
9 10 0.138
9 38 0.142
9 91 0.128
9 99 0.088
10 66 0.948
10 52 0.56
10 59 1
10 81 1
10 101 0.993
10 14 0.538
10 32 0.615
10 51 0.496
10 96 1
10 106 0.891
10 72 0.318
10 90 0.866
10 27 0.369
10 92 0.21
10 19 0.548
10 53 0.737
10 68 0.868
10 11 0.425
10 29 0.941
10 39 1
10 76 0.527
10 100 0.791
10 25 0.891
10 93 0.827
10 49 0.684
10 41 0.122
10 75 0.125
10 22 0.305
10 43 0.098
10 46 0.111
10 47 0.882
10 48 1
10 69 0.416
10 74 0.397
10 78 0.393
10 83 0.703
10 95 0.001
10 97 0.469
10 99 0.458
10 109 0.924
10 20 0.083
10 37 0.39
10 42 0.683
10 44 0.554
10 54 0.355
10 58 0.283
10 63 0.536
10 67 0.967
10 85 0.494
10 88 0.124
10 98 0.562
10 102 0.405
10 105 0.182
10 91 0.652
10 55 0.814
10 62 0.619
10 71 0.162
10 82 0.376
10 38 0.267
10 28 0.839
10 56 0.626
10 23 0.413
10 33 0.361
10 50 1
10 80 0.117
10 61 0.45
10 60 0.275
10 73 0.501
10 30 0.118
10 94 0.235
10 15 0.417
10 103 0.563
10 13 0.299
10 65 0.376
10 24 0.205
10 57 0.262
10 107 0.37
10 104 0.083
10 79 0.169
10 108 0.451
10 16 0.26
10 89 0.28
10 12 0.153
10 70 0.033
10 77 0.456
10 18 0.381
10 86 0.24
10 84 0.463
10 36 0.327
10 26 0.231
10 40 0.026
10 31 0.275
10 17 0.13
10 21 0.16
10 34 0.109
10 35 0.131
10 45 0.212
10 64 0.164
10 87 0.18
11 55 0.75
11 93 0.661
11 97 0.905
11 89 0.711
11 81 0.573
11 23 1
11 51 0.277
11 77 0.575
11 19 0.747
11 54 0.723
11 99 0.824
11 27 0.954
11 28 0.899
11 44 0.642
11 39 0.832
11 83 1
11 84 0.757
11 71 1
11 101 0.9
11 72 0.974
11 80 0.883
11 50 0.814
11 108 0.351
11 13 0.832
11 15 0.821
11 37 0.868
11 36 0.61
11 100 0.884
11 82 0.44
11 24 0.546
11 63 0.938
11 104 0.679
11 12 0.207
11 17 0.591
11 38 0.91
11 42 0.028
11 73 0.343
11 91 0.16
11 95 0.598
11 106 0.833
11 18 1
11 31 0.558
11 43 0.417
11 66 0.367
11 67 0.332
11 70 0.44
11 74 0.179
11 75 0.399
11 79 0.029
11 92 0.597
11 98 0.13
11 107 0.688
11 25 1
11 49 0.421
11 60 0.07
11 68 0.422
11 103 0.975
11 21 0.308
11 41 0.964
11 45 0.311
11 65 0.123
11 14 0.007
11 48 0.373
11 96 0.379
11 47 0.06
11 57 0.409
11 58 0.12
11 87 0.299
11 46 0.173
11 76 0.296
11 86 0.239
11 33 0.792
11 26 0.487
11 16 0.172
11 61 0.226
11 62 0.214
11 69 0.227
11 105 0.33
11 88 0.196
11 34 0.053
11 56 0.015
11 59 0.246
11 64 0.531
11 90 0.452
11 85 0.265
11 78 0.027
11 20 0.276
11 29 0.179
11 40 0.029
11 53 0.399
11 94 0.08
11 35 0.222
11 30 0.259
11 109 0.231
11 32 0.127
11 52 0.172
12 102 0.697
12 24 0.933
12 91 0.395
12 31 0.947
12 103 0.655
12 87 0.639
12 89 0.168
12 27 0.125
12 72 0.35
12 90 0.654
12 53 0.751
12 58 0.877
12 51 0.398
12 67 0.919
12 96 0.553
12 19 0.936
12 99 0.075
12 42 0.854
12 68 0.852
12 36 0.703
12 92 0.501
12 33 0.527
12 104 0.421
12 71 1
12 39 0.65
12 15 0.731
12 98 0.453
12 50 0.233
12 59 0.882
12 60 0.288
12 73 0.323
12 78 0.291
12 25 0.674
12 34 0.668
12 40 0.522
12 43 0.334
12 45 0.437
12 55 0.352
12 56 0.216
12 79 0.269
12 84 0.646
12 93 0.211
12 95 0.398
12 101 0.478
12 105 0.822
12 109 0.385
12 49 0.293
12 63 0.224
12 64 0.324
12 83 0.347
12 108 0.44
12 88 0.084
12 17 0.619
12 29 0.404
12 32 0.94
12 23 0.277
12 54 0.511
12 57 0.287
12 69 0.817
12 75 0.484
12 61 0.8
12 94 0.521
12 106 0.409
12 22 0.436
12 62 0.081
12 21 0.348
12 76 0.434
12 46 0.137
12 52 0.746
12 16 0.008
12 65 0.324
12 30 0.109
12 35 0.215
12 38 0.599
12 44 0.594
12 80 0.295
12 48 0.206
12 77 0.455
12 14 0.322
12 18 0.431
12 28 0.469
12 74 0.382
12 100 0.042
12 47 0.08
12 66 0.501
12 41 0.369
12 81 0.402
12 82 0.349
12 85 0.278
12 86 0.217
12 37 0.192
12 97 0.164
12 13 0.222
12 26 0.126
12 70 0.118
12 107 0.136
13 97 0.624
13 87 0.785
13 67 0.974
13 106 1
13 49 1
13 63 0.83
13 91 0.537
13 22 1
13 95 1
13 30 0.765
13 57 0.306
13 107 0.725
13 76 0.556
13 75 0.224
13 55 0.833
13 82 0.892
13 18 0.162
13 19 0.232
13 23 0.644
13 26 0.172
13 28 0.427
13 35 0.286
13 37 0.015
13 45 0.911
13 47 0.49
13 71 0.254
13 73 0.302
13 96 0.157
13 99 0.302
13 16 0.904
13 21 0.038
13 25 0.199
13 31 0.316
13 48 0.181
13 74 0.148
13 79 0.141
13 80 0.098
13 102 0.314
13 105 0.189
13 109 0.47
13 40 0.429
13 46 0.343
13 72 0.267
13 81 0.549
13 84 0.487
13 90 0.426
13 36 0.406
13 68 0.199
13 53 0.6
13 59 0.261
13 66 0.24
13 86 0.158
13 14 0.38
13 60 0.436
13 103 0.545
13 104 0.401
13 78 0.159
13 93 0.235
13 94 1
13 101 0.596
13 39 0.489
13 27 0.277
13 32 0.559
13 42 0.086
13 88 0.35
13 83 0.517
13 69 0.587
13 98 0.64
13 17 0.152
13 20 0.226
13 65 0.713
13 77 0.17
13 15 0.159
13 51 0.008
13 56 0.165
13 61 0.015
13 108 0.455
13 92 0.002
13 33 0.207
13 24 0.234
13 43 0.474
13 52 0.352
13 100 0.186
13 64 0.178
13 89 0.07
13 29 0.232
13 50 0.264
13 62 0.054
13 41 0.101
13 34 0.089
13 38 0.17
13 44 0.137
13 54 0.12
13 70 0.093
13 85 0.108
13 58 0.148
14 62 0.96
14 44 0.816
14 77 0.737
14 107 1
14 33 0.713
14 68 0.863
14 103 0.551
14 29 1
14 101 0.587
14 55 0.555
14 64 0.693
14 100 0.481
14 94 0.496
14 22 0.348
14 54 0.937
14 75 0.741
14 32 0.844
14 41 0.895
14 67 0.161
14 104 0.42
14 23 0.665
14 61 0.305
14 43 0.66
14 25 0.412
14 46 0.163
14 73 0.513
14 98 0.524
14 17 0.699
14 18 0.194
14 31 0.662
14 36 0.492
14 47 0.573
14 53 0.509
14 65 0.324
14 81 0.191
14 86 0.742
14 90 0.79
14 102 0.771
14 108 0.137
14 15 0.426
14 40 0.118
14 49 0.509
14 52 0.95
14 56 0.746
14 60 0.028
14 70 0.344
14 85 0.717
14 106 0.484
14 109 0.616
14 21 0.31
14 37 0.58
14 99 0.563
14 69 0.618
14 78 0.028
14 105 0.592
14 57 0.429
14 34 0.196
14 58 0.285
14 93 0.359
14 19 0.52
14 92 0.425
14 87 0.173
14 39 0.557
14 50 0.396
14 74 0.886
14 89 0.262
14 30 0.229
14 82 0.547
14 26 0.11
14 48 0.227
14 28 0.391
14 76 0.094
14 79 0.132
14 88 0.597
14 42 0.452
14 63 0.224
14 72 0.124
14 97 0.254
14 84 0.185
14 96 0.036
14 59 0.116
14 24 0.164
14 80 0.397
14 83 0.071
14 66 0.067
14 20 0.203
14 35 0.15
14 38 0.164
14 45 0.284
14 51 0.16
14 91 0.193
14 16 0.202
14 27 0.14
14 71 0.166
15 71 0.603
15 97 0.819
15 17 0.339
15 40 1
15 36 0.877
15 93 0.293
15 18 0.975
15 33 0.338
15 39 0.783
15 48 0.48
15 58 0.508
15 108 0.564
15 106 0.219
15 25 0.769
15 32 0.772
15 52 0.602
15 61 1
15 68 0.268
15 63 0.753
15 53 1
15 88 0.494
15 47 0.268
15 74 0.118
15 41 0.611
15 70 0.946
15 21 0.106
15 49 0.642
15 64 0.753
15 76 0.332
15 29 0.095
15 46 0.451
15 55 0.494
15 66 0.781
15 69 0.463
15 73 0.104
15 78 0.535
15 86 0.438
15 103 0.398
15 20 0.712
15 23 0.351
15 26 0.978
15 31 0.243
15 35 0.675
15 44 0.578
15 67 0.191
15 94 0.431
15 101 0.531
15 105 0.452
15 34 0.121
15 83 0.213
15 96 0.332
15 51 0.39
15 22 0.428
15 28 0.352
15 84 0.309
15 95 0.101
15 89 0.02
15 107 0.785
15 102 0.516
15 65 0.462
15 87 0.317
15 54 0.055
15 104 0.2
15 77 0.042
15 38 0.336
15 90 0.312
15 27 0.95
15 79 0.409
15 100 0.472
15 81 0.275
15 19 0.539
15 43 0.407
15 45 0.307
15 24 0.45
15 56 0.216
15 57 0.168
15 92 0.428
15 16 0.405
15 30 0.674
15 37 0.053
15 50 0.072
15 42 0.124
15 82 0.067
15 75 0.266
15 72 0.359
15 85 0.32
15 109 0.149
15 60 0.125
15 98 0.19
15 80 0.187
15 62 0.138
15 91 0.21
15 99 0.067
15 59 0.156
16 69 0.498
16 97 0.13
16 35 0.926
16 24 0.447
16 18 0.879
16 41 0.948
16 73 0.111
16 82 0.676
16 93 0.287
16 99 0.783
16 105 0.459
16 89 0.949
16 101 0.326
16 88 0.622
16 36 0.663
16 55 0.458
16 74 0.917
16 75 0.948
16 96 0.83
16 68 0.766
16 87 0.883
16 92 0.542
16 62 0.695
16 94 0.65
16 31 0.549
16 72 0.834
16 51 0.286
16 53 0.235
16 65 1
16 78 0.831
16 81 0.263
16 26 0.527
16 39 0.485
16 42 0.133
16 50 1
16 52 0.304
16 60 0.429
16 64 0.25
16 67 0.752
16 77 0.63
16 80 0.447
16 106 0.69
16 23 0.63
16 56 0.481
16 30 0.058
16 22 0.136
16 47 0.815
16 59 0.446
16 32 0.479
16 79 0.84
16 17 0.479
16 43 0.862
16 45 0.95
16 70 0.84
16 61 0.353
16 103 0.444
16 21 0.279
16 29 0.193
16 84 0.543
16 90 0.139
16 25 0.625
16 100 0.744
16 108 0.562
16 86 0.573
16 98 0.62
16 91 0.094
16 109 0.14
16 44 0.225
16 46 0.517
16 48 0.189
16 49 0.207
16 66 0.266
16 76 0.301
16 102 0.714
16 104 0.052
16 28 0.063
16 54 0.029
16 27 0.272
16 37 0.173
16 83 0.004
16 20 0.204
16 33 0.268
16 34 0.172
16 40 0.069
16 85 0.114
16 57 0.114
16 58 0.196
16 95 0.006
16 38 0.129
16 63 0.121
16 71 0.115
16 107 0.148
17 22 0.904
17 37 0.925
17 36 0.376
17 42 0.313
17 71 0.431
17 25 0.68
17 57 1
17 97 0.569
17 48 0.057
17 53 0.054
17 88 1
17 90 0.347
17 18 0.822
17 44 0.293
17 75 0.638
17 94 0.149
17 98 0.599
17 106 0.762
17 108 0.924
17 70 0.941
17 82 0.063
17 60 0.215
17 33 0.315
17 55 0.606
17 59 0.442
17 65 0.96
17 41 0.327
17 46 0.907
17 51 0.446
17 74 0.911
17 77 0.128
17 99 0.507
17 105 0.143
17 35 0.264
17 38 0.238
17 50 0.394
17 56 0.42
17 63 0.613
17 68 0.64
17 91 0.42
17 101 0.421
17 107 0.47
17 19 0.893
17 29 0.209
17 26 0.295
17 34 0.46
17 109 0.098
17 66 0.146
17 73 0.493
17 79 0.159
17 93 0.104
17 87 0.41
17 24 0.646
17 47 0.03
17 61 0.623
17 104 0.406
17 62 0.309
17 69 0.799
17 92 0.382
17 40 0.624
17 78 0.059
17 32 0.253
17 45 0.099
17 31 0.458
17 58 0.562
17 52 0.285
17 76 0.203
17 84 0.561
17 95 0.41
17 81 0.166
17 30 0.26
17 96 0.329
17 23 0.216
17 27 0.915
17 80 0.2
17 39 0.259
17 86 0.316
17 54 0.36
17 83 0.431
17 103 0.336
17 28 0.138
17 89 0.211
17 100 0.193
17 43 0.318
17 85 0.215
17 49 0.251
17 20 0.219
17 21 0.175
17 64 0.185
17 67 0.173
17 72 0.182
17 102 0.104
18 32 0.778
18 63 0.679
18 45 0.081
18 55 0.693
18 70 0.911
18 76 0.566
18 94 0.595
18 95 0.813
18 64 0.816
18 71 0.949
18 69 0.979
18 103 0.586
18 23 1
18 105 0.469
18 25 0.621
18 65 0.521
18 34 1
18 50 1
18 60 0.693
18 98 0.916
18 72 0.005
18 80 0.412
18 38 0.709
18 96 1
18 28 0.352
18 33 0.519
18 43 0.528
18 61 0.238
18 75 0.784
18 108 0.762
18 24 0.913
18 26 0.046
18 29 0.124
18 37 0.206
18 44 0.253
18 46 0.422
18 49 0.651
18 53 0.081
18 57 0.584
18 66 0.295
18 68 0.598
18 78 0.238
18 79 0.192
18 86 0.559
18 88 0.718
18 89 0.362
18 93 0.602
18 107 0.367
18 56 0.448
18 73 0.365
18 82 0.354
18 85 1
18 92 1
18 102 1
18 20 0.243
18 31 0.639
18 97 0.508
18 19 0.39
18 36 0.621
18 48 0.649
18 106 0.977
18 87 0.492
18 54 0.243
18 51 0.768
18 90 0.035
18 47 0.385
18 101 0.799
18 109 0.271
18 62 0.074
18 81 0.568
18 30 0.926
18 58 0.07
18 22 0.149
18 100 0.402
18 84 0.387
18 41 0.188
18 40 0.121
18 77 0.731
18 83 0.166
18 99 0.478
18 52 0.286
18 91 0.245
18 27 0.11
18 67 0.418
18 74 0.183
18 39 0.165
18 42 0.138
18 35 0.111
18 21 0.197
18 59 0.114
19 42 1
19 104 0.632
19 43 0.711
19 29 0.481
19 48 0.858
19 89 0.692
19 22 0.885
19 26 0.548
19 41 0.732
19 83 1
19 52 0.681
19 61 0.851
19 62 0.36
19 87 0.539
19 54 0.68
19 55 0.999
19 64 0.913
19 66 0.442
19 31 1
19 33 0.473
19 34 0.861
19 20 0.242
19 28 0.815
19 92 0.607
19 27 0.954
19 86 0.33
19 103 0.168
19 23 0.506
19 30 0.243
19 47 0.129
19 49 0.752
19 78 0.352
19 90 0.311
19 91 0.384
19 93 0.614
19 95 0.572
19 107 0.586
19 108 0.22
19 109 0.074
19 57 0.699
19 63 0.432
19 74 0.521
19 76 0.558
19 79 0.46
19 94 0.328
19 105 0.054
19 82 0.439
19 101 0.334
19 38 0.626
19 24 0.593
19 40 0.286
19 56 0.579
19 21 0.473
19 35 0.852
19 39 0.319
19 37 0.524
19 99 0.145
19 67 0.164
19 96 0.653
19 98 0.067
19 50 0.447
19 77 0.331
19 88 0.99
19 32 0.524
19 73 0.193
19 100 0.29
19 71 0.264
19 102 0.064
19 44 0.435
19 51 0.295
19 60 0.087
19 25 0.45
19 46 0.18
19 75 0.075
19 68 0.309
19 81 0.339
19 69 0.226
19 97 0.451
19 45 0.414
19 80 0.11
19 58 0.399
19 106 0.142
19 70 0.204
19 65 0.229
19 72 0.169
19 85 0.153
19 53 0.154
19 59 0.15
19 84 0.132
19 36 0.222
20 103 0.736
20 66 0.908
20 48 0.984
20 87 0.345
20 82 0.743
20 91 0.895
20 79 0.536
20 106 0.806
20 40 0.607
20 56 0.552
20 96 1
20 107 1
20 34 0.654
20 55 0.465
20 71 0.942
20 70 0.323
20 85 0.892
20 100 0.757
20 63 0.999
20 22 0.814
20 89 0.161
20 108 0.737
20 25 0.475
20 27 0.138
20 30 0.393
20 37 0.857
20 42 0.173
20 53 0.629
20 67 0.15
20 68 0.677
20 26 0.648
20 38 0.703
20 54 0.582
20 57 0.711
20 59 0.415
20 77 0.595
20 81 0.178
20 88 0.96
20 97 0.738
20 98 0.252
20 21 0.452
20 64 0.198
20 76 0.216
20 86 0.4
20 101 0.001
20 43 0.399
20 49 0.276
20 29 0.399
20 33 0.464
20 95 0.06
20 58 0.396
20 65 0.491
20 80 0.581
20 94 0.537
20 31 0.263
20 75 0.401
20 74 0.382
20 102 0.196
20 45 0.263
20 36 0.008
20 78 0.028
20 24 0.082
20 52 0.546
20 46 0.316
20 83 0.125
20 73 0.086
20 39 0.304
20 109 0.268
20 28 0.612
20 47 0.445
20 62 0.102
20 93 0.182
20 23 0.264
20 44 0.212
20 60 0.161
20 104 0.192
20 105 0.228
20 90 0.265
20 41 0.433
20 51 0.254
20 99 0.252
20 32 0.173
20 72 0.354
20 50 0.183
20 35 0.136
20 69 0.111
20 92 0.171
21 85 0.834
21 107 0.925
21 80 0.627
21 99 0.199
21 42 1
21 48 0.666
21 59 0.728
21 66 0.526
21 89 0.96
21 93 0.938
21 49 1
21 90 0.674
21 35 0.676
21 22 0.508
21 50 0.861
21 81 1
21 97 0.732
21 25 0.232
21 88 0.342
21 61 0.848
21 67 0.615
21 86 0.805
21 31 0.154
21 33 0.867
21 34 0.091
21 40 0.008
21 45 0.206
21 54 1
21 57 0.594
21 62 0.393
21 68 0.115
21 103 0.452
21 108 0.371
21 26 0.903
21 29 0.016
21 38 0.313
21 60 0.423
21 76 0.542
21 87 0.671
21 94 0.79
21 98 0.836
21 100 0.729
21 105 0.653
21 23 0.251
21 27 0.777
21 28 0.547
21 56 0.135
21 82 0.206
21 91 0.555
21 96 0.196
21 30 0.859
21 51 0.944
21 83 0.381
21 92 0.201
21 84 0.158
21 74 0.542
21 70 0.523
21 64 0.455
21 46 0.281
21 72 0.871
21 63 0.3
21 24 0.588
21 95 0.7
21 32 0.477
21 78 0.528
21 37 0.054
21 39 0.252
21 41 0.835
21 43 0.186
21 47 0.333
21 102 0.311
21 106 0.486
21 109 0.16
21 77 0.201
21 104 0.497
21 44 0.162
21 71 0.153
21 52 0.215
21 55 0.164
21 69 0.137
21 101 0.234
21 36 0.12
21 65 0.153
21 79 0.155
21 53 0.134
21 58 0.108
22 53 1
22 34 1
22 41 0.86
22 74 0.392
22 26 0.943
22 36 0.714
22 40 0.653
22 68 0.925
22 80 0.435
22 83 0.611
22 58 0.852
22 104 0.945
22 60 0.852
22 50 0.929
22 31 0.472
22 52 0.59
22 91 0.725
22 86 0.698
22 69 0.243
22 59 0.055
22 77 1
22 107 0.696
22 28 0.782
22 44 0.53
22 61 0.355
22 109 0.297
22 23 0.685
22 101 0.7
22 51 0.91
22 54 0.837
22 56 0.89
22 57 0.151
22 71 0.273
22 76 0.954
22 79 0.599
22 88 0.649
22 90 0.208
22 45 0.329
22 48 0.269
22 62 0.824
22 65 1
22 66 0.638
22 84 0.587
22 93 0.547
22 95 0.546
22 99 0.363
22 103 0.165
22 108 0.226
22 78 0.368
22 98 0.129
22 105 0.725
22 63 0.708
22 27 0.398
22 70 0.734
22 73 0.514
22 39 0.003
22 42 0.056
22 47 0.455
22 72 0.485
22 35 0.616
22 67 0.342
22 85 0.231
22 49 0.265
22 94 0.688
22 46 0.814
22 92 0.481
22 87 0.412
22 25 0.189
22 81 0.064
22 64 0.267
22 97 0.143
22 96 0.28
22 38 0.146
22 100 0.024
22 106 0.446
22 33 0.291
22 24 0.328
22 55 0.332
22 75 0.279
22 29 0.389
22 30 0.161
22 43 0.155
22 89 0.186
22 32 0.204
22 82 0.146
22 102 0.256
22 37 0.057
23 62 0.793
23 44 1
23 32 0.134
23 38 0.733
23 88 0.819
23 48 0.697
23 80 1
23 93 0.812
23 100 0.446
23 102 0.591
23 29 0.271
23 53 0.866
23 109 0.274
23 84 0.683
23 42 0.903
23 83 0.517
23 43 0.891
23 26 0.521
23 28 0.275
23 36 0.645
23 47 0.615
23 52 0.538
23 61 0.071
23 65 0.278
23 73 0.173
23 96 0.385
23 101 0.535
23 25 0.337
23 31 0.248
23 37 0.402
23 41 0.886
23 56 0.485
23 64 0.645
23 69 0.671
23 78 0.395
23 86 0.125
23 95 0.809
23 105 0.315
23 39 0.293
23 66 0.378
23 68 0.166
23 70 0.122
23 72 0.197
23 90 0.847
23 67 0.639
23 87 1
23 97 0.438
23 77 0.51
23 81 0.683
23 57 0.584
23 71 0.467
23 30 0.319
23 51 0.754
23 108 0.756
23 79 0.095
23 106 0.79
23 58 0.273
23 94 0.146
23 99 0.35
23 104 0.321
23 50 0.023
23 55 0.241
23 35 0.215
23 59 0.435
23 27 0.37
23 74 0.391
23 75 0.387
23 85 0.133
23 107 0.168
23 24 0.282
23 92 0.346
23 49 0.664
23 63 0.077
23 82 0.738
23 89 0.236
23 54 0.146
23 33 0.075
23 91 0.257
23 45 0.002
23 46 0.042
23 60 0.583
23 76 0.114
23 98 0.224
23 34 0.154
23 40 0.154
23 103 0.136
24 60 1
24 68 0.428
24 99 0.601
24 46 1
24 33 0.978
24 93 0.595
24 49 0.673
24 59 0.846
24 30 0.939
24 69 0.602
24 87 0.791
24 51 0.689
24 96 0.71
24 29 1
24 86 0.978
24 74 0.423
24 102 0.052
24 97 0.482
24 43 0.408
24 47 0.733
24 56 0.158
24 57 0.415
24 65 0.374
24 73 0.255
24 85 0.258
24 90 0.784
24 94 0.188
24 101 0.444
24 107 0.195
24 25 0.475
24 35 0.868
24 36 0.533
24 40 0.33
24 44 0.226
24 50 0.68
24 64 0.776
24 82 0.097
24 83 0.209
24 89 0.516
24 92 0.712
24 105 0.16
24 108 0.081
24 39 0.263
24 98 0.777
24 103 0.904
24 53 0.889
24 66 0.484
24 88 0.557
24 106 0.762
24 37 0.429
24 72 0.27
24 100 0.374
24 109 0.497
24 55 0.569
24 80 0.182
24 91 0.732
24 81 0.101
24 26 0.664
24 52 0.408
24 63 0.285
24 70 0.203
24 31 0.126
24 95 0.769
24 54 0.086
24 45 0.211
24 62 0.216
24 84 0.184
24 104 0.456
24 32 0.71
24 28 0.012
24 78 0.154
24 71 0.008
24 77 0.078
24 48 0.096
24 79 0.463
24 42 0.193
24 58 0.366
24 67 0.118
24 75 0.163
24 27 0.114
24 34 0.137
24 38 0.138
24 61 0.137
24 76 0.144
25 32 0.485
25 48 0.849
25 103 0.637
25 29 0.047
25 60 1
25 104 0.629
25 26 1
25 28 0.665
25 35 0.83
25 72 0.953
25 74 0.761
25 52 0.651
25 56 0.98
25 65 0.487
25 91 0.929
25 106 0.594
25 50 0.793
25 78 0.534
25 67 0.677
25 37 0.784
25 33 0.551
25 69 0.332
25 107 0.869
25 81 0.567
25 51 0.318
25 99 0.776
25 42 0.12
25 45 0.746
25 85 0.092
25 87 0.238
25 89 0.011
25 97 0.241
25 27 0.155
25 34 0.483
25 41 0.109
25 43 0.305
25 47 0.134
25 61 0.229
25 71 0.226
25 79 0.723
25 92 0.66
25 93 0.581
25 98 0.018
25 101 0.542
25 108 0.643
25 77 0.517
25 100 0.546
25 57 0.162
25 64 0.383
25 75 0.542
25 82 0.822
25 68 0.421
25 59 0.93
25 63 0.598
25 38 0.314
25 39 0.364
25 44 0.588
25 88 0.437
25 83 0.202
25 102 0.057
25 54 0.355
25 49 0.219
25 86 0.239
25 109 0.37
25 46 0.198
25 76 0.056
25 55 0.222
25 80 0.448
25 30 0.156
25 40 0.184
25 58 0.166
25 70 0.477
25 53 0.201
25 62 0.262
25 94 0.329
25 73 0.372
25 66 0.246
25 36 0.226
25 90 0.151
25 95 0.122
25 84 0.274
25 96 0.318
25 105 0.108
25 31 0.15
26 62 1
26 38 0.689
26 53 1
26 60 1.0
26 88 0.877
26 54 0.33
26 82 1
26 46 0.91
26 49 0.362
26 107 0.829
26 80 0.831
26 55 1
26 59 0.952
26 90 0.82
26 74 0.267
26 79 0.795
26 101 0.949
26 34 0.158
26 103 0.804
26 67 0.015
26 93 0.413
26 77 0.449
26 35 0.663
26 44 0.513
26 57 0.435
26 58 0.334
26 61 1
26 71 0.444
26 85 0.219
26 86 0.425
26 89 0.379
26 92 0.056
26 94 0.604
26 39 0.664
26 40 0.084
26 41 0.446
26 65 0.654
26 83 0.481
26 99 0.279
26 109 0.814
26 50 0.502
26 72 0.386
26 97 0.377
26 104 0.803
26 64 0.317
26 66 0.346
26 108 0.571
26 56 0.603
26 78 0.617
26 28 0.213
26 30 0.523
26 102 0.174
26 87 0.491
26 105 0.04
26 106 0.388
26 48 0.506
26 27 0.537
26 75 0.228
26 33 0.541
26 51 0.356
26 42 0.025
26 98 0.234
26 96 0.076
26 37 0.438
26 43 0.206
26 47 0.088
26 63 0.395
26 91 0.321
26 36 0.155
26 68 0.482
26 70 0.399
26 100 0.372
26 29 0.12
26 52 0.576
26 95 0.483
26 32 0.16
26 45 0.232
26 76 0.181
26 31 0.164
26 69 0.167
26 84 0.042
26 73 0.191
26 81 0.091
27 91 0.659
27 99 1
27 60 0.931
27 28 0.896
27 38 1
27 58 0.059
27 106 0.939
27 51 0.38
27 87 0.527
27 104 0.726
27 42 0.817
27 45 0.579
27 57 0.768
27 61 0.787
27 88 0.427
27 50 0.807
27 109 0.663
27 47 0.983
27 48 0.46
27 78 0.761
27 95 0.655
27 103 0.94
27 29 0.284
27 30 0.284
27 100 0.636
27 102 0.42
27 108 0.026
27 46 0.781
27 64 0.315
27 70 0.31
27 74 0.686
27 75 0.538
27 86 0.396
27 101 0.679
27 31 0.157
27 34 0.233
27 39 0.321
27 59 0.748
27 77 0.374
27 107 0.649
27 53 0.399
27 81 0.411
27 96 0.669
27 33 0.116
27 37 0.327
27 49 0.833
27 63 0.727
27 83 0.35
27 36 0.458
27 66 0.185
27 82 0.474
27 92 0.072
27 94 0.278
27 41 0.133
27 65 0.002
27 35 0.209
27 55 0.098
27 93 0.501
27 97 0.242
27 56 0.32
27 71 0.459
27 79 0.284
27 84 0.696
27 76 0.238
27 80 0.386
27 89 0.007
27 43 0.449
27 69 0.061
27 68 0.021
27 54 0.159
27 90 0.282
27 62 0.219
27 85 0.349
27 98 0.247
27 32 0.084
27 67 0.313
27 44 0.556
27 72 0.265
27 73 0.149
27 40 0.148
27 52 0.23
27 105 0.271
28 49 0.996
28 103 0.002
28 108 0.68
28 40 0.696
28 71 0.816
28 47 0.614
28 62 0.834
28 42 0.697
28 31 0.82
28 45 0.838
28 52 0.634
28 89 0.664
28 107 0.485
28 80 0.612
28 43 0.514
28 60 0.568
28 56 0.958
28 101 0.228
28 36 0.685
28 64 0.218
28 66 0.592
28 67 1
28 75 0.872
28 77 0.349
28 78 0.677
28 79 0.973
28 84 0.931
28 95 0.963
28 97 0.332
28 100 0.521
28 29 0.34
28 33 0.356
28 35 0.153
28 39 0.081
28 48 0.38
28 51 0.45
28 63 0.251
28 76 0.419
28 83 0.986
28 104 1
28 50 0.202
28 68 1
28 70 0.517
28 82 0.753
28 88 0.227
28 87 0.037
28 94 0.415
28 44 0.596
28 86 0.323
28 58 0.347
28 81 0.499
28 30 0.575
28 32 0.362
28 38 0.439
28 74 0.607
28 73 0.577
28 91 0.321
28 85 0.253
28 37 0.121
28 54 0.248
28 46 0.016
28 57 0.612
28 98 0.16
28 99 0.208
28 92 0.389
28 41 0.518
28 90 0.332
28 106 0.195
28 65 0.205
28 93 0.409
28 55 0.497
28 72 0.157
28 96 0.087
28 53 0.15
28 102 0.125
28 61 0.283
28 109 0.484
28 34 0.279
28 59 0.117
29 44 0.88
29 82 0.829
29 97 0.323
29 99 0.624
29 66 0.628
29 76 0.904
29 60 0.395
29 75 0.906
29 96 0.197
29 102 0.944
29 69 0.713
29 108 0.89
29 54 0.188
29 103 0.855
29 71 0.305
29 56 0.982
29 77 0.965
29 98 0.175
29 67 0.669
29 95 0.826
29 91 0.22
29 58 0.389
29 105 0.127
29 30 0.18
29 35 0.23
29 47 0.58
29 63 0.407
29 88 0.295
29 89 0.609
29 90 0.371
29 31 0.092
29 34 0.453
29 42 0.421
29 50 0.867
29 53 0.111
29 61 0.159
29 64 0.104
29 65 0.827
29 72 0.387
29 92 0.155
29 101 0.641
29 109 0.341
29 36 0.693
29 49 0.571
29 84 0.922
29 87 0.295
29 40 0.056
29 59 0.392
29 100 0.45
29 48 0.502
29 68 0.652
29 73 0.846
29 43 0.674
29 41 0.863
29 33 0.443
29 93 0.174
29 86 0.349
29 37 0.167
29 62 0.26
29 81 0.434
29 80 0.261
29 38 0.068
29 51 0.189
29 52 0.313
29 55 0.4
29 94 0.124
29 85 0.361
29 70 0.124
29 104 0.285
29 39 0.083
29 45 0.426
29 46 0.371
29 78 0.267
29 32 0.193
29 107 0.08
29 74 0.22
29 106 0.059
29 83 0.336
30 39 0.954
30 77 0.314
30 101 0.544
30 106 0.672
30 46 0.46
30 66 0.759
30 82 0.814
30 87 0.726
30 56 1
30 79 0.415
30 48 0.455
30 107 0.743
30 69 0.032
30 73 1
30 99 0.285
30 63 0.953
30 36 0.678
30 90 0.669
30 60 0.095
30 88 0.573
30 32 0.193
30 41 0.708
30 49 0.248
30 62 0.583
30 64 0.338
30 67 0.688
30 75 0.444
30 96 0.168
30 100 0.816
30 105 0.698
30 108 0.291
30 109 0.41
30 33 0.544
30 47 0.405
30 65 0.037
30 76 0.795
30 89 0.305
30 91 0.262
30 94 0.267
30 103 0.708
30 40 0.344
30 72 0.876
30 85 0.543
30 43 0.65
30 51 0.538
30 70 0.419
30 44 0.412
30 50 0.387
30 81 0.878
30 83 0.593
30 57 0.509
30 104 0.029
30 71 0.38
30 97 0.373
30 31 0.641
30 102 0.445
30 35 0.339
30 37 0.612
30 93 0.144
30 45 0.486
30 55 0.15
30 92 0.448
30 54 0.654
30 38 0.21
30 78 0.455
30 42 0.479
30 59 0.367
30 34 0.234
30 61 0.32
30 68 0.097
30 84 0.075
30 52 0.239
30 80 0.035
30 95 0.124
30 98 0.183
30 86 0.189
30 58 0.26
30 53 0.136
30 74 0.177
31 69 0.858
31 52 0.068
31 81 0.431
31 101 0.663
31 38 0.797
31 87 1
31 98 0.958
31 70 0.819
31 71 0.838
31 77 0.846
31 86 0.184
31 90 0.906
31 72 0.504
31 57 0.878
31 35 0.221
31 42 0.967
31 84 0.338
31 92 0.815
31 95 0.438
31 47 0.322
31 54 0.177
31 103 0.213
31 78 0.501
31 32 0.073
31 59 0.576
31 88 0.908
31 106 0.428
31 108 0.705
31 53 0.446
31 64 0.229
31 89 0.568
31 100 0.39
31 33 0.865
31 49 0.117
31 99 0.355
31 73 0.201
31 79 0.347
31 44 0.632
31 56 0.053
31 94 0.318
31 61 0.349
31 46 0.769
31 74 0.536
31 109 0.699
31 80 0.563
31 63 0.231
31 66 0.752
31 51 0.133
31 58 0.532
31 65 0.957
31 36 0.445
31 82 0.58
31 67 0.121
31 96 0.34
31 104 0.747
31 40 0.43
31 43 0.173
31 68 0.811
31 91 0.615
31 34 0.204
31 62 0.433
31 76 0.379
31 83 0.415
31 85 0.194
31 107 0.026
31 45 0.253
31 48 0.126
31 97 0.357
31 105 0.275
31 41 0.174
31 60 0.445
31 102 0.139
31 37 0.225
31 50 0.16
31 55 0.504
31 39 0.228
31 75 0.188
31 93 0.17
32 60 0.824
32 33 0.728
32 80 1
32 57 0.735
32 46 1
32 59 0.675
32 71 0.83
32 84 1
32 109 0.859
32 47 0.979
32 37 0.649
32 44 0.592
32 83 0.193
32 95 0.99
32 42 0.828
32 96 1
32 89 1
32 43 0.844
32 101 0.185
32 79 0.613
32 90 0.382
32 35 0.23
32 39 0.654
32 41 0.449
32 52 0.387
32 86 0.572
32 106 0.182
32 38 0.405
32 45 0.642
32 61 0.391
32 64 0.669
32 78 0.855
32 88 0.79
32 99 0.601
32 49 0.613
32 54 0.768
32 68 0.541
32 107 0.425
32 63 0.047
32 73 0.883
32 70 0.195
32 75 0.634
32 77 0.378
32 105 0.194
32 51 0.232
32 76 0.21
32 87 0.159
32 36 0.752
32 69 0.995
32 92 0.521
32 98 0.918
32 66 0.466
32 56 0.534
32 85 0.292
32 67 0.588
32 100 0.5
32 50 0.614
32 34 0.322
32 55 0.365
32 53 0.198
32 74 0.492
32 65 0.164
32 93 0.096
32 103 0.424
32 62 0.161
32 40 0.161
32 58 0.167
32 94 0.184
32 108 0.161
32 48 0.14
32 72 0.157
32 82 0.028
32 97 0.205
32 102 0.223
32 91 0.167
32 104 0.176
33 102 1
33 47 0.487
33 57 0.783
33 101 0.519
33 107 1
33 91 0.848
33 64 0.985
33 95 0.923
33 35 1
33 99 0.919
33 67 0.855
33 74 0.449
33 89 1
33 104 1
33 50 0.218
33 38 0.313
33 45 0.228
33 87 0.674
33 92 0.506
33 39 0.631
33 41 0.14
33 63 0.762
33 69 1
33 70 0.424
33 71 0.529
33 90 0.314
33 46 0.736
33 55 0.235
33 58 0.01
33 68 0.567
33 84 0.184
33 103 0.32
33 105 0.49
33 61 0.341
33 75 0.645
33 81 0.155
33 82 0.781
33 106 0.38
33 43 0.173
33 93 0.393
33 78 0.221
33 98 0.327
33 36 0.655
33 79 0.205
33 96 0.545
33 51 0.567
33 86 0.473
33 54 0.168
33 88 0.325
33 73 0.275
33 80 0.156
33 83 0.206
33 44 0.09
33 66 0.62
33 40 0.276
33 52 0.255
33 77 0.094
33 34 0.276
33 97 0.345
33 72 0.368
33 100 0.265
33 48 0.188
33 37 0.189
33 42 0.327
33 85 0.19
33 59 0.106
33 108 0.494
33 56 0.102
33 60 0.148
33 94 0.048
33 49 0.119
33 53 0.183
33 65 0.134
33 109 0.118
34 108 0.709
34 102 0.902
34 52 0.644
34 66 0.948
34 101 0.974
34 39 0.652
34 106 1
34 78 1
34 105 1
34 98 0.763
34 65 0.589
34 44 0.731
34 75 0.565
34 60 0.717
34 57 0.934
34 100 1
34 79 0.826
34 61 0.561
34 77 0.66
34 99 0.175
34 51 1
34 56 0.622
34 63 1
34 70 0.862
34 74 0.862
34 76 0.824
34 89 0.806
34 35 0.311
34 49 0.362
34 55 0.947
34 59 0.604
34 83 0.864
34 90 0.158
34 96 0.723
34 41 0.269
34 53 0.17
34 58 0.098
34 72 0.494
34 36 0.075
34 95 0.311
34 40 0.739
34 42 0.353
34 68 0.224
34 92 0.823
34 82 0.39
34 37 0.125
34 104 0.493
34 94 0.849
34 73 0.069
34 86 0.665
34 46 0.537
34 87 0.704
34 47 0.303
34 81 0.4
34 38 0.353
34 88 0.712
34 91 0.555
34 109 0.357
34 54 0.455
34 64 0.472
34 103 0.38
34 45 0.284
34 107 0.1
34 43 0.269
34 50 0.248
34 93 0.115
34 97 0.346
34 62 0.147
34 67 0.034
34 71 0.138
34 84 0.236
34 48 0.345
34 69 0.06
34 85 0.103
34 80 0.124
35 51 0.622
35 45 0.7
35 82 0.021
35 44 0.655
35 93 1.0
35 68 0.846
35 80 0.938
35 102 0.899
35 74 1
35 62 0.823
35 101 0.939
35 72 0.777
35 85 0.107
35 59 1
35 95 0.622
35 53 0.679
35 46 0.777
35 57 0.341
35 50 0.226
35 67 0.966
35 92 0.863
35 94 0.406
35 96 0.489
35 107 0.482
35 38 0.511
35 42 0.201
35 43 0.451
35 65 0.226
35 69 0.564
35 75 0.25
35 84 0.916
35 88 0.504
35 39 0.219
35 52 0.594
35 55 0.486
35 109 0.871
35 58 0.155
35 105 0.479
35 63 0.401
35 49 0.031
35 83 0.345
35 97 0.018
35 100 0.598
35 60 0.454
35 91 0.621
35 36 0.395
35 79 0.319
35 89 0.095
35 48 0.436
35 108 0.195
35 71 0.108
35 40 0.197
35 64 0.47
35 86 0.321
35 61 0.434
35 90 0.243
35 37 0.127
35 47 0.293
35 56 0.611
35 70 0.167
35 73 0.139
35 76 0.154
35 81 0.419
35 99 0.194
35 54 0.094
35 77 0.308
35 78 0.11
35 66 0.025
35 87 0.046
35 103 0.288
35 98 0.248
35 41 0.281
35 106 0.169
35 104 0.165
36 85 0.713
36 87 0.786
36 39 0.799
36 101 0.993
36 71 0.213
36 100 1
36 84 0.816
36 107 0.959
36 105 0.842
36 90 0.911
36 109 0.613
36 37 1
36 45 0.34
36 75 0.263
36 78 0.421
36 56 0.871
36 76 0.769
36 70 0.024
36 40 0.82
36 61 1
36 50 0.491
36 74 0.767
36 38 0.161
36 42 0.853
36 64 0.272
36 80 0.6
36 89 0.792
36 44 0.692
36 47 0.569
36 63 0.319
36 66 0.15
36 67 0.549
36 73 0.413
36 79 0.524
36 91 0.404
36 95 0.27
36 108 0.574
36 52 0.427
36 57 0.374
36 68 0.675
36 77 0.159
36 92 0.169
36 98 0.263
36 103 0.983
36 86 0.429
36 65 0.642
36 81 0.446
36 43 0.227
36 72 0.329
36 83 0.394
36 41 0.927
36 94 0.928
36 99 0.269
36 60 0.979
36 48 0.397
36 51 0.406
36 53 0.335
36 102 0.321
36 82 0.336
36 106 0.293
36 55 0.087
36 97 0.461
36 59 0.166
36 62 0.129
36 54 0.156
36 104 0.125
36 46 0.315
36 93 0.17
36 96 0.108
36 49 0.019
36 58 0.137
36 69 0.155
36 88 0.155
37 87 0.457
37 64 0.583
37 50 0.189
37 58 0.902
37 71 0.892
37 72 0.928
37 80 0.523
37 61 1
37 93 0.55
37 56 0.594
37 107 0.275
37 79 0.739
37 81 0.677
37 44 0.95
37 104 0.606
37 40 0.79
37 66 0.703
37 85 0.827
37 102 0.165
37 51 1
37 69 0.583
37 68 0.589
37 78 0.105
37 89 1
37 77 0.898
37 49 0.274
37 55 0.121
37 60 0.328
37 63 0.366
37 65 0.564
37 73 0.662
37 75 0.043
37 84 0.29
37 86 0.285
37 100 0.406
37 70 0.302
37 105 0.494
37 90 0.455
37 103 0.271
37 109 0.532
37 82 0.718
37 62 0.048
37 83 0.774
37 98 0.35
37 94 0.343
37 91 0.504
37 38 0.368
37 39 0.242
37 45 0.249
37 95 0.412
37 42 0.19
37 96 0.124
37 43 0.367
37 108 0.324
37 41 0.169
37 88 0.582
37 53 0.504
37 48 0.343
37 92 0.125
37 47 0.173
37 101 0.351
37 52 0.229
37 97 0.087
37 54 0.287
37 74 0.058
37 106 0.486
37 46 0.253
37 67 0.321
37 59 0.143
37 99 0.107
37 57 0.163
37 76 0.044
38 95 0.262
38 78 0.435
38 62 0.927
38 53 0.749
38 70 0.661
38 52 0.78
38 67 0.994
38 83 0.661
38 61 0.88
38 92 0.193
38 59 0.936
38 94 1
38 87 1
38 93 0.489
38 76 0.81
38 85 0.705
38 39 0.374
38 69 0.767
38 43 0.622
38 64 1
38 79 0.518
38 80 0.374
38 88 0.705
38 106 0.45
38 40 0.468
38 46 0.292
38 65 0.645
38 66 0.685
38 68 0.163
38 77 0.675
38 96 0.318
38 100 0.146
38 108 0.907
38 45 0.296
38 72 0.598
38 90 0.219
38 42 0.355
38 97 0.181
38 54 0.184
38 98 1
38 58 0.932
38 63 0.24
38 56 0.271
38 41 0.397
38 81 0.598
38 57 0.219
38 73 0.83
38 109 0.547
38 86 0.292
38 105 0.323
38 44 0.452
38 82 0.323
38 102 0.54
38 74 0.702
38 49 0.251
38 51 0.551
38 89 0.032
38 60 0.588
38 107 0.227
38 103 0.332
38 84 0.067
38 104 0.089
38 75 0.387
38 47 0.175
38 55 0.158
38 71 0.135
38 91 0.171
38 48 0.084
38 50 0.056
38 101 0.124
38 99 0.162
39 58 0.723
39 99 0.259
39 106 0.748
39 52 0.681
39 64 0.577
39 71 0.767
39 78 0.137
39 70 0.651
39 81 0.734
39 85 0.453
39 56 0.283
39 63 0.379
39 44 0.821
39 62 0.594
39 46 0.477
39 108 0.707
39 101 0.208
39 47 0.228
39 93 0.92
39 57 0.564
39 66 0.374
39 76 0.565
39 84 0.698
39 87 0.33
39 94 0.851
39 96 0.339
39 41 0.95
39 49 0.257
39 51 0.773
39 65 0.897
39 80 0.301
39 82 0.561
39 86 0.296
39 89 0.651
39 103 1
39 105 0.622
39 45 0.224
39 75 0.257
39 79 0.094
39 104 0.05
39 54 0.474
39 92 0.761
39 72 0.564
39 40 0.289
39 69 0.328
39 107 0.831
39 59 0.887
39 67 0.368
39 90 0.16
39 100 0.242
39 98 0.092
39 109 0.434
39 74 0.458
39 55 0.526
39 43 0.293
39 42 0.473
39 48 0.199
39 61 0.302
39 68 0.105
39 88 0.277
39 102 0.193
39 50 0.079
39 53 0.445
39 77 0.25
39 60 0.119
39 83 0.167
39 95 0.169
39 97 0.188
39 73 0.303
39 91 0.14
40 66 0.96
40 41 0.071
40 109 0.749
40 82 1
40 83 0.47
40 77 0.945
40 94 0.708
40 54 0.685
40 47 0.682
40 51 0.909
40 84 1
40 63 0.667
40 98 0.712
40 56 0.884
40 85 0.33
40 70 0.715
40 102 0.743
40 78 0.765
40 45 0.401
40 53 0.341
40 88 0.798
40 90 0.259
40 96 0.241
40 48 0.136
40 65 0.354
40 69 0.587
40 73 0.461
40 74 0.078
40 76 0.356
40 80 0.577
40 91 0.493
40 97 0.499
40 101 0.288
40 44 0.268
40 62 0.232
40 108 0.679
40 58 0.104
40 42 0.928
40 75 0.487
40 93 0.309
40 99 0.362
40 100 0.559
40 103 0.379
40 67 0.389
40 46 0.161
40 71 0.686
40 92 0.283
40 89 0.218
40 68 0.092
40 49 0.246
40 61 0.275
40 50 0.345
40 52 0.457
40 55 0.272
40 79 0.229
40 72 0.212
40 106 0.26
40 59 0.295
40 87 0.329
40 43 0.288
40 86 0.102
40 105 0.649
40 60 0.208
40 95 0.133
40 57 0.107
40 64 0.205
40 107 0.179
40 104 0.278
41 58 0.547
41 68 0.894
41 92 1
41 46 0.896
41 93 1
41 50 0.722
41 100 0.612
41 64 0.411
41 55 0.651
41 109 0.927
41 53 0.307
41 101 0.682
41 56 0.826
41 47 0.425
41 52 0.607
41 75 0.576
41 62 0.497
41 70 0.544
41 81 0.124
41 82 0.379
41 83 0.559
41 86 0.497
41 89 0.265
41 91 0.373
41 60 0.592
41 63 0.467
41 69 0.7
41 73 0.107
41 87 0.607
41 96 0.052
41 98 0.133
41 104 0.061
41 77 0.538
41 66 0.245
41 74 0.568
41 61 0.364
41 80 0.421
41 43 0.385
41 90 0.91
41 94 0.488
41 102 0.534
41 72 0.73
41 88 0.292
41 99 0.523
41 51 0.258
41 108 0.442
41 59 0.412
41 95 0.618
41 45 0.171
41 42 0.758
41 65 0.308
41 76 0.363
41 103 0.52
41 85 0.257
41 107 0.286
41 54 0.386
41 78 0.131
41 79 0.422
41 106 0.441
41 67 0.022
41 97 0.253
41 57 0.181
41 71 0.104
41 105 0.052
41 44 0.123
41 84 0.339
41 48 0.174
41 49 0.128
42 87 0.689
42 101 0.756
42 105 0.553
42 50 0.925
42 72 0.506
42 45 0.496
42 62 0.24
42 89 0.126
42 97 0.839
42 80 0.992
42 84 0.407
42 88 0.386
42 100 0.441
42 78 0.802
42 77 0.794
42 93 0.55
42 47 0.594
42 43 0.508
42 51 0.785
42 66 0.496
42 71 0.435
42 91 0.177
42 103 0.814
42 106 0.186
42 109 0.577
42 56 0.51
42 57 0.035
42 69 0.485
42 75 0.72
42 85 0.704
42 94 0.692
42 73 0.067
42 86 0.216
42 70 0.667
42 83 0.385
42 52 0.633
42 98 0.161
42 99 0.487
42 76 0.234
42 49 0.578
42 65 0.113
42 108 0.73
42 60 0.247
42 96 0.206
42 74 0.368
42 107 0.242
42 53 0.662
42 82 0.258
42 58 0.298
42 90 0.133
42 64 0.254
42 81 0.397
42 67 0.395
42 104 0.476
42 59 0.414
42 44 0.06
42 79 0.375
42 46 0.169
42 68 0.389
42 92 0.099
42 55 0.451
42 54 0.306
42 95 0.117
42 63 0.147
42 48 0.134
42 102 0.149
43 51 0.254
43 70 0.848
43 78 0.337
43 69 1
43 79 1
43 84 0.92
43 63 0.789
43 95 0.858
43 54 0.623
43 85 0.678
43 57 0.837
43 93 0.821
43 88 0.577
43 81 1
43 83 0.676
43 44 0.314
43 52 0.9
43 66 0.178
43 91 0.204
43 72 0.479
43 86 0.586
43 87 0.666
43 108 0.63
43 77 0.288
43 82 0.359
43 94 0.102
43 96 0.22
43 98 0.788
43 102 0.637
43 107 0.289
43 45 0.538
43 49 0.134
43 50 0.535
43 65 0.83
43 71 0.662
43 75 1
43 76 0.378
43 97 0.601
43 101 0.529
43 109 0.772
43 48 0.895
43 56 0.581
43 73 0.224
43 92 0.489
43 64 0.363
43 103 0.378
43 104 0.127
43 53 0.458
43 106 0.31
43 74 0.48
43 46 0.257
43 105 0.301
43 55 0.1
43 90 0.369
43 100 0.53
43 47 0.372
43 99 0.114
43 89 0.141
43 62 0.522
43 58 0.244
43 61 0.349
43 60 0.184
43 67 0.22
43 68 0.173
43 80 0.17
44 67 0.95
44 63 0.8
44 107 0.631
44 108 0.923
44 105 0.932
44 85 0.911
44 45 1
44 90 0.686
44 56 0.675
44 50 0.478
44 78 0.88
44 86 0.862
44 87 0.938
44 68 0.142
44 69 0.964
44 75 0.494
44 76 0.464
44 81 0.431
44 89 0.285
44 98 0.071
44 49 0.24
44 54 0.169
44 59 0.775
44 60 0.462
44 71 0.378
44 72 0.371
44 83 0.778
44 88 0.112
44 91 0.456
44 92 0.858
44 95 0.852
44 109 0.253
44 73 0.271
44 51 0.351
44 52 0.319
44 53 0.328
44 57 0.335
44 82 0.157
44 62 0.38
44 46 0.104
44 100 0.09
44 99 0.232
44 66 0.331
44 64 0.35
44 74 0.28
44 77 0.497
44 104 0.446
44 103 0.469
44 70 0.387
44 84 0.415
44 93 0.099
44 106 0.821
44 94 0.187
44 97 0.798
44 47 0.141
44 61 0.487
44 101 0.549
44 102 0.088
44 48 0.199
44 58 0.158
44 79 0.212
44 55 0.014
44 96 0.198
44 80 0.138
44 65 0.163
45 88 0.309
45 70 1
45 101 0.818
45 108 1
45 60 0.894
45 79 0.355
45 94 0.826
45 69 0.858
45 72 0.887
45 92 0.637
45 98 0.583
45 48 0.832
45 74 0.583
45 61 0.98
45 76 0.97
45 55 1
45 59 0.95
45 49 0.385
45 53 0.508
45 81 1
45 50 0.391
45 78 0.951
45 80 0.587
45 91 0.552
45 99 0.486
45 102 0.244
45 54 0.171
45 56 0.227
45 58 0.158
45 63 0.95
45 64 0.517
45 71 0.482
45 82 0.456
45 84 0.411
45 90 0.451
45 105 0.098
45 95 0.295
45 97 0.318
45 62 0.743
45 67 0.173
45 65 0.354
45 51 0.412
45 103 0.082
45 73 0.896
45 100 0.523
45 47 0.419
45 66 0.653
45 77 0.308
45 104 0.027
45 106 0.391
45 86 0.238
45 83 0.323
45 96 0.16
45 46 0.315
45 75 0.447
45 93 0.253
45 109 0.126
45 85 0.345
45 57 0.173
45 87 0.049
45 68 0.152
45 89 0.129
45 107 0.151
45 52 0.164
46 53 0.838
46 77 0.914
46 57 0.588
46 82 0.42
46 85 1
46 81 0.747
46 89 1
46 79 1
46 98 0.921
46 92 0.449
46 64 0.812
46 105 0.428
46 99 0.875
46 51 0.914
46 78 0.303
46 80 0.791
46 49 0.273
46 94 0.575
46 96 0.41
46 47 0.261
46 60 0.407
46 63 0.441
46 67 0.274
46 68 0.562
46 70 0.681
46 73 0.819
46 75 0.184
46 84 0.484
46 100 0.353
46 104 0.121
46 107 0.456
46 86 0.276
46 72 0.634
46 106 0.231
46 61 0.277
46 66 0.4
46 109 0.306
46 93 0.221
46 56 0.287
46 74 0.197
46 95 0.654
46 54 0.273
46 52 0.035
46 102 0.289
46 55 0.446
46 101 0.572
46 59 0.307
46 62 0.493
46 83 0.57
46 65 0.503
46 103 0.313
46 88 0.374
46 90 0.151
46 58 0.212
46 87 0.396
46 108 0.185
46 48 0.087
46 50 0.236
46 76 0.214
46 71 0.191
46 91 0.001
46 69 0.167
46 97 0.177
47 63 1
47 51 0.644
47 72 0.807
47 53 0.491
47 78 0.617
47 90 0.123
47 48 0.721
47 65 0.564
47 71 1
47 49 0.434
47 59 0.672
47 106 0.119
47 86 0.89
47 57 0.996
47 77 0.683
47 62 0.888
47 75 0.868
47 103 0.925
47 52 0.591
47 74 1
47 60 0.874
47 64 0.655
47 68 0.424
47 93 0.682
47 95 0.086
47 99 0.659
47 104 0.038
47 105 0.195
47 50 0.531
47 61 0.466
47 69 0.496
47 73 0.465
47 81 0.189
47 83 0.3
47 84 0.145
47 85 0.416
47 94 0.918
47 96 0.385
47 80 0.079
47 56 0.365
47 79 0.386
47 91 0.549
47 102 0.41
47 101 0.41
47 92 0.165
47 108 0.168
47 88 0.419
47 82 0.542
47 55 0.118
47 87 0.33
47 109 0.197
47 70 0.092
47 89 0.025
47 107 0.142
47 100 0.293
47 67 0.345
47 66 0.111
47 98 0.1
47 58 0.101
47 54 0.143
47 97 0.021
47 76 0.176
48 75 0.609
48 68 0.528
48 62 1
48 72 0.648
48 94 0.693
48 103 0.956
48 64 1
48 77 0.58
48 53 0.416
48 85 0.551
48 86 0.654
48 70 1
48 57 0.792
48 102 0.951
48 83 0.245
48 100 0.876
48 76 0.632
48 55 0.746
48 87 0.291
48 52 0.961
48 49 0.236
48 63 0.068
48 88 0.161
48 50 0.431
48 51 0.316
48 84 0.854
48 90 0.559
48 95 0.343
48 96 0.31
48 97 0.968
48 101 0.708
48 109 0.255
48 56 0.324
48 79 0.505
48 104 0.369
48 59 0.816
48 80 0.786
48 99 0.411
48 107 0.769
48 54 0.465
48 74 0.597
48 82 0.447
48 65 0.588
48 58 0.176
48 60 0.35
48 81 0.106
48 108 0.208
48 106 0.079
48 92 0.275
48 89 0.321
48 61 0.516
48 105 0.183
48 78 0.085
48 67 0.139
48 93 0.387
48 69 0.32
48 66 0.25
48 71 0.303
48 98 0.257
48 91 0.283
48 73 0.111
49 78 0.892
49 75 0.3
49 76 0.71
49 103 0.717
49 66 0.826
49 106 0.374
49 67 0.603
49 93 0.732
49 109 0.438
49 77 0.869
49 101 0.476
49 73 0.773
49 79 0.708
49 107 0.205
49 86 0.978
49 58 0.869
49 84 0.855
49 104 0.868
49 83 0.56
49 82 0.441
49 50 0.427
49 55 0.896
49 64 0.613
49 65 1
49 70 0.363
49 85 0.298
49 95 0.278
49 105 0.258
49 62 0.886
49 63 0.389
49 90 0.382
49 51 0.54
49 56 0.527
49 74 0.807
49 80 0.487
49 96 0.292
49 100 0.285
49 53 0.502
49 98 1
49 60 0.177
49 89 0.68
49 88 0.587
49 91 0.923
49 68 0.348
49 92 0.466
49 97 0.022
49 71 0.333
49 81 0.838
49 57 0.25
49 99 0.387
49 59 0.424
49 72 0.056
49 94 0.262
49 52 0.108
49 54 0.136
49 61 0.168
49 108 0.145
49 87 0.227
49 102 0.196
50 87 0.356
50 107 0.159
50 66 0.959
50 73 1
50 79 0.891
50 67 0.531
50 80 0.68
50 88 0.726
50 95 0.846
50 63 1
50 90 0.76
50 105 1
50 72 0.616
50 51 0.899
50 71 0.043
50 97 0.35
50 68 0.265
50 83 0.261
50 52 0.532
50 89 0.5
50 93 0.154
50 101 0.485
50 103 0.333
50 108 0.719
50 56 1
50 57 0.23
50 62 0.544
50 65 1
50 99 0.641
50 64 0.837
50 91 0.265
50 98 0.504
50 70 0.563
50 92 0.506
50 96 0.574
50 74 0.768
50 59 0.806
50 55 0.607
50 75 0.25
50 76 0.396
50 102 0.376
50 69 0.748
50 78 0.377
50 82 0.601
50 61 0.363
50 53 0.346
50 109 0.49
50 104 0.334
50 86 0.31
50 100 0.041
50 54 0.21
50 58 0.259
50 60 0.167
50 77 0.214
50 81 0.116
50 85 0.294
50 106 0.325
50 94 0.051
50 84 0.166
51 61 0.481
51 63 0.298
51 87 0.169
51 65 0.516
51 88 0.88
51 93 0.85
51 108 1
51 104 0.752
51 57 0.433
51 66 0.715
51 52 1
51 101 0.765
51 103 0.785
51 78 0.569
51 86 0.225
51 59 0.839
51 80 0.749
51 54 0.616
51 70 0.362
51 97 0.311
51 98 0.655
51 68 0.56
51 69 0.289
51 95 0.012
51 64 0.369
51 72 0.264
51 74 0.332
51 76 0.38
51 85 0.265
51 99 0.357
51 67 0.181
51 90 0.303
51 100 0.703
51 102 0.168
51 79 0.429
51 81 0.472
51 107 0.77
51 109 0.225
51 60 0.138
51 84 0.305
51 83 0.251
51 94 0.622
51 77 0.429
51 53 0.298
51 62 0.384
51 92 0.272
51 105 0.563
51 71 0.141
51 91 0.104
51 89 0.227
51 96 0.215
51 73 0.182
51 56 0.103
51 58 0.055
51 55 0.253
51 75 0.252
51 106 0.149
51 82 0.147
52 54 0.764
52 75 1
52 88 0.809
52 56 1
52 64 0.991
52 103 1.0
52 82 0.313
52 70 0.856
52 67 0.687
52 69 0.564
52 55 0.568
52 92 0.888
52 91 0.746
52 98 0.775
52 78 0.713
52 57 0.424
52 60 0.564
52 62 0.6
52 71 0.315
52 84 0.933
52 85 0.802
52 53 0.339
52 59 0.519
52 65 0.502
52 72 0.248
52 79 0.587
52 94 0.48
52 101 0.155
52 102 0.635
52 105 0.217
52 107 0.843
52 68 0.207
52 63 0.289
52 80 0.176
52 97 0.344
52 109 0.629
52 76 0.513
52 90 0.032
52 58 0.161
52 104 0.172
52 74 0.463
52 95 0.14
52 86 0.133
52 99 0.433
52 81 0.133
52 83 0.19
52 108 0.223
52 89 0.449
52 73 0.144
52 100 0.223
52 66 0.148
52 61 0.307
52 93 0.093
52 96 0.373
52 77 0.127
52 87 0.214
52 106 0.103
53 62 0.83
53 72 0.992
53 67 0.507
53 71 1
53 87 0.794
53 100 0.879
53 59 0.434
53 79 0.443
53 85 0.749
53 63 0.4
53 105 1
53 107 0.546
53 75 0.617
53 57 0.987
53 60 0.685
53 64 0.492
53 81 1
53 92 0.828
53 94 0.608
53 95 0.216
53 96 0.075
53 58 0.646
53 65 0.691
53 73 0.656
53 101 0.989
53 103 0.046
53 104 0.502
53 55 0.016
53 80 0.031
53 86 1
53 98 0.401
53 74 0.96
53 76 0.548
53 109 0.681
53 91 0.825
53 93 0.366
53 97 0.125
53 82 0.327
53 83 0.536
53 56 0.717
53 89 0.187
53 99 0.375
53 102 0.653
53 70 0.121
53 77 0.083
53 108 0.138
53 69 0.068
53 88 0.226
53 61 0.228
53 66 0.191
53 78 0.24
53 54 0.056
53 68 0.092
53 90 0.102
53 106 0.193
53 84 0.206
54 104 0.905
54 68 0.373
54 86 0.93
54 78 0.83
54 71 0.39
54 77 0.754
54 60 0.629
54 64 0.95
54 87 1
54 56 0.305
54 66 0.456
54 92 0.445
54 93 1
54 94 0.459
54 70 0.437
54 74 0.719
54 88 0.777
54 90 0.764
54 91 0.568
54 96 0.48
54 98 0.881
54 100 0.527
54 107 0.399
54 57 0.143
54 84 0.61
54 97 0.37
54 99 0.491
54 103 0.076
54 108 0.47
54 76 0.604
54 81 0.052
54 63 0.505
54 69 0.407
54 105 0.172
54 79 0.588
54 85 0.329
54 95 0.406
54 106 0.431
54 59 0.106
54 109 0.597
54 83 0.342
54 89 0.141
54 58 0.673
54 55 0.173
54 61 0.386
54 80 0.186
54 65 0.448
54 67 0.219
54 102 0.259
54 73 0.336
54 75 0.227
54 72 0.474
54 82 0.41
54 101 0.194
54 62 0.155
55 84 0.415
55 58 0.742
55 86 0.736
55 56 1
55 93 0.631
55 106 1
55 104 1.0
55 70 0.577
55 61 0.223
55 75 0.311
55 102 0.564
55 68 0.783
55 99 0.915
55 76 0.913
55 109 0.947
55 64 0.183
55 72 0.336
55 107 0.637
55 59 0.466
55 65 0.127
55 66 0.317
55 78 0.845
55 89 0.867
55 90 0.757
55 92 0.719
55 97 0.368
55 60 0.604
55 74 0.111
55 80 0.336
55 88 0.15
55 98 0.241
55 108 0.697
55 85 0.117
55 105 0.372
55 79 0.302
55 91 0.444
55 67 0.886
55 83 0.122
55 77 0.244
55 103 0.518
55 71 0.407
55 73 0.184
55 81 0.044
55 87 0.057
55 57 0.114
55 62 0.129
55 95 0.527
55 96 0.36
55 69 0.191
55 63 0.376
55 82 0.127
55 100 0.346
55 101 0.439
55 94 0.291
56 84 0.659
56 66 0.79
56 57 0.18
56 58 0.461
56 94 1
56 106 1
56 97 0.333
56 92 0.694
56 63 0.414
56 104 0.848
56 87 0.787
56 69 0.797
56 107 0.344
56 62 0.764
56 60 0.446
56 65 0.392
56 70 0.811
56 73 0.665
56 76 0.337
56 78 0.651
56 86 0.209
56 105 0.196
56 109 0.733
56 79 0.457
56 82 0.629
56 83 0.621
56 88 0.277
56 90 0.101
56 93 0.22
56 98 0.472
56 100 0.418
56 108 0.09
56 71 0.714
56 75 0.46
56 99 0.685
56 102 0.42
56 80 0.435
56 72 0.815
56 68 0.277
56 95 0.328
56 103 0.423
56 61 0.286
56 101 0.322
56 77 0.473
56 85 0.144
56 89 0.539
56 96 0.082
56 64 0.184
56 91 1
56 59 0.061
56 74 0.128
56 81 0.11
56 67 0.309
57 92 0.558
57 63 0.491
57 77 0.85
57 87 0.46
57 58 1
57 79 1
57 69 0.511
57 74 0.426
57 107 1
57 85 0.621
57 91 0.642
57 108 1
57 76 0.702
57 66 0.29
57 68 0.041
57 84 0.038
57 89 0.136
57 90 0.857
57 62 0.036
57 73 0.056
57 82 0.498
57 88 0.472
57 93 0.156
57 97 0.468
57 102 0.423
57 80 0.556
57 94 0.174
57 98 0.348
57 109 0.393
57 99 0.389
57 72 0.804
57 103 0.075
57 83 0.613
57 106 0.876
57 61 0.44
57 96 0.895
57 101 0.457
57 95 0.265
57 81 0.319
57 67 0.423
57 70 0.456
57 105 0.415
57 75 0.38
57 59 0.104
57 65 0.048
57 64 0.094
57 71 0.395
57 86 0.428
57 60 0.138
57 100 0.155
57 104 0.157
57 78 0.138
58 94 0.421
58 98 0.363
58 65 0.531
58 70 0.718
58 71 0.743
58 106 0.678
58 87 0.726
58 80 0.708
58 102 0.451
58 101 0.715
58 69 0.606
58 109 0.387
58 74 0.999
58 76 0.319
58 61 0.271
58 62 0.102
58 84 0.548
58 104 0.242
58 63 0.05
58 73 0.391
58 92 0.611
58 103 0.503
58 108 0.245
58 60 0.361
58 68 0.495
58 81 0.503
58 85 0.512
58 97 0.391
58 66 0.203
58 82 0.445
58 86 0.319
58 105 0.594
58 77 0.024
58 91 0.394
58 99 0.626
58 93 0.238
58 100 0.209
58 83 0.503
58 72 0.074
58 88 0.288
58 95 0.424
58 79 0.174
58 107 0.304
58 89 0.419
58 96 0.166
58 64 0.138
58 67 0.182
58 59 0.132
58 75 0.106
58 90 0.177
58 78 0.153
59 65 0.907
59 66 0.708
59 100 0.808
59 64 0.949
59 79 0.916
59 87 0.971
59 73 0.906
59 82 0.406
59 69 0.972
59 104 0.091
59 97 0.881
59 88 1
59 71 0.52
59 78 0.086
59 91 0.415
59 96 0.396
59 103 0.069
59 106 0.233
59 61 0.136
59 63 0.629
59 72 0.068
59 74 0.577
59 75 0.368
59 76 0.358
59 77 0.115
59 95 0.576
59 107 0.044
59 84 0.194
59 99 0.366
59 67 0.372
59 108 0.041
59 109 0.194
59 105 0.491
59 85 0.212
59 102 1
59 62 1
59 81 0.008
59 60 0.389
59 101 0.453
59 83 0.636
59 93 0.347
59 89 0.25
59 70 0.21
59 90 0.156
59 98 0.211
59 86 0.27
59 94 0.459
59 68 0.033
59 80 0.163
59 92 0.147
60 82 0.549
60 90 0.15
60 103 0.884
60 65 0.873
60 63 0.464
60 106 1
60 69 1
60 96 1
60 86 0.367
60 94 0.524
60 109 0.133
60 79 0.995
60 62 0.721
60 76 0.499
60 78 0.549
60 88 0.424
60 97 0.507
60 102 0.193
60 72 0.325
60 66 0.351
60 98 0.768
60 92 0.546
60 77 0.594
60 61 0.273
60 84 0.587
60 64 0.26
60 95 0.221
60 70 0.026
60 83 0.126
60 108 0.456
60 89 0.187
60 99 0.095
60 87 0.534
60 105 0.23
60 81 0.467
60 91 0.154
60 93 0.26
60 100 0.351
60 101 0.143
60 68 0.197
60 85 0.191
60 74 0.425
60 75 0.276
60 107 0.198
60 73 0.24
60 104 0.182
60 67 0.046
60 80 0.146
61 95 0.676
61 67 1
61 69 1
61 74 0.916
61 92 0.971
61 84 0.332
61 73 0.527
61 80 0.172
61 70 0.554
61 107 1
61 72 0.889
61 91 0.952
61 82 0.813
61 93 0.218
61 65 0.215
61 79 0.156
61 104 0.346
61 66 0.705
61 75 0.367
61 81 0.474
61 85 0.437
61 68 0.2
61 87 0.533
61 89 0.869
61 101 0.47
61 99 0.65
61 108 0.61
61 71 0.396
61 78 0.451
61 76 0.79
61 83 0.292
61 98 0.649
61 102 0.14
61 106 0.012
61 100 0.106
61 96 0.476
61 86 0.854
61 77 0.141
61 94 0.182
61 64 0.108
61 97 0.082
61 90 0.071
61 62 0.204
61 105 0.095
61 109 0.159
61 88 0.241
61 103 0.21
61 63 0.134
62 81 0.984
62 100 0.76
62 88 0.847
62 107 0.93
62 89 0.805
62 109 0.772
62 87 0.557
62 90 0.793
62 75 0.622
62 69 0.895
62 108 0.337
62 66 0.514
62 67 0.078
62 83 0.812
62 65 0.441
62 72 0.639
62 78 0.882
62 85 0.002
62 97 0.263
62 103 0.807
62 104 0.803
62 77 0.203
62 92 0.46
62 98 0.027
62 99 0.323
62 71 0.337
62 105 0.191
62 94 0.082
62 79 0.587
62 91 0.825
62 95 0.013
62 84 0.387
62 86 0.345
62 106 0.035
62 102 0.494
62 70 0.2
62 74 0.273
62 76 0.273
62 73 0.173
62 93 0.289
62 82 0.167
62 96 0.167
62 63 0.162
62 68 0.206
62 64 0.06
62 80 0.251
62 101 0.104
63 93 0.414
63 70 0.584
63 107 0.725
63 66 0.929
63 103 1
63 77 0.953
63 75 0.172
63 72 1
63 102 0.714
63 90 0.88
63 81 0.241
63 89 0.313
63 108 0.126
63 68 0.879
63 69 0.752
63 79 0.492
63 80 0.265
63 94 0.316
63 101 0.103
63 67 0.486
63 74 0.27
63 82 0.029
63 87 0.604
63 96 0.059
63 104 0.065
63 71 0.751
63 78 0.683
63 95 0.212
63 97 1
63 64 0.601
63 83 0.62
63 73 0.703
63 109 0.229
63 92 0.203
63 91 0.385
63 84 0.219
63 76 0.404
63 99 0.468
63 100 0.386
63 105 0.155
63 86 0.442
63 65 0.258
63 106 0.274
63 88 0.078
63 98 0.056
64 81 0.452
64 95 0.211
64 103 0.829
64 89 0.785
64 96 0.658
64 74 0.776
64 66 0.596
64 84 0.915
64 70 0.9
64 80 0.114
64 102 0.114
64 107 0.485
64 68 0.86
64 73 0.522
64 87 0.779
64 94 0.229
64 97 0.694
64 101 0.468
64 104 0.53
64 105 0.529
64 92 0.384
64 65 0.314
64 75 0.872
64 78 0.454
64 91 0.718
64 98 0.558
64 76 0.645
64 93 0.297
64 109 0.411
64 82 0.2
64 108 0.231
64 79 1
64 85 0.48
64 83 0.211
64 90 0.124
64 99 0.552
64 77 0.774
64 69 0.308
64 100 0.258
64 71 0.184
64 72 0.321
64 88 0.219
64 67 0.175
64 86 0.137
64 106 0.158
65 97 0.642
65 81 0.95
65 89 0.925
65 99 0.985
65 75 0.693
65 90 0.459
65 95 0.434
65 82 0.506
65 92 0.96
65 103 0.937
65 93 0.237
65 68 1
65 66 0.393
65 69 0.87
65 77 0.462
65 78 0.237
65 83 0.178
65 102 0.731
65 106 0.059
65 107 0.23
65 79 0.424
65 80 0.73
65 88 0.297
65 73 0.221
65 108 0.145
65 109 0.302
65 91 0.264
65 104 0.262
65 94 0.632
65 85 0.3
65 76 0.548
65 70 0.304
65 84 0.061
65 72 0.44
65 100 0.046
65 86 0.462
65 98 0.6
65 71 0.236
65 105 0.434
65 74 0.123
65 96 0.129
65 67 0.325
65 87 0.33
65 101 0.197
66 69 0.98
66 71 0.624
66 72 0.487
66 74 0.731
66 76 0.647
66 97 0.85
66 102 0.984
66 90 0.503
66 105 0.537
66 68 0.719
66 95 0.668
66 99 0.839
66 98 0.396
66 107 0.574
66 109 0.621
66 73 0.669
66 77 0.472
66 108 0.284
66 79 0.878
66 80 0.209
66 82 0.975
66 86 0.397
66 101 0.143
66 104 0.194
66 92 0.313
66 96 0.837
66 85 0.665
66 91 0.338
66 89 0.634
66 84 0.598
66 106 0.272
66 103 0.409
66 78 0.303
66 100 0.149
66 67 0.399
66 81 0.208
66 93 0.235
66 75 0.326
66 88 0.496
66 94 0.139
66 70 0.075
66 87 0.28
66 83 0.147
67 84 0.614
67 102 0.717
67 96 0.614
67 99 0.434
67 100 0.698
67 106 0.458
67 76 0.639
67 108 0.47
67 93 0.878
67 101 0.663
67 104 1
67 109 0.473
67 78 0.843
67 79 0.825
67 73 0.536
67 82 0.916
67 77 0.655
67 103 0.404
67 68 0.403
67 69 0.163
67 72 0.809
67 81 0.875
67 85 0.207
67 86 0.631
67 71 0.645
67 91 0.035
67 98 0.416
67 89 0.632
67 97 0.349
67 90 0.203
67 80 0.392
67 87 0.353
67 105 0.323
67 92 0.232
67 94 0.495
67 83 0.84
67 70 0.398
67 74 0.449
67 95 0.207
67 88 0.032
67 107 0.143
68 86 0.854
68 71 1
68 77 0.532
68 93 0.6
68 76 0.908
68 88 0.174
68 107 0.475
68 74 0.674
68 104 0.614
68 94 0.257
68 84 0.486
68 70 0.226
68 97 0.93
68 108 0.801
68 78 0.752
68 83 0.146
68 85 0.195
68 87 0.468
68 96 0.81
68 100 0.379
68 105 0.517
68 73 0.439
68 72 0.638
68 82 0.292
68 75 0.08
68 81 0.252
68 69 0.514
68 79 0.191
68 109 0.335
68 92 0.512
68 98 0.03
68 101 0.307
68 106 0.142
68 95 0.339
68 89 0.337
68 99 0.413
68 103 0.189
68 90 0.28
68 91 0.143
68 80 0.046
68 102 0.161
69 79 0.288
69 76 0.313
69 99 0.808
69 108 0.926
69 75 0.762
69 85 1
69 88 0.414
69 90 0.771
69 109 0.627
69 92 0.568
69 83 0.058
69 98 0.663
69 100 0.662
69 84 0.601
69 86 0.371
69 96 0.857
69 102 0.108
69 74 0.803
69 81 0.128
69 82 0.551
69 72 0.106
69 97 0.379
69 87 0.512
69 104 0.1
69 95 0.897
69 78 0.081
69 103 0.096
69 91 0.084
69 106 0.062
69 94 0.058
69 93 0.297
69 70 0.023
69 89 0.088
69 73 0.684
69 80 0.09
69 105 0.346
69 101 0.07
69 107 0.255
69 77 0.132
69 71 0.077
70 82 0.708
70 93 0.972
70 83 0.946
70 108 0.957
70 102 0.522
70 72 0.881
70 81 1
70 76 0.945
70 87 0.485
70 73 0.455
70 80 0.539
70 104 1
70 101 0.521
70 99 0.174
70 85 0.532
70 90 0.287
70 100 0.235
70 105 0.525
70 89 0.692
70 91 0.188
70 103 0.408
70 107 0.197
70 109 0.487
70 98 0.292
70 84 0.026
70 71 1
70 88 0.125
70 79 0.344
70 106 0.174
70 92 0.62
70 95 0.608
70 97 0.323
70 94 0.17
70 78 0.342
70 74 0.423
70 75 0.23
70 96 0.424
70 86 0.215
70 77 0.307
71 106 0.633
71 100 0.335
71 81 0.641
71 85 0.526
71 72 0.852
71 76 0.813
71 105 0.598
71 77 0.493
71 99 0.447
71 92 0.352
71 75 0.402
71 86 0.036
71 95 0.874
71 101 0.32
71 78 0.461
71 80 0.153
71 82 1
71 87 0.678
71 97 0.984
71 79 0.304
71 84 0.362
71 96 0.2
71 88 0.428
71 108 0.347
71 73 0.204
71 91 0.033
71 74 0.822
71 103 0.224
71 109 0.418
71 98 0.312
71 90 0.792
71 83 0.331
71 107 0.735
71 94 0.095
71 104 0.062
71 102 0.052
71 89 0.186
71 93 0.178
72 99 0.764
72 108 1
72 75 0.876
72 77 0.759
72 105 0.822
72 83 0.504
72 106 0.855
72 74 0.39
72 78 0.174
72 81 0.831
72 85 0.621
72 89 0.735
72 102 0.25
72 90 0.461
72 94 0.329
72 97 0.656
72 104 0.238
72 86 0.978
72 98 0.675
72 76 0.579
72 96 0.819
72 101 1
72 93 0.315
72 84 0.295
72 109 0.603
72 107 0.232
72 73 0.422
72 95 0.218
72 87 0.276
72 103 0.112
72 80 0.16
72 91 0.1
72 79 0.179
72 82 0.493
72 88 0.223
72 92 0.05
72 100 0.039
73 101 0.314
73 107 0.281
73 75 0.513
73 100 0.66
73 92 0.733
73 102 0.668
73 97 0.727
73 81 0.704
73 76 0.571
73 104 0.691
73 94 0.385
73 87 0.224
73 103 0.566
73 74 0.672
73 88 0.408
73 96 0.583
73 77 0.332
73 79 0.307
73 85 0.454
73 86 0.823
73 106 0.955
73 82 0.111
73 105 0.385
73 89 0.236
73 93 0.545
73 95 0.065
73 90 0.518
73 109 0.29
73 80 0.243
73 99 0.192
73 108 0.574
73 83 0.262
73 91 0.287
73 98 0.094
73 78 0.217
73 84 0.128
74 102 0.924
74 91 0.536
74 90 0.501
74 84 0.338
74 103 1
74 86 1
74 81 0.603
74 97 0.94
74 96 0.357
74 77 0.142
74 78 0.407
74 87 0.596
74 80 0.229
74 100 0.778
74 106 0.447
74 85 0.747
74 101 0.529
74 93 0.567
74 94 1.0
74 107 0.251
74 79 0.384
74 95 0.747
74 89 0.497
74 92 0.17
74 108 0.329
74 82 0.255
74 98 0.01
74 104 0.284
74 105 0.249
74 75 0.132
74 83 0.338
74 109 0.211
74 88 0.142
74 99 0.136
74 76 0.157
75 88 0.049
75 105 0.554
75 92 0.69
75 86 0.951
75 97 0.187
75 80 0.695
75 89 0.935
75 82 0.269
75 83 0.109
75 94 0.828
75 96 0.482
75 81 0.764
75 78 0.082
75 87 0.295
75 95 0.646
75 99 0.37
75 103 0.568
75 84 0.421
75 98 0.147
75 107 0.261
75 100 0.187
75 108 0.186
75 79 0.339
75 77 0.213
75 101 0.618
75 102 0.061
75 85 0.42
75 106 0.22
75 109 0.326
75 90 0.299
75 104 0.178
75 91 0.134
75 93 0.222
76 87 0.81
76 95 0.909
76 104 0.489
76 78 0.753
76 82 0.566
76 85 0.806
76 107 0.866
76 86 0.343
76 89 0.577
76 92 0.198
76 97 0.186
76 108 0.731
76 83 0.556
76 94 0.723
76 96 0.34
76 98 0.23
76 102 0.944
76 106 0.756
76 109 0.249
76 81 0.738
76 84 0.459
76 99 0.51
76 103 0.676
76 101 0.333
76 100 0.531
76 88 0.675
76 105 0.211
76 91 0.104
76 93 0.099
76 90 0.066
76 77 0.156
76 79 0.207
76 80 0.196
77 95 0.556
77 98 0.26
77 79 0.924
77 89 1
77 80 1
77 93 0.949
77 102 0.603
77 84 0.942
77 104 0.368
77 101 0.821
77 83 0.157
77 91 0.391
77 105 0.377
77 107 0.748
77 85 0.96
77 103 0.574
77 106 0.648
77 97 0.584
77 86 0.083
77 88 0.288
77 78 0.404
77 109 0.133
77 92 0.572
77 87 0.443
77 99 0.425
77 90 0.268
77 94 0.15
77 81 0.034
77 100 0.097
77 96 0.144
77 82 0.141
78 89 0.568
78 106 1
78 87 0.972
78 85 0.875
78 93 0.75
78 104 0.598
78 99 0.029
78 79 0.242
78 88 0.531
78 107 0.04
78 80 0.217
78 81 0.147
78 105 0.604
78 84 0.184
78 96 0.698
78 98 0.042
78 101 0.671
78 92 0.527
78 94 0.128
78 103 0.871
78 109 0.394
78 86 0.915
78 97 0.402
78 95 0.424
78 108 0.477
78 102 0.488
78 100 0.501
78 82 0.339
78 91 0.345
78 90 0.158
78 83 0.139
79 82 1
79 91 1
79 90 0.864
79 108 0.772
79 105 0.845
79 81 0.26
79 96 0.992
79 83 0.452
79 80 0.293
79 87 0.455
79 94 0.37
79 86 0.297
79 89 0.52
79 101 0.592
79 84 0.086
79 106 0.314
79 109 0.423
79 103 0.217
79 95 0.447
79 104 0.081
79 93 0.191
79 97 0.233
79 100 0.202
79 88 0.106
79 98 0.339
79 85 0.229
79 92 0.192
79 107 0.143
79 102 0.117
79 99 0.162
80 84 0.433
80 85 0.569
80 95 0.873
80 97 0.558
80 81 0.293
80 98 0.488
80 100 0.122
80 83 0.26
80 106 0.294
80 88 0.107
80 101 0.725
80 109 0.477
80 89 0.15
80 102 0.28
80 105 0.662
80 82 0.71
80 108 0.433
80 86 0.833
80 92 0.777
80 90 0.554
80 93 0.292
80 87 0.176
80 99 0.091
80 91 0.211
80 94 0.051
80 96 0.285
80 107 0.432
80 104 0.117
80 103 0.105
81 83 0.839
81 84 0.266
81 85 0.612
81 108 0.753
81 88 0.118
81 96 0.22
81 100 0.365
81 99 0.573
81 102 0.106
81 105 0.334
81 109 0.115
81 82 0.327
81 94 0.147
81 86 0.341
81 92 0.336
81 104 0.15
81 106 0.391
81 90 0.651
81 103 0.374
81 107 0.193
81 95 0.401
81 91 0.092
81 89 0.346
81 97 0.196
81 101 0.226
81 98 0.111
81 87 0.253
81 93 0.103
82 106 1
82 96 0.902
82 95 0.744
82 87 0.558
82 108 0.423
82 107 1
82 83 0.821
82 98 0.92
82 88 0.465
82 89 0.175
82 90 0.439
82 97 0.196
82 99 0.297
82 92 0.518
82 104 0.563
82 93 0.656
82 101 0.614
82 102 0.492
82 100 0.538
82 84 0.163
82 91 0.163
82 86 0.252
82 105 0.122
82 103 0.26
82 85 0.188
82 94 0.139
82 109 0.153
83 102 0.934
83 101 0.573
83 93 0.827
83 106 0.585
83 90 0.411
83 100 0.039
83 104 0.605
83 97 0.192
83 107 0.823
83 108 0.217
83 84 0.038
83 98 0.935
83 109 0.202
83 87 0.559
83 105 0.473
83 89 0.386
83 99 0.174
83 85 0.851
83 88 0.671
83 96 0.698
83 91 0.388
83 94 0.105
83 103 0.012
83 86 0.447
83 92 0.279
83 95 0.093
84 95 0.611
84 85 0.826
84 93 0.76
84 97 0.782
84 108 1
84 91 0.506
84 98 0.762
84 109 0.121
84 89 0.407
84 96 0.112
84 88 0.228
84 90 0.561
84 103 0.053
84 104 0.992
84 105 0.283
84 100 0.044
84 92 0.236
84 102 0.285
84 101 0.46
84 94 0.075
84 107 0.213
84 87 0.472
84 106 0.086
84 99 0.079
84 86 0.129
85 107 0.424
85 95 1
85 98 0.256
85 105 0.409
85 104 0.74
85 103 1
85 106 0.959
85 86 0.984
85 89 0.2
85 93 0.626
85 109 0.347
85 90 0.307
85 100 0.41
85 97 0.654
85 87 0.063
85 102 0.727
85 91 0.043
85 88 0.323
85 101 0.263
85 94 0.289
85 96 0.155
85 99 0.299
85 92 0.128
85 108 0.136
86 91 1
86 90 0.758
86 103 1
86 98 0.425
86 100 0.4
86 89 0.076
86 102 0.348
86 106 0.35
86 96 0.484
86 97 0.351
86 87 0.116
86 105 0.239
86 109 0.577
86 92 0.593
86 94 0.419
86 107 0.418
86 93 0.233
86 95 0.262
86 99 0.41
86 108 0.225
86 101 0.521
86 88 0.371
86 104 0.143
87 90 0.789
87 106 0.392
87 108 0.548
87 109 1
87 105 0.794
87 93 0.235
87 94 0.787
87 98 0.915
87 103 0.331
87 89 0.35
87 91 0.537
87 88 0.328
87 102 0.185
87 99 0.189
87 96 0.386
87 95 0.195
87 104 0.355
87 101 0.149
87 92 0.325
87 100 0.045
87 107 0.109
88 102 0.504
88 100 0.57
88 91 0.185
88 96 0.224
88 101 0.573
88 103 1
88 98 0.091
88 107 0.732
88 108 0.482
88 105 0.33
88 104 0.935
88 95 0.188
88 93 0.761
88 109 0.659
88 90 0.712
88 106 0.431
88 99 0.311
88 89 0.251
88 92 0.34
88 94 0.38
88 97 0.187
89 91 1
89 101 0.491
89 96 0.828
89 104 0.612
89 106 1
89 105 0.915
89 90 0.869
89 95 0.368
89 108 0.664
89 103 0.715
89 107 0.478
89 94 0.673
89 97 0.401
89 92 0.585
89 102 0.37
89 98 0.323
89 109 0.367
89 100 0.029
89 93 0.235
89 99 0.183
90 102 0.844
90 96 0.444
90 105 0.796
90 103 0.994
90 98 1
90 104 1
90 94 0.854
90 97 0.143
90 95 0.103
90 99 0.499
90 100 0.611
90 107 0.574
90 91 0.609
90 101 0.235
90 108 0.573
90 106 0.345
90 109 0.343
90 92 0.604
90 93 0.396
91 105 0.691
91 109 0.768
91 94 0.824
91 99 0.78
91 100 0.744
91 108 0.565
91 106 0.606
91 98 0.306
91 103 0.899
91 101 0.463
91 95 0.478
91 102 0.277
91 93 0.157
91 92 0.262
91 97 0.086
91 96 0.151
91 107 0.066
91 104 0.169
92 107 0.842
92 99 0.587
92 95 0.477
92 93 0.813
92 97 0.37
92 100 0.595
92 103 0.783
92 104 0.603
92 106 0.131
92 96 0.959
92 98 0.382
92 109 0.571
92 94 0.693
92 105 0.233
92 102 0.239
92 108 0.14
92 101 0.173
93 105 0.522
93 101 0.226
93 108 0.172
93 100 0.425
93 95 0.492
93 97 0.466
93 104 0.081
93 96 0.943
93 106 0.207
93 99 0.383
93 94 0.676
93 107 0.563
93 103 0.239
93 102 0.127
93 98 0.132
93 109 0.145
94 98 0.869
94 96 0.938
94 106 0.854
94 101 0.804
94 95 0.343
94 100 0.373
94 102 0.584
94 104 0.138
94 97 0.797
94 99 0.255
94 103 0.919
94 109 0.227
94 105 0.102
94 107 0.245
94 108 0.053
95 109 0.44
95 103 0.597
95 101 0.232
95 102 0.613
95 100 0.551
95 96 0.373
95 97 0.655
95 104 0.209
95 108 0.524
95 107 0.224
95 106 0.16
95 98 0.076
95 99 0.097
95 105 0.244
96 109 0.875
96 105 0.96
96 106 1
96 107 0.151
96 99 0.358
96 104 0.253
96 103 0.093
96 97 0.315
96 108 0.988
96 98 0.823
96 100 0.653
96 101 0.349
96 102 0.146
97 102 0.56
97 100 0.497
97 98 0.125
97 101 0.93
97 105 0.84
97 106 0.734
97 99 0.571
97 104 0.657
97 108 0.337
97 103 0.162
97 109 0.09
97 107 0.207
98 105 0.668
98 106 0.794
98 104 0.114
98 107 0.396
98 101 0.707
98 102 0.18
98 109 0.313
98 103 0.313
98 99 0.663
98 108 0.188
98 100 0.391
99 103 0.715
99 107 0.614
99 104 0.976
99 108 0.348
99 106 0.399
99 100 0.101
99 101 0.436
99 105 0.169
99 109 0.735
99 102 0.158
100 109 0.626
100 103 0.402
100 104 0.45
100 105 0.706
100 102 0.399
100 107 0.416
100 108 0.15
100 101 0.311
100 106 0.21
101 109 0.161
101 102 0.775
101 107 0.329
101 103 0.582
101 105 0.196
101 104 0.193
101 108 0.195
101 106 0.363
102 106 0.587
102 105 0.893
102 103 0.85
102 107 0.189
102 108 0.193
102 109 0.372
102 104 0.103
103 107 1
103 108 0.309
103 105 0.548
103 109 0.382
103 104 0.433
103 106 0.394
104 107 0.615
104 109 0.828
104 106 0.233
104 105 0.177
105 107 0.822
105 109 0.803
105 106 0.402
105 108 0.319
106 107 1
106 109 0.012
106 108 0.167
107 108 0.561
107 109 0.523
108 109 0.244
