0 41 0.803
0 96 1
0 28 0.516
0 36 1
0 98 0.704
0 18 1
0 40 0.632
0 15 0.678
0 54 0.952
0 58 0.801
0 45 0.921
0 76 0.617
0 24 0.529
0 29 1
0 62 0.538
0 9 0.803
0 21 0.891
0 82 0.568
0 6 0.76
0 91 1
0 13 0.709
0 35 1
0 72 0.91
0 39 0.25
0 61 0.16
0 84 0.262
0 94 0.268
0 107 0.152
0 1 0.149
0 4 0.154
0 11 0.185
0 14 0.089
0 20 0.148
0 25 0.165
0 30 0.097
0 32 0.163
0 48 0.214
0 49 0.157
0 50 0.113
0 53 0.117
0 55 0.131
0 57 0.2
0 59 0.134
0 60 0.133
0 63 0.157
0 68 0.171
0 69 0.111
0 71 0.163
0 75 0.101
0 77 0.145
0 80 0.189
0 83 0.143
0 88 0.159
0 89 0.119
0 95 0.135
0 97 0.143
0 99 0.131
0 101 0.146
0 103 0.119
1 54 0.891
1 33 0.892
1 66 0.62
1 108 0.761
1 67 0.978
1 56 0.693
1 96 0.962
1 31 0.943
1 42 1
1 17 0.641
1 102 1
1 26 0.512
1 10 1
1 19 0.648
1 40 0.758
1 41 0.882
1 47 0.46
1 85 0.751
1 25 0.739
1 39 0.774
1 14 0.842
1 64 1
1 49 1
1 43 0.88
1 70 0.159
1 21 0.196
1 82 0.136
1 87 0.096
1 36 0.168
1 71 0.158
1 74 0.304
1 83 0.14
1 97 0.227
1 101 0.172
1 4 0.151
1 9 0.145
1 13 0.159
1 18 0.146
1 20 0.129
1 22 0.214
1 32 0.213
1 34 0.116
1 50 0.123
1 52 0.128
1 53 0.132
1 55 0.09
1 58 0.132
1 61 0.144
1 76 0.123
1 78 0.144
1 80 0.168
1 84 0.136
1 89 0.183
1 90 0.146
1 91 0.164
1 92 0.136
1 93 0.125
1 95 0.145
1 106 0.182
1 107 0.159
1 109 0.139
2 19 0.887
2 6 0.916
2 35 0.823
2 14 0.995
2 34 0.64
2 103 1
2 33 1
2 46 1
2 18 0.507
2 89 0.588
2 82 0.811
2 28 0.678
2 36 0.576
2 39 0.875
2 104 0.746
2 24 1
2 88 0.605
2 91 0.514
2 23 0.925
2 16 0.646
2 74 0.875
2 22 0.749
2 70 0.829
2 32 0.268
2 41 0.165
2 56 0.074
2 83 0.109
2 9 0.119
2 11 0.14
2 12 0.178
2 17 0.119
2 26 0.154
2 30 0.148
2 31 0.179
2 37 0.107
2 40 0.154
2 42 0.126
2 44 0.157
2 49 0.14
2 52 0.139
2 53 0.189
2 60 0.064
2 61 0.188
2 65 0.074
2 67 0.145
2 68 0.163
2 75 0.087
2 79 0.218
2 80 0.187
2 84 0.149
2 86 0.159
2 90 0.105
2 92 0.138
2 93 0.143
2 105 0.148
2 106 0.136
2 107 0.156
2 109 0.144
3 101 0.938
3 39 1
3 67 0.943
3 96 1
3 52 0.957
3 104 0.738
3 53 0.516
3 66 1
3 81 1
3 70 0.628
3 32 1
3 47 1
3 99 1
3 90 1
3 48 0.865
3 64 0.882
3 13 0.561
3 21 0.571
3 79 0.968
3 84 0.859
3 5 1
3 60 0.593
3 78 0.984
3 34 0.536
3 75 1
3 74 0.717
3 46 0.844
3 94 0.676
3 87 0.175
3 6 0.076
3 22 0.155
3 25 0.086
3 36 0.269
3 82 0.127
3 83 0.35
3 91 0.054
3 95 0.131
3 107 0.181
3 10 0.113
3 16 0.101
3 17 0.14
3 18 0.152
3 28 0.168
3 30 0.107
3 31 0.176
3 33 0.171
3 37 0.129
3 40 0.148
3 41 0.146
3 49 0.177
3 50 0.156
3 59 0.136
3 65 0.165
3 68 0.187
3 69 0.193
3 76 0.153
3 86 0.152
3 92 0.134
3 98 0.141
3 102 0.145
3 103 0.11
3 108 0.123
4 37 0.607
4 19 0.738
4 88 0.778
4 30 0.694
4 32 0.995
4 65 0.975
4 48 0.639
4 72 0.58
4 69 0.929
4 106 0.858
4 22 0.893
4 33 1
4 39 0.723
4 34 0.844
4 43 0.993
4 81 0.579
4 82 0.895
4 96 0.841
4 78 0.88
4 86 0.983
4 13 0.818
4 35 0.953
4 85 0.725
4 64 1
4 59 0.524
4 27 0.16
4 53 0.107
4 62 0.166
4 71 0.202
4 79 0.159
4 83 0.224
4 89 0.218
4 92 0.226
4 100 0.307
4 105 0.035
4 107 0.081
4 6 0.123
4 9 0.136
4 14 0.178
4 16 0.171
4 17 0.177
4 18 0.091
4 23 0.184
4 25 0.127
4 29 0.117
4 31 0.145
4 40 0.127
4 46 0.157
4 51 0.18
4 54 0.179
4 55 0.191
4 58 0.163
4 61 0.125
4 73 0.14
4 77 0.216
4 80 0.157
4 84 0.156
4 91 0.151
4 97 0.177
4 101 0.187
4 108 0.188
4 109 0.163
5 78 1
5 33 0.604
5 41 0.859
5 50 0.953
5 17 0.922
5 97 0.854
5 15 0.971
5 62 0.718
5 43 0.789
5 107 0.728
5 73 0.665
5 99 0.693
5 11 0.794
5 28 0.713
5 81 0.665
5 86 0.972
5 20 1
5 22 0.704
5 34 0.896
5 92 0.713
5 93 0.521
5 98 0.979
5 9 0.921
5 36 0.891
5 88 0.633
5 68 0.976
5 58 0.629
5 108 0.543
5 103 0.568
5 89 0.903
5 31 0.796
5 25 0.765
5 77 1
5 27 0.808
5 83 0.383
5 10 0.072
5 12 0.258
5 30 0.115
5 38 0.12
5 55 0.212
5 85 0.126
5 95 0.143
5 105 0.08
5 7 0.184
5 8 0.184
5 14 0.172
5 19 0.148
5 21 0.136
5 23 0.165
5 24 0.186
5 26 0.126
5 29 0.148
5 39 0.17
5 45 0.2
5 48 0.125
5 49 0.14
5 51 0.137
5 52 0.168
5 54 0.14
5 59 0.11
5 61 0.168
5 65 0.117
5 66 0.219
5 67 0.203
5 69 0.19
5 70 0.103
5 72 0.174
5 75 0.157
5 76 0.115
5 79 0.149
5 80 0.184
5 84 0.151
5 94 0.159
5 96 0.181
5 100 0.16
6 41 0.845
6 9 1
6 16 0.932
6 78 0.848
6 33 0.522
6 42 1
6 85 0.541
6 75 0.797
6 53 1
6 50 0.772
6 30 0.88
6 51 0.852
6 72 0.814
6 105 0.798
6 23 0.671
6 27 0.912
6 56 1
6 57 0.696
6 109 1
6 61 0.981
6 63 0.872
6 80 1
6 90 0.573
6 98 0.903
6 35 0.527
6 20 0.97
6 108 0.682
6 88 0.72
6 87 0.664
6 94 0.564
6 77 1
6 37 0.681
6 64 0.08
6 84 0.268
6 96 0.07
6 34 0.262
6 49 0.288
6 65 0.108
6 100 0.014
6 8 0.161
6 10 0.12
6 11 0.135
6 13 0.197
6 17 0.125
6 19 0.114
6 24 0.139
6 25 0.173
6 26 0.173
6 28 0.159
6 31 0.124
6 32 0.116
6 36 0.145
6 52 0.143
6 55 0.177
6 58 0.166
6 66 0.168
6 68 0.172
6 83 0.131
6 91 0.183
6 93 0.171
6 97 0.144
6 102 0.159
6 106 0.127
7 27 0.976
7 69 0.964
7 109 0.877
7 52 0.859
7 108 0.544
7 44 0.736
7 45 1
7 54 0.644
7 17 1
7 46 1
7 105 0.547
7 98 0.641
7 96 1
7 49 0.636
7 58 0.673
7 88 0.656
7 90 0.956
7 16 0.539
7 32 0.816
7 73 0.889
7 68 1
7 87 0.769
7 18 0.923
7 36 0.844
7 39 0.018
7 11 0.153
7 12 0.18
7 14 0.131
7 21 0.141
7 22 0.187
7 25 0.166
7 28 0.175
7 29 0.1
7 34 0.137
7 37 0.142
7 47 0.082
7 50 0.131
7 53 0.15
7 55 0.137
7 57 0.183
7 61 0.143
7 62 0.218
7 65 0.13
7 66 0.163
7 71 0.121
7 75 0.157
7 77 0.139
7 79 0.152
7 83 0.133
7 84 0.181
7 85 0.186
7 97 0.187
7 101 0.159
8 69 0.84
8 104 0.773
8 45 0.859
8 53 0.908
8 85 0.846
8 108 0.56
8 42 0.942
8 46 1
8 54 0.937
8 56 0.837
8 72 0.837
8 17 0.815
8 58 1
8 70 0.976
8 76 1
8 27 1
8 39 0.766
8 84 0.889
8 102 0.957
8 107 0.632
8 24 0.946
8 92 1
8 90 1
8 34 0.709
8 77 0.625
8 12 0.806
8 86 0.037
8 99 0.159
8 37 0.095
8 41 0.259
8 67 0.16
8 73 0.212
8 91 0.248
8 101 0.046
8 105 0.111
8 9 0.144
8 20 0.122
8 21 0.158
8 25 0.181
8 26 0.097
8 31 0.215
8 33 0.136
8 36 0.095
8 38 0.13
8 40 0.188
8 49 0.151
8 50 0.109
8 57 0.172
8 60 0.158
8 62 0.172
8 65 0.188
8 81 0.139
8 82 0.145
8 88 0.169
8 97 0.117
8 100 0.085
8 103 0.129
8 106 0.229
8 109 0.132
9 35 0.597
9 58 0.896
9 20 0.618
9 36 0.679
9 51 0.938
9 88 0.916
9 64 0.767
9 75 0.794
9 61 1
9 41 1
9 25 0.628
9 29 1
9 30 0.987
9 47 0.892
9 89 0.916
9 97 0.972
9 46 0.993
9 73 1
9 28 0.653
9 85 0.837
9 22 0.198
9 91 0.033
9 14 0.145
9 54 0.034
9 86 0.148
9 94 0.072
9 107 0.119
9 10 0.123
9 12 0.178
9 24 0.129
9 26 0.126
9 27 0.155
9 32 0.129
9 39 0.141
9 40 0.132
9 50 0.176
9 52 0.172
9 53 0.125
9 56 0.12
9 60 0.15
9 62 0.122
9 65 0.153
9 66 0.115
9 68 0.099
9 69 0.12
9 70 0.185
9 71 0.155
9 72 0.176
9 76 0.101
9 77 0.13
9 78 0.124
9 80 0.168
9 81 0.168
9 83 0.13
9 84 0.169
9 90 0.138
9 95 0.121
9 96 0.108
9 100 0.149
9 106 0.089
9 109 0.194
10 40 0.814
10 44 0.735
10 98 0.938
10 106 0.604
10 18 0.981
10 77 0.912
10 109 0.939
10 95 1
10 54 0.945
10 67 1
10 35 1
10 45 1
10 49 0.784
10 71 0.864
10 91 0.841
10 33 1
10 55 1
10 79 0.74
10 81 0.95
10 27 0.814
10 69 0.701
10 70 0.816
10 85 0.664
10 97 0.811
10 41 0.946
10 100 0.565
10 99 0.79
10 96 0.74
10 108 0.761
10 48 0.822
10 17 0.386
10 68 0.93
10 72 0.784
10 50 1
10 63 0.066
10 75 0.006
10 61 0.111
10 64 0.165
10 102 0.142
10 12 0.142
10 20 0.126
10 21 0.138
10 22 0.128
10 23 0.15
10 26 0.166
10 31 0.11
10 32 0.155
10 47 0.138
10 51 0.182
10 52 0.16
10 62 0.178
10 65 0.131
10 66 0.171
10 78 0.151
10 80 0.19
10 82 0.136
10 84 0.156
10 86 0.187
10 89 0.148
10 94 0.128
10 104 0.184
10 105 0.083
10 107 0.106
11 66 0.891
11 12 1
11 30 0.854
11 24 0.894
11 29 0.923
11 32 0.892
11 13 0.796
11 58 0.965
11 22 0.957
11 49 0.596
11 14 0.925
11 55 0.716
11 59 0.791
11 101 0.757
11 99 0.876
11 28 0.74
11 20 0.801
11 91 0.868
11 80 1
11 84 0.825
11 73 0.316
11 109 0.265
11 60 0.206
11 72 0.172
11 74 0.096
11 75 0.115
11 88 0.099
11 102 0.329
11 104 0.255
11 17 0.172
11 23 0.132
11 25 0.153
11 26 0.158
11 27 0.105
11 31 0.133
11 35 0.134
11 36 0.18
11 40 0.086
11 41 0.126
11 42 0.193
11 43 0.118
11 45 0.132
11 51 0.124
11 52 0.153
11 53 0.193
11 67 0.198
11 68 0.153
11 70 0.132
11 71 0.149
11 78 0.088
11 86 0.12
11 92 0.177
11 94 0.078
11 95 0.153
11 100 0.14
12 78 0.755
12 35 1
12 88 0.77
12 102 0.841
12 53 0.676
12 109 0.882
12 71 1
12 24 0.852
12 67 0.93
12 55 0.997
12 87 0.813
12 68 0.857
12 18 0.932
12 80 0.943
12 13 0.885
12 59 0.792
12 17 1
12 60 1
12 103 1
12 75 1
12 93 0.857
12 106 0.722
12 94 0.699
12 89 0.16
12 16 0.136
12 22 0.178
12 29 0.186
12 39 0.223
12 66 0.149
12 72 0.066
12 21 0.129
12 23 0.208
12 27 0.213
12 28 0.223
12 30 0.131
12 31 0.151
12 33 0.16
12 34 0.159
12 36 0.141
12 37 0.095
12 40 0.105
12 43 0.172
12 46 0.156
12 48 0.157
12 50 0.134
12 62 0.152
12 64 0.18
12 65 0.145
12 74 0.145
12 76 0.184
12 77 0.147
12 81 0.177
12 82 0.14
12 90 0.146
12 95 0.163
12 97 0.221
12 98 0.219
12 99 0.159
12 107 0.181
13 40 0.596
13 82 0.885
13 42 0.765
13 55 0.722
13 90 1
13 20 1
13 88 0.76
13 104 0.734
13 56 0.992
13 76 1
13 17 0.582
13 32 1
13 77 1
13 53 1
13 16 0.712
13 94 0.039
13 96 0.026
13 30 0.143
13 65 0.075
13 66 0.151
13 91 0.129
13 93 0.168
13 97 0.153
13 98 0.16
13 106 0.136
13 14 0.161
13 18 0.16
13 19 0.116
13 21 0.174
13 25 0.163
13 26 0.197
13 29 0.139
13 31 0.152
13 35 0.158
13 37 0.143
13 44 0.224
13 46 0.176
13 51 0.125
13 54 0.125
13 57 0.157
13 58 0.156
13 59 0.138
13 61 0.147
13 64 0.152
13 69 0.118
13 71 0.145
13 72 0.101
13 73 0.13
13 74 0.171
13 75 0.157
13 79 0.16
13 83 0.163
13 103 0.14
13 107 0.145
13 108 0.14
14 86 0.898
14 38 0.875
14 52 1
14 63 0.835
14 95 0.738
14 82 0.95
14 77 1
14 100 0.874
14 24 0.974
14 18 0.925
14 84 1.0
14 101 0.78
14 59 1
14 99 0.728
14 64 1
14 61 0.988
14 54 0.773
14 65 1
14 96 0.993
14 32 0.158
14 72 0.109
14 29 0.155
14 35 0.102
14 68 0.142
14 80 0.137
14 83 0.356
14 21 0.112
14 25 0.169
14 30 0.125
14 31 0.118
14 33 0.157
14 39 0.163
14 46 0.086
14 47 0.114
14 48 0.17
14 49 0.127
14 55 0.173
14 67 0.163
14 73 0.165
14 74 0.109
14 79 0.167
14 81 0.177
14 85 0.19
14 89 0.164
14 90 0.161
14 92 0.172
14 93 0.13
14 97 0.134
14 98 0.144
14 102 0.186
14 105 0.206
14 109 0.183
15 64 0.953
15 16 0.848
15 103 1
15 59 0.918
15 21 0.854
15 39 0.618
15 60 0.731
15 79 0.795
15 86 1
15 105 1
15 25 0.835
15 27 0.809
15 36 1
15 49 0.684
15 63 1
15 109 0.806
15 66 0.82
15 108 0.926
15 98 0.9
15 74 0.979
15 48 0.74
15 20 0.737
15 70 0.624
15 91 0.669
15 93 0.865
15 67 0.296
15 42 0.113
15 52 0.133
15 73 0.089
15 75 0.14
15 85 0.158
15 102 0.12
15 24 0.145
15 26 0.109
15 32 0.13
15 33 0.205
15 38 0.147
15 43 0.171
15 46 0.142
15 51 0.198
15 53 0.109
15 55 0.164
15 56 0.071
15 58 0.104
15 62 0.083
15 65 0.146
15 78 0.141
15 81 0.116
15 87 0.138
15 89 0.145
15 92 0.171
15 97 0.14
15 100 0.19
15 104 0.086
16 48 0.587
16 99 0.6
16 79 1
16 88 0.847
16 38 0.902
16 22 0.882
16 39 0.786
16 68 0.796
16 106 0.417
16 21 0.629
16 70 1
16 23 0.605
16 26 0.789
16 31 0.909
16 24 0.575
16 43 0.976
16 78 1
16 40 0.87
16 44 0.856
16 47 1
16 50 1
16 58 1
16 69 1
16 71 1
16 94 0.573
16 55 1
16 59 0.924
16 102 0.906
16 107 0.653
16 108 0.782
16 56 0.685
16 85 0.6
16 92 0.151
16 101 0.238
16 20 0.145
16 29 0.125
16 33 0.158
16 41 0.175
16 42 0.064
16 49 0.186
16 54 0.135
16 57 0.2
16 61 0.131
16 64 0.168
16 65 0.148
16 75 0.12
16 76 0.126
16 77 0.13
16 82 0.168
16 83 0.194
16 87 0.221
16 89 0.125
16 93 0.158
16 95 0.132
16 96 0.151
16 103 0.13
17 62 0.849
17 107 1
17 90 1
17 49 1
17 51 0.91
17 67 1
17 93 0.869
17 101 0.823
17 65 0.647
17 82 0.631
17 98 0.78
17 22 0.629
17 45 1
17 84 0.505
17 46 0.555
17 70 0.937
17 91 0.885
17 57 0.692
17 35 0.889
17 19 0.883
17 105 0.899
17 109 0.537
17 55 0.621
17 40 0.775
17 41 0.611
17 27 0.678
17 18 0.183
17 39 0.147
17 59 0.02
17 100 0.198
17 21 0.162
17 25 0.143
17 26 0.145
17 29 0.15
17 31 0.126
17 32 0.091
17 52 0.116
17 54 0.145
17 64 0.178
17 68 0.173
17 69 0.148
17 72 0.154
17 75 0.185
17 77 0.159
17 83 0.202
17 85 0.146
17 89 0.193
17 94 0.146
17 99 0.132
17 102 0.177
17 104 0.116
17 106 0.151
18 96 0.757
18 69 0.715
18 64 0.894
18 21 0.52
18 33 0.504
18 52 0.809
18 88 0.93
18 22 0.946
18 35 0.757
18 68 0.743
18 42 1
18 54 0.857
18 92 1
18 103 0.786
18 108 0.825
18 78 0.881
18 65 0.741
18 41 0.92
18 104 0.869
18 45 0.688
18 89 0.876
18 80 0.542
18 82 0.148
18 27 0.04
18 32 0.169
18 63 0.232
18 73 0.084
18 75 0.157
18 85 0.171
18 106 0.243
18 19 0.166
18 23 0.176
18 25 0.102
18 29 0.172
18 30 0.126
18 37 0.145
18 40 0.179
18 44 0.204
18 50 0.17
18 53 0.189
18 55 0.108
18 59 0.086
18 60 0.178
18 76 0.169
18 79 0.126
18 83 0.128
18 87 0.171
18 90 0.152
18 91 0.088
18 93 0.142
18 98 0.128
18 102 0.125
19 54 1
19 68 0.807
19 56 0.699
19 93 0.736
19 26 0.772
19 36 0.564
19 80 1
19 57 1
19 40 0.987
19 49 0.69
19 95 0.625
19 101 1
19 85 0.675
19 41 0.925
19 21 1
19 97 0.907
19 67 0.789
19 52 0.726
19 20 0.808
19 98 1
19 61 0.228
19 30 0.155
19 34 0.058
19 48 0.189
19 76 0.188
19 91 0.049
19 92 0.265
19 22 0.157
19 25 0.132
19 27 0.128
19 29 0.158
19 31 0.167
19 32 0.17
19 33 0.159
19 37 0.14
19 38 0.121
19 43 0.136
19 47 0.172
19 59 0.089
19 62 0.11
19 64 0.21
19 69 0.159
19 72 0.172
19 75 0.13
19 77 0.127
19 81 0.157
19 89 0.155
19 90 0.156
19 96 0.112
19 99 0.12
19 103 0.147
19 105 0.158
19 106 0.135
19 107 0.166
20 43 0.619
20 54 1
20 82 0.881
20 33 0.672
20 90 1
20 45 0.825
20 37 0.607
20 48 1
20 99 0.912
20 30 0.911
20 52 1
20 102 1
20 57 0.659
20 91 0.7
20 49 0.772
20 28 0.96
20 68 0.746
20 103 0.791
20 76 0.823
20 84 0.721
20 105 0.881
20 106 0.534
20 39 1
20 87 0.837
20 21 0.735
20 74 0.837
20 100 0.871
20 32 0.758
20 29 0.734
20 77 0.323
20 24 0.135
20 71 0.263
20 89 0.134
20 23 0.157
20 25 0.143
20 31 0.149
20 40 0.179
20 41 0.165
20 50 0.176
20 53 0.167
20 65 0.185
20 67 0.182
20 85 0.205
20 92 0.172
20 93 0.172
20 108 0.153
20 109 0.126
21 93 0.865
21 24 0.649
21 32 0.9
21 72 1
21 101 1
21 67 0.686
21 26 0.798
21 80 0.576
21 104 0.839
21 109 0.578
21 58 0.998
21 84 0.922
21 95 1
21 61 0.928
21 73 0.958
21 97 1
21 102 0.219
21 105 0.717
21 99 0.834
21 103 0.761
21 85 0.887
21 30 0.633
21 66 0.833
21 37 0.156
21 47 0.269
21 81 0.136
21 82 0.104
21 90 0.188
21 25 0.136
21 27 0.139
21 29 0.21
21 31 0.125
21 33 0.14
21 35 0.149
21 39 0.151
21 40 0.159
21 41 0.126
21 42 0.134
21 43 0.157
21 53 0.166
21 54 0.179
21 56 0.158
21 60 0.119
21 64 0.146
21 71 0.157
21 75 0.174
21 77 0.157
21 78 0.103
21 88 0.126
21 89 0.131
21 96 0.182
21 100 0.198
21 108 0.177
22 37 0.722
22 94 0.758
22 72 0.96
22 102 0.9
22 76 0.72
22 35 1
22 38 0.772
22 63 0.872
22 109 0.539
22 47 0.945
22 92 0.776
22 55 0.675
22 68 1
22 70 0.842
22 79 0.992
22 90 0.885
22 100 1
22 82 0.663
22 67 0.772
22 96 1
22 23 0.635
22 84 0.905
22 106 0.54
22 36 1
22 78 0.891
22 40 0.193
22 91 0.161
22 99 0.193
22 107 0.319
22 24 0.113
22 25 0.174
22 30 0.134
22 33 0.147
22 34 0.169
22 41 0.064
22 43 0.169
22 46 0.161
22 48 0.169
22 49 0.177
22 51 0.098
22 52 0.142
22 53 0.119
22 54 0.135
22 57 0.164
22 59 0.177
22 61 0.189
22 66 0.121
22 69 0.158
22 74 0.146
22 77 0.16
22 87 0.158
22 88 0.166
22 89 0.141
22 101 0.17
22 108 0.132
23 41 1
23 66 1
23 43 0.598
23 55 0.621
23 44 0.805
23 36 0.707
23 58 0.672
23 63 0.845
23 76 0.95
23 31 0.898
23 42 0.812
23 64 1
23 78 0.867
23 37 1
23 32 0.659
23 49 0.992
23 53 0.878
23 46 0.221
23 56 0.328
23 35 0.132
23 48 0.23
23 72 0.135
23 91 0.285
23 93 0.133
23 27 0.139
23 28 0.119
23 30 0.196
23 38 0.146
23 40 0.201
23 51 0.15
23 52 0.203
23 54 0.189
23 57 0.152
23 59 0.133
23 61 0.164
23 67 0.157
23 68 0.116
23 70 0.172
23 73 0.158
23 77 0.17
23 79 0.159
23 85 0.146
23 87 0.119
23 92 0.137
23 95 0.103
23 98 0.15
23 100 0.116
23 102 0.198
23 103 0.152
23 107 0.163
23 108 0.126
24 108 0.842
24 25 0.588
24 71 1
24 54 0.912
24 68 0.924
24 90 0.688
24 101 0.866
24 64 0.659
24 34 0.855
24 95 0.82
24 77 0.59
24 87 0.691
24 96 0.78
24 75 0.615
24 107 0.698
24 62 0.918
24 76 0.797
24 97 0.92
24 44 1
24 30 0.752
24 104 0.104
24 26 0.348
24 35 0.135
24 45 0.005
24 57 0.134
24 61 0.187
24 85 0.216
24 94 0.215
24 38 0.172
24 39 0.198
24 40 0.167
24 42 0.159
24 43 0.209
24 48 0.161
24 50 0.16
24 51 0.149
24 55 0.155
24 59 0.15
24 63 0.103
24 67 0.125
24 70 0.185
24 74 0.171
24 78 0.128
24 81 0.129
24 92 0.152
24 102 0.183
25 35 0.823
25 57 1
25 79 0.693
25 83 0.773
25 87 0.569
25 90 0.936
25 61 0.869
25 56 0.756
25 64 0.864
25 80 1
25 88 0.772
25 38 0.584
25 43 0.78
25 77 0.705
25 42 0.925
25 34 1
25 103 0.827
25 107 1
25 81 0.856
25 105 0.832
25 102 0.961
25 59 0.845
25 100 0.996
25 48 0.923
25 54 0.697
25 55 0.225
25 69 0.088
25 95 0.121
25 99 0.297
25 29 0.164
25 39 0.116
25 40 0.158
25 41 0.092
25 46 0.189
25 53 0.136
25 65 0.094
25 73 0.134
25 75 0.14
25 76 0.142
25 91 0.101
25 93 0.189
25 96 0.154
25 98 0.103
26 80 0.713
26 48 0.94
26 32 0.85
26 36 0.98
26 57 0.86
26 87 0.873
26 84 0.583
26 81 1
26 76 0.787
26 101 1
26 67 0.887
26 42 1
26 56 1
26 29 0.765
26 59 0.798
26 73 0.7
26 68 0.802
26 86 1
26 65 0.945
26 51 0.094
26 61 0.057
26 109 0.141
26 27 0.156
26 38 0.095
26 41 0.208
26 45 0.128
26 49 0.123
26 52 0.109
26 54 0.164
26 55 0.113
26 60 0.155
26 62 0.199
26 66 0.131
26 70 0.125
26 72 0.074
26 77 0.146
26 85 0.156
26 88 0.077
26 92 0.113
26 93 0.17
26 96 0.133
26 97 0.159
26 98 0.104
26 99 0.165
26 100 0.092
26 102 0.126
26 103 0.139
26 104 0.131
26 106 0.132
26 107 0.165
27 28 1
27 52 1
27 99 0.885
27 34 0.583
27 82 0.952
27 106 0.735
27 43 0.667
27 109 0.644
27 87 0.987
27 58 0.554
27 81 0.64
27 96 0.689
27 61 1
27 71 0.883
27 36 0.617
27 54 0.972
27 86 0.11
27 93 0.073
27 32 0.293
27 35 0.366
27 41 0.226
27 84 0.155
27 38 0.152
27 45 0.142
27 46 0.188
27 47 0.138
27 48 0.14
27 50 0.116
27 57 0.136
27 60 0.165
27 62 0.139
27 68 0.121
27 69 0.113
27 72 0.16
27 74 0.166
27 75 0.142
27 78 0.16
27 85 0.158
27 89 0.18
27 90 0.144
27 91 0.138
27 95 0.166
27 97 0.18
27 102 0.145
27 103 0.138
27 107 0.208
28 97 0.974
28 69 0.765
28 61 1
28 94 1
28 33 0.772
28 55 0.524
28 81 0.678
28 72 0.692
28 78 0.678
28 31 1
28 85 0.75
28 48 0.914
28 105 0.814
28 57 0.66
28 76 0.987
28 88 0.788
28 95 1
28 73 0.881
28 96 0.664
28 30 0.748
28 58 0.573
28 98 0.851
28 90 0.771
28 100 0.983
28 93 0.638
28 77 0.082
28 82 0.126
28 87 0.197
28 39 0.17
28 40 0.11
28 44 0.171
28 45 0.163
28 46 0.195
28 49 0.164
28 51 0.103
28 52 0.177
28 63 0.139
28 68 0.135
28 74 0.11
28 84 0.192
28 86 0.131
28 92 0.192
28 99 0.116
28 101 0.186
28 108 0.151
28 109 0.127
29 105 1
29 72 0.56
29 81 0.91
29 83 0.628
29 40 0.827
29 48 0.621
29 84 0.525
29 71 0.79
29 69 0.876
29 79 0.582
29 82 0.769
29 43 0.841
29 47 0.719
29 57 0.847
29 98 0.621
29 39 0.896
29 107 0.911
29 70 0.159
29 52 0.072
29 53 0.182
29 62 0.053
29 99 0.068
29 100 0.143
29 102 0.197
29 104 0.088
29 108 0.257
29 30 0.235
29 32 0.157
29 33 0.183
29 35 0.103
29 36 0.131
29 37 0.142
29 38 0.234
29 41 0.146
29 49 0.149
29 51 0.187
29 54 0.137
29 55 0.124
29 56 0.123
29 59 0.099
29 64 0.169
29 75 0.105
29 89 0.109
29 93 0.136
29 101 0.18
29 103 0.18
29 109 0.125
30 80 0.615
30 108 0.63
30 76 0.881
30 54 0.857
30 67 0.835
30 96 0.876
30 41 0.823
30 89 1
30 61 0.853
30 106 1
30 93 0.883
30 38 0.811
30 49 0.675
30 52 0.714
30 86 1
30 109 0.998
30 44 0.96
30 62 1
30 101 0.62
30 50 0.958
30 31 0.913
30 92 1
30 97 0.619
30 43 0.777
30 58 0.025
30 39 0.114
30 53 0.133
30 105 0.01
30 32 0.169
30 34 0.174
30 35 0.138
30 40 0.188
30 55 0.157
30 66 0.141
30 68 0.144
30 69 0.151
30 71 0.153
30 78 0.16
30 81 0.142
30 84 0.186
30 85 0.166
30 90 0.181
30 99 0.097
30 107 0.174
31 37 0.966
31 70 0.783
31 42 0.691
31 43 0.89
31 56 0.795
31 74 0.631
31 78 0.502
31 97 0.886
31 90 0.594
31 50 0.944
31 100 0.915
31 82 0.757
31 45 0.658
31 109 1
31 72 0.923
31 67 0.71
31 96 0.84
31 88 0.621
31 73 0.578
31 101 0.727
31 51 0.969
31 63 0.999
31 77 1
31 108 0.694
31 58 0.629
31 79 0.158
31 84 0.136
31 86 0.137
31 104 0.157
31 32 0.15
31 36 0.15
31 38 0.186
31 39 0.149
31 46 0.141
31 48 0.148
31 49 0.107
31 52 0.185
31 53 0.159
31 54 0.163
31 55 0.163
31 57 0.113
31 59 0.102
31 60 0.097
31 62 0.149
31 69 0.168
31 71 0.103
31 85 0.136
31 92 0.16
31 93 0.11
31 94 0.193
31 102 0.19
32 82 1
32 60 0.919
32 77 0.907
32 99 0.939
32 54 0.932
32 49 0.747
32 90 0.887
32 39 0.914
32 73 0.931
32 109 0.967
32 62 0.85
32 98 0.992
32 58 0.937
32 71 0.96
32 104 0.804
32 64 0.529
32 81 0.637
32 78 0.841
32 57 0.022
32 65 0.067
32 84 0.161
32 38 0.113
32 45 0.145
32 48 0.175
32 55 0.178
32 61 0.063
32 63 0.156
32 72 0.144
32 74 0.145
32 88 0.097
32 93 0.15
32 94 0.15
32 96 0.13
32 100 0.181
32 102 0.155
32 107 0.115
33 37 1
33 99 0.968
33 46 0.764
33 59 0.934
33 104 0.841
33 105 0.878
33 81 0.912
33 64 0.875
33 76 0.646
33 103 0.804
33 36 1
33 98 0.994
33 84 1
33 52 0.58
33 74 0.81
33 34 1
33 71 0.66
33 91 0.873
33 82 0.617
33 93 0.794
33 108 0.129
33 35 0.175
33 41 0.141
33 45 0.301
33 47 0.02
33 48 0.104
33 40 0.139
33 44 0.132
33 53 0.206
33 54 0.108
33 55 0.153
33 56 0.144
33 57 0.191
33 61 0.105
33 63 0.174
33 66 0.131
33 75 0.117
33 80 0.145
33 83 0.159
33 85 0.178
33 90 0.173
33 92 0.152
33 94 0.119
33 96 0.131
34 60 1
34 35 0.799
34 68 1
34 71 0.929
34 109 0.833
34 54 0.948
34 53 0.555
34 63 0.972
34 79 0.889
34 108 0.871
34 92 0.688
34 40 0.904
34 51 0.833
34 77 1
34 84 0.792
34 49 0.776
34 88 0.553
34 85 0.707
34 83 0.838
34 86 0.849
34 70 0.543
34 97 0.798
34 81 0.056
34 46 0.114
34 37 0.118
34 39 0.254
34 98 0.16
34 41 0.12
34 43 0.114
34 44 0.159
34 47 0.176
34 48 0.106
34 50 0.121
34 56 0.133
34 59 0.168
34 61 0.187
34 65 0.168
34 67 0.137
34 73 0.18
34 78 0.188
34 87 0.182
34 90 0.158
34 93 0.172
34 94 0.214
34 102 0.129
34 104 0.094
34 106 0.185
35 73 0.866
35 40 0.826
35 52 0.949
35 66 0.642
35 101 0.664
35 103 0.864
35 36 0.897
35 54 0.843
35 56 0.724
35 81 1
35 48 0.834
35 44 0.763
35 83 0.577
35 100 1
35 78 0.786
35 96 0.859
35 45 0.899
35 65 0.775
35 67 0.661
35 95 0.843
35 98 1
35 41 0.815
35 59 0.947
35 85 0.739
35 61 0.69
35 62 0.226
35 93 0.034
35 99 0.155
35 105 0.05
35 38 0.146
35 43 0.169
35 47 0.156
35 50 0.118
35 53 0.165
35 58 0.14
35 68 0.116
35 69 0.143
35 70 0.236
35 74 0.168
35 79 0.134
35 80 0.145
35 82 0.147
35 88 0.184
35 89 0.127
35 97 0.169
35 104 0.118
35 107 0.2
36 37 0.79
36 44 0.872
36 65 1
36 96 0.951
36 107 0.812
36 68 0.459
36 61 0.893
36 57 1
36 101 0.959
36 58 1
36 79 0.798
36 84 0.744
36 53 0.866
36 60 0.852
36 81 1
36 64 1
36 76 0.788
36 104 0.825
36 46 0.967
36 87 0.999
36 95 0.967
36 38 0.163
36 72 0.149
36 109 0.155
36 42 0.108
36 47 0.191
36 49 0.157
36 55 0.187
36 67 0.121
36 71 0.116
36 73 0.148
36 77 0.131
36 80 0.153
36 83 0.145
36 85 0.19
36 86 0.151
36 88 0.172
36 89 0.167
36 91 0.168
36 94 0.15
36 97 0.127
36 100 0.088
36 102 0.144
36 108 0.137
37 47 0.884
37 56 0.82
37 69 0.708
37 76 1
37 43 0.909
37 87 1
37 85 1
37 63 0.783
37 108 0.803
37 61 0.659
37 104 0.709
37 88 0.945
37 94 0.654
37 109 0.792
37 68 0.542
37 92 1
37 78 0.938
37 102 0.991
37 106 0.593
37 52 0.596
37 71 0.19
37 80 0.12
37 40 0.15
37 42 0.19
37 46 0.159
37 51 0.157
37 60 0.134
37 65 0.127
37 70 0.121
37 81 0.188
37 84 0.164
37 89 0.134
37 90 0.15
37 95 0.164
37 97 0.119
37 100 0.131
37 101 0.124
37 103 0.124
38 98 1
38 94 0.582
38 80 0.783
38 102 0.904
38 109 0.945
38 77 0.772
38 78 1
38 68 0.768
38 100 1
38 53 1
38 73 0.64
38 54 0.745
38 61 0.709
38 65 0.711
38 66 0.905
38 95 1
38 105 0.74
38 39 0.535
38 62 0.984
38 46 0.547
38 50 0.022
38 69 0.25
38 40 0.111
38 41 0.158
38 43 0.125
38 45 0.182
38 48 0.096
38 52 0.155
38 56 0.162
38 59 0.176
38 64 0.131
38 67 0.187
38 70 0.156
38 72 0.138
38 82 0.081
38 84 0.217
38 87 0.101
38 90 0.169
38 92 0.151
38 96 0.16
38 97 0.206
38 101 0.146
38 108 0.122
39 107 0.934
39 73 0.916
39 76 0.834
39 70 0.881
39 80 0.588
39 79 0.677
39 74 1
39 66 0.908
39 65 0.866
39 72 0.971
39 75 0.847
39 104 1
39 43 0.636
39 106 1
39 42 0.794
39 97 0.857
39 78 1
39 60 0.909
39 102 0.03
39 40 0.049
39 46 0.166
39 92 0.168
39 99 0.146
39 100 0.173
39 41 0.206
39 52 0.142
39 54 0.206
39 64 0.122
39 67 0.137
39 68 0.171
39 81 0.122
39 85 0.141
39 86 0.12
39 88 0.136
39 91 0.157
39 95 0.173
39 101 0.139
40 68 0.997
40 105 1
40 71 0.566
40 93 0.783
40 109 1
40 100 0.707
40 63 0.973
40 77 0.677
40 92 0.648
40 91 1
40 76 0.769
40 88 0.942
40 104 1
40 62 0.827
40 46 0.001
40 48 0.14
40 52 0.259
40 82 0.226
40 102 0.119
40 43 0.127
40 44 0.167
40 45 0.121
40 57 0.185
40 59 0.146
40 60 0.136
40 67 0.148
40 69 0.142
40 73 0.106
40 78 0.093
40 81 0.142
40 83 0.098
40 90 0.151
40 94 0.12
40 95 0.122
40 96 0.189
40 98 0.155
40 101 0.161
40 106 0.152
40 107 0.085
40 108 0.106
41 43 0.843
41 45 0.967
41 64 0.687
41 78 0.777
41 46 0.33
41 101 0.839
41 73 0.847
41 89 1
41 60 0.717
41 76 0.869
41 86 0.878
41 69 0.864
41 61 0.561
41 65 0.267
41 108 0.289
41 44 0.186
41 47 0.166
41 48 0.109
41 51 0.112
41 52 0.196
41 56 0.135
41 57 0.13
41 71 0.121
41 75 0.126
41 90 0.11
41 96 0.166
41 97 0.216
41 99 0.152
41 100 0.146
41 102 0.129
41 106 0.176
41 107 0.145
41 109 0.142
42 102 0.859
42 71 0.705
42 77 0.939
42 100 0.929
42 68 0.81
42 101 1
42 76 0.667
42 83 0.867
42 78 0.946
42 62 0.839
42 91 0.962
42 105 0.896
42 97 0.649
42 56 0.257
42 60 0.095
42 69 0.212
42 43 0.17
42 47 0.147
42 48 0.135
42 52 0.16
42 57 0.129
42 58 0.142
42 59 0.173
42 63 0.147
42 65 0.149
42 66 0.192
42 67 0.179
42 70 0.152
42 72 0.165
42 79 0.145
42 84 0.113
42 86 0.106
42 87 0.185
42 94 0.133
42 96 0.143
42 99 0.175
42 109 0.131
43 72 0.933
43 104 0.738
43 82 0.871
43 46 0.658
43 76 0.62
43 84 0.649
43 75 0.976
43 86 0.854
43 87 0.891
43 59 0.932
43 101 0.766
43 106 0.994
43 62 0.702
43 77 0.821
43 102 0.962
43 69 0.792
43 70 0.963
43 81 0.869
43 78 1
43 91 0.178
43 63 0.233
43 105 0.133
43 108 0.165
43 50 0.163
43 51 0.126
43 52 0.132
43 53 0.137
43 54 0.16
43 55 0.17
43 64 0.169
43 66 0.106
43 68 0.146
43 71 0.165
43 80 0.13
43 85 0.126
43 88 0.127
43 90 0.154
43 93 0.168
43 94 0.184
43 95 0.205
43 96 0.186
43 99 0.192
43 109 0.129
44 60 0.941
44 75 0.871
44 54 0.508
44 89 0.738
44 85 0.71
44 101 0.735
44 104 0.861
44 72 0.782
44 105 1
44 79 0.816
44 108 0.669
44 99 0.809
44 92 1
44 46 0.862
44 59 0.611
44 53 0.162
44 62 0.325
44 67 0.195
44 47 0.147
44 50 0.15
44 52 0.132
44 61 0.121
44 63 0.145
44 65 0.101
44 69 0.121
44 71 0.179
44 76 0.173
44 90 0.133
44 95 0.139
44 97 0.163
44 106 0.126
44 107 0.138
45 80 0.839
45 97 0.834
45 79 0.928
45 60 0.992
45 94 0.793
45 85 0.937
45 90 1
45 53 0.555
45 51 0.948
45 55 0.837
45 64 0.866
45 52 0.868
45 109 0.59
45 54 0.65
45 61 0.881
45 89 0.011
45 49 0.262
45 48 0.144
45 65 0.086
45 73 0.216
45 56 0.12
45 59 0.188
45 63 0.177
45 69 0.189
45 72 0.16
45 74 0.189
45 75 0.185
45 82 0.122
45 84 0.125
45 87 0.132
45 88 0.185
45 93 0.162
45 95 0.177
45 96 0.162
45 98 0.129
45 102 0.197
45 103 0.103
45 104 0.175
45 108 0.099
46 77 0.858
46 51 0.997
46 92 0.64
46 104 1
46 49 0.943
46 90 0.692
46 75 1
46 63 1
46 109 1
46 88 0.821
46 107 0.951
46 71 0.782
46 50 0.824
46 62 0.835
46 93 0.967
46 98 0.138
46 91 0.04
46 99 0.128
46 48 0.151
46 56 0.193
46 58 0.208
46 59 0.155
46 64 0.145
46 66 0.19
46 80 0.17
46 101 0.135
46 102 0.119
46 103 0.174
47 81 0.777
47 83 0.988
47 89 0.767
47 74 0.91
47 107 1
47 98 0.578
47 94 0.97
47 65 0.839
47 70 0.919
47 95 0.917
47 78 0.987
47 97 0.829
47 50 0.753
47 66 0.038
47 103 0.12
47 87 0.139
47 51 0.131
47 54 0.109
47 55 0.135
47 60 0.183
47 61 0.188
47 62 0.168
47 63 0.106
47 82 0.109
47 86 0.127
47 99 0.164
47 100 0.188
47 102 0.117
47 106 0.101
47 109 0.106
48 66 0.756
48 96 0.775
48 76 0.918
48 98 0.642
48 59 0.896
48 53 1
48 72 0.907
48 73 1
48 75 0.542
48 60 1
48 93 1
48 51 0.983
48 83 0.814
48 105 0.881
48 81 0.62
48 71 0.835
48 95 0.933
48 49 0.184
48 82 0.243
48 91 0.079
48 109 0.24
48 50 0.147
48 52 0.166
48 58 0.12
48 61 0.162
48 65 0.203
48 69 0.173
48 74 0.142
48 78 0.084
48 84 0.199
48 87 0.122
48 88 0.111
48 92 0.167
48 101 0.174
48 103 0.157
49 76 1
49 97 0.71
49 86 0.899
49 95 0.586
49 59 0.856
49 64 0.89
49 68 0.948
49 101 0.599
49 93 0.767
49 104 0.724
49 74 0.109
49 79 0.243
49 83 0.256
49 91 0.15
49 98 0.154
49 50 0.17
49 51 0.148
49 53 0.137
49 55 0.128
49 57 0.174
49 58 0.131
49 60 0.106
49 65 0.144
49 67 0.116
49 78 0.151
49 82 0.153
49 85 0.16
49 89 0.151
49 92 0.16
49 94 0.212
49 99 0.152
49 103 0.181
49 106 0.138
49 108 0.106
50 59 0.936
50 57 0.826
50 85 0.677
50 76 0.785
50 91 0.865
50 84 0.877
50 87 0.836
50 90 0.926
50 108 0.599
50 55 0.553
50 97 0.994
50 52 0.958
50 75 0.949
50 54 0.909
50 103 0.629
50 78 0.852
50 93 0.016
50 77 0.34
50 81 0.201
50 51 0.18
50 65 0.156
50 69 0.194
50 70 0.129
50 73 0.123
50 83 0.153
50 86 0.128
50 88 0.165
50 89 0.128
50 109 0.178
51 78 0.98
51 98 0.832
51 89 0.752
51 68 0.813
51 53 0.986
51 61 0.862
51 100 0.962
51 92 1
51 76 0.585
51 58 0.074
51 73 0.19
51 54 0.13
51 55 0.128
51 59 0.13
51 60 0.087
51 63 0.119
51 66 0.136
51 67 0.145
51 70 0.099
51 79 0.179
51 81 0.134
51 82 0.191
51 83 0.151
51 85 0.168
51 86 0.138
51 88 0.188
51 93 0.162
51 96 0.167
51 97 0.163
51 102 0.135
51 103 0.123
51 104 0.185
51 106 0.183
51 108 0.18
52 108 0.728
52 109 0.82
52 78 1
52 89 0.91
52 93 0.819
52 106 0.532
52 98 0.694
52 73 0.958
52 64 0.557
52 85 0.972
52 100 0.832
52 105 0.704
52 92 0.142
52 62 0.245
52 87 0.158
52 59 0.147
52 60 0.171
52 63 0.132
52 65 0.126
52 67 0.18
52 69 0.17
52 70 0.131
52 71 0.145
52 74 0.157
52 76 0.15
52 79 0.131
52 80 0.144
52 82 0.138
52 91 0.143
52 94 0.119
52 95 0.139
52 96 0.114
52 101 0.2
52 103 0.158
52 104 0.173
53 76 0.639
53 108 0.677
53 109 0.787
53 97 1
53 66 0.993
53 63 0.753
53 85 0.971
53 102 0.789
53 72 0.814
53 101 0.814
53 107 1
53 86 0.714
53 62 0.803
53 91 0.906
53 92 0.98
53 84 0.729
53 71 0.023
53 65 0.145
53 61 0.18
53 64 0.094
53 67 0.195
53 68 0.136
53 75 0.145
53 79 0.141
53 87 0.193
53 88 0.102
53 89 0.112
53 94 0.13
53 95 0.202
53 96 0.142
53 105 0.136
54 56 0.983
54 104 0.822
54 81 0.659
54 60 0.7
54 102 0.923
54 103 0.815
54 109 0.866
54 77 1
54 65 1
54 74 0.838
54 90 0.871
54 76 0.798
54 62 0.655
54 73 0.994
54 88 1
54 59 0.176
54 67 0.229
54 85 0.15
54 100 0.26
54 57 0.157
54 68 0.125
54 69 0.154
54 70 0.16
54 79 0.151
54 80 0.135
54 84 0.097
54 89 0.073
54 91 0.158
54 94 0.148
54 95 0.119
54 97 0.119
54 98 0.184
54 106 0.078
54 107 0.12
55 59 0.833
55 77 0.836
55 75 0.693
55 58 0.776
55 76 0.862
55 87 0.731
55 97 0.529
55 72 1
55 82 0.26
55 88 0.024
55 69 0.174
55 94 0.05
55 104 0.048
55 56 0.13
55 64 0.086
55 66 0.15
55 67 0.13
55 68 0.127
55 71 0.124
55 73 0.137
55 78 0.165
55 79 0.148
55 83 0.138
55 84 0.205
55 85 0.137
55 90 0.118
55 91 0.183
55 93 0.121
55 95 0.207
55 96 0.146
55 101 0.153
55 103 0.119
55 107 0.196
55 109 0.152
56 84 0.705
56 105 0.802
56 69 1
56 73 0.746
56 70 0.761
56 90 0.864
56 86 1
56 93 0.742
56 96 0.846
56 82 0.95
56 78 0.819
56 98 1
56 68 0.872
56 87 0.165
56 64 0.096
56 74 0.153
56 77 0.018
56 60 0.175
56 71 0.134
56 72 0.162
56 79 0.131
56 88 0.099
56 92 0.146
56 94 0.128
56 95 0.132
56 97 0.133
56 99 0.119
56 104 0.19
56 107 0.222
56 108 0.158
56 109 0.156
57 106 1
57 100 0.914
57 80 0.851
57 93 0.87
57 97 0.78
57 96 0.897
57 61 1
57 76 0.899
57 81 0.806
57 62 0.656
57 64 0.832
57 68 1
57 86 0.672
57 73 1
57 95 0.98
57 70 0.175
57 102 0.15
57 71 0.105
57 59 0.141
57 60 0.13
57 65 0.126
57 74 0.15
57 77 0.131
57 82 0.124
57 92 0.115
57 103 0.131
57 105 0.084
57 108 0.183
58 78 0.505
58 94 0.747
58 88 0.757
58 69 0.859
58 76 1
58 99 1
58 62 0.808
58 98 1
58 68 0.901
58 80 1
58 59 0.703
58 66 0.066
58 61 0.18
58 84 0.185
58 89 0.135
58 103 0.048
58 63 0.176
58 71 0.189
58 79 0.182
58 81 0.169
58 86 0.128
58 91 0.143
58 92 0.144
58 96 0.179
58 97 0.164
58 101 0.125
58 104 0.141
58 109 0.156
59 91 0.668
59 103 1
59 95 0.884
59 96 0.799
59 106 0.816
59 77 0.824
59 102 1
59 66 0.609
59 67 0.885
59 90 0.974
59 105 0.512
59 65 0.707
59 76 0.773
59 82 0.62
59 93 0.899
59 104 0.849
59 109 0.543
59 98 0.782
59 61 0.896
59 92 0.987
59 71 0.213
59 100 0.136
59 68 0.175
59 72 0.112
59 74 0.112
59 78 0.184
59 79 0.146
59 80 0.2
59 85 0.166
59 88 0.14
59 89 0.154
59 101 0.179
59 107 0.15
60 92 0.584
60 81 0.726
60 105 0.911
60 71 1
60 62 0.914
60 84 0.881
60 76 1
60 106 0.225
60 66 0.265
60 85 0.231
60 91 0.148
60 69 0.206
60 73 0.148
60 75 0.086
60 77 0.166
60 80 0.163
60 83 0.189
60 89 0.184
60 93 0.139
60 94 0.158
60 97 0.098
60 99 0.109
60 103 0.163
60 104 0.157
60 107 0.129
61 109 0.981
61 105 0.941
61 76 1
61 96 0.688
61 75 1
61 81 0.782
61 74 0.895
61 83 0.515
61 90 1
61 87 0.768
61 73 1
61 78 0.779
61 101 0.743
61 86 1
61 108 0.716
61 79 0.287
61 80 0.066
61 97 0.141
61 63 0.147
61 65 0.169
61 68 0.131
61 85 0.185
61 93 0.168
61 95 0.162
61 98 0.185
61 102 0.155
61 104 0.182
62 73 0.833
62 92 0.846
62 82 0.767
62 79 0.797
62 75 0.604
62 72 0.809
62 69 1
62 90 0.911
62 96 0.727
62 98 0.965
62 77 1
62 104 0.856
62 63 1
62 76 0.8
62 94 0.99
62 87 1
62 67 0.143
62 71 0.088
62 80 0.144
62 81 0.129
62 91 0.153
62 93 0.156
62 101 0.159
62 103 0.111
62 109 0.197
63 83 0.943
63 102 0.898
63 84 0.6
63 66 0.915
63 77 0.573
63 67 0.671
63 75 0.942
63 104 0.541
63 95 1
63 103 0.84
63 81 0.652
63 106 0.749
63 68 0.946
63 85 0.629
63 86 0.685
63 71 0.125
63 72 0.272
63 78 0.165
63 79 0.096
63 94 0.121
63 101 0.056
63 64 0.173
63 65 0.135
63 82 0.219
63 90 0.119
63 97 0.229
63 99 0.151
63 105 0.132
63 107 0.148
63 108 0.114
63 109 0.161
64 85 0.906
64 107 0.501
64 96 0.732
64 74 0.741
64 101 0.809
64 69 0.543
64 75 0.907
64 106 0.865
64 78 0.775
64 79 0.844
64 86 0.567
64 103 0.723
64 89 0.785
64 100 0.802
64 68 0.083
64 71 0.154
64 102 0.379
64 105 0.134
64 65 0.125
64 70 0.128
64 72 0.171
64 73 0.13
64 76 0.199
64 80 0.119
64 84 0.087
64 87 0.131
64 88 0.164
64 91 0.201
64 93 0.175
64 99 0.121
64 108 0.167
65 93 1
65 95 0.746
65 100 0.768
65 109 0.575
65 102 0.603
65 69 0.817
65 90 0.793
65 88 1
65 104 0.732
65 82 0.536
65 80 0.953
65 106 0.542
65 89 0.249
65 75 0.097
65 68 0.125
65 72 0.134
65 77 0.141
65 81 0.167
65 83 0.12
65 91 0.145
65 94 0.121
65 96 0.133
65 99 0.118
66 102 0.93
66 101 0.809
66 74 0.87
66 95 1
66 109 0.907
66 68 0.763
66 105 0.931
66 99 0.562
66 104 0.525
66 87 0.242
66 78 0.086
66 82 0.13
66 86 0.13
66 88 0.149
66 89 0.109
66 96 0.12
66 97 0.163
66 98 0.179
66 100 0.159
66 103 0.156
67 99 0.859
67 89 0.963
67 86 1
67 81 0.793
67 103 0.66
67 82 0.759
67 87 1
67 104 0.723
67 88 0.897
67 85 0.756
67 71 0.517
67 90 0.7
67 108 0.226
67 80 0.195
67 84 0.295
67 92 0.168
67 106 0.041
67 69 0.113
67 75 0.121
67 76 0.222
67 77 0.111
67 97 0.176
67 98 0.151
67 109 0.183
68 89 1
68 86 1
68 77 0.907
68 75 0.592
68 82 1
68 101 1
68 88 0.929
68 98 0.25
68 108 0.15
68 70 0.159
68 72 0.164
68 78 0.124
68 87 0.14
68 90 0.161
68 96 0.197
68 106 0.127
68 109 0.153
69 104 0.96
69 99 0.72
69 78 0.811
69 81 0.96
69 105 0.629
69 70 0.713
69 71 0.543
69 88 0.186
69 77 0.141
69 82 0.144
69 86 0.138
69 87 0.116
69 91 0.139
69 92 0.146
69 93 0.136
69 95 0.132
69 96 0.111
69 101 0.176
69 106 0.152
69 107 0.168
69 108 0.086
70 105 0.652
70 96 1
70 89 0.628
70 79 0.719
70 104 0.981
70 77 0.622
70 98 0.802
70 71 0.932
70 100 1
70 72 0.045
70 80 0.142
70 84 0.133
70 91 0.178
70 102 0.118
70 73 0.156
70 81 0.165
70 82 0.185
70 86 0.187
70 88 0.157
70 90 0.14
70 92 0.151
70 93 0.105
70 94 0.125
70 95 0.13
70 101 0.156
70 109 0.172
71 104 0.667
71 83 0.662
71 95 0.969
71 76 0.722
71 88 0.594
71 93 0.925
71 109 0.921
71 73 1.0
71 94 1
71 92 0.769
71 72 0.181
71 75 0.147
71 84 0.227
71 86 0.184
71 96 0.263
71 99 0.193
71 102 0.225
71 106 0.135
71 107 0.192
71 77 0.148
71 79 0.159
71 85 0.201
71 91 0.093
71 97 0.147
71 103 0.154
71 105 0.165
72 77 0.698
72 98 0.775
72 84 0.812
72 87 0.757
72 107 0.8
72 101 0.689
72 94 0.832
72 109 0.651
72 99 0.889
72 83 0.616
72 74 0.149
72 82 0.234
72 76 0.179
72 79 0.171
72 81 0.222
72 86 0.164
72 89 0.148
72 90 0.153
72 91 0.17
72 95 0.196
72 102 0.147
72 106 0.139
73 109 0.885
73 100 0.534
73 99 0.926
73 74 0.827
73 89 0.777
73 93 0.795
73 96 0.746
73 95 0.148
73 76 0.096
73 77 0.115
73 79 0.11
73 80 0.1
73 82 0.142
73 86 0.147
73 88 0.174
73 90 0.122
73 92 0.138
73 94 0.151
73 97 0.149
73 101 0.153
73 103 0.166
73 106 0.23
73 107 0.155
74 97 0.726
74 81 0.965
74 75 0.882
74 103 0.761
74 76 0.769
74 92 0.168
74 108 0.136
74 78 0.218
74 82 0.201
74 83 0.145
74 85 0.159
74 87 0.09
74 93 0.204
74 94 0.149
74 95 0.139
74 100 0.189
74 102 0.148
74 105 0.139
74 109 0.095
75 76 0.695
75 80 0.767
75 87 1
75 100 0.769
75 92 0.926
75 107 1
75 77 0.216
75 108 0.041
75 78 0.16
75 81 0.182
75 82 0.146
75 83 0.152
75 86 0.162
75 89 0.142
75 90 0.128
75 97 0.146
75 98 0.132
75 99 0.138
75 104 0.176
75 109 0.19
76 90 0.969
76 99 0.911
76 100 0.701
76 82 0.654
76 85 0.298
76 86 0.222
76 78 0.143
76 80 0.106
76 81 0.147
76 83 0.097
76 87 0.139
76 96 0.123
76 98 0.136
76 103 0.18
76 106 0.216
76 108 0.133
77 100 1
77 83 0.933
77 98 0.537
77 82 0.591
77 96 0.544
77 95 1
77 85 0.946
77 89 0.088
77 92 0.155
77 93 0.092
77 106 0.142
77 80 0.133
77 81 0.193
77 84 0.114
77 88 0.168
77 91 0.152
77 94 0.118
77 102 0.153
77 105 0.144
77 107 0.134
77 108 0.145
78 85 0.998
78 95 0.847
78 90 0.77
78 93 0.992
78 92 0.637
78 109 0.787
78 89 0.841
78 96 0.108
78 100 0.138
78 80 0.169
78 81 0.145
78 82 0.143
78 87 0.179
78 88 0.141
78 91 0.128
78 94 0.197
78 99 0.146
78 103 0.155
78 104 0.131
79 83 1
79 103 0.993
79 85 0.808
79 97 0.802
79 108 0.534
79 89 0.544
79 101 1
79 87 1
79 94 0.646
79 109 0.633
79 105 0.907
79 91 0.505
79 93 0.507
79 84 0.175
79 88 0.204
79 90 0.147
79 102 0.185
80 98 0.56
80 105 0.911
80 108 0.987
80 93 0.565
80 95 0.645
80 91 0.733
80 81 0.908
80 101 0.524
80 103 0.788
80 104 0.614
80 83 0.37
80 107 0.16
80 87 0.181
80 88 0.134
80 89 0.189
80 92 0.142
80 97 0.198
80 106 0.181
80 109 0.161
81 99 0.893
81 90 0.797
81 96 0.6
81 91 0.753
81 104 1
81 101 0.539
81 93 0.039
81 82 0.149
81 84 0.179
81 94 0.212
81 95 0.145
81 103 0.077
81 108 0.08
82 83 0.735
82 107 1
82 87 0.684
82 89 0.87
82 98 1
82 97 0.914
82 90 0.593
82 102 1
82 103 1
82 108 0.774
82 84 0.151
82 85 0.16
82 88 0.149
82 91 0.165
82 92 0.133
82 99 0.128
82 101 0.11
83 96 0.865
83 109 0.793
83 90 1
83 97 0.702
83 86 0.131
83 108 0.194
83 84 0.184
83 87 0.181
83 91 0.156
83 102 0.129
83 104 0.162
83 106 0.196
84 107 0.861
84 93 0.89
84 88 0.88
84 105 0.907
84 86 0.814
84 108 1
84 102 0.903
84 85 0.167
84 103 0.167
84 89 0.208
84 95 0.105
84 96 0.174
84 97 0.211
84 104 0.162
84 106 0.174
85 106 0.846
85 91 0.702
85 97 0.854
85 109 0.738
85 101 0.937
85 88 0.658
85 108 0.866
85 87 0.166
85 96 0.109
85 86 0.103
85 98 0.143
85 100 0.12
85 104 0.15
86 87 0.758
86 89 0.937
86 100 0.686
86 97 1
86 98 0.861
86 92 0.069
86 88 0.09
86 90 0.136
86 91 0.135
86 103 0.151
86 104 0.137
86 107 0.11
86 108 0.121
87 107 0.86
87 92 1
87 95 0.883
87 96 0.557
87 105 0.909
87 106 0.956
87 99 0.287
87 89 0.174
87 90 0.159
87 93 0.119
87 97 0.132
87 108 0.143
88 99 0.951
88 94 0.809
88 105 1
88 95 0.922
88 106 1
88 103 0.696
88 98 1
88 92 0.985
88 100 0.182
88 101 0.109
88 109 0.118
88 89 0.189
88 104 0.114
88 108 0.116
89 93 0.565
89 96 0.948
89 97 1
89 99 0.792
89 108 0.853
89 94 0.63
89 91 0.566
89 102 0.185
89 105 0.18
89 90 0.178
89 100 0.182
89 101 0.154
89 104 0.125
89 106 0.161
90 92 0.895
90 94 0.682
90 91 0.523
90 101 0.867
90 93 0.174
90 98 0.17
90 104 0.166
90 106 0.159
90 107 0.176
91 93 0.726
91 108 0.679
91 94 0.616
91 102 0.81
91 109 0.961
91 95 0.561
91 92 0.202
91 96 0.169
91 100 0.198
91 101 0.134
91 104 0.181
91 105 0.145
91 106 0.174
92 106 0.708
92 102 1
92 94 0.181
92 95 0.145
92 99 0.169
92 103 0.164
92 105 0.128
93 109 0.544
93 104 0.77
93 100 0.636
93 98 0.911
93 97 0.168
93 94 0.154
93 102 0.162
93 107 0.16
94 96 1
94 106 0.093
94 101 0.098
94 102 0.179
94 108 0.131
95 97 0.902
95 98 0.818
95 107 0.943
95 102 0.605
95 104 1
95 101 0.126
95 103 0.104
95 106 0.088
95 108 0.212
95 109 0.103
96 100 0.702
96 106 0.726
96 104 0.289
96 97 0.185
96 109 0.092
97 102 1
97 105 0.55
97 101 0.812
97 99 0.202
97 109 0.166
97 98 0.118
97 103 0.145
97 104 0.156
97 106 0.17
98 102 0.794
98 101 0.651
98 100 0.032
98 99 0.115
98 103 0.127
98 104 0.147
99 102 0.776
99 106 0.88
99 101 1
99 100 0.008
99 105 0.171
99 103 0.146
99 104 0.17
99 107 0.133
99 108 0.19
100 101 0.804
100 102 0.83
100 108 1
100 105 1
100 107 0.824
100 104 0.138
100 109 0.136
101 109 0.871
101 102 0.139
102 103 0.917
102 107 0.307
102 109 0.112
102 105 0.148
103 107 1
103 104 0.187
103 108 0.073
103 109 0.199
104 107 0.513
104 105 0.591
104 106 0.114
105 106 1
105 107 0.17
105 108 0.176
106 108 0.828
106 109 0.823
106 107 0.139
107 109 0.877
108 109 0.149
