0 18 0.87
0 13 0.605
0 35 0.971
0 72 0.991
0 70 0.989
0 20 0.854
0 34 0.63
0 63 0.626
0 32 0.883
0 109 0.967
0 58 0.809
0 98 0.969
0 103 0.946
0 46 0.994
0 97 0.82
0 37 0.949
0 99 0.527
0 3 0.279
0 56 0.519
0 48 0.572
0 89 0.738
0 93 0.096
0 42 0.819
0 16 0.332
0 78 0.695
0 28 0.113
0 80 0.169
0 104 0.055
0 96 0.189
0 11 0.118
0 33 0.295
0 69 0.46
0 82 0.21
0 87 0.193
0 62 0.04
0 6 0.081
0 17 0.102
0 23 0.195
0 26 0.402
0 36 0.126
0 49 0.145
0 84 0.149
0 86 0.046
0 90 0.143
0 95 0.141
0 101 0.048
0 2 0.164
0 8 0.139
0 10 0.201
0 12 0.148
0 40 0.138
0 43 0.181
0 55 0.14
0 81 0.188
0 91 0.137
1 54 0.665
1 33 0.636
1 42 0.82
1 86 0.672
1 15 0.667
1 60 0.916
1 61 0.885
1 81 0.858
1 55 0.689
1 59 0.991
1 44 0.869
1 93 0.66
1 36 0.819
1 11 1
1 7 0.822
1 38 1
1 2 0.784
1 28 0.902
1 17 0.655
1 20 0.596
1 91 0.873
1 71 0.448
1 103 0.536
1 3 0.47
1 24 0.354
1 40 0.314
1 84 0.322
1 19 0.184
1 46 0.015
1 104 0.597
1 23 0.238
1 32 0.117
1 74 0.114
1 76 0.054
1 102 0.239
1 8 0.148
1 10 0.194
1 27 0.164
1 35 0.135
1 43 0.111
1 63 0.03
1 65 0.095
1 96 0.203
1 4 0.158
1 6 0.148
1 30 0.142
1 31 0.16
1 41 0.13
1 47 0.164
1 48 0.181
1 51 0.113
1 52 0.125
1 57 0.166
1 78 0.164
1 79 0.156
1 90 0.193
1 92 0.135
1 109 0.11
2 6 0.419
2 14 0.663
2 103 0.526
2 33 0.911
2 18 0.636
2 82 1
2 81 0.958
2 55 0.77
2 27 0.691
2 70 0.583
2 104 0.658
2 31 0.671
2 76 0.919
2 43 0.572
2 17 1
2 107 0.193
2 11 0.689
2 42 0.573
2 63 0.746
2 87 0.465
2 86 0.105
2 102 0.16
2 24 0.191
2 72 0.034
2 73 0.061
2 4 0.094
2 26 0.254
2 40 0.144
2 49 0.022
2 66 0.06
2 74 0.035
2 77 0.076
2 88 0.092
2 96 0.039
2 12 0.117
2 13 0.158
2 45 0.15
2 65 0.154
2 71 0.131
2 89 0.151
2 90 0.122
2 92 0.211
2 93 0.101
2 109 0.181
3 39 0.844
3 52 0.901
3 66 0.816
3 32 0.965
3 64 0.695
3 5 0.743
3 17 1
3 14 0.441
3 22 0.997
3 48 0.736
3 74 0.029
3 86 0.844
3 68 0.97
3 18 0.664
3 43 0.748
3 38 0.967
3 28 0.158
3 7 0.815
3 19 1
3 30 0.62
3 65 0.607
3 76 0.306
3 8 0.541
3 53 0.528
3 15 0.25
3 98 0.29
3 78 0.184
3 79 0.177
3 95 0.103
3 45 0.316
3 12 0.207
3 61 0.33
3 77 0.004
3 93 0.16
3 87 0.183
3 13 0.158
3 35 0.199
3 75 0.237
3 85 0.047
3 92 0.084
3 97 0.174
3 101 0.198
3 102 0.176
3 9 0.131
3 27 0.162
3 29 0.178
3 31 0.193
3 46 0.164
3 49 0.139
3 56 0.131
3 57 0.11
3 70 0.125
3 72 0.184
4 30 0.614
4 32 0.895
4 106 0.793
4 82 1
4 96 0.318
4 86 0.974
4 64 1
4 100 0.882
4 53 0.827
4 102 0.678
4 92 0.729
4 107 0.779
4 66 0.601
4 44 0.782
4 16 0.541
4 29 0.806
4 105 0.804
4 11 0.773
4 56 0.768
4 26 0.095
4 8 0.34
4 20 0.238
4 83 0.163
4 89 0.25
4 5 0.038
4 19 0.034
4 34 0.32
4 72 0.174
4 74 0.064
4 9 0.03
4 13 0.238
4 14 0.251
4 15 0.154
4 27 0.161
4 46 0.186
4 67 0.14
4 73 0.136
4 87 0.12
4 91 0.263
4 97 0.186
4 39 0.146
4 52 0.15
4 62 0.153
4 65 0.17
4 70 0.157
4 78 0.111
4 80 0.149
5 17 1
5 15 0.859
5 62 1
5 43 0.89
5 107 0.787
5 9 1
5 104 0.862
5 20 0.818
5 12 0.6
5 13 0.959
5 32 0.818
5 19 0.883
5 46 0.996
5 41 0.911
5 63 0.578
5 39 1
5 76 0.554
5 74 0.322
5 68 0.65
5 77 0.669
5 44 0.265
5 75 0.801
5 105 0.061
5 38 0.125
5 24 0.285
5 70 0.02
5 72 0.133
5 90 0.173
5 28 0.117
5 34 0.046
5 45 0.307
5 49 0.147
5 50 0.313
5 108 0.255
5 11 0.136
5 30 0.143
5 36 0.12
5 40 0.155
5 52 0.125
5 53 0.171
5 58 0.188
5 79 0.161
5 84 0.221
5 87 0.115
5 92 0.137
5 98 0.14
5 99 0.182
5 100 0.155
5 101 0.182
5 102 0.175
5 106 0.142
6 41 0.954
6 50 1
6 105 0.696
6 90 0.673
6 98 0.949
6 108 1
6 37 0.958
6 40 0.643
6 55 0.514
6 9 0.765
6 16 0.613
6 36 1
6 79 0.929
6 94 0.654
6 106 0.615
6 59 0.659
6 56 0.688
6 11 0.622
6 31 0.537
6 22 0.132
6 27 0.351
6 30 0.2
6 53 0.385
6 14 0.094
6 15 0.155
6 19 0.163
6 38 0.076
6 65 0.183
6 71 0.227
6 73 0.18
6 103 0.079
6 104 0.037
6 7 0.15
6 12 0.133
6 32 0.127
6 44 0.123
6 48 0.158
6 57 0.13
6 80 0.202
6 81 0.144
6 84 0.2
6 86 0.125
6 87 0.137
6 93 0.178
6 107 0.106
7 49 0.861
7 36 0.956
7 22 0.573
7 56 1
7 77 0.714
7 95 0.695
7 108 0.857
7 94 0.486
7 18 0.663
7 50 0.853
7 58 0.713
7 99 0.155
7 9 0.43
7 81 0.493
7 19 0.362
7 42 0.253
7 20 0.059
7 43 0.225
7 57 0.008
7 74 0.171
7 106 0.282
7 76 0.077
7 85 0.026
7 90 0.135
7 96 0.256
7 21 0.179
7 45 0.168
7 51 0.178
7 54 0.161
7 60 0.157
7 69 0.087
7 70 0.16
7 78 0.172
7 87 0.162
7 97 0.177
8 69 0.788
8 104 0.786
8 42 0.856
8 72 0.314
8 17 0.742
8 24 0.574
8 98 0.772
8 37 0.761
8 59 0.516
8 43 0.557
8 91 0.875
8 48 0.811
8 81 0.947
8 89 0.804
8 30 1
8 46 1
8 21 0.861
8 71 1
8 68 0.592
8 76 0.074
8 92 0.809
8 80 0.99
8 87 0.707
8 55 0.867
8 56 0.218
8 40 0.553
8 74 0.133
8 88 0.071
8 18 0.171
8 19 0.079
8 63 0.397
8 85 0.513
8 28 0.223
8 53 0.228
8 38 0.229
8 78 0.363
8 9 0.246
8 29 0.035
8 57 0.183
8 70 0.127
8 26 0.179
8 31 0.204
8 34 0.2
8 36 0.141
8 50 0.178
8 64 0.128
8 65 0.171
8 66 0.115
8 82 0.158
8 102 0.105
8 107 0.144
8 109 0.127
9 29 0.892
9 30 0.914
9 35 1
9 81 0.663
9 28 0.5
9 74 0.924
9 88 0.97
9 103 1
9 105 0.875
9 37 1
9 10 0.441
9 33 0.737
9 47 0.548
9 49 0.335
9 68 0.094
9 53 0.016
9 12 0.159
9 31 0.159
9 40 0.23
9 55 0.136
9 59 0.343
9 62 0.013
9 102 0.153
9 50 0.169
9 76 0.292
9 106 0.166
9 18 0.158
9 42 0.151
9 51 0.179
9 52 0.174
9 54 0.2
9 60 0.148
9 66 0.156
9 77 0.117
9 107 0.144
10 106 0.786
10 54 1
10 55 0.956
10 52 1
10 33 0.974
10 104 0.354
10 78 0.954
10 21 0.719
10 26 0.904
10 60 0.558
10 92 0.939
10 23 0.644
10 34 0.937
10 14 0.176
10 41 0.596
10 58 0.239
10 43 0.314
10 83 0.039
10 56 0.203
10 73 0.301
10 38 0.059
10 49 0.284
10 98 0.226
10 12 0.213
10 19 0.163
10 40 0.154
10 46 0.056
10 65 0.166
10 67 0.247
10 71 0.142
10 72 0.215
10 84 0.186
10 94 0.267
10 18 0.233
10 25 0.139
10 30 0.117
10 32 0.133
10 51 0.158
10 66 0.148
10 70 0.189
10 76 0.194
10 82 0.162
10 85 0.113
10 86 0.167
10 101 0.145
11 30 0.641
11 14 0.87
11 55 0.706
11 28 0.71
11 31 0.644
11 54 0.881
11 39 0.736
11 80 0.862
11 97 0.556
11 93 0.654
11 76 0.59
11 84 0.801
11 41 0.924
11 79 0.765
11 23 0.51
11 88 0.635
11 32 0.035
11 94 0.764
11 16 0.737
11 25 0.421
11 99 0.535
11 105 0.437
11 34 0.091
11 50 0.744
11 20 0.186
11 42 0.324
11 107 0.313
11 12 0.07
11 19 0.184
11 33 0.152
11 45 0.176
11 92 0.119
11 21 0.162
11 24 0.129
11 27 0.142
11 37 0.2
11 59 0.128
11 64 0.163
11 65 0.161
11 67 0.119
11 70 0.128
11 77 0.11
11 78 0.158
11 81 0.156
11 82 0.126
11 85 0.117
11 89 0.149
12 35 1
12 68 0.834
12 93 0.943
12 23 0.844
12 60 0.967
12 64 0.903
12 92 0.595
12 39 0.886
12 67 1
12 90 0.97
12 32 0.699
12 16 0.735
12 51 0.188
12 86 0.104
12 19 0.058
12 28 0.293
12 109 0.316
12 36 0.358
12 45 0.257
12 56 0.352
12 97 0.29
12 13 0.218
12 15 0.221
12 21 0.009
12 26 0.186
12 38 0.153
12 40 0.042
12 42 0.128
12 61 0.215
12 82 0.104
12 87 0.236
12 106 0.234
12 18 0.141
12 24 0.152
12 44 0.124
12 53 0.18
12 57 0.114
12 62 0.2
12 70 0.118
12 73 0.06
12 75 0.13
12 76 0.221
12 88 0.106
12 94 0.16
12 95 0.152
12 102 0.153
12 104 0.109
12 108 0.203
13 90 0.795
13 77 0.866
13 23 0.883
13 16 0.707
13 108 0.716
13 64 1
13 66 0.721
13 43 0.836
13 28 0.686
13 83 0.91
13 60 0.873
13 86 0.608
13 41 0.917
13 105 0.471
13 44 0.547
13 94 0.083
13 102 0.297
13 103 0.633
13 53 0.519
13 70 0.122
13 48 0.154
13 68 0.341
13 36 0.175
13 22 0.071
13 47 0.241
13 99 0.21
13 17 0.178
13 38 0.192
13 79 0.247
13 95 0.132
13 14 0.129
13 19 0.121
13 24 0.125
13 27 0.189
13 31 0.129
13 50 0.158
13 51 0.128
13 54 0.151
13 63 0.095
13 69 0.158
13 71 0.129
13 75 0.144
13 80 0.151
13 85 0.14
13 88 0.153
13 89 0.192
14 86 0.682
14 24 0.818
14 101 0.424
14 104 0.963
14 44 0.826
14 51 1
14 18 1
14 58 0.848
14 79 0.351
14 95 0.481
14 92 0.149
14 30 0.525
14 25 0.093
14 98 0.543
14 45 0.066
14 80 0.557
14 102 0.258
14 42 0.063
14 21 0.293
14 23 0.133
14 38 0.229
14 64 0.393
14 69 0.09
14 82 0.157
14 108 0.154
14 22 0.127
14 26 0.158
14 27 0.103
14 32 0.152
14 40 0.151
14 48 0.192
14 57 0.183
14 60 0.171
14 65 0.191
14 76 0.168
14 78 0.169
14 87 0.2
14 91 0.114
14 105 0.14
15 79 0.642
15 63 0.842
15 51 1.0
15 89 1
15 72 0.92
15 38 1
15 92 0.774
15 34 0.945
15 46 0.707
15 57 0.777
15 70 0.88
15 83 0.38
15 68 0.76
15 101 0.051
15 17 0.718
15 39 0.738
15 62 0.632
15 45 0.561
15 69 0.472
15 61 0.611
15 30 0.047
15 97 0.182
15 28 0.279
15 31 0.176
15 59 0.034
15 88 0.386
15 96 0.281
15 100 0.256
15 16 0.231
15 20 0.169
15 40 0.348
15 41 0.166
15 53 0.031
15 54 0.186
15 77 0.126
15 103 0.084
15 107 0.2
15 22 0.169
15 33 0.159
15 44 0.176
15 48 0.131
15 50 0.18
15 75 0.157
15 82 0.156
15 87 0.11
16 40 0.915
16 107 0.952
16 68 0.999
16 66 0.935
16 31 0.577
16 102 0.707
16 81 0.721
16 54 0.607
16 101 0.932
16 42 1
16 47 0.703
16 24 0.931
16 41 0.587
16 71 0.765
16 86 0.83
16 45 1
16 23 0.83
16 32 0.492
16 69 0.389
16 99 0.278
16 108 0.787
16 84 0.607
16 39 0.114
16 28 0.358
16 74 0.117
16 73 0.09
16 109 0.139
16 17 0.126
16 19 0.125
16 35 0.053
16 105 0.159
16 18 0.191
16 29 0.172
16 37 0.094
16 56 0.153
16 59 0.145
16 61 0.197
16 62 0.106
16 63 0.163
16 72 0.097
16 75 0.208
16 78 0.135
16 82 0.179
16 87 0.143
16 88 0.133
16 92 0.151
17 45 0.687
17 70 0.602
17 93 0.847
17 99 0.783
17 28 0.866
17 60 0.896
17 88 0.55
17 98 1
17 32 0.698
17 53 0.798
17 33 1
17 105 1
17 27 0.433
17 41 0.892
17 77 0.695
17 74 0.324
17 40 0.342
17 81 0.108
17 67 0.331
17 25 0.089
17 95 0.215
17 51 0.108
17 80 0.178
17 85 0.061
17 109 0.219
17 22 0.18
17 35 0.138
17 37 0.168
17 43 0.134
17 50 0.146
17 54 0.112
17 55 0.076
17 57 0.094
17 58 0.167
17 61 0.19
17 72 0.131
17 75 0.145
17 86 0.138
17 90 0.138
17 92 0.158
17 106 0.147
18 96 0.681
18 52 0.811
18 35 0.781
18 104 0.657
18 45 0.842
18 57 0.839
18 67 0.719
18 61 1
18 59 0.6
18 106 0.781
18 25 0.12
18 101 0.714
18 81 0.964
18 105 0.854
18 19 0.407
18 89 0.638
18 62 0.445
18 46 0.657
18 70 0.289
18 74 0.386
18 86 0.1
18 92 0.425
18 107 0.362
18 44 0.212
18 43 0.242
18 63 0.146
18 20 0.029
18 21 0.167
18 22 0.139
18 23 0.132
18 29 0.149
18 77 0.207
18 97 0.334
18 24 0.137
18 27 0.153
18 38 0.119
18 48 0.131
18 66 0.145
18 68 0.137
18 93 0.213
18 102 0.122
18 109 0.126
19 54 0.731
19 52 1
19 67 0.825
19 92 0.886
19 63 0.854
19 20 0.705
19 48 1
19 91 0.865
19 99 0.742
19 50 0.871
19 24 0.813
19 23 1
19 96 0.568
19 32 0.143
19 82 0.598
19 94 0.833
19 40 0.292
19 102 0.679
19 109 0.173
19 81 0.617
19 56 0.007
19 27 0.108
19 43 0.172
19 37 0.409
19 42 0.272
19 61 0.088
19 98 0.095
19 100 0.08
19 31 0.146
19 51 0.141
19 64 0.172
19 77 0.138
19 78 0.179
19 85 0.18
19 88 0.107
19 95 0.174
19 108 0.165
20 48 0.96
20 102 0.867
20 91 0.656
20 76 1
20 87 1
20 100 1
20 29 0.533
20 67 0.835
20 71 0.861
20 47 0.776
20 65 0.817
20 63 0.939
20 25 0.505
20 46 0.735
20 22 0.837
20 34 0.215
20 88 0.062
20 64 0.349
20 21 0.372
20 39 0.04
20 44 0.118
20 45 0.103
20 62 0.129
20 85 0.099
20 28 0.115
20 31 0.151
20 54 0.186
20 55 0.232
20 57 0.135
20 59 0.048
20 97 0.107
20 40 0.182
20 56 0.127
20 68 0.226
20 73 0.204
20 78 0.124
20 79 0.164
20 92 0.113
20 95 0.176
20 104 0.106
20 107 0.097
21 93 0.554
21 101 0.778
21 26 0.883
21 109 0.932
21 84 0.739
21 105 1
21 25 0.718
21 108 0.945
21 31 0.865
21 78 0.856
21 63 1
21 86 0.232
21 29 1
21 91 0.598
21 40 0.957
21 73 0.899
21 24 0.726
21 51 0.599
21 85 0.797
21 44 1
21 49 0.249
21 96 0.213
21 46 0.682
21 89 0.395
21 100 0.688
21 58 0.127
21 83 0.033
21 71 0.129
21 47 0.313
21 59 0.213
21 61 0.265
21 66 0.123
21 67 0.221
21 77 0.337
21 33 0.141
21 37 0.154
21 39 0.109
21 62 0.159
21 70 0.15
21 74 0.123
21 76 0.152
21 80 0.123
21 88 0.117
21 104 0.164
22 37 0.832
22 63 0.542
22 47 0.813
22 100 0.904
22 96 0.638
22 86 1
22 50 1
22 108 1
22 25 0.691
22 83 0.866
22 98 1
22 105 0.718
22 51 0.727
22 61 0.952
22 90 0.707
22 31 0.993
22 76 0.931
22 32 0.088
22 28 0.054
22 54 0.215
22 84 0.279
22 46 0.208
22 59 0.203
22 82 0.116
22 79 0.2
22 91 0.095
22 107 0.138
22 33 0.151
22 45 0.172
22 48 0.178
22 52 0.181
22 58 0.193
22 62 0.115
22 65 0.145
22 75 0.153
22 93 0.166
22 97 0.152
22 104 0.156
23 66 0.922
23 31 0.898
23 42 1
23 64 0.999
23 37 1
23 80 0.654
23 93 1
23 27 0.896
23 26 0.611
23 95 0.806
23 25 0.644
23 29 0.908
23 92 0.091
23 47 0.559
23 89 0.455
23 44 1
23 74 0.54
23 99 0.224
23 88 0.132
23 85 0.208
23 41 0.195
23 90 0.124
23 98 0.146
23 30 0.16
23 34 0.134
23 45 0.141
23 53 0.133
23 55 0.181
23 57 0.13
23 60 0.111
23 63 0.13
23 69 0.159
23 87 0.092
23 96 0.111
23 106 0.175
23 107 0.121
24 108 0.661
24 64 0.719
24 76 0.887
24 44 0.825
24 65 0.723
24 56 0.725
24 53 0.55
24 34 0.823
24 68 0.666
24 103 0.66
24 51 0.587
24 94 0.677
24 92 1
24 59 1
24 61 0.802
24 58 0.526
24 49 0.278
24 52 0.286
24 83 0.622
24 29 0.184
24 26 0.031
24 71 0.412
24 43 0.046
24 40 0.173
24 35 0.162
24 66 0.289
24 98 0.278
24 48 0.124
24 72 0.12
24 81 0.154
24 82 0.171
24 85 0.136
24 88 0.195
24 107 0.158
24 109 0.153
25 81 0.729
25 105 0.913
25 102 0.818
25 54 0.906
25 94 0.648
25 28 0.583
25 52 0.8
25 46 1
25 67 0.856
25 88 0.952
25 57 0.488
25 86 0.494
25 89 0.31
25 66 0.083
25 80 0.065
25 91 0.192
25 103 0.285
25 33 0.165
25 43 0.171
25 45 0.128
25 48 0.135
25 69 0.146
25 76 0.284
25 36 0.118
25 41 0.184
25 53 0.154
25 62 0.23
25 70 0.174
25 71 0.171
25 73 0.134
25 74 0.112
25 75 0.171
25 77 0.155
25 83 0.178
25 96 0.184
26 36 0.831
26 101 1
26 67 0.694
26 56 0.792
26 47 0.968
26 99 0.993
26 84 0.532
26 57 0.722
26 45 0.99
26 40 0.651
26 91 0.672
26 87 0.448
26 39 0.663
26 82 0.796
26 27 0.597
26 86 0.463
26 78 0.109
26 94 0.102
26 108 0.65
26 65 0.451
26 90 0.101
26 48 0.395
26 77 0.441
26 88 0.061
26 32 0.141
26 44 0.181
26 63 0.322
26 80 0.2
26 103 0.255
26 30 0.166
26 35 0.149
26 41 0.144
26 43 0.144
26 53 0.088
26 54 0.178
26 59 0.161
26 61 0.207
26 69 0.124
26 73 0.13
26 76 0.11
26 81 0.127
26 95 0.138
26 96 0.161
26 97 0.163
27 52 0.581
27 54 0.994
27 57 0.533
27 71 0.937
27 28 0.919
27 32 0.759
27 90 0.557
27 103 0.697
27 64 0.883
27 75 0.699
27 74 0.523
27 30 0.328
27 60 0.213
27 89 0.284
27 101 0.113
27 56 0.189
27 87 0.265
27 29 0.184
27 85 0.043
27 86 0.168
27 108 0.171
27 35 0.121
27 36 0.138
27 43 0.172
27 70 0.156
27 73 0.096
27 82 0.101
27 83 0.1
27 91 0.121
27 93 0.119
27 107 0.224
28 76 0.785
28 52 0.778
28 89 0.95
28 35 0.87
28 42 0.591
28 34 1
28 87 0.649
28 94 0.266
28 41 0.819
28 63 0.502
28 38 0.405
28 43 0.715
28 86 0.16
28 107 0.758
28 31 0.926
28 104 0.446
28 109 0.139
28 48 0.335
28 59 0.732
28 46 0.223
28 77 0.054
28 57 0.07
28 75 0.194
28 91 0.015
28 98 0.373
28 102 0.413
28 30 0.037
28 37 0.089
28 45 0.139
28 64 0.143
28 68 0.169
28 69 0.306
28 33 0.142
28 40 0.134
28 44 0.185
28 51 0.189
28 56 0.148
28 71 0.151
28 80 0.132
28 92 0.156
28 93 0.14
28 99 0.17
28 100 0.169
29 107 0.899
29 54 0.388
29 39 0.842
29 32 0.83
29 88 0.599
29 42 0.863
29 46 0.861
29 104 0.511
29 67 1
29 37 0.744
29 109 0.708
29 108 0.712
29 93 0.599
29 81 0.337
29 80 0.194
29 86 0.694
29 65 0.049
29 66 0.032
29 51 0.152
29 72 0.131
29 30 0.197
29 45 0.323
29 53 0.208
29 59 0.099
29 40 0.224
29 50 0.271
29 64 0.083
29 75 0.208
29 82 0.173
29 84 0.187
29 105 0.139
29 33 0.172
29 34 0.171
29 35 0.148
29 47 0.132
29 48 0.131
29 68 0.135
29 71 0.154
29 74 0.147
29 77 0.137
29 87 0.135
29 89 0.156
29 96 0.182
29 101 0.145
30 41 0.833
30 86 0.655
30 43 0.967
30 42 0.554
30 108 0.939
30 55 0.738
30 74 0.91
30 102 0.856
30 49 0.597
30 39 0.548
30 62 0.773
30 97 0.561
30 80 0.362
30 94 0.367
30 96 0.447
30 52 0.116
30 107 0.302
30 88 0.178
30 100 0.259
30 36 0.043
30 37 0.123
30 38 0.209
30 40 0.178
30 59 0.263
30 79 0.191
30 98 0.122
30 44 0.151
30 51 0.145
30 72 0.188
30 76 0.131
30 82 0.076
30 89 0.137
30 106 0.16
30 109 0.13
31 43 0.792
31 74 0.555
31 109 0.788
31 101 0.96
31 51 0.589
31 63 0.723
31 47 0.964
31 40 0.869
31 105 0.928
31 96 0.597
31 49 0.751
31 87 0.788
31 64 0.702
31 80 0.865
31 62 0.755
31 70 0.597
31 56 0.534
31 58 0.33
31 33 0.102
31 66 0.12
31 73 0.15
31 88 0.31
31 104 0.15
31 37 0.157
31 41 0.147
31 46 0.171
31 50 0.184
31 61 0.121
31 69 0.142
31 84 0.198
31 94 0.192
31 103 0.111
32 99 1
32 90 0.587
32 98 1
32 107 0.974
32 103 1
32 86 0.955
32 43 0.748
32 63 0.575
32 58 0.604
32 106 0.71
32 100 0.006
32 48 0.216
32 49 0.412
32 51 0.408
32 92 0.016
32 104 0.265
32 41 0.527
32 68 0.329
32 35 0.063
32 81 0.396
32 88 0.044
32 52 0.044
32 67 0.074
32 73 0.164
32 74 0.149
32 96 0.318
32 33 0.13
32 34 0.156
32 39 0.126
32 50 0.153
32 54 0.153
32 62 0.153
32 64 0.174
32 70 0.195
32 71 0.147
32 72 0.129
32 77 0.143
32 82 0.191
32 84 0.089
32 87 0.142
32 95 0.151
32 109 0.166
33 37 0.72
33 103 0.521
33 36 0.73
33 101 0.321
33 69 0.518
33 80 0.944
33 84 0.691
33 64 0.196
33 102 0.753
33 97 0.47
33 82 0.627
33 70 0.173
33 55 0.074
33 44 0.234
33 60 0.29
33 66 0.448
33 75 0.379
33 79 0.092
33 93 0.051
33 65 0.165
33 72 0.095
33 83 0.389
33 47 0.206
33 51 0.159
33 56 0.016
33 88 0.112
33 38 0.122
33 40 0.123
33 52 0.11
33 58 0.168
33 81 0.139
33 85 0.185
33 86 0.101
33 87 0.127
33 106 0.185
33 108 0.13
34 35 0.693
34 68 0.684
34 79 1
34 52 0.561
34 56 0.696
34 41 0.875
34 57 0.966
34 93 0.946
34 91 1
34 88 1
34 86 0.808
34 38 0.836
34 71 0.796
34 96 0.667
34 54 0.694
34 77 0.41
34 60 0.166
34 45 0.091
34 75 0.127
34 83 0.256
34 39 0.201
34 51 0.115
34 89 0.048
34 105 0.067
34 106 0.211
34 40 0.132
34 42 0.169
34 44 0.101
34 47 0.181
34 49 0.093
34 65 0.13
34 66 0.182
34 72 0.2
34 81 0.149
34 90 0.109
34 95 0.147
34 97 0.181
35 101 1
35 36 1
35 56 0.792
35 78 0.36
35 95 0.951
35 52 0.596
35 90 0.534
35 96 0.732
35 51 0.716
35 44 0.825
35 64 0.692
35 38 0.556
35 54 1
35 46 0.718
35 88 0.778
35 82 0.513
35 50 0.326
35 57 0.703
35 66 0.671
35 87 0.422
35 92 0.156
35 43 0.164
35 94 0.327
35 104 0.152
35 58 0.102
35 70 0.134
35 85 0.314
35 89 0.305
35 49 0.153
35 59 0.16
35 63 0.158
35 76 0.164
35 84 0.159
35 108 0.178
36 65 0.771
36 107 0.807
36 61 0.631
36 45 1
36 44 0.636
36 71 0.786
36 105 0.554
36 48 0.719
36 102 0.761
36 109 0.387
36 78 0.164
36 52 0.114
36 90 0.156
36 51 0.044
36 60 0.13
36 77 0.167
36 80 0.084
36 92 0.225
36 93 0.098
36 39 0.158
36 55 0.141
36 79 0.107
36 96 0.143
37 76 0.834
37 85 1
37 90 1
37 39 0.586
37 49 0.809
37 70 0.728
37 84 0.791
37 95 1
37 64 0.731
37 108 0.582
37 79 0.223
37 46 0.696
37 77 0.187
37 73 0.308
37 65 0.453
37 60 0.533
37 47 0.101
37 52 0.232
37 43 0.189
37 59 0.123
37 45 0.144
37 51 0.197
37 54 0.144
37 86 0.192
37 88 0.144
37 100 0.152
37 101 0.117
38 62 0.586
38 48 0.742
38 85 0.454
38 100 0.882
38 56 0.731
38 69 0.746
38 57 0.8
38 107 0.649
38 90 0.634
38 99 0.753
38 96 0.939
38 51 0.603
38 106 0.668
38 80 0.843
38 40 0.417
38 71 0.442
38 103 0.379
38 73 0.26
38 52 0.128
38 86 0.294
38 43 0.14
38 50 0.138
38 92 0.327
38 97 0.081
38 108 0.097
38 49 0.122
38 58 0.139
38 77 0.182
38 78 0.19
38 81 0.164
38 95 0.157
39 73 0.615
39 76 0.548
39 79 0.971
39 78 1
39 92 0.864
39 80 0.919
39 71 0.869
39 45 0.817
39 40 0.778
39 43 0.263
39 104 0.582
39 55 0.279
39 47 0.558
39 87 0.124
39 70 0.042
39 74 0.037
39 107 0.018
39 106 0.175
39 93 0.08
39 109 0.068
39 75 0.14
39 84 0.283
39 91 0.151
39 41 0.119
39 59 0.113
39 64 0.185
39 68 0.117
39 77 0.185
39 85 0.126
39 90 0.116
39 103 0.197
39 108 0.165
40 91 1
40 104 1
40 92 1
40 55 0.963
40 108 0.536
40 66 0.634
40 86 0.755
40 105 0.546
40 71 0.433
40 106 0.368
40 43 0.103
40 49 0.053
40 61 0.005
40 99 0.184
40 72 0.236
40 101 0.125
40 57 0.15
40 59 0.161
40 62 0.16
40 67 0.158
40 102 0.195
41 69 0.868
41 63 1
41 84 0.966
41 79 0.95
41 92 0.833
41 95 0.599
41 74 0.64
41 49 0.752
41 46 0.519
41 71 0.514
41 96 0.305
41 107 0.522
41 53 0.068
41 42 0.228
41 57 0.103
41 47 0.206
41 54 0.174
41 70 0.221
41 94 0.162
41 55 0.115
41 60 0.202
41 73 0.112
41 82 0.047
41 91 0.289
41 108 0.158
41 45 0.151
41 51 0.225
41 64 0.152
41 66 0.109
41 72 0.13
41 76 0.18
41 78 0.162
41 81 0.109
41 98 0.157
41 103 0.13
41 109 0.145
42 76 0.885
42 83 0.8
42 78 0.631
42 97 0.504
42 67 0.674
42 64 0.589
42 70 1
42 54 0.619
42 88 1
42 53 0.995
42 82 0.583
42 60 0.564
42 108 0.518
42 85 0.673
42 102 0.198
42 49 0.637
42 91 0.015
42 98 0.815
42 47 0.421
42 50 0.67
42 86 0.294
42 106 0.085
42 93 0.072
42 99 0.305
42 44 0.202
42 80 0.159
42 90 0.081
42 104 0.203
42 43 0.179
42 45 0.117
42 52 0.16
42 58 0.161
42 62 0.204
42 68 0.173
42 71 0.173
42 105 0.175
43 72 0.713
43 46 0.863
43 87 0.997
43 106 1
43 77 0.858
43 70 0.792
43 56 0.506
43 44 0.961
43 107 0.912
43 95 0.545
43 74 0.907
43 63 0.907
43 83 0.518
43 79 0.606
43 45 0.129
43 75 0.067
43 91 0.076
43 97 0.256
43 59 0.118
43 64 0.118
43 71 0.13
43 81 0.167
43 89 0.112
43 94 0.129
43 98 0.203
43 108 0.111
44 105 0.64
44 92 0.982
44 59 1
44 55 0.935
44 88 0.527
44 97 0.7
44 46 0.67
44 58 0.549
44 63 0.272
44 82 0.288
44 45 0.223
44 50 0.391
44 66 0.067
44 89 0.144
44 90 0.32
44 102 0.322
44 47 0.192
44 69 0.136
44 95 0.193
44 100 0.479
44 64 0.121
44 65 0.144
44 78 0.137
44 81 0.185
44 96 0.139
44 108 0.158
45 80 1
45 64 0.786
45 96 0.761
45 54 0.699
45 70 0.594
45 65 0.602
45 86 0.616
45 104 0.632
45 93 0.607
45 98 0.34
45 66 0.079
45 46 0.331
45 58 0.168
45 100 0.124
45 105 0.249
45 106 0.148
45 49 0.111
45 87 0.166
45 95 0.123
45 107 0.109
46 104 1
46 107 0.975
46 50 0.813
46 72 0.774
46 77 0.471
46 98 0.822
46 51 0.662
46 53 0.772
46 65 0.965
46 103 0.77
46 57 0.503
46 62 0.71
46 69 0.261
46 87 0.223
46 54 0.141
46 81 0.054
46 100 0.23
46 106 0.157
46 109 0.209
46 60 0.168
46 73 0.143
46 49 0.16
46 55 0.192
46 79 0.154
46 89 0.202
46 96 0.131
46 101 0.167
47 98 0.772
47 50 0.743
47 48 0.965
47 92 0.745
47 70 1
47 60 0.585
47 89 0.56
47 53 0.212
47 93 0.516
47 62 0.61
47 55 0.43
47 102 0.247
47 75 0.008
47 82 0.219
47 63 0.137
47 72 0.124
47 99 0.156
47 51 0.151
47 52 0.209
47 56 0.155
47 74 0.099
47 79 0.164
47 83 0.208
47 87 0.144
47 90 0.11
47 95 0.184
47 100 0.159
47 106 0.123
48 59 0.953
48 53 0.519
48 72 0.718
48 83 0.987
48 95 0.822
48 54 1
48 96 1
48 106 0.929
48 103 0.69
48 81 0.676
48 71 0.854
48 77 0.337
48 109 0.742
48 92 0.064
48 79 0.174
48 84 0.15
48 94 0.067
48 57 0.103
48 88 0.055
48 97 0.203
48 108 0.156
48 62 0.221
48 63 0.146
48 80 0.152
48 90 0.113
48 99 0.162
48 105 0.144
49 86 0.741
49 95 0.63
49 59 0.758
49 57 0.824
49 67 0.69
49 75 0.743
49 106 0.563
49 85 0.733
49 51 0.177
49 81 0.656
49 64 1
49 52 0.59
49 61 0.642
49 109 0.518
49 90 0.185
49 105 0.214
49 82 0.131
49 72 0.09
49 74 0.177
49 89 0.26
49 98 0.128
49 50 0.142
49 53 0.175
49 58 0.117
49 70 0.154
49 104 0.215
49 107 0.132
50 91 0.95
50 105 0.867
50 92 0.845
50 61 1
50 85 0.795
50 73 0.684
50 90 0.707
50 55 0.638
50 52 0.566
50 93 1
50 70 0.289
50 69 0.573
50 81 0.599
50 96 0.505
50 99 0.173
50 89 0.284
50 64 0.218
50 53 0.205
50 72 0.304
50 74 0.061
50 77 0.173
50 58 0.146
50 62 0.155
50 65 0.206
50 68 0.102
50 71 0.152
50 76 0.159
50 100 0.198
50 106 0.189
51 78 0.771
51 84 0.933
51 67 0.812
51 104 0.65
51 56 0.167
51 70 0.338
51 109 0.342
51 74 0.189
51 82 0.123
51 68 0.21
51 96 0.418
51 101 0.245
51 102 0.135
51 60 0.152
51 77 0.125
51 81 0.152
51 83 0.152
51 100 0.111
52 89 0.703
52 64 1
52 85 0.968
52 57 1
52 60 0.855
52 76 0.845
52 93 0.904
52 77 0.736
52 55 0.86
52 92 0.705
52 63 0.144
52 104 0.625
52 72 0.05
52 66 0.065
52 107 0.01
52 79 0.196
52 102 0.113
52 108 0.069
52 53 0.118
52 54 0.182
52 67 0.169
52 70 0.178
52 71 0.1
52 80 0.182
52 81 0.166
52 86 0.161
52 98 0.163
53 101 1
53 84 0.784
53 57 0.516
53 79 0.872
53 93 0.684
53 92 1
53 94 1
53 102 0.694
53 66 0.606
53 82 0.392
53 60 0.118
53 67 0.092
53 72 0.265
53 85 0.008
53 86 0.127
53 100 0.141
53 54 0.141
53 62 0.139
53 71 0.178
53 89 0.119
53 90 0.117
53 105 0.137
54 77 0.636
54 73 1
54 86 0.771
54 83 0.694
54 78 0.713
54 82 0.847
54 104 0.547
54 65 0.942
54 95 0.711
54 67 0.546
54 64 0.506
54 100 0.672
54 80 0.414
54 72 0.638
54 58 0.047
54 61 0.121
54 108 0.27
54 68 0.147
54 70 0.156
54 89 0.168
54 99 0.1
54 102 0.138
55 90 0.798
55 97 0.545
55 82 0.619
55 71 0.715
55 70 0.995
55 89 0.508
55 74 0.63
55 84 0.498
55 99 0.352
55 85 0.717
55 64 0.098
55 62 0.202
55 63 0.2
55 94 0.041
55 100 0.591
55 107 0.054
55 93 0.159
55 96 0.238
55 109 0.236
55 68 0.148
55 92 0.057
55 83 0.201
55 102 0.107
55 105 0.125
56 82 0.609
56 108 0.611
56 69 0.829
56 88 0.281
56 77 0.383
56 90 0.75
56 85 0.512
56 59 0.66
56 62 0.781
56 67 0.1
56 58 0.095
56 75 0.093
56 107 0.355
56 61 0.025
56 68 0.09
56 78 0.158
56 89 0.037
56 73 0.158
56 84 0.204
56 92 0.173
57 100 0.704
57 96 1
57 68 0.739
57 73 0.748
57 87 0.862
57 58 0.993
57 81 0.728
57 77 0.842
57 108 0.245
57 101 0.015
57 105 0.568
57 94 0.171
57 75 0.057
57 76 0.1
57 91 0.173
57 109 0.312
57 61 0.179
57 84 0.178
57 66 0.118
57 70 0.14
57 79 0.119
57 80 0.17
57 88 0.115
57 92 0.185
57 104 0.176
58 69 1
58 80 0.65
58 59 0.742
58 67 0.879
58 96 0.895
58 104 0.692
58 95 0.947
58 74 0.635
58 94 0.582
58 93 0.165
58 60 0.727
58 83 0.524
58 64 0.441
58 92 0.539
58 88 0.309
58 89 0.178
58 85 0.043
58 86 0.025
58 62 0.151
58 70 0.27
58 71 0.139
58 98 0.122
58 79 0.112
59 103 0.778
59 67 0.889
59 76 0.363
59 93 0.781
59 98 0.75
59 62 0.685
59 74 0.663
59 84 0.725
59 71 0.719
59 64 0.711
59 85 0.661
59 88 0.559
59 63 0.813
59 97 0.535
59 73 0.074
59 95 0.499
59 81 0.108
59 90 0.243
59 92 0.115
59 100 0.168
59 68 0.162
59 69 0.094
59 75 0.103
59 80 0.138
59 101 0.154
59 106 0.161
59 108 0.176
60 81 0.857
60 84 0.972
60 103 0.989
60 83 0.908
60 96 0.777
60 106 0.813
60 88 0.958
60 98 0.565
60 80 0.834
60 79 0.684
60 95 0.409
60 66 0.93
60 90 0.602
60 102 0.484
60 77 0.276
60 63 0.083
60 78 0.183
60 61 0.206
60 94 0.054
60 109 0.133
60 67 0.179
60 73 0.115
60 104 0.11
60 64 0.17
60 71 0.203
60 72 0.137
60 74 0.169
60 100 0.21
61 78 0.77
61 86 0.943
61 67 0.607
61 84 0.473
61 69 0.967
61 103 0.018
61 82 0.344
61 63 0.119
61 81 0.219
61 104 0.586
61 71 0.25
61 87 0.185
61 93 0.213
61 107 0.156
61 74 0.11
61 92 0.154
61 94 0.145
61 98 0.15
62 92 0.872
62 79 1
62 104 1
62 63 0.718
62 73 0.422
62 102 0.463
62 77 0.258
62 91 0.181
62 74 0.22
62 69 0.148
62 70 0.227
62 72 0.192
62 100 0.103
62 76 0.154
62 81 0.162
62 93 0.181
62 96 0.151
62 108 0.176
63 102 0.941
63 106 0.636
63 69 0.824
63 91 0.499
63 84 0.876
63 80 0.789
63 75 0.58
63 95 0.43
63 78 0.062
63 99 0.498
63 72 0.056
63 97 0.251
63 70 0.23
63 86 0.209
63 87 0.088
63 109 0.301
63 101 0.13
63 108 0.12
63 65 0.154
63 83 0.12
63 88 0.125
64 107 0.802
64 101 0.583
64 79 0.713
64 86 1
64 65 0.939
64 80 0.744
64 102 0.638
64 91 0.914
64 108 1
64 100 0.616
64 72 0.694
64 97 0.42
64 74 0.134
64 85 0.278
64 87 0.44
64 66 0.194
64 70 0.144
64 75 0.197
64 77 0.153
64 78 0.101
64 81 0.147
64 83 0.183
64 104 0.156
64 105 0.091
65 102 0.625
65 68 0.81
65 95 0.819
65 100 0.813
65 70 0.632
65 83 1
65 105 0.227
65 77 0.088
65 98 0.163
65 103 0.136
65 107 0.117
65 67 0.131
65 69 0.15
65 78 0.191
65 86 0.12
65 91 0.135
65 92 0.159
65 101 0.105
66 105 0.681
66 78 0.557
66 92 0.562
66 81 0.546
66 103 0.206
66 89 0.044
66 98 0.203
66 68 0.164
66 72 0.145
66 73 0.118
66 74 0.106
66 90 0.158
66 95 0.17
66 96 0.09
66 104 0.203
66 108 0.163
67 103 0.855
67 87 0.943
67 88 0.869
67 99 1
67 86 0.629
67 96 0.059
67 84 0.339
67 93 0.371
67 69 0.152
67 71 0.172
67 76 0.151
67 81 0.116
67 89 0.137
67 97 0.163
67 109 0.176
68 82 0.598
68 88 0.947
68 109 0.519
68 100 0.806
68 93 0.51
68 80 0.834
68 73 1
68 108 0.954
68 81 0.339
68 77 0.202
68 90 0.178
68 79 0.249
68 101 0.086
68 104 0.294
68 71 0.182
68 84 0.137
68 87 0.184
68 92 0.193
68 94 0.2
68 106 0.182
69 71 0.879
69 101 0.389
69 79 0.679
69 98 0.597
69 83 0.809
69 86 0.555
69 70 0.069
69 106 0.12
69 73 0.135
69 80 0.175
69 99 0.224
69 100 0.206
70 86 0.625
70 75 0.773
70 95 0.99
70 82 0.567
70 101 0.221
70 84 0.239
70 94 0.338
70 83 0.153
70 97 0.147
70 105 0.197
70 73 0.202
70 76 0.111
70 87 0.118
70 100 0.111
71 104 0.531
71 95 1
71 94 0.75
71 91 0.898
71 84 0.939
71 103 0.823
71 74 0.876
71 85 0.7
71 100 0.856
71 83 1
71 97 0.467
71 81 0.791
71 98 0.588
71 80 0.201
71 73 0.276
71 88 0.363
71 79 0.321
71 102 0.232
71 75 0.16
71 77 0.197
71 82 0.131
71 96 0.162
71 107 0.118
71 108 0.137
72 94 0.872
72 83 1
72 92 0.609
72 76 0.889
72 109 0.903
72 96 0.739
72 85 0.907
72 100 1
72 77 0.636
72 95 0.838
72 73 0.285
72 87 0.019
72 104 0.123
72 89 0.059
72 105 0.118
72 78 0.171
72 93 0.14
72 97 0.083
72 101 0.242
72 98 0.198
72 99 0.137
73 96 0.629
73 74 0.998
73 103 1
73 105 0.755
73 88 0.837
73 80 0.837
73 95 0.124
73 75 0.218
73 101 0.123
73 76 0.154
73 84 0.13
73 89 0.039
73 98 0.119
73 104 0.21
73 106 0.169
73 109 0.165
74 95 0.488
74 101 0.953
74 96 0.927
74 100 0.849
74 103 0.928
74 86 0.735
74 89 0.576
74 91 0.57
74 80 0.897
74 90 0.35
74 79 0.241
74 97 0.055
74 85 0.475
74 102 0.172
74 106 0.095
74 75 0.114
74 76 0.088
74 83 0.139
74 87 0.192
74 105 0.361
74 81 0.095
74 82 0.156
74 92 0.164
75 76 0.633
75 90 0.805
75 101 0.771
75 99 0.501
75 108 0.312
75 93 0.231
75 98 0.248
75 105 0.073
75 80 0.095
75 85 0.13
75 94 0.189
75 97 0.169
75 106 0.167
75 107 0.147
76 88 0.682
76 81 1
76 102 0.794
76 108 0.398
76 90 0.692
76 95 0.615
76 87 0.105
76 99 0.198
76 105 0.128
76 107 0.129
76 109 0.108
77 98 0.618
77 85 0.905
77 96 0.58
77 105 0.983
77 108 0.782
77 86 0.657
77 109 0.891
77 80 0.141
77 103 0.72
77 83 0.109
77 79 0.148
78 93 0.748
78 92 0.613
78 105 0.827
78 79 1
78 95 0.992
78 81 0.953
78 98 0.597
78 83 0.02
78 100 0.28
78 96 0.153
78 97 0.088
78 99 0.117
78 103 0.145
79 101 0.535
79 94 0.738
79 90 0.605
79 103 0.923
79 80 0.762
79 102 0.465
79 104 0.054
79 81 0.149
79 87 0.249
79 82 0.162
79 85 0.138
79 86 0.122
79 106 0.189
80 104 0.664
80 97 0.588
80 103 0.621
80 87 0.951
80 95 0.287
80 81 0.181
80 84 0.141
80 89 0.189
80 90 0.187
80 91 0.14
80 108 0.161
81 91 0.987
81 95 1
81 107 0.031
81 99 0.126
81 100 0.214
81 88 0.141
81 94 0.155
81 96 0.162
81 98 0.119
82 87 0.831
82 103 0.944
82 95 0.675
82 91 1
82 84 0.247
82 104 0.559
82 105 0.186
82 98 0.513
82 93 0.336
82 96 0.278
82 102 0.216
82 108 0.231
82 83 0.16
82 85 0.145
82 88 0.205
82 89 0.104
82 107 0.212
83 108 0.572
83 106 0.795
83 104 0.79
83 88 0.479
83 94 0.136
83 89 0.118
83 90 0.126
83 100 0.023
83 107 0.111
83 95 0.057
83 105 0.166
83 86 0.158
83 96 0.185
83 99 0.173
83 101 0.146
83 109 0.119
84 93 0.878
84 102 0.66
84 96 0.67
84 92 0.343
84 97 0.116
84 108 0.383
84 87 0.177
84 104 0.215
84 101 0.18
84 105 0.136
85 106 0.762
85 91 0.852
85 97 0.62
85 88 0.947
85 86 0.636
85 94 0.419
85 89 0.092
85 98 0.223
85 90 0.118
85 93 0.122
85 105 0.129
86 87 0.711
86 89 0.602
86 103 0.778
86 98 0.808
86 94 0.549
86 90 0.307
86 97 0.01
87 92 0.746
87 106 0.615
87 91 1
87 100 0.959
87 105 0.601
87 93 0.096
87 107 0.124
87 94 0.143
87 96 0.161
87 97 0.14
87 99 0.156
87 102 0.149
88 105 0.392
88 90 0.782
88 106 0.219
88 95 0.223
88 109 0.259
88 92 0.051
88 100 0.101
88 89 0.12
88 96 0.151
88 101 0.124
89 105 1
89 107 0.792
89 91 0.183
89 90 0.416
89 99 0.143
89 102 0.047
89 92 0.118
90 107 0.63
90 101 0.629
90 102 0.503
90 96 0.082
90 104 0.133
90 108 0.153
90 91 0.134
90 92 0.152
90 100 0.21
90 103 0.152
91 108 0.648
91 109 0.094
91 100 0.129
91 97 0.424
91 98 0.238
91 94 0.158
91 102 0.167
91 105 0.137
92 94 0.717
92 103 0.825
92 102 0.027
92 107 0.257
92 93 0.32
92 106 0.376
92 95 0.161
92 98 0.231
92 100 0.185
93 99 0.738
93 94 0.587
93 105 0.323
93 96 0.737
93 106 0.283
93 97 0.14
94 98 0.475
94 104 0.145
94 103 0.083
94 100 0.125
94 102 0.143
94 109 0.139
95 104 0.739
95 99 0.995
95 106 0.568
95 102 0.444
95 96 0.03
95 105 0.091
96 109 0.848
96 99 0.277
96 98 0.164
96 101 0.126
97 107 0.857
97 105 0.292
97 106 0.161
97 108 0.244
97 104 0.141
98 108 0.15
99 100 0.663
99 101 0.153
99 103 0.175
100 102 1
100 104 0.245
100 108 0.937
100 106 0.061
100 105 0.024
101 109 0.235
101 103 0.081
102 104 0.189
102 105 0.17
102 107 0.189
103 104 0.85
103 106 0.669
103 109 0.569
103 105 0.614
103 107 0.172
104 107 0.716
104 108 0.327
104 109 0.083
105 109 0.851
106 108 0.652
106 107 0.121
108 109 0.155
