0 1 1
0 12 0.915
0 49 0.905
0 63 0.882
0 66 0.015
0 17 0.523
0 36 0.122
0 52 0.801
0 59 0.265
0 75 0.057
0 19 0.079
0 20 0.176
0 44 0.46
0 76 0.053
0 32 0.025
0 42 0.115
0 50 0.259
0 60 0.322
0 64 0.216
0 72 0.459
0 88 0.322
0 4 0.388
0 15 0.124
0 48 0.218
0 74 0.232
0 107 0.317
0 7 0.283
0 35 0.024
0 68 0.314
0 78 0.294
0 84 0.216
0 92 0.622
0 2 0.101
0 40 0.123
0 47 0.795
0 53 0.205
0 103 0.157
0 24 0.161
0 77 0.226
0 91 0.373
0 99 0.168
0 5 0.496
0 14 0.173
0 16 0.234
0 21 0.22
0 25 0.175
0 39 0.161
0 51 0.052
0 102 0.135
0 105 0.074
0 8 0.394
0 33 0.172
0 41 0.574
0 81 0.496
0 11 0.338
0 97 0.371
0 43 0.247
0 55 0.178
0 65 0.272
0 96 0.503
0 26 0.075
0 82 0.114
0 30 0.224
0 57 0.17
0 85 0.227
0 22 0.145
0 37 0.311
0 6 0.116
0 27 0.188
0 31 0.102
0 34 0.023
0 83 0.128
0 86 0.281
0 18 0.185
0 100 0.147
0 10 0.101
0 62 0.17
0 67 0.102
0 69 0.159
1 4 1
1 5 0.37
1 10 0.618
1 19 0.651
1 23 0.911
1 27 0.727
1 34 1
1 42 0.643
1 45 0.79
1 56 0.788
1 86 0.787
1 109 0.716
1 39 0.325
1 46 0.755
1 59 0.527
1 62 0.724
1 70 0.002
1 108 0.208
1 17 0.337
1 89 0.298
1 90 0.666
1 101 0.41
1 102 0.344
1 13 0.147
1 14 0.091
1 15 0.262
1 54 0.264
1 71 0.516
1 72 0.73
1 83 0.311
1 93 0.285
1 106 0.088
1 26 0.291
1 79 0.412
1 30 0.362
1 33 0.262
1 35 0.141
1 78 0.259
1 3 0.239
1 44 0.133
1 51 0.297
1 2 0.359
1 60 0.262
1 76 0.231
1 40 0.382
1 50 0.186
1 61 0.281
1 96 0.074
1 104 0.135
1 80 0.315
1 105 0.045
1 22 0.277
1 24 0.075
1 53 0.172
1 68 0.031
1 82 0.136
1 107 0.224
1 8 0.173
1 32 0.035
1 36 0.118
1 38 0.142
1 43 0.161
1 57 0.135
1 64 0.073
1 74 0.122
1 75 0.116
1 9 0.122
1 18 0.319
1 28 0.509
1 58 0.343
1 77 0.059
1 88 0.127
1 103 0.235
1 66 0.131
1 11 0.281
1 41 0.098
1 81 0.152
1 85 0.155
1 94 0.105
1 12 0.143
1 65 0.102
1 87 0.187
1 99 0.148
1 52 0.13
1 91 0.149
2 15 0.461
2 17 1
2 24 0.835
2 27 0.962
2 35 0.907
2 49 0.724
2 76 0.901
2 94 0.909
2 98 1
2 14 0.175
2 18 0.339
2 21 0.419
2 26 0.484
2 40 0.326
2 41 0.042
2 57 0.121
2 79 0.211
2 104 0.268
2 105 0.537
2 9 0.209
2 43 0.522
2 59 0.188
2 78 0.259
2 83 0.349
2 101 0.321
2 108 0.26
2 22 0.337
2 28 0.399
2 32 0.223
2 52 0.187
2 55 0.124
2 58 0.363
2 64 0.097
2 84 0.288
2 95 0.589
2 106 0.615
2 99 0.551
2 38 0.074
2 44 0.394
2 66 0.062
2 70 0.015
2 16 0.377
2 19 0.342
2 29 0.062
2 90 0.33
2 91 0.249
2 4 0.119
2 6 0.129
2 23 0.106
2 42 0.172
2 54 0.25
2 48 0.315
2 75 0.173
2 80 0.317
2 88 0.14
2 92 0.196
2 20 0.066
2 107 0.56
2 34 0.244
2 63 0.449
2 86 0.101
2 89 0.054
2 46 0.301
2 50 0.076
2 71 0.072
2 97 0.104
2 3 0.028
2 65 0.059
2 82 0.157
2 93 0.145
2 8 0.122
2 47 0.166
2 74 0.186
2 87 0.166
2 96 0.156
2 5 0.267
2 69 0.346
2 85 0.181
2 102 0.276
2 31 0.311
3 43 0.819
3 54 0.723
3 68 0.733
3 84 0.877
3 23 0.131
3 47 0.216
3 56 0.304
3 97 0.283
3 4 0.247
3 29 0.278
3 45 0.343
3 66 0.118
3 101 0.222
3 21 0.242
3 31 0.298
3 35 0.467
3 37 0.093
3 53 0.497
3 69 0.275
3 78 0.008
3 102 0.372
3 46 0.575
3 6 0.177
3 19 0.616
3 30 0.126
3 76 0.203
3 81 0.173
3 87 0.287
3 60 0.494
3 82 0.266
3 89 0.206
3 107 0.457
3 33 0.021
3 34 0.094
3 42 0.046
3 18 0.068
3 28 0.442
3 63 0.065
3 71 0.155
3 98 0.226
3 109 0.195
3 15 0.473
3 24 0.222
3 65 0.334
3 86 0.398
3 67 0.165
3 7 0.191
3 14 0.094
3 55 0.156
3 64 0.383
3 83 0.419
3 85 0.085
3 91 0.132
3 40 0.33
3 61 0.143
3 90 0.164
3 96 0.053
3 104 0.16
3 25 0.022
3 57 0.067
3 73 0.144
3 93 0.219
3 99 0.222
3 41 0.034
3 59 0.188
3 11 0.221
3 50 0.185
3 100 0.199
3 10 0.158
3 52 0.118
3 74 0.083
3 9 0.167
3 16 0.215
3 38 0.135
3 49 0.147
3 95 0.128
3 105 0.188
4 68 0.683
4 73 0.908
4 83 0.37
4 91 0.915
4 98 0.47
4 102 0.445
4 108 0.544
4 17 0.019
4 21 0.356
4 25 0.233
4 28 0.031
4 71 0.163
4 99 0.131
4 105 0.181
4 109 0.244
4 18 0.333
4 31 0.467
4 53 0.053
4 61 0.428
4 72 0.272
4 88 0.459
4 90 0.064
4 93 0.206
4 22 0.131
4 39 0.281
4 58 0.564
4 62 0.136
4 63 0.62
4 67 0.148
4 82 0.193
4 87 0.297
4 12 0.635
4 48 0.032
4 54 0.131
4 19 0.142
4 20 0.598
4 27 0.466
4 94 0.04
4 43 0.144
4 47 0.072
4 65 0.17
4 70 0.429
4 9 0.262
4 11 0.191
4 34 0.13
4 41 0.147
4 86 0.102
4 40 0.36
4 45 0.078
4 78 0.205
4 80 0.022
4 69 0.311
4 13 0.334
4 33 0.225
4 85 0.018
4 89 0.314
4 14 0.338
4 16 0.189
4 30 0.205
4 10 0.247
4 23 0.141
4 74 0.127
4 95 0.228
4 103 0.163
4 32 0.141
4 50 0.102
4 52 0.036
4 101 0.125
4 5 0.329
4 15 0.162
4 6 0.069
4 42 0.114
4 59 0.121
4 75 0.103
4 76 0.141
4 35 0.073
4 37 0.137
4 60 0.017
4 66 0.188
4 46 0.117
4 77 0.186
4 96 0.116
4 8 0.138
4 26 0.126
4 36 0.166
4 107 0.154
5 63 0.795
5 79 1
5 85 0.727
5 94 0.735
5 98 0.849
5 8 0.336
5 15 0.403
5 27 0.206
5 29 0.098
5 44 0.836
5 45 0.397
5 78 0.152
5 9 0.392
5 20 0.263
5 21 0.143
5 24 0.075
5 70 0.38
5 102 0.111
5 23 0.252
5 34 0.26
5 38 0.034
5 40 0.356
5 59 0.109
5 75 0.646
5 89 0.558
5 91 0.004
5 107 0.244
5 104 0.096
5 14 0.139
5 18 0.446
5 48 0.272
5 103 0.325
5 22 0.073
5 99 0.229
5 28 0.32
5 56 0.122
5 86 0.037
5 100 0.784
5 108 0.224
5 57 0.234
5 101 0.358
5 31 0.31
5 33 0.261
5 53 0.255
5 82 0.486
5 87 0.385
5 16 0.226
5 37 0.121
5 52 0.423
5 68 0.157
5 69 0.473
5 73 0.175
5 76 0.109
5 80 0.067
5 88 0.03
5 17 0.258
5 32 0.192
5 36 0.057
5 6 0.345
5 11 0.213
5 25 0.409
5 54 0.093
5 58 0.285
5 105 0.144
5 35 0.012
5 39 0.069
5 41 0.164
5 49 0.067
5 10 0.1
5 51 0.182
5 77 0.115
5 13 0.145
5 90 0.127
6 48 1
6 86 1
6 99 0.572
6 107 0.966
6 26 0.16
6 47 0.121
6 80 0.213
6 108 0.453
6 14 0.208
6 59 0.413
6 75 0.558
6 82 0.365
6 18 0.352
6 19 0.03
6 53 0.373
6 90 0.412
6 94 0.17
6 76 0.212
6 49 0.095
6 50 0.228
6 69 0.385
6 70 0.003
6 101 0.106
6 102 0.228
6 36 0.405
6 46 0.223
6 54 0.032
6 29 0.279
6 31 0.064
6 85 0.067
6 93 0.106
6 39 0.28
6 65 0.352
6 16 0.066
6 37 0.136
6 52 0.28
6 74 0.246
6 13 0.37
6 22 0.114
6 28 0.111
6 32 0.172
6 34 0.039
6 72 0.498
6 91 0.2
6 43 0.028
6 60 0.182
6 104 0.155
6 21 0.173
6 24 0.447
6 25 0.49
6 77 0.426
6 84 0.026
6 11 0.417
6 51 0.428
6 88 0.204
6 61 0.149
6 105 0.097
6 10 0.202
6 67 0.349
6 78 0.113
6 79 0.246
6 92 0.192
6 38 0.205
6 45 0.178
7 9 0.714
7 13 0.738
7 29 0.855
7 33 0.884
7 34 0.696
7 35 0.942
7 52 0.502
7 57 0.698
7 70 0.647
7 97 1
7 17 0.272
7 23 0.168
7 30 0.706
7 75 0.109
7 20 1
7 41 0.144
7 64 0.32
7 79 0.078
7 92 0.373
7 98 0.353
7 103 0.331
7 21 0.372
7 42 0.011
7 44 0.016
7 54 0.79
7 82 0.082
7 96 0.318
7 8 0.171
7 46 0.301
7 60 0.152
7 18 0.657
7 25 0.155
7 32 0.097
7 58 0.258
7 94 0.197
7 95 0.2
7 11 0.453
7 26 0.309
7 51 0.009
7 68 0.702
7 106 0.473
7 55 0.362
7 56 0.148
7 63 0.081
7 72 0.51
7 71 0.603
7 83 0.177
7 108 0.287
7 37 0.006
7 49 0.085
7 67 0.166
7 74 0.385
7 76 0.328
7 15 0.117
7 45 0.218
7 88 0.08
7 91 0.22
7 93 0.294
7 19 0.029
7 22 0.245
7 40 0.155
7 43 0.319
7 102 0.161
7 84 0.16
7 85 0.145
7 100 0.065
7 107 0.236
7 16 0.049
7 39 0.524
7 78 0.176
7 81 0.162
7 65 0.25
7 66 0.157
7 87 0.069
7 104 0.338
7 27 0.157
7 101 0.044
7 105 0.173
8 23 0.927
8 31 0.014
8 37 0.855
8 49 0.532
8 56 0.938
8 71 0.796
8 80 0.329
8 88 0.554
8 91 0.658
8 14 0.827
8 26 0.377
8 29 0.099
8 35 0.211
8 47 0.26
8 68 0.468
8 93 0.205
8 107 0.238
8 16 0.227
8 18 0.44
8 28 0.749
8 43 0.742
8 48 0.466
8 54 0.13
8 94 0.131
8 22 0.384
8 69 0.462
8 40 0.313
8 79 0.181
8 83 0.438
8 15 0.245
8 19 0.311
8 52 0.413
8 53 0.063
8 97 0.055
8 33 0.714
8 89 0.42
8 101 0.206
8 30 0.302
8 90 0.305
8 103 0.354
8 105 0.261
8 10 0.402
8 25 0.348
8 32 0.203
8 67 0.345
8 9 0.274
8 21 0.254
8 58 0.35
8 66 0.056
8 76 0.193
8 82 0.297
8 42 0.317
8 72 0.547
8 109 0.227
8 13 0.166
8 60 0.2
8 86 0.135
8 50 0.244
8 36 0.323
8 44 0.367
8 100 0.252
8 34 0.181
8 41 0.143
8 64 0.154
8 70 0.287
8 81 0.392
8 92 0.212
8 98 0.168
8 27 0.194
8 87 0.116
8 11 0.208
8 39 0.197
8 77 0.155
8 99 0.13
9 26 0.584
9 37 0.84
9 47 0.765
9 71 0.504
9 75 1
9 88 1
9 98 0.68
9 10 0.49
9 16 0.16
9 48 0.091
9 53 0.431
9 67 0.409
9 15 0.161
9 33 0.128
9 90 0.352
9 92 0.738
9 11 0.322
9 25 0.374
9 30 0.282
9 35 0.289
9 57 0.181
9 64 0.46
9 14 0.081
9 19 0.22
9 43 0.381
9 105 0.522
9 109 0.383
9 46 0.031
9 52 0.217
9 89 0.25
9 29 0.696
9 45 0.354
9 84 0.243
9 95 0.109
9 102 0.26
9 104 0.321
9 108 0.126
9 61 0.511
9 81 0.231
9 96 0.178
9 106 0.134
9 32 0.22
9 56 0.406
9 60 0.048
9 76 0.6
9 77 0.367
9 91 0.305
9 107 0.128
9 40 0.106
9 36 0.114
9 72 0.478
9 49 0.171
9 69 0.252
9 83 0.156
9 38 0.134
9 82 0.279
9 101 0.118
9 62 0.069
9 13 0.181
9 65 0.148
9 74 0.16
9 78 0.049
9 103 0.153
9 18 0.103
9 21 0.144
9 39 0.159
9 80 0.118
9 87 0.121
10 61 0.688
10 67 0.833
10 85 1
10 88 0.534
10 18 0.134
10 28 0.312
10 31 0.629
10 32 0.246
10 53 0.238
10 59 0.119
10 60 0.262
10 63 0.249
10 93 0.619
10 36 0.23
10 64 0.571
10 78 0.198
10 87 0.173
10 26 0.256
10 30 0.166
10 46 0.278
10 84 0.037
10 55 0.185
10 68 0.268
10 102 0.586
10 15 0.229
10 44 0.086
10 47 0.185
10 69 0.328
10 95 0.245
10 104 0.215
10 21 0.316
10 23 0.006
10 29 0.49
10 51 0.152
10 62 0.282
10 79 0.414
10 50 0.302
10 65 0.158
10 100 0.136
10 101 0.568
10 109 0.115
10 75 0.351
10 96 0.055
10 48 0.252
10 107 0.165
10 19 0.284
10 70 0.231
10 90 0.163
10 91 0.116
10 12 0.08
10 66 0.35
10 73 0.101
10 27 0.134
10 42 0.051
10 92 0.146
10 99 0.421
10 105 0.014
10 16 0.222
10 24 0.065
10 54 0.215
10 98 0.394
10 13 0.171
10 38 0.202
10 58 0.03
10 74 0.292
10 77 0.292
10 80 0.361
10 81 0.149
10 35 0.093
10 57 0.147
10 25 0.125
10 39 0.161
10 106 0.128
11 84 0.139
11 15 0.163
11 18 0.116
11 24 0.155
11 46 0.108
11 62 0.265
11 64 0.213
11 73 0.432
11 16 0.572
11 23 0.438
11 59 0.06
11 75 0.361
11 105 0.221
11 47 0.361
11 96 0.28
11 22 0.4
11 31 0.051
11 87 0.145
11 95 0.08
11 49 0.196
11 51 0.604
11 54 0.025
11 56 0.435
11 71 0.278
11 80 0.157
11 53 0.354
11 13 0.959
11 20 0.459
11 28 0.425
11 29 0.252
11 39 0.145
11 68 0.218
11 89 0.276
11 93 0.303
11 33 0.313
11 38 0.121
11 85 0.036
11 92 0.872
11 17 0.122
11 76 0.029
11 94 0.254
11 100 0.342
11 107 0.395
11 40 0.275
11 82 0.178
11 34 0.163
11 41 0.242
11 66 0.213
11 98 0.048
11 19 0.014
11 45 0.161
11 69 0.065
11 86 0.173
11 12 0.115
11 26 0.392
11 35 0.082
11 104 0.117
11 108 0.068
11 36 0.209
11 42 0.141
11 60 0.209
11 78 0.25
11 25 0.173
11 50 0.158
11 77 0.171
11 99 0.082
11 44 0.161
11 79 0.192
11 88 0.19
12 13 0.988
12 16 0.485
12 29 0.496
12 30 0.577
12 56 1
12 74 0.57
12 77 0.779
12 93 0.942
12 31 0.27
12 40 0.103
12 69 0.393
12 57 0.205
12 72 0.38
12 78 0.607
12 90 0.137
12 105 0.106
12 26 0.363
12 84 0.44
12 86 0.276
12 96 0.253
12 106 0.21
12 20 0.182
12 21 0.764
12 44 0.276
12 28 0.212
12 33 0.163
12 58 0.407
12 75 0.07
12 76 0.374
12 94 0.243
12 22 0.347
12 38 0.364
12 64 0.13
12 36 0.02
12 46 0.202
12 54 0.09
12 59 0.386
12 65 0.154
12 52 0.036
12 73 0.466
12 81 0.266
12 95 0.302
12 45 0.097
12 79 0.116
12 103 0.107
12 15 0.112
12 48 0.158
12 53 0.023
12 60 0.192
12 61 0.153
12 71 0.234
12 97 0.091
12 102 0.175
12 35 0.023
12 55 0.048
12 66 0.166
12 88 0.182
12 18 0.392
12 25 0.132
12 47 0.082
12 67 0.274
12 91 0.372
12 100 0.252
12 62 0.065
12 108 0.257
12 89 0.074
12 104 0.136
12 17 0.132
12 19 0.004
12 50 0.137
12 92 0.185
12 68 0.141
12 80 0.172
13 35 1
13 41 0.749
13 56 0.723
13 73 0.772
13 81 0.949
13 84 0.334
13 91 0.636
13 94 0.858
13 65 0.641
13 66 0.447
13 72 0.265
13 100 0.219
13 43 0.361
13 62 0.269
13 77 0.468
13 105 0.188
13 108 0.259
13 29 0.194
13 61 0.368
13 69 0.217
13 80 0.144
13 106 0.271
13 70 0.283
13 83 0.373
13 99 0.727
13 47 0.098
13 55 0.43
13 58 0.193
13 88 0.275
13 93 0.011
13 36 0.192
13 42 0.407
13 75 0.191
13 18 0.178
13 22 0.403
13 39 0.059
13 46 0.272
13 57 0.173
13 15 0.373
13 59 0.084
13 87 0.361
13 28 0.635
13 44 0.26
13 85 0.39
13 98 0.514
13 24 0.362
13 33 0.045
13 48 0.029
13 30 0.27
13 95 0.206
13 67 0.078
13 74 0.159
13 51 0.182
13 26 0.149
13 40 0.023
13 103 0.14
13 27 0.372
13 89 0.187
13 21 0.242
13 37 0.13
13 76 0.221
13 90 0.023
13 101 0.188
13 34 0.148
13 17 0.104
13 71 0.108
13 92 0.145
13 109 0.261
13 23 0.154
13 96 0.183
14 16 0.779
14 32 0.82
14 35 1
14 43 0.926
14 44 0.899
14 67 0.354
14 75 0.76
14 80 0.985
14 22 0.522
14 28 0.491
14 47 0.503
14 66 0.245
14 72 0.044
14 86 0.567
14 91 0.613
14 98 0.247
14 15 0.281
14 21 0.315
14 27 0.216
14 52 0.383
14 63 0.394
14 102 0.094
14 107 0.272
14 59 0.171
14 78 0.2
14 90 0.223
14 46 0.221
14 57 0.413
14 73 0.297
14 76 0.45
14 33 0.152
14 53 0.319
14 54 0.021
14 106 0.224
14 58 0.123
14 87 0.164
14 101 0.242
14 55 0.264
14 68 0.179
14 104 0.292
14 42 0.095
14 50 0.778
14 65 0.188
14 74 0.083
14 79 0.449
14 97 0.114
14 108 0.111
14 20 0.18
14 61 0.088
14 71 0.076
14 38 0.188
14 70 0.072
14 99 0.334
14 103 0.33
14 85 0.219
14 24 0.512
14 31 0.381
14 45 0.163
14 92 0.123
14 51 0.336
14 105 0.155
14 48 0.258
14 39 0.001
14 77 0.184
14 88 0.07
14 94 0.252
14 19 0.318
14 25 0.197
14 60 0.198
14 62 0.029
14 83 0.069
14 89 0.064
14 36 0.191
14 100 0.117
15 20 0.544
15 27 0.56
15 29 0.44
15 90 0.394
15 109 0.877
15 24 0.651
15 57 0.212
15 84 0.359
15 88 0.74
15 89 0.533
15 105 0.139
15 37 0.382
15 58 0.14
15 62 0.162
15 97 0.091
15 75 0.409
15 98 0.194
15 22 0.615
15 34 0.42
15 49 0.291
15 59 0.108
15 73 0.343
15 76 0.254
15 77 0.349
15 78 0.359
15 92 0.018
15 102 0.323
15 103 0.383
15 33 0.314
15 50 0.261
15 65 0.262
15 107 0.331
15 18 0.23
15 31 0.317
15 16 0.665
15 42 0.27
15 21 0.209
15 46 0.053
15 95 0.333
15 36 0.12
15 51 0.474
15 80 0.045
15 82 0.149
15 96 0.327
15 100 0.053
15 53 0.115
15 99 0.322
15 101 0.127
15 23 0.18
15 25 0.038
15 30 0.058
15 64 0.076
15 69 0.047
15 86 0.306
15 106 0.049
15 60 0.41
15 52 0.132
15 55 0.113
15 85 0.292
15 26 0.12
15 67 0.253
15 19 0.109
15 35 0.106
15 48 0.144
15 63 0.177
15 44 0.226
15 66 0.122
15 81 0.276
15 17 0.149
15 32 0.18
15 38 0.175
15 39 0.106
15 83 0.118
16 28 0.964
16 30 0.311
16 31 0.713
16 33 0.512
16 44 0.91
16 67 0.697
16 75 0.895
16 101 0.708
16 104 0.85
16 23 0.408
16 36 0.289
16 39 0.188
16 41 0.777
16 42 0.387
16 96 0.708
16 61 0.139
16 74 0.357
16 24 0.175
16 55 0.429
16 81 0.118
16 100 0.411
16 29 0.42
16 49 0.091
16 80 0.148
16 59 0.25
16 60 0.309
16 37 0.19
16 45 0.593
16 46 0.559
16 53 0.19
16 69 0.144
16 82 0.205
16 27 0.236
16 34 0.022
16 63 0.302
16 109 0.034
16 77 0.333
16 32 0.265
16 48 0.151
16 95 0.003
16 106 0.204
16 86 0.168
16 17 0.385
16 40 0.157
16 90 0.165
16 38 0.238
16 64 0.119
16 68 0.305
16 73 0.174
16 62 0.16
16 78 0.145
16 92 0.11
16 21 0.206
16 88 0.137
16 91 0.253
16 102 0.02
16 22 0.08
16 26 0.448
16 51 0.29
16 56 0.091
16 85 0.183
16 43 0.139
16 65 0.098
16 105 0.169
16 54 0.115
16 79 0.179
16 83 0.155
16 94 0.149
16 97 0.181
17 20 0.959
17 38 0.844
17 40 0.788
17 61 0.866
17 66 0.892
17 77 0.578
17 80 0.769
17 82 1
17 84 0.781
17 42 0.205
17 102 0.083
17 18 0.076
17 19 0.337
17 22 0.788
17 32 0.27
17 60 0.4
17 71 0.393
17 101 0.494
17 43 0.527
17 44 0.047
17 56 0.259
17 69 0.235
17 74 0.36
17 78 0.493
17 98 0.482
17 45 0.146
17 58 0.227
17 25 0.102
17 41 0.555
17 47 0.439
17 50 0.349
17 53 0.272
17 62 0.438
17 94 0.195
17 36 0.003
17 72 0.249
17 104 0.613
17 35 0.304
17 100 0.371
17 103 0.171
17 64 0.127
17 65 0.512
17 68 0.248
17 46 0.336
17 30 0.455
17 85 0.199
17 57 0.088
17 63 0.264
17 67 0.111
17 70 0.527
17 27 0.1
17 87 0.345
17 81 0.484
17 90 0.156
17 109 0.237
17 34 0.069
17 59 0.179
17 28 0.196
17 33 0.24
17 83 0.219
17 97 0.071
17 31 0.189
17 37 0.162
17 52 0.181
17 55 0.141
17 96 0.203
17 39 0.168
17 76 0.218
17 107 0.117
17 105 0.117
18 38 1
18 43 0.607
18 57 0.662
18 72 1
18 87 0.581
18 95 0.849
18 101 1
18 22 0.204
18 23 0.113
18 34 0.256
18 40 0.217
18 53 0.486
18 67 0.059
18 90 0.544
18 76 0.173
18 83 0.304
18 86 0.408
18 45 0.225
18 52 0.304
18 54 0.053
18 98 0.151
18 99 0.494
18 107 0.035
18 31 0.08
18 62 0.367
18 65 0.296
18 85 0.278
18 100 0.364
18 42 0.249
18 30 0.008
18 56 0.279
18 77 0.186
18 20 0.003
18 49 0.069
18 64 0.5
18 82 0.042
18 55 0.281
18 63 0.104
18 105 0.269
18 79 0.331
18 108 0.426
18 33 0.357
18 60 0.215
18 46 0.054
18 78 0.329
18 59 0.124
18 75 0.331
18 89 0.362
18 19 0.16
18 27 0.091
18 48 0.286
18 26 0.185
18 25 0.017
18 29 0.083
18 21 0.162
18 39 0.164
18 47 0.02
18 51 0.185
18 70 0.181
18 81 0.104
18 94 0.058
18 109 0.268
18 35 0.114
18 68 0.208
18 74 0.268
18 84 0.061
18 102 0.192
18 88 0.118
19 26 1
19 34 1
19 53 1
19 81 0.653
19 83 0.849
19 86 0.51
19 100 0.781
19 103 1
19 24 0.364
19 36 0.293
19 42 0.25
19 69 0.157
19 71 0.137
19 76 0.13
19 107 0.284
19 39 0.112
19 40 0.203
19 43 0.064
19 87 0.295
19 88 0.127
19 27 0.258
19 28 0.367
19 45 0.517
19 56 0.361
19 32 0.312
19 74 0.146
19 77 0.115
19 84 0.552
19 98 0.205
19 23 0.173
19 68 0.397
19 82 0.62
19 94 0.009
19 38 0.162
19 54 0.275
19 99 0.283
19 67 0.297
19 85 0.254
19 89 0.092
19 75 0.241
19 93 0.088
19 97 0.2
19 20 0.378
19 109 0.352
19 29 0.068
19 72 0.081
19 95 0.309
19 73 0.112
19 91 0.395
19 35 0.181
19 47 0.301
19 61 0.046
19 33 0.42
19 102 0.119
19 65 0.027
19 48 0.184
19 90 0.065
19 105 0.178
20 47 0.169
20 89 0.876
20 106 0.818
20 108 0.741
20 50 0.032
20 56 0.5
20 86 0.317
20 100 0.095
20 103 0.362
20 109 0.42
20 30 0.477
20 53 0.164
20 23 0.248
20 36 0.03
20 51 0.165
20 57 0.443
20 68 0.235
20 71 0.164
20 98 0.254
20 73 0.732
20 104 0.039
20 33 0.34
20 43 0.529
20 46 0.457
20 59 0.089
20 60 0.288
20 61 0.484
20 97 0.59
20 26 0.1
20 72 0.402
20 29 0.235
20 80 0.222
20 41 0.298
20 31 0.198
20 49 0.1
20 66 0.38
20 74 0.051
20 84 0.078
20 85 0.37
20 93 0.086
20 37 0.168
20 45 0.252
20 87 0.409
20 96 0.186
20 28 0.164
20 76 0.131
20 27 0.09
20 39 0.193
20 92 0.21
20 90 0.092
20 25 0.173
20 75 0.076
20 82 0.136
20 101 0.204
20 44 0.167
20 79 0.203
20 21 0.049
20 107 0.114
20 55 0.174
21 22 0.477
21 26 0.59
21 27 0.752
21 29 0.883
21 78 0.298
21 89 0.702
21 94 0.858
21 104 0.724
21 30 0.516
21 75 0.1
21 80 0.346
21 88 0.129
21 107 0.296
21 109 0.395
21 33 0.289
21 56 0.107
21 66 0.213
21 70 0.328
21 76 0.39
21 77 0.149
21 32 0.442
21 69 0.717
21 74 0.518
21 97 0.028
21 25 0.126
21 39 0.057
21 41 0.731
21 53 0.225
21 67 0.214
21 31 0.47
21 42 0.15
21 45 0.762
21 54 0.068
21 57 0.349
21 92 0.218
21 23 0.283
21 44 0.24
21 86 0.055
21 102 0.089
21 38 0.213
21 59 0.318
21 83 0.436
21 52 0.34
21 35 0.196
21 36 0.225
21 24 0.055
21 96 0.241
21 98 0.035
21 51 0.333
21 99 0.142
21 100 0.419
21 28 0.375
21 63 0.128
21 61 0.155
21 81 0.066
21 85 0.319
21 46 0.254
21 65 0.157
21 62 0.07
21 40 0.139
21 55 0.126
21 58 0.041
21 71 0.152
21 82 0.101
21 84 0.124
21 95 0.285
22 25 0.446
22 44 0.984
22 46 0.7
22 47 0.898
22 65 0.873
22 74 0.804
22 83 0.646
22 55 0.29
22 58 0.216
22 98 0.077
22 38 0.142
22 35 0.363
22 59 0.488
22 84 0.21
22 102 0.109
22 64 0.474
22 80 0.105
22 89 0.284
22 32 0.398
22 41 0.221
22 81 0.59
22 86 0.108
22 52 0.054
22 71 0.217
22 75 0.372
22 85 0.473
22 93 0.31
22 45 0.156
22 53 0.067
22 72 0.647
22 78 0.214
22 37 0.301
22 48 0.3
22 50 0.073
22 66 0.305
22 63 0.203
22 68 0.072
22 73 0.162
22 87 0.396
22 51 0.137
22 24 0.272
22 90 0.141
22 76 0.428
22 92 0.279
22 106 0.249
22 107 0.323
22 27 0.189
22 96 0.014
22 99 0.107
22 104 0.075
22 36 0.382
22 61 0.13
22 91 0.356
22 100 0.108
22 103 0.122
22 105 0.201
22 40 0.176
22 109 0.213
22 69 0.086
22 31 0.134
22 34 0.131
22 56 0.14
23 25 0.88
23 26 0.699
23 32 0.451
23 38 1
23 43 0.925
23 60 0.639
23 99 1
23 31 0.127
23 65 0.068
23 72 0.693
23 75 0.547
23 36 0.19
23 58 0.293
23 68 0.273
23 28 0.276
23 41 0.054
23 45 0.145
23 47 0.215
23 51 0.097
23 62 0.831
23 46 0.56
23 56 0.372
23 71 0.117
23 44 0.325
23 61 0.272
23 95 0.421
23 89 0.454
23 94 0.273
23 102 0.151
23 48 0.247
23 92 0.285
23 35 0.292
23 39 0.477
23 79 0.119
23 63 0.201
23 93 0.213
23 42 0.384
23 64 0.006
23 78 0.219
23 87 0.588
23 100 0.41
23 27 0.173
23 37 0.019
23 96 0.07
23 105 0.038
23 50 0.497
23 74 0.105
23 80 0.168
23 103 0.003
23 29 0.074
23 49 0.139
23 33 0.319
23 34 0.169
23 66 0.345
23 81 0.112
23 82 0.103
23 30 0.293
23 85 0.206
23 90 0.256
23 104 0.354
23 108 0.327
23 70 0.405
23 59 0.117
23 97 0.155
23 109 0.18
24 39 0.709
24 53 1
24 71 0.913
24 89 0.913
24 106 0.503
24 40 0.402
24 47 0.03
24 60 0.135
24 79 0.024
24 93 0.244
24 94 0.471
24 95 0.238
24 73 0.076
24 87 0.435
24 97 0.108
24 101 0.279
24 45 0.374
24 63 0.216
24 77 0.244
24 36 0.352
24 48 0.374
24 72 0.168
24 80 0.434
24 81 0.099
24 85 0.44
24 69 0.365
24 92 0.338
24 30 0.68
24 35 0.312
24 42 0.058
24 43 0.14
24 76 0.198
24 84 0.196
24 86 0.026
24 46 0.484
24 64 0.224
24 99 0.215
24 44 0.141
24 102 0.223
24 103 0.454
24 52 0.121
24 70 0.332
24 88 0.09
24 54 0.062
24 55 0.096
24 57 0.172
24 58 0.478
24 66 0.529
24 50 0.512
24 59 0.103
24 38 0.273
24 104 0.33
24 90 0.203
24 37 0.376
24 29 0.112
24 33 0.227
24 100 0.206
24 26 0.147
24 32 0.214
24 82 0.153
24 108 0.09
24 25 0.097
24 34 0.175
24 68 0.164
24 107 0.146
25 27 1
25 31 0.401
25 37 1
25 77 0.894
25 78 0.855
25 83 1
25 86 0.792
25 109 0.447
25 29 0.129
25 46 0.611
25 97 0.342
25 28 0.389
25 41 0.371
25 43 0.12
25 45 0.39
25 85 1
25 87 0.564
25 34 0.137
25 35 0.15
25 36 0.336
25 55 0.449
25 67 0.032
25 26 0.696
25 52 0.715
25 81 0.006
25 82 0.783
25 95 0.134
25 68 0.154
25 39 0.062
25 51 0.538
25 57 0.322
25 90 0.142
25 104 0.188
25 106 0.096
25 59 0.365
25 73 0.306
25 74 0.195
25 84 0.262
25 92 0.279
25 33 0.29
25 56 0.165
25 96 0.082
25 79 0.383
25 88 0.221
25 100 0.169
25 107 0.186
25 47 0.657
25 76 0.008
25 94 0.131
25 105 0.072
25 60 0.199
25 69 0.175
25 72 0.081
25 48 0.253
25 98 0.229
25 70 0.056
25 93 0.291
25 62 0.242
25 65 0.095
25 30 0.125
25 61 0.09
25 63 0.148
25 49 0.138
25 89 0.215
26 36 0.314
26 38 0.91
26 42 0.958
26 58 0.495
26 61 1
26 67 0.966
26 69 0.426
26 86 0.551
26 90 0.852
26 96 0.671
26 35 0.002
26 74 0.191
26 77 0.215
26 103 0.055
26 27 0.087
26 47 0.346
26 49 0.612
26 107 0.239
26 37 0.145
26 94 0.77
26 102 0.489
26 28 0.249
26 32 0.452
26 34 0.355
26 52 0.042
26 53 0.024
26 59 0.303
26 62 0.345
26 66 0.192
26 82 0.244
26 29 0.217
26 50 0.273
26 100 0.192
26 43 0.389
26 72 0.745
26 39 0.316
26 68 0.159
26 89 0.261
26 97 0.174
26 80 0.135
26 83 0.12
26 60 0.146
26 73 0.252
26 101 0.121
26 44 0.072
26 93 0.102
26 109 0.269
26 41 0.089
26 51 0.188
26 55 0.288
26 81 0.114
26 85 0.182
26 56 0.39
26 75 0.144
26 70 0.105
26 78 0.232
26 88 0.111
26 95 0.205
26 57 0.171
26 79 0.174
27 28 1
27 38 0.843
27 44 0.638
27 53 1
27 54 0.686
27 81 0.822
27 83 0.678
27 97 1
27 29 0.427
27 57 0.256
27 66 0.358
27 67 0.389
27 77 0.472
27 84 0.058
27 90 0.201
27 42 0.593
27 62 0.537
27 80 0.218
27 41 0.245
27 43 0.115
27 59 0.154
27 75 0.405
27 50 0.454
27 95 0.625
27 102 0.048
27 108 0.295
27 47 0.38
27 65 0.289
27 74 0.163
27 76 0.183
27 79 0.351
27 32 0.107
27 69 0.046
27 60 0.301
27 72 0.379
27 109 0.131
27 82 0.179
27 91 0.095
27 56 0.17
27 51 0.003
27 64 0.159
27 61 0.12
27 87 0.214
27 33 0.198
27 39 0.087
27 93 0.084
27 96 0.304
27 107 0.152
27 34 0.164
27 55 0.116
27 105 0.159
27 101 0.114
28 40 0.751
28 50 0.967
28 94 0.67
28 31 0.254
28 56 0.137
28 81 0.486
28 89 0.447
28 37 0.364
28 69 0.111
28 106 0.112
28 44 0.131
28 54 0.037
28 59 0.29
28 80 0.239
28 84 0.393
28 30 0.018
28 66 0.247
28 79 0.201
28 87 0.54
28 100 0.616
28 109 0.186
28 38 0.376
28 62 0.281
28 86 0.141
28 105 0.055
28 32 0.244
28 39 0.075
28 41 0.19
28 45 0.042
28 71 0.308
28 75 0.295
28 42 0.257
28 83 0.069
28 91 0.012
28 92 0.136
28 46 0.13
28 90 0.015
28 93 0.254
28 104 0.277
28 95 0.073
28 48 0.083
28 72 0.236
28 107 0.281
28 35 0.106
28 70 0.294
28 96 0.144
28 102 0.105
28 29 0.285
28 58 0.182
28 65 0.187
28 82 0.11
28 47 0.146
28 68 0.283
28 73 0.143
28 43 0.139
28 52 0.149
28 57 0.12
28 108 0.199
28 99 0.199
29 35 0.813
29 76 0.718
29 80 0.611
29 94 0.969
29 100 1
29 103 1
29 33 0.683
29 38 0.036
29 42 0.414
29 78 0.096
29 105 0.258
29 61 0.249
29 63 0.134
29 93 0.474
29 107 0.409
29 109 0.276
29 48 0.64
29 67 0.534
29 82 0.538
29 32 0.117
29 55 0.145
29 57 0.335
29 43 0.142
29 85 0.431
29 106 0.228
29 30 0.389
29 47 0.205
29 71 0.094
29 73 0.364
29 31 0.108
29 44 0.317
29 77 0.241
29 97 0.384
29 37 0.298
29 49 0.22
29 75 0.499
29 54 0.044
29 62 0.073
29 84 0.265
29 86 0.31
29 65 0.25
29 96 0.015
29 50 0.129
29 53 0.386
29 72 0.104
29 59 0.185
29 69 0.136
29 87 0.156
29 34 0.203
29 39 0.072
29 58 0.243
29 74 0.135
29 81 0.156
29 64 0.342
29 99 0.015
29 101 0.15
29 92 0.167
29 41 0.083
29 68 0.135
29 88 0.178
30 44 1
30 59 0.734
30 68 0.892
30 70 0.709
30 31 0.412
30 39 0.385
30 48 0.381
30 53 0.458
30 57 0.174
30 73 0.314
30 74 0.179
30 75 0.327
30 76 0.658
30 106 0.05
30 108 0.16
30 80 0.016
30 81 0.292
30 32 0.101
30 47 0.481
30 83 0.546
30 93 0.135
30 58 0.008
30 63 0.073
30 67 0.542
30 60 0.098
30 77 0.216
30 90 0.266
30 99 0.572
30 107 0.038
30 33 0.338
30 46 0.206
30 42 0.177
30 89 0.218
30 94 0.038
30 56 0.149
30 61 0.025
30 71 0.519
30 105 0.41
30 55 0.265
30 62 0.221
30 65 0.117
30 51 0.109
30 54 0.136
30 72 0.333
30 102 0.179
30 84 0.315
30 38 0.127
30 92 0.164
30 40 0.028
30 49 0.094
30 50 0.065
30 100 0.184
30 34 0.16
30 69 0.199
30 86 0.097
30 88 0.146
30 91 0.14
30 103 0.019
30 52 0.182
30 109 0.168
31 35 0.951
31 45 0.59
31 65 0.923
31 67 1
31 109 0.851
31 49 0.248
31 63 0.131
31 78 0.489
31 85 0.675
31 86 0.528
31 94 0.273
31 40 0.463
31 62 0.351
31 75 0.197
31 96 0.343
31 98 0.334
31 47 0.157
31 48 0.109
31 97 0.485
31 55 0.551
31 80 0.329
31 102 0.188
31 105 0.537
31 50 0.093
31 71 0.069
31 34 0.335
31 69 0.276
31 99 0.287
31 101 0.144
31 103 0.475
31 108 0.249
31 32 0.422
31 82 0.195
31 88 0.367
31 56 0.156
31 64 0.35
31 72 0.365
31 93 0.062
31 33 0.184
31 100 0.144
31 107 0.073
31 38 0.065
31 84 0.187
31 36 0.298
31 81 0.051
31 52 0.145
31 74 0.178
31 76 0.129
31 89 0.212
31 95 0.059
31 44 0.199
31 53 0.173
31 54 0.198
31 83 0.137
31 39 0.111
31 41 0.185
31 46 0.133
31 61 0.215
31 66 0.152
31 70 0.171
31 73 0.164
31 104 0.111
32 34 0.287
32 42 0.905
32 50 0.742
32 73 0.308
32 57 0.073
32 68 0.045
32 87 0.131
32 94 0.097
32 100 0.536
32 106 0.444
32 33 0.122
32 61 0.166
32 66 0.032
32 88 0.3
32 102 0.296
32 51 0.542
32 53 0.459
32 60 0.025
32 67 0.283
32 82 0.419
32 84 0.691
32 109 0.174
32 38 0.078
32 63 0.254
32 90 0.341
32 47 0.095
32 72 0.552
32 74 0.181
32 83 0.282
32 98 0.248
32 54 0.292
32 62 0.032
32 91 0.309
32 101 0.138
32 103 0.135
32 107 0.247
32 108 0.262
32 64 0.351
32 39 0.057
32 70 0.148
32 79 0.186
32 80 0.276
32 92 0.154
32 96 0.311
32 105 0.246
32 49 0.197
32 97 0.196
32 37 0.079
32 46 0.179
32 58 0.114
32 75 0.068
32 78 0.134
32 48 0.205
32 81 0.186
32 95 0.107
32 65 0.126
32 44 0.126
32 99 0.146
32 104 0.178
33 69 1
33 97 0.843
33 98 0.655
33 101 1
33 106 1
33 35 0.219
33 63 0.144
33 67 0.484
33 72 0.261
33 99 0.212
33 109 0.117
33 53 0.112
33 61 0.54
33 85 0.107
33 91 0.205
33 105 0.387
33 76 0.674
33 83 0.334
33 59 0.753
33 62 0.516
33 64 0.266
33 66 0.106
33 78 0.351
33 92 0.382
33 93 0.142
33 38 0.529
33 60 0.341
33 57 0.174
33 39 0.251
33 40 0.099
33 50 0.207
33 71 0.048
33 74 0.29
33 58 0.095
33 84 0.126
33 89 0.148
33 49 0.109
33 73 0.262
33 36 0.228
33 102 0.032
33 48 0.332
33 87 0.376
33 100 0.092
33 34 0.261
33 65 0.019
33 104 0.038
33 107 0.136
33 37 0.2
33 79 0.098
33 52 0.161
33 54 0.15
33 81 0.227
33 86 0.204
33 77 0.179
34 49 0.42
34 67 0.677
34 109 0.63
34 82 0.224
34 85 0.329
34 93 0.616
34 105 0.516
34 72 0.408
34 79 0.073
34 108 0.365
34 45 0.395
34 76 0.073
34 37 0.35
34 62 0.12
34 84 0.153
34 46 0.184
34 52 0.019
34 63 0.324
34 75 0.433
34 94 0.41
34 101 0.16
34 106 0.481
34 65 0.024
34 104 0.3
34 53 0.175
34 69 0.288
34 74 0.013
34 64 0.457
34 90 0.214
34 102 0.168
34 41 0.141
34 80 0.117
34 36 0.209
34 47 0.158
34 73 0.212
34 96 0.161
34 57 0.113
34 81 0.295
34 40 0.193
34 92 0.145
34 97 0.021
34 38 0.283
34 39 0.148
34 56 0.43
34 66 0.189
34 100 0.181
34 60 0.125
34 55 0.128
34 77 0.19
34 50 0.193
34 78 0.212
34 87 0.151
35 63 0.499
35 92 0.997
35 107 0.714
35 109 0.793
35 56 0.413
35 65 0.659
35 67 0.106
35 76 0.424
35 78 0.095
35 84 0.033
35 87 0.383
35 102 0.447
35 104 0.861
35 39 0.145
35 48 0.269
35 68 0.345
35 91 0.276
35 37 0.284
35 40 0.126
35 45 0.152
35 103 0.179
35 70 0.528
35 99 0.092
35 105 0.16
35 44 0.005
35 98 0.199
35 49 0.441
35 106 0.186
35 61 0.035
35 72 0.065
35 83 0.284
35 89 0.177
35 38 0.238
35 59 0.04
35 86 0.176
35 88 0.212
35 101 0.126
35 36 0.147
35 80 0.207
35 85 0.27
35 43 0.358
35 46 0.139
35 60 0.153
35 69 0.123
35 100 0.259
35 41 0.175
35 79 0.188
35 75 0.145
35 77 0.112
35 54 0.104
35 64 0.107
36 40 0.719
36 50 0.555
36 58 0.871
36 67 0.809
36 93 0.584
36 97 0.873
36 88 0.088
36 95 0.469
36 43 0.469
36 72 0.454
36 74 0.057
36 79 0.283
36 87 0.601
36 37 0.394
36 49 0.078
36 100 0.592
36 102 0.339
36 39 0.029
36 44 0.304
36 60 0.158
36 83 0.169
36 51 0.293
36 52 0.18
36 61 0.121
36 41 0.039
36 55 0.234
36 76 0.37
36 80 0.352
36 81 0.068
36 82 0.124
36 98 0.023
36 103 0.302
36 64 0.34
36 68 0.103
36 71 0.696
36 106 0.408
36 38 0.022
36 45 0.123
36 56 0.266
36 90 0.188
36 63 0.322
36 42 0.142
36 65 0.254
36 78 0.123
36 84 0.241
36 62 0.111
36 107 0.112
36 57 0.161
36 108 0.179
36 46 0.107
36 47 0.224
36 53 0.174
36 59 0.19
37 72 0.373
37 81 0.079
37 70 0.152
37 86 0.293
37 55 0.023
37 83 0.032
37 88 0.458
37 98 0.464
37 50 0.011
37 69 0.063
37 76 0.332
37 89 0.375
37 92 0.335
37 105 0.259
37 106 0.042
37 61 0.19
37 48 0.23
37 80 0.037
37 99 0.45
37 94 0.365
37 47 0.068
37 67 0.328
37 91 0.15
37 45 0.124
37 52 0.349
37 63 0.337
37 107 0.549
37 71 0.109
37 101 0.251
37 41 0.243
37 44 0.083
37 53 0.129
37 74 0.294
37 51 0.189
37 75 0.195
37 104 0.184
37 43 0.241
37 64 0.129
37 46 0.248
37 60 0.166
37 66 0.182
37 78 0.136
37 84 0.089
37 56 0.211
37 77 0.173
37 39 0.091
37 65 0.157
37 87 0.095
37 95 0.135
38 53 0.773
38 63 0.781
38 64 1
38 65 0.643
38 67 0.665
38 69 0.911
38 70 0.334
38 48 0.123
38 71 0.319
38 76 0.42
38 89 0.398
38 105 0.409
38 39 0.166
38 40 0.318
38 57 0.335
38 60 0.196
38 77 0.121
38 75 0.244
38 79 0.383
38 93 0.103
38 43 0.329
38 41 0.282
38 44 0.297
38 52 0.179
38 97 0.293
38 96 0.379
38 90 0.2
38 106 0.393
38 49 0.272
38 83 0.049
38 84 0.254
38 42 0.263
38 68 0.141
38 73 0.075
38 50 0.031
38 51 0.176
38 74 0.174
38 78 0.073
38 86 0.11
38 47 0.018
38 88 0.278
38 99 0.141
38 107 0.119
38 66 0.178
38 92 0.201
38 87 0.149
38 62 0.172
38 91 0.136
38 98 0.202
38 101 0.171
39 48 0.604
39 91 0.746
39 94 0.484
39 99 0.655
39 46 0.141
39 101 0.149
39 45 0.359
39 65 0.179
39 103 0.158
39 52 0.247
39 55 0.242
39 75 0.479
39 78 0.31
39 82 0.355
39 87 0.209
39 58 0.431
39 80 0.574
39 107 0.44
39 109 0.424
39 67 0.184
39 73 0.233
39 76 0.479
39 106 0.446
39 44 0.235
39 71 0.353
39 72 0.377
39 105 0.11
39 108 0.461
39 104 0.293
39 70 0.138
39 85 0.098
39 93 0.031
39 102 0.011
39 81 0.204
39 60 0.088
39 62 0.055
39 88 0.045
39 43 0.138
39 50 0.052
39 96 0.518
39 90 0.013
39 68 0.265
39 64 0.134
39 77 0.032
39 59 0.174
39 79 0.149
39 89 0.203
40 69 0.952
40 72 0.775
40 91 0.884
40 41 0.547
40 48 0.31
40 62 0.345
40 67 0.385
40 57 0.612
40 45 0.211
40 68 0.72
40 76 0.136
40 59 0.18
40 107 0.023
40 52 0.484
40 65 0.059
40 92 0.436
40 102 0.49
40 97 0.098
40 58 0.13
40 83 0.068
40 103 0.288
40 54 0.301
40 75 0.107
40 90 0.316
40 93 0.315
40 94 0.12
40 44 0.285
40 42 0.296
40 63 0.287
40 78 0.268
40 70 0.237
40 82 0.255
40 56 0.256
40 77 0.184
40 95 0.274
40 100 0.342
40 109 0.388
40 55 0.199
40 80 0.119
40 46 0.064
40 66 0.155
40 89 0.057
40 50 0.152
40 81 0.167
40 86 0.166
40 87 0.021
40 101 0.165
40 64 0.183
40 106 0.171
40 47 0.131
40 71 0.145
40 84 0.162
40 104 0.144
41 43 0.787
41 45 0.54
41 64 1
41 95 0.938
41 98 0.407
41 82 0.182
41 89 0.156
41 104 0.08
41 105 0.159
41 107 0.354
41 81 0.214
41 102 0.693
41 99 0.181
41 66 0.439
41 61 0.638
41 80 0.072
41 101 0.054
41 58 0.18
41 68 0.224
41 83 0.136
41 97 0.116
41 50 0.36
41 85 0.138
41 42 0.151
41 49 0.149
41 56 0.129
41 93 0.365
41 57 0.004
41 74 0.007
41 88 0.405
41 51 0.269
41 73 0.146
41 86 0.232
41 94 0.022
41 108 0.232
41 62 0.329
41 69 0.233
41 48 0.11
41 59 0.023
41 92 0.102
41 53 0.015
41 67 0.041
41 63 0.297
41 77 0.146
41 70 0.088
41 55 0.128
41 44 0.166
41 76 0.178
41 109 0.161
42 81 1
42 90 0.97
42 46 0.183
42 50 0.089
42 51 0.579
42 61 0.236
42 79 0.12
42 106 0.224
42 60 0.397
42 64 0.025
42 75 0.148
42 78 0.571
42 66 0.237
42 73 0.173
42 87 0.036
42 105 0.163
42 43 0.385
42 47 0.217
42 71 0.124
42 77 0.131
42 55 0.247
42 59 0.408
42 93 0.424
42 54 0.294
42 63 0.743
42 109 0.449
42 67 0.105
42 97 0.189
42 68 0.143
42 86 0.281
42 102 0.083
42 56 0.073
42 62 0.293
42 76 0.045
42 44 0.297
42 57 0.143
42 58 0.095
42 98 0.147
42 49 0.097
42 89 0.153
42 80 0.309
42 69 0.39
42 103 0.121
42 83 0.172
42 88 0.171
43 51 0.712
43 70 0.8
43 83 0.926
43 91 0.766
43 93 0.785
43 60 0.023
43 74 0.444
43 81 0.52
43 85 0.342
43 89 0.084
43 98 0.187
43 49 0.3
43 76 0.153
43 78 0.481
43 103 0.232
43 88 0.519
43 108 0.411
43 56 0.126
43 57 0.31
43 65 0.356
43 68 0.312
43 90 0.246
43 104 0.157
43 79 0.166
43 105 0.039
43 75 0.381
43 95 0.18
43 106 0.192
43 54 0.143
43 72 0.292
43 99 0.108
43 59 0.287
43 67 0.339
43 84 0.176
43 97 0.313
43 46 0.081
43 82 0.118
43 100 0.145
43 53 0.238
43 71 0.426
43 73 0.16
43 77 0.153
43 94 0.208
43 96 0.151
43 101 0.133
43 45 0.127
43 52 0.104
43 61 0.137
43 62 0.146
44 65 0.731
44 67 0.905
44 78 1
44 81 0.692
44 88 1
44 90 0.513
44 101 0.865
44 49 0.373
44 59 0.2
44 61 0.376
44 69 0.061
44 82 0.4
44 87 0.509
44 45 0.652
44 60 0.946
44 104 0.188
44 106 0.464
44 66 0.236
44 76 0.382
44 102 0.316
44 105 0.305
44 53 0.419
44 97 0.441
44 56 0.393
44 57 0.128
44 68 0.186
44 73 0.122
44 91 0.151
44 95 0.286
44 103 0.073
44 58 0.158
44 51 0.387
44 96 0.105
44 52 0.071
44 107 0.141
44 109 0.865
44 99 0.154
44 89 0.354
44 74 0.13
44 71 0.086
44 77 0.131
44 72 0.488
44 46 0.017
44 92 0.125
44 93 0.109
44 50 0.164
44 54 0.11
44 84 0.169
44 108 0.134
45 50 0.838
45 53 0.376
45 88 0.722
45 92 0.525
45 108 0.772
45 64 0.39
45 93 0.33
45 100 0.036
45 105 0.497
45 49 0.304
45 59 0.263
45 62 0.234
45 66 0.113
45 68 0.174
45 89 0.352
45 60 0.136
45 67 0.065
45 82 0.207
45 106 0.164
45 69 0.305
45 86 0.082
45 99 0.153
45 103 0.007
45 63 0.3
45 83 0.222
45 51 0.287
45 91 0.387
45 107 0.207
45 70 0.005
45 76 0.189
45 95 0.063
45 56 0.095
45 79 0.002
45 97 0.175
45 72 0.021
45 52 0.038
45 58 0.383
45 65 0.178
45 94 0.16
45 109 0.179
45 73 0.056
45 102 0.185
45 47 0.106
45 74 0.15
45 75 0.182
45 85 0.187
45 48 0.295
45 98 0.109
45 101 0.071
45 46 0.182
45 81 0.137
45 87 0.159
45 104 0.107
46 56 0.42
46 64 0.676
46 89 1
46 77 0.521
46 78 0.431
46 81 0.484
46 94 0.221
46 59 0.181
46 61 0.3
46 67 0.125
46 83 0.181
46 92 0.205
46 102 0.09
46 105 0.051
46 69 0.115
46 55 0.254
46 58 0.197
46 100 0.301
46 101 0.644
46 57 0.523
46 74 0.598
46 109 0.387
46 48 0.101
46 68 0.917
46 70 0.207
46 72 0.108
46 98 0.369
46 107 0.047
46 87 0.03
46 95 0.554
46 106 0.129
46 79 0.018
46 96 0.163
46 97 0.346
46 51 0.409
46 54 0.067
46 80 0.049
46 52 0.037
46 103 0.113
46 93 0.079
46 63 0.287
46 88 0.361
46 75 0.279
46 60 0.172
46 66 0.101
46 71 0.177
46 76 0.26
46 86 0.157
46 108 0.187
47 57 0.258
47 55 0.347
47 58 0.209
47 65 0.039
47 80 0.367
47 97 0.702
47 51 0.073
47 74 0.072
47 52 0.174
47 88 0.636
47 92 0.347
47 95 0.382
47 99 0.569
47 53 0.077
47 83 0.338
47 108 0.073
47 60 0.087
47 63 0.126
47 71 0.054
47 104 0.143
47 82 0.116
47 89 0.382
47 109 0.133
47 91 0.45
47 64 0.489
47 90 0.118
47 98 0.138
47 106 0.309
47 66 0.222
47 75 0.207
47 94 0.098
47 59 0.086
47 62 0.34
47 79 0.306
47 84 0.3
47 105 0.038
47 85 0.158
47 86 0.265
47 102 0.124
47 48 0.182
47 72 0.332
47 96 0.226
47 93 0.124
47 56 0.145
47 68 0.125
47 69 0.121
47 73 0.156
47 67 0.184
48 68 0.321
48 96 0.508
48 109 0.37
48 72 0.081
48 90 0.305
48 52 0.884
48 55 0.392
48 63 0.163
48 65 0.237
48 66 0.136
48 67 0.332
48 79 0.364
48 80 0.39
48 107 0.283
48 59 0.302
48 62 0.294
48 70 0.188
48 81 0.02
48 77 0.077
48 85 0.085
48 87 0.659
48 103 0.391
48 51 0.173
48 84 0.153
48 86 0.309
48 71 0.182
48 95 0.302
48 53 0.433
48 83 0.062
48 97 0.141
48 54 0.219
48 69 0.18
48 99 0.088
48 78 0.208
48 93 0.305
48 102 0.156
48 105 0.216
48 108 0.102
48 104 0.212
48 60 0.29
48 76 0.114
48 94 0.036
48 75 0.338
48 106 0.206
48 100 0.141
48 73 0.13
49 52 0.649
49 57 0.676
49 70 0.766
49 71 0.706
49 82 0.457
49 104 0.214
49 72 0.22
49 93 0.005
49 60 0.073
49 79 0.542
49 83 0.36
49 100 0.351
49 105 0.372
49 75 0.16
49 76 0.525
49 56 0.448
49 61 0.488
49 86 0.04
49 77 0.288
49 102 0.37
49 51 0.39
49 87 0.422
49 99 0.304
49 109 0.274
49 50 0.218
49 59 0.186
49 101 0.085
49 65 0.314
49 69 0.523
49 84 0.108
49 91 0.282
49 108 0.134
49 107 0.311
49 62 0.254
49 66 0.13
49 85 0.075
49 103 0.33
49 80 0.197
49 81 0.32
49 68 0.216
49 78 0.121
49 98 0.171
50 66 0.758
50 76 0.394
50 82 1.0
50 88 0.65
50 91 0.091
50 74 0.165
50 90 0.565
50 65 0.04
50 67 0.002
50 93 0.35
50 98 0.453
50 61 0.438
50 58 0.314
50 84 0.263
50 101 0.231
50 106 0.24
50 75 0.505
50 81 0.175
50 83 0.372
50 109 0.098
50 103 0.012
50 56 0.082
50 100 0.483
50 53 0.167
50 63 0.323
50 57 0.19
50 68 0.334
50 70 0.03
50 87 0.171
50 59 0.296
50 62 0.131
50 94 0.117
50 51 0.136
50 55 0.113
50 73 0.037
50 85 0.268
50 97 0.242
50 69 0.124
50 104 0.091
50 105 0.144
50 108 0.331
50 102 0.273
51 53 0.913
51 74 0.706
51 78 0.929
51 101 0.863
51 75 0.289
51 55 0.167
51 80 0.14
51 84 0.041
51 59 0.155
51 69 0.062
51 91 0.219
51 94 0.503
51 64 0.269
51 79 0.25
51 90 0.469
51 92 0.432
51 65 0.027
51 95 0.039
51 103 0.389
51 63 0.492
51 82 0.49
51 104 0.417
51 83 0.365
51 106 0.287
51 60 0.043
51 54 0.126
51 72 0.077
51 68 0.284
51 86 0.149
51 57 0.088
51 87 0.112
51 98 0.507
51 61 0.127
51 105 0.179
51 71 0.138
51 76 0.13
51 85 0.158
51 81 0.117
51 89 0.135
51 93 0.182
51 109 0.166
52 61 0.748
52 72 0.842
52 83 0.887
52 98 0.604
52 100 0.735
52 101 0.789
52 62 0.501
52 70 0.179
52 71 0.396
52 89 0.519
52 90 0.564
52 102 0.219
52 109 0.199
52 74 0.368
52 79 0.716
52 75 0.252
52 84 0.459
52 80 0.202
52 82 0.191
52 96 0.12
52 60 0.274
52 67 0.231
52 99 0.262
52 103 0.179
52 66 0.002
52 68 0.301
52 65 0.467
52 107 0.376
52 93 0.145
52 58 0.032
52 73 0.06
52 87 0.128
52 91 0.259
52 95 0.125
52 77 0.067
52 85 0.124
52 69 0.213
52 63 0.066
52 86 0.264
52 104 0.322
52 55 0.217
52 88 0.137
52 97 0.103
53 60 0.794
53 69 0.242
53 83 0.769
53 103 0.658
53 55 0.27
53 59 0.3
53 101 0.731
53 64 0.018
53 78 0.174
53 108 0.328
53 61 0.188
53 67 0.021
53 75 0.25
53 80 0.195
53 96 0.121
53 109 0.297
53 106 0.465
53 68 0.291
53 84 0.37
53 63 0.196
53 72 0.043
53 97 0.279
53 65 0.166
53 99 0.361
53 62 0.302
53 57 0.376
53 74 0.12
53 91 0.138
53 54 0.334
53 89 0.199
53 102 0.019
53 77 0.082
53 87 0.134
53 98 0.206
53 85 0.278
53 90 0.047
53 70 0.161
53 82 0.081
53 104 0.195
53 94 0.27
53 93 0.141
53 71 0.148
53 88 0.138
54 56 0.702
54 61 1
54 72 0.789
54 74 0.767
54 93 0.182
54 95 0.666
54 65 0.26
54 75 0.21
54 86 0.132
54 89 0.278
54 90 0.324
54 92 0.055
54 99 0.184
54 83 0.294
54 97 0.257
54 101 0.07
54 108 0.284
54 55 0.377
54 77 0.311
54 79 0.266
54 103 0.236
54 57 0.043
54 60 0.152
54 63 0.332
54 80 0.727
54 84 0.312
54 58 0.35
54 76 0.184
54 59 0.374
54 71 0.213
54 87 0.103
54 91 0.009
54 94 0.205
54 98 0.233
54 105 0.194
54 106 0.16
54 81 0.013
54 96 0.085
54 104 0.256
54 100 0.344
54 109 0.314
54 82 0.372
54 62 0.178
54 64 0.298
55 59 0.599
55 63 0.859
55 77 0.892
55 82 0.743
55 83 0.725
55 87 1
55 99 0.569
55 108 1
55 76 0.347
55 98 0.197
55 91 0.215
55 73 0.289
55 75 0.474
55 90 0.149
55 58 0.501
55 94 0.389
55 86 0.271
55 92 0.517
55 105 0.627
55 109 0.315
55 68 0.074
55 56 0.106
55 81 0.092
55 71 0.008
55 106 0.309
55 74 0.122
55 80 0.016
55 93 0.189
55 96 0.226
55 97 0.256
55 66 0.261
55 70 0.197
55 102 0.146
55 78 0.226
55 107 0.153
55 95 0.159
55 60 0.174
56 78 0.852
56 83 0.848
56 92 0.845
56 65 0.767
56 75 0.002
56 101 0.311
56 107 0.022
56 74 0.343
56 77 0.292
56 66 0.335
56 85 0.393
56 58 0.51
56 97 0.288
56 99 0.057
56 69 0.065
56 86 0.08
56 96 0.185
56 73 0.179
56 87 0.274
56 64 0.269
56 94 0.052
56 102 0.245
56 105 0.337
56 106 0.095
56 60 0.579
56 63 0.436
56 82 0.21
56 100 0.197
56 89 0.095
56 67 0.15
56 76 0.179
56 98 0.25
56 62 0.141
56 61 0.106
56 59 0.136
56 90 0.164
56 93 0.158
57 94 0.582
57 105 0.792
57 63 0.324
57 90 0.677
57 91 0.506
57 58 0.171
57 62 0.167
57 75 0.309
57 77 0.017
57 81 0.27
57 97 0.186
57 107 0.541
57 82 0.135
57 84 0.165
57 102 0.292
57 104 0.207
57 108 0.067
57 61 0.167
57 67 0.219
57 83 0.231
57 100 0.268
57 109 0.242
57 59 0.337
57 60 0.301
57 88 0.396
57 86 0.13
57 64 0.257
57 65 0.327
57 72 0.104
57 79 0.071
57 73 0.251
57 80 0.152
57 92 0.054
57 99 0.267
57 89 0.293
57 96 0.149
57 103 0.169
57 85 0.269
57 78 0.148
57 93 0.187
57 98 0.162
58 69 0.907
58 74 0.554
58 59 0.184
58 64 0.254
58 68 0.361
58 70 0.135
58 81 0.347
58 104 0.356
58 73 0.271
58 63 0.106
58 101 0.426
58 72 0.457
58 78 0.2
58 65 0.192
58 89 0.149
58 107 0.256
58 66 0.179
58 96 0.203
58 109 0.274
58 95 0.167
58 108 0.54
58 77 0.129
58 83 0.311
58 103 0.101
58 62 0.167
58 75 0.286
58 98 0.174
58 76 0.195
58 82 0.172
58 105 0.129
58 71 0.166
58 86 0.134
58 90 0.11
58 80 0.162
59 61 0.979
59 64 0.833
59 75 0.494
59 85 0.3
59 102 1
59 63 0.355
59 65 0.195
59 87 0.154
59 97 0.105
59 99 0.023
59 71 0.329
59 84 0.752
59 88 0.33
59 76 0.372
59 94 0.17
59 108 0.391
59 67 0.208
59 72 0.058
59 106 0.128
59 60 0.012
59 70 0.209
59 74 0.064
59 68 0.18
59 81 0.569
59 98 0.452
59 78 0.218
59 105 0.368
59 107 0.216
59 109 0.187
59 77 0.245
59 69 0.073
59 90 0.108
59 73 0.119
59 79 0.429
59 82 0.081
59 95 0.248
59 100 0.223
59 62 0.147
59 92 0.163
59 104 0.25
59 66 0.186
59 83 0.101
60 71 0.612
60 73 0.613
60 81 0.642
60 70 0.316
60 109 0.54
60 93 0.209
60 102 0.024
60 86 0.248
60 94 0.261
60 100 0.43
60 98 0.297
60 104 0.37
60 74 0.097
60 79 0.363
60 80 0.644
60 107 0.115
60 95 0.642
60 96 0.255
60 62 0.321
60 92 0.152
60 84 0.44
60 83 0.048
60 89 0.259
60 101 0.196
60 106 0.153
60 103 0.258
60 77 0.35
60 82 0.049
60 87 0.147
60 97 0.224
60 75 0.008
60 91 0.228
60 99 0.328
60 68 0.269
60 88 0.2
60 66 0.388
60 69 0.142
60 85 0.304
60 76 0.085
61 82 0.909
61 68 0.135
61 93 0.37
61 74 0.716
61 97 0.246
61 98 0.062
61 101 0.455
61 108 0.237
61 86 0.112
61 100 0.401
61 78 0.118
61 80 0.16
61 84 0.187
61 69 0.265
61 77 0.38
61 79 0.033
61 62 0.375
61 64 0.375
61 88 0.162
61 92 0.203
61 95 0.501
61 102 0.191
61 105 0.301
61 65 0.212
61 85 0.351
61 103 0.129
61 63 0.074
61 87 0.074
61 81 0.058
61 94 0.117
61 83 0.169
61 107 0.218
61 106 0.037
61 109 0.182
61 71 0.177
61 75 0.078
61 99 0.144
61 66 0.151
62 100 1
62 72 0.244
62 84 0.78
62 88 0.039
62 101 0.027
62 76 0.327
62 79 0.257
62 71 0.489
62 73 0.142
62 96 0.315
62 102 0.459
62 75 0.49
62 82 0.168
62 90 0.169
62 64 0.336
62 67 0.425
62 78 0.113
62 91 0.188
62 92 0.104
62 69 0.098
62 103 0.119
62 107 0.365
62 65 0.276
62 63 0.246
62 81 0.038
62 93 0.046
62 105 0.386
62 74 0.434
62 89 0.241
62 66 0.315
62 104 0.128
62 109 0.086
62 70 0.188
62 97 0.367
62 108 0.195
63 69 0.685
63 72 0.965
63 85 0.919
63 92 0.6
63 108 0.541
63 78 0.537
63 96 0.343
63 103 0.411
63 68 0.322
63 95 0.241
63 86 0.131
63 101 0.571
63 77 0.66
63 89 0.45
63 90 0.199
63 91 0.201
63 64 0.323
63 105 0.076
63 73 0.003
63 81 0.52
63 107 0.145
63 71 0.121
63 102 0.259
63 104 0.495
63 93 0.086
63 83 0.088
63 97 0.125
63 75 0.077
63 76 0.24
63 70 0.126
63 79 0.207
63 106 0.291
63 87 0.142
63 100 0.102
64 74 0.788
64 76 1
64 90 0.721
64 94 0.539
64 99 0.75
64 71 0.39
64 77 0.344
64 109 0.225
64 75 0.721
64 81 0.287
64 102 0.729
64 82 0.566
64 103 0.979
64 98 0.096
64 107 0.244
64 87 0.657
64 96 0.36
64 104 0.498
64 83 0.499
64 91 0.338
64 66 0.249
64 97 0.118
64 106 0.087
64 78 0.081
64 68 0.293
64 86 0.37
64 105 0.118
64 72 0.029
64 84 0.207
64 69 0.16
64 85 0.125
64 108 0.198
64 67 0.158
64 92 0.302
64 93 0.012
64 100 0.168
64 88 0.158
65 66 1
65 75 1
65 88 1
65 85 0.213
65 106 0.798
65 86 0.358
65 107 0.39
65 67 0.447
65 104 0.911
65 78 0.293
65 87 0.732
65 71 0.417
65 72 0.148
65 98 0.362
65 70 0.27
65 96 0.173
65 99 0.637
65 69 0.179
65 83 0.038
65 89 0.246
65 93 0.021
65 102 0.63
65 82 0.587
65 84 0.366
65 109 0.094
65 92 0.264
65 97 0.238
65 81 0.176
65 103 0.007
65 90 0.144
65 91 0.394
65 76 0.255
65 77 0.136
65 80 0.149
65 95 0.148
65 100 0.117
65 101 0.149
65 79 0.112
66 86 0.832
66 99 0.638
66 97 0.011
66 104 0.311
66 71 0.314
66 76 0.398
66 95 0.179
66 103 0.338
66 84 0.205
66 108 0.229
66 83 0.112
66 109 0.278
66 96 0.378
66 98 0.251
66 68 0.25
66 72 0.24
66 80 0.818
66 81 0.08
66 88 0.236
66 70 0.191
66 93 0.151
66 102 0.035
66 92 0.32
66 91 0.169
66 101 0.12
66 69 0.115
66 107 0.073
66 78 0.199
66 79 0.161
66 94 0.106
67 72 1
67 75 0.887
67 86 0.976
67 92 0.736
67 68 0.184
67 91 0.461
67 71 0.463
67 101 0.116
67 90 0.077
67 73 0.216
67 97 0.174
67 100 0.459
67 78 0.108
67 80 0.341
67 77 0.19
67 81 0.168
67 109 0.281
67 87 0.413
67 103 0.506
67 106 0.274
67 70 0.184
67 83 0.155
67 84 0.554
67 89 0.207
67 95 0.03
67 98 0.163
67 69 0.136
67 85 0.329
67 94 0.003
67 88 0.176
67 108 0.158
68 70 0.351
68 80 0.87
68 71 0.199
68 75 0.702
68 78 0.321
68 94 0.496
68 100 0.405
68 105 0.364
68 108 0.117
68 88 0.172
68 81 0.431
68 91 0.362
68 90 0.023
68 107 0.11
68 89 0.139
68 97 0.257
68 69 0.13
68 109 0.012
68 85 0.255
68 98 0.063
68 76 0.367
68 83 0.045
68 87 0.352
68 74 0.165
68 82 0.156
68 102 0.06
68 79 0.062
68 99 0.324
68 84 0.181
68 106 0.22
69 86 0.728
69 87 0.914
69 91 0.93
69 96 0.79
69 104 0.501
69 88 0.31
69 93 0.493
69 74 0.168
69 81 0.442
69 92 0.333
69 100 0.423
69 106 0.71
69 107 0.015
69 83 0.314
69 95 0.427
69 76 0.238
69 97 0.184
69 103 0.42
69 102 0.434
69 90 0.262
69 105 0.172
69 70 0.062
69 75 0.141
69 85 0.266
69 109 0.16
69 80 0.325
69 84 0.052
69 98 0.121
69 101 0.279
69 79 0.26
70 96 0.829
70 86 0.196
70 92 0.067
70 94 0.242
70 108 0.24
70 72 0.742
70 77 0.135
70 87 0.19
70 93 0.05
70 99 0.344
70 107 0.298
70 84 0.136
70 101 0.245
70 71 0.033
70 97 0.331
70 74 0.237
70 88 0.017
70 95 0.38
70 91 0.139
70 109 0.356
70 106 0.235
70 103 0.153
70 100 0.09
70 76 0.125
70 82 0.168
70 89 0.175
71 74 0.699
71 76 0.675
71 87 0.651
71 90 0.935
71 103 0.677
71 91 0.549
71 88 0.19
71 99 0.859
71 107 0.215
71 73 0.031
71 89 0.297
71 75 0.422
71 78 0.269
71 109 0.173
71 79 0.221
71 101 0.128
71 80 0.306
71 94 0.216
71 97 0.229
71 98 0.216
71 81 0.006
71 82 0.254
71 83 0.123
71 106 0.295
71 86 0.053
72 81 0.991
72 82 0.986
72 101 0.915
72 103 0.736
72 96 0.194
72 75 0.245
72 79 0.237
72 107 0.119
72 83 0.511
72 100 0.239
72 86 0.145
72 74 0.107
72 89 0.114
72 102 0.124
72 108 0.326
72 85 0.752
72 76 0.309
72 109 0.13
72 77 0.509
72 88 0.022
72 91 0.149
72 92 0.266
72 78 0.155
72 99 0.038
72 90 0.022
72 73 0.139
73 109 0.417
73 83 0.581
73 99 0.404
73 107 0.14
73 86 0.617
73 87 0.714
73 100 0.302
73 74 0.049
73 77 0.567
73 102 0.577
73 80 0.517
73 85 0.421
73 79 0.41
73 75 0.295
73 93 0.391
73 76 0.389
73 103 0.053
73 106 0.229
73 108 0.068
73 95 0.058
73 94 0.055
73 82 0.137
73 89 0.445
73 97 0.248
73 92 0.1
73 84 0.106
73 88 0.117
73 101 0.126
73 104 0.13
74 89 0.771
74 98 0.43
74 75 0.473
74 76 0.249
74 91 0.324
74 104 0.583
74 77 0.323
74 79 0.062
74 81 0.583
74 94 0.145
74 96 0.429
74 107 0.324
74 101 0.479
74 90 0.123
74 100 0.237
74 108 0.442
74 88 0.221
74 95 0.276
74 105 0.201
74 86 0.029
74 106 0.346
74 97 0.087
74 102 0.193
74 80 0.022
74 109 0.276
74 92 0.143
74 93 0.205
74 82 0.13
75 84 0.415
75 106 0.56
75 89 0.163
75 87 0.346
75 97 0.269
75 100 0.451
75 105 0.214
75 104 0.256
75 93 0.262
75 76 0.212
75 79 0.242
75 90 0.324
75 108 0.082
75 109 0.368
75 80 0.094
75 91 0.29
75 86 0.102
75 77 0.157
75 94 0.14
76 78 0.959
76 90 0.805
76 102 1
76 87 0.51
76 96 0.329
76 98 0.502
76 106 0.06
76 93 0.353
76 108 0.241
76 77 0.314
76 97 0.19
76 82 0.091
76 85 0.742
76 105 0.536
76 83 0.033
76 95 0.069
76 81 0.058
76 88 0.325
76 94 0.128
76 104 0.294
76 101 0.197
76 89 0.204
76 100 0.12
76 103 0.023
76 80 0.147
77 82 0.48
77 86 0.907
77 83 0.369
77 102 0.402
77 108 0.351
77 94 0.475
77 95 0.552
77 100 0.2
77 92 0.36
77 106 0.198
77 79 0.135
77 81 0.232
77 105 0.121
77 109 0.379
77 89 0.768
77 104 0.016
77 97 0.568
77 78 0.014
77 101 0.228
77 84 0.416
77 87 0.11
77 96 0.374
77 107 0.135
77 91 0.117
78 90 0.789
78 96 0.771
78 104 0.833
78 108 0.972
78 99 0.081
78 103 0.393
78 87 0.309
78 92 0.523
78 95 0.043
78 94 0.143
78 86 0.299
78 81 0.286
78 84 0.233
78 88 0.222
78 85 0.099
78 101 0.082
78 93 0.273
78 106 0.295
78 107 0.116
78 79 0.111
78 98 0.127
79 106 0.61
79 95 0.181
79 98 0.165
79 102 0.356
79 85 0.365
79 100 0.471
79 88 0.258
79 97 0.217
79 92 0.641
79 99 0.463
79 103 0.113
79 109 0.394
79 104 0.425
79 108 0.17
79 80 0.221
79 89 0.556
79 101 0.079
79 93 0.146
79 86 0.132
79 83 0.035
79 107 0.079
79 96 0.158
79 81 0.073
79 84 0.084
79 90 0.181
80 81 0.672
80 100 0.327
80 93 0.129
80 104 0.318
80 91 0.338
80 95 0.2
80 102 0.155
80 105 0.138
80 88 0.016
80 107 0.252
80 83 0.118
80 94 0.115
80 92 0.269
80 99 0.164
80 96 0.533
80 84 0.008
80 82 0.184
80 87 0.101
80 97 0.336
80 86 0.15
80 109 0.15
81 88 0.857
81 99 0.332
81 90 0.117
81 85 0.2
81 107 0.155
81 95 0.399
81 86 0.09
81 92 0.237
81 98 0.356
81 82 0.147
81 101 0.11
81 89 0.386
81 91 0.278
81 94 0.345
81 96 0.292
81 105 0.311
81 100 0.175
82 91 0.702
82 108 0.701
82 98 0.036
82 99 0.229
82 109 0.022
82 92 0.371
82 100 0.153
82 107 0.083
82 83 0.097
82 104 0.106
82 85 0.201
82 94 0.02
82 103 0.213
82 106 0.109
82 86 0.016
82 84 0.185
82 95 0.226
82 87 0.012
82 97 0.335
82 102 0.172
82 89 0.117
82 101 0.112
82 105 0.127
83 88 0.991
83 91 0.721
83 85 0.046
83 87 0.392
83 89 0.274
83 108 0.35
83 92 0.355
83 98 0.785
83 84 0.154
83 94 0.796
83 107 0.035
83 102 0.389
83 96 0.008
83 97 0.453
83 86 0.036
83 90 0.117
83 103 0.48
83 99 0.066
83 109 0.118
83 93 0.145
83 100 0.163
84 101 0.619
84 89 0.35
84 90 0.068
84 85 0.562
84 97 0.137
84 98 0.198
84 99 0.574
84 107 0.348
84 92 0.404
84 100 0.122
84 91 0.09
84 102 0.193
84 96 0.338
84 88 0.127
84 106 0.08
84 105 0.114
84 109 0.15
84 103 0.041
84 93 0.208
84 86 0.033
84 104 0.175
85 92 0.3
85 95 0.871
85 97 0.706
85 99 0.722
85 88 0.544
85 87 0.231
85 104 0.407
85 106 0.253
85 91 0.043
85 100 0.189
85 105 0.254
85 86 0.141
85 93 0.154
85 107 0.205
85 109 0.004
85 98 0.185
85 102 0.057
85 103 0.125
86 89 0.958
86 98 0.913
86 87 0.234
86 103 0.174
86 95 0.344
86 104 0.437
86 105 0.073
86 88 0.396
86 93 0.169
86 102 0.2
86 94 0.209
86 109 0.504
86 96 0.356
86 101 0.054
86 108 0.183
86 106 0.366
86 107 0.285
86 90 0.174
86 99 0.172
86 91 0.18
86 92 0.191
87 93 0.745
87 104 0.398
87 108 1
87 94 0.636
87 106 0.039
87 105 0.053
87 107 0.295
87 101 0.212
87 98 0.013
87 92 0.431
87 91 0.459
87 109 0.037
87 102 0.145
87 96 0.106
87 99 0.195
87 88 0.38
88 104 0.908
88 102 0.652
88 106 0.203
88 94 0.304
88 90 0.405
88 101 0.341
88 108 0.075
88 109 0.042
88 98 0.204
88 105 0.111
88 99 0.154
88 95 0.166
88 103 0.056
88 91 0.18
88 107 0.144
88 92 0.095
89 106 0.398
89 105 0.222
89 95 0.394
89 104 0.24
89 108 0.096
89 100 0.001
89 97 0.08
89 101 0.176
89 90 0.147
89 93 0.103
89 96 0.128
89 103 0.345
89 109 0.199
89 92 0.172
89 107 0.136
90 102 1
90 103 0.958
90 94 0.815
90 98 0.561
90 93 0.214
90 106 0.311
90 97 0.138
90 109 0.028
90 101 0.04
90 105 0.167
90 95 0.133
90 104 0.22
90 107 0.166
91 99 0.269
91 105 0.173
91 107 0.043
91 98 0.251
91 92 0.2
91 95 0.328
91 104 0.148
91 97 0.141
91 102 0.087
91 93 0.354
92 99 0.602
92 98 0.679
92 101 0.289
92 108 0.111
92 109 0.074
92 106 0.133
92 103 0.527
92 107 0.239
92 97 0.246
92 100 0.381
92 96 0.147
92 93 0.258
92 104 0.031
92 95 0.12
92 102 0.088
92 105 0.099
93 96 0.777
93 101 0.977
93 94 0.582
93 98 0.786
93 104 0.123
93 99 0.272
93 105 0.351
93 103 0.38
93 108 0.267
93 102 0.155
93 109 0.275
93 107 0.128
93 100 0.153
94 105 0.199
94 99 0.402
94 108 0.228
94 98 0.396
94 103 0.205
94 97 0.302
94 100 0.274
94 102 0.183
94 96 0.354
94 106 0.144
94 107 0.151
95 97 0.935
95 100 0.888
95 109 0.865
95 98 0.243
95 104 0.065
95 99 0.481
95 101 0.882
95 102 0.267
95 103 0.056
95 96 0.195
95 106 0.119
95 105 0.129
95 108 0.12
96 101 0.99
96 106 0.36
96 108 0.042
96 107 0.602
96 98 0.258
96 105 0.218
96 109 0.245
96 99 0.207
96 104 0.341
96 100 0.267
97 105 0.071
97 101 0.369
97 103 0.262
97 102 0.176
97 104 0.261
97 109 0.161
97 98 0.2
97 107 0.301
97 100 0.116
97 99 0.299
97 106 0.192
97 108 0.062
98 100 0.121
98 105 0.558
98 109 0.309
98 108 0.08
98 102 0.311
98 106 0.196
98 103 0.208
99 101 0.342
99 105 0.028
99 108 0.408
99 109 0.005
99 104 0.27
99 106 0.359
99 100 0.403
99 107 0.366
99 102 0.159
100 104 0.12
100 105 0.419
100 101 0.138
100 108 0.294
100 102 0.129
100 109 0.114
100 103 0.155
101 102 0.274
101 106 0.041
101 107 0.108
101 109 0.248
101 108 0.109
101 103 0.118
102 103 0.614
102 104 0.332
102 108 0.157
102 109 0.551
102 107 0.297
103 105 0.164
103 109 0.192
103 108 0.215
103 106 0.237
104 108 0.309
104 106 0.137
104 107 0.156
104 109 0.154
105 108 0.134
105 106 0.047
106 109 0.148
106 107 0.379
106 108 0.421
107 109 0.067
107 108 0.136
108 109 0.198
