0 72 0.504
0 20 0.722
0 32 0.889
0 103 1
0 46 0.881
0 42 0.54
0 47 0.916
0 25 0.81
0 39 0.764
0 91 0.644
0 69 0.683
0 77 0.912
0 74 0.092
0 82 0.278
0 18 0.132
0 24 0.097
0 26 0.062
0 52 0.154
0 64 0.222
0 8 0.155
0 58 0.198
0 75 0.11
0 76 0.058
0 10 0.162
0 40 0.106
0 90 0.079
0 2 0.25
0 16 0.089
0 28 0.259
0 38 0.174
0 43 0.175
0 88 0.258
0 102 0.175
0 6 0.133
0 13 0.29
0 15 0.155
0 30 0.223
0 45 0.105
0 48 0.145
0 55 0.164
0 57 0.368
0 62 0.124
0 68 0.169
0 71 0.167
0 78 0.195
0 89 0.108
0 101 0.196
0 104 0.165
0 107 0.231
0 3 0.175
0 12 0.191
0 14 0.185
0 17 0.214
0 19 0.155
0 22 0.098
0 23 0.164
0 31 0.136
0 33 0.198
0 34 0.144
0 37 0.14
0 53 0.177
0 56 0.173
0 59 0.202
0 60 0.134
0 70 0.18
0 80 0.116
0 83 0.146
0 84 0.107
0 87 0.172
0 92 0.176
0 94 0.132
0 97 0.122
0 105 0.157
0 106 0.134
0 108 0.149
0 109 0.106
1 61 1
1 81 0.943
1 59 0.761
1 44 0.963
1 11 0.751
1 7 0.471
1 103 0.664
1 68 0.971
1 76 0.891
1 42 0.87
1 5 0.101
1 31 0.084
1 77 0.138
1 91 0.35
1 8 0.111
1 36 0.188
1 60 0.39
1 95 0.23
1 41 0.163
1 55 0.164
1 71 0.456
1 107 0.094
1 38 0.226
1 63 0.166
1 66 0.013
1 79 0.141
1 84 0.176
1 2 0.153
1 6 0.173
1 17 0.209
1 28 0.053
1 37 0.134
1 70 0.174
1 82 0.154
1 90 0.067
1 94 0.147
1 99 0.114
1 3 0.134
1 9 0.086
1 14 0.175
1 30 0.118
1 33 0.018
1 34 0.207
1 50 0.114
1 51 0.162
1 65 0.156
1 67 0.075
1 74 0.154
1 92 0.178
1 100 0.153
1 102 0.119
1 105 0.066
1 10 0.148
1 12 0.134
1 13 0.152
1 16 0.118
1 18 0.157
1 19 0.202
1 24 0.151
1 35 0.141
1 40 0.125
1 48 0.184
1 52 0.145
1 72 0.184
1 73 0.144
1 75 0.136
1 78 0.2
1 80 0.038
1 83 0.129
1 85 0.127
1 86 0.094
1 87 0.143
1 88 0.14
1 96 0.159
1 98 0.108
1 101 0.154
1 104 0.187
1 106 0.139
1 108 0.151
1 109 0.219
2 33 0.945
2 27 0.977
2 17 0.957
2 37 0.947
2 71 0.895
2 22 1
2 70 0.767
2 106 0.601
2 21 0.197
2 30 0.312
2 50 0.1
2 78 0.315
2 73 0.062
2 12 0.064
2 54 0.173
2 56 0.081
2 76 0.144
2 97 0.128
2 53 0.157
2 5 0.126
2 19 0.008
2 26 0.261
2 34 0.065
2 48 0.126
2 49 0.197
2 67 0.134
2 69 0.148
2 101 0.17
2 107 0.118
2 108 0.04
2 3 0.145
2 4 0.115
2 20 0.153
2 32 0.174
2 36 0.15
2 57 0.143
2 60 0.107
2 61 0.182
2 62 0.173
2 68 0.151
2 79 0.091
2 82 0.143
2 94 0.152
2 99 0.118
2 6 0.184
2 10 0.196
2 13 0.188
2 24 0.157
2 28 0.142
2 29 0.147
2 38 0.156
2 41 0.154
2 42 0.174
2 44 0.174
2 45 0.131
2 46 0.217
2 47 0.092
2 51 0.109
2 52 0.176
2 58 0.119
2 63 0.14
2 66 0.181
2 77 0.207
2 80 0.158
2 83 0.15
2 84 0.13
2 85 0.166
2 87 0.17
2 88 0.109
2 89 0.171
2 91 0.163
2 92 0.166
2 98 0.165
2 102 0.228
2 103 0.17
2 105 0.129
3 39 1
3 32 0.7
3 17 0.588
3 96 0.072
3 14 0.141
3 46 0.214
3 81 0.038
3 59 0.136
3 66 0.17
3 99 0.185
3 11 0.02
3 61 0.086
3 72 0.197
3 73 0.188
3 90 0.159
3 104 0.175
3 7 0.131
3 38 0.175
3 62 0.167
3 64 0.35
3 77 0.194
3 84 0.126
3 10 0.141
3 12 0.091
3 19 0.286
3 26 0.08
3 37 0.134
3 41 0.12
3 43 0.067
3 55 0.117
3 68 0.128
3 69 0.373
3 87 0.178
3 100 0.271
3 105 0.131
3 107 0.162
3 4 0.121
3 13 0.152
3 15 0.143
3 21 0.15
3 23 0.1
3 24 0.163
3 25 0.099
3 28 0.114
3 31 0.166
3 35 0.139
3 40 0.189
3 44 0.186
3 45 0.162
3 47 0.144
3 48 0.121
3 51 0.177
3 53 0.139
3 70 0.114
3 71 0.13
3 74 0.179
3 79 0.12
3 80 0.118
3 82 0.167
3 86 0.089
3 88 0.098
3 89 0.148
3 91 0.127
3 93 0.151
3 94 0.186
3 103 0.135
3 108 0.209
4 30 0.865
4 106 0.982
4 100 0.985
4 53 0.655
4 102 1
4 92 0.983
4 29 0.974
4 54 0.57
4 43 0.164
4 22 0.155
4 66 0.12
4 21 0.078
4 85 0.177
4 96 0.103
4 105 0.413
4 108 0.284
4 28 0.124
4 32 0.012
4 52 0.272
4 65 0.191
4 6 0.139
4 8 0.173
4 9 0.08
4 26 0.161
4 27 0.009
4 36 0.126
4 38 0.106
4 39 0.139
4 47 0.133
4 75 0.147
4 79 0.165
4 80 0.093
4 88 0.094
4 89 0.241
4 103 0.218
4 5 0.21
4 16 0.082
4 17 0.182
4 31 0.117
4 42 0.123
4 46 0.149
4 57 0.152
4 68 0.136
4 71 0.196
4 86 0.2
4 87 0.174
4 91 0.095
4 10 0.156
4 11 0.14
4 14 0.136
4 20 0.133
4 23 0.123
4 34 0.16
4 40 0.19
4 45 0.119
4 48 0.178
4 50 0.125
4 56 0.108
4 59 0.167
4 61 0.133
4 63 0.191
4 64 0.142
4 74 0.158
4 77 0.134
4 78 0.104
4 94 0.129
4 97 0.156
4 98 0.159
4 99 0.113
5 17 0.917
5 15 0.751
5 62 0.822
5 43 0.549
5 104 0.742
5 20 0.96
5 13 0.759
5 32 0.951
5 39 0.91
5 68 0.557
5 75 1
5 22 0.905
5 16 1
5 93 0.2
5 96 0.146
5 108 0.064
5 6 0.157
5 38 0.16
5 79 0.116
5 10 0.234
5 54 0.138
5 55 0.111
5 60 0.279
5 61 0.149
5 71 0.209
5 99 0.039
5 12 0.087
5 23 0.12
5 50 0.134
5 63 0.183
5 67 0.028
5 87 0.155
5 9 0.167
5 11 0.144
5 26 0.204
5 30 0.099
5 36 0.176
5 42 0.197
5 65 0.149
5 76 0.109
5 78 0.11
5 82 0.119
5 85 0.108
5 89 0.153
5 97 0.114
5 106 0.177
5 7 0.18
5 18 0.173
5 19 0.067
5 24 0.142
5 25 0.164
5 28 0.176
5 33 0.179
5 37 0.184
5 41 0.189
5 45 0.13
5 46 0.152
5 51 0.137
5 53 0.147
5 70 0.178
5 77 0.167
5 84 0.172
5 88 0.114
5 90 0.156
5 101 0.148
5 109 0.159
6 50 0.88
6 98 0.569
6 106 1
6 84 0.992
6 102 0.694
6 92 0.867
6 64 0.667
6 42 0.372
6 39 0.615
6 94 0.012
6 32 0.173
6 107 0.507
6 8 0.278
6 25 0.196
6 47 0.291
6 56 0.257
6 61 0.102
6 62 0.127
6 83 0.166
6 46 0.111
6 53 0.298
6 101 0.038
6 105 0.06
6 21 0.119
6 41 0.094
6 43 0.197
6 60 0.123
6 66 0.101
6 75 0.148
6 86 0.163
6 88 0.378
6 9 0.148
6 11 0.146
6 12 0.173
6 14 0.112
6 15 0.155
6 16 0.206
6 17 0.12
6 23 0.127
6 26 0.157
6 27 0.313
6 34 0.182
6 35 0.166
6 36 0.093
6 37 0.118
6 38 0.137
6 76 0.123
6 80 0.168
6 90 0.16
6 10 0.144
6 13 0.162
6 20 0.156
6 22 0.157
6 29 0.1
6 44 0.128
6 45 0.163
6 52 0.123
6 55 0.14
6 58 0.135
6 69 0.107
6 72 0.161
6 73 0.14
6 77 0.117
6 91 0.168
6 99 0.17
6 103 0.113
6 104 0.162
6 108 0.14
6 109 0.151
7 49 0.964
7 22 0.915
7 56 0.6
7 108 0.99
7 50 0.554
7 42 0.62
7 64 0.74
7 103 0.427
7 68 0.825
7 100 0.097
7 17 0.065
7 32 0.113
7 71 0.429
7 93 0.333
7 30 0.145
7 90 0.203
7 99 0.187
7 16 0.244
7 36 0.133
7 62 0.082
7 66 0.094
7 73 0.153
7 77 0.268
7 79 0.16
7 85 0.194
7 8 0.154
7 10 0.328
7 13 0.155
7 14 0.153
7 19 0.094
7 24 0.106
7 29 0.12
7 41 0.316
7 47 0.144
7 48 0.15
7 53 0.209
7 81 0.124
7 87 0.109
7 102 0.197
7 9 0.12
7 18 0.187
7 20 0.201
7 21 0.139
7 25 0.115
7 26 0.208
7 31 0.131
7 34 0.161
7 38 0.183
7 40 0.169
7 43 0.104
7 44 0.162
7 45 0.115
7 46 0.113
7 51 0.169
7 55 0.187
7 57 0.16
7 78 0.074
7 84 0.142
7 88 0.146
7 89 0.122
7 91 0.181
7 92 0.117
7 94 0.142
7 95 0.172
7 96 0.128
7 98 0.162
7 106 0.157
7 107 0.158
8 42 0.826
8 17 0.924
8 24 1
8 37 0.748
8 91 0.65
8 48 0.704
8 46 0.593
8 21 0.703
8 71 0.652
8 40 0.803
8 69 0.965
8 98 0.724
8 32 0.765
8 34 0.288
8 23 0.217
8 73 0.227
8 28 0.504
8 49 0.211
8 59 0.207
8 66 0.023
8 74 0.096
8 102 0.238
8 11 0.143
8 27 0.133
8 55 0.227
8 57 0.122
8 61 0.143
8 76 0.11
8 77 0.129
8 88 0.19
8 22 0.17
8 33 0.115
8 63 0.095
8 70 0.142
8 87 0.144
8 93 0.128
8 94 0.152
8 105 0.11
8 107 0.163
8 9 0.142
8 14 0.146
8 15 0.232
8 18 0.16
8 20 0.123
8 35 0.16
8 36 0.122
8 38 0.205
8 51 0.145
8 54 0.074
8 58 0.149
8 62 0.14
8 64 0.214
8 65 0.182
8 67 0.163
8 68 0.117
8 72 0.081
8 78 0.175
8 84 0.164
8 90 0.234
8 92 0.196
8 96 0.15
8 97 0.143
8 99 0.172
8 104 0.124
8 109 0.186
9 74 0.872
9 105 0.646
9 47 0.623
9 49 0.698
9 53 0.856
9 42 0.791
9 62 0.703
9 81 0.526
9 79 0.308
9 61 0.334
9 11 0.195
9 31 0.367
9 32 0.221
9 41 0.26
9 71 0.171
9 109 0.177
9 24 0.15
9 36 0.17
9 43 0.205
9 52 0.193
9 83 0.056
9 93 0.208
9 97 0.157
9 106 0.079
9 13 0.165
9 27 0.164
9 30 0.181
9 38 0.15
9 46 0.223
9 50 0.195
9 69 0.111
9 72 0.149
9 10 0.22
9 15 0.081
9 22 0.144
9 34 0.308
9 44 0.299
9 45 0.166
9 64 0.225
9 65 0.195
9 78 0.138
9 86 0.192
9 89 0.14
9 92 0.32
9 94 0.145
9 99 0.398
9 102 0.112
9 12 0.226
9 18 0.113
9 23 0.181
9 33 0.138
9 37 0.16
9 48 0.196
9 56 0.202
9 58 0.098
9 63 0.12
9 67 0.165
9 68 0.141
9 73 0.093
9 75 0.139
9 76 0.144
9 80 0.119
9 82 0.179
9 84 0.234
9 87 0.125
9 88 0.168
9 90 0.13
9 91 0.08
9 98 0.174
9 101 0.161
9 103 0.139
9 107 0.135
10 106 0.83
10 54 1
10 55 0.893
10 52 1
10 33 0.759
10 78 0.965
10 26 1
10 92 0.866
10 23 1
10 34 0.946
10 109 0.709
10 28 0.957
10 60 0.264
10 76 0.178
10 66 0.023
10 81 0.185
10 82 0.192
10 27 0.282
10 35 0.183
10 41 0.175
10 48 0.214
10 49 0.096
10 63 0.222
10 64 0.111
10 73 0.103
10 102 0.071
10 13 0.113
10 14 0.336
10 17 0.067
10 22 0.174
10 43 0.237
10 45 0.098
10 50 0.133
10 51 0.117
10 72 0.139
10 77 0.196
10 83 0.178
10 97 0.176
10 98 0.111
10 104 0.15
10 11 0.129
10 25 0.124
10 37 0.151
10 38 0.114
10 53 0.168
10 57 0.153
10 58 0.157
10 59 0.131
10 61 0.157
10 65 0.143
10 74 0.107
10 75 0.188
10 88 0.084
10 101 0.137
10 12 0.113
10 15 0.171
10 16 0.12
10 18 0.162
10 20 0.124
10 31 0.095
10 36 0.168
10 44 0.146
10 46 0.1
10 62 0.155
10 67 0.181
10 69 0.165
10 71 0.125
10 79 0.116
10 89 0.129
10 91 0.162
10 94 0.19
10 95 0.169
11 30 0.772
11 14 0.842
11 55 0.829
11 28 0.621
11 80 0.794
11 84 0.673
11 16 1
11 50 1
11 91 0.604
11 66 0.528
11 104 0.144
11 15 0.314
11 72 0.184
11 32 0.232
11 89 0.111
11 86 0.077
11 95 0.249
11 29 0.376
11 35 0.203
11 62 0.153
11 63 0.174
11 68 0.393
11 96 0.458
11 18 0.16
11 22 0.142
11 23 0.131
11 24 0.061
11 25 0.137
11 27 0.133
11 31 0.131
11 36 0.109
11 37 0.34
11 39 0.18
11 43 0.174
11 46 0.139
11 49 0.178
11 53 0.153
11 88 0.192
11 98 0.179
11 106 0.166
11 21 0.164
11 26 0.163
11 33 0.157
11 34 0.153
11 41 0.139
11 42 0.133
11 45 0.166
11 56 0.16
11 58 0.178
11 60 0.168
11 65 0.149
11 67 0.131
11 69 0.148
11 70 0.164
11 73 0.12
11 76 0.148
11 83 0.112
11 90 0.136
11 93 0.146
11 97 0.199
11 100 0.201
11 101 0.139
11 102 0.115
11 105 0.058
11 109 0.206
12 35 1
12 68 0.762
12 23 0.764
12 60 1
12 64 1
12 90 0.529
12 32 0.895
12 36 0.522
12 71 0.878
12 54 0.141
12 42 0.166
12 81 0.053
12 62 0.205
12 19 0.075
12 26 0.144
12 85 0.099
12 20 0.014
12 72 0.181
12 79 0.199
12 94 0.187
12 96 0.254
12 16 0.11
12 17 0.188
12 18 0.308
12 53 0.138
12 66 0.143
12 70 0.295
12 76 0.08
12 78 0.15
12 101 0.142
12 108 0.117
12 25 0.268
12 33 0.148
12 37 0.228
12 38 0.161
12 41 0.147
12 49 0.013
12 51 0.157
12 67 0.142
12 91 0.162
12 93 0.161
12 95 0.171
12 102 0.01
12 14 0.143
12 21 0.13
12 27 0.127
12 28 0.122
12 39 0.192
12 43 0.119
12 52 0.124
12 55 0.126
12 61 0.126
12 75 0.241
12 77 0.096
12 86 0.109
12 92 0.107
12 104 0.123
12 105 0.154
12 106 0.149
13 77 0.795
13 108 0.82
13 66 1
13 28 0.914
13 60 0.823
13 47 0.692
13 75 0.724
13 99 0.561
13 64 0.088
13 68 0.043
13 17 0.179
13 38 0.175
13 58 0.239
13 70 0.205
13 89 0.155
13 90 0.361
13 18 0.172
13 22 0.156
13 30 0.172
13 41 0.102
13 45 0.156
13 52 0.189
13 55 0.132
13 86 0.184
13 100 0.08
13 101 0.044
13 107 0.132
13 14 0.185
13 15 0.184
13 16 0.117
13 19 0.145
13 20 0.115
13 23 0.161
13 25 0.167
13 48 0.135
13 49 0.151
13 50 0.182
13 56 0.187
13 61 0.049
13 63 0.168
13 65 0.172
13 72 0.163
13 73 0.138
13 74 0.203
13 76 0.141
13 81 0.117
13 83 0.13
13 98 0.096
13 26 0.163
13 27 0.158
13 31 0.137
13 32 0.135
13 34 0.151
13 35 0.125
13 36 0.18
13 54 0.166
13 57 0.215
13 67 0.18
13 69 0.138
13 78 0.164
13 84 0.167
13 85 0.166
13 88 0.141
13 95 0.153
13 96 0.081
13 102 0.176
13 103 0.108
13 104 0.139
13 105 0.212
13 106 0.144
13 109 0.146
14 18 0.946
14 58 0.606
14 75 0.062
14 82 0.183
14 92 0.188
14 30 0.072
14 72 0.163
14 94 0.741
14 33 0.173
14 51 0.039
14 52 0.182
14 62 0.189
14 27 0.352
14 43 0.17
14 54 0.031
14 98 0.153
14 99 0.058
14 32 0.162
14 34 0.153
14 35 0.115
14 39 0.126
14 53 0.218
14 78 0.156
14 81 0.171
14 88 0.17
14 97 0.137
14 19 0.126
14 31 0.169
14 41 0.098
14 50 0.159
14 61 0.046
14 69 0.213
14 71 0.162
14 76 0.146
14 91 0.22
14 100 0.164
14 105 0.167
14 107 0.176
14 108 0.133
14 15 0.117
14 21 0.186
14 22 0.136
14 24 0.163
14 25 0.148
14 26 0.142
14 29 0.161
14 36 0.161
14 40 0.101
14 49 0.168
14 56 0.123
14 59 0.181
14 64 0.139
14 65 0.114
14 66 0.206
14 68 0.138
14 70 0.193
14 74 0.174
14 79 0.14
14 80 0.159
14 84 0.159
14 85 0.123
14 89 0.221
14 90 0.195
14 95 0.185
14 102 0.154
14 103 0.185
14 106 0.17
15 51 1
15 89 0.791
15 72 0.801
15 38 0.936
15 40 0.723
15 71 0.712
15 105 0.357
15 41 0.241
15 98 0.104
15 108 0.147
15 26 0.404
15 34 0.24
15 82 0.144
15 28 0.097
15 70 0.134
15 16 0.04
15 47 0.232
15 62 0.187
15 104 0.049
15 29 0.205
15 31 0.05
15 35 0.235
15 37 0.166
15 44 0.136
15 58 0.088
15 60 0.189
15 63 0.167
15 68 0.174
15 80 0.105
15 84 0.194
15 87 0.14
15 95 0.161
15 100 0.286
15 102 0.203
15 19 0.235
15 54 0.134
15 65 0.136
15 66 0.169
15 88 0.121
15 93 0.126
15 96 0.204
15 17 0.144
15 18 0.116
15 21 0.15
15 24 0.174
15 27 0.133
15 36 0.176
15 39 0.194
15 61 0.114
15 64 0.152
15 67 0.115
15 69 0.12
15 74 0.143
15 76 0.12
15 86 0.133
15 92 0.185
15 97 0.178
15 99 0.147
16 40 0.799
16 68 0.725
16 101 0.91
16 71 0.966
16 45 0.742
16 23 1
16 108 0.785
16 86 0.147
16 43 0.303
16 50 0.497
16 98 0.193
16 105 0.158
16 47 0.166
16 55 0.12
16 62 0.025
16 67 0.17
16 90 0.132
16 100 0.294
16 104 0.15
16 18 0.102
16 34 0.15
16 35 0.22
16 38 0.265
16 63 0.248
16 74 0.057
16 83 0.113
16 92 0.074
16 21 0.161
16 22 0.155
16 32 0.122
16 41 0.155
16 46 0.132
16 51 0.141
16 53 0.099
16 54 0.193
16 70 0.153
16 77 0.094
16 80 0.157
16 82 0.137
16 89 0.148
16 109 0.132
16 24 0.145
16 25 0.151
16 29 0.167
16 37 0.183
16 42 0.16
16 48 0.174
16 52 0.139
16 56 0.126
16 57 0.101
16 58 0.114
16 59 0.197
16 73 0.164
16 75 0.159
16 76 0.127
16 81 0.152
16 84 0.156
16 85 0.104
16 93 0.176
16 99 0.135
16 102 0.16
17 45 0.559
17 99 0.83
17 28 1
17 98 0.723
17 53 0.898
17 33 0.897
17 105 0.485
17 56 0.88
17 106 0.735
17 91 0.523
17 41 0.14
17 69 0.169
17 57 0.275
17 23 0.067
17 100 0.179
17 104 0.147
17 75 0.113
17 96 0.261
17 27 0.122
17 35 0.283
17 39 0.155
17 40 0.161
17 42 0.184
17 61 0.053
17 64 0.189
17 66 0.079
17 73 0.15
17 78 0.092
17 86 0.117
17 22 0.164
17 26 0.183
17 30 0.128
17 49 0.109
17 59 0.173
17 71 0.124
17 92 0.281
17 95 0.15
17 32 0.183
17 37 0.177
17 43 0.165
17 46 0.184
17 47 0.142
17 48 0.138
17 50 0.1
17 51 0.198
17 52 0.119
17 54 0.123
17 55 0.118
17 58 0.156
17 62 0.189
17 63 0.117
17 65 0.124
17 67 0.147
17 70 0.106
17 74 0.16
17 76 0.127
17 77 0.133
17 79 0.129
17 82 0.112
17 84 0.146
17 85 0.159
17 89 0.178
17 93 0.125
17 101 0.162
17 103 0.168
17 108 0.145
17 109 0.134
18 96 0.597
18 52 0.675
18 104 0.625
18 57 0.685
18 81 0.595
18 89 0.78
18 22 0.642
18 46 0.121
18 64 0.048
18 79 0.387
18 43 0.149
18 61 0.21
18 39 0.193
18 45 0.227
18 67 0.087
18 21 0.093
18 72 0.08
18 92 0.146
18 34 0.142
18 42 0.175
18 50 0.267
18 51 0.153
18 54 0.149
18 60 0.299
18 63 0.068
18 76 0.153
18 78 0.086
18 83 0.162
18 84 0.185
18 86 0.147
18 90 0.17
18 102 0.217
18 29 0.186
18 33 0.198
18 35 0.145
18 38 0.142
18 56 0.251
18 58 0.188
18 59 0.052
18 65 0.118
18 66 0.148
18 70 0.204
18 77 0.162
18 87 0.151
18 93 0.184
18 94 0.144
18 98 0.129
18 101 0.148
18 109 0.249
18 19 0.133
18 23 0.142
18 25 0.128
18 26 0.129
18 27 0.135
18 28 0.085
18 32 0.181
18 37 0.136
18 40 0.179
18 41 0.127
18 49 0.129
18 68 0.154
18 71 0.167
18 85 0.196
18 91 0.2
18 95 0.152
18 97 0.164
18 99 0.128
18 100 0.13
18 103 0.105
18 105 0.195
18 107 0.126
19 67 0.865
19 99 0.552
19 50 0.881
19 24 0.862
19 23 0.927
19 94 0.899
19 46 1
19 75 0.768
19 39 0.775
19 64 0.729
19 83 0.94
19 41 0.509
19 54 0.052
19 60 0.236
19 98 0.034
19 28 0.112
19 66 0.125
19 25 0.092
19 76 0.131
19 100 0.304
19 107 0.154
19 21 0.063
19 32 0.1
19 38 0.187
19 70 0.125
19 71 0.042
19 78 0.307
19 95 0.064
19 97 0.178
19 105 0.118
19 27 0.141
19 35 0.198
19 48 0.025
19 51 0.145
19 63 0.098
19 65 0.144
19 73 0.151
19 74 0.196
19 77 0.116
19 79 0.147
19 81 0.137
19 86 0.099
19 87 0.176
19 89 0.104
19 96 0.154
19 101 0.183
19 102 0.136
19 109 0.204
19 29 0.102
19 30 0.149
19 36 0.136
19 42 0.176
19 43 0.148
19 45 0.184
19 52 0.184
19 55 0.126
19 57 0.182
19 59 0.14
19 61 0.134
19 62 0.163
19 68 0.167
19 84 0.096
19 88 0.181
19 90 0.16
19 92 0.113
19 108 0.145
20 102 0.968
20 76 0.943
20 87 0.931
20 67 0.805
20 71 0.726
20 63 1
20 22 0.948
20 58 0.975
20 82 0.823
20 25 0.128
20 24 0.156
20 32 0.287
20 33 0.152
20 54 0.18
20 78 0.114
20 83 0.129
20 35 0.094
20 41 0.192
20 96 0.105
20 100 0.017
20 21 0.056
20 29 0.185
20 50 0.124
20 59 0.123
20 81 0.166
20 39 0.154
20 40 0.166
20 42 0.035
20 46 0.104
20 68 0.161
20 79 0.123
20 90 0.169
20 94 0.188
20 95 0.111
20 107 0.169
20 23 0.121
20 26 0.143
20 27 0.14
20 28 0.168
20 31 0.162
20 34 0.131
20 36 0.125
20 37 0.148
20 38 0.196
20 43 0.137
20 44 0.161
20 48 0.15
20 55 0.173
20 57 0.146
20 60 0.144
20 61 0.134
20 62 0.091
20 64 0.143
20 69 0.131
20 70 0.141
20 73 0.206
20 74 0.218
20 75 0.148
20 77 0.112
20 88 0.119
20 91 0.127
20 93 0.118
20 104 0.132
20 106 0.144
20 108 0.137
21 101 0.987
21 25 0.856
21 63 0.975
21 29 0.844
21 91 1
21 24 0.953
21 44 0.841
21 37 0.576
21 108 0.983
21 62 0.163
21 79 0.314
21 99 0.422
21 97 0.154
21 104 0.198
21 36 0.071
21 105 0.142
21 40 0.346
21 41 0.152
21 54 0.072
21 85 0.06
21 86 0.179
21 28 0.151
21 30 0.167
21 31 0.178
21 45 0.184
21 47 0.114
21 50 0.23
21 67 0.285
21 69 0.059
21 82 0.155
21 103 0.236
21 27 0.091
21 38 0.087
21 39 0.079
21 52 0.123
21 55 0.152
21 56 0.109
21 57 0.161
21 72 0.17
21 77 0.19
21 83 0.298
21 84 0.145
21 100 0.158
21 102 0.119
21 107 0.115
21 22 0.147
21 26 0.086
21 32 0.177
21 34 0.152
21 42 0.095
21 46 0.165
21 48 0.084
21 49 0.134
21 53 0.126
21 58 0.132
21 59 0.1
21 60 0.16
21 61 0.124
21 65 0.16
21 66 0.132
21 71 0.162
21 76 0.122
21 80 0.123
21 93 0.165
21 94 0.14
21 95 0.157
21 109 0.128
22 63 0.821
22 100 0.769
22 96 0.814
22 86 1
22 50 0.622
22 108 0.712
22 25 0.847
22 98 0.995
22 61 0.891
22 31 0.87
22 76 0.934
22 66 0.793
22 70 0.947
22 73 0.592
22 106 0.564
22 38 0.207
22 83 0.301
22 35 0.208
22 67 0.165
22 77 0.309
22 40 0.369
22 43 0.179
22 30 0.096
22 41 0.076
22 45 0.127
22 51 0.162
22 84 0.066
22 90 0.209
22 42 0.151
22 47 0.153
22 53 0.181
22 72 0.108
22 33 0.171
22 39 0.023
22 54 0.1
22 60 0.254
22 64 0.185
22 65 0.152
22 74 0.137
22 75 0.169
22 81 0.142
22 93 0.122
22 95 0.14
22 97 0.147
22 103 0.121
22 104 0.175
22 28 0.152
22 29 0.08
22 32 0.183
22 34 0.164
22 36 0.149
22 37 0.132
22 44 0.179
22 46 0.17
22 57 0.136
22 58 0.123
22 62 0.146
22 71 0.151
22 82 0.153
22 85 0.147
22 107 0.16
23 64 0.946
23 93 0.831
23 25 0.869
23 29 0.537
23 43 0.732
23 75 0.937
23 32 0.653
23 50 0.572
23 39 0.47
23 40 0.124
23 49 0.151
23 54 0.206
23 68 0.164
23 30 0.069
23 58 0.226
23 82 0.201
23 102 0.184
23 103 0.085
23 28 0.126
23 37 0.173
23 42 0.163
23 45 0.132
23 53 0.173
23 55 0.147
23 87 0.115
23 96 0.116
23 97 0.18
23 44 0.352
23 51 0.163
23 65 0.269
23 73 0.138
23 76 0.157
23 79 0.192
23 80 0.166
23 88 0.304
23 90 0.159
23 92 0.133
23 94 0.364
23 100 0.203
23 31 0.117
23 33 0.154
23 34 0.18
23 36 0.138
23 41 0.098
23 46 0.136
23 47 0.136
23 52 0.151
23 56 0.117
23 63 0.182
23 66 0.162
23 67 0.158
23 72 0.175
23 74 0.211
23 78 0.161
23 81 0.108
23 83 0.173
23 84 0.134
23 85 0.113
23 86 0.15
23 89 0.138
23 105 0.117
23 107 0.102
23 108 0.16
23 109 0.165
24 76 0.849
24 65 0.884
24 51 0.858
24 59 0.888
24 90 0.944
24 78 0.139
24 43 0.071
24 86 0.121
24 26 0.306
24 27 0.277
24 36 0.127
24 48 0.153
24 55 0.13
24 97 0.167
24 102 0.233
24 28 0.186
24 34 0.179
24 41 0.052
24 85 0.147
24 104 0.264
24 29 0.135
24 33 0.157
24 38 0.227
24 45 0.205
24 46 0.142
24 53 0.378
24 63 0.136
24 66 0.114
24 73 0.167
24 75 0.155
24 83 0.181
24 84 0.148
24 89 0.158
24 95 0.137
24 99 0.132
24 101 0.128
24 25 0.152
24 30 0.105
24 31 0.161
24 32 0.13
24 37 0.095
24 39 0.118
24 40 0.171
24 49 0.121
24 52 0.115
24 57 0.13
24 58 0.138
24 61 0.183
24 62 0.146
24 64 0.15
24 71 0.156
24 74 0.158
24 77 0.194
24 87 0.127
24 92 0.121
24 93 0.169
24 94 0.202
24 96 0.159
24 98 0.175
24 100 0.172
24 103 0.136
24 105 0.151
24 106 0.162
25 52 0.975
25 26 0.131
25 64 0.118
25 28 0.043
25 98 0.077
25 29 0.156
25 33 0.163
25 100 0.353
25 63 0.141
25 75 0.178
25 36 0.202
25 69 0.093
25 73 0.158
25 31 0.009
25 62 0.114
25 83 0.159
25 96 0.149
25 40 0.08
25 42 0.151
25 56 0.167
25 58 0.102
25 59 0.146
25 80 0.112
25 81 0.092
25 82 0.18
25 86 0.165
25 89 0.206
25 101 0.132
25 107 0.176
25 35 0.155
25 38 0.144
25 43 0.186
25 44 0.116
25 45 0.16
25 46 0.067
25 47 0.146
25 54 0.165
25 55 0.142
25 57 0.198
25 65 0.167
25 71 0.161
25 72 0.123
25 76 0.145
25 79 0.144
25 85 0.126
25 87 0.171
25 88 0.163
25 95 0.095
25 97 0.188
25 102 0.138
25 106 0.144
25 108 0.15
26 67 0.812
26 99 1
26 103 0.844
26 32 0.955
26 84 0.565
26 39 0.109
26 59 0.118
26 89 0.153
26 65 0.058
26 29 0.157
26 31 0.375
26 33 0.137
26 38 0.104
26 46 0.103
26 50 0.102
26 55 0.14
26 71 0.312
26 76 0.133
26 80 0.213
26 82 0.196
26 90 0.144
26 98 0.058
26 27 0.159
26 34 0.247
26 35 0.289
26 42 0.126
26 54 0.195
26 61 0.126
26 63 0.099
26 66 0.24
26 81 0.163
26 88 0.341
26 95 0.102
26 106 0.109
26 107 0.14
26 28 0.131
26 37 0.222
26 40 0.138
26 41 0.118
26 43 0.182
26 44 0.171
26 48 0.16
26 51 0.188
26 53 0.132
26 56 0.145
26 57 0.181
26 60 0.133
26 62 0.193
26 70 0.141
26 73 0.129
26 74 0.082
26 75 0.159
26 79 0.105
26 83 0.167
26 86 0.18
26 91 0.159
26 93 0.123
26 94 0.168
26 97 0.137
26 101 0.153
26 105 0.13
26 108 0.108
27 54 1
27 32 1
27 91 1
27 49 0.719
27 104 0.814
27 101 0.564
27 77 0.171
27 108 0.033
27 31 0.094
27 63 0.376
27 89 0.148
27 53 0.238
27 109 0.341
27 36 0.113
27 46 0.082
27 51 0.006
27 55 0.032
27 93 0.123
27 95 0.246
27 106 0.066
27 28 0.163
27 30 0.159
27 35 0.151
27 52 0.204
27 61 0.189
27 64 0.159
27 65 0.16
27 71 0.168
27 74 0.056
27 76 0.158
27 82 0.096
27 87 0.205
27 98 0.198
27 100 0.229
27 29 0.167
27 38 0.146
27 41 0.118
27 42 0.098
27 44 0.094
27 48 0.104
27 50 0.167
27 58 0.196
27 59 0.169
27 62 0.131
27 66 0.137
27 67 0.137
27 72 0.159
27 75 0.133
27 80 0.116
27 83 0.124
27 85 0.19
27 88 0.211
27 105 0.121
27 107 0.165
28 76 0.604
28 52 0.716
28 89 0.562
28 34 1
28 43 0.853
28 31 0.706
28 104 1
28 77 0.737
28 63 1
28 97 0.616
28 92 0.277
28 75 0.083
28 32 0.029
28 30 0.377
28 38 0.145
28 44 0.163
28 80 0.182
28 90 0.146
28 53 0.347
28 56 0.156
28 79 0.17
28 41 0.111
28 62 0.214
28 65 0.125
28 86 0.199
28 37 0.247
28 45 0.171
28 68 0.107
28 71 0.111
28 81 0.139
28 83 0.175
28 93 0.197
28 96 0.156
28 99 0.099
28 101 0.164
28 103 0.335
28 35 0.224
28 39 0.184
28 40 0.15
28 46 0.109
28 47 0.158
28 48 0.122
28 49 0.127
28 51 0.16
28 54 0.116
28 55 0.152
28 57 0.101
28 58 0.126
28 66 0.194
28 69 0.158
28 70 0.152
28 72 0.149
28 74 0.17
28 91 0.152
28 95 0.127
28 102 0.141
29 107 0.929
29 39 0.855
29 37 0.787
29 108 0.712
29 36 0.766
29 92 0.088
29 68 0.019
29 96 0.151
29 83 0.145
29 93 0.183
29 38 0.134
29 42 0.253
29 43 0.211
29 47 0.119
29 59 0.181
29 84 0.308
29 87 0.097
29 41 0.072
29 44 0.154
29 57 0.136
29 62 0.113
29 65 0.137
29 72 0.1
29 77 0.106
29 85 0.12
29 88 0.387
29 89 0.05
29 90 0.154
29 105 0.138
29 109 0.158
29 30 0.155
29 32 0.189
29 33 0.145
29 34 0.148
29 35 0.187
29 45 0.187
29 48 0.165
29 52 0.181
29 54 0.132
29 55 0.145
29 56 0.134
29 60 0.09
29 61 0.201
29 64 0.226
29 69 0.097
29 71 0.156
29 74 0.186
29 75 0.114
29 76 0.209
29 78 0.166
29 79 0.129
29 95 0.12
29 99 0.168
29 103 0.164
29 104 0.133
30 55 0.914
30 74 0.712
30 67 0.736
30 47 0.996
30 59 0.174
30 70 0.527
30 68 0.137
30 31 0.156
30 53 0.166
30 65 0.17
30 45 0.001
30 58 0.536
30 60 0.007
30 79 0.05
30 89 0.204
30 101 0.161
30 46 0.129
30 49 0.206
30 66 0.139
30 80 0.149
30 81 0.184
30 109 0.123
30 34 0.147
30 39 0.108
30 40 0.058
30 50 0.097
30 51 0.139
30 69 0.113
30 71 0.143
30 76 0.062
30 90 0.075
30 95 0.171
30 97 0.158
30 99 0.157
30 100 0.175
30 33 0.184
30 36 0.158
30 37 0.173
30 38 0.173
30 41 0.192
30 43 0.148
30 54 0.129
30 56 0.177
30 57 0.161
30 62 0.147
30 72 0.122
30 73 0.146
30 77 0.167
30 78 0.107
30 83 0.133
30 84 0.093
30 85 0.141
30 87 0.164
30 88 0.147
30 91 0.121
30 92 0.179
30 94 0.165
30 96 0.146
30 98 0.103
30 103 0.124
30 104 0.096
30 108 0.159
31 96 0.746
31 49 0.947
31 87 0.655
31 62 0.824
31 38 1
31 77 0.098
31 34 0.32
31 59 0.303
31 105 0.204
31 46 0.41
31 79 0.232
31 53 0.185
31 86 0.146
31 37 0.121
31 40 0.271
31 50 0.27
31 39 0.136
31 58 0.17
31 80 0.068
31 85 0.261
31 93 0.1
31 106 0.156
31 42 0.183
31 43 0.102
31 44 0.098
31 47 0.195
31 55 0.147
31 56 0.078
31 61 0.186
31 70 0.146
31 83 0.183
31 84 0.036
31 89 0.136
31 97 0.151
31 99 0.153
31 32 0.137
31 48 0.17
31 52 0.097
31 57 0.169
31 64 0.112
31 65 0.132
31 66 0.159
31 71 0.184
31 72 0.099
31 75 0.138
31 76 0.171
31 78 0.153
31 81 0.186
31 92 0.191
31 94 0.135
31 101 0.143
31 102 0.158
31 103 0.125
31 107 0.128
31 109 0.178
32 103 0.547
32 85 1
32 101 0.573
32 68 0.107
32 47 0.223
32 55 0.137
32 58 0.06
32 59 0.027
32 67 0.138
32 93 0.046
32 38 0.324
32 40 0.176
32 61 0.203
32 80 0.173
32 99 0.1
32 107 0.417
32 44 0.057
32 45 0.123
32 48 0.103
32 52 0.102
32 56 0.134
32 75 0.159
32 95 0.005
32 34 0.153
32 49 0.083
32 65 0.146
32 70 0.206
32 78 0.102
32 82 0.096
32 84 0.163
32 87 0.11
32 90 0.112
32 91 0.108
32 98 0.077
32 108 0.124
32 35 0.161
32 36 0.14
32 41 0.172
32 42 0.155
32 50 0.125
32 57 0.116
32 60 0.147
32 62 0.179
32 69 0.134
32 79 0.134
32 81 0.16
32 83 0.164
32 86 0.153
32 88 0.15
32 92 0.174
32 94 0.156
32 109 0.13
33 80 0.56
33 84 0.548
33 102 0.926
33 106 0.979
33 67 0.706
33 89 0.271
33 105 0.212
33 99 0.157
33 78 0.145
33 35 0.089
33 42 0.004
33 46 0.192
33 85 0.275
33 41 0.036
33 72 0.174
33 74 0.167
33 87 0.29
33 94 0.175
33 38 0.167
33 43 0.065
33 45 0.18
33 53 0.129
33 63 0.273
33 68 0.194
33 76 0.178
33 79 0.209
33 92 0.139
33 95 0.12
33 96 0.204
33 108 0.417
33 39 0.117
33 40 0.107
33 47 0.155
33 51 0.148
33 64 0.119
33 66 0.128
33 71 0.135
33 75 0.088
33 77 0.153
33 81 0.151
33 86 0.133
33 88 0.083
33 90 0.151
33 93 0.202
33 98 0.107
33 100 0.132
33 107 0.16
33 109 0.181
34 79 1
34 52 0.96
34 56 0.771
34 41 0.743
34 57 0.812
34 93 1
34 91 0.918
34 86 0.951
34 96 0.706
34 60 0.97
34 95 0.734
34 71 0.704
34 70 0.112
34 68 0.375
34 74 0.184
34 35 0.199
34 39 0.154
34 63 0.277
34 77 0.143
34 102 0.28
34 43 0.156
34 59 0.106
34 62 0.154
34 64 0.132
34 66 0.131
34 88 0.158
34 90 0.162
34 98 0.154
34 48 0.223
34 49 0.145
34 53 0.183
34 69 0.221
34 80 0.102
34 81 0.157
34 94 0.188
34 97 0.087
34 100 0.144
34 101 0.15
34 104 0.208
34 109 0.101
34 37 0.169
34 46 0.147
34 54 0.148
34 67 0.147
34 75 0.155
34 76 0.167
34 85 0.143
34 87 0.167
34 89 0.173
34 92 0.138
34 103 0.129
34 105 0.196
34 106 0.195
34 107 0.13
34 108 0.135
35 101 0.703
35 44 1
35 38 0.79
35 54 0.795
35 46 0.672
35 88 0.777
35 57 0.955
35 37 0.927
35 64 0.628
35 53 0.593
35 92 0.109
35 76 0.236
35 83 0.051
35 93 0.216
35 59 0.18
35 48 0.092
35 61 0.175
35 81 0.494
35 96 0.24
35 85 0.404
35 47 0.324
35 49 0.148
35 70 0.137
35 82 0.194
35 86 0.083
35 100 0.128
35 102 0.16
35 36 0.168
35 39 0.144
35 73 0.168
35 74 0.098
35 79 0.169
35 84 0.258
35 94 0.125
35 106 0.131
35 107 0.131
35 108 0.13
35 109 0.335
35 40 0.113
35 41 0.151
35 45 0.137
35 50 0.185
35 56 0.185
35 58 0.152
35 66 0.136
35 68 0.141
35 72 0.135
35 75 0.134
35 78 0.144
35 87 0.15
35 90 0.111
35 95 0.18
35 97 0.14
35 98 0.141
35 104 0.113
36 45 0.826
36 48 1
36 102 1
36 51 0.98
36 57 0.878
36 88 0.581
36 103 1
36 82 0.583
36 52 0.072
36 67 0.343
36 71 0.143
36 69 0.094
36 83 0.305
36 37 0.201
36 62 0.163
36 84 0.175
36 99 0.128
36 104 0.166
36 41 0.194
36 75 0.101
36 101 0.009
36 105 0.352
36 39 0.116
36 43 0.136
36 49 0.199
36 63 0.181
36 64 0.182
36 74 0.153
36 76 0.134
36 79 0.161
36 91 0.152
36 93 0.205
36 94 0.142
36 97 0.211
36 106 0.051
36 38 0.145
36 40 0.138
36 44 0.141
36 46 0.138
36 60 0.136
36 65 0.143
36 66 0.144
36 68 0.154
36 70 0.156
36 77 0.116
36 78 0.159
36 80 0.159
36 87 0.138
36 95 0.162
36 100 0.137
36 107 0.147
36 108 0.171
36 109 0.135
37 85 1
37 95 0.945
37 60 0.582
37 106 0.087
37 48 0.181
37 107 0.14
37 89 0.377
37 56 0.139
37 65 0.287
37 88 0.016
37 52 0.139
37 96 0.143
37 78 0.144
37 79 0.204
37 82 0.214
37 109 0.17
37 38 0.104
37 51 0.139
37 57 0.168
37 66 0.122
37 68 0.162
37 73 0.114
37 91 0.134
37 97 0.232
37 99 0.18
37 100 0.351
37 101 0.088
37 39 0.122
37 42 0.189
37 43 0.153
37 45 0.135
37 47 0.191
37 50 0.189
37 64 0.189
37 67 0.168
37 70 0.162
37 74 0.148
37 76 0.163
37 80 0.151
37 84 0.108
37 87 0.138
37 92 0.185
37 102 0.14
37 103 0.14
37 104 0.134
37 108 0.137
38 100 0.937
38 56 0.882
38 57 1
38 80 0.987
38 87 0.687
38 58 0.64
38 96 0.581
38 48 0.121
38 49 0.308
38 99 0.47
38 105 0.105
38 55 0.148
38 60 0.225
38 69 0.215
38 71 0.102
38 98 0.232
38 101 0.063
38 39 0.173
38 40 0.069
38 54 0.103
38 79 0.159
38 108 0.113
38 45 0.089
38 51 0.115
38 61 0.144
38 75 0.176
38 104 0.14
38 107 0.196
38 47 0.149
38 65 0.169
38 67 0.17
38 81 0.181
38 82 0.222
38 86 0.135
38 91 0.215
38 93 0.132
38 103 0.161
38 42 0.173
38 44 0.102
38 46 0.121
38 59 0.11
38 62 0.166
38 68 0.157
38 74 0.16
38 78 0.115
38 84 0.128
38 89 0.121
38 90 0.157
38 95 0.156
38 109 0.186
39 71 0.788
39 45 0.685
39 58 0.099
39 47 0.534
39 81 0.095
39 42 0.053
39 55 0.176
39 79 0.223
39 80 0.303
39 82 0.19
39 84 0.103
39 96 0.145
39 98 0.128
39 109 0.203
39 40 0.062
39 50 0.19
39 57 0.13
39 65 0.13
39 68 0.14
39 69 0.031
39 70 0.138
39 83 0.16
39 92 0.174
39 100 0.166
39 107 0.146
39 41 0.164
39 56 0.11
39 59 0.123
39 60 0.182
39 62 0.163
39 63 0.137
39 64 0.122
39 67 0.135
39 74 0.175
39 85 0.13
39 88 0.11
39 91 0.13
39 102 0.127
39 104 0.15
39 105 0.151
40 92 1
40 105 0.264
40 99 0.989
40 84 0.524
40 107 0.53
40 76 0.661
40 71 0.226
40 52 0.163
40 78 0.15
40 98 0.095
40 55 0.282
40 63 0.1
40 66 0.156
40 53 0.183
40 61 0.113
40 68 0.312
40 69 0.114
40 77 0.165
40 95 0.199
40 101 0.124
40 43 0.045
40 47 0.147
40 49 0.11
40 74 0.098
40 80 0.122
40 85 0.142
40 88 0.241
40 93 0.153
40 102 0.249
40 109 0.179
40 46 0.113
40 51 0.155
40 56 0.133
40 57 0.176
40 58 0.14
40 59 0.133
40 60 0.167
40 64 0.18
40 67 0.155
40 70 0.175
40 75 0.159
40 82 0.128
40 83 0.097
40 87 0.133
40 96 0.13
40 97 0.149
40 103 0.143
40 104 0.187
40 106 0.161
41 63 0.908
41 79 0.507
41 60 0.878
41 65 0.656
41 84 0.179
41 85 0.287
41 62 0.002
41 58 0.123
41 77 0.241
41 88 0.192
41 54 0.319
41 64 0.144
41 68 0.146
41 74 0.196
41 93 0.262
41 99 0.116
41 44 0.123
41 53 0.123
41 56 0.078
41 59 0.182
41 61 0.159
41 66 0.164
41 75 0.14
41 94 0.191
41 96 0.153
41 97 0.103
41 98 0.147
41 100 0.181
41 108 0.131
41 43 0.166
41 46 0.191
41 48 0.156
41 50 0.155
41 52 0.13
41 55 0.164
41 69 0.175
41 70 0.182
41 71 0.175
41 72 0.137
41 81 0.118
41 87 0.159
41 91 0.104
41 92 0.174
41 101 0.132
41 102 0.169
41 104 0.205
41 109 0.111
42 76 0.862
42 78 0.505
42 97 0.972
42 108 1
42 75 0.133
42 99 0.136
42 50 0.242
42 86 0.217
42 65 0.06
42 44 0.213
42 53 0.135
42 54 0.187
42 71 0.267
42 81 0.389
42 93 0.149
42 96 0.149
42 55 0.098
42 66 0.091
42 83 0.139
42 101 0.115
42 106 0.162
42 107 0.146
42 45 0.19
42 56 0.143
42 64 0.176
42 68 0.128
42 69 0.176
42 74 0.126
42 77 0.117
42 95 0.164
42 47 0.138
42 49 0.11
42 59 0.144
42 62 0.156
42 70 0.128
42 80 0.158
42 87 0.127
42 89 0.095
42 98 0.185
42 103 0.174
43 72 1
43 87 0.668
43 50 0.835
43 60 0.9
43 79 0.77
43 52 0.16
43 97 0.065
43 55 0.351
43 90 0.09
43 83 0.185
43 49 0.169
43 64 0.199
43 88 0.172
43 99 0.081
43 104 0.031
43 51 0.127
43 54 0.24
43 59 0.057
43 62 0.151
43 65 0.042
43 80 0.221
43 82 0.16
43 86 0.104
43 94 0.136
43 98 0.086
43 103 0.179
43 107 0.115
43 108 0.167
43 45 0.161
43 47 0.181
43 48 0.123
43 56 0.161
43 66 0.116
43 75 0.086
43 76 0.129
43 78 0.207
43 81 0.134
43 84 0.138
43 91 0.175
43 92 0.17
43 95 0.155
43 102 0.164
44 59 0.923
44 55 0.955
44 46 0.701
44 93 0.881
44 65 0.854
44 83 0.775
44 84 0.906
44 67 0.408
44 79 0.214
44 95 0.166
44 53 0.195
44 74 0.134
44 90 0.124
44 47 0.137
44 78 0.131
44 91 0.268
44 101 0.172
44 102 0.182
44 105 0.135
44 109 0.13
44 50 0.153
44 51 0.168
44 54 0.189
44 56 0.205
44 57 0.17
44 61 0.136
44 62 0.129
44 64 0.146
44 68 0.171
44 70 0.095
44 71 0.197
44 72 0.123
44 73 0.131
44 75 0.124
44 77 0.102
44 86 0.159
44 88 0.157
44 100 0.166
44 106 0.128
44 108 0.172
45 64 0.935
45 96 0.592
45 65 0.962
45 93 0.897
45 79 0.481
45 84 0.332
45 47 0.189
45 76 0.113
45 104 0.186
45 55 0.238
45 63 0.007
45 66 0.165
45 71 0.023
45 74 0.209
45 81 0.379
45 60 0.184
45 67 0.149
45 83 0.156
45 101 0.12
45 48 0.14
45 54 0.106
45 56 0.124
45 58 0.147
45 70 0.155
45 80 0.148
45 82 0.012
45 87 0.156
45 88 0.143
45 89 0.181
45 95 0.164
45 105 0.188
45 107 0.129
45 46 0.114
45 49 0.147
45 50 0.163
45 51 0.178
45 52 0.145
45 57 0.153
45 62 0.095
45 69 0.114
45 72 0.163
45 73 0.172
45 75 0.148
45 77 0.092
45 78 0.156
45 85 0.175
45 94 0.162
45 97 0.157
45 102 0.158
45 103 0.172
45 108 0.145
46 104 0.927
46 98 0.555
46 94 0.859
46 67 0.903
46 84 0.611
46 102 0.888
46 48 0.116
46 71 0.193
46 83 0.167
46 66 0.234
46 55 0.102
46 89 0.133
46 54 0.128
46 56 0.144
46 70 0.151
46 78 0.154
46 82 0.09
46 85 0.145
46 91 0.036
46 93 0.08
46 95 0.15
46 96 0.22
46 101 0.26
46 108 0.108
46 109 0.125
46 47 0.154
46 49 0.186
46 57 0.107
46 58 0.157
46 63 0.183
46 64 0.192
46 65 0.147
46 72 0.157
46 74 0.165
46 77 0.083
46 79 0.134
46 99 0.178
46 100 0.135
46 103 0.192
47 50 0.828
47 92 0.745
47 70 1
47 60 0.917
47 57 0.868
47 64 0.403
47 55 0.206
47 65 0.343
47 97 0.333
47 49 0.017
47 54 0.22
47 61 0.21
47 52 0.114
47 53 0.157
47 79 0.172
47 102 0.179
47 103 0.14
47 107 0.063
47 108 0.115
47 51 0.169
47 56 0.221
47 58 0.111
47 63 0.296
47 78 0.198
47 82 0.153
47 84 0.191
47 90 0.132
47 106 0.204
47 109 0.139
47 66 0.167
47 67 0.132
47 68 0.157
47 69 0.169
47 73 0.12
47 75 0.187
47 76 0.164
47 81 0.126
47 83 0.161
47 85 0.156
47 86 0.135
47 87 0.149
47 95 0.159
47 96 0.12
47 98 0.084
47 99 0.125
47 104 0.114
48 95 0.553
48 54 0.7
48 71 1
48 109 0.806
48 72 0.687
48 52 0.279
48 75 0.142
48 89 0.144
48 102 0.15
48 106 0.252
48 51 0.175
48 62 0.18
48 66 0.174
48 68 0.066
48 77 0.16
48 86 0.033
48 50 0.122
48 53 0.111
48 55 0.25
48 56 0.166
48 69 0.156
48 84 0.185
48 92 0.22
48 94 0.181
48 97 0.224
48 101 0.205
48 105 0.125
48 108 0.216
48 49 0.105
48 64 0.129
48 70 0.093
48 76 0.146
48 81 0.081
48 82 0.147
48 90 0.127
48 103 0.145
49 95 0.593
49 67 1
49 52 0.651
49 61 1
49 87 0.809
49 55 0.206
49 83 0.1
49 59 0.161
49 73 0.239
49 86 0.012
49 99 0.184
49 53 0.082
49 56 0.12
49 58 0.128
49 62 0.114
49 64 0.109
49 69 0.206
49 70 0.179
49 74 0.139
49 75 0.137
49 76 0.034
49 80 0.119
49 89 0.498
49 90 0.136
49 100 0.246
49 104 0.185
49 108 0.106
49 109 0.138
49 54 0.176
49 63 0.114
49 72 0.156
49 77 0.14
49 82 0.123
49 88 0.17
49 93 0.091
49 97 0.116
49 98 0.127
49 101 0.147
49 105 0.204
50 105 1
50 61 0.759
50 73 0.979
50 55 0.912
50 69 0.912
50 81 1
50 102 0.876
50 70 0.88
50 66 0.293
50 67 0.133
50 59 0.214
50 83 0.357
50 51 0.164
50 62 0.157
50 99 0.148
50 52 0.186
50 72 0.158
50 107 0.18
50 109 0.206
50 65 0.104
50 74 0.12
50 78 0.06
50 79 0.169
50 82 0.114
50 90 0.154
50 95 0.184
50 96 0.171
50 103 0.076
50 108 0.162
50 56 0.147
50 57 0.185
50 75 0.151
50 88 0.157
50 91 0.16
50 97 0.185
50 98 0.133
50 100 0.149
50 101 0.132
50 104 0.14
51 78 0.561
51 63 0.691
51 94 0.201
51 90 0.042
51 61 0.009
51 72 0.158
51 66 0.188
51 68 0.141
51 102 0.067
51 53 0.176
51 54 0.113
51 62 0.116
51 76 0.157
51 96 0.183
51 105 0.161
51 109 0.194
51 56 0.098
51 58 0.207
51 75 0.125
51 84 0.129
51 85 0.239
51 89 0.194
51 91 0.14
51 97 0.107
51 100 0.184
51 52 0.135
51 59 0.18
51 64 0.168
51 65 0.112
51 69 0.142
51 71 0.132
51 73 0.088
51 77 0.188
51 80 0.113
51 82 0.193
51 93 0.08
51 95 0.141
51 98 0.144
51 101 0.145
51 104 0.174
51 107 0.161
52 89 0.787
52 57 0.816
52 77 0.839
52 55 0.862
52 70 0.924
52 96 1
52 78 0.825
52 66 0.169
52 103 0.197
52 90 0.171
52 54 0.165
52 63 0.063
52 68 0.014
52 72 0.165
52 76 0.062
52 82 0.156
52 53 0.188
52 94 0.272
52 97 0.152
52 56 0.129
52 58 0.139
52 81 0.036
52 86 0.152
52 102 0.164
52 62 0.11
52 67 0.189
52 69 0.011
52 71 0.133
52 74 0.218
52 75 0.16
52 91 0.098
52 99 0.118
52 106 0.115
52 60 0.146
52 61 0.131
52 65 0.14
52 79 0.111
52 80 0.14
52 83 0.155
52 84 0.13
52 85 0.159
52 92 0.142
52 107 0.217
53 79 1
53 93 0.723
53 92 0.865
53 102 0.699
53 96 0.944
53 81 1
53 98 0.142
53 72 0.137
53 105 0.291
53 109 0.064
53 66 0.134
53 95 0.244
53 107 0.115
53 55 0.286
53 88 0.235
53 104 0.266
53 64 0.18
53 70 0.265
53 69 0.133
53 84 0.169
53 89 0.209
53 58 0.251
53 65 0.144
53 76 0.137
53 103 0.102
53 108 0.107
53 59 0.138
53 60 0.14
53 61 0.211
53 63 0.174
53 75 0.239
53 77 0.191
53 83 0.05
53 85 0.17
53 86 0.1
53 99 0.189
53 100 0.119
53 54 0.163
53 57 0.155
53 62 0.145
53 67 0.19
53 68 0.152
53 71 0.198
53 73 0.17
53 78 0.227
53 80 0.174
53 90 0.116
53 94 0.151
53 106 0.134
54 73 1
54 78 0.749
54 65 0.548
54 103 0.978
54 87 0.476
54 84 0.149
54 94 0.113
54 57 0.171
54 62 0.149
54 76 0.123
54 80 0.156
54 81 0.089
54 83 0.111
54 91 0.142
54 55 0.143
54 58 0.174
54 61 0.094
54 67 0.186
54 71 0.16
54 75 0.092
54 85 0.152
54 100 0.137
54 64 0.167
54 79 0.098
54 86 0.14
54 88 0.136
54 90 0.167
54 93 0.134
54 95 0.154
54 97 0.088
54 101 0.14
54 102 0.138
54 104 0.143
54 105 0.227
54 106 0.161
55 71 1
55 85 0.909
55 83 0.899
55 87 0.689
55 56 0.269
55 60 0.144
55 94 0.13
55 68 0.102
55 86 0.03
55 107 0.169
55 57 0.146
55 63 0.185
55 67 0.13
55 80 0.208
55 82 0.18
55 91 0.14
55 95 0.091
55 96 0.127
55 59 0.129
55 62 0.13
55 64 0.14
55 66 0.118
55 69 0.201
55 70 0.122
55 72 0.142
55 73 0.157
55 76 0.117
55 78 0.169
55 84 0.139
55 88 0.192
55 90 0.155
55 93 0.14
55 97 0.139
55 99 0.204
55 101 0.131
55 103 0.173
55 104 0.086
55 106 0.159
55 108 0.149
56 90 0.802
56 59 0.692
56 62 1
56 75 0.366
56 78 0.267
56 101 0.548
56 68 0.131
56 70 0.065
56 74 0.119
56 87 0.132
56 93 0.158
56 64 0.156
56 67 0.165
56 65 0.113
56 73 0.129
56 79 0.144
56 80 0.204
56 96 0.187
56 99 0.184
56 103 0.175
56 105 0.168
56 106 0.157
56 107 0.131
56 60 0.144
56 72 0.145
56 77 0.15
56 82 0.17
56 83 0.159
56 84 0.137
56 86 0.2
56 88 0.173
56 97 0.187
56 100 0.164
56 104 0.147
56 108 0.123
56 109 0.119
57 96 0.902
57 73 0.908
57 77 0.793
57 76 0.996
57 91 0.542
57 66 0.324
57 86 0.083
57 100 0.069
57 67 0.193
57 88 0.505
57 104 0.278
57 75 0.059
57 81 0.133
57 103 0.271
57 61 0.083
57 74 0.283
57 83 0.139
57 90 0.056
57 102 0.138
57 109 0.137
57 64 0.065
57 80 0.111
57 94 0.138
57 99 0.185
57 101 0.123
57 107 0.138
57 108 0.137
57 59 0.201
57 63 0.185
57 68 0.192
57 71 0.173
57 78 0.112
57 79 0.149
57 84 0.123
58 69 0.55
58 80 0.702
58 96 0.773
58 74 0.806
58 92 0.796
58 86 0.548
58 73 0.009
58 81 0.083
58 100 0.16
58 71 0.111
58 109 0.279
58 79 0.098
58 83 0.168
58 106 0.156
58 63 0.134
58 82 0.203
58 90 0.023
58 59 0.156
58 60 0.164
58 61 0.112
58 65 0.135
58 72 0.179
58 76 0.212
58 77 0.128
58 85 0.159
58 88 0.168
58 89 0.147
58 94 0.146
58 97 0.128
58 99 0.186
58 101 0.108
58 102 0.142
58 103 0.15
58 104 0.195
58 105 0.157
58 107 0.187
59 98 0.729
59 62 0.677
59 84 0.867
59 88 0.749
59 63 1
59 82 0.768
59 101 0.167
59 67 0.163
59 60 0.131
59 103 0.163
59 105 0.128
59 108 0.208
59 109 0.218
59 69 0.154
59 73 0.121
59 61 0.144
59 65 0.229
59 66 0.174
59 74 0.181
59 76 0.165
59 77 0.13
59 86 0.138
59 89 0.14
59 93 0.175
59 64 0.145
59 70 0.175
59 78 0.182
59 83 0.209
59 87 0.183
59 90 0.162
59 91 0.136
59 95 0.172
59 97 0.159
59 99 0.157
59 104 0.15
60 84 0.697
60 103 0.996
60 106 1
60 80 0.784
60 66 0.787
60 74 0.78
60 69 0.179
60 87 0.062
60 95 0.135
60 67 0.088
60 68 0.148
60 94 0.239
60 102 0.165
60 61 0.085
60 90 0.141
60 100 0.195
60 109 0.195
60 62 0.187
60 71 0.133
60 77 0.105
60 79 0.139
60 83 0.266
60 88 0.204
60 101 0.17
60 63 0.12
60 65 0.144
60 72 0.08
60 73 0.13
60 76 0.162
60 91 0.165
60 97 0.18
60 104 0.195
61 78 0.872
61 69 0.924
61 64 0.584
61 83 0.811
61 93 0.358
61 73 0.199
61 84 0.194
61 70 0.07
61 81 0.175
61 96 0.252
61 63 0.366
61 65 0.213
61 90 0.12
61 92 0.17
61 95 0.132
61 99 0.168
61 100 0.135
61 109 0.106
61 62 0.166
61 66 0.167
61 71 0.118
61 75 0.207
61 82 0.144
61 85 0.154
61 88 0.165
61 89 0.226
61 91 0.161
61 94 0.165
61 97 0.135
61 101 0.081
61 102 0.199
61 103 0.118
61 105 0.192
62 92 0.541
62 63 0.53
62 100 1
62 80 0.803
62 87 0.9
62 97 0.142
62 104 0.052
62 93 0.12
62 66 0.073
62 73 0.112
62 82 0.229
62 85 0.224
62 70 0.171
62 98 0.171
62 101 0.6
62 67 0.158
62 76 0.213
62 81 0.184
62 83 0.173
62 86 0.103
62 99 0.146
62 64 0.169
62 65 0.162
62 74 0.069
62 75 0.178
62 77 0.173
62 79 0.162
62 91 0.176
62 94 0.146
62 102 0.14
62 103 0.153
62 106 0.181
62 108 0.14
62 109 0.152
63 102 0.984
63 106 0.869
63 69 0.855
63 109 0.087
63 65 0.118
63 72 0.05
63 67 0.107
63 71 0.252
63 74 0.056
63 75 0.14
63 79 0.144
63 93 0.107
63 66 0.141
63 68 0.195
63 77 0.191
63 78 0.115
63 85 0.143
63 86 0.162
63 87 0.118
63 99 0.12
63 103 0.25
63 107 0.13
63 64 0.127
63 73 0.118
63 80 0.158
63 81 0.148
63 88 0.156
63 90 0.166
63 94 0.086
64 79 0.569
64 65 1
64 80 1
64 108 0.856
64 68 0.918
64 71 1
64 83 0.365
64 84 0.269
64 77 0.339
64 87 0.08
64 89 0.079
64 101 0.187
64 109 0.169
64 81 0.17
64 86 0.125
64 69 0.329
64 73 0.15
64 82 0.208
64 98 0.147
64 66 0.189
64 67 0.17
64 70 0.14
64 78 0.128
64 85 0.199
64 88 0.182
64 90 0.148
64 97 0.147
64 100 0.142
64 103 0.172
64 106 0.169
64 107 0.223
65 102 0.796
65 95 1
65 104 0.977
65 108 0.636
65 66 0.017
65 71 0.27
65 75 0.148
65 107 0.057
65 101 0.312
65 82 0.129
65 85 0.173
65 100 0.204
65 106 0.16
65 72 0.092
65 80 0.123
65 84 0.227
65 91 0.044
65 97 0.17
65 70 0.172
65 83 0.135
65 86 0.087
65 89 0.16
65 99 0.126
66 92 0.737
66 88 0.233
66 84 0.183
66 86 0.067
66 69 0.267
66 76 0.097
66 85 0.148
66 96 0.169
66 97 0.394
66 93 0.19
66 102 0.171
66 106 0.112
66 68 0.041
66 70 0.219
66 77 0.139
66 78 0.115
66 103 0.151
66 105 0.213
66 67 0.116
66 74 0.135
66 81 0.178
66 82 0.104
66 90 0.17
66 91 0.138
66 100 0.157
66 107 0.146
66 108 0.105
66 109 0.163
67 103 0.73
67 87 0.531
67 86 0.744
67 99 0.002
67 74 0.187
67 95 0.051
67 100 0.215
67 104 0.177
67 109 0.149
67 75 0.12
67 79 0.223
67 98 0.1
67 68 0.11
67 72 0.127
67 93 0.145
67 106 0.226
67 108 0.166
67 70 0.119
67 71 0.201
67 73 0.097
67 76 0.149
67 77 0.155
67 78 0.155
67 88 0.198
67 89 0.156
67 92 0.168
67 94 0.088
67 107 0.157
68 88 0.8
68 100 0.888
68 73 1
68 82 0.815
68 94 0.936
68 87 0.126
68 102 0.194
68 98 0.152
68 105 0.145
68 76 0.067
68 78 0.129
68 84 0.151
68 101 0.136
68 106 0.113
68 71 0.115
68 77 0.15
68 91 0.139
68 69 0.15
68 72 0.087
68 74 0.134
68 75 0.115
68 80 0.174
68 81 0.141
68 83 0.142
68 85 0.151
68 89 0.133
68 92 0.133
68 97 0.184
68 99 0.186
68 103 0.157
68 107 0.176
69 71 0.751
69 91 0.863
69 81 0.26
69 82 0.11
69 84 0.185
69 88 0.06
69 94 0.228
69 70 0.134
69 89 0.011
69 103 0.161
69 104 0.391
69 106 0.186
69 72 0.164
69 74 0.073
69 80 0.147
69 85 0.151
69 87 0.139
69 92 0.155
69 95 0.053
69 96 0.106
69 97 0.151
69 100 0.157
69 101 0.169
69 77 0.124
69 83 0.105
69 90 0.163
69 93 0.184
69 98 0.181
69 108 0.175
69 109 0.155
70 106 0.225
70 73 0.101
70 78 0.337
70 83 0.152
70 84 0.138
70 89 0.009
70 90 0.17
70 92 0.151
70 107 0.24
70 74 0.122
70 76 0.117
70 86 0.147
70 97 0.093
70 102 0.12
70 108 0.155
70 71 0.111
70 79 0.135
70 81 0.196
70 88 0.169
70 91 0.115
70 93 0.119
70 96 0.125
70 98 0.144
70 99 0.152
70 103 0.137
70 105 0.166
71 95 0.768
71 91 0.749
71 74 0.59
71 83 0.499
71 86 0.591
71 104 0.166
71 108 0.337
71 75 0.127
71 82 0.168
71 93 0.201
71 81 0.222
71 89 0.173
71 97 0.161
71 100 0.141
71 72 0.178
71 78 0.104
71 80 0.234
71 85 0.164
71 88 0.14
71 98 0.158
71 101 0.157
71 102 0.152
71 76 0.17
71 77 0.096
71 79 0.154
71 90 0.161
71 94 0.116
71 99 0.161
71 103 0.152
71 106 0.164
71 109 0.168
72 94 1
72 96 0.735
72 85 0.855
72 100 0.807
72 107 0.975
72 80 0.32
72 106 0.233
72 75 0.119
72 79 0.137
72 83 0.097
72 109 0.114
72 73 0.091
72 86 0.13
72 97 0.128
72 102 0.173
72 92 0.173
72 99 0.177
72 77 0.171
72 78 0.222
72 101 0.145
72 104 0.185
72 108 0.16
73 85 0.874
73 104 0.183
73 103 0.108
73 98 0.095
73 101 0.17
73 82 0.117
73 90 0.56
73 78 0.116
73 88 0.146
73 81 0.202
73 84 0.136
73 86 0.112
73 102 0.203
73 109 0.163
73 74 0.101
73 75 0.169
73 89 0.146
73 91 0.135
73 92 0.183
73 95 0.15
73 96 0.22
73 105 0.11
74 101 0.562
74 103 0.936
74 76 0.898
74 89 0.053
74 80 0.171
74 77 0.155
74 81 0.121
74 84 0.244
74 85 0.126
74 94 0.162
74 97 0.168
74 102 0.147
74 105 0.181
74 106 0.151
74 108 0.153
74 83 0.135
74 86 0.221
74 87 0.152
74 90 0.131
74 91 0.18
74 92 0.167
74 99 0.159
74 100 0.16
74 104 0.197
74 107 0.205
74 109 0.156
75 101 0.785
75 78 1
75 79 0.67
75 102 0.065
75 89 0.167
75 104 0.077
75 93 0.127
75 96 0.14
75 100 0.168
75 106 0.194
75 76 0.134
75 77 0.107
75 81 0.2
75 84 0.116
75 86 0.204
75 87 0.118
75 88 0.134
75 90 0.189
75 95 0.13
75 97 0.168
75 98 0.171
75 103 0.164
75 107 0.214
75 108 0.179
76 88 1
76 102 1
76 79 0.815
76 108 0.066
76 94 0.073
76 104 0.132
76 100 0.267
76 77 0.184
76 89 0.155
76 92 0.095
76 93 0.18
76 98 0.229
76 105 0.221
76 107 0.147
76 109 0.149
76 80 0.133
76 81 0.165
76 82 0.128
76 90 0.126
76 91 0.185
76 95 0.161
76 96 0.149
76 97 0.129
76 101 0.147
76 103 0.107
77 85 1
77 105 0.977
77 108 1
77 86 1
77 101 0.729
77 106 0.304
77 81 0.096
77 91 0.062
77 97 0.198
77 78 0.233
77 88 0.136
77 90 0.105
77 94 0.139
77 95 0.329
77 99 0.145
77 103 0.267
77 79 0.117
77 82 0.158
77 84 0.138
77 87 0.118
77 100 0.164
77 104 0.18
77 107 0.154
77 109 0.127
78 93 0.854
78 81 0.82
78 90 1
78 79 0.189
78 103 0.178
78 85 0.149
78 86 0.147
78 91 0.109
78 94 0.149
78 98 0.129
78 105 0.13
78 83 0.145
78 88 0.045
78 101 0.117
78 102 0.191
78 107 0.014
78 80 0.131
78 84 0.159
78 96 0.13
78 99 0.18
78 104 0.134
78 108 0.177
78 109 0.128
79 103 0.894
79 80 0.798
79 91 0.524
79 106 0.061
79 81 0.16
79 86 0.181
79 88 0.221
79 97 0.17
79 85 0.162
79 98 0.056
79 99 0.167
79 101 0.141
79 94 0.129
79 104 0.11
79 82 0.13
79 84 0.211
79 87 0.135
79 96 0.122
79 107 0.193
80 104 0.945
80 85 0.254
80 101 0.263
80 81 0.176
80 90 0.284
80 94 0.154
80 106 0.221
80 82 0.286
80 84 0.14
80 89 0.271
80 102 0.138
80 86 0.142
80 93 0.114
80 107 0.176
80 95 0.079
80 96 0.113
80 97 0.158
80 103 0.163
80 108 0.164
81 91 0.733
81 95 0.699
81 97 0.537
81 83 0.241
81 89 0.136
81 102 0.136
81 84 0.214
81 86 0.164
81 88 0.255
81 99 0.159
81 104 0.179
81 85 0.147
81 87 0.155
81 90 0.135
81 92 0.104
81 93 0.212
81 94 0.111
81 98 0.118
81 101 0.171
81 103 0.169
81 106 0.126
81 107 0.16
82 87 0.766
82 95 0.946
82 91 0.794
82 100 0.834
82 88 0.218
82 108 0.313
82 90 0.069
82 92 0.12
82 105 0.14
82 101 0.178
82 103 0.119
82 104 0.082
82 86 0.156
82 97 0.18
82 106 0.123
82 107 0.173
82 109 0.128
83 108 0.99
83 106 0.997
83 102 0.603
83 88 0.233
83 107 0.107
83 92 0.09
83 98 0.141
83 89 0.2
83 95 0.262
83 101 0.337
83 103 0.13
83 87 0.133
83 90 0.159
83 96 0.155
83 100 0.125
84 93 1
84 102 1
84 88 0.125
84 104 0.081
84 99 0.153
84 103 0.197
84 85 0.134
84 87 0.2
84 89 0.207
84 90 0.143
84 91 0.136
84 92 0.184
84 95 0.16
84 97 0.142
84 98 0.167
84 101 0.174
84 106 0.199
84 107 0.136
84 108 0.132
85 86 0.858
85 93 0.276
85 103 0.069
85 107 0.183
85 92 0.138
85 108 0.035
85 88 0.295
85 94 0.133
85 96 0.15
85 97 0.166
85 100 0.049
85 104 0.123
85 89 0.182
85 99 0.132
85 102 0.162
85 105 0.212
85 109 0.16
86 87 0.955
86 93 1
86 100 0.854
86 103 0.093
86 104 0.012
86 90 0.134
86 95 0.137
86 106 0.181
86 91 0.122
86 102 0.149
86 108 0.23
86 88 0.156
86 89 0.152
86 98 0.166
86 101 0.168
86 109 0.177
87 91 0.901
87 100 0.907
87 105 0.965
87 101 0.147
87 104 0.154
87 94 0.049
87 96 0.124
87 106 0.159
87 107 0.179
87 88 0.144
87 93 0.173
87 99 0.127
87 102 0.171
87 108 0.216
87 109 0.182
88 107 0.702
88 92 0.217
88 93 0.153
88 94 0.159
88 101 0.276
88 97 0.129
88 103 0.171
88 104 0.147
88 106 0.191
88 109 0.105
89 105 0.927
89 107 0.799
89 92 0.932
89 100 0.097
89 104 0.216
89 93 0.061
89 99 0.134
89 101 0.192
89 106 0.145
89 109 0.15
89 91 0.132
89 94 0.134
89 96 0.132
89 97 0.228
89 98 0.143
89 103 0.113
89 108 0.167
90 99 0.104
90 96 0.156
90 92 0.219
90 101 0.129
90 103 0.308
90 91 0.164
90 100 0.183
90 108 0.161
90 109 0.17
91 108 0.935
91 98 0.249
91 109 0.27
91 107 0.132
91 97 0.133
91 105 0.001
91 106 0.127
91 93 0.137
91 94 0.155
91 100 0.101
91 101 0.202
91 102 0.165
91 103 0.141
91 96 0.124
91 99 0.141
91 104 0.163
92 103 0.891
92 96 0.193
92 106 0.206
92 107 0.174
92 93 0.171
92 97 0.137
92 98 0.094
92 99 0.115
92 101 0.206
92 102 0.103
92 104 0.19
92 109 0.126
93 99 0.969
93 104 0.103
93 98 0.261
93 96 0.158
93 100 0.176
93 101 0.337
93 94 0.135
93 105 0.209
93 108 0.212
94 101 0.119
94 104 0.025
94 97 0.174
94 109 0.152
94 95 0.11
94 107 0.16
94 96 0.148
94 99 0.149
94 100 0.121
94 105 0.219
94 108 0.131
95 104 0.801
95 99 0.594
95 106 0.884
95 102 0.16
95 105 0.145
95 109 0.154
95 100 0.187
95 103 0.107
96 105 0.722
96 104 0.275
96 98 0.11
96 99 0.154
96 100 0.092
96 109 0.192
96 102 0.171
96 107 0.162
96 97 0.124
96 101 0.144
96 106 0.089
97 107 0.862
97 100 0.048
97 109 0.198
97 98 0.417
97 103 0.13
97 104 0.145
97 99 0.138
97 101 0.129
97 102 0.127
97 105 0.161
97 108 0.08
98 103 0.162
98 102 0.117
98 99 0.143
98 100 0.138
98 104 0.165
98 105 0.166
98 106 0.169
98 109 0.185
99 100 1
99 104 0.157
99 101 0.207
99 103 0.131
99 105 0.148
99 107 0.118
99 108 0.162
99 109 0.196
100 107 0.022
100 103 0.09
100 102 0.2
100 101 0.168
100 105 0.161
100 106 0.13
100 108 0.128
101 104 0.303
101 105 0.144
101 103 0.113
101 108 0.167
102 107 0.295
102 108 0.052
102 109 0.156
103 105 0.171
103 106 0.227
103 107 0.09
103 104 0.157
103 108 0.182
105 109 0.083
106 108 0.201
106 109 0.15
106 107 0.185
107 108 0.173
107 109 0.173
108 109 0.157
