0 72 0.448
0 20 0.846
0 32 0.889
0 103 0.901
0 46 0.989
0 42 0.54
0 47 0.916
0 25 0.684
0 39 0.506
0 91 0.565
0 69 0.757
0 77 0.85
0 58 0.212
0 71 0.167
0 17 0.173
0 19 0.361
0 9 0.159
0 5 0.103
0 50 0.138
0 59 0.317
0 81 0.032
0 96 0.129
0 14 0.09
0 15 0.121
0 35 0.083
0 57 0.197
0 75 0.188
0 98 0.031
0 99 0.217
0 100 0.124
0 105 0.115
0 2 0.152
0 3 0.105
0 6 0.153
0 27 0.18
0 30 0.244
0 33 0.202
0 48 0.16
0 56 0.176
0 66 0.146
0 73 0.155
0 80 0.124
0 108 0.204
0 10 0.155
0 11 0.086
0 22 0.097
0 23 0.149
0 24 0.175
0 31 0.134
0 34 0.109
0 36 0.199
0 37 0.157
0 38 0.166
0 40 0.157
0 44 0.137
0 45 0.156
0 49 0.19
0 52 0.117
0 53 0.137
0 61 0.16
0 62 0.162
0 63 0.175
0 68 0.121
0 70 0.113
0 79 0.115
0 82 0.138
0 83 0.179
0 84 0.236
0 85 0.107
0 86 0.132
0 87 0.143
0 89 0.169
0 90 0.098
0 92 0.097
0 94 0.152
0 97 0.165
0 101 0.196
0 106 0.16
1 61 1
1 81 1
1 59 0.756
1 44 0.876
1 11 0.751
1 103 0.683
1 68 1
1 76 0.891
1 42 0.961
1 16 0.33
1 19 0.026
1 52 0.13
1 104 0.187
1 109 0.122
1 29 0.449
1 2 0.213
1 14 0.147
1 70 0.211
1 71 0.141
1 84 0.209
1 98 0.335
1 105 0.112
1 107 0.229
1 15 0.306
1 39 0.322
1 41 0.181
1 48 0.184
1 65 0.161
1 77 0.144
1 85 0.234
1 92 0.115
1 101 0.214
1 3 0.236
1 7 0.144
1 18 0.146
1 21 0.156
1 35 0.171
1 45 0.171
1 46 0.124
1 47 0.19
1 57 0.143
1 69 0.155
1 72 0.191
1 80 0.156
1 83 0.15
1 8 0.167
1 10 0.143
1 12 0.183
1 17 0.146
1 22 0.151
1 23 0.151
1 24 0.153
1 26 0.125
1 28 0.14
1 30 0.16
1 32 0.139
1 33 0.193
1 36 0.173
1 38 0.139
1 40 0.112
1 49 0.101
1 50 0.153
1 53 0.182
1 54 0.184
1 55 0.153
1 56 0.161
1 62 0.142
1 63 0.19
1 64 0.132
1 67 0.136
1 74 0.167
1 87 0.16
1 93 0.151
1 94 0.236
1 99 0.165
1 102 0.139
1 106 0.177
1 108 0.125
2 33 1
2 27 0.977
2 17 1
2 37 1
2 71 0.895
2 22 0.884
2 70 0.741
2 106 0.587
2 34 0.099
2 94 0.067
2 47 0.095
2 5 0.095
2 24 0.135
2 93 0.341
2 98 0.104
2 7 0.069
2 8 0.248
2 14 0.385
2 25 0.043
2 36 0.172
2 41 0.142
2 53 0.207
2 72 0.162
2 84 0.061
2 86 0.099
2 100 0.232
2 105 0.154
2 3 0.211
2 4 0.163
2 10 0.152
2 13 0.22
2 16 0.183
2 20 0.23
2 28 0.279
2 40 0.191
2 42 0.16
2 45 0.17
2 46 0.133
2 48 0.131
2 52 0.189
2 54 0.186
2 59 0.196
2 74 0.194
2 75 0.09
2 76 0.143
2 87 0.007
2 104 0.203
2 9 0.113
2 12 0.189
2 18 0.195
2 21 0.154
2 23 0.157
2 29 0.152
2 30 0.144
2 31 0.122
2 35 0.18
2 39 0.167
2 57 0.192
2 58 0.148
2 60 0.105
2 62 0.147
2 63 0.153
2 64 0.096
2 65 0.137
2 66 0.119
2 68 0.186
2 73 0.195
2 77 0.116
2 79 0.155
2 82 0.15
2 85 0.15
2 88 0.224
2 89 0.113
2 90 0.151
2 97 0.144
2 102 0.177
2 107 0.171
2 108 0.144
2 109 0.134
3 39 1
3 32 0.734
3 17 0.576
3 14 0.141
3 46 0.214
3 38 0.138
3 77 0.317
3 43 0.067
3 69 0.437
3 103 0.023
3 18 0.239
3 52 0.075
3 53 0.23
3 56 0.164
3 57 0.194
3 85 0.064
3 25 0.166
3 67 0.172
3 75 0.157
3 90 0.222
3 108 0.152
3 9 0.243
3 11 0.147
3 24 0.163
3 41 0.11
3 49 0.126
3 65 0.191
3 79 0.115
3 99 0.116
3 101 0.089
3 107 0.101
3 28 0.106
3 33 0.154
3 45 0.164
3 55 0.176
3 64 0.156
3 74 0.127
3 86 0.192
3 87 0.261
3 98 0.129
3 105 0.172
3 106 0.088
3 109 0.14
3 6 0.182
3 8 0.131
3 10 0.168
3 13 0.147
3 19 0.18
3 22 0.148
3 26 0.093
3 34 0.12
3 37 0.156
3 44 0.137
3 48 0.118
3 54 0.177
3 58 0.206
3 60 0.147
3 61 0.169
3 63 0.102
3 72 0.185
3 73 0.163
3 82 0.152
3 84 0.187
3 92 0.084
3 97 0.163
3 100 0.086
3 102 0.123
3 104 0.138
4 30 1
4 106 0.875
4 100 0.968
4 53 0.516
4 102 0.976
4 92 0.93
4 29 1
4 54 0.551
4 66 0.153
4 36 0.126
4 71 0.196
4 40 0.213
4 41 0.044
4 44 0.181
4 49 0.21
4 72 0.067
4 93 0.016
4 95 0.18
4 34 0.108
4 81 0.081
4 88 0.149
4 94 0.168
4 5 0.147
4 12 0.334
4 13 0.281
4 48 0.121
4 82 0.097
4 84 0.186
4 91 0.195
4 96 0.163
4 109 0.143
4 15 0.212
4 20 0.191
4 24 0.144
4 27 0.144
4 43 0.151
4 47 0.093
4 58 0.158
4 59 0.152
4 60 0.032
4 74 0.151
4 77 0.166
4 87 0.171
4 90 0.238
4 105 0.13
4 107 0.117
4 9 0.084
4 11 0.163
4 14 0.145
4 16 0.139
4 17 0.157
4 19 0.138
4 22 0.188
4 23 0.165
4 25 0.168
4 32 0.158
4 39 0.157
4 45 0.125
4 51 0.128
4 63 0.106
4 64 0.18
4 76 0.115
4 78 0.136
4 83 0.14
4 85 0.126
4 89 0.133
4 99 0.196
4 101 0.169
4 108 0.184
5 17 0.822
5 15 0.85
5 62 0.963
5 43 0.456
5 104 0.663
5 20 0.953
5 13 0.802
5 32 0.864
5 39 1
5 75 1
5 22 0.995
5 16 1
5 42 0.197
5 45 0.032
5 53 0.118
5 31 0.052
5 35 0.167
5 58 0.186
5 107 0.157
5 7 0.15
5 9 0.082
5 41 0.276
5 64 0.186
5 71 0.189
5 78 0.173
5 87 0.152
5 18 0.12
5 30 0.217
5 44 0.105
5 48 0.218
5 69 0.203
5 91 0.125
5 92 0.226
5 95 0.111
5 96 0.128
5 12 0.172
5 33 0.24
5 34 0.161
5 36 0.214
5 57 0.068
5 76 0.205
5 79 0.132
5 93 0.166
5 94 0.142
5 98 0.12
5 8 0.142
5 10 0.158
5 19 0.163
5 24 0.121
5 25 0.174
5 26 0.207
5 27 0.155
5 28 0.174
5 46 0.169
5 50 0.158
5 51 0.148
5 52 0.119
5 56 0.179
5 59 0.116
5 68 0.165
5 73 0.132
5 74 0.152
5 77 0.192
5 84 0.095
5 85 0.175
5 86 0.19
5 90 0.149
5 99 0.138
5 100 0.17
5 103 0.175
5 106 0.078
5 108 0.142
5 109 0.185
6 50 1
6 98 0.374
6 106 0.928
6 84 0.983
6 102 0.783
6 92 0.968
6 64 0.667
6 39 0.563
6 107 0.507
6 88 0.378
6 11 0.174
6 80 0.307
6 13 0.189
6 29 0.243
6 24 0.311
6 8 0.22
6 22 0.255
6 27 0.244
6 38 0.174
6 52 0.123
6 69 0.17
6 45 0.208
6 47 0.169
6 58 0.187
6 59 0.299
6 85 0.109
6 95 0.333
6 7 0.118
6 14 0.17
6 15 0.141
6 20 0.107
6 23 0.158
6 26 0.147
6 31 0.149
6 48 0.153
6 66 0.293
6 74 0.211
6 77 0.179
6 78 0.164
6 79 0.165
6 82 0.091
6 87 0.096
6 101 0.071
6 104 0.152
6 109 0.109
6 9 0.17
6 16 0.191
6 17 0.128
6 18 0.145
6 21 0.136
6 32 0.128
6 36 0.125
6 37 0.111
6 41 0.185
6 46 0.142
6 51 0.121
6 53 0.128
6 56 0.18
6 60 0.167
6 65 0.156
6 71 0.146
6 72 0.157
6 75 0.099
6 76 0.135
6 81 0.157
6 86 0.18
6 89 0.113
6 91 0.093
6 93 0.148
6 94 0.169
6 99 0.093
6 108 0.106
7 49 0.984
7 22 1
7 56 0.644
7 108 0.926
7 50 0.554
7 64 0.74
7 68 0.832
7 77 0.203
7 10 0.28
7 9 0.255
7 18 0.187
7 21 0.137
7 92 0.011
7 106 0.047
7 60 0.067
7 82 0.226
7 26 0.247
7 43 0.213
7 45 0.202
7 46 0.183
7 74 0.363
7 103 0.126
7 17 0.135
7 24 0.15
7 25 0.089
7 29 0.175
7 35 0.146
7 41 0.111
7 51 0.181
7 52 0.158
7 54 0.156
7 61 0.158
7 65 0.092
7 67 0.131
7 104 0.32
7 32 0.224
7 33 0.145
7 38 0.119
7 40 0.151
7 48 0.153
7 58 0.15
7 66 0.111
7 72 0.173
7 76 0.197
7 87 0.144
7 89 0.204
7 91 0.153
7 97 0.149
7 102 0.179
7 12 0.173
7 15 0.144
7 16 0.071
7 19 0.171
7 30 0.139
7 31 0.187
7 44 0.187
7 53 0.181
7 55 0.154
7 57 0.184
7 59 0.179
7 62 0.143
7 69 0.123
7 70 0.139
7 71 0.152
7 73 0.138
7 79 0.155
7 80 0.133
7 81 0.166
7 83 0.172
7 84 0.187
7 94 0.162
7 95 0.183
7 98 0.12
7 99 0.105
8 42 0.845
8 17 0.885
8 24 1
8 37 0.568
8 91 0.678
8 48 0.675
8 46 0.339
8 21 0.658
8 71 0.69
8 40 0.863
8 69 1
8 98 0.806
8 32 0.765
8 28 0.517
8 59 0.431
8 74 0.24
8 76 0.003
8 14 0.102
8 18 0.099
8 16 0.115
8 51 0.154
8 105 0.153
8 109 0.15
8 15 0.266
8 20 0.134
8 27 0.087
8 41 0.188
8 44 0.15
8 62 0.175
8 96 0.009
8 101 0.139
8 106 0.125
8 26 0.169
8 30 0.161
8 34 0.201
8 36 0.084
8 49 0.175
8 54 0.094
8 55 0.099
8 56 0.121
8 58 0.167
8 80 0.059
8 81 0.143
8 82 0.152
8 83 0.11
8 88 0.061
8 93 0.149
8 94 0.093
8 9 0.145
8 11 0.169
8 13 0.131
8 22 0.142
8 23 0.097
8 25 0.145
8 39 0.193
8 43 0.157
8 52 0.145
8 57 0.193
8 61 0.123
8 77 0.206
8 86 0.146
8 87 0.218
8 90 0.147
8 92 0.102
8 95 0.127
8 99 0.138
8 103 0.14
8 104 0.15
9 74 0.872
9 105 0.513
9 47 0.613
9 49 0.744
9 53 0.995
9 42 0.747
9 62 0.703
9 81 0.526
9 93 0.151
9 65 0.188
9 48 0.076
9 68 0.211
9 107 0.314
9 17 0.185
9 104 0.277
9 10 0.169
9 29 0.202
9 37 0.163
9 45 0.062
9 76 0.001
9 90 0.113
9 109 0.204
9 20 0.091
9 23 0.213
9 32 0.1
9 54 0.16
9 57 0.143
9 60 0.12
9 64 0.287
9 70 0.275
9 77 0.154
9 80 0.146
9 83 0.139
9 15 0.198
9 16 0.178
9 18 0.106
9 26 0.137
9 30 0.195
9 31 0.132
9 43 0.178
9 46 0.182
9 51 0.153
9 56 0.114
9 63 0.017
9 75 0.151
9 85 0.224
9 87 0.158
9 91 0.04
9 97 0.18
9 99 0.254
9 11 0.163
9 21 0.115
9 22 0.126
9 24 0.175
9 25 0.204
9 28 0.17
9 33 0.138
9 34 0.148
9 35 0.123
9 38 0.155
9 40 0.145
9 41 0.143
9 44 0.136
9 58 0.116
9 59 0.172
9 61 0.141
9 69 0.145
9 71 0.17
9 78 0.084
9 79 0.165
9 82 0.22
9 86 0.129
9 88 0.175
9 89 0.098
9 94 0.149
9 95 0.175
9 98 0.142
9 101 0.144
9 108 0.191
10 106 0.922
10 54 1
10 55 1
10 52 1
10 33 0.759
10 78 1
10 26 1
10 92 0.922
10 23 1
10 34 0.758
10 109 0.748
10 28 0.957
10 60 0.256
10 18 0.166
10 47 0.114
10 56 0.02
10 68 0.171
10 99 0.159
10 25 0.135
10 43 0.083
10 65 0.247
10 73 0.388
10 89 0.164
10 96 0.167
10 15 0.07
10 22 0.249
10 59 0.309
10 74 0.02
10 77 0.179
10 80 0.124
10 86 0.154
10 90 0.073
10 104 0.079
10 108 0.197
10 16 0.186
10 30 0.148
10 32 0.073
10 35 0.136
10 53 0.15
10 58 0.127
10 72 0.122
10 84 0.147
10 93 0.082
10 11 0.171
10 13 0.134
10 14 0.103
10 19 0.158
10 24 0.121
10 29 0.132
10 31 0.182
10 36 0.143
10 37 0.156
10 38 0.125
10 41 0.204
10 42 0.129
10 44 0.111
10 46 0.122
10 50 0.111
10 61 0.133
10 63 0.138
10 64 0.119
10 66 0.09
10 70 0.145
10 83 0.176
10 85 0.102
10 87 0.153
10 88 0.188
10 95 0.166
10 97 0.139
10 100 0.193
10 102 0.169
10 103 0.116
10 107 0.142
11 30 0.75
11 14 0.842
11 55 0.754
11 28 0.79
11 80 0.775
11 84 0.837
11 16 1
11 50 1
11 91 0.792
11 66 0.571
11 32 0.445
11 29 0.376
11 49 0.301
11 100 0.122
11 77 0.122
11 15 0.278
11 39 0.239
11 86 0.148
11 101 0.215
11 20 0.11
11 26 0.128
11 47 0.335
11 57 0.186
11 70 0.192
11 74 0.159
11 81 0.164
11 93 0.115
11 107 0.179
11 24 0.164
11 25 0.204
11 27 0.152
11 33 0.155
11 34 0.139
11 36 0.156
11 46 0.154
11 65 0.143
11 68 0.28
11 75 0.246
11 83 0.263
11 90 0.2
11 97 0.165
11 104 0.069
11 13 0.123
11 17 0.091
11 18 0.187
11 22 0.202
11 23 0.126
11 37 0.162
11 40 0.161
11 44 0.19
11 45 0.16
11 48 0.105
11 51 0.13
11 53 0.13
11 56 0.21
11 58 0.134
11 60 0.192
11 61 0.153
11 69 0.198
11 71 0.141
11 73 0.17
11 76 0.125
11 78 0.173
11 82 0.15
11 85 0.132
11 92 0.153
11 94 0.176
11 95 0.17
11 96 0.173
11 103 0.155
11 106 0.15
11 109 0.122
12 35 1
12 68 0.844
12 23 0.99
12 60 0.954
12 64 1
12 90 0.458
12 32 1
12 71 0.645
12 52 0.068
12 48 0.185
12 107 0.398
12 82 0.129
12 28 0.11
12 30 0.142
12 34 0.219
12 43 0.28
12 45 0.328
12 62 0.078
12 66 0.143
12 84 0.483
12 85 0.298
12 89 0.155
12 93 0.129
12 13 0.196
12 33 0.146
12 37 0.16
12 38 0.141
12 44 0.102
12 55 0.204
12 63 0.166
12 72 0.323
12 73 0.14
12 75 0.193
12 77 0.152
12 81 0.107
12 86 0.205
12 97 0.13
12 101 0.144
12 104 0.147
12 105 0.273
12 106 0.051
12 14 0.186
12 16 0.123
12 17 0.175
12 18 0.114
12 19 0.176
12 20 0.123
12 24 0.146
12 25 0.161
12 40 0.152
12 42 0.178
12 46 0.117
12 47 0.117
12 49 0.147
12 50 0.165
12 54 0.179
12 65 0.169
12 70 0.091
12 76 0.138
12 78 0.136
12 92 0.135
12 95 0.131
12 96 0.164
12 99 0.164
12 102 0.176
12 109 0.123
13 77 0.692
13 108 0.796
13 66 0.858
13 28 0.832
13 60 0.893
13 47 0.793
13 75 0.509
13 27 0.188
13 37 0.069
13 53 0.128
13 82 0.207
13 87 0.174
13 48 0.192
13 49 0.159
13 56 0.146
13 59 0.142
13 89 0.229
13 101 0.166
13 15 0.152
13 16 0.185
13 36 0.146
13 39 0.156
13 40 0.224
13 55 0.138
13 70 0.218
13 78 0.051
13 88 0.205
13 98 0.005
13 100 0.177
13 20 0.19
13 31 0.269
13 44 0.043
13 46 0.117
13 52 0.206
13 67 0.111
13 74 0.022
13 79 0.141
13 81 0.121
13 90 0.106
13 94 0.14
13 95 0.152
13 96 0.144
13 106 0.187
13 19 0.158
13 22 0.192
13 26 0.211
13 34 0.193
13 41 0.147
13 42 0.185
13 43 0.167
13 45 0.115
13 50 0.13
13 51 0.164
13 57 0.138
13 58 0.126
13 63 0.166
13 64 0.135
13 68 0.164
13 69 0.192
13 73 0.1
13 76 0.153
13 83 0.137
13 84 0.193
13 86 0.166
13 91 0.118
13 93 0.108
13 97 0.165
13 102 0.123
13 109 0.109
14 18 0.985
14 58 0.642
14 94 0.738
14 24 0.171
14 25 0.22
14 65 0.197
14 85 0.141
14 28 0.154
14 16 0.226
14 32 0.052
14 43 0.146
14 69 0.127
14 91 0.094
14 15 0.158
14 33 0.049
14 51 0.162
14 56 0.021
14 68 0.202
14 70 0.208
14 109 0.154
14 17 0.103
14 19 0.21
14 39 0.187
14 42 0.172
14 48 0.175
14 50 0.146
14 54 0.158
14 57 0.186
14 62 0.088
14 67 0.148
14 79 0.043
14 81 0.139
14 88 0.152
14 90 0.077
14 106 0.177
14 21 0.135
14 23 0.188
14 26 0.212
14 30 0.156
14 34 0.157
14 36 0.204
14 40 0.223
14 41 0.132
14 46 0.162
14 49 0.115
14 74 0.217
14 77 0.157
14 82 0.146
14 84 0.1
14 86 0.116
14 92 0.138
14 95 0.158
14 100 0.13
14 103 0.199
14 105 0.208
15 51 0.913
15 89 0.739
15 72 0.645
15 38 0.807
15 40 0.723
15 71 0.823
15 100 0.33
15 19 0.281
15 17 0.144
15 36 0.05
15 46 0.064
15 50 0.161
15 59 0.112
15 103 0.328
15 109 0.162
15 18 0.124
15 21 0.121
15 28 0.238
15 49 0.194
15 63 0.216
15 80 0.117
15 86 0.273
15 92 0.325
15 93 0.159
15 24 0.142
15 25 0.123
15 31 0.131
15 34 0.185
15 48 0.096
15 60 0.113
15 69 0.198
15 82 0.068
15 83 0.128
15 87 0.149
15 94 0.213
15 99 0.187
15 23 0.209
15 32 0.147
15 33 0.123
15 43 0.145
15 47 0.197
15 53 0.118
15 57 0.086
15 74 0.159
15 76 0.106
15 91 0.153
15 98 0.163
15 102 0.215
15 106 0.094
15 107 0.145
15 108 0.142
15 16 0.196
15 20 0.135
15 22 0.121
15 29 0.135
15 30 0.118
15 35 0.181
15 37 0.142
15 39 0.152
15 41 0.178
15 45 0.129
15 52 0.189
15 56 0.174
15 62 0.131
15 68 0.18
15 70 0.148
15 75 0.198
15 77 0.178
15 78 0.156
15 81 0.137
15 84 0.146
15 95 0.178
15 97 0.137
15 101 0.138
15 104 0.174
16 40 0.619
16 68 0.701
16 101 0.958
16 71 0.919
16 45 0.815
16 23 0.983
16 108 0.96
16 50 0.684
16 47 0.105
16 35 0.22
16 38 0.53
16 51 0.085
16 89 0.17
16 58 0.114
16 76 0.127
16 33 0.195
16 95 0.085
16 96 0.238
16 25 0.08
16 79 0.004
16 82 0.086
16 93 0.435
16 18 0.091
16 27 0.112
16 37 0.249
16 44 0.378
16 73 0.197
16 100 0.12
16 17 0.005
16 29 0.123
16 30 0.165
16 31 0.067
16 36 0.139
16 46 0.037
16 48 0.131
16 52 0.138
16 56 0.131
16 57 0.086
16 72 0.143
16 85 0.172
16 88 0.176
16 91 0.13
16 92 0.154
16 103 0.153
16 105 0.129
16 106 0.173
16 107 0.198
16 19 0.135
16 21 0.137
16 22 0.166
16 24 0.154
16 26 0.145
16 32 0.159
16 42 0.16
16 49 0.152
16 53 0.143
16 55 0.159
16 59 0.114
16 62 0.184
16 67 0.139
16 70 0.204
16 78 0.113
16 80 0.161
16 86 0.117
16 87 0.183
16 94 0.158
16 97 0.084
16 98 0.129
16 99 0.111
17 45 0.559
17 99 0.869
17 28 1
17 98 0.725
17 53 0.664
17 33 0.897
17 105 0.475
17 56 0.856
17 106 0.627
17 91 0.523
17 35 0.201
17 64 0.189
17 59 0.186
17 48 0.138
17 21 0.033
17 36 0.175
17 81 0.119
17 73 0.121
17 82 0.062
17 88 0.144
17 89 0.015
17 96 0.139
17 107 0.18
17 18 0.181
17 52 0.179
17 66 0.177
17 90 0.149
17 19 0.155
17 23 0.155
17 30 0.222
17 31 0.171
17 41 0.133
17 43 0.115
17 57 0.12
17 61 0.123
17 68 0.139
17 71 0.171
17 74 0.26
17 76 0.178
17 77 0.203
17 85 0.144
17 93 0.042
17 102 0.319
17 104 0.003
17 24 0.121
17 25 0.159
17 26 0.148
17 42 0.12
17 44 0.19
17 49 0.162
17 51 0.135
17 55 0.149
17 63 0.149
17 78 0.103
17 79 0.179
17 100 0.123
17 101 0.132
17 108 0.137
18 96 0.597
18 52 0.684
18 104 0.625
18 57 0.685
18 81 0.554
18 89 0.749
18 79 0.278
18 67 0.198
18 91 0.2
18 97 0.08
18 30 0.12
18 44 0.254
18 74 0.097
18 21 0.168
18 49 0.169
18 93 0.125
18 25 0.111
18 36 0.118
18 37 0.522
18 47 0.18
18 50 0.118
18 65 0.18
18 72 0.169
18 77 0.136
18 78 0.162
18 83 0.182
18 20 0.22
18 22 0.118
18 24 0.201
18 27 0.129
18 33 0.15
18 34 0.123
18 39 0.086
18 40 0.157
18 54 0.148
18 55 0.242
18 58 0.203
18 66 0.232
18 69 0.111
18 71 0.147
18 87 0.171
18 92 0.134
18 94 0.08
18 100 0.163
18 109 0.146
18 19 0.158
18 28 0.165
18 32 0.087
18 35 0.133
18 43 0.187
18 56 0.169
18 64 0.092
18 68 0.131
18 70 0.112
18 73 0.144
18 76 0.118
18 80 0.157
18 82 0.167
18 95 0.146
18 98 0.143
18 102 0.121
18 108 0.173
19 67 1
19 99 0.524
19 50 1
19 24 0.755
19 23 0.957
19 94 1
19 46 0.765
19 75 0.794
19 39 0.834
19 64 0.729
19 83 0.974
19 76 0.131
19 78 0.351
19 96 0.161
19 61 0.349
19 37 0.126
19 58 0.138
19 82 0.156
19 91 0.096
19 103 0.157
19 38 0.183
19 53 0.168
19 69 0.139
19 77 0.126
19 87 0.196
19 88 0.105
19 106 0.111
19 26 0.098
19 32 0.138
19 34 0.148
19 48 0.163
19 49 0.17
19 68 0.055
19 71 0.163
19 72 0.204
19 84 0.179
19 89 0.174
19 90 0.203
19 92 0.349
19 93 0.117
19 98 0.177
19 25 0.173
19 33 0.157
19 35 0.127
19 44 0.123
19 63 0.112
19 74 0.235
19 85 0.149
19 20 0.227
19 21 0.112
19 30 0.183
19 31 0.165
19 42 0.132
19 43 0.171
19 47 0.174
19 51 0.2
19 55 0.156
19 56 0.146
19 59 0.187
19 60 0.132
19 73 0.202
19 79 0.145
19 80 0.159
19 86 0.134
19 95 0.126
19 97 0.159
19 100 0.129
19 101 0.141
19 107 0.167
20 102 1
20 76 1
20 87 0.858
20 67 0.684
20 71 0.653
20 63 0.974
20 22 1
20 58 0.916
20 82 0.72
20 41 0.267
20 90 0.303
20 107 0.306
20 77 0.097
20 34 0.167
20 85 0.192
20 99 0.104
20 37 0.222
20 40 0.153
20 44 0.144
20 48 0.138
20 73 0.042
20 104 0.2
20 106 0.2
20 23 0.007
20 51 0.1
20 52 0.117
20 93 0.197
20 95 0.138
20 21 0.231
20 26 0.153
20 28 0.095
20 45 0.139
20 47 0.145
20 49 0.156
20 57 0.192
20 59 0.089
20 75 0.158
20 78 0.257
20 80 0.21
20 86 0.112
20 89 0.086
20 105 0.181
20 24 0.175
20 27 0.142
20 29 0.06
20 31 0.169
20 36 0.147
20 38 0.104
20 39 0.097
20 43 0.174
20 55 0.194
20 56 0.154
20 60 0.175
20 61 0.176
20 64 0.106
20 65 0.095
20 70 0.162
20 79 0.15
20 84 0.133
20 91 0.161
20 94 0.166
20 98 0.207
20 100 0.107
21 101 0.934
21 25 0.745
21 63 1
21 29 0.832
21 91 0.997
21 24 0.77
21 44 1
21 37 0.576
21 108 0.754
21 45 0.268
21 83 0.549
21 59 0.164
21 76 0.122
21 94 0.408
21 43 0.178
21 73 0.099
21 81 0.136
21 89 0.379
21 96 0.177
21 72 0.071
21 77 0.007
21 102 0.473
21 27 0.152
21 34 0.179
21 50 0.098
21 68 0.143
21 109 0.096
21 30 0.162
21 60 0.171
21 64 0.147
21 69 0.063
21 74 0.179
21 78 0.261
21 98 0.144
21 100 0.167
21 103 0.153
21 105 0.393
21 23 0.12
21 32 0.112
21 36 0.175
21 39 0.224
21 42 0.121
21 46 0.149
21 47 0.167
21 48 0.145
21 51 0.156
21 52 0.19
21 53 0.182
21 56 0.183
21 57 0.199
21 58 0.156
21 61 0.095
21 62 0.145
21 65 0.177
21 67 0.154
21 71 0.187
21 75 0.167
21 79 0.134
21 82 0.156
21 84 0.165
21 86 0.145
21 88 0.129
21 90 0.162
21 92 0.121
21 93 0.098
21 97 0.157
21 99 0.116
21 104 0.139
22 63 0.994
22 100 1
22 96 0.814
22 86 0.907
22 50 0.51
22 108 0.792
22 25 0.83
22 98 1
22 61 0.927
22 31 0.902
22 76 1
22 66 0.793
22 70 0.784
22 73 0.398
22 106 0.511
22 67 0.241
22 40 0.094
22 71 0.226
22 74 0.13
22 80 0.04
22 34 0.112
22 43 0.169
22 49 0.116
22 52 0.245
22 30 0.246
22 45 0.103
22 68 0.126
22 82 0.22
22 85 0.171
22 89 0.089
22 94 0.139
22 104 0.155
22 26 0.015
22 36 0.142
22 39 0.136
22 44 0.166
22 57 0.113
22 58 0.141
22 59 0.175
22 90 0.207
22 101 0.077
22 105 0.142
22 23 0.178
22 24 0.157
22 29 0.155
22 33 0.161
22 37 0.145
22 42 0.18
22 46 0.181
22 47 0.143
22 54 0.154
22 55 0.158
22 56 0.149
22 64 0.155
22 69 0.15
22 78 0.181
22 79 0.183
22 84 0.111
22 93 0.162
22 95 0.148
22 97 0.189
22 99 0.183
22 102 0.174
23 64 0.898
23 93 0.528
23 25 1
23 43 0.8
23 75 0.823
23 32 0.551
23 50 0.572
23 40 0.124
23 97 0.215
23 65 0.15
23 94 0.544
23 72 0.279
23 78 0.163
23 83 0.173
23 24 0.105
23 57 0.139
23 61 0.182
23 70 0.196
23 42 0.134
23 74 0.201
23 84 0.438
23 86 0.252
23 58 0.417
23 106 0.304
23 26 0.237
23 28 0.147
23 36 0.215
23 39 0.146
23 49 0.138
23 55 0.11
23 76 0.139
23 81 0.142
23 87 0.147
23 88 0.172
23 92 0.11
23 100 0.146
23 102 0.114
23 107 0.091
23 29 0.169
23 33 0.151
23 34 0.127
23 44 0.168
23 45 0.097
23 46 0.097
23 53 0.143
23 54 0.149
23 67 0.129
23 68 0.199
23 69 0.114
23 71 0.125
23 77 0.161
23 82 0.122
23 89 0.145
23 95 0.167
23 101 0.178
23 103 0.138
23 104 0.179
23 105 0.107
24 76 0.986
24 65 0.988
24 51 0.969
24 59 0.976
24 90 0.983
24 45 0.205
24 63 0.047
24 101 0.146
24 25 0.15
24 40 0.19
24 100 0.172
24 42 0.173
24 50 0.152
24 54 0.12
24 72 0.132
24 28 0.247
24 37 0.305
24 57 0.177
24 89 0.172
24 109 0.266
24 26 0.104
24 29 0.122
24 39 0.132
24 46 0.159
24 52 0.193
24 62 0.203
24 67 0.012
24 69 0.357
24 71 0.143
24 74 0.128
24 92 0.103
24 31 0.158
24 32 0.154
24 43 0.154
24 47 0.111
24 49 0.153
24 66 0.096
24 81 0.244
24 96 0.254
24 107 0.091
24 30 0.191
24 33 0.149
24 36 0.079
24 41 0.156
24 55 0.214
24 56 0.176
24 58 0.125
24 61 0.122
24 64 0.178
24 68 0.174
24 77 0.116
24 79 0.119
24 91 0.118
24 94 0.217
24 97 0.152
24 99 0.169
24 104 0.16
24 108 0.128
25 52 1
25 42 0.165
25 108 0.129
25 29 0.072
25 48 0.212
25 85 0.215
25 89 0.128
25 109 0.24
25 30 0.102
25 40 0.251
25 53 0.206
25 60 0.145
25 73 0.223
25 75 0.023
25 94 0.065
25 97 0.152
25 100 0.096
25 104 0.354
25 105 0.148
25 107 0.277
25 26 0.128
25 27 0.246
25 38 0.167
25 44 0.17
25 47 0.15
25 50 0.176
25 51 0.235
25 54 0.148
25 55 0.107
25 59 0.113
25 63 0.157
25 82 0.164
25 91 0.173
25 96 0.157
25 98 0.096
25 102 0.175
25 32 0.125
25 35 0.174
25 36 0.178
25 43 0.112
25 49 0.17
25 56 0.159
25 57 0.224
25 61 0.188
25 64 0.171
25 65 0.09
25 67 0.23
25 68 0.188
25 76 0.202
25 77 0.145
25 79 0.149
25 83 0.165
25 84 0.168
25 92 0.208
25 93 0.147
25 95 0.165
25 99 0.169
25 101 0.16
26 67 0.699
26 99 1
26 103 0.914
26 32 0.56
26 84 0.561
26 71 0.317
26 63 0.099
26 74 0.055
26 105 0.183
26 49 0.16
26 69 0.193
26 109 0.134
26 55 0.364
26 76 0.171
26 98 0.047
26 102 0.151
26 106 0.338
26 30 0.172
26 35 0.125
26 45 0.047
26 66 0.209
26 86 0.166
26 100 0.329
26 34 0.123
26 37 0.178
26 38 0.108
26 43 0.184
26 44 0.262
26 46 0.108
26 52 0.17
26 56 0.162
26 57 0.171
26 61 0.136
26 70 0.199
26 73 0.262
26 77 0.141
26 78 0.175
26 82 0.089
26 87 0.129
26 89 0.05
26 27 0.161
26 29 0.112
26 41 0.167
26 42 0.165
26 48 0.173
26 51 0.137
26 53 0.175
26 54 0.148
26 59 0.166
26 68 0.146
26 75 0.142
26 79 0.205
26 85 0.132
26 90 0.159
26 91 0.113
26 92 0.128
26 93 0.229
26 94 0.176
26 96 0.131
26 97 0.177
27 54 1
27 32 0.968
27 91 1
27 49 0.957
27 104 0.915
27 36 0.11
27 74 0.289
27 76 0.369
27 83 0.202
27 37 0.28
27 45 0.276
27 99 0.101
27 42 0.133
27 48 0.201
27 60 0.24
27 85 0.135
27 44 0.14
27 46 0.133
27 53 0.045
27 59 0.244
27 73 0.123
27 75 0.217
27 93 0.206
27 95 0.156
27 96 0.132
27 98 0.142
27 105 0.124
27 107 0.148
27 31 0.081
27 34 0.166
27 43 0.104
27 55 0.076
27 61 0.199
27 72 0.164
27 78 0.188
27 79 0.162
27 80 0.142
27 103 0.196
27 106 0.207
27 28 0.142
27 29 0.205
27 35 0.102
27 39 0.097
27 40 0.211
27 41 0.095
27 50 0.201
27 58 0.156
27 65 0.186
27 67 0.146
27 70 0.172
27 71 0.173
27 77 0.143
27 81 0.194
27 86 0.152
27 97 0.153
27 100 0.123
27 101 0.196
28 76 0.695
28 52 0.656
28 89 0.562
28 34 1
28 43 0.743
28 31 0.825
28 104 1
28 77 0.737
28 63 1
28 62 0.214
28 32 0.264
28 61 0.147
28 87 0.245
28 109 0.431
28 36 0.106
28 73 0.019
28 93 0.115
28 100 0.212
28 105 0.129
28 30 0.253
28 38 0.388
28 53 0.077
28 57 0.17
28 64 0.151
28 69 0.149
28 70 0.115
28 86 0.165
28 95 0.319
28 33 0.135
28 39 0.141
28 51 0.278
28 54 0.138
28 56 0.145
28 67 0.171
28 80 0.124
28 83 0.194
28 90 0.141
28 94 0.326
28 29 0.122
28 42 0.207
28 44 0.105
28 45 0.132
28 46 0.187
28 48 0.142
28 50 0.134
28 59 0.159
28 65 0.154
28 68 0.094
28 72 0.204
28 74 0.195
28 75 0.138
28 79 0.086
28 81 0.144
28 91 0.163
28 99 0.104
28 101 0.143
28 102 0.12
28 106 0.131
29 107 0.725
29 39 0.82
29 37 0.787
29 108 0.66
29 36 0.766
29 96 0.064
29 84 0.257
29 88 0.559
29 61 0.088
29 69 0.15
29 51 0.224
29 55 0.169
29 65 0.138
29 33 0.179
29 52 0.159
29 59 0.214
29 60 0.151
29 76 0.151
29 77 0.199
29 82 0.162
29 105 0.109
29 30 0.121
29 32 0.13
29 40 0.205
29 41 0.179
29 48 0.114
29 49 0.146
29 64 0.163
29 67 0.141
29 70 0.2
29 78 0.142
29 81 0.175
29 90 0.113
29 91 0.3
29 94 0.15
29 101 0.16
29 54 0.189
29 62 0.161
29 66 0.163
29 73 0.15
29 75 0.128
29 83 0.123
29 85 0.174
29 86 0.114
29 89 0.168
29 102 0.127
29 103 0.143
30 55 0.914
30 74 0.757
30 67 0.819
30 47 1
30 31 0.156
30 58 0.536
30 37 0.114
30 46 0.202
30 102 0.159
30 40 0.219
30 66 0.149
30 70 0.017
30 81 0.299
30 51 0.13
30 52 0.133
30 61 0.178
30 73 0.149
30 97 0.165
30 99 0.113
30 32 0.128
30 34 0.209
30 35 0.145
30 38 0.155
30 65 0.097
30 72 0.232
30 76 0.114
30 83 0.09
30 86 0.13
30 93 0.044
30 94 0.019
30 95 0.133
30 96 0.111
30 103 0.097
30 33 0.141
30 36 0.179
30 39 0.165
30 41 0.147
30 42 0.114
30 43 0.176
30 48 0.108
30 49 0.153
30 50 0.161
30 54 0.158
30 57 0.123
30 64 0.148
30 71 0.127
30 79 0.135
30 80 0.156
30 84 0.155
30 91 0.155
30 92 0.168
31 96 0.893
31 49 0.924
31 87 0.96
31 62 0.977
31 38 0.949
31 77 0.205
31 46 0.41
31 86 0.032
31 50 0.336
31 42 0.328
31 47 0.293
31 61 0.291
31 99 0.239
31 101 0.068
31 103 0.125
31 104 0.046
31 71 0.099
31 78 0.187
31 37 0.204
31 56 0.107
31 81 0.145
31 83 0.23
31 32 0.036
31 34 0.125
31 36 0.161
31 57 0.212
31 64 0.208
31 67 0.198
31 72 0.16
31 79 0.135
31 85 0.171
31 91 0.073
31 100 0.112
31 105 0.13
31 107 0.173
31 33 0.131
31 39 0.15
31 43 0.173
31 44 0.127
31 48 0.156
31 54 0.113
31 59 0.111
31 68 0.194
31 73 0.13
31 75 0.16
31 82 0.149
31 84 0.179
31 89 0.135
31 95 0.141
31 102 0.179
32 103 0.599
32 85 0.878
32 55 0.167
32 80 0.505
32 107 0.588
32 95 0.005
32 70 0.284
32 42 0.155
32 72 0.207
32 74 0.399
32 104 0.266
32 50 0.278
32 65 0.168
32 78 0.145
32 84 0.133
32 86 0.197
32 87 0.121
32 88 0.24
32 108 0.293
32 37 0.255
32 45 0.175
32 53 0.15
32 90 0.161
32 96 0.083
32 39 0.132
32 40 0.172
32 43 0.163
32 46 0.135
32 49 0.162
32 56 0.143
32 82 0.147
32 94 0.169
32 35 0.141
32 38 0.148
32 41 0.188
32 47 0.179
32 48 0.154
32 58 0.147
32 62 0.164
32 64 0.14
32 66 0.144
32 68 0.116
32 73 0.117
32 77 0.126
32 79 0.137
32 83 0.139
32 89 0.127
32 91 0.186
32 92 0.168
32 97 0.099
32 101 0.144
32 109 0.116
33 102 1
33 106 1
33 67 0.532
33 63 0.402
33 34 0.253
33 42 0.194
33 59 0.009
33 69 0.409
33 73 0.204
33 101 0.133
33 51 0.069
33 93 0.111
33 35 0.156
33 50 0.134
33 82 0.133
33 91 0.223
33 94 0.222
33 41 0.122
33 44 0.113
33 55 0.226
33 75 0.14
33 77 0.108
33 79 0.126
33 87 0.202
33 37 0.114
33 39 0.153
33 45 0.172
33 46 0.12
33 47 0.154
33 48 0.231
33 53 0.144
33 54 0.132
33 56 0.196
33 61 0.142
33 62 0.111
33 65 0.153
33 68 0.209
33 70 0.125
33 71 0.129
33 74 0.134
33 76 0.177
33 78 0.159
33 80 0.139
33 84 0.143
33 90 0.162
33 92 0.169
33 95 0.146
33 98 0.191
33 99 0.166
33 103 0.157
33 105 0.17
34 79 0.954
34 52 1
34 56 0.646
34 41 0.743
34 57 0.906
34 93 0.797
34 91 0.96
34 86 0.984
34 96 0.599
34 60 1
34 95 0.811
34 71 0.781
34 66 0.027
34 54 0.191
34 106 0.094
34 44 0.107
34 50 0.169
34 72 0.134
34 67 0.086
34 83 0.143
34 39 0.099
34 42 0.129
34 61 0.109
34 65 0.173
34 70 0.116
34 73 0.205
34 75 0.144
34 81 0.036
34 104 0.134
34 35 0.171
34 43 0.218
34 51 0.158
34 62 0.268
34 80 0.036
34 87 0.181
34 99 0.102
34 100 0.159
34 102 0.154
34 105 0.16
34 109 0.12
34 40 0.095
34 45 0.151
34 46 0.111
34 47 0.12
34 48 0.094
34 49 0.168
34 53 0.163
34 55 0.148
34 58 0.108
34 63 0.137
34 68 0.148
34 77 0.159
34 78 0.174
34 82 0.095
34 84 0.151
34 85 0.122
34 94 0.191
34 97 0.174
34 103 0.133
34 108 0.109
35 101 0.703
35 44 0.872
35 38 0.79
35 54 0.75
35 46 0.661
35 88 0.742
35 57 1
35 37 0.901
35 64 0.628
35 42 0.13
35 48 0.51
35 49 0.298
35 55 0.032
35 58 0.114
35 106 0.165
35 65 0.232
35 71 0.195
35 83 0.13
35 90 0.118
35 92 0.156
35 100 0.165
35 103 0.225
35 36 0.276
35 39 0.075
35 40 0.163
35 59 0.158
35 66 0.147
35 70 0.071
35 72 0.13
35 76 0.198
35 80 0.012
35 82 0.122
35 93 0.227
35 97 0.12
35 98 0.166
35 47 0.135
35 50 0.147
35 53 0.163
35 60 0.154
35 69 0.111
35 74 0.19
35 75 0.164
35 79 0.153
35 81 0.128
35 85 0.137
35 86 0.181
35 108 0.154
36 45 0.721
36 48 0.976
36 102 1
36 51 0.999
36 57 0.878
36 88 0.661
36 103 1
36 82 0.583
36 43 0.143
36 87 0.112
36 54 0.094
36 39 0.154
36 55 0.16
36 63 0.278
36 64 0.124
36 69 0.055
36 89 0.177
36 106 0.102
36 44 0.159
36 47 0.15
36 74 0.134
36 85 0.106
36 97 0.188
36 107 0.047
36 38 0.026
36 40 0.111
36 41 0.132
36 53 0.306
36 59 0.189
36 65 0.175
36 66 0.148
36 75 0.124
36 76 0.124
36 77 0.091
36 78 0.071
36 81 0.124
36 94 0.209
36 96 0.116
36 99 0.137
36 100 0.204
36 101 0.243
36 104 0.104
36 37 0.068
36 42 0.083
36 52 0.123
36 58 0.142
36 62 0.158
36 67 0.159
36 68 0.171
36 73 0.166
36 79 0.134
36 83 0.219
36 92 0.148
36 95 0.201
36 98 0.136
36 108 0.154
36 109 0.146
37 85 0.835
37 95 0.945
37 60 0.481
37 52 0.034
37 92 0.212
37 103 0.14
37 40 0.035
37 63 0.184
37 71 0.216
37 76 0.106
37 80 0.174
37 89 0.177
37 109 0.158
37 38 0.094
37 41 0.153
37 48 0.1
37 54 0.223
37 57 0.154
37 78 0.152
37 84 0.153
37 104 0.369
37 106 0.21
37 39 0.116
37 46 0.189
37 47 0.08
37 65 0.179
37 66 0.155
37 69 0.142
37 72 0.21
37 82 0.124
37 83 0.142
37 87 0.148
37 90 0.135
37 93 0.142
37 105 0.176
37 43 0.132
37 44 0.222
37 50 0.142
37 56 0.183
37 62 0.154
37 74 0.133
37 88 0.214
37 91 0.177
37 94 0.177
37 96 0.16
37 97 0.12
37 98 0.185
37 102 0.166
37 107 0.163
38 100 0.81
38 56 0.756
38 57 0.851
38 80 0.987
38 87 0.687
38 58 0.656
38 96 0.698
38 55 0.225
38 107 0.338
38 41 0.291
38 79 0.076
38 83 0.316
38 47 0.207
38 48 0.188
38 49 0.144
38 53 0.213
38 67 0.142
38 68 0.184
38 73 0.03
38 74 0.181
38 89 0.145
38 94 0.151
38 105 0.319
38 106 0.167
38 65 0.233
38 72 0.117
38 78 0.124
38 88 0.079
38 97 0.182
38 98 0.193
38 99 0.172
38 40 0.144
38 43 0.114
38 44 0.199
38 45 0.141
38 46 0.147
38 51 0.179
38 54 0.129
38 61 0.121
38 62 0.136
38 64 0.109
38 69 0.166
38 71 0.145
38 75 0.137
38 76 0.163
38 77 0.132
38 81 0.162
38 91 0.091
38 92 0.142
38 102 0.194
38 103 0.178
38 104 0.174
38 108 0.173
38 109 0.141
39 71 0.815
39 45 0.685
39 109 0.203
39 72 0.073
39 95 0.093
39 52 0.102
39 56 0.061
39 68 0.216
39 86 0.13
39 93 0.015
39 98 0.117
39 41 0.299
39 44 0.142
39 46 0.082
39 61 0.263
39 65 0.116
39 66 0.121
39 69 0.158
39 70 0.137
39 73 0.145
39 77 0.16
39 78 0.117
39 80 0.145
39 92 0.155
39 96 0.162
39 100 0.171
39 102 0.143
39 105 0.094
39 108 0.133
39 40 0.153
39 43 0.098
39 48 0.092
39 49 0.189
39 50 0.208
39 53 0.136
39 55 0.15
39 64 0.149
39 67 0.16
39 74 0.105
39 83 0.206
39 85 0.108
39 88 0.123
39 89 0.111
39 90 0.1
39 91 0.124
39 94 0.09
39 101 0.141
39 104 0.115
39 107 0.144
40 92 0.924
40 105 0.264
40 99 0.964
40 84 0.561
40 107 0.705
40 76 0.522
40 55 0.369
40 68 0.432
40 93 0.019
40 70 0.33
40 65 0.196
40 103 0.153
40 54 0.129
40 58 0.168
40 69 0.266
40 83 0.088
40 49 0.012
40 53 0.14
40 61 0.138
40 66 0.119
40 74 0.303
40 94 0.201
40 102 0.157
40 108 0.143
40 48 0.152
40 67 0.184
40 85 0.181
40 87 0.033
40 88 0.118
40 95 0.14
40 96 0.14
40 100 0.134
40 41 0.179
40 42 0.121
40 43 0.11
40 45 0.173
40 50 0.19
40 56 0.178
40 60 0.149
40 63 0.169
40 64 0.139
40 72 0.159
40 75 0.135
40 77 0.143
40 78 0.164
40 90 0.142
40 91 0.153
40 97 0.176
40 98 0.144
40 101 0.116
41 63 0.794
41 60 0.686
41 65 0.826
41 44 0.031
41 72 0.137
41 43 0.159
41 86 0.171
41 50 0.112
41 54 0.162
41 58 0.229
41 73 0.135
41 74 0.217
41 76 0.164
41 89 0.079
41 94 0.052
41 103 0.099
41 108 0.2
41 46 0.144
41 52 0.147
41 80 0.077
41 81 0.145
41 87 0.111
41 92 0.096
41 93 0.164
41 97 0.132
41 106 0.163
41 109 0.035
41 42 0.118
41 48 0.168
41 49 0.16
41 66 0.191
41 68 0.145
41 69 0.129
41 70 0.134
41 77 0.21
41 79 0.132
41 82 0.111
41 84 0.124
41 96 0.158
41 98 0.155
41 102 0.139
41 105 0.144
41 107 0.127
42 76 0.862
42 78 0.505
42 97 0.951
42 108 0.756
42 56 0.12
42 55 0.181
42 62 0.266
42 63 0.3
42 70 0.186
42 85 0.136
42 93 0.153
42 48 0.142
42 77 0.222
42 89 0.238
42 98 0.161
42 43 0.163
42 50 0.142
42 53 0.15
42 64 0.149
42 71 0.111
42 74 0.144
42 95 0.178
42 100 0.189
42 102 0.155
42 105 0.221
42 106 0.119
42 109 0.094
42 46 0.117
42 49 0.153
42 51 0.128
42 57 0.15
42 65 0.199
42 66 0.132
42 69 0.143
42 72 0.116
42 79 0.101
42 80 0.135
42 81 0.17
42 84 0.143
42 86 0.19
42 88 0.163
42 92 0.123
42 94 0.127
42 99 0.178
42 101 0.173
42 104 0.1
42 107 0.116
43 72 0.748
43 87 0.696
43 50 1
43 60 0.92
43 79 0.722
43 49 0.239
43 59 0.176
43 82 0.081
43 107 0.302
43 61 0.101
43 64 0.078
43 81 0.24
43 90 0.103
43 103 0.123
43 104 0.187
43 109 0.252
43 52 0.154
43 56 0.191
43 75 0.126
43 78 0.102
43 85 0.183
43 92 0.138
43 95 0.163
43 96 0.136
43 100 0.167
43 45 0.154
43 47 0.124
43 55 0.169
43 62 0.113
43 65 0.122
43 69 0.141
43 71 0.156
43 74 0.174
43 80 0.13
43 86 0.157
43 88 0.18
43 91 0.127
43 93 0.164
43 99 0.054
43 101 0.223
43 102 0.138
43 105 0.147
44 59 0.862
44 55 0.955
44 46 0.315
44 93 0.987
44 65 1
44 83 0.724
44 84 0.906
44 62 0.22
44 75 0.124
44 92 0.184
44 57 0.254
44 64 0.165
44 73 0.248
44 76 0.215
44 86 0.216
44 87 0.105
44 88 0.206
44 98 0.068
44 102 0.195
44 48 0.356
44 51 0.044
44 63 0.144
44 91 0.157
44 100 0.157
44 106 0.181
44 47 0.159
44 66 0.15
44 82 0.186
44 90 0.119
44 96 0.147
44 99 0.183
44 103 0.156
44 109 0.151
44 45 0.105
44 49 0.148
44 50 0.146
44 52 0.175
44 54 0.165
44 56 0.142
44 58 0.087
44 61 0.099
44 78 0.175
44 79 0.143
44 80 0.143
44 81 0.145
44 97 0.128
44 104 0.126
44 107 0.137
45 64 1
45 96 0.568
45 65 0.922
45 93 1
45 87 0.156
45 62 0.505
45 69 0.114
45 53 0.016
45 86 0.178
45 54 0.21
45 61 0.348
45 67 0.32
45 71 0.143
45 72 0.121
45 80 0.143
45 88 0.189
45 103 0.392
45 105 0.162
45 52 0.043
45 55 0.125
45 60 0.092
45 85 0.121
45 99 0.141
45 108 0.104
45 59 0.175
45 63 0.145
45 66 0.154
45 74 0.142
45 89 0.226
45 94 0.191
45 109 0.142
45 46 0.155
45 49 0.158
45 50 0.199
45 68 0.118
45 76 0.149
45 77 0.11
45 81 0.164
45 82 0.186
45 83 0.164
45 84 0.161
45 91 0.134
45 97 0.136
45 100 0.154
45 107 0.155
46 104 0.915
46 98 0.36
46 94 1
46 67 1
46 84 0.62
46 102 0.727
46 83 0.167
46 85 0.027
46 93 0.06
46 47 0.018
46 59 0.145
46 88 0.216
46 50 0.265
46 64 0.243
46 79 0.143
46 108 0.142
46 57 0.154
46 60 0.138
46 75 0.166
46 76 0.046
46 87 0.26
46 95 0.188
46 99 0.189
46 101 0.142
46 103 0.144
46 109 0.16
46 49 0.213
46 61 0.175
46 62 0.126
46 65 0.164
46 66 0.162
46 68 0.119
46 73 0.203
46 74 0.189
46 77 0.102
46 81 0.156
46 82 0.119
46 89 0.122
46 90 0.133
46 96 0.154
46 105 0.132
46 107 0.145
47 50 0.861
47 92 0.623
47 70 1
47 60 0.917
47 57 0.947
47 65 0.244
47 61 0.654
47 79 0.217
47 56 0.221
47 100 0.17
47 105 0.317
47 53 0.179
47 72 0.134
47 73 0.228
47 86 0.333
47 89 0.168
47 54 0.154
47 62 0.203
47 66 0.173
47 75 0.151
47 76 0.101
47 94 0.104
47 99 0.141
47 101 0.155
47 102 0.035
47 49 0.169
47 51 0.177
47 52 0.114
47 58 0.137
47 64 0.205
47 67 0.201
47 71 0.103
47 74 0.219
47 80 0.184
47 83 0.097
47 85 0.154
47 91 0.165
47 93 0.123
47 98 0.207
47 103 0.107
47 104 0.138
47 107 0.123
47 109 0.154
48 95 0.553
48 54 0.83
48 71 1
48 72 0.566
48 91 0.137
48 97 0.134
48 51 0.112
48 55 0.006
48 65 0.023
48 80 0.112
48 59 0.121
48 62 0.191
48 67 0.072
48 68 0.116
48 89 0.139
48 96 0.133
48 103 0.176
48 105 0.175
48 106 0.083
48 56 0.197
48 61 0.111
48 63 0.152
48 64 0.221
48 78 0.139
48 82 0.094
48 83 0.185
48 93 0.172
48 98 0.204
48 99 0.105
48 101 0.167
48 104 0.106
48 107 0.109
48 108 0.134
49 95 0.593
49 67 0.907
49 52 0.519
49 61 0.858
49 87 0.839
49 64 0.076
49 82 0.123
49 65 0.206
49 71 0.249
49 78 0.16
49 56 0.202
49 57 0.174
49 59 0.061
49 74 0.41
49 76 0.35
49 75 0.173
49 91 0.148
49 107 0.182
49 108 0.12
49 54 0.172
49 60 0.285
49 86 0.173
49 88 0.124
49 94 0.194
49 98 0.153
49 105 0.155
49 51 0.209
49 53 0.12
49 55 0.175
49 69 0.098
49 72 0.152
49 73 0.14
49 77 0.129
49 79 0.17
49 83 0.16
49 85 0.192
49 96 0.126
49 99 0.184
49 102 0.197
49 104 0.166
49 106 0.185
50 105 1
50 61 0.932
50 73 1
50 55 0.947
50 69 0.867
50 81 0.635
50 102 1
50 70 0.671
50 83 0.348
50 72 0.141
50 97 0.085
50 60 0.246
50 92 0.14
50 52 0.244
50 67 0.245
50 82 0.043
50 51 0.21
50 53 0.077
50 62 0.026
50 59 0.097
50 63 0.108
50 68 0.167
50 84 0.105
50 94 0.151
50 98 0.149
50 99 0.209
50 100 0.201
50 101 0.054
50 104 0.085
50 107 0.011
50 54 0.097
50 56 0.16
50 58 0.136
50 64 0.125
50 66 0.188
50 71 0.156
50 75 0.124
50 77 0.16
50 78 0.127
50 79 0.189
50 87 0.111
50 88 0.195
50 90 0.15
50 95 0.185
50 96 0.144
50 109 0.14
51 78 0.676
51 63 0.691
51 72 0.141
51 97 0.588
51 77 0.274
51 93 0.194
51 88 0.149
51 103 0.339
51 75 0.163
51 89 0.176
51 55 0.164
51 61 0.151
51 67 0.129
51 70 0.222
51 92 0.226
51 96 0.141
51 106 0.25
51 108 0.169
51 52 0.175
51 62 0.035
51 64 0.203
51 71 0.08
51 76 0.206
51 80 0.112
51 81 0.15
51 85 0.176
51 90 0.12
51 95 0.169
51 98 0.119
51 102 0.216
51 53 0.172
51 65 0.137
51 66 0.15
51 68 0.147
51 69 0.115
51 79 0.185
51 82 0.165
51 83 0.149
51 86 0.14
51 91 0.157
51 94 0.136
51 99 0.193
51 104 0.148
51 105 0.092
51 109 0.077
52 89 0.688
52 57 0.789
52 77 0.825
52 55 0.807
52 70 1
52 96 1
52 78 0.831
52 63 0.063
52 76 0.108
52 94 0.469
52 75 0.16
52 92 0.112
52 64 0.291
52 104 0.107
52 54 0.078
52 106 0.071
52 66 0.129
52 105 0.321
52 107 0.155
52 53 0.143
52 58 0.159
52 59 0.11
52 60 0.189
52 61 0.146
52 65 0.206
52 69 0.139
52 86 0.154
52 102 0.139
52 103 0.277
52 56 0.155
52 62 0.103
52 67 0.216
52 73 0.15
52 85 0.151
52 87 0.213
52 91 0.123
52 98 0.148
53 79 1
53 93 0.902
53 92 0.81
53 102 0.873
53 96 1
53 81 0.937
53 61 0.18
53 73 0.028
53 78 0.528
53 80 0.113
53 83 0.349
53 85 0.151
53 100 0.177
53 108 0.214
53 55 0.165
53 76 0.245
53 90 0.162
53 91 0.297
53 103 0.075
53 58 0.132
53 68 0.184
53 74 0.157
53 75 0.031
53 84 0.125
53 99 0.165
53 101 0.128
53 57 0.128
53 59 0.187
53 60 0.139
53 62 0.139
53 63 0.152
53 64 0.133
53 65 0.139
53 67 0.156
53 70 0.181
53 82 0.166
53 88 0.173
53 98 0.201
53 104 0.127
53 106 0.135
54 73 0.883
54 78 0.789
54 65 0.561
54 103 0.998
54 67 0.003
54 64 0.487
54 93 0.151
54 102 0.262
54 70 0.174
54 86 0.098
54 68 0.182
54 75 0.169
54 87 0.183
54 90 0.385
54 96 0.175
54 106 0.182
54 59 0.186
54 60 0.122
54 63 0.232
54 72 0.198
54 76 0.054
54 79 0.131
54 81 0.236
54 82 0.154
54 83 0.186
54 108 0.127
54 55 0.119
54 56 0.172
54 57 0.173
54 61 0.085
54 69 0.155
54 71 0.133
54 74 0.162
54 77 0.122
54 80 0.153
54 84 0.132
54 89 0.14
54 92 0.098
54 95 0.202
54 98 0.127
54 99 0.173
54 101 0.087
54 104 0.152
54 105 0.224
54 107 0.18
55 71 0.916
55 85 0.954
55 83 0.886
55 87 0.553
55 63 0.103
55 58 0.229
55 84 0.152
55 100 0.065
55 88 0.101
55 60 0.214
55 79 0.134
55 59 0.094
55 64 0.195
55 66 0.132
55 70 0.148
55 73 0.185
55 77 0.142
55 81 0.028
55 90 0.364
55 96 0.125
55 99 0.2
55 101 0.17
55 106 0.063
55 57 0.153
55 62 0.2
55 65 0.128
55 75 0.106
55 78 0.171
55 91 0.134
55 92 0.125
55 95 0.161
55 103 0.135
55 105 0.207
55 108 0.156
56 90 0.635
56 59 0.692
56 62 1
56 67 0.008
56 79 0.144
56 96 0.187
56 71 0.164
56 77 0.071
56 64 0.068
56 66 0.283
56 83 0.189
56 99 0.096
56 100 0.01
56 101 0.163
56 103 0.278
56 104 0.164
56 108 0.177
56 72 0.165
56 73 0.153
56 74 0.161
56 78 0.2
56 87 0.185
56 93 0.127
56 94 0.033
56 98 0.09
56 102 0.034
56 60 0.125
56 61 0.149
56 65 0.183
56 82 0.149
56 84 0.218
56 88 0.134
56 89 0.108
56 91 0.132
56 95 0.155
56 105 0.163
56 107 0.155
57 96 0.931
57 73 0.771
57 77 0.747
57 76 1
57 66 0.279
57 81 0.212
57 103 0.296
57 61 0.083
57 85 0.199
57 107 0.141
57 59 0.131
57 93 0.118
57 64 0.181
57 67 0.089
57 75 0.107
57 83 0.158
57 100 0.16
57 102 0.151
57 105 0.153
57 108 0.085
57 109 0.149
57 62 0.165
57 63 0.158
57 68 0.149
57 69 0.082
57 70 0.228
57 78 0.163
57 79 0.201
57 84 0.216
57 86 0.14
57 91 0.152
57 98 0.155
57 101 0.154
57 104 0.17
58 80 0.805
58 96 0.623
58 74 0.495
58 92 0.68
58 109 0.522
58 72 0.347
58 64 0.142
58 78 0.355
58 59 0.156
58 65 0.152
58 83 0.118
58 86 0.084
58 71 0.179
58 75 0.175
58 89 0.153
58 90 0.187
58 91 0.171
58 97 0.09
58 101 0.193
58 102 0.185
58 107 0.134
58 60 0.157
58 61 0.132
58 62 0.198
58 69 0.134
58 70 0.137
58 77 0.183
58 79 0.134
58 81 0.183
58 88 0.118
58 95 0.155
58 103 0.156
58 104 0.122
58 105 0.137
58 106 0.139
58 108 0.192
59 98 0.909
59 62 0.777
59 84 0.781
59 88 0.948
59 63 1
59 82 0.889
59 61 0.198
59 85 0.212
59 65 0.092
59 67 0.169
59 73 0.315
59 96 0.161
59 75 0.147
59 77 0.135
59 78 0.169
59 94 0.144
59 69 0.135
59 79 0.187
59 89 0.124
59 101 0.135
59 103 0.105
59 109 0.082
59 60 0.104
59 66 0.143
59 68 0.139
59 70 0.118
59 76 0.151
59 80 0.197
59 87 0.177
59 91 0.16
59 93 0.141
59 102 0.146
59 105 0.141
59 106 0.156
60 84 0.729
60 103 0.962
60 106 1
60 80 0.779
60 66 0.506
60 74 1
60 101 0.192
60 82 0.169
60 86 0.035
60 93 0.027
60 98 0.138
60 63 0.109
60 95 0.086
60 69 0.069
60 81 0.199
60 88 0.171
60 96 0.17
60 68 0.025
60 73 0.068
60 75 0.129
60 85 0.146
60 89 0.11
60 91 0.157
60 97 0.189
60 107 0.128
60 61 0.139
60 62 0.117
60 64 0.2
60 70 0.17
60 71 0.191
60 76 0.141
60 79 0.141
60 87 0.202
60 94 0.172
60 109 0.143
61 78 1
61 69 0.995
61 64 0.644
61 83 0.811
61 63 0.397
61 82 0.104
61 91 0.072
61 103 0.371
61 76 0.219
61 93 0.146
61 95 0.002
61 101 0.055
61 102 0.038
61 105 0.13
61 109 0.048
61 67 0.099
61 98 0.114
61 99 0.077
61 65 0.158
61 66 0.154
61 71 0.133
61 81 0.136
61 89 0.185
61 90 0.159
61 100 0.144
61 107 0.135
61 68 0.109
61 70 0.16
61 73 0.127
61 75 0.19
61 79 0.14
61 80 0.131
61 97 0.118
61 104 0.122
61 106 0.124
61 108 0.179
62 63 0.677
62 100 0.997
62 80 0.803
62 87 0.973
62 101 0.625
62 84 0.383
62 65 0.201
62 74 0.125
62 77 0.121
62 71 0.157
62 79 0.155
62 82 0.234
62 86 0.191
62 93 0.238
62 105 0.288
62 73 0.076
62 90 0.179
62 99 0.155
62 102 0.132
62 106 0.174
62 109 0.172
62 64 0.177
62 67 0.171
62 68 0.167
62 72 0.122
62 76 0.137
62 88 0.17
62 89 0.1
62 94 0.191
62 95 0.11
62 96 0.124
62 97 0.188
62 107 0.09
63 102 0.902
63 106 0.869
63 69 0.713
63 83 0.244
63 81 0.18
63 104 0.293
63 78 0.145
63 80 0.133
63 86 0.016
63 109 0.088
63 65 0.124
63 70 0.176
63 88 0.17
63 90 0.093
63 93 0.158
63 94 0.19
63 96 0.164
63 98 0.161
63 101 0.2
63 71 0.166
63 72 0.176
63 74 0.138
63 75 0.152
63 76 0.165
63 82 0.148
63 87 0.143
63 89 0.118
63 92 0.2
63 100 0.169
63 108 0.147
64 79 0.707
64 65 1
64 80 1
64 108 0.921
64 68 1
64 71 1
64 72 0.09
64 92 0.272
64 99 0.138
64 105 0.17
64 67 0.203
64 93 0.169
64 102 0.134
64 106 0.052
64 107 0.257
64 83 0.029
64 100 0.207
64 104 0.033
64 84 0.15
64 90 0.109
64 91 0.255
64 96 0.117
64 70 0.148
64 73 0.135
64 76 0.102
64 86 0.095
64 88 0.111
64 95 0.187
64 98 0.133
64 101 0.15
65 102 0.915
65 95 1
65 104 0.982
65 108 0.636
65 97 0.283
65 83 0.25
65 76 0.16
65 90 0.277
65 92 0.146
65 105 0.087
65 68 0.12
65 72 0.317
65 87 0.223
65 71 0.077
65 74 0.188
65 85 0.137
65 89 0.028
65 98 0.098
65 70 0.104
65 75 0.147
65 84 0.14
65 93 0.13
65 100 0.185
65 66 0.145
65 69 0.127
65 73 0.155
65 77 0.169
65 79 0.164
65 80 0.125
65 81 0.159
65 82 0.134
65 86 0.168
65 91 0.102
65 99 0.141
65 103 0.166
65 106 0.182
65 107 0.122
65 109 0.134
66 92 0.728
66 85 0.174
66 70 0.21
66 78 0.115
66 104 0.05
66 82 0.195
66 91 0.15
66 68 0.071
66 71 0.162
66 88 0.45
66 93 0.145
66 109 0.072
66 67 0.104
66 74 0.132
66 76 0.181
66 77 0.174
66 79 0.167
66 80 0.074
66 83 0.009
66 84 0.131
66 101 0.157
66 103 0.042
66 73 0.194
66 75 0.125
66 89 0.184
66 94 0.183
66 102 0.131
66 105 0.13
66 107 0.169
67 103 0.689
67 86 0.744
67 109 0.016
67 84 0.205
67 90 0.127
67 77 0.162
67 92 0.127
67 93 0.142
67 98 0.319
67 70 0.159
67 71 0.156
67 75 0.135
67 79 0.241
67 81 0.341
67 89 0.142
67 94 0.11
67 99 0.083
67 108 0.316
67 73 0.14
67 76 0.117
67 78 0.155
67 85 0.142
67 88 0.16
67 91 0.176
67 96 0.149
67 100 0.143
67 104 0.141
68 88 0.538
68 100 0.832
68 73 0.892
68 82 0.62
68 94 0.899
68 85 0.138
68 107 0.389
68 77 0.2
68 96 0.183
68 102 0.239
68 104 0.215
68 69 0.163
68 74 0.166
68 75 0.184
68 79 0.247
68 81 0.088
68 91 0.153
68 97 0.139
68 101 0.184
68 105 0.18
68 106 0.048
68 70 0.121
68 71 0.185
68 72 0.171
68 76 0.2
68 80 0.188
68 83 0.205
68 86 0.118
68 87 0.131
68 90 0.202
68 92 0.091
68 95 0.149
69 71 0.751
69 91 0.999
69 75 0.174
69 79 0.082
69 87 0.098
69 93 0.073
69 106 0.197
69 72 0.165
69 73 0.331
69 86 0.385
69 92 0.247
69 99 0.04
69 102 0.464
69 107 0.136
69 77 0.151
69 82 0.32
69 83 0.18
69 84 0.148
69 85 0.099
69 89 0.166
69 70 0.098
69 76 0.157
69 78 0.147
69 81 0.119
69 95 0.201
69 101 0.22
69 108 0.177
70 98 0.144
70 103 0.137
70 75 0.057
70 72 0.267
70 79 0.292
70 90 0.15
70 74 0.14
70 86 0.163
70 92 0.124
70 101 0.153
70 108 0.188
70 109 0.129
70 77 0.107
70 78 0.159
70 80 0.109
70 82 0.111
70 83 0.164
70 89 0.131
70 91 0.096
70 93 0.081
70 95 0.216
70 96 0.148
70 100 0.102
70 105 0.137
70 106 0.225
70 107 0.126
71 95 0.777
71 91 0.679
71 74 0.525
71 86 0.919
71 76 0.17
71 75 0.14
71 87 0.26
71 97 0.15
71 99 0.143
71 106 0.145
71 108 0.161
71 72 0.189
71 77 0.162
71 83 0.222
71 84 0.106
71 92 0.153
71 93 0.116
71 100 0.151
71 101 0.14
71 102 0.125
71 103 0.124
71 107 0.135
71 109 0.171
72 94 0.997
72 96 0.66
72 85 0.855
72 100 0.807
72 107 0.933
72 82 0.369
72 104 0.213
72 108 0.283
72 74 0.229
72 99 0.109
72 89 0.218
72 90 0.115
72 91 0.129
72 97 0.031
72 77 0.182
72 79 0.194
72 81 0.124
72 84 0.136
72 86 0.192
72 87 0.17
72 88 0.082
72 98 0.102
72 105 0.085
72 109 0.15
73 85 0.576
73 86 0.112
73 80 0.187
73 94 0.068
73 102 0.056
73 91 0.114
73 98 0.19
73 77 0.187
73 96 0.113
73 97 0.189
73 103 0.128
73 105 0.137
73 107 0.155
73 108 0.139
73 76 0.129
73 79 0.134
73 81 0.118
73 83 0.17
73 87 0.175
73 88 0.153
73 95 0.169
73 99 0.166
73 100 0.185
73 101 0.176
73 104 0.132
74 101 0.504
74 103 1
74 76 0.724
74 77 0.155
74 83 0.14
74 92 0.248
74 100 0.16
74 102 0.125
74 81 0.281
74 93 0.099
74 104 0.095
74 89 0.156
74 107 0.16
74 78 0.125
74 79 0.095
74 80 0.069
74 86 0.146
74 87 0.122
74 96 0.169
74 106 0.139
74 82 0.137
74 91 0.142
74 97 0.143
74 99 0.155
75 101 0.857
75 78 0.99
75 79 0.664
75 87 0.002
75 80 0.172
75 102 0.441
75 88 0.178
75 95 0.139
75 98 0.136
75 93 0.085
75 99 0.16
75 106 0.138
75 76 0.128
75 82 0.079
75 84 0.146
75 100 0.37
75 77 0.187
75 89 0.129
75 90 0.15
75 92 0.155
75 94 0.127
75 104 0.131
75 105 0.11
75 109 0.176
76 88 1
76 102 0.878
76 79 0.897
76 108 0.207
76 85 0.178
76 77 0.144
76 78 0.154
76 80 0.055
76 89 0.159
76 92 0.353
76 82 0.121
76 87 0.087
76 90 0.126
76 97 0.138
76 109 0.12
76 83 0.125
76 84 0.142
76 95 0.151
76 96 0.163
76 99 0.193
76 100 0.137
76 103 0.198
76 104 0.183
76 105 0.174
76 106 0.167
77 85 0.86
77 105 0.961
77 108 1
77 86 0.882
77 101 0.774
77 88 0.394
77 100 0.145
77 109 0.15
77 102 0.175
77 107 0.135
77 78 0.152
77 83 0.152
77 91 0.23
77 92 0.165
77 96 0.203
77 81 0.127
77 82 0.157
77 90 0.119
77 93 0.152
77 94 0.091
77 103 0.141
77 104 0.161
78 93 0.929
78 81 0.998
78 90 1
78 82 0.112
78 94 0.139
78 109 0.115
78 84 0.166
78 86 0.148
78 92 0.162
78 103 0.174
78 104 0.146
78 80 0.136
78 87 0.144
78 88 0.15
78 95 0.114
78 96 0.133
78 97 0.187
78 100 0.141
78 101 0.114
78 105 0.141
78 107 0.119
79 103 0.894
79 80 0.681
79 100 0.141
79 81 0.211
79 89 0.115
79 90 0.253
79 104 0.336
79 109 0.307
79 84 0.157
79 99 0.158
79 101 0.15
79 85 0.132
79 86 0.129
79 87 0.157
79 91 0.186
79 96 0.198
79 97 0.11
79 98 0.135
79 106 0.14
80 104 1
80 90 0.153
80 82 0.61
80 109 0.192
80 107 0.282
80 91 0.152
80 105 0.177
80 81 0.14
80 83 0.14
80 84 0.116
80 85 0.15
80 87 0.054
80 100 0.175
80 88 0.145
80 93 0.154
80 94 0.145
80 98 0.196
80 101 0.125
80 102 0.116
80 103 0.217
81 91 0.654
81 95 0.932
81 97 0.537
81 102 0.216
81 93 0.315
81 98 0.026
81 107 0.112
81 109 0.001
81 94 0.207
81 96 0.26
81 103 0.071
81 88 0.075
81 92 0.12
81 108 0.159
81 101 0.138
81 104 0.061
81 82 0.139
81 83 0.14
81 90 0.063
81 99 0.165
81 105 0.137
81 106 0.177
82 87 0.698
82 95 1
82 91 0.671
82 100 0.684
82 89 0.123
82 94 0.169
82 96 0.124
82 97 0.155
82 98 0.102
82 103 0.146
82 105 0.126
82 108 0.133
82 83 0.164
82 84 0.146
82 88 0.121
82 93 0.146
82 99 0.181
82 101 0.158
83 108 1
83 106 0.912
83 102 0.619
83 107 0.247
83 104 0.131
83 97 0.229
83 99 0.192
83 105 0.018
83 84 0.145
83 87 0.15
83 89 0.128
83 92 0.161
83 101 0.212
83 109 0.12
83 90 0.123
83 95 0.201
83 96 0.124
83 98 0.184
83 100 0.152
84 93 0.716
84 102 0.992
84 89 0.396
84 97 0.039
84 86 0.125
84 94 0.527
84 101 0.147
84 90 0.141
84 103 0.106
84 104 0.042
84 106 0.164
84 95 0.124
84 96 0.106
84 99 0.165
84 105 0.14
84 107 0.135
84 109 0.175
85 86 0.74
85 96 0.146
85 105 0.171
85 88 0.153
85 89 0.106
85 94 0.128
85 97 0.129
85 106 0.125
85 108 0.01
85 87 0.141
85 91 0.168
85 93 0.131
85 102 0.144
85 107 0.122
85 109 0.155
86 87 0.827
86 93 1
86 100 0.931
86 106 0.261
86 103 0.147
86 91 0.239
86 102 0.102
86 88 0.158
86 98 0.287
86 89 0.209
86 90 0.095
86 92 0.149
86 94 0.153
86 95 0.135
86 99 0.153
86 101 0.182
86 105 0.13
86 107 0.203
86 109 0.218
87 91 1
87 100 0.907
87 105 1
87 103 0.263
87 108 0.167
87 94 0.288
87 96 0.185
87 101 0.102
87 104 0.112
87 109 0.142
87 89 0.208
87 93 0.086
87 97 0.153
87 99 0.156
87 102 0.166
87 106 0.176
87 107 0.154
88 107 0.702
88 92 0.24
88 91 0.05
88 109 0.178
88 89 0.118
88 97 0.147
88 99 0.148
88 103 0.193
88 93 0.139
88 94 0.138
88 95 0.138
88 96 0.148
88 100 0.228
88 101 0.19
88 104 0.16
88 105 0.124
88 108 0.149
89 105 0.86
89 107 0.788
89 92 0.963
89 90 0.193
89 99 0.138
89 91 0.156
89 94 0.08
89 96 0.138
89 103 0.357
89 93 0.165
89 95 0.121
89 97 0.122
89 104 0.157
89 106 0.169
89 108 0.181
89 109 0.184
90 100 0.281
90 97 0.056
90 108 0.12
90 93 0.113
90 96 0.147
90 91 0.147
90 98 0.163
90 99 0.108
90 106 0.157
90 107 0.147
90 109 0.156
91 108 0.966
91 103 0.264
91 99 0.238
91 92 0.164
91 94 0.162
91 97 0.149
91 105 0.158
91 109 0.163
92 103 0.994
92 104 0.161
92 94 0.137
92 97 0.193
92 106 0.138
92 108 0.145
92 98 0.164
92 99 0.199
92 102 0.145
92 96 0.108
92 100 0.13
92 101 0.133
92 109 0.151
93 99 0.949
93 96 0.285
93 102 0.107
93 106 0.465
93 95 0.047
93 101 0.332
93 97 0.044
93 100 0.138
93 107 0.097
93 108 0.13
93 94 0.155
93 104 0.104
93 109 0.154
94 109 0.117
94 102 0.146
94 95 0.275
94 108 0.125
94 98 0.238
94 100 0.124
94 96 0.12
94 106 0.133
95 104 0.54
95 99 0.617
95 106 0.774
95 107 0.335
95 100 0.181
95 109 0.162
95 96 0.146
95 103 0.189
95 98 0.128
95 102 0.123
95 105 0.188
96 105 0.627
96 101 0.077
96 104 0.143
96 107 0.333
96 99 0.107
96 102 0.153
96 98 0.138
97 107 0.621
97 100 0.048
97 99 0.219
97 106 0.016
97 105 0.123
97 109 0.14
97 104 0.163
98 103 0.478
98 100 0.185
98 102 0.106
98 109 0.174
99 100 1
99 108 0.194
99 102 0.203
99 101 0.158
99 103 0.162
99 105 0.138
99 106 0.173
99 107 0.222
99 109 0.176
100 102 0.092
100 106 0.16
100 101 0.135
100 103 0.156
100 104 0.266
100 105 0.129
100 109 0.165
101 107 0.157
101 106 0.112
101 108 0.132
101 102 0.157
101 105 0.2
101 109 0.116
102 104 0.021
102 106 0.2
102 107 0.105
102 103 0.164
102 109 0.146
103 104 0.111
103 105 0.153
104 106 0.189
104 107 0.172
105 107 0.215
105 109 0.119
105 108 0.165
106 107 0.228
106 109 0.152
106 108 0.155
107 109 0.148
107 108 0.155
108 109 0.148
