0 46 0.426
0 75 0.12
0 6 0.176
0 53 0.449
0 67 0.186
0 7 0.241
0 12 0.17
0 39 0.075
0 45 0.177
0 58 0.097
0 69 0.138
0 88 0.225
0 1 0.148
0 11 0.126
0 15 0.14
0 20 0.1
0 27 0.179
0 33 0.183
0 44 0.143
0 47 0.106
0 64 0.153
0 83 0.127
0 85 0.176
0 91 0.117
0 95 0.107
0 97 0.144
0 99 0.137
1 30 0.966
1 16 0.518
1 42 0.559
1 75 0.099
1 29 0.505
1 37 0.06
1 64 0.014
1 68 0.386
1 84 0.219
1 5 0.336
1 13 0.156
1 31 0.219
1 44 0.122
1 45 0.185
1 55 0.13
1 56 0.188
1 62 0.107
1 66 0.092
1 74 0.127
1 91 0.085
1 2 0.145
1 25 0.12
1 32 0.214
1 36 0.152
1 47 0.152
1 48 0.198
1 53 0.172
1 54 0.137
1 70 0.162
1 76 0.126
1 78 0.092
1 88 0.136
1 104 0.166
1 105 0.166
1 108 0.159
2 71 0.873
2 47 1
2 34 1
2 43 0.328
2 108 0.595
2 50 0.217
2 94 0.091
2 4 0.118
2 109 0.224
2 18 0.137
2 22 0.238
2 30 0.2
2 56 0.158
2 60 0.173
2 63 0.111
2 92 0.039
2 103 0.247
2 12 0.168
2 16 0.124
2 17 0.138
2 19 0.169
2 21 0.148
2 25 0.114
2 36 0.185
2 39 0.142
2 40 0.116
2 46 0.172
2 52 0.109
2 67 0.141
2 78 0.126
2 80 0.099
2 81 0.143
2 85 0.142
2 91 0.131
2 98 0.197
2 102 0.156
2 105 0.118
3 32 1
3 94 0.833
3 22 1
3 83 0.662
3 42 0.575
3 44 0.367
3 41 0.237
3 47 0.069
3 48 0.209
3 62 0.134
3 107 0.421
3 9 0.014
3 33 0.16
3 54 0.278
3 58 0.263
3 81 0.161
3 93 0.141
3 97 0.211
3 8 0.123
3 19 0.143
3 24 0.104
3 28 0.164
3 30 0.16
3 49 0.072
3 57 0.162
3 91 0.184
3 102 0.187
3 103 0.159
3 108 0.183
4 30 0.557
4 38 0.775
4 43 0.879
4 28 0.759
4 24 0.206
4 29 0.27
4 78 0.616
4 97 0.014
4 25 0.048
4 66 0.145
4 69 0.113
4 84 0.102
4 105 0.1
4 32 0.323
4 40 0.177
4 65 0.072
4 70 0.235
4 72 0.166
4 92 0.326
4 100 0.237
4 10 0.212
4 11 0.167
4 31 0.155
4 47 0.175
4 49 0.176
4 57 0.219
4 60 0.157
4 62 0.112
4 93 0.117
4 101 0.137
4 102 0.179
4 104 0.166
4 109 0.113
5 17 0.864
5 101 0.667
5 58 0.458
5 102 0.156
5 68 0.162
5 79 0.368
5 80 0.086
5 93 0.277
5 97 0.111
5 12 0.117
5 32 0.19
5 33 0.091
5 85 0.206
5 108 0.068
5 11 0.184
5 20 0.221
5 22 0.116
5 24 0.176
5 44 0.084
5 45 0.143
5 46 0.181
5 64 0.162
5 71 0.158
5 76 0.172
5 88 0.212
5 99 0.142
5 104 0.147
6 84 0.81
6 92 0.549
6 39 0.993
6 101 0.508
6 68 1
6 14 0.555
6 48 0.813
6 13 0.346
6 7 0.211
6 30 0.051
6 51 0.08
6 82 0.459
6 103 0.166
6 21 0.161
6 55 0.216
6 65 0.007
6 69 0.016
6 91 0.148
6 93 0.148
6 100 0.195
6 104 0.107
6 12 0.149
6 15 0.182
6 19 0.111
6 20 0.187
6 23 0.151
6 38 0.092
6 56 0.098
6 57 0.188
6 59 0.146
6 62 0.185
6 70 0.16
6 74 0.138
6 83 0.082
6 88 0.193
6 97 0.178
6 105 0.153
7 54 0.842
7 80 0.806
7 42 0.675
7 67 0.531
7 101 0.071
7 51 0.071
7 64 0.313
7 78 0.339
7 13 0.124
7 14 0.158
7 38 0.084
7 43 0.199
7 68 0.061
7 99 0.288
7 10 0.105
7 11 0.178
7 17 0.167
7 22 0.165
7 23 0.166
7 24 0.146
7 26 0.134
7 56 0.149
7 58 0.129
7 69 0.141
7 72 0.202
7 88 0.178
7 95 0.173
7 109 0.103
8 91 0.929
8 71 0.693
8 69 0.748
8 70 0.826
8 72 0.786
8 22 0.823
8 61 0.72
8 37 0.603
8 38 0.288
8 21 0.212
8 34 0.15
8 59 0.079
8 64 0.232
8 109 0.23
8 12 0.101
8 47 0.4
8 51 0.024
8 89 0.072
8 90 0.125
8 96 0.339
8 103 0.122
8 10 0.115
8 17 0.116
8 29 0.207
8 33 0.151
8 52 0.185
8 56 0.15
8 60 0.182
8 74 0.16
8 75 0.126
8 78 0.159
8 79 0.115
8 85 0.154
8 101 0.156
8 105 0.153
9 34 0.836
9 23 0.055
9 91 0.213
9 105 0.302
9 20 0.134
9 55 0.248
9 21 0.261
9 27 0.151
9 50 0.19
9 75 0.181
9 89 0.121
9 100 0.174
9 33 0.201
9 35 0.111
9 49 0.087
9 52 0.189
9 62 0.107
9 72 0.098
9 77 0.141
9 78 0.133
9 85 0.171
9 94 0.133
9 96 0.181
9 103 0.145
9 107 0.162
10 55 0.904
10 92 0.741
10 97 0.903
10 104 0.708
10 87 0.175
10 59 0.179
10 33 0.268
10 42 0.049
10 83 0.171
10 11 0.216
10 29 0.172
10 32 0.312
10 47 0.229
10 51 0.178
10 53 0.042
10 12 0.151
10 13 0.116
10 17 0.13
10 21 0.114
10 23 0.138
10 24 0.163
10 26 0.229
10 50 0.083
10 54 0.071
10 58 0.152
10 68 0.163
10 77 0.137
10 91 0.119
10 95 0.162
11 50 0.593
11 53 0.782
11 45 0.57
11 12 0.346
11 32 0.009
11 26 0.309
11 31 0.168
11 76 0.267
11 90 0.116
11 102 0.39
11 109 0.179
11 19 0.173
11 20 0.11
11 30 0.157
11 40 0.077
11 48 0.14
11 49 0.144
11 51 0.107
11 52 0.149
11 58 0.148
11 63 0.188
11 78 0.138
11 96 0.164
11 99 0.14
11 105 0.139
11 107 0.111
12 35 0.692
12 64 0.516
12 71 0.892
12 91 0.65
12 66 0.925
12 109 0.024
12 69 0.222
12 18 0.202
12 65 0.079
12 81 0.257
12 83 0.42
12 98 0.233
12 20 0.107
12 63 0.246
12 28 0.192
12 29 0.103
12 48 0.187
12 49 0.212
12 59 0.173
12 61 0.14
12 68 0.159
12 72 0.139
12 75 0.201
12 77 0.135
12 82 0.117
12 104 0.111
12 108 0.164
13 28 1
13 60 0.716
13 77 0.839
13 76 1
13 72 0.625
13 19 0.883
13 70 0.251
13 102 0.235
13 89 0.393
13 107 0.197
13 109 0.347
13 14 0.192
13 27 0.138
13 32 0.228
13 50 0.105
13 62 0.026
13 78 0.331
13 81 0.142
13 104 0.189
13 15 0.162
13 16 0.178
13 20 0.116
13 30 0.147
13 38 0.15
13 47 0.14
13 49 0.158
13 56 0.201
13 57 0.118
13 67 0.11
13 69 0.166
13 80 0.111
13 86 0.143
14 20 0.898
14 31 0.099
14 25 0.998
14 21 0.18
14 15 0.177
14 42 0.139
14 61 0.246
14 18 0.278
14 58 0.352
14 89 0.101
14 106 0.084
14 19 0.141
14 23 0.169
14 27 0.142
14 38 0.169
14 45 0.188
14 65 0.167
14 66 0.224
14 67 0.167
14 69 0.102
14 77 0.082
14 85 0.189
14 104 0.165
14 105 0.127
14 109 0.121
15 71 0.685
15 108 0.934
15 57 0.712
15 80 0.522
15 60 0.076
15 90 0.19
15 58 0.277
15 66 0.079
15 83 0.146
15 104 0.375
15 23 0.147
15 49 0.004
15 52 0.032
15 63 0.174
15 107 0.108
15 21 0.162
15 28 0.172
15 32 0.183
15 35 0.156
15 36 0.107
15 40 0.168
15 67 0.144
15 74 0.199
15 77 0.148
15 96 0.131
15 97 0.139
15 109 0.14
16 108 0.598
16 50 0.849
16 49 0.614
16 71 0.109
16 60 0.246
16 63 0.323
16 64 0.214
16 24 0.13
16 32 0.068
16 47 0.265
16 55 0.059
16 84 0.133
16 103 0.155
16 104 0.111
16 18 0.16
16 28 0.115
16 38 0.158
16 44 0.158
16 45 0.138
16 62 0.141
16 76 0.105
16 81 0.178
16 87 0.167
17 33 0.876
17 27 0.537
17 54 0.605
17 103 0.799
17 24 0.667
17 38 0.647
17 40 0.245
17 43 0.289
17 49 0.069
17 51 0.28
17 70 0.202
17 71 0.046
17 102 0.153
17 106 0.179
17 18 0.124
17 22 0.145
17 28 0.177
17 31 0.127
17 34 0.146
17 41 0.134
17 50 0.156
17 58 0.113
17 65 0.112
17 72 0.17
17 74 0.108
17 75 0.144
17 87 0.144
17 105 0.133
18 96 0.954
18 101 0.989
18 66 0.847
18 54 0.741
18 73 1
18 37 0.445
18 25 0.248
18 28 0.105
18 50 0.093
18 23 0.209
18 44 0.17
18 60 0.038
18 69 0.004
18 83 0.257
18 21 0.159
18 45 0.166
18 47 0.126
18 49 0.12
18 52 0.187
18 56 0.105
18 59 0.16
18 71 0.158
18 75 0.183
18 90 0.147
18 92 0.133
18 94 0.147
18 98 0.137
18 108 0.178
18 109 0.13
19 67 0.827
19 50 1
19 94 0.808
19 102 0.809
19 33 0.269
19 40 0.176
19 74 0.255
19 76 0.229
19 83 0.193
19 37 0.05
19 75 0.309
19 93 0.141
19 100 0.219
19 22 0.15
19 28 0.081
19 32 0.117
19 36 0.136
19 39 0.122
19 52 0.201
19 54 0.181
19 64 0.17
19 66 0.162
19 70 0.158
19 80 0.155
19 88 0.106
19 105 0.156
19 107 0.166
20 67 1
20 22 0.803
20 21 0.464
20 106 0.097
20 53 0.18
20 81 0.211
20 102 0.572
20 35 0.247
20 41 0.08
20 43 0.063
20 55 0.131
20 101 0.278
20 59 0.131
20 61 0.185
20 86 0.134
20 87 0.137
21 73 0.897
21 49 0.343
21 29 0.307
21 45 0.147
21 70 0.289
21 26 0.198
21 33 0.122
21 34 0.323
21 36 0.174
21 44 0.223
21 58 0.24
21 61 0.221
21 72 0.287
21 99 0.131
21 103 0.424
21 25 0.149
21 28 0.11
21 40 0.121
21 42 0.172
21 47 0.198
21 51 0.091
21 60 0.139
21 77 0.131
21 83 0.122
21 91 0.156
21 96 0.173
21 100 0.156
21 107 0.122
22 98 1
22 107 0.448
22 39 0.151
22 46 0.487
22 53 0.31
22 63 0.139
22 82 0.216
22 24 0.025
22 78 0.039
22 97 0.127
22 100 0.049
22 28 0.194
22 31 0.12
22 35 0.18
22 41 0.159
22 50 0.174
22 51 0.161
22 61 0.149
22 66 0.13
22 69 0.116
22 86 0.172
22 87 0.172
22 89 0.157
22 91 0.124
22 93 0.167
22 96 0.161
22 102 0.134
22 103 0.118
23 25 0.971
23 49 0.837
23 55 0.877
23 107 0.051
23 26 0.188
23 43 0.114
23 62 0.258
23 83 0.564
23 34 0.181
23 81 0.165
23 84 0.176
23 29 0.147
23 48 0.181
23 52 0.09
23 64 0.179
23 80 0.211
23 85 0.156
23 96 0.149
23 98 0.173
23 99 0.177
23 100 0.134
23 104 0.188
24 72 0.86
24 33 0.218
24 36 0.131
24 48 0.425
24 64 0.066
24 49 0.198
24 75 0.041
24 81 0.186
24 101 0.189
24 105 0.157
24 28 0.1
24 31 0.164
24 38 0.087
24 40 0.155
24 46 0.186
24 47 0.183
24 51 0.15
24 54 0.103
24 55 0.149
24 56 0.186
24 59 0.131
24 66 0.168
24 71 0.137
24 76 0.156
24 77 0.148
24 96 0.154
24 97 0.172
24 100 0.166
25 30 0.599
25 86 0.131
25 49 0.732
25 69 0.271
25 40 0.091
25 74 0.047
25 87 0.218
25 88 0.029
25 26 0.154
25 53 0.148
25 59 0.16
25 60 0.149
25 62 0.155
25 66 0.19
25 78 0.187
25 94 0.187
25 97 0.118
25 99 0.161
25 103 0.149
26 54 0.578
26 75 0.129
26 105 0.371
26 50 0.309
26 51 0.094
26 83 0.174
26 98 0.413
26 47 0.098
26 106 0.098
26 28 0.197
26 32 0.115
26 35 0.115
26 57 0.125
26 64 0.195
26 71 0.069
26 73 0.179
26 76 0.149
26 81 0.093
26 82 0.177
26 89 0.123
26 90 0.176
26 93 0.123
26 94 0.149
26 95 0.169
26 96 0.143
26 99 0.062
26 101 0.176
26 103 0.151
27 54 0.964
27 91 0.77
27 82 0.674
27 58 0.206
27 39 0.351
27 62 0.108
27 68 0.563
27 35 0.119
27 105 0.028
27 36 0.132
27 69 0.167
27 86 0.159
27 89 0.246
27 104 0.346
27 42 0.2
27 46 0.171
27 48 0.146
27 51 0.195
27 57 0.111
27 79 0.151
27 90 0.147
27 95 0.114
27 109 0.148
28 71 0.674
28 65 0.475
28 81 0.099
28 32 0.114
28 40 0.294
28 62 0.086
28 85 0.276
28 90 0.238
28 43 0.029
28 63 0.234
28 76 0.317
28 86 0.017
28 92 0.058
28 94 0.209
28 96 0.331
28 30 0.089
28 31 0.141
28 34 0.058
28 35 0.144
28 41 0.156
28 45 0.141
28 47 0.215
28 48 0.157
28 70 0.158
28 78 0.188
28 89 0.113
28 93 0.116
28 95 0.167
28 101 0.126
28 102 0.171
28 103 0.148
28 106 0.197
28 107 0.203
29 95 0.684
29 102 0.551
29 72 0.572
29 108 0.52
29 65 0.181
29 33 0.207
29 101 0.089
29 63 0.033
29 90 0.36
29 106 0.061
29 31 0.173
29 52 0.176
29 56 0.13
29 58 0.155
29 59 0.084
29 61 0.081
29 62 0.15
29 66 0.176
29 67 0.156
29 75 0.158
29 78 0.15
29 80 0.131
29 82 0.124
29 83 0.141
29 107 0.132
30 96 0.947
30 39 0.283
30 68 0.231
30 90 0.324
30 31 0.214
30 35 0.182
30 46 0.062
30 56 0.257
30 92 0.178
30 106 0.204
30 70 0.14
30 71 0.109
30 76 0.205
30 86 0.141
30 87 0.137
30 88 0.112
30 91 0.123
30 98 0.129
30 101 0.146
31 87 0.943
31 59 0.44
31 58 0.209
31 77 0.15
31 53 0.046
31 57 0.252
31 61 0.213
31 67 0.169
31 97 0.021
31 108 0.308
31 42 0.152
31 44 0.152
31 48 0.181
31 56 0.131
31 70 0.166
31 80 0.07
31 84 0.107
31 95 0.127
31 103 0.16
32 66 0.819
32 57 0.56
32 67 0.112
32 69 0.344
32 49 0.086
32 65 0.184
32 78 0.045
32 108 0.107
32 34 0.208
32 71 0.115
32 76 0.143
32 95 0.183
32 103 0.132
32 35 0.123
32 46 0.111
32 51 0.158
32 62 0.151
32 64 0.136
32 68 0.164
32 79 0.183
32 89 0.14
32 92 0.166
32 93 0.168
32 107 0.144
33 102 0.806
33 106 1
33 100 0.746
33 94 0.638
33 51 0.342
33 63 0.084
33 86 0.196
33 45 0.206
33 46 0.21
33 50 0.117
33 60 0.163
33 62 0.151
33 67 0.123
33 74 0.129
33 83 0.142
33 84 0.155
33 104 0.141
33 108 0.13
34 52 0.766
34 91 0.82
34 64 0.723
34 92 1
34 97 0.515
34 37 0.764
34 47 0.741
34 55 0.576
34 75 0.054
34 63 0.642
34 39 0.068
34 41 0.173
34 99 0.04
34 45 0.122
34 101 0.062
34 77 0.138
34 89 0.093
34 35 0.143
34 36 0.132
34 43 0.162
34 44 0.132
34 46 0.172
34 53 0.136
34 65 0.126
34 76 0.188
34 86 0.113
34 93 0.173
34 104 0.142
34 105 0.126
35 36 0.221
35 61 0.304
35 41 0.196
35 86 0.251
35 53 0.115
35 70 0.224
35 71 0.198
35 106 0.089
35 42 0.113
35 45 0.107
35 46 0.152
35 58 0.119
35 76 0.157
35 89 0.188
35 97 0.163
35 102 0.153
35 108 0.247
36 48 0.936
36 102 0.879
36 50 0.191
36 56 0.202
36 83 0.408
36 89 0.001
36 93 0.034
36 49 0.155
36 64 0.329
36 79 0.113
36 109 0.17
36 39 0.137
36 42 0.166
36 45 0.128
36 59 0.138
36 61 0.134
36 63 0.156
36 67 0.141
36 71 0.211
36 100 0.156
37 104 0.535
37 54 0.692
37 63 0.36
37 43 0.268
37 46 0.103
37 80 0.256
37 81 0.139
37 50 0.174
37 82 0.117
37 109 0.167
37 45 0.014
37 49 0.245
37 55 0.1
37 58 0.265
37 66 0.14
37 88 0.225
37 97 0.238
37 98 0.049
37 39 0.124
37 47 0.134
37 51 0.192
37 53 0.142
37 59 0.138
37 70 0.165
37 74 0.204
37 87 0.139
37 90 0.188
38 74 0.585
38 73 0.184
38 82 0.39
38 53 0.204
38 56 0.283
38 86 0.325
38 99 0.263
38 64 0.209
38 67 0.242
38 93 0.176
38 94 0.219
38 103 0.205
38 105 0.174
38 48 0.142
38 57 0.175
38 60 0.136
38 70 0.144
38 71 0.158
38 81 0.107
38 83 0.207
38 84 0.082
38 85 0.13
38 91 0.195
38 100 0.212
39 98 1
39 89 0.512
39 88 0.32
39 48 0.248
39 69 0.514
39 53 0.168
39 65 0.231
39 71 0.337
39 91 0.201
39 100 0.146
39 103 0.062
39 108 0.16
39 42 0.179
39 44 0.14
39 50 0.166
39 57 0.107
39 63 0.139
39 68 0.125
39 73 0.133
39 79 0.161
39 80 0.087
39 82 0.189
39 87 0.154
39 92 0.113
39 107 0.148
40 64 0.925
40 63 0.576
40 75 0.574
40 77 0.653
40 46 0.172
40 57 0.094
40 61 0.044
40 51 0.263
40 70 0.145
40 86 0.085
40 100 0.03
40 48 0.148
40 54 0.128
40 58 0.111
40 73 0.155
40 83 0.177
40 84 0.176
40 85 0.144
40 88 0.15
40 91 0.143
40 92 0.158
40 108 0.132
40 109 0.131
41 77 0.596
41 75 0.08
41 64 0.361
41 51 0.585
41 106 0.057
41 85 0.071
41 103 0.134
41 46 0.208
41 52 0.139
41 56 0.213
41 71 0.204
41 97 0.044
41 104 0.268
41 107 0.344
41 44 0.159
41 53 0.17
41 60 0.158
41 66 0.221
41 72 0.203
41 86 0.12
41 87 0.112
41 101 0.119
41 108 0.126
42 76 1
42 55 0.664
42 49 0.729
42 73 0.212
42 80 0.322
42 46 0.11
42 69 0.09
42 90 0.069
42 106 0.102
42 52 0.099
42 66 0.127
42 74 0.273
42 81 0.084
42 82 0.169
42 44 0.216
42 50 0.12
42 54 0.179
42 59 0.172
42 60 0.163
42 62 0.136
42 70 0.16
42 94 0.127
42 98 0.11
43 72 1
43 87 0.896
43 60 0.441
43 59 0.216
43 66 0.192
43 94 0.054
43 97 0.102
43 102 0.13
43 106 0.017
43 45 0.131
43 47 0.141
43 55 0.165
43 56 0.184
43 83 0.176
43 92 0.14
43 93 0.138
43 98 0.142
43 103 0.172
43 104 0.14
44 65 0.538
44 84 0.655
44 92 1
44 49 0.238
44 61 0.447
44 69 0.331
44 71 0.306
44 78 0.403
44 55 0.145
44 56 0.18
44 102 0.097
44 46 0.127
44 62 0.187
44 82 0.03
44 101 0.053
44 48 0.128
44 51 0.147
44 85 0.223
44 89 0.172
44 94 0.153
44 95 0.195
44 104 0.125
45 64 0.681
45 107 0.127
45 92 0.271
45 62 0.406
45 55 0.175
45 81 0.049
45 93 0.148
45 109 0.004
45 85 0.24
45 95 0.031
45 103 0.326
45 108 0.033
45 46 0.126
45 58 0.184
45 63 0.152
45 67 0.179
45 86 0.122
45 100 0.126
45 106 0.201
46 94 1
46 107 0.603
46 86 0.23
46 51 0.225
46 98 0.26
46 50 0.106
46 59 0.161
46 64 0.382
46 70 0.278
46 77 0.293
46 88 0.133
46 49 0.146
46 53 0.18
46 55 0.235
46 61 0.157
46 67 0.214
46 73 0.138
46 75 0.207
46 82 0.151
46 89 0.14
46 97 0.124
46 106 0.169
47 60 0.798
47 109 0.68
47 66 0.727
47 96 0.629
47 104 0.144
47 83 0.024
47 88 0.12
47 68 0.073
47 69 0.175
47 78 0.154
47 81 0.154
47 50 0.156
47 56 0.153
47 65 0.162
47 67 0.136
47 90 0.119
47 93 0.148
47 95 0.148
47 103 0.187
48 76 0.53
48 60 0.517
48 100 0.039
48 58 0.106
48 52 0.081
48 77 0.15
48 54 0.156
48 57 0.139
48 68 0.152
48 69 0.127
48 75 0.152
48 87 0.173
48 88 0.132
48 93 0.122
48 98 0.193
48 99 0.188
48 108 0.109
49 87 0.899
49 74 0.722
49 108 0.639
49 93 0.581
49 53 0.123
49 58 0.433
49 75 0.127
49 59 0.086
49 78 0.06
49 86 0.174
49 89 0.178
49 95 0.181
49 98 0.138
49 99 0.179
49 107 0.185
50 55 0.635
50 70 1
50 72 1
50 100 0.562
50 74 0.208
50 94 0.178
50 57 0.302
50 89 0.409
50 90 0.021
50 71 0.156
50 91 0.22
50 56 0.104
50 59 0.13
50 67 0.081
50 77 0.139
50 86 0.155
50 95 0.15
50 103 0.163
50 105 0.194
50 107 0.119
51 63 0.999
51 69 1
51 55 0.216
51 74 0.031
51 101 0.124
51 57 0.161
51 64 0.134
51 71 0.028
51 92 0.257
51 98 0.195
51 59 0.182
51 60 0.149
51 77 0.088
51 78 0.148
51 86 0.157
51 89 0.151
51 94 0.123
51 99 0.14
51 103 0.115
51 108 0.158
52 105 1
52 69 0.152
52 82 0.104
52 58 0.134
52 67 0.101
52 72 0.079
52 76 0.165
52 86 0.164
52 95 0.195
52 98 0.172
52 83 0.136
52 85 0.162
52 88 0.149
52 90 0.122
52 97 0.147
52 100 0.167
52 108 0.17
53 93 1
53 96 0.95
53 108 0.936
53 91 0.786
53 103 0.279
53 109 0.042
53 61 0.162
53 62 0.024
53 74 0.154
53 75 0.269
53 100 0.233
53 102 0.13
53 56 0.179
53 76 0.123
53 79 0.104
53 90 0.119
53 94 0.141
54 89 0.529
54 64 0.059
54 72 0.318
54 74 0.28
54 85 0.025
54 55 0.159
54 56 0.123
54 59 0.152
54 62 0.151
54 63 0.165
54 68 0.127
54 73 0.122
54 77 0.152
54 79 0.137
54 96 0.14
54 108 0.159
55 85 1
55 83 0.985
55 87 0.561
55 57 0.143
55 92 0.048
55 95 0.207
55 106 0.23
55 58 0.265
55 78 0.202
55 93 0.221
55 105 0.035
55 72 0.203
55 77 0.186
55 82 0.208
55 89 0.136
55 90 0.144
55 96 0.146
55 98 0.145
55 101 0.148
55 104 0.16
55 107 0.217
56 57 0.74
56 67 0.28
56 96 0.26
56 106 0.276
56 85 0.324
56 61 0.178
56 65 0.106
56 72 0.174
56 73 0.154
56 81 0.088
56 84 0.163
56 91 0.217
56 99 0.13
56 104 0.208
56 107 0.127
57 98 0.801
57 77 0.923
57 58 0.2
57 67 0.455
57 108 0.214
57 63 0.233
57 73 0.035
57 86 0.103
57 60 0.166
57 61 0.158
57 64 0.144
57 79 0.164
57 96 0.148
57 109 0.139
58 80 1
58 73 1
58 70 0.094
58 98 0.025
58 101 0.283
58 102 0.101
58 85 0.146
58 103 0.167
59 97 0.313
59 103 0.397
59 109 0.227
59 72 0.073
59 98 0.252
59 61 0.141
59 96 0.115
59 99 0.465
59 66 0.135
59 70 0.157
59 77 0.109
59 78 0.159
59 86 0.102
59 91 0.117
59 94 0.169
59 100 0.187
59 102 0.13
59 104 0.124
60 109 0.747
60 87 0.186
60 65 0.156
60 69 0.23
60 64 0.139
60 85 0.185
60 95 0.158
60 62 0.182
60 70 0.177
60 72 0.145
60 81 0.139
60 88 0.188
60 93 0.109
60 100 0.165
60 103 0.202
60 104 0.124
61 104 0.935
61 79 0.75
61 65 0.197
61 69 0.382
61 67 0.038
61 72 0.175
61 74 0.069
61 75 0.334
61 78 0.182
61 84 0.089
61 100 0.236
61 73 0.138
61 77 0.183
61 82 0.17
61 86 0.171
61 88 0.126
61 91 0.193
61 92 0.12
61 94 0.127
61 95 0.08
61 101 0.136
62 100 0.862
62 80 0.658
62 79 0.857
62 77 0.335
62 68 0.079
62 107 0.337
62 70 0.012
62 71 0.066
62 73 0.152
62 81 0.145
62 86 0.133
62 88 0.1
62 89 0.156
62 92 0.147
62 95 0.211
62 103 0.132
62 108 0.153
63 75 0.074
63 88 0.12
63 89 0.086
63 90 0.107
63 91 0.246
63 94 0.153
63 95 0.149
63 103 0.036
63 73 0.145
63 76 0.065
63 77 0.13
63 80 0.144
63 82 0.166
64 80 1
64 83 0.72
64 95 0.173
64 98 0.209
64 65 0.114
64 68 0.136
64 74 0.101
64 85 0.139
65 102 0.632
65 66 0.961
65 96 0.867
65 87 0.076
65 106 0.024
65 69 0.099
65 75 0.146
65 76 0.196
65 77 0.153
65 81 0.137
65 90 0.158
65 93 0.134
65 94 0.168
66 95 0.378
66 67 0.202
66 88 0.055
66 74 0.187
66 79 0.064
66 91 0.228
66 71 0.184
66 89 0.172
66 93 0.141
66 96 0.167
67 68 0.31
67 81 0.292
67 102 0.231
67 109 0.519
67 70 0.194
67 71 0.165
67 75 0.128
67 88 0.136
68 88 0.935
68 100 0.999
68 97 0.137
68 105 0.395
68 95 0.209
68 94 0.506
68 92 0.106
68 69 0.114
68 75 0.284
68 83 0.29
68 101 0.135
68 73 0.162
68 86 0.11
68 96 0.089
69 91 0.936
69 76 0.119
69 71 0.163
69 75 0.215
69 74 0.129
69 86 0.147
69 94 0.152
70 107 0.284
70 86 0.119
70 97 0.201
70 71 0.3
70 74 0.213
70 80 0.333
70 88 0.211
70 89 0.201
70 106 0.163
70 75 0.172
70 98 0.137
70 103 0.129
70 109 0.12
71 78 0.1
71 102 0.048
71 84 0.098
71 91 0.247
71 109 0.164
71 90 0.123
71 101 0.124
71 105 0.176
72 96 0.614
72 75 0.795
72 80 0.065
72 88 0.131
72 98 0.108
72 99 0.118
72 76 0.111
72 78 0.132
72 93 0.132
72 103 0.125
72 104 0.092
72 106 0.15
73 84 0.885
73 77 0.881
73 99 0.933
73 101 0.3
73 104 0.222
73 91 0.12
73 92 0.124
73 107 0.021
73 90 0.12
73 96 0.149
74 103 1
74 107 1
74 105 0.55
74 96 0.306
74 109 0.258
74 86 0.087
74 95 0.205
74 75 0.148
74 79 0.146
74 81 0.16
74 83 0.162
74 89 0.141
74 91 0.176
74 97 0.152
74 106 0.12
75 89 0.876
75 109 0.645
75 87 0.213
75 77 0.184
75 100 0.258
75 98 0.181
75 105 0.061
75 82 0.188
75 84 0.169
75 86 0.141
75 91 0.158
75 93 0.127
75 103 0.147
76 81 1
76 83 0.287
76 87 0.131
76 88 0.087
76 95 0.121
76 97 0.2
76 100 0.166
76 107 0.137
77 96 0.217
77 79 0.166
77 81 0.175
77 82 0.178
77 88 0.148
77 91 0.146
77 92 0.155
77 101 0.099
77 107 0.187
77 108 0.155
78 81 0.883
78 82 0.089
78 84 0.18
78 104 0.141
78 107 0.094
78 83 0.116
78 89 0.166
78 109 0.148
79 80 0.914
79 98 0.001
79 103 0.267
79 85 0.16
79 95 0.218
79 101 0.175
80 104 1
80 94 1
80 88 0.33
80 98 0.104
80 86 0.176
80 97 0.253
80 99 0.159
80 105 0.199
81 103 0.807
81 106 0.234
81 85 0.066
81 109 0.102
81 87 0.125
81 88 0.193
81 91 0.163
81 94 0.147
81 104 0.176
82 87 1
82 91 0.731
82 104 0.341
82 84 0.256
82 88 0.116
82 107 0.019
82 95 0.071
82 97 0.123
82 98 0.223
82 103 0.29
82 106 0.167
82 85 0.168
82 108 0.182
82 109 0.086
83 104 0.788
83 101 0.323
83 107 0.071
83 95 0.337
83 94 0.146
83 99 0.153
83 100 0.122
83 102 0.153
84 107 1
84 109 1
84 88 0.074
84 108 0.176
84 85 0.15
84 92 0.125
84 99 0.156
84 100 0.111
85 87 0.003
85 98 0.413
85 106 0.055
85 99 0.2
85 102 0.118
85 90 0.165
85 105 0.099
85 108 0.193
86 100 0.851
86 104 0.562
86 98 0.091
86 92 0.008
86 102 0.26
86 87 0.166
86 91 0.25
86 93 0.151
86 99 0.193
87 105 1
87 106 0.426
87 91 0.115
87 88 0.179
87 90 0.208
87 107 0.132
88 107 0.089
88 89 0.098
88 102 0.205
88 103 0.091
88 90 0.181
88 94 0.158
88 95 0.175
88 106 0.15
89 101 0.189
89 91 0.072
89 102 0.159
90 109 0.329
90 104 0.221
90 94 0.344
90 99 0.265
90 96 0.148
90 101 0.135
91 109 0.735
91 106 0.175
91 108 0.075
91 92 0.129
91 101 0.191
92 104 0.482
92 100 0.488
92 96 0.093
92 98 0.228
92 106 0.354
92 109 0.305
93 99 0.817
93 100 0.129
93 101 0.309
93 96 0.111
93 98 0.172
93 103 0.146
94 103 0.076
94 97 0.154
94 104 0.172
95 96 0.103
95 109 0.036
95 98 0.103
95 101 0.172
96 98 0.324
96 99 0.142
96 101 0.15
96 104 0.143
97 107 0.814
97 100 0.109
97 103 0.238
97 105 0.165
97 109 0.289
97 108 0.093
98 103 0.375
98 109 0.025
98 102 0.017
98 104 0.151
98 105 0.239
98 106 0.16
99 105 0.181
99 106 0.119
100 104 0.17
101 107 0.83
101 104 0.181
101 105 0.181
101 108 0.124
102 109 0.363
102 108 0.168
103 104 0.339
103 106 0.079
104 105 0.183
105 107 0.125
106 109 0.126
107 108 0.016
