0 66 1
0 86 0.196
0 22 0.379
0 58 0.596
0 33 0.201
0 38 0.298
0 2 0.217
0 19 0.168
0 31 0.15
0 81 0.364
0 101 0.433
0 94 0.155
0 103 0.103
0 104 0.392
0 27 0.354
0 56 0.307
0 69 0.519
0 75 0.225
0 4 0.229
0 10 0.182
0 13 0.267
0 18 0.205
0 21 0.159
0 25 0.198
0 44 0.341
0 54 0.251
0 60 0.138
0 65 0.185
0 72 0.159
0 95 0.286
0 99 0.214
0 1 0.284
0 12 0.015
0 14 0.088
0 16 0.115
0 17 0.091
0 26 0.295
0 42 0.144
0 46 0.32
0 53 0.192
0 67 0.223
0 70 0.091
0 76 0.164
0 83 0.241
0 87 0.115
0 90 0.241
0 98 0.018
0 3 0.174
0 6 0.076
0 15 0.15
0 29 0.084
0 34 0.378
0 57 0.135
0 59 0.061
0 63 0.087
0 64 0.21
0 68 0.135
0 71 0.345
0 84 0.159
0 93 0.062
0 109 0.225
0 5 0.112
0 7 0.14
0 8 0.16
0 9 0.173
0 24 0.168
0 30 0.17
0 32 0.098
0 35 0.181
0 36 0.197
0 39 0.117
0 41 0.176
0 43 0.157
0 49 0.129
0 51 0.171
0 61 0.212
0 73 0.137
0 74 0.192
0 77 0.147
0 78 0.237
0 79 0.155
0 80 0.164
0 82 0.105
0 88 0.183
0 89 0.193
0 91 0.151
0 92 0.139
0 96 0.19
0 105 0.128
0 106 0.183
0 107 0.163
1 77 0.996
1 99 0.351
1 9 0.166
1 10 0.093
1 16 0.369
1 35 0.323
1 45 0.056
1 48 0.621
1 72 0.279
1 41 0.35
1 81 0.378
1 94 0.41
1 98 0.134
1 102 0.156
1 7 0.619
1 52 0.104
1 8 0.086
1 47 0.259
1 50 0.433
1 57 0.145
1 69 0.534
1 107 0.006
1 11 0.378
1 15 0.036
1 32 0.328
1 37 0.069
1 39 0.314
1 58 0.051
1 83 0.274
1 88 0.39
1 3 0.199
1 12 0.209
1 20 0.074
1 23 0.249
1 25 0.212
1 31 0.162
1 36 0.149
1 40 0.083
1 42 0.211
1 44 0.218
1 46 0.123
1 51 0.032
1 59 0.28
1 66 0.033
1 68 0.106
1 74 0.424
1 82 0.14
1 85 0.36
1 91 0.051
1 2 0.157
1 24 0.055
1 33 0.161
1 61 0.197
1 64 0.325
1 80 0.16
1 86 0.164
1 96 0.177
1 100 0.106
1 104 0.179
1 106 0.129
1 4 0.134
1 6 0.152
1 14 0.149
1 17 0.145
1 18 0.166
1 21 0.063
1 26 0.161
1 27 0.199
1 29 0.146
1 30 0.162
1 38 0.117
1 43 0.163
1 49 0.135
1 53 0.166
1 54 0.137
1 55 0.112
1 56 0.116
1 60 0.136
1 63 0.148
1 71 0.122
1 73 0.18
1 75 0.107
1 79 0.187
1 97 0.141
1 105 0.217
1 108 0.159
1 109 0.105
2 64 0.984
2 11 0.818
2 32 0.068
2 36 0.589
2 89 0.449
2 43 0.185
2 72 0.231
2 3 0.379
2 65 0.186
2 67 0.011
2 88 0.286
2 13 0.25
2 42 0.173
2 77 0.277
2 83 0.079
2 106 0.155
2 108 0.076
2 18 0.126
2 47 0.067
2 53 0.383
2 58 0.036
2 69 0.143
2 84 0.11
2 94 0.082
2 9 0.143
2 14 0.443
2 15 0.18
2 17 0.117
2 35 0.194
2 56 0.005
2 60 0.125
2 62 0.203
2 68 0.14
2 78 0.362
2 79 0.195
2 85 0.172
2 91 0.293
2 103 0.268
2 4 0.225
2 7 0.061
2 10 0.363
2 23 0.093
2 24 0.172
2 33 0.115
2 34 0.245
2 50 0.139
2 55 0.2
2 59 0.147
2 61 0.251
2 71 0.051
2 90 0.32
2 93 0.244
2 105 0.118
2 107 0.139
2 109 0.235
2 12 0.172
2 25 0.158
2 27 0.097
2 29 0.146
2 31 0.168
2 39 0.144
2 45 0.158
2 48 0.184
2 51 0.151
2 52 0.142
2 54 0.159
2 57 0.096
2 66 0.162
2 73 0.188
2 74 0.104
2 76 0.148
2 80 0.185
2 81 0.188
2 86 0.139
2 87 0.173
2 96 0.149
2 97 0.167
2 100 0.157
2 102 0.161
2 104 0.129
3 78 0.803
3 4 1
3 97 0.661
3 9 0.405
3 51 0.949
3 98 0.215
3 30 0.3
3 25 0.023
3 29 0.471
3 34 0.389
3 91 0.211
3 108 0.211
3 36 0.05
3 39 0.359
3 80 0.182
3 31 0.122
3 40 0.391
3 41 0.128
3 50 0.223
3 57 0.165
3 62 0.126
3 66 0.001
3 23 0.202
3 27 0.202
3 44 0.087
3 56 0.282
3 58 0.192
3 63 0.345
3 74 0.147
3 75 0.339
3 76 0.136
3 107 0.206
3 7 0.34
3 19 0.231
3 26 0.181
3 28 0.278
3 35 0.277
3 45 0.088
3 49 0.043
3 55 0.151
3 61 0.01
3 67 0.198
3 81 0.163
3 82 0.107
3 84 0.179
3 87 0.376
3 89 0.166
3 93 0.119
3 96 0.178
3 103 0.11
3 104 0.311
3 10 0.089
3 11 0.166
3 13 0.122
3 15 0.174
3 16 0.173
3 17 0.11
3 22 0.169
3 32 0.198
3 33 0.178
3 37 0.137
3 42 0.159
3 43 0.211
3 46 0.194
3 48 0.113
3 53 0.137
3 64 0.188
3 69 0.179
3 77 0.176
3 83 0.141
3 86 0.172
3 88 0.175
3 90 0.151
3 95 0.17
3 100 0.143
3 101 0.132
3 102 0.181
3 105 0.129
3 106 0.193
3 109 0.161
4 38 0.877
4 9 0.827
4 96 0.756
4 105 0.518
4 32 0.445
4 65 0.233
4 24 0.653
4 77 0.132
4 108 0.664
4 33 0.056
4 102 0.186
4 20 0.382
4 23 0.4
4 46 0.341
4 91 0.436
4 93 0.015
4 109 0.681
4 57 0.106
4 87 0.155
4 19 0.216
4 22 0.391
4 37 0.047
4 45 0.198
4 55 0.09
4 60 0.237
4 67 0.33
4 72 0.283
4 80 0.195
4 95 0.16
4 100 0.089
4 44 0.035
4 64 0.178
4 70 0.229
4 74 0.046
4 79 0.145
4 85 0.105
4 99 0.268
4 107 0.133
4 10 0.177
4 11 0.142
4 15 0.144
4 18 0.286
4 26 0.239
4 34 0.366
4 35 0.134
4 50 0.123
4 58 0.153
4 62 0.182
4 66 0.261
4 68 0.3
4 81 0.114
4 82 0.127
4 89 0.116
4 97 0.122
4 6 0.172
4 7 0.159
4 12 0.162
4 14 0.121
4 25 0.17
4 27 0.131
4 28 0.202
4 29 0.167
4 39 0.203
4 40 0.133
4 41 0.149
4 42 0.102
4 47 0.164
4 48 0.11
4 52 0.139
4 54 0.173
4 61 0.12
4 63 0.109
4 73 0.164
4 76 0.199
4 78 0.116
4 84 0.153
4 90 0.137
4 94 0.144
4 101 0.104
4 103 0.134
4 104 0.17
5 101 0.808
5 61 0.592
5 17 0.752
5 20 0.185
5 92 0.038
5 99 0.614
5 80 0.017
5 84 0.214
5 55 0.537
5 45 0.248
5 34 0.082
5 57 0.301
5 86 0.03
5 90 0.09
5 102 0.412
5 63 0.206
5 82 0.362
5 93 0.387
5 12 0.17
5 16 0.372
5 31 0.1
5 40 0.32
5 52 0.355
5 97 0.335
5 11 0.223
5 49 0.011
5 77 0.382
5 81 0.104
5 85 0.297
5 95 0.372
5 22 0.282
5 24 0.163
5 25 0.106
5 26 0.099
5 35 0.272
5 37 0.131
5 39 0.247
5 58 0.093
5 72 0.221
5 76 0.261
5 87 0.136
5 91 0.082
5 10 0.139
5 27 0.054
5 28 0.104
5 29 0.127
5 30 0.17
5 32 0.272
5 36 0.096
5 42 0.247
5 51 0.065
5 53 0.061
5 64 0.16
5 70 0.214
5 71 0.364
5 73 0.177
5 74 0.167
5 75 0.19
5 98 0.214
5 7 0.17
5 15 0.095
5 19 0.13
5 23 0.184
5 33 0.119
5 44 0.163
5 46 0.115
5 47 0.128
5 48 0.154
5 50 0.135
5 59 0.137
5 66 0.078
5 68 0.162
5 78 0.144
5 83 0.201
5 88 0.139
5 89 0.104
5 94 0.15
5 96 0.127
5 104 0.183
5 105 0.096
5 107 0.195
5 108 0.163
6 84 1
6 92 0.735
6 39 1
6 68 0.553
6 14 0.894
6 60 0.442
6 70 0.503
6 80 0.73
6 101 0.903
6 61 0.509
6 97 0.114
6 67 0.403
6 93 0.734
6 40 0.007
6 48 0.086
6 7 0.063
6 43 0.25
6 44 0.367
6 56 0.085
6 87 0.028
6 18 0.108
6 19 0.137
6 20 0.101
6 45 0.003
6 72 0.129
6 78 0.047
6 83 0.079
6 8 0.131
6 17 0.016
6 34 0.111
6 35 0.108
6 37 0.144
6 46 0.26
6 50 0.157
6 55 0.113
6 58 0.186
6 63 0.209
6 74 0.19
6 75 0.364
6 77 0.113
6 95 0.11
6 102 0.308
6 107 0.157
6 16 0.004
6 23 0.223
6 24 0.116
6 26 0.122
6 49 0.115
6 51 0.153
6 53 0.156
6 65 0.209
6 66 0.101
6 69 0.077
6 76 0.241
6 81 0.153
6 94 0.3
6 96 0.207
6 103 0.154
6 9 0.188
6 10 0.171
6 11 0.128
6 12 0.179
6 15 0.151
6 22 0.146
6 27 0.078
6 29 0.142
6 32 0.201
6 33 0.148
6 41 0.122
6 62 0.189
6 64 0.113
6 73 0.11
6 79 0.134
6 82 0.145
6 86 0.242
6 89 0.134
6 104 0.194
6 108 0.189
7 38 0.344
7 70 0.228
7 97 0.679
7 103 0.684
7 25 0.039
7 28 0.233
7 21 0.23
7 52 0.272
7 15 0.206
7 23 0.036
7 31 0.091
7 32 0.204
7 74 0.082
7 107 0.276
7 60 0.343
7 61 0.115
7 14 0.058
7 30 0.231
7 66 0.334
7 104 0.272
7 109 0.49
7 16 0.271
7 17 0.228
7 18 0.199
7 26 0.482
7 40 0.13
7 48 0.191
7 56 0.089
7 83 0.022
7 90 0.194
7 99 0.333
7 8 0.181
7 13 0.078
7 20 0.229
7 44 0.232
7 55 0.141
7 65 0.182
7 80 0.292
7 81 0.256
7 88 0.074
7 93 0.324
7 27 0.176
7 33 0.136
7 45 0.086
7 50 0.329
7 58 0.137
7 73 0.161
7 96 0.152
7 98 0.199
7 9 0.133
7 10 0.149
7 11 0.173
7 22 0.138
7 24 0.119
7 34 0.084
7 37 0.155
7 41 0.174
7 42 0.141
7 43 0.144
7 51 0.222
7 53 0.155
7 54 0.16
7 59 0.129
7 64 0.127
7 71 0.137
7 82 0.13
7 84 0.132
7 89 0.152
7 94 0.139
7 100 0.17
7 101 0.151
7 105 0.125
7 106 0.163
8 72 1
8 47 0.621
8 25 0.501
8 43 0.238
8 82 0.448
8 16 0.733
8 60 0.281
8 29 0.151
8 70 0.388
8 80 0.356
8 87 0.123
8 44 0.227
8 22 0.254
8 98 0.237
8 35 0.151
8 49 0.319
8 62 0.12
8 67 0.275
8 95 0.323
8 48 0.064
8 61 0.157
8 85 0.529
8 89 0.194
8 10 0.149
8 34 0.121
8 51 0.117
8 52 0.099
8 55 0.25
8 57 0.1
8 65 0.272
8 69 0.149
8 75 0.083
8 81 0.252
8 88 0.045
8 90 0.501
8 99 0.051
8 100 0.147
8 103 0.151
8 104 0.049
8 105 0.299
8 109 0.217
8 14 0.211
8 15 0.208
8 19 0.138
8 21 0.191
8 23 0.221
8 24 0.129
8 31 0.151
8 37 0.141
8 40 0.059
8 42 0.182
8 63 0.206
8 71 0.207
8 74 0.03
8 76 0.118
8 79 0.16
8 83 0.12
8 92 0.107
8 101 0.085
8 107 0.301
8 12 0.153
8 17 0.19
8 18 0.156
8 27 0.184
8 28 0.15
8 32 0.178
8 33 0.176
8 36 0.197
8 38 0.187
8 50 0.174
8 54 0.18
8 56 0.131
8 58 0.123
8 59 0.15
8 64 0.101
8 66 0.161
8 77 0.201
8 78 0.156
8 84 0.103
8 86 0.154
8 91 0.134
8 93 0.137
8 94 0.187
8 102 0.145
8 108 0.13
9 89 0.804
9 51 0.294
9 50 0.251
9 49 0.214
9 17 0.15
9 63 0.165
9 45 0.201
9 78 0.479
9 82 0.142
9 31 0.281
9 54 0.135
9 85 0.087
9 94 0.277
9 25 0.115
9 39 0.174
9 67 0.197
9 74 0.172
9 87 0.059
9 98 0.136
9 106 0.043
9 109 0.143
9 10 0.154
9 11 0.442
9 21 0.233
9 24 0.147
9 33 0.175
9 43 0.011
9 56 0.149
9 59 0.196
9 60 0.269
9 70 0.089
9 79 0.061
9 83 0.119
9 96 0.006
9 103 0.272
9 108 0.227
9 13 0.158
9 18 0.149
9 36 0.027
9 38 0.214
9 44 0.102
9 58 0.112
9 69 0.161
9 71 0.318
9 72 0.117
9 92 0.241
9 95 0.15
9 100 0.104
9 101 0.299
9 16 0.179
9 20 0.15
9 23 0.098
9 27 0.115
9 28 0.124
9 30 0.099
9 32 0.172
9 35 0.18
9 37 0.139
9 40 0.14
9 41 0.16
9 47 0.123
9 48 0.159
9 57 0.186
9 61 0.14
9 62 0.145
9 73 0.179
9 75 0.141
9 81 0.136
9 84 0.12
9 86 0.141
9 88 0.206
9 91 0.162
9 93 0.155
9 99 0.135
9 102 0.109
9 104 0.147
10 55 1
10 107 0.784
10 90 0.575
10 104 0.183
10 22 0.323
10 61 0.319
10 14 0.011
10 23 0.233
10 65 0.54
10 76 0.173
10 34 0.147
10 67 0.125
10 109 0.281
10 35 0.267
10 46 0.133
10 78 0.281
10 103 0.192
10 13 0.165
10 28 0.016
10 33 0.309
10 40 0.164
10 45 0.232
10 59 0.152
10 63 0.195
10 92 0.201
10 96 0.255
10 100 0.415
10 11 0.032
10 16 0.08
10 17 0.148
10 25 0.091
10 32 0.131
10 37 0.233
10 38 0.061
10 42 0.125
10 44 0.171
10 47 0.195
10 48 0.245
10 52 0.15
10 88 0.017
10 94 0.148
10 12 0.156
10 20 0.075
10 29 0.069
10 31 0.251
10 41 0.185
10 51 0.155
10 57 0.371
10 64 0.145
10 66 0.151
10 71 0.13
10 72 0.196
10 74 0.056
10 75 0.129
10 93 0.097
10 95 0.305
10 97 0.343
10 101 0.134
10 108 0.188
10 24 0.13
10 26 0.208
10 27 0.157
10 30 0.114
10 39 0.191
10 43 0.191
10 49 0.13
10 53 0.151
10 56 0.205
10 58 0.151
10 62 0.146
10 70 0.155
10 73 0.121
10 81 0.121
10 83 0.121
10 84 0.215
10 85 0.144
10 87 0.203
10 91 0.2
11 44 0.15
11 95 0.639
11 20 0.331
11 92 0.184
11 43 0.397
11 87 0.247
11 108 0.288
11 72 0.48
11 24 0.154
11 69 0.212
11 81 0.072
11 99 0.428
11 15 0.116
11 27 0.49
11 102 0.056
11 19 0.132
11 30 0.386
11 83 0.086
11 18 0.14
11 25 0.255
11 34 0.236
11 47 0.151
11 53 0.341
11 58 0.048
11 62 0.115
11 63 0.413
11 66 0.128
11 85 0.152
11 12 0.208
11 14 0.162
11 16 0.048
11 26 0.129
11 31 0.01
11 41 0.111
11 48 0.187
11 51 0.157
11 57 0.143
11 60 0.233
11 67 0.148
11 77 0.18
11 91 0.135
11 98 0.092
11 107 0.133
11 13 0.122
11 17 0.159
11 22 0.178
11 29 0.114
11 33 0.157
11 35 0.145
11 38 0.175
11 45 0.174
11 49 0.136
11 50 0.142
11 54 0.131
11 56 0.146
11 70 0.181
11 73 0.16
11 75 0.146
11 76 0.157
11 79 0.173
11 80 0.099
11 82 0.139
11 84 0.1
11 88 0.13
11 89 0.132
11 90 0.147
11 93 0.127
11 94 0.203
11 103 0.169
11 105 0.179
11 109 0.166
12 43 0.957
12 24 0.302
12 34 0.562
12 58 1
12 18 0.626
12 83 0.143
12 100 0.596
12 85 0.567
12 15 0.568
12 17 0.125
12 104 0.067
12 30 0.451
12 66 0.312
12 21 0.165
12 54 0.134
12 56 0.298
12 62 0.142
12 96 0.232
12 99 0.087
12 13 0.166
12 14 0.28
12 22 0.09
12 27 0.227
12 20 0.154
12 28 0.192
12 52 0.261
12 57 0.267
12 63 0.162
12 77 0.153
12 88 0.18
12 89 0.113
12 93 0.132
12 108 0.412
12 25 0.285
12 40 0.176
12 44 0.198
12 46 0.137
12 48 0.132
12 61 0.147
12 68 0.098
12 74 0.158
12 78 0.141
12 82 0.161
12 84 0.012
12 86 0.153
12 95 0.2
12 101 0.029
12 107 0.162
12 16 0.122
12 19 0.144
12 26 0.167
12 31 0.119
12 33 0.14
12 36 0.132
12 37 0.11
12 41 0.111
12 45 0.128
12 47 0.078
12 50 0.183
12 55 0.186
12 72 0.164
12 73 0.174
12 80 0.186
12 81 0.186
12 87 0.172
12 91 0.114
12 102 0.175
12 103 0.165
12 105 0.151
12 106 0.109
13 28 0.62
13 76 0.533
13 83 0.852
13 14 0.894
13 38 0.393
13 98 0.523
13 90 0.493
13 107 0.436
13 80 0.578
13 102 0.343
13 23 0.138
13 49 0.072
13 77 0.406
13 86 0.177
13 96 0.285
13 19 0.029
13 37 0.317
13 51 0.093
13 60 0.227
13 101 0.125
13 105 0.254
13 106 0.33
13 59 0.31
13 71 0.437
13 104 0.149
13 24 0.104
13 25 0.309
13 43 0.111
13 63 0.125
13 81 0.251
13 88 0.238
13 93 0.15
13 18 0.134
13 27 0.167
13 30 0.097
13 31 0.185
13 34 0.212
13 40 0.118
13 46 0.128
13 48 0.153
13 54 0.17
13 55 0.203
13 58 0.114
13 61 0.034
13 68 0.078
13 73 0.049
13 74 0.249
13 75 0.234
13 78 0.134
13 82 0.099
13 97 0.099
13 109 0.228
13 16 0.144
13 17 0.132
13 22 0.209
13 26 0.2
13 32 0.18
13 35 0.148
13 39 0.164
13 41 0.147
13 42 0.162
13 44 0.135
13 47 0.098
13 53 0.098
13 64 0.132
13 66 0.166
13 67 0.133
13 69 0.091
13 70 0.123
13 79 0.185
13 84 0.144
13 91 0.206
13 95 0.171
13 99 0.099
13 100 0.166
14 106 0.466
14 48 0.191
14 55 0.348
14 90 0.001
14 83 0.391
14 54 0.261
14 67 0.063
14 76 0.117
14 88 0.003
14 107 0.042
14 25 0.193
14 43 0.17
14 53 0.429
14 57 0.206
14 69 0.207
14 89 0.033
14 103 0.152
14 108 0.004
14 19 0.056
14 40 0.151
14 42 0.206
14 46 0.15
14 62 0.26
14 74 0.147
14 101 0.295
14 26 0.278
14 31 0.196
14 37 0.175
14 39 0.07
14 47 0.171
14 52 0.118
14 56 0.096
14 59 0.134
14 72 0.125
14 80 0.176
14 81 0.209
14 82 0.184
14 91 0.126
14 96 0.163
14 102 0.288
14 104 0.164
14 15 0.227
14 16 0.126
14 18 0.196
14 20 0.108
14 21 0.151
14 22 0.163
14 30 0.108
14 32 0.133
14 34 0.109
14 35 0.138
14 36 0.176
14 38 0.158
14 44 0.175
14 45 0.174
14 49 0.109
14 60 0.113
14 64 0.168
14 68 0.185
14 70 0.138
14 75 0.128
14 78 0.21
14 79 0.109
14 86 0.165
14 94 0.14
14 95 0.109
14 97 0.168
14 98 0.104
14 99 0.119
15 108 0.986
15 100 0.853
15 54 0.088
15 68 0.51
15 30 0.259
15 33 0.113
15 47 0.198
15 73 0.339
15 95 0.4
15 45 0.077
15 58 0.172
15 20 0.199
15 44 0.212
15 41 0.095
15 56 0.021
15 74 0.189
15 37 0.06
15 61 0.293
15 77 0.3
15 85 0.178
15 94 0.01
15 21 0.137
15 34 0.093
15 38 0.167
15 42 0.132
15 80 0.078
15 82 0.162
15 18 0.101
15 19 0.168
15 22 0.221
15 25 0.181
15 28 0.168
15 43 0.275
15 48 0.114
15 51 0.108
15 60 0.194
15 79 0.205
15 84 0.235
15 87 0.017
15 88 0.165
15 91 0.276
15 93 0.194
15 106 0.068
15 107 0.104
15 17 0.125
15 23 0.163
15 26 0.125
15 29 0.148
15 32 0.159
15 35 0.176
15 39 0.147
15 52 0.143
15 62 0.149
15 63 0.141
15 64 0.15
15 69 0.174
15 75 0.173
15 83 0.133
15 86 0.113
15 92 0.148
15 96 0.127
15 97 0.172
15 98 0.132
15 104 0.112
16 50 0.491
16 90 0.758
16 101 0.139
16 42 0.354
16 27 0.387
16 56 0.223
16 59 0.179
16 75 0.233
16 46 0.084
16 86 0.149
16 102 0.175
16 104 0.157
16 19 0.158
16 20 0.277
16 26 0.082
16 29 0.201
16 34 0.178
16 47 0.367
16 55 0.218
16 61 0.259
16 71 0.276
16 18 0.122
16 28 0.082
16 48 0.172
16 58 0.192
16 74 0.164
16 88 0.399
16 106 0.153
16 21 0.127
16 24 0.192
16 32 0.097
16 38 0.193
16 41 0.122
16 57 0.225
16 64 0.153
16 67 0.1
16 69 0.218
16 94 0.077
16 96 0.131
16 99 0.279
16 103 0.121
16 105 0.372
16 108 0.124
16 17 0.172
16 25 0.169
16 31 0.174
16 40 0.133
16 49 0.175
16 51 0.189
16 54 0.151
16 63 0.12
16 65 0.159
16 66 0.195
16 68 0.174
16 70 0.16
16 76 0.132
16 77 0.234
16 78 0.148
16 79 0.156
16 83 0.148
16 85 0.125
16 87 0.166
16 89 0.117
16 91 0.167
16 92 0.2
16 93 0.124
16 95 0.158
16 97 0.067
16 107 0.171
17 33 0.972
17 57 0.64
17 97 0.695
17 60 0.215
17 86 0.692
17 78 0.146
17 100 0.405
17 53 0.516
17 67 0.531
17 30 0.131
17 41 0.333
17 46 0.268
17 23 0.23
17 55 0.576
17 63 0.315
17 35 0.385
17 49 0.104
17 50 0.056
17 69 0.18
17 79 0.091
17 93 0.077
17 109 0.075
17 21 0.23
17 31 0.144
17 32 0.129
17 91 0.127
17 92 0.192
17 106 0.247
17 18 0.182
17 20 0.117
17 26 0.17
17 28 0.17
17 29 0.134
17 39 0.117
17 48 0.184
17 64 0.28
17 66 0.082
17 74 0.112
17 77 0.086
17 94 0.085
17 96 0.189
17 99 0.123
17 101 0.159
17 108 0.189
17 19 0.127
17 24 0.148
17 27 0.12
17 36 0.166
17 37 0.153
17 38 0.214
17 40 0.089
17 51 0.137
17 52 0.159
17 56 0.152
17 59 0.092
17 62 0.148
17 65 0.078
17 68 0.146
17 72 0.162
17 81 0.141
17 83 0.189
17 87 0.071
17 90 0.112
17 98 0.122
17 103 0.12
18 66 0.798
18 54 0.695
18 73 0.806
18 86 0.461
18 109 0.922
18 78 0.395
18 62 0.236
18 47 0.112
18 97 0.072
18 56 0.266
18 82 0.077
18 89 0.043
18 52 0.374
18 87 0.489
18 34 0.094
18 37 0.327
18 49 0.36
18 23 0.287
18 27 0.173
18 30 0.188
18 35 0.339
18 63 0.08
18 64 0.168
18 65 0.253
18 81 0.483
18 83 0.148
18 85 0.349
18 88 0.155
18 61 0.208
18 75 0.249
18 76 0.088
18 77 0.222
18 101 0.266
18 108 0.13
18 40 0.249
18 46 0.153
18 51 0.117
18 57 0.21
18 68 0.337
18 69 0.083
18 84 0.279
18 96 0.244
18 98 0.128
18 99 0.118
18 100 0.125
18 102 0.145
18 103 0.081
18 107 0.15
18 19 0.127
18 25 0.138
18 26 0.157
18 31 0.136
18 36 0.157
18 43 0.094
18 45 0.124
18 50 0.125
18 60 0.138
18 67 0.176
18 74 0.188
18 80 0.121
18 90 0.128
18 91 0.121
18 94 0.149
18 105 0.125
18 106 0.222
19 50 0.341
19 108 1
19 30 0.574
19 24 0.575
19 46 0.525
19 66 0.682
19 22 0.197
19 102 0.318
19 107 0.226
19 62 0.543
19 75 0.656
19 84 0.306
19 25 0.03
19 33 0.144
19 39 0.175
19 44 0.222
19 104 0.329
19 106 0.025
19 32 0.367
19 45 0.123
19 58 0.197
19 95 0.065
19 98 0.166
19 34 0.158
19 56 0.085
19 71 0.01
19 76 0.24
19 87 0.386
19 101 0.23
19 105 0.185
19 26 0.122
19 41 0.102
19 48 0.197
19 52 0.182
19 57 0.143
19 69 0.079
19 82 0.146
19 85 0.249
19 100 0.336
19 109 0.254
19 29 0.188
19 36 0.061
19 54 0.03
19 55 0.172
19 63 0.146
19 65 0.186
19 68 0.089
19 70 0.106
19 72 0.11
19 80 0.174
19 83 0.25
19 91 0.137
19 92 0.26
19 103 0.283
19 20 0.171
19 31 0.087
19 49 0.161
19 53 0.205
19 59 0.179
19 60 0.117
19 74 0.152
19 78 0.108
19 90 0.167
19 94 0.166
19 97 0.217
20 33 0.579
20 34 0.568
20 67 0.33
20 106 0.387
20 43 0.569
20 66 0.201
20 51 0.266
20 24 0.13
20 74 0.067
20 85 0.194
20 97 0.121
20 30 0.381
20 69 0.369
20 72 0.016
20 82 0.141
20 92 0.201
20 25 0.117
20 29 0.266
20 59 0.282
20 84 0.279
20 88 0.043
20 89 0.167
20 40 0.094
20 41 0.153
20 48 0.226
20 49 0.009
20 63 0.317
20 75 0.146
20 76 0.384
20 107 0.142
20 23 0.169
20 26 0.124
20 28 0.121
20 39 0.16
20 44 0.263
20 45 0.136
20 52 0.166
20 55 0.199
20 57 0.136
20 71 0.15
20 80 0.214
20 93 0.156
20 96 0.37
20 104 0.133
20 31 0.146
20 32 0.153
20 36 0.141
20 37 0.157
20 42 0.136
20 46 0.19
20 58 0.154
20 60 0.168
20 62 0.142
20 70 0.191
20 73 0.133
20 78 0.162
20 79 0.16
20 86 0.207
20 91 0.134
20 94 0.183
20 98 0.11
20 100 0.152
20 101 0.169
20 102 0.157
20 108 0.131
20 109 0.161
21 45 0.488
21 83 0.527
21 22 0.363
21 27 0.34
21 24 0.111
21 47 0.128
21 49 0.109
21 48 0.351
21 34 0.612
21 40 0.228
21 80 0.076
21 31 0.006
21 55 0.43
21 60 0.187
21 64 0.187
21 91 0.201
21 32 0.258
21 38 0.043
21 87 0.099
21 90 0.089
21 93 0.404
21 108 0.139
21 54 0.094
21 57 0.237
21 76 0.146
21 81 0.222
21 104 0.14
21 25 0.121
21 35 0.158
21 41 0.118
21 46 0.133
21 58 0.117
21 65 0.073
21 67 0.094
21 68 0.356
21 82 0.152
21 86 0.117
21 94 0.071
21 98 0.182
21 103 0.186
21 109 0.053
21 23 0.145
21 36 0.143
21 37 0.122
21 42 0.183
21 50 0.076
21 51 0.185
21 53 0.137
21 59 0.159
21 66 0.13
21 70 0.152
21 71 0.199
21 72 0.153
21 73 0.136
21 77 0.164
21 78 0.097
21 85 0.128
21 88 0.172
21 92 0.154
21 95 0.164
21 97 0.194
21 102 0.128
21 105 0.111
21 106 0.156
21 107 0.14
22 38 0.431
22 74 0.653
22 30 0.238
22 31 0.576
22 28 0.698
22 90 0.196
22 59 0.093
22 24 0.099
22 25 0.115
22 75 0.225
22 85 0.453
22 89 0.138
22 105 0.064
22 47 0.266
22 71 0.24
22 95 0.064
22 43 0.191
22 52 0.16
22 61 0.174
22 66 0.149
22 68 0.173
22 76 0.018
22 92 0.212
22 94 0.033
22 98 0.515
22 99 0.131
22 29 0.032
22 33 0.041
22 51 0.017
22 84 0.098
22 88 0.297
22 97 0.297
22 102 0.007
22 109 0.341
22 32 0.102
22 39 0.059
22 41 0.113
22 44 0.175
22 46 0.113
22 56 0.118
22 62 0.13
22 63 0.191
22 64 0.098
22 69 0.205
22 79 0.26
22 80 0.185
22 82 0.161
22 101 0.162
22 104 0.141
22 106 0.255
22 35 0.152
22 37 0.136
22 40 0.129
22 45 0.181
22 48 0.122
22 49 0.117
22 53 0.149
22 67 0.1
22 72 0.2
22 73 0.121
22 78 0.095
22 81 0.137
22 86 0.181
22 87 0.108
22 91 0.152
22 93 0.163
23 49 1
23 45 0.876
23 52 0.369
23 86 0.344
23 99 0.684
23 102 0.489
23 30 0.229
23 38 0.077
23 53 0.229
23 82 0.492
23 91 0.149
23 93 0.106
23 106 0.588
23 33 0.163
23 34 0.182
23 54 0.321
23 62 0.13
23 66 0.045
23 68 0.216
23 74 0.425
23 77 0.117
23 90 0.322
23 98 0.037
23 25 0.168
23 27 0.185
23 35 0.208
23 40 0.045
23 44 0.104
23 51 0.033
23 64 0.136
23 87 0.025
23 92 0.023
23 100 0.22
23 104 0.02
23 109 0.169
23 28 0.144
23 32 0.106
23 36 0.096
23 37 0.084
23 42 0.031
23 55 0.168
23 58 0.088
23 59 0.258
23 60 0.182
23 63 0.155
23 69 0.182
23 73 0.112
23 79 0.155
23 88 0.275
23 95 0.111
23 107 0.032
23 108 0.138
23 39 0.15
23 41 0.143
23 43 0.133
23 46 0.178
23 50 0.172
23 61 0.188
23 67 0.118
23 71 0.125
23 72 0.171
23 76 0.178
23 78 0.139
23 80 0.192
23 83 0.09
23 85 0.202
23 89 0.117
23 94 0.191
23 103 0.168
23 105 0.184
24 69 0.547
24 49 1
24 92 0.709
24 97 0.579
24 43 0.694
24 55 0.273
24 65 0.127
24 66 0.184
24 52 0.113
24 76 0.324
24 93 0.299
24 33 0.082
24 39 0.128
24 51 0.125
24 83 0.181
24 109 0.268
24 30 0.121
24 50 0.165
24 60 0.222
24 62 0.278
24 67 0.128
24 74 0.087
24 86 0.372
24 91 0.246
24 99 0.303
24 37 0.074
24 40 0.303
24 58 0.037
24 64 0.137
24 71 0.178
24 80 0.295
24 82 0.079
24 88 0.202
24 90 0.124
24 100 0.106
24 102 0.154
24 108 0.364
24 27 0.165
24 32 0.134
24 35 0.162
24 36 0.123
24 45 0.118
24 48 0.141
24 54 0.166
24 56 0.142
24 57 0.1
24 61 0.129
24 75 0.129
24 77 0.112
24 79 0.179
24 81 0.163
24 84 0.151
24 87 0.23
24 89 0.167
24 95 0.118
24 98 0.141
24 101 0.141
24 103 0.133
24 106 0.108
24 107 0.156
25 49 1
25 27 0.756
25 44 0.405
25 94 0.353
25 38 0.532
25 75 0.573
25 51 0.384
25 109 0.223
25 93 0.082
25 28 0.046
25 29 0.239
25 43 0.446
25 58 0.315
25 84 0.383
25 87 0.124
25 99 0.238
25 108 0.175
25 41 0.092
25 42 0.285
25 52 0.056
25 55 0.065
25 60 0.205
25 61 0.117
25 78 0.186
25 80 0.271
25 82 0.306
25 86 0.138
25 31 0.126
25 34 0.211
25 40 0.138
25 47 0.051
25 53 0.17
25 79 0.201
25 89 0.243
25 95 0.152
25 101 0.161
25 104 0.016
25 107 0.133
25 32 0.131
25 35 0.146
25 36 0.193
25 50 0.111
25 54 0.162
25 56 0.127
25 59 0.159
25 62 0.155
25 63 0.156
25 67 0.159
25 68 0.153
25 69 0.162
25 81 0.151
25 90 0.142
25 91 0.184
25 92 0.181
25 97 0.139
25 102 0.134
26 37 0.665
26 34 0.37
26 72 0.834
26 70 0.05
26 50 0.578
26 51 0.234
26 81 0.159
26 106 0.279
26 73 0.598
26 91 0.251
26 101 0.04
26 44 0.19
26 49 0.308
26 53 0.324
26 39 0.315
26 43 0.059
26 55 0.305
26 58 0.102
26 82 0.538
26 28 0.168
26 32 0.304
26 41 0.164
26 48 0.043
26 60 0.133
26 61 0.121
26 65 0.034
26 66 0.322
26 88 0.182
26 92 0.083
26 109 0.016
26 35 0.179
26 40 0.109
26 46 0.262
26 47 0.056
26 56 0.106
26 59 0.079
26 76 0.141
26 77 0.151
26 83 0.02
26 90 0.185
26 100 0.215
26 102 0.134
26 107 0.215
26 108 0.03
26 27 0.144
26 33 0.116
26 52 0.113
26 57 0.145
26 62 0.191
26 67 0.116
26 68 0.1
26 69 0.139
26 71 0.195
26 74 0.12
26 78 0.156
26 79 0.176
26 84 0.163
26 86 0.143
26 93 0.161
26 104 0.167
26 105 0.157
27 54 0.719
27 68 0.856
27 63 0.747
27 28 0.55
27 43 0.053
27 98 0.072
27 104 0.229
27 29 0.115
27 57 0.187
27 39 0.141
27 107 0.583
27 34 0.232
27 78 0.124
27 90 0.05
27 95 0.061
27 33 0.142
27 49 0.164
27 37 0.127
27 38 0.122
27 45 0.094
27 52 0.1
27 97 0.028
27 30 0.117
27 53 0.215
27 58 0.146
27 83 0.118
27 87 0.194
27 89 0.087
27 108 0.345
27 48 0.217
27 56 0.132
27 65 0.172
27 92 0.066
27 101 0.062
27 32 0.118
27 35 0.176
27 36 0.16
27 40 0.2
27 41 0.195
27 42 0.169
27 46 0.14
27 47 0.217
27 50 0.177
27 51 0.153
27 59 0.146
27 61 0.187
27 62 0.2
27 69 0.146
27 72 0.129
27 74 0.143
27 75 0.139
27 76 0.109
27 86 0.178
27 91 0.168
27 93 0.157
27 103 0.205
27 106 0.197
28 69 0.148
28 37 0.523
28 58 0.78
28 106 0.689
28 66 0.558
28 77 0.193
28 29 0.855
28 42 0.171
28 57 0.261
28 43 0.143
28 64 0.136
28 94 0.308
28 47 0.23
28 55 0.236
28 60 0.23
28 61 0.394
28 62 0.137
28 89 0.053
28 90 0.112
28 104 0.197
28 109 0.244
28 31 0.211
28 41 0.122
28 49 0.079
28 50 0.021
28 53 0.059
28 56 0.253
28 74 0.33
28 81 0.232
28 86 0.322
28 95 0.188
28 32 0.134
28 33 0.11
28 35 0.189
28 40 0.076
28 46 0.156
28 51 0.011
28 52 0.194
28 54 0.194
28 70 0.123
28 71 0.096
28 75 0.203
28 78 0.107
28 85 0.084
28 101 0.361
28 102 0.185
28 107 0.191
28 30 0.183
28 38 0.145
28 48 0.163
28 59 0.111
28 67 0.151
28 68 0.191
28 72 0.136
28 76 0.129
28 82 0.098
28 84 0.137
28 87 0.127
28 91 0.171
28 92 0.174
28 98 0.12
28 103 0.125
29 46 0.606
29 51 0.942
29 62 0.518
29 79 0.216
29 61 0.261
29 43 0.289
29 64 0.131
29 90 0.521
29 108 0.139
29 48 0.203
29 55 0.111
29 58 0.185
29 63 0.356
29 74 0.315
29 81 0.183
29 89 0.062
29 32 0.322
29 35 0.123
29 47 0.07
29 50 0.158
29 73 0.083
29 75 0.157
29 83 0.1
29 92 0.259
29 101 0.407
29 105 0.328
29 36 0.182
29 40 0.329
29 45 0.216
29 52 0.211
29 56 0.149
29 57 0.314
29 78 0.198
29 84 0.228
29 100 0.141
29 104 0.114
29 107 0.152
29 33 0.158
29 39 0.113
29 41 0.127
29 44 0.149
29 54 0.162
29 60 0.141
29 65 0.097
29 66 0.124
29 70 0.131
29 71 0.135
29 82 0.138
29 88 0.166
29 93 0.161
29 94 0.1
29 95 0.125
29 97 0.171
29 102 0.133
29 103 0.147
30 82 0.383
30 83 0.371
30 34 0.112
30 41 0.224
30 91 0.686
30 40 0.251
30 85 0.398
30 88 0.192
30 57 0.023
30 61 0.298
30 99 0.091
30 107 0.047
30 63 0.042
30 76 0.295
30 78 0.182
30 84 0.255
30 100 0.082
30 101 0.409
30 104 0.276
30 109 0.173
30 36 0.084
30 47 0.097
30 50 0.341
30 65 0.16
30 67 0.216
30 75 0.39
30 90 0.124
30 95 0.154
30 31 0.149
30 32 0.141
30 37 0.15
30 53 0.016
30 58 0.099
30 68 0.18
30 69 0.266
30 72 0.109
30 80 0.1
30 89 0.251
30 93 0.186
30 105 0.208
30 35 0.116
30 38 0.143
30 39 0.135
30 42 0.16
30 43 0.187
30 44 0.158
30 46 0.105
30 48 0.171
30 49 0.148
30 55 0.246
30 60 0.122
30 62 0.19
30 66 0.15
30 71 0.167
30 74 0.169
30 77 0.119
30 92 0.209
30 94 0.127
30 97 0.169
30 98 0.148
30 102 0.176
30 108 0.137
31 104 0.535
31 82 1
31 37 0.598
31 64 0.405
31 77 0.269
31 87 0.493
31 74 0.173
31 90 0.302
31 101 0.109
31 69 0.186
31 85 0.197
31 65 0.363
31 105 0.089
31 35 0.261
31 40 0.043
31 51 0.178
31 57 0.249
31 79 0.219
31 88 0.272
31 98 0.253
31 33 0.245
31 41 0.113
31 43 0.059
31 44 0.176
31 63 0.126
31 78 0.013
31 80 0.287
31 81 0.166
31 34 0.196
31 36 0.164
31 42 0.17
31 48 0.186
31 50 0.238
31 52 0.134
31 53 0.149
31 56 0.18
31 59 0.099
31 60 0.245
31 62 0.142
31 71 0.015
31 73 0.118
31 83 0.114
31 84 0.173
31 89 0.112
31 94 0.113
31 97 0.086
31 99 0.149
31 106 0.123
31 32 0.145
31 38 0.122
31 39 0.149
31 46 0.087
31 47 0.166
31 49 0.137
31 54 0.158
31 67 0.132
31 68 0.152
31 70 0.14
31 75 0.146
31 91 0.158
31 93 0.13
31 95 0.161
31 102 0.151
31 103 0.144
31 107 0.216
31 108 0.181
31 109 0.109
32 69 0.925
32 86 1
32 100 0.586
32 43 0.478
32 76 0.022
32 87 0.557
32 44 0.399
32 108 0.35
32 41 0.141
32 63 0.169
32 78 0.376
32 36 0.436
32 42 0.299
32 83 0.139
32 49 0.156
32 52 0.114
32 64 0.062
32 65 0.455
32 67 0.18
32 75 0.385
32 79 0.155
32 82 0.187
32 95 0.084
32 61 0.193
32 66 0.106
32 73 0.198
32 81 0.202
32 90 0.133
32 93 0.194
32 33 0.313
32 35 0.244
32 39 0.134
32 54 0.134
32 55 0.174
32 56 0.257
32 59 0.151
32 68 0.048
32 71 0.183
32 84 0.156
32 94 0.062
32 99 0.134
32 102 0.043
32 103 0.114
32 34 0.123
32 37 0.161
32 38 0.107
32 40 0.162
32 46 0.147
32 47 0.142
32 48 0.153
32 58 0.167
32 70 0.17
32 85 0.126
32 88 0.223
32 96 0.154
32 106 0.116
32 107 0.153
33 92 0.171
33 35 0.371
33 52 0.133
33 59 0.214
33 61 0.197
33 109 0.089
33 39 0.09
33 65 0.333
33 71 0.582
33 94 0.022
33 44 0.032
33 73 0.189
33 79 0.184
33 90 0.185
33 91 0.171
33 34 0.175
33 46 0.131
33 47 0.11
33 55 0.134
33 56 0.187
33 64 0.118
33 66 0.136
33 68 0.197
33 74 0.164
33 75 0.164
33 85 0.11
33 89 0.216
33 93 0.294
33 97 0.136
33 100 0.206
33 102 0.167
33 104 0.221
33 36 0.204
33 37 0.183
33 38 0.138
33 40 0.179
33 41 0.204
33 42 0.135
33 43 0.14
33 48 0.208
33 54 0.157
33 60 0.138
33 70 0.176
33 72 0.2
33 76 0.119
33 77 0.2
33 78 0.152
33 84 0.139
33 87 0.168
33 96 0.17
33 101 0.115
33 103 0.194
33 105 0.22
33 106 0.118
33 108 0.167
34 48 0.862
34 63 0.632
34 103 0.021
34 81 0.697
34 93 0.079
34 40 0.197
34 101 0.117
34 46 0.332
34 50 0.055
34 62 0.015
34 65 0.163
34 41 0.212
34 56 0.06
34 76 0.035
34 91 0.166
34 98 0.275
34 100 0.28
34 37 0.161
34 42 0.168
34 52 0.249
34 57 0.071
34 68 0.126
34 72 0.14
34 74 0.058
34 82 0.207
34 99 0.045
34 44 0.089
34 49 0.152
34 55 0.1
34 64 0.139
34 75 0.1
34 77 0.299
34 78 0.072
34 89 0.149
34 90 0.184
34 92 0.145
34 95 0.457
34 102 0.152
34 106 0.124
34 108 0.207
34 38 0.142
34 39 0.16
34 43 0.151
34 51 0.111
34 54 0.143
34 67 0.157
34 69 0.129
34 73 0.132
34 79 0.143
34 80 0.134
34 84 0.16
34 85 0.159
34 86 0.193
34 87 0.132
34 88 0.151
34 94 0.126
34 107 0.19
34 109 0.13
35 109 0.936
35 84 0.479
35 69 0.353
35 50 0.324
35 58 0.096
35 43 0.042
35 67 0.273
35 106 0.378
35 39 0.176
35 42 0.07
35 47 0.204
35 54 0.017
35 57 0.041
35 70 0.061
35 73 0.146
35 90 0.081
35 97 0.095
35 40 0.073
35 59 0.153
35 66 0.096
35 68 0.11
35 78 0.314
35 83 0.194
35 92 0.105
35 95 0.24
35 105 0.147
35 37 0.093
35 51 0.183
35 53 0.099
35 61 0.181
35 64 0.263
35 71 0.132
35 72 0.129
35 79 0.138
35 81 0.222
35 87 0.227
35 88 0.143
35 96 0.125
35 99 0.197
35 100 0.072
35 41 0.22
35 44 0.141
35 45 0.172
35 48 0.12
35 55 0.14
35 60 0.135
35 63 0.153
35 75 0.116
35 82 0.157
35 91 0.181
35 93 0.189
35 98 0.128
35 101 0.206
35 102 0.16
35 103 0.121
35 107 0.167
36 84 1
36 41 0.339
36 42 0.77
36 45 0.036
36 46 0.65
36 72 0.41
36 48 0.396
36 85 0.082
36 91 0.119
36 58 0.066
36 73 0.091
36 87 0.25
36 103 0.111
36 80 0.33
36 94 0.253
36 105 0.048
36 38 0.237
36 65 0.447
36 98 0.176
36 102 0.223
36 39 0.168
36 47 0.154
36 61 0.226
36 67 0.079
36 69 0.272
36 70 0.272
36 93 0.161
36 104 0.192
36 37 0.117
36 43 0.129
36 51 0.137
36 56 0.204
36 60 0.117
36 63 0.156
36 64 0.083
36 71 0.162
36 77 0.137
36 82 0.098
36 83 0.037
36 86 0.159
36 89 0.2
36 100 0.113
36 101 0.297
36 109 0.079
36 44 0.132
36 57 0.102
36 62 0.154
36 68 0.13
36 74 0.153
36 76 0.175
36 78 0.153
36 90 0.14
36 96 0.147
36 97 0.058
36 99 0.165
36 107 0.203
37 75 0.692
37 39 0.02
37 53 0.577
37 68 0.8
37 38 0.58
37 82 0.352
37 93 0.495
37 42 0.176
37 47 0.623
37 80 0.034
37 64 0.051
37 89 0.296
37 54 0.239
37 60 0.327
37 92 0.146
37 79 0.358
37 85 0.169
37 86 0.325
37 87 0.082
37 95 0.279
37 98 0.039
37 101 0.159
37 40 0.199
37 52 0.094
37 63 0.069
37 69 0.21
37 71 0.164
37 78 0.186
37 81 0.047
37 109 0.184
37 48 0.081
37 55 0.204
37 58 0.067
37 62 0.18
37 74 0.177
37 77 0.157
37 83 0.147
37 96 0.304
37 100 0.114
37 102 0.184
37 105 0.197
37 41 0.162
37 45 0.128
37 49 0.144
37 50 0.094
37 56 0.148
37 57 0.19
37 61 0.148
37 65 0.145
37 66 0.158
37 67 0.134
37 70 0.191
37 72 0.161
37 73 0.088
37 76 0.144
37 84 0.132
37 90 0.176
37 94 0.097
37 97 0.113
37 99 0.16
37 103 0.152
37 106 0.093
37 108 0.144
38 70 0.741
38 69 0.762
38 85 0.181
38 94 1
38 56 0.307
38 89 0.144
38 53 0.148
38 59 0.123
38 65 0.314
38 68 0.39
38 71 0.013
38 76 0.126
38 77 0.158
38 103 0.265
38 61 0.184
38 75 0.317
38 80 0.129
38 58 0.299
38 64 0.168
38 91 0.135
38 92 0.026
38 109 0.298
38 43 0.185
38 44 0.233
38 52 0.194
38 86 0.148
38 101 0.109
38 39 0.11
38 54 0.192
38 57 0.125
38 62 0.18
38 72 0.25
38 74 0.078
38 90 0.017
38 97 0.156
38 102 0.126
38 40 0.133
38 42 0.089
38 45 0.19
38 47 0.168
38 49 0.137
38 50 0.184
38 51 0.161
38 55 0.151
38 63 0.146
38 67 0.16
38 78 0.137
38 84 0.162
38 87 0.163
38 93 0.153
38 96 0.263
38 98 0.136
38 99 0.127
38 100 0.13
38 104 0.19
38 105 0.184
39 54 0.736
39 72 0.844
39 62 0.587
39 81 0.6
39 109 0.817
39 44 0.159
39 64 0.391
39 102 0.664
39 77 0.425
39 40 0.366
39 52 0.202
39 96 0.24
39 99 0.191
39 42 0.119
39 43 0.014
39 56 0.443
39 83 0.179
39 47 0.091
39 84 0.195
39 103 0.153
39 41 0.098
39 48 0.291
39 73 0.162
39 76 0.102
39 78 0.206
39 92 0.179
39 105 0.134
39 55 0.011
39 67 0.16
39 68 0.149
39 69 0.231
39 70 0.366
39 86 0.148
39 90 0.125
39 101 0.155
39 104 0.14
39 107 0.128
39 45 0.183
39 46 0.124
39 51 0.127
39 57 0.112
39 58 0.107
39 61 0.119
39 65 0.156
39 71 0.149
39 80 0.14
39 82 0.175
39 85 0.184
39 87 0.151
39 88 0.108
39 89 0.12
39 91 0.151
39 93 0.126
39 94 0.197
39 95 0.13
39 97 0.177
39 100 0.123
39 106 0.19
40 64 0.885
40 97 1
40 107 0.758
40 65 0.659
40 71 0.226
40 67 0.202
40 44 0.026
40 105 0.045
40 47 0.149
40 69 0.183
40 74 0.199
40 49 0.806
40 90 0.264
40 96 0.157
40 86 0.182
40 99 0.266
40 46 0.189
40 51 0.121
40 55 0.11
40 60 0.246
40 62 0.087
40 77 0.148
40 78 0.156
40 81 0.195
40 82 0.343
40 108 0.249
40 45 0.042
40 48 0.183
40 59 0.086
40 73 0.245
40 76 0.125
40 79 0.194
40 80 0.183
40 85 0.097
40 87 0.136
40 41 0.135
40 42 0.159
40 50 0.13
40 53 0.156
40 54 0.157
40 58 0.15
40 61 0.185
40 66 0.203
40 72 0.121
40 75 0.103
40 83 0.131
40 84 0.133
40 95 0.12
40 109 0.112
41 51 0.997
41 84 0.642
41 53 0.52
41 100 0.734
41 101 0.472
41 67 0.095
41 56 0.153
41 93 0.044
41 49 0.199
41 55 0.069
41 46 0.235
41 71 0.078
41 42 0.052
41 44 0.411
41 52 0.297
41 72 0.117
41 74 0.182
41 77 0.026
41 89 0.325
41 50 0.101
41 58 0.261
41 63 0.105
41 68 0.102
41 82 0.088
41 96 0.221
41 105 0.29
41 43 0.145
41 47 0.131
41 59 0.115
41 65 0.163
41 66 0.21
41 79 0.431
41 85 0.199
41 95 0.097
41 99 0.188
41 106 0.128
41 45 0.146
41 48 0.13
41 57 0.156
41 61 0.146
41 62 0.123
41 64 0.168
41 69 0.211
41 73 0.198
41 78 0.099
41 80 0.171
41 83 0.143
41 87 0.184
41 90 0.133
41 91 0.15
41 92 0.169
41 94 0.17
41 98 0.12
41 102 0.167
41 104 0.125
41 108 0.125
42 76 0.843
42 97 0.429
42 96 0.971
42 46 0.211
42 99 0.049
42 73 0.371
42 54 0.241
42 45 0.284
42 65 0.245
42 82 0.074
42 89 0.006
42 48 0.158
42 69 0.134
42 71 0.357
42 74 0.158
42 78 0.033
42 79 0.12
42 81 0.223
42 83 0.2
42 88 0.062
42 95 0.139
42 109 0.291
42 44 0.123
42 58 0.193
42 60 0.053
42 64 0.249
42 75 0.204
42 86 0.19
42 98 0.164
42 43 0.107
42 50 0.149
42 55 0.199
42 56 0.203
42 59 0.128
42 63 0.152
42 66 0.12
42 67 0.179
42 68 0.173
42 70 0.138
42 72 0.157
42 87 0.114
42 91 0.169
42 102 0.095
42 104 0.177
42 105 0.092
43 51 0.111
43 90 0.104
43 47 0.083
43 45 0.359
43 74 0.316
43 102 0.117
43 55 0.308
43 92 0.188
43 105 0.422
43 64 0.248
43 76 0.118
43 79 0.473
43 108 0.366
43 58 0.175
43 62 0.287
43 73 0.249
43 46 0.322
43 50 0.272
43 80 0.125
43 81 0.214
43 91 0.298
43 97 0.19
43 107 0.281
43 48 0.129
43 56 0.438
43 66 0.101
43 68 0.169
43 69 0.27
43 83 0.267
43 93 0.181
43 96 0.098
43 100 0.126
43 65 0.115
43 67 0.154
43 71 0.087
43 82 0.005
43 88 0.148
43 95 0.139
43 101 0.146
43 103 0.164
43 49 0.132
43 52 0.122
43 57 0.141
43 60 0.103
43 63 0.163
43 70 0.128
43 72 0.149
43 84 0.139
43 87 0.145
43 89 0.178
43 99 0.238
43 104 0.128
43 106 0.125
43 109 0.077
44 65 0.872
44 98 0.675
44 67 0.639
44 62 0.091
44 78 0.622
44 46 0.372
44 100 0.116
44 50 0.16
44 66 0.292
44 56 0.253
44 75 0.063
44 53 0.372
44 64 0.116
44 95 0.169
44 105 0.308
44 108 0.294
44 60 0.248
44 72 0.502
44 88 0.28
44 54 0.03
44 55 0.103
44 58 0.046
44 69 0.173
44 70 0.142
44 87 0.102
44 48 0.221
44 61 0.158
44 63 0.013
44 80 0.138
44 81 0.174
44 84 0.253
44 90 0.039
44 96 0.163
44 99 0.135
44 103 0.226
44 106 0.039
44 107 0.102
44 109 0.085
44 49 0.186
44 52 0.165
44 71 0.151
44 73 0.206
44 76 0.115
44 77 0.144
44 82 0.171
44 83 0.147
44 101 0.163
45 92 1
45 107 0.652
45 70 0.246
45 64 0.517
45 98 0.111
45 108 0.283
45 51 0.537
45 73 0.105
45 93 0.408
45 47 0.33
45 90 0.11
45 58 0.07
45 94 0.31
45 46 0.172
45 48 0.375
45 68 0.436
45 69 0.156
45 72 0.417
45 75 0.014
45 79 0.187
45 82 0.163
45 53 0.154
45 54 0.124
45 71 0.227
45 81 0.197
45 95 0.146
45 97 0.167
45 106 0.25
45 52 0.155
45 56 0.182
45 57 0.119
45 59 0.144
45 60 0.128
45 61 0.132
45 63 0.126
45 66 0.166
45 67 0.172
45 77 0.154
45 78 0.206
45 83 0.14
45 86 0.207
45 87 0.201
45 96 0.15
45 102 0.184
45 104 0.165
45 105 0.171
45 109 0.123
46 101 0.38
46 58 0.769
46 65 0.246
46 60 0.836
46 94 0.063
46 73 0.236
46 81 0.341
46 85 0.105
46 103 0.21
46 106 0.015
46 107 0.208
46 47 0.136
46 48 0.141
46 49 0.064
46 53 0.188
46 61 0.128
46 68 0.054
46 70 0.329
46 71 0.069
46 82 0.255
46 88 0.016
46 97 0.304
46 98 0.142
46 102 0.141
46 108 0.059
46 50 0.137
46 57 0.108
46 74 0.143
46 80 0.162
46 86 0.122
46 87 0.117
46 91 0.339
46 100 0.097
46 109 0.192
46 51 0.16
46 55 0.208
46 62 0.135
46 63 0.184
46 64 0.175
46 66 0.128
46 69 0.148
46 72 0.127
46 75 0.205
46 77 0.138
46 78 0.159
46 79 0.1
46 84 0.135
46 95 0.142
46 96 0.124
46 99 0.112
46 104 0.1
46 105 0.14
47 72 0.482
47 98 0.534
47 88 0.282
47 90 0.23
47 92 0.244
47 80 0.194
47 86 0.343
47 97 0.158
47 63 0.173
47 66 0.11
47 70 0.07
47 83 0.11
47 84 0.157
47 101 0.167
47 51 0.209
47 56 0.133
47 61 0.141
47 65 0.103
47 75 0.124
47 76 0.204
47 77 0.276
47 93 0.05
47 94 0.213
47 104 0.133
47 105 0.147
47 48 0.081
47 49 0.152
47 50 0.158
47 54 0.143
47 55 0.141
47 57 0.09
47 58 0.145
47 59 0.088
47 67 0.159
47 78 0.131
47 85 0.083
47 89 0.202
47 91 0.166
47 99 0.137
47 100 0.167
47 103 0.166
47 106 0.152
47 107 0.174
48 60 0.712
48 87 0.871
48 65 0.623
48 54 0.664
48 49 0.506
48 56 0.145
48 67 0.12
48 104 0.503
48 63 0.268
48 52 0.239
48 75 0.162
48 88 0.437
48 91 0.047
48 107 0.174
48 55 0.063
48 71 0.149
48 78 0.175
48 79 0.086
48 81 0.156
48 84 0.23
48 90 0.267
48 92 0.205
48 93 0.285
48 102 0.257
48 50 0.323
48 53 0.197
48 59 0.179
48 68 0.097
48 72 0.155
48 76 0.244
48 89 0.107
48 97 0.07
48 101 0.137
48 106 0.156
48 51 0.179
48 58 0.163
48 61 0.143
48 64 0.091
48 70 0.127
48 74 0.187
48 80 0.156
48 82 0.175
48 85 0.184
48 86 0.185
48 95 0.145
48 105 0.195
49 87 0.552
49 69 0.291
49 109 0.568
49 51 0.154
49 63 0.309
49 78 0.088
49 84 0.371
49 86 0.339
49 53 0.221
49 99 0.078
49 105 0.374
49 50 0.281
49 56 0.08
49 94 0.215
49 95 0.209
49 64 0.09
49 73 0.146
49 80 0.046
49 96 0.145
49 52 0.211
49 67 0.16
49 83 0.275
49 85 0.195
49 90 0.23
49 91 0.098
49 97 0.176
49 101 0.176
49 106 0.081
49 108 0.173
49 57 0.148
49 58 0.128
49 59 0.164
49 66 0.112
49 68 0.157
49 71 0.144
49 74 0.146
49 75 0.116
49 81 0.199
49 93 0.13
49 100 0.117
49 102 0.11
50 100 0.663
50 57 0.801
50 106 0.581
50 101 0.276
50 89 0.566
50 82 0.296
50 59 0.216
50 78 0.113
50 107 0.257
50 53 0.089
50 54 0.283
50 70 0.17
50 71 0.15
50 91 0.155
50 56 0.006
50 60 0.218
50 68 0.123
50 73 0.148
50 86 0.156
50 90 0.385
50 74 0.11
50 77 0.102
50 88 0.038
50 92 0.207
50 51 0.151
50 58 0.138
50 61 0.154
50 62 0.103
50 63 0.132
50 64 0.167
50 65 0.193
50 67 0.141
50 72 0.159
50 76 0.155
50 80 0.103
50 83 0.167
50 84 0.132
50 93 0.138
50 95 0.148
50 97 0.153
50 98 0.143
50 99 0.137
50 102 0.132
50 103 0.199
50 104 0.179
50 109 0.198
51 72 0.193
51 102 0.144
51 63 0.38
51 79 0.091
51 86 0.895
51 92 0.257
51 105 0.063
51 108 0.238
51 74 0.044
51 88 0.111
51 91 0.189
51 55 0.231
51 68 0.039
51 82 0.139
51 96 0.134
51 100 0.16
51 60 0.313
51 73 0.063
51 80 0.014
51 89 0.162
51 95 0.084
51 99 0.329
51 107 0.304
51 52 0.109
51 54 0.135
51 59 0.147
51 61 0.09
51 64 0.235
51 66 0.174
51 75 0.127
51 78 0.17
51 85 0.213
51 90 0.122
51 98 0.145
51 103 0.151
51 104 0.167
51 106 0.132
51 56 0.156
51 57 0.114
51 58 0.195
51 62 0.145
51 67 0.175
51 76 0.137
51 77 0.166
51 81 0.139
51 83 0.167
51 84 0.133
51 93 0.167
51 97 0.185
51 109 0.11
52 105 0.571
52 102 0.362
52 95 0.587
52 54 0.158
52 62 0.311
52 74 0.228
52 88 0.198
52 64 0.436
52 76 0.048
52 82 0.161
52 107 0.209
52 55 0.186
52 66 0.156
52 67 0.587
52 69 0.274
52 77 0.235
52 90 0.223
52 92 0.287
52 103 0.135
52 60 0.025
52 68 0.087
52 70 0.092
52 83 0.125
52 89 0.168
52 91 0.144
52 97 0.092
52 109 0.123
52 53 0.124
52 58 0.127
52 59 0.104
52 63 0.156
52 65 0.121
52 72 0.127
52 73 0.139
52 75 0.162
52 78 0.115
52 85 0.187
52 86 0.137
52 93 0.194
52 94 0.166
52 100 0.132
52 106 0.112
52 108 0.128
53 108 0.97
53 65 0.11
53 89 0.641
53 92 0.474
53 100 0.273
53 69 0.312
53 87 0.554
53 66 0.27
53 55 0.227
53 59 0.107
53 68 0.096
53 73 0.155
53 74 0.201
53 80 0.324
53 83 0.288
53 72 0.383
53 95 0.303
53 98 0.199
53 102 0.179
53 62 0.123
53 71 0.161
53 76 0.062
53 77 0.041
53 78 0.128
53 82 0.162
53 84 0.128
53 85 0.161
53 88 0.116
53 93 0.212
53 101 0.111
53 103 0.163
53 104 0.159
53 54 0.189
53 56 0.154
53 58 0.097
53 61 0.105
53 63 0.144
53 64 0.145
53 67 0.155
53 70 0.172
53 79 0.162
53 81 0.138
53 86 0.138
53 94 0.175
53 96 0.147
53 97 0.127
53 106 0.177
53 107 0.094
53 109 0.138
54 89 0.628
54 79 0.516
54 76 0.323
54 78 0.206
54 88 0.467
54 75 0.037
54 109 0.428
54 65 0.033
54 82 0.256
54 56 0.289
54 59 0.101
54 63 0.33
54 90 0.227
54 94 0.351
54 98 0.172
54 102 0.11
54 104 0.12
54 108 0.111
54 61 0.247
54 64 0.24
54 66 0.103
54 67 0.152
54 68 0.243
54 86 0.159
54 93 0.173
54 95 0.202
54 55 0.143
54 57 0.176
54 58 0.163
54 60 0.154
54 62 0.114
54 69 0.127
54 74 0.133
54 77 0.133
54 80 0.129
54 84 0.151
54 91 0.169
54 92 0.177
54 96 0.159
54 99 0.187
54 101 0.163
54 106 0.16
55 91 0.821
55 80 0.633
55 74 0.564
55 58 0.133
55 97 0.121
55 77 0.417
55 82 0.467
55 96 0.04
55 107 0.003
55 76 0.263
55 78 0.133
55 90 0.252
55 105 0.214
55 108 0.148
55 59 0.205
55 61 0.189
55 70 0.481
55 85 0.147
55 98 0.227
55 106 0.111
55 62 0.001
55 66 0.13
55 67 0.356
55 68 0.189
55 72 0.209
55 73 0.162
55 83 0.077
55 56 0.101
55 81 0.15
55 84 0.168
55 86 0.193
55 87 0.194
55 92 0.124
55 94 0.19
55 99 0.146
55 101 0.129
55 104 0.173
56 63 0.829
56 71 1
56 66 0.403
56 109 0.571
56 96 0.446
56 65 0.052
56 59 0.075
56 80 0.264
56 84 0.551
56 105 0.128
56 58 0.108
56 75 0.176
56 78 0.318
56 81 0.057
56 86 0.16
56 98 0.174
56 102 0.101
56 106 0.239
56 62 0.111
56 64 0.209
56 68 0.065
56 72 0.125
56 74 0.116
56 76 0.127
56 79 0.238
56 89 0.236
56 57 0.093
56 60 0.18
56 61 0.197
56 69 0.073
56 70 0.111
56 77 0.178
56 88 0.176
56 90 0.162
56 93 0.144
56 94 0.161
56 95 0.117
56 97 0.109
56 99 0.133
56 100 0.143
56 103 0.13
57 70 0.565
57 90 0.858
57 74 0.004
57 64 0.127
57 72 0.137
57 88 0.518
57 92 0.177
57 99 0.272
57 102 0.243
57 103 0.075
57 62 0.122
57 63 0.122
57 67 0.117
57 89 0.192
57 97 0.088
57 98 0.186
57 105 0.154
57 107 0.149
57 109 0.13
57 59 0.185
57 60 0.158
57 65 0.168
57 69 0.146
57 75 0.188
57 77 0.17
57 78 0.13
57 79 0.124
57 82 0.158
57 85 0.154
57 94 0.183
57 95 0.177
57 96 0.158
57 104 0.149
57 106 0.153
57 108 0.112
58 80 0.958
58 73 1
58 82 0.637
58 65 0.116
58 100 0.312
58 62 0.581
58 76 0.163
58 70 0.003
58 94 0.062
58 105 0.006
58 60 0.112
58 88 0.082
58 92 0.124
58 103 0.376
58 68 0.226
58 74 0.213
58 81 0.193
58 84 0.269
58 90 0.369
58 99 0.146
58 59 0.272
58 63 0.164
58 64 0.054
58 69 0.11
58 72 0.189
58 77 0.256
58 86 0.156
58 91 0.031
58 96 0.136
58 98 0.158
58 101 0.163
58 106 0.157
58 61 0.09
58 66 0.121
58 67 0.14
58 71 0.16
58 78 0.117
58 79 0.151
58 87 0.181
58 89 0.194
58 95 0.165
58 97 0.186
58 108 0.201
59 72 0.774
59 69 0.301
59 65 0.044
59 88 0.046
59 107 0.502
59 62 0.277
59 68 0.179
59 71 0.003
59 75 0.244
59 82 0.117
59 84 0.21
59 91 0.296
59 93 0.123
59 94 0.166
59 97 0.134
59 105 0.225
59 64 0.062
59 81 0.109
59 87 0.241
59 61 0.103
59 63 0.165
59 67 0.209
59 70 0.136
59 73 0.168
59 74 0.161
59 77 0.153
59 80 0.146
59 85 0.081
59 86 0.166
59 92 0.107
59 95 0.149
59 99 0.146
59 101 0.166
59 103 0.181
59 104 0.131
59 106 0.158
60 97 0.64
60 89 0.648
60 81 0.613
60 101 0.679
60 67 0.512
60 84 0.492
60 106 0.766
60 73 0.556
60 74 0.186
60 107 0.088
60 96 0.355
60 80 0.212
60 82 0.102
60 98 0.168
60 99 0.164
60 105 0.146
60 63 0.158
60 72 0.048
60 76 0.209
60 78 0.285
60 88 0.138
60 91 0.252
60 92 0.074
60 103 0.099
60 62 0.199
60 65 0.166
60 68 0.193
60 69 0.146
60 70 0.173
60 79 0.167
60 83 0.151
60 86 0.175
60 87 0.129
60 94 0.176
60 95 0.114
60 100 0.142
60 108 0.16
60 109 0.131
61 104 0.868
61 100 0.509
61 103 0.712
61 84 0.766
61 93 0.442
61 66 0.834
61 85 0.587
61 86 0.312
61 95 0.27
61 108 0.319
61 87 0.24
61 105 0.225
61 64 0.108
61 96 0.211
61 107 0.37
61 62 0.431
61 63 0.137
61 67 0.159
61 70 0.068
61 72 0.042
61 75 0.17
61 77 0.063
61 79 0.214
61 90 0.183
61 97 0.272
61 98 0.342
61 99 0.183
61 65 0.148
61 73 0.166
61 80 0.153
61 81 0.141
61 82 0.174
61 88 0.134
61 92 0.137
61 94 0.124
61 101 0.154
61 109 0.086
62 71 0.066
62 66 0.165
62 75 0.329
62 102 0.014
62 99 0.27
62 107 0.105
62 81 0.215
62 95 0.097
62 105 0.268
62 106 0.189
62 64 0.233
62 65 0.293
62 73 0.217
62 74 0.27
62 100 0.348
62 101 0.104
62 103 0.026
62 68 0.159
62 76 0.326
62 83 0.151
62 96 0.019
62 108 0.193
62 109 0.053
62 63 0.172
62 67 0.163
62 72 0.175
62 79 0.158
62 89 0.123
62 93 0.172
62 98 0.114
63 76 0.839
63 77 0.451
63 69 0.289
63 100 0.289
63 72 0.026
63 81 0.042
63 108 0.117
63 94 0.333
63 65 0.175
63 68 0.145
63 80 0.165
63 82 0.059
63 85 0.118
63 88 0.131
63 89 0.161
63 91 0.109
63 93 0.025
63 97 0.111
63 98 0.27
63 101 0.095
63 107 0.128
63 70 0.161
63 73 0.161
63 75 0.14
63 78 0.166
63 83 0.194
63 84 0.165
63 87 0.17
63 90 0.157
63 96 0.161
63 102 0.175
63 104 0.153
63 105 0.173
63 106 0.131
64 68 0.645
64 102 1
64 99 0.128
64 91 0.502
64 97 0.03
64 75 0.111
64 79 0.194
64 86 0.165
64 98 0.233
64 66 0.246
64 69 0.152
64 74 0.068
64 85 0.132
64 87 0.116
64 92 0.141
64 101 0.192
64 109 0.066
64 71 0.135
64 72 0.202
64 77 0.176
64 80 0.099
64 81 0.191
64 82 0.146
64 83 0.196
64 88 0.162
64 90 0.166
64 93 0.13
64 95 0.144
64 96 0.124
64 103 0.099
64 105 0.148
65 96 0.838
65 71 0.584
65 66 0.287
65 76 0.35
65 103 0.332
65 70 0.633
65 93 0.081
65 97 0.22
65 73 0.048
65 74 0.081
65 100 0.308
65 101 0.216
65 89 0.137
65 92 0.098
65 109 0.051
65 72 0.1
65 81 0.111
65 82 0.079
65 84 0.303
65 91 0.21
65 94 0.178
65 99 0.18
65 68 0.152
65 69 0.169
65 75 0.144
65 78 0.149
65 80 0.144
65 98 0.163
65 104 0.182
65 105 0.14
65 106 0.192
65 107 0.11
65 108 0.144
66 70 0.807
66 89 0.488
66 106 0.144
66 68 0.265
66 82 0.217
66 98 0.262
66 99 0.171
66 108 0.198
66 71 0.13
66 79 0.107
66 94 0.182
66 69 0.1
66 80 0.119
66 95 0.173
66 101 0.297
66 107 0.291
66 74 0.172
66 83 0.176
66 86 0.272
66 93 0.354
66 100 0.081
66 102 0.234
66 103 0.081
66 105 0.058
66 72 0.157
66 73 0.16
66 81 0.195
66 84 0.201
66 87 0.118
66 88 0.148
66 91 0.144
66 96 0.143
66 104 0.153
66 109 0.155
67 103 0.258
67 72 0.363
67 80 0.074
67 95 0.408
67 98 0.221
67 77 0.301
67 78 0.219
67 82 0.074
67 83 0.189
67 91 0.254
67 94 0.049
67 107 0.345
67 68 0.094
67 74 0.137
67 76 0.115
67 81 0.102
67 84 0.192
67 90 0.15
67 92 0.207
67 97 0.113
67 102 0.124
67 104 0.18
67 69 0.145
67 70 0.168
67 73 0.163
67 75 0.113
67 85 0.146
67 105 0.193
67 106 0.139
68 84 0.879
68 97 0.64
68 102 0.398
68 74 0.209
68 98 0.251
68 76 0.276
68 79 0.348
68 96 0.074
68 106 0.099
68 71 0.063
68 80 0.106
68 81 0.102
68 85 0.138
68 99 0.15
68 100 0.241
68 78 0.136
68 90 0.074
68 95 0.181
68 108 0.133
68 109 0.159
68 70 0.13
68 72 0.186
68 73 0.157
68 75 0.142
68 86 0.12
68 87 0.142
68 88 0.148
68 89 0.17
68 91 0.12
68 103 0.172
68 104 0.09
68 105 0.18
69 76 0.908
69 100 0.837
69 72 0.255
69 95 0.13
69 79 0.013
69 82 0.174
69 78 0.309
69 81 0.172
69 86 0.233
69 101 0.169
69 97 0.344
69 104 0.073
69 75 0.104
69 83 0.32
69 84 0.233
69 85 0.141
69 90 0.221
69 92 0.136
69 96 0.168
69 108 0.263
69 71 0.144
69 74 0.131
69 80 0.162
69 88 0.201
69 91 0.122
69 94 0.135
69 98 0.178
69 102 0.148
69 103 0.164
69 107 0.162
69 109 0.111
70 74 0.712
70 80 0.676
70 96 0.024
70 109 0.148
70 75 0.23
70 99 0.237
70 73 0.267
70 77 0.465
70 79 0.162
70 72 0.248
70 93 0.207
70 83 0.096
70 92 0.349
70 102 0.03
70 81 0.133
70 82 0.118
70 84 0.163
70 87 0.143
70 103 0.197
70 105 0.089
70 107 0.12
70 71 0.188
70 76 0.156
70 78 0.134
70 85 0.14
70 89 0.192
70 90 0.194
70 94 0.17
70 100 0.182
70 104 0.131
70 108 0.123
71 79 0.475
71 81 0.501
71 101 0.123
71 104 0.331
71 102 0.382
71 77 0.22
71 83 0.132
71 76 0.04
71 84 0.053
71 96 0.071
71 100 0.178
71 105 0.215
71 108 0.185
71 92 0.132
71 93 0.142
71 94 0.036
71 97 0.039
71 98 0.145
71 78 0.128
71 87 0.102
71 109 0.225
71 74 0.131
71 80 0.142
71 82 0.117
71 91 0.176
71 95 0.165
71 107 0.194
72 75 0.737
72 105 0.484
72 106 0.688
72 82 0.159
72 93 0.134
72 108 0.168
72 99 0.059
72 100 0.259
72 78 0.131
72 80 0.224
72 88 0.207
72 94 0.281
72 104 0.281
72 73 0.111
72 74 0.253
72 87 0.091
72 95 0.182
72 96 0.151
72 101 0.171
72 102 0.156
72 103 0.281
72 76 0.143
72 77 0.074
72 83 0.147
72 86 0.139
72 89 0.175
72 90 0.129
72 97 0.153
72 109 0.17
73 99 0.926
73 80 0.356
73 83 0.187
73 93 0.279
73 84 0.095
73 100 0.38
73 82 0.208
73 90 0.324
73 108 0.194
73 75 0.235
73 85 0.158
73 105 0.085
73 78 0.409
73 97 0.125
73 106 0.182
73 86 0.199
73 102 0.187
73 74 0.102
73 76 0.108
73 79 0.141
73 81 0.076
73 87 0.155
73 88 0.155
73 89 0.24
73 96 0.12
73 101 0.164
73 104 0.166
74 94 0.685
74 93 0.545
74 79 0.659
74 85 0.029
74 102 0.225
74 82 0.336
74 90 0.297
74 101 0.093
74 105 0.163
74 76 0.167
74 77 0.066
74 86 0.216
74 96 0.156
74 80 0.084
74 88 0.172
74 89 0.134
74 99 0.128
74 103 0.092
74 106 0.453
74 108 0.165
74 78 0.145
74 84 0.127
74 87 0.138
74 91 0.154
74 97 0.195
74 98 0.184
75 89 0.753
75 109 0.992
75 99 0.304
75 100 0.331
75 88 0.183
75 81 0.202
75 95 0.231
75 104 0.134
75 97 0.311
75 98 0.169
75 91 0.102
75 93 0.324
75 82 0.05
75 92 0.282
75 105 0.309
75 107 0.171
75 85 0.131
75 90 0.255
75 102 0.142
75 103 0.143
75 79 0.175
75 84 0.207
75 86 0.112
75 96 0.158
75 101 0.163
75 106 0.13
75 108 0.109
76 81 0.719
76 106 0.876
76 102 0.405
76 95 0.141
76 100 0.328
76 99 0.264
76 104 0.08
76 107 0.069
76 91 0.287
76 96 0.313
76 98 0.374
76 88 0.331
76 89 0.18
76 97 0.15
76 103 0.159
76 80 0.032
76 84 0.28
76 85 0.11
76 87 0.139
76 92 0.15
76 79 0.168
76 83 0.097
76 86 0.135
76 93 0.172
76 94 0.161
76 101 0.064
76 105 0.146
76 108 0.1
77 101 0.015
77 98 0.081
77 79 0.345
77 80 0.414
77 81 0.51
77 87 0.101
77 90 0.064
77 97 0.308
77 86 0.197
77 95 0.205
77 99 0.114
77 82 0.18
77 89 0.052
77 102 0.131
77 103 0.418
77 105 0.251
77 106 0.237
77 108 0.091
77 83 0.165
77 85 0.144
77 91 0.158
77 94 0.124
77 96 0.155
77 104 0.147
77 107 0.122
77 109 0.126
78 79 0.085
78 88 0.169
78 96 0.065
78 94 0.157
78 100 0.167
78 103 0.168
78 82 0.179
78 92 0.153
78 87 0.141
78 90 0.143
78 93 0.2
78 104 0.326
78 109 0.295
78 86 0.316
78 91 0.16
78 98 0.136
78 99 0.002
78 107 0.136
78 83 0.155
78 85 0.188
78 89 0.166
78 95 0.212
78 102 0.186
78 108 0.118
79 80 0.582
79 109 0.191
79 100 0.146
79 106 0.155
79 101 0.116
79 81 0.148
79 83 0.165
79 95 0.003
79 97 0.075
79 89 0.034
79 94 0.175
79 98 0.096
79 99 0.109
79 82 0.131
79 84 0.119
79 87 0.144
79 88 0.161
79 91 0.142
79 93 0.087
79 102 0.098
79 104 0.121
79 105 0.136
79 107 0.092
80 103 1
80 97 0.493
80 92 0.038
80 94 0.372
80 101 0.282
80 99 0.342
80 86 0.233
80 104 0.502
80 83 0.149
80 84 0.19
80 85 0.141
80 106 0.01
80 87 0.254
80 90 0.144
80 95 0.136
80 96 0.208
80 98 0.13
80 100 0.338
80 81 0.181
80 82 0.104
80 88 0.116
80 89 0.151
80 91 0.139
80 102 0.185
81 104 0.219
81 88 0.072
81 109 0.15
81 82 0.404
81 89 0.147
81 94 0.166
81 85 0.375
81 86 0.181
81 87 0.136
81 105 0.04
81 95 0.179
81 97 0.145
81 103 0.142
81 93 0.196
81 96 0.095
81 101 0.156
81 102 0.172
82 100 0.099
82 105 0.299
82 88 0.349
82 85 0.172
82 90 0.284
82 83 0.388
82 108 0.114
82 86 0.057
82 95 0.071
82 101 0.12
82 84 0.125
82 97 0.171
82 98 0.21
82 99 0.099
82 107 0.201
83 109 0.303
83 100 0.065
83 91 0.25
83 88 0.392
83 93 0.085
83 85 0.148
83 96 0.162
83 98 0.239
83 102 0.11
83 103 0.106
83 105 0.171
83 84 0.154
83 87 0.144
83 89 0.152
83 92 0.133
83 97 0.136
83 106 0.197
83 107 0.204
84 108 0.203
84 109 0.433
84 97 0.001
84 104 0.112
84 86 0.225
84 105 0.22
84 89 0.151
84 91 0.123
84 99 0.177
84 103 0.022
84 90 0.144
84 92 0.148
84 93 0.186
84 95 0.142
84 98 0.15
84 100 0.106
84 101 0.108
84 106 0.134
84 107 0.134
85 86 0.127
85 102 0.655
85 99 0.077
85 93 0.128
85 95 0.654
85 101 0.005
85 104 0.068
85 91 0.147
85 87 0.171
85 90 0.096
85 92 0.168
85 106 0.248
85 94 0.166
85 96 0.298
85 107 0.142
85 100 0.168
85 103 0.148
85 109 0.166
86 98 0.651
86 87 0.4
86 94 0.257
86 105 0.106
86 88 0.237
86 97 0.282
86 106 0.194
86 90 0.16
86 91 0.299
86 96 0.091
86 100 0.144
86 102 0.145
86 108 0.17
86 89 0.136
86 92 0.156
86 93 0.157
86 99 0.138
86 101 0.108
86 107 0.14
86 109 0.139
87 106 0.009
87 107 0.215
87 94 0.048
87 98 0.313
87 92 0.01
87 99 0.148
87 100 0.151
87 101 0.188
87 104 0.359
87 108 0.201
87 109 0.303
87 89 0.201
87 90 0.145
87 91 0.141
87 93 0.095
87 96 0.131
87 103 0.142
87 105 0.124
88 104 0.219
88 100 0.161
88 109 0.188
88 91 0.262
88 96 0.025
88 107 0.227
88 94 0.179
88 89 0.169
88 99 0.156
88 98 0.174
88 103 0.12
88 105 0.113
89 90 0.242
89 94 0.53
89 93 0.126
89 99 0.084
89 104 0.214
89 91 0.179
89 97 0.162
89 103 0.156
89 105 0.255
89 98 0.162
89 100 0.147
89 102 0.075
89 106 0.186
89 107 0.198
89 109 0.155
90 97 0.099
90 106 0.291
90 108 0.126
90 109 0.16
90 100 0.208
90 101 0.201
90 107 0.138
90 93 0.132
90 99 0.174
90 103 0.072
90 105 0.167
90 94 0.159
90 95 0.147
90 98 0.095
91 107 0.286
91 93 0.13
91 99 0.102
91 101 0.155
91 104 0.41
91 105 0.049
91 108 0.137
91 92 0.163
91 98 0.186
91 100 0.143
91 103 0.153
91 106 0.123
91 109 0.056
92 100 0.198
92 103 0.095
92 102 0.19
92 108 0.196
92 97 0.228
92 104 0.268
92 99 0.285
92 105 0.173
92 109 0.182
92 93 0.142
92 94 0.146
92 95 0.193
92 101 0.158
92 107 0.087
93 100 0.487
93 95 0.605
93 94 0.049
93 99 0.237
93 96 0.137
93 98 0.146
93 97 0.151
93 102 0.162
93 104 0.173
93 107 0.158
93 108 0.182
93 109 0.117
94 107 0.535
94 99 0.162
94 97 0.154
94 98 0.139
94 103 0.206
94 104 0.137
94 109 0.166
94 95 0.144
94 96 0.172
94 100 0.208
94 102 0.144
94 106 0.165
95 96 0.396
95 99 0.225
95 98 0.342
95 102 0.147
95 106 0.23
95 108 0.396
95 107 0.442
95 105 0.151
95 109 0.103
96 104 0.17
96 106 0.112
96 109 0.18
96 98 0.151
96 99 0.04
96 97 0.145
96 103 0.179
96 105 0.153
96 107 0.172
96 108 0.14
97 107 0.881
97 102 0.437
97 109 0.149
97 108 0.482
97 100 0.169
97 101 0.187
97 104 0.149
98 105 0.144
98 108 0.124
98 104 0.174
98 100 0.293
98 109 0.415
98 101 0.138
98 102 0.123
98 103 0.157
99 108 0.344
99 100 0.106
99 103 0.27
99 107 0.135
99 101 0.185
99 102 0.132
99 106 0.158
99 109 0.114
100 101 0.134
100 108 0.142
100 109 0.144
100 102 0.149
100 103 0.114
100 105 0.121
100 106 0.178
100 107 0.086
101 103 0.819
101 105 0.284
101 102 0.248
101 108 0.232
101 106 0.165
102 103 0.222
102 105 0.16
102 106 0.218
102 107 0.234
102 108 0.149
102 109 0.117
103 106 0.924
103 109 0.081
103 107 0.069
103 104 0.173
103 105 0.152
103 108 0.097
104 105 0.484
104 108 0.102
104 109 0.223
104 106 0.202
105 108 0.905
105 107 0.262
106 107 0.185
106 109 0.133
107 108 0.176
107 109 0.142
108 109 0.131
