0 48 0.801
0 5 0.746
0 101 1
0 32 0.907
0 39 0.946
0 44 0.894
0 103 0.713
0 56 0.553
0 81 0.869
0 84 0.135
0 86 0.221
0 100 0.21
0 7 0.149
0 15 0.003
0 17 0.075
0 29 0.128
0 31 0.156
0 41 0.139
0 64 0.089
0 77 0.278
0 104 0.228
0 109 0.177
0 20 0.196
0 34 0.117
0 36 0.097
0 43 0.105
0 57 0.168
0 65 0.203
0 70 0.12
0 87 0.16
0 92 0.127
0 99 0.194
0 102 0.18
0 105 0.129
0 108 0.165
1 40 0.667
1 78 0.913
1 15 0.75
1 67 1
1 100 0.606
1 62 1
1 42 0.523
1 84 0.995
1 16 0.222
1 79 0.21
1 92 0.171
1 3 0.176
1 27 0.14
1 30 0.122
1 44 0.065
1 48 0.159
1 59 0.125
1 90 0.078
1 102 0.108
1 103 0.11
1 11 0.148
1 13 0.163
1 14 0.134
1 45 0.149
1 56 0.172
1 68 0.13
1 80 0.1
1 82 0.151
1 95 0.155
1 104 0.185
1 106 0.119
2 73 0.996
2 19 1
2 85 0.512
2 66 0.784
2 84 0.651
2 81 0.515
2 51 0.653
2 72 0.057
2 42 0.251
2 7 0.11
2 38 0.168
2 99 0.142
2 101 0.178
2 25 0.129
2 34 0.027
2 49 0.296
2 60 0.207
2 69 0.168
2 109 0.144
2 4 0.199
2 8 0.106
2 11 0.171
2 13 0.108
2 17 0.12
2 20 0.13
2 27 0.217
2 70 0.178
2 71 0.185
2 89 0.159
2 102 0.16
2 104 0.123
2 107 0.15
3 86 1
3 70 0.748
3 19 0.746
3 73 0.754
3 20 0.673
3 92 0.648
3 56 0.551
3 62 0.607
3 34 0.389
3 97 0.156
3 105 0.159
3 60 0.098
3 71 0.144
3 44 0.201
3 55 0.19
3 80 0.137
3 49 0.063
3 51 0.18
3 64 0.163
3 11 0.133
3 16 0.133
3 33 0.11
3 35 0.19
3 38 0.062
3 48 0.179
3 50 0.163
3 58 0.112
3 72 0.186
3 98 0.167
3 102 0.135
3 107 0.199
4 21 0.694
4 72 0.845
4 36 0.805
4 23 0.914
4 48 0.601
4 24 0.634
4 88 0.708
4 30 0.734
4 63 0.748
4 51 0.132
4 53 0.164
4 55 0.154
4 85 0.147
4 38 0.21
4 58 0.188
4 68 0.142
4 74 0.18
4 97 0.133
4 100 0.099
4 106 0.164
4 5 0.125
4 18 0.221
4 19 0.198
4 25 0.157
4 41 0.138
4 45 0.129
4 46 0.13
4 49 0.165
4 54 0.122
4 67 0.169
4 71 0.214
4 86 0.204
4 89 0.131
4 90 0.204
4 91 0.138
4 94 0.167
4 103 0.068
4 104 0.113
5 12 0.955
5 11 0.848
5 23 0.934
5 59 0.596
5 40 0.688
5 36 0.584
5 74 0.047
5 97 0.567
5 75 0.712
5 83 0.589
5 103 0.719
5 30 0.601
5 95 0.681
5 29 0.199
5 37 0.111
5 49 0.141
5 38 0.157
5 6 0.217
5 28 0.199
5 32 0.177
5 35 0.15
5 39 0.127
5 45 0.147
5 46 0.158
5 50 0.243
5 51 0.221
5 54 0.174
5 73 0.095
5 82 0.158
5 88 0.158
5 92 0.173
5 107 0.252
5 8 0.179
5 14 0.147
5 17 0.151
5 19 0.16
5 27 0.135
5 34 0.099
5 44 0.153
5 63 0.185
5 65 0.176
5 91 0.214
5 93 0.161
5 104 0.081
6 46 0.594
6 10 1
6 92 0.86
6 102 1
6 27 1
6 57 0.566
6 21 0.76
6 101 0.775
6 91 0.636
6 90 0.713
6 104 0.997
6 33 0.566
6 42 0.137
6 47 0.501
6 14 0.132
6 20 0.17
6 22 0.158
6 55 0.089
6 8 0.13
6 34 0.132
6 72 0.167
6 98 0.201
6 7 0.173
6 45 0.131
6 52 0.177
6 84 0.139
6 99 0.145
6 106 0.167
6 13 0.124
6 23 0.124
6 26 0.091
6 32 0.15
6 36 0.154
6 37 0.167
6 39 0.134
6 51 0.188
6 70 0.156
6 71 0.117
6 73 0.104
6 75 0.125
6 80 0.152
6 86 0.13
6 94 0.167
7 78 0.792
7 107 0.873
7 101 0.929
7 44 0.343
7 94 0.78
7 18 0.856
7 96 0.157
7 68 0.157
7 106 0.139
7 71 0.129
7 60 0.222
7 62 0.216
7 91 0.212
7 104 0.05
7 54 0.181
7 82 0.211
7 89 0.166
7 11 0.159
7 12 0.157
7 21 0.184
7 25 0.129
7 39 0.176
7 47 0.175
7 48 0.148
7 61 0.2
7 66 0.119
7 69 0.125
7 90 0.075
7 99 0.179
7 100 0.149
8 19 0.848
8 31 0.786
8 89 0.908
8 57 1
8 94 0.621
8 55 0.538
8 26 0.654
8 33 0.178
8 108 0.266
8 86 0.128
8 20 0.166
8 47 0.119
8 54 0.371
8 63 0.238
8 78 0.142
8 93 0.059
8 98 0.182
8 99 0.115
8 11 0.146
8 15 0.168
8 21 0.186
8 23 0.135
8 24 0.138
8 32 0.186
8 37 0.156
8 40 0.134
8 41 0.172
8 45 0.181
8 46 0.149
8 50 0.153
8 51 0.114
8 52 0.111
8 62 0.128
8 68 0.196
8 76 0.126
8 77 0.173
8 82 0.169
8 97 0.163
8 106 0.216
8 107 0.184
8 109 0.167
9 52 0.923
9 105 1
9 97 0.625
9 73 0.73
9 18 0.992
9 30 0.573
9 56 0.511
9 64 0.214
9 61 0.275
9 10 0.138
9 85 0.188
9 94 0.152
9 12 0.169
9 23 0.143
9 37 0.18
9 43 0.151
9 77 0.111
9 81 0.163
9 83 0.32
9 92 0.167
9 101 0.077
9 13 0.147
9 14 0.189
9 17 0.133
9 19 0.159
9 70 0.182
9 79 0.218
9 82 0.198
9 86 0.062
9 88 0.157
9 99 0.187
9 100 0.15
10 65 0.872
10 38 0.876
10 12 0.79
10 33 0.805
10 91 0.551
10 93 0.879
10 66 1
10 61 0.608
10 82 0.978
10 11 0.771
10 106 0.563
10 56 0.194
10 89 0.081
10 15 0.169
10 26 0.159
10 28 0.153
10 30 0.115
10 92 0.129
10 105 0.16
10 22 0.159
10 35 0.159
10 46 0.145
10 48 0.189
10 57 0.156
10 58 0.15
10 85 0.123
10 95 0.189
10 97 0.155
10 101 0.165
11 49 0.941
11 109 0.615
11 41 0.648
11 64 0.578
11 89 0.59
11 74 0.3
11 25 0.224
11 47 0.176
11 81 0.182
11 83 0.152
11 100 0.158
11 37 0.154
11 39 0.139
11 55 0.331
11 61 0.054
11 65 0.067
11 12 0.177
11 13 0.13
11 15 0.163
11 18 0.11
11 20 0.192
11 44 0.163
11 53 0.151
11 79 0.187
11 90 0.155
11 93 0.123
11 95 0.129
11 104 0.104
11 106 0.115
11 108 0.145
12 22 0.705
12 61 0.812
12 27 0.854
12 85 0.689
12 37 0.945
12 106 0.52
12 64 0.576
12 87 0.039
12 23 0.134
12 36 0.158
12 79 0.141
12 90 0.169
12 20 0.212
12 39 0.144
12 44 0.154
12 48 0.189
12 58 0.157
12 69 0.107
12 93 0.027
12 13 0.164
12 15 0.127
12 19 0.147
12 30 0.179
12 66 0.219
12 78 0.155
12 84 0.128
12 94 0.185
12 102 0.171
12 104 0.163
12 105 0.168
12 109 0.156
13 20 0.864
13 79 0.793
13 48 0.771
13 56 0.931
13 76 0.859
13 70 0.801
13 52 0.841
13 28 0.649
13 32 0.556
13 90 0.891
13 66 0.81
13 19 0.179
13 78 0.185
13 27 0.243
13 61 0.198
13 65 0.147
13 73 0.094
13 80 0.143
13 38 0.151
13 39 0.141
13 46 0.165
13 83 0.147
13 94 0.185
13 95 0.14
13 98 0.171
13 21 0.135
13 23 0.167
13 26 0.13
13 29 0.123
13 30 0.216
13 33 0.139
13 37 0.169
13 43 0.196
13 53 0.179
13 58 0.142
13 59 0.207
13 64 0.175
13 84 0.16
13 85 0.13
13 100 0.164
13 104 0.143
14 46 0.912
14 85 0.933
14 90 0.986
14 75 1
14 87 0.99
14 67 0.714
14 70 0.707
14 92 0.846
14 25 0.687
14 99 0.55
14 21 0.195
14 30 0.126
14 43 0.122
14 93 0.166
14 105 0.141
14 31 0.11
14 72 0.191
14 17 0.135
14 18 0.214
14 26 0.155
14 44 0.166
14 57 0.123
14 60 0.131
14 64 0.175
14 69 0.173
14 71 0.149
14 81 0.13
15 109 1
15 64 0.712
15 43 0.576
15 88 0.553
15 31 0.634
15 106 0.58
15 30 0.806
15 65 0.814
15 74 0.806
15 89 0.102
15 20 0.012
15 39 0.159
15 40 0.114
15 47 0.155
15 72 0.086
15 91 0.094
15 27 0.275
15 41 0.187
15 45 0.148
15 76 0.144
15 92 0.119
15 100 0.118
15 17 0.115
15 24 0.172
15 26 0.165
15 28 0.157
15 33 0.159
15 34 0.181
15 53 0.147
15 56 0.156
15 68 0.152
15 75 0.111
15 83 0.186
15 85 0.171
15 101 0.129
16 79 0.689
16 55 0.522
16 94 0.678
16 23 0.811
16 59 0.933
16 36 0.514
16 30 0.547
16 84 0.929
16 65 0.098
16 26 0.088
16 51 0.356
16 93 0.127
16 75 0.183
16 24 0.129
16 31 0.139
16 38 0.125
16 45 0.129
16 58 0.202
16 73 0.166
16 76 0.152
16 86 0.166
16 98 0.179
16 103 0.162
16 108 0.132
17 86 1
17 63 0.816
17 87 0.549
17 99 0.705
17 107 0.192
17 26 0.181
17 39 0.125
17 70 0.043
17 74 0.114
17 30 0.141
17 48 0.142
17 53 0.15
17 68 0.207
17 104 0.18
17 59 0.154
17 75 0.135
17 79 0.134
17 82 0.122
17 102 0.133
17 103 0.146
17 18 0.17
17 21 0.061
17 25 0.112
17 27 0.129
17 41 0.153
17 52 0.142
17 67 0.115
17 71 0.146
17 72 0.164
17 78 0.192
17 83 0.145
17 91 0.174
17 92 0.174
17 93 0.206
17 94 0.18
17 95 0.183
18 45 0.578
18 75 0.519
18 44 0.141
18 89 0.288
18 51 0.119
18 83 0.094
18 109 0.127
18 57 0.427
18 65 0.145
18 90 0.169
18 91 0.054
18 21 0.132
18 22 0.153
18 23 0.111
18 27 0.229
18 32 0.162
18 36 0.166
18 52 0.168
18 53 0.14
18 56 0.167
18 59 0.094
18 64 0.134
18 72 0.173
18 73 0.144
18 74 0.166
18 76 0.145
18 78 0.128
18 80 0.151
18 82 0.111
18 85 0.196
18 92 0.117
18 98 0.235
18 106 0.237
18 107 0.159
19 65 0.986
19 51 0.713
19 54 0.583
19 43 0.856
19 22 0.54
19 94 0.588
19 82 0.244
19 74 0.108
19 75 0.116
19 72 0.05
19 27 0.1
19 69 0.148
19 101 0.101
19 25 0.14
19 28 0.162
19 39 0.152
19 40 0.202
19 44 0.108
19 48 0.175
19 59 0.132
19 61 0.131
19 73 0.138
19 88 0.132
19 91 0.212
20 23 0.82
20 92 0.773
20 42 0.798
20 67 0.93
20 54 0.8
20 21 0.573
20 71 0.594
20 101 0.343
20 52 0.142
20 66 0.155
20 60 0.136
20 63 0.132
20 37 0.169
20 69 0.187
20 47 0.181
20 56 0.065
20 57 0.185
20 61 0.171
20 72 0.154
20 82 0.171
20 109 0.156
20 24 0.162
20 25 0.167
20 26 0.124
20 35 0.134
20 36 0.203
20 43 0.17
20 45 0.13
20 51 0.145
20 55 0.143
20 65 0.151
20 81 0.142
20 96 0.173
20 98 0.16
20 99 0.194
20 107 0.156
21 34 0.852
21 27 0.792
21 81 0.983
21 54 0.602
21 29 0.663
21 52 0.915
21 79 0.618
21 97 0.762
21 108 0.068
21 76 0.193
21 23 0.144
21 36 0.147
21 63 0.184
21 100 0.207
21 105 0.162
21 25 0.085
21 46 0.17
21 51 0.287
21 103 0.185
21 31 0.125
21 32 0.146
21 33 0.141
21 41 0.138
21 66 0.139
21 70 0.172
21 73 0.164
21 82 0.14
21 93 0.159
21 101 0.226
21 102 0.157
22 24 0.881
22 63 0.947
22 53 0.896
22 90 0.551
22 67 0.06
22 81 0.037
22 25 0.134
22 43 0.14
22 48 0.128
22 85 0.142
22 92 0.114
22 108 0.142
22 109 0.074
22 30 0.212
22 33 0.122
22 35 0.173
22 49 0.158
22 50 0.148
22 65 0.135
22 72 0.162
22 74 0.121
22 76 0.172
22 80 0.15
22 87 0.209
22 97 0.166
22 98 0.178
22 102 0.136
22 105 0.137
23 108 0.864
23 55 0.694
23 101 0.814
23 105 0.169
23 109 0.131
23 28 0.114
23 54 0.241
23 63 0.19
23 91 0.045
23 106 0.33
23 24 0.257
23 25 0.139
23 29 0.122
23 33 0.092
23 38 0.181
23 45 0.125
23 65 0.17
23 75 0.15
23 80 0.143
23 30 0.175
23 31 0.144
23 43 0.129
23 48 0.113
23 49 0.122
23 51 0.17
23 62 0.184
23 66 0.105
23 68 0.165
23 73 0.134
23 77 0.155
23 78 0.215
23 79 0.107
23 81 0.143
23 93 0.136
23 102 0.145
23 107 0.155
24 84 0.683
24 60 0.909
24 61 0.699
24 57 0.742
24 48 0.33
24 30 0.127
24 42 0.215
24 64 0.14
24 78 0.138
24 95 0.138
24 108 0.161
24 27 0.171
24 28 0.114
24 35 0.162
24 49 0.182
24 56 0.148
24 74 0.111
24 98 0.171
24 100 0.178
24 34 0.148
24 52 0.167
24 54 0.083
24 63 0.192
24 66 0.129
24 67 0.142
24 85 0.16
24 86 0.177
24 89 0.12
24 90 0.167
24 102 0.147
25 107 0.719
25 46 0.904
25 80 0.834
25 55 1
25 54 0.66
25 36 0.634
25 65 0.704
25 62 0.711
25 66 0.617
25 33 0.188
25 53 0.122
25 70 0.23
25 108 0.16
25 37 0.209
25 79 0.149
25 94 0.138
25 97 0.186
25 98 0.164
25 101 0.179
25 105 0.146
25 26 0.163
25 30 0.167
25 40 0.119
25 42 0.115
25 50 0.121
25 75 0.186
25 99 0.145
25 102 0.126
26 28 1
26 58 0.791
26 87 0.935
26 77 1
26 52 0.728
26 79 0.557
26 85 1
26 59 0.108
26 72 0.126
26 75 0.152
26 55 0.196
26 57 0.16
26 64 0.171
26 65 0.16
26 92 0.115
26 93 0.259
26 95 0.143
26 102 0.153
26 29 0.143
26 30 0.175
26 36 0.189
26 37 0.192
26 40 0.153
26 47 0.106
26 68 0.157
26 70 0.148
26 76 0.131
26 80 0.138
26 89 0.145
26 104 0.156
26 109 0.164
27 57 0.636
27 101 0.652
27 33 0.727
27 79 0.872
27 75 1
27 44 0.676
27 34 1
27 35 0.772
27 40 0.771
27 68 0.554
27 65 0.562
27 80 0.065
27 71 0.14
27 103 0.162
27 105 0.116
27 55 0.042
27 47 0.173
27 49 0.201
27 58 0.181
27 93 0.101
27 37 0.15
27 38 0.128
27 48 0.164
27 60 0.167
27 66 0.167
27 72 0.138
27 73 0.106
27 78 0.127
27 84 0.182
27 89 0.117
27 90 0.125
27 91 0.126
27 94 0.147
27 96 0.125
28 60 0.833
28 94 0.753
28 82 0.95
28 35 1
28 69 0.658
28 61 0.504
28 64 0.64
28 77 0.275
28 108 0.04
28 29 0.222
28 107 0.175
28 39 0.147
28 81 0.093
28 84 0.143
28 90 0.126
28 92 0.192
28 32 0.109
28 37 0.118
28 54 0.185
28 65 0.149
28 73 0.128
28 98 0.182
28 103 0.144
28 106 0.174
29 71 0.714
29 108 0.846
29 34 0.967
29 72 0.668
29 70 0.699
29 94 0.565
29 78 0.255
29 30 0.153
29 73 0.149
29 57 0.341
29 58 0.22
29 67 0.023
29 69 0.176
29 87 0.173
29 35 0.158
29 37 0.185
29 79 0.177
29 82 0.166
29 106 0.186
29 43 0.178
29 62 0.241
29 75 0.386
29 95 0.178
29 33 0.136
29 39 0.134
29 45 0.166
29 47 0.196
29 65 0.155
29 76 0.098
29 83 0.122
29 84 0.183
29 85 0.147
29 88 0.156
29 91 0.149
29 100 0.177
29 104 0.148
30 71 1
30 79 0.897
30 49 0.821
30 40 0.59
30 83 0.958
30 107 1
30 54 0.667
30 55 0.567
30 98 0.564
30 51 0.581
30 37 0.185
30 47 0.178
30 80 0.121
30 34 0.148
30 53 0.124
30 77 0.169
30 82 0.168
30 33 0.128
30 39 0.201
30 42 0.135
30 45 0.14
30 57 0.115
30 60 0.15
30 72 0.131
30 75 0.167
30 89 0.175
30 109 0.165
31 68 0.642
31 71 0.993
31 89 1
31 78 0.821
31 64 0.688
31 102 0.527
31 51 0.982
31 39 0.878
31 60 0.134
31 72 0.356
31 44 0.185
31 61 0.119
31 73 0.245
31 74 0.146
31 54 0.179
31 65 0.133
31 76 0.132
31 77 0.148
31 87 0.099
31 93 0.096
31 95 0.113
31 96 0.161
31 97 0.179
31 104 0.176
32 68 0.692
32 99 1
32 70 0.747
32 85 0.707
32 93 0.73
32 104 0.676
32 58 0.786
32 53 0.757
32 51 0.552
32 98 0.176
32 96 0.117
32 109 0.176
32 79 0.127
32 45 0.152
32 67 0.244
32 73 0.105
32 40 0.107
32 41 0.114
32 47 0.155
32 82 0.215
32 90 0.151
32 91 0.193
32 95 0.148
32 100 0.189
33 92 0.807
33 105 0.777
33 69 0.769
33 73 0.756
33 44 0.863
33 61 0.537
33 91 0.588
33 106 0.747
33 98 0.095
33 34 0.148
33 35 0.171
33 70 0.178
33 41 0.136
33 45 0.156
33 49 0.127
33 66 0.146
33 87 0.132
33 94 0.185
33 95 0.123
33 109 0.153
34 84 1
34 90 0.672
34 70 0.544
34 58 0.588
34 42 0.637
34 100 0.891
34 81 0.808
34 87 1
34 45 0.157
34 73 0.137
34 78 0.207
34 104 0.169
34 109 0.179
34 35 0.116
34 50 0.222
34 52 0.158
34 60 0.133
34 67 0.175
34 75 0.162
34 97 0.118
34 103 0.124
34 106 0.132
35 77 0.987
35 65 0.934
35 51 0.559
35 105 0.67
35 108 0.684
35 91 0.85
35 78 0.551
35 58 0.014
35 88 0.179
35 95 0.176
35 96 0.087
35 75 0.136
35 84 0.154
35 85 0.184
35 44 0.14
35 46 0.128
35 52 0.194
35 55 0.131
35 60 0.145
35 62 0.18
35 67 0.19
35 81 0.169
35 83 0.075
35 87 0.068
35 90 0.151
35 99 0.114
35 107 0.132
36 90 0.952
36 82 0.734
36 42 0.776
36 78 0.713
36 108 0.963
36 70 0.949
36 97 0.582
36 50 1
36 39 0.098
36 73 0.184
36 92 0.266
36 41 0.191
36 40 0.262
36 49 0.123
36 48 0.096
36 57 0.144
36 64 0.145
36 65 0.142
36 79 0.138
36 93 0.116
36 94 0.18
36 102 0.135
37 39 0.98
37 105 1
37 91 1
37 90 1
37 85 0.676
37 98 0.715
37 38 0.85
37 53 0.647
37 88 0.578
37 93 0.524
37 47 0.154
37 42 0.105
37 58 0.147
37 100 0.131
37 101 0.152
37 41 0.149
37 44 0.156
37 50 0.153
37 51 0.195
37 61 0.191
37 68 0.167
37 70 0.128
37 77 0.163
37 82 0.182
37 102 0.084
37 103 0.102
37 104 0.185
37 108 0.15
38 61 0.87
38 43 1
38 85 0.717
38 42 0.296
38 100 1
38 39 0.667
38 84 0.843
38 70 0.571
38 96 0.184
38 46 0.165
38 49 0.168
38 69 0.113
38 81 0.155
38 108 0.209
38 44 0.12
38 45 0.148
38 58 0.151
38 80 0.136
38 86 0.219
38 90 0.126
38 103 0.084
38 105 0.092
39 48 0.719
39 105 1
39 67 1
39 70 1
39 52 0.735
39 53 0.994
39 72 1
39 80 0.648
39 74 0.678
39 77 0.576
39 97 0.549
39 41 0.17
39 63 0.161
39 98 0.287
39 100 0.105
39 43 0.151
39 50 0.174
39 64 0.159
39 79 0.124
39 95 0.147
39 40 0.154
39 44 0.147
39 49 0.157
39 60 0.165
39 61 0.144
39 62 0.142
39 68 0.113
39 69 0.125
39 103 0.19
39 104 0.15
40 97 0.912
40 45 0.529
40 63 0.855
40 82 0.837
40 44 0.047
40 65 0.182
40 81 0.169
40 46 0.211
40 75 0.14
40 87 0.04
40 100 0.343
40 104 0.183
40 78 0.145
40 85 0.199
40 52 0.166
40 60 0.175
40 67 0.184
40 71 0.133
40 90 0.17
40 107 0.12
41 108 0.866
41 58 0.96
41 66 0.787
41 106 0.329
41 44 0.143
41 61 0.058
41 45 0.16
41 77 0.119
41 84 0.148
41 86 0.142
41 46 0.168
41 48 0.124
41 52 0.124
41 59 0.122
41 89 0.163
41 90 0.133
41 103 0.176
41 105 0.144
42 90 0.979
42 55 0.803
42 43 0.712
42 107 0.464
42 48 0.197
42 73 0.179
42 71 0.082
42 81 0.308
42 44 0.106
42 58 0.183
42 78 0.202
42 80 0.048
42 82 0.168
42 101 0.25
42 45 0.169
42 53 0.168
42 61 0.15
42 77 0.203
42 89 0.143
42 95 0.158
42 103 0.153
43 73 0.629
43 86 0.966
43 109 1
43 80 0.831
43 91 0.921
43 50 0.501
43 51 0.66
43 89 0.111
43 55 0.515
43 97 0.245
43 108 0.245
43 77 0.192
43 84 0.2
43 52 0.147
43 65 0.165
43 66 0.014
43 71 0.198
43 46 0.173
43 48 0.204
43 49 0.146
43 57 0.191
43 59 0.114
43 63 0.189
43 64 0.211
43 76 0.145
43 83 0.137
43 99 0.176
44 62 0.796
44 86 0.823
44 49 0.647
44 69 0.762
44 82 0.694
44 53 0.677
44 51 0.777
44 83 0.801
44 55 0.836
44 48 0.872
44 95 0.237
44 108 0.09
44 60 0.168
44 98 0.165
44 59 0.182
44 76 0.189
44 77 0.172
44 93 0.177
44 106 0.137
44 109 0.17
44 47 0.196
44 63 0.143
44 65 0.111
44 67 0.194
44 101 0.168
45 76 0.893
45 102 0.905
45 86 0.717
45 91 0.131
45 72 0.161
45 77 0.15
45 90 0.185
45 103 0.125
45 59 0.169
45 74 0.167
45 89 0.111
45 51 0.114
45 56 0.151
45 58 0.103
45 60 0.139
45 66 0.125
45 67 0.101
45 68 0.149
45 78 0.18
45 88 0.139
45 96 0.222
45 104 0.148
45 105 0.142
45 106 0.214
46 61 0.642
46 90 0.675
46 107 0.574
46 97 0.155
46 55 0.137
46 56 0.142
46 68 0.128
46 72 0.163
46 85 0.077
46 51 0.171
46 60 0.198
46 62 0.168
46 67 0.1
46 82 0.157
46 84 0.146
46 93 0.152
46 94 0.126
46 96 0.14
46 109 0.188
47 105 0.931
47 73 0.973
47 60 0.692
47 70 0.916
47 69 0.668
47 108 0.588
47 53 0.535
47 62 0.062
47 87 0.188
47 107 0.186
47 100 0.124
47 66 0.145
47 81 0.15
47 97 0.157
47 104 0.112
47 50 0.161
47 65 0.172
47 75 0.176
47 86 0.15
47 91 0.139
47 92 0.173
47 109 0.18
48 58 1
48 101 0.552
48 104 0.72
48 72 1
48 56 1
48 87 0.734
48 92 0.723
48 89 0.222
48 98 0.114
48 107 0.085
48 53 0.157
48 74 0.143
48 83 0.146
48 80 0.146
48 84 0.111
48 90 0.127
48 91 0.102
48 94 0.188
48 96 0.166
48 102 0.203
48 108 0.156
49 77 1
49 52 0.513
49 83 0.141
49 70 0.118
49 80 0.19
49 87 0.049
49 89 0.212
49 92 0.153
49 101 0.133
49 105 0.25
49 60 0.137
49 93 0.138
49 62 0.133
49 82 0.221
49 84 0.106
49 85 0.173
49 88 0.128
49 91 0.167
49 98 0.18
49 109 0.216
50 107 0.653
50 109 0.982
50 54 0.575
50 92 0.986
50 61 0.774
50 88 0.696
50 80 0.096
50 106 0.154
50 53 0.266
50 59 0.165
50 65 0.055
50 87 0.188
50 98 0.058
50 76 0.186
50 77 0.179
50 84 0.172
50 85 0.102
50 96 0.293
50 102 0.173
50 60 0.213
50 67 0.149
50 68 0.146
50 74 0.144
50 79 0.144
50 82 0.123
50 97 0.219
50 100 0.157
50 101 0.152
50 108 0.112
51 77 0.909
51 107 0.898
51 54 0.992
51 85 0.779
51 97 0.509
51 72 0.512
51 66 0.567
51 65 0.213
51 62 0.124
51 56 0.135
51 71 0.077
51 73 0.09
51 102 0.162
51 52 0.135
51 55 0.169
51 61 0.156
51 70 0.152
51 94 0.165
51 96 0.141
52 78 0.664
52 61 1
52 105 0.591
52 85 0.898
52 70 0.713
52 54 0.3
52 109 0.133
52 75 0.145
52 86 0.188
52 56 0.164
52 89 0.178
52 57 0.141
52 67 0.124
52 69 0.152
52 71 0.15
52 72 0.166
52 94 0.131
52 96 0.094
53 93 0.975
53 80 0.743
53 85 0.135
53 95 0.153
53 56 0.112
53 61 0.127
53 109 0.133
53 54 0.164
53 55 0.179
53 65 0.112
53 73 0.181
53 91 0.193
53 94 0.15
53 99 0.128
53 108 0.163
54 73 0.706
54 84 0.88
54 62 0.693
54 92 0.269
54 104 0.248
54 107 0.165
54 66 0.153
54 58 0.11
54 86 0.147
54 90 0.226
54 100 0.142
54 55 0.163
54 60 0.16
54 71 0.161
54 80 0.144
54 81 0.104
54 82 0.187
54 89 0.129
54 99 0.159
54 102 0.122
54 106 0.226
55 75 1
55 78 0.728
55 64 0.753
55 65 0.91
55 106 0.519
55 101 0.186
55 62 0.1
55 83 0.135
55 94 0.175
55 99 0.145
55 77 0.152
55 79 0.133
55 81 0.093
55 85 0.151
55 91 0.153
55 92 0.118
55 93 0.124
55 100 0.142
55 107 0.09
55 56 0.119
55 57 0.125
55 59 0.14
55 60 0.131
55 63 0.139
55 68 0.164
55 70 0.242
55 74 0.153
55 103 0.178
56 60 0.934
56 94 0.588
56 77 0.851
56 78 0.048
56 86 0.163
56 58 0.356
56 62 0.16
56 64 0.168
56 93 0.182
56 85 0.12
56 89 0.169
56 102 0.136
56 103 0.138
56 106 0.213
56 107 0.096
57 81 0.979
57 92 0.633
57 72 0.167
57 87 0.132
57 95 0.168
57 65 0.152
57 73 0.163
57 90 0.223
57 64 0.099
57 71 0.101
57 77 0.136
57 78 0.148
57 84 0.117
57 86 0.162
57 91 0.153
57 94 0.112
57 107 0.11
58 63 0.674
58 67 1
58 89 0.692
58 109 0.554
58 74 0.608
58 85 0.179
58 87 0.168
58 101 0.153
58 72 0.139
58 79 0.147
58 92 0.148
58 96 0.207
58 71 0.17
58 77 0.17
58 83 0.132
58 84 0.18
58 90 0.158
58 93 0.125
58 97 0.206
58 99 0.15
59 81 0.599
59 106 0.903
59 64 0.972
59 72 0.684
59 65 0.621
59 88 0.505
59 76 0.23
59 84 0.169
59 107 0.133
59 60 0.064
59 69 0.185
59 77 0.139
59 104 0.177
59 95 0.154
59 100 0.24
59 101 0.161
59 62 0.149
59 66 0.143
59 85 0.15
59 90 0.163
59 91 0.188
59 92 0.191
59 96 0.104
60 101 0.723
60 108 0.938
60 82 0.679
60 99 0.103
60 77 0.09
60 61 0.131
60 69 0.093
60 88 0.175
60 89 0.114
60 104 0.143
60 105 0.181
60 66 0.161
60 67 0.147
60 72 0.122
60 73 0.168
60 76 0.124
60 79 0.177
60 80 0.183
60 83 0.177
60 87 0.145
60 91 0.177
60 97 0.133
61 88 0.901
61 83 0.937
61 66 0.975
61 72 0.644
61 80 0.191
61 90 0.145
61 100 0.144
61 64 0.132
61 81 0.184
61 82 0.114
61 95 0.159
61 97 0.149
61 98 0.211
61 103 0.107
61 105 0.089
61 109 0.173
62 90 1
62 73 0.697
62 87 1
62 65 0.822
62 77 0.644
62 81 0.399
62 85 0.128
62 69 0.225
62 83 0.108
62 92 0.18
62 95 0.174
62 64 0.158
62 76 0.096
62 79 0.15
62 80 0.178
62 93 0.208
62 96 0.118
63 106 0.601
63 72 0.951
63 93 1.0
63 101 0.673
63 87 0.505
63 65 0.217
63 109 0.139
63 86 0.054
63 91 0.157
63 77 0.123
63 78 0.096
63 82 0.185
63 70 0.182
63 75 0.147
63 79 0.134
63 88 0.154
63 89 0.211
63 97 0.11
63 98 0.108
63 100 0.143
64 109 0.844
64 88 0.413
64 97 0.154
64 66 0.123
64 103 0.059
64 106 0.144
64 68 0.147
64 72 0.16
64 75 0.155
64 96 0.17
64 102 0.175
65 73 0.852
65 82 0.266
65 69 0.16
65 72 0.215
65 86 0.073
65 93 0.161
65 95 0.172
65 67 0.107
65 70 0.195
65 81 0.112
65 90 0.191
65 96 0.143
65 99 0.195
65 102 0.163
66 94 0.986
66 104 0.755
66 93 0.818
66 72 0.179
66 98 0.181
66 99 0.166
66 100 0.122
66 102 0.141
66 106 0.159
67 87 1
67 108 0.9
67 96 0.631
67 72 0.136
67 74 0.171
67 70 0.145
67 77 0.133
67 73 0.064
67 98 0.168
68 79 0.811
68 104 1
68 74 0.563
68 81 0.12
68 91 0.105
68 87 0.148
68 107 0.119
68 69 0.111
68 93 0.141
68 73 0.147
68 85 0.143
68 88 0.19
69 75 0.993
69 85 0.588
69 73 1
69 95 0.925
69 88 0.14
69 81 0.123
69 70 0.073
69 99 0.215
69 92 0.241
69 103 0.148
69 79 0.184
69 80 0.164
69 100 0.169
70 83 0.62
70 101 1
70 80 0.793
70 106 0.762
70 75 0.704
70 79 0.694
70 99 0.088
70 74 0.137
70 87 0.139
70 90 0.097
70 86 0.139
70 100 0.158
71 104 0.881
71 96 0.891
71 73 0.67
71 90 0.954
71 89 0.884
71 85 0.135
71 101 0.139
71 98 0.124
71 76 0.148
71 82 0.167
71 86 0.15
71 94 0.096
71 95 0.16
71 99 0.133
71 103 0.216
72 87 0.172
72 76 0.158
72 107 0.095
72 82 0.087
72 85 0.134
72 90 0.104
72 92 0.186
72 103 0.136
72 106 0.098
72 109 0.118
73 89 0.644
73 92 1
73 98 1
73 93 0.16
73 77 0.27
73 75 0.165
73 86 0.219
73 87 0.142
73 90 0.098
73 96 0.155
73 107 0.156
73 109 0.133
74 108 0.64
74 84 0.737
74 100 0.737
74 96 0.735
74 87 0.14
74 104 0.124
74 78 0.164
74 79 0.131
74 102 0.136
74 76 0.151
74 88 0.172
74 90 0.143
74 97 0.171
74 103 0.157
75 82 0.576
75 107 0.724
75 87 0.043
75 84 0.202
75 89 0.143
75 90 0.145
75 91 0.102
75 102 0.14
75 108 0.14
75 88 0.106
75 94 0.186
75 100 0.2
75 101 0.157
75 104 0.134
76 108 0.815
76 84 0.506
76 104 0.714
76 77 0.114
76 90 0.126
76 91 0.174
76 83 0.176
76 89 0.17
76 106 0.118
76 82 0.113
77 79 0.709
77 99 0.546
77 93 0.152
77 96 0.127
77 98 0.16
77 88 0.162
77 89 0.186
77 95 0.125
77 97 0.13
77 105 0.163
78 82 0.476
78 104 0.688
78 79 0.67
78 90 0.158
78 105 0.147
78 107 0.068
78 83 0.148
78 92 0.053
78 108 0.134
78 86 0.112
78 99 0.201
78 101 0.118
79 96 0.112
79 86 0.134
79 84 0.163
79 101 0.127
79 106 0.16
79 81 0.131
79 91 0.095
79 99 0.113
79 104 0.155
79 105 0.178
80 87 1
80 95 0.165
80 96 0.16
80 97 0.212
80 105 0.125
80 106 0.149
81 108 1
81 103 0.085
81 94 0.171
81 97 0.199
81 100 0.158
81 102 0.1
82 98 0.872
82 87 0.108
82 96 0.112
82 103 0.129
82 106 0.204
83 96 0.178
83 89 0.146
83 91 0.121
83 107 0.122
83 87 0.163
83 88 0.151
83 92 0.119
83 93 0.132
83 94 0.196
83 108 0.112
84 95 0.879
84 87 0.654
84 101 0.235
84 88 0.181
84 92 0.123
84 94 0.214
84 100 0.121
85 107 0.622
85 109 0.298
85 97 0.188
85 89 0.151
85 90 0.16
85 92 0.132
85 102 0.117
85 106 0.172
86 99 0.231
86 89 0.115
86 103 0.248
86 87 0.14
86 95 0.145
86 101 0.193
86 105 0.176
86 106 0.113
87 88 0.984
87 94 0.23
87 109 0.099
87 101 0.072
87 103 0.14
87 99 0.184
87 90 0.157
87 95 0.147
87 104 0.107
88 99 0.189
88 98 0.335
88 94 0.142
88 95 0.151
88 102 0.131
88 106 0.177
89 101 0.968
89 104 0.277
89 100 0.182
89 93 0.137
89 94 0.119
90 102 0.709
90 91 0.842
90 105 0.828
90 108 0.598
90 104 0.101
90 109 0.115
91 97 0.78
91 99 0.319
91 102 0.177
91 98 0.177
91 108 0.152
91 109 0.173
92 97 0.537
92 106 0.389
92 93 0.704
92 109 0.087
92 98 0.167
92 108 0.115
93 103 0.888
93 95 0.124
93 102 0.138
94 95 0.595
94 96 0.871
94 102 0.788
94 100 0.211
94 103 0.155
94 99 0.124
94 106 0.151
94 107 0.148
94 109 0.14
95 108 0.754
95 107 0.299
95 100 0.131
95 106 0.167
96 109 0.078
96 98 0.129
96 102 0.172
97 107 0.187
97 104 0.14
98 101 0.855
99 101 0.944
99 106 0.202
99 109 0.139
100 101 0.171
100 105 0.151
100 107 0.183
101 109 0.886
101 102 0.144
101 106 0.15
102 104 0.675
102 103 0.246
102 106 0.162
103 108 0.998
103 105 0.113
103 106 0.181
104 109 0.204
104 107 0.133
104 108 0.188
105 107 0.643
