0 1 0.568
0 12 0.826
0 63 0.579
0 59 0.595
0 32 0.566
0 50 0.389
0 60 0.384
0 72 0.437
0 4 0.534
0 107 0.673
0 47 0.823
0 77 0.549
0 5 0.987
0 41 0.093
0 81 0.696
0 97 0.46
0 55 0.833
0 65 0.78
0 96 0.743
0 57 0.495
0 85 0.691
0 31 0.575
0 18 0.838
0 93 0.583
0 87 0.962
0 66 0.806
0 80 0.213
0 43 0.636
0 33 0.105
0 73 0.354
0 64 1
0 90 0.346
0 3 0.096
0 13 0.115
0 30 0.567
0 36 0.097
0 2 0.093
0 28 0.177
0 34 0.149
0 76 0.346
0 82 0.181
0 10 0.266
0 19 0.103
0 22 0.163
0 44 0.131
0 51 0.162
0 58 0.178
0 84 0.275
0 88 0.21
0 11 0.119
0 16 0.119
0 23 0.185
0 24 0.205
0 38 0.114
0 42 0.108
0 46 0.225
0 53 0.154
0 62 0.175
0 67 0.148
0 68 0.186
0 71 0.172
0 98 0.175
0 100 0.137
0 108 0.177
1 5 0.142
1 10 0.988
1 23 0.717
1 27 0.593
1 34 0.957
1 42 0.958
1 45 0.947
1 56 0.69
1 86 1
1 109 0.627
1 39 1
1 59 1
1 62 0.399
1 17 0.435
1 90 0.701
1 72 0.688
1 83 0.783
1 93 0.345
1 79 0.439
1 30 1
1 44 0.501
1 22 0.496
1 24 0.221
1 43 0.279
1 57 0.812
1 18 1
1 11 0.636
1 81 0.612
1 85 0.585
1 65 0.219
1 87 0.643
1 99 0.481
1 52 0.577
1 91 0.322
1 7 0.586
1 66 1
1 47 0.684
1 63 0.677
1 95 0.732
1 6 0.594
1 77 0.998
1 92 0.39
1 67 0.646
1 25 0.752
1 13 0.154
1 21 0.564
1 53 0.378
1 26 0.213
1 73 0.167
1 35 0.317
1 58 0.129
1 64 0.203
1 76 0.147
1 97 0.136
1 101 0.147
1 3 0.148
1 19 0.139
1 38 0.258
1 75 0.17
1 96 0.175
1 2 0.147
1 16 0.168
1 31 0.156
1 32 0.152
1 33 0.179
1 40 0.14
1 48 0.083
1 51 0.141
1 71 0.144
1 74 0.118
1 84 0.167
1 88 0.169
1 105 0.147
1 107 0.154
1 108 0.136
2 17 0.802
2 27 0.626
2 35 0.856
2 94 0.821
2 98 0.76
2 105 0.737
2 59 0.731
2 78 0.865
2 83 1
2 28 0.596
2 52 0.237
2 95 0.548
2 106 0.928
2 99 0.915
2 16 0.836
2 91 0.22
2 48 0.542
2 75 0.707
2 107 0.809
2 63 0.964
2 71 0.169
2 47 0.555
2 74 0.406
2 68 0.463
2 30 0.587
2 89 0.963
2 51 0.628
2 62 0.58
2 66 0.301
2 64 0.051
2 29 0.146
2 33 0.299
2 81 0.366
2 104 0.076
2 108 0.126
2 10 0.049
2 13 0.165
2 23 0.139
2 34 0.139
2 41 0.151
2 42 0.273
2 46 0.09
2 50 0.004
2 61 0.101
2 77 0.132
2 80 0.152
2 82 0.166
2 87 0.018
2 88 0.141
2 90 0.135
2 92 0.149
2 93 0.082
2 97 0.147
2 100 0.286
2 5 0.17
2 8 0.169
2 9 0.156
2 15 0.188
2 26 0.105
2 31 0.123
2 32 0.157
2 40 0.104
2 43 0.165
2 44 0.096
2 45 0.108
2 49 0.162
2 54 0.162
2 56 0.171
2 57 0.149
2 60 0.146
2 70 0.176
2 73 0.164
2 85 0.151
3 43 0.508
3 54 0.663
3 84 1
3 47 0.91
3 29 0.275
3 31 0.832
3 53 0.182
3 81 0.519
3 87 0.611
3 107 0.701
3 15 0.599
3 24 0.074
3 65 0.316
3 67 1
3 83 0.876
3 91 1
3 96 0.263
3 52 0.515
3 16 0.287
3 49 0.822
3 58 0.629
3 13 0.97
3 70 0.104
3 80 0.555
3 108 0.255
3 36 0.8
3 103 0.769
3 88 0.645
3 25 0.315
3 38 0.5
3 66 0.493
3 98 0.058
3 28 0.379
3 61 0.217
3 27 0.156
3 45 0.122
3 18 0.101
3 100 0.131
3 104 0.135
3 17 0.164
3 21 0.1
3 50 0.113
3 51 0.16
3 57 0.285
3 60 0.221
3 77 0.287
3 90 0.179
3 95 0.174
3 5 0.131
3 9 0.161
3 11 0.173
3 14 0.149
3 22 0.152
3 26 0.088
3 32 0.156
3 39 0.12
3 40 0.181
3 41 0.166
3 46 0.159
3 72 0.133
3 73 0.15
3 101 0.187
3 102 0.166
4 73 0.855
4 91 0.969
4 98 0.397
4 102 0.564
4 21 0.692
4 25 0.201
4 71 0.561
4 88 0.546
4 90 0.582
4 58 0.489
4 63 0.613
4 82 0.568
4 87 0.767
4 12 0.87
4 19 0.854
4 27 0.534
4 11 0.845
4 45 0.796
4 30 0.559
4 10 0.961
4 50 0.527
4 5 0.814
4 59 0.835
4 66 0.551
4 79 0.104
4 84 0.21
4 57 0.024
4 48 0.162
4 101 0.242
4 7 0.819
4 64 0.442
4 76 0.272
4 75 0.811
4 24 0.525
4 74 0.508
4 81 0.047
4 103 0.38
4 49 0.356
4 44 0.18
4 67 0.149
4 17 0.262
4 43 0.162
4 8 0.184
4 14 0.029
4 22 0.14
4 37 0.043
4 52 0.192
4 56 0.178
4 70 0.149
4 78 0.122
4 85 0.125
4 86 0.136
4 97 0.108
4 106 0.128
4 15 0.154
4 20 0.127
4 23 0.112
4 28 0.17
4 31 0.099
4 35 0.198
4 36 0.186
4 47 0.13
4 51 0.174
4 55 0.102
4 61 0.125
4 65 0.126
4 68 0.16
4 93 0.192
4 95 0.136
4 96 0.157
4 100 0.101
4 109 0.189
5 63 0.678
5 79 0.483
5 85 0.911
5 15 0.532
5 44 1
5 45 0.77
5 9 0.665
5 70 0.803
5 89 0.61
5 18 0.449
5 48 0.554
5 103 0.893
5 22 0.508
5 28 0.644
5 100 0.938
5 101 0.511
5 31 0.755
5 82 0.749
5 52 0.563
5 68 0.612
5 76 0.78
5 32 0.592
5 11 0.604
5 25 0.513
5 39 0.727
5 49 0.747
5 10 0.441
5 90 0.66
5 30 0.071
5 50 0.668
5 109 0.082
5 74 0.472
5 20 0.615
5 24 0.111
5 65 0.203
5 67 0.682
5 104 0.371
5 95 0.829
5 108 0.058
5 7 0.543
5 61 0.229
5 99 0.262
5 91 0.225
5 106 0.209
5 87 0.064
5 38 0.102
5 6 0.212
5 58 0.63
5 27 0.11
5 43 0.163
5 53 0.047
5 29 0.152
5 42 0.18
5 46 0.33
5 62 0.101
5 12 0.196
5 16 0.149
5 33 0.157
5 37 0.182
5 59 0.199
5 60 0.174
5 64 0.176
5 66 0.178
5 69 0.089
5 73 0.162
5 75 0.206
5 78 0.183
5 81 0.141
5 86 0.139
5 96 0.12
5 98 0.155
5 102 0.167
5 107 0.201
6 48 0.991
6 86 0.629
6 99 0.936
6 107 0.818
6 47 0.18
6 80 0.548
6 59 0.546
6 75 0.914
6 82 1
6 18 0.398
6 53 0.695
6 49 0.218
6 85 0.776
6 39 0.986
6 52 0.821
6 74 0.569
6 84 0.328
6 11 0.652
6 51 0.273
6 88 0.52
6 67 0.496
6 38 0.943
6 81 0.624
6 83 0.7
6 95 0.378
6 109 1
6 35 0.502
6 100 0.7
6 87 0.677
6 14 0.395
6 62 0.15
6 64 0.276
6 32 0.208
6 7 0.046
6 8 0.02
6 16 0.283
6 26 0.178
6 45 0.107
6 66 0.245
6 89 0.065
6 91 0.029
6 97 0.103
6 104 0.213
6 105 0.138
6 12 0.118
6 17 0.192
6 20 0.135
6 22 0.15
6 23 0.082
6 28 0.134
6 33 0.217
6 34 0.146
6 36 0.169
6 46 0.195
6 50 0.134
6 55 0.161
6 58 0.13
6 68 0.178
6 71 0.099
6 96 0.118
6 102 0.166
7 9 0.415
7 13 0.63
7 29 0.615
7 33 1
7 34 0.609
7 35 1
7 57 0.981
7 97 0.697
7 30 0.666
7 75 0.678
7 20 1
7 41 0.661
7 64 0.355
7 103 0.667
7 42 0.522
7 54 0.777
7 18 0.559
7 11 0.465
7 68 0.685
7 72 0.823
7 71 0.722
7 74 0.421
7 88 0.171
7 91 0.571
7 107 0.839
7 81 0.474
7 73 0.783
7 37 0.075
7 89 0.119
7 31 0.117
7 59 0.054
7 28 0.692
7 10 0.614
7 63 0.219
7 44 0.474
7 86 0.111
7 61 0.15
7 23 0.072
7 38 0.187
7 50 0.21
7 76 0.148
7 12 0.143
7 14 0.185
7 22 0.168
7 27 0.12
7 39 0.195
7 45 0.321
7 51 0.155
7 67 0.13
7 78 0.144
7 85 0.149
7 95 0.161
7 24 0.151
7 36 0.148
7 40 0.172
7 48 0.145
7 49 0.138
7 52 0.17
7 53 0.145
7 56 0.152
7 65 0.126
7 66 0.193
7 69 0.146
7 82 0.13
7 100 0.173
7 101 0.151
7 104 0.15
8 23 0.876
8 37 0.219
8 56 0.577
8 71 0.855
8 88 0.559
8 14 0.749
8 26 0.721
8 29 0.962
8 35 0.779
8 68 0.701
8 93 0.133
8 28 0.514
8 43 0.578
8 48 0.551
8 22 0.625
8 83 1
8 53 0.263
8 89 0.643
8 101 0.149
8 58 0.557
8 76 0.277
8 72 0.917
8 60 0.923
8 44 0.605
8 34 1
8 81 0.552
8 27 1
8 39 0.772
8 55 0.917
8 20 0.598
8 73 0.541
8 82 0.59
8 86 0.184
8 74 0.589
8 106 0.685
8 38 0.43
8 62 0.334
8 11 0.177
8 25 0.154
8 30 0.187
8 32 0.152
8 41 0.138
8 57 0.138
8 15 0.118
8 16 0.152
8 17 0.115
8 33 0.169
8 46 0.118
8 49 0.152
8 63 0.111
8 64 0.195
8 65 0.16
8 69 0.133
8 70 0.149
8 77 0.144
8 92 0.118
8 97 0.141
8 99 0.124
8 100 0.122
8 102 0.142
8 108 0.171
9 26 0.726
9 37 0.883
9 47 0.445
9 71 0.846
9 75 0.671
9 88 0.924
9 98 0.932
9 16 0.495
9 53 0.647
9 67 0.755
9 92 0.107
9 25 1
9 30 0.621
9 64 0.653
9 105 0.743
9 52 0.393
9 29 0.887
9 45 0.317
9 84 0.738
9 95 0.794
9 104 0.494
9 108 0.664
9 81 0.656
9 60 0.345
9 76 0.766
9 77 0.77
9 91 0.368
9 107 0.157
9 72 0.388
9 69 0.391
9 62 0.311
9 103 0.588
9 86 1
9 101 0.441
9 12 0.546
9 58 0.363
9 54 0.166
9 32 0.356
9 50 0.074
9 33 0.079
9 22 0.14
9 31 0.096
9 41 0.013
9 10 0.07
9 19 0.208
9 28 0.21
9 34 0.182
9 38 0.077
9 73 0.135
9 74 0.12
9 93 0.098
9 96 0.143
9 100 0.168
9 11 0.094
9 15 0.132
9 39 0.129
9 46 0.132
9 48 0.084
9 55 0.183
9 61 0.123
9 68 0.161
9 82 0.164
9 83 0.081
9 99 0.095
9 102 0.134
10 67 0.864
10 85 0.903
10 32 0.584
10 93 1
10 102 0.423
10 69 0.584
10 50 1
10 101 0.968
10 75 0.658
10 19 0.619
10 70 0.591
10 73 0.927
10 42 0.566
10 54 1
10 58 0.556
10 80 0.998
10 106 0.908
10 86 0.852
10 72 0.551
10 37 0.635
10 59 0.626
10 105 0.869
10 103 0.716
10 12 0.315
10 30 0.465
10 91 0.485
10 76 0.296
10 44 0.629
10 45 0.275
10 41 0.232
10 49 0.161
10 22 0.167
10 56 0.093
10 74 0.145
10 33 0.32
10 92 0.249
10 17 0.136
10 18 0.168
10 25 0.135
10 38 0.151
10 46 0.139
10 48 0.29
10 62 0.145
10 81 0.169
10 94 0.16
10 11 0.132
10 14 0.149
10 16 0.151
10 23 0.177
10 26 0.172
10 27 0.167
10 28 0.136
10 34 0.17
10 39 0.177
10 51 0.198
10 55 0.185
10 63 0.178
10 64 0.128
10 65 0.174
10 66 0.084
10 71 0.161
10 79 0.14
10 88 0.135
10 89 0.16
10 107 0.155
11 62 0.452
11 16 0.758
11 23 0.698
11 47 0.325
11 22 0.63
11 49 0.579
11 51 0.957
11 56 1
11 80 0.513
11 20 0.553
11 29 0.95
11 89 0.123
11 33 0.533
11 92 0.871
11 17 0.239
11 107 0.556
11 40 0.774
11 86 0.312
11 26 0.871
11 50 0.631
11 44 0.217
11 85 0.915
11 48 0.853
11 57 0.516
11 90 0.683
11 109 0.542
11 65 0.545
11 72 0.533
11 76 0.535
11 99 0.065
11 69 0.638
11 30 0.335
11 54 0.212
11 104 0.265
11 31 0.504
11 52 0.149
11 15 0.153
11 27 0.161
11 32 0.19
11 34 0.029
11 38 0.309
11 58 0.039
11 63 0.152
11 75 0.165
11 77 0.148
11 78 0.158
11 83 0.318
11 103 0.201
11 12 0.148
11 14 0.138
11 25 0.143
11 28 0.179
11 41 0.208
11 42 0.175
11 60 0.159
11 79 0.156
11 82 0.156
11 87 0.113
11 91 0.176
11 94 0.124
11 95 0.134
11 96 0.129
11 100 0.126
11 101 0.157
11 106 0.174
12 13 0.832
12 16 0.868
12 30 0.726
12 56 0.816
12 77 0.641
12 90 0.144
12 105 0.838
12 26 0.658
12 21 0.854
12 28 0.582
12 33 0.953
12 22 0.388
12 38 0.612
12 36 0.581
12 81 0.747
12 95 0.604
12 103 0.273
12 15 0.573
12 60 0.654
12 71 0.658
12 88 0.762
12 67 0.693
12 80 1
12 43 0.587
12 63 0.693
12 24 0.926
12 20 0.617
12 101 0.662
12 92 0.76
12 32 0.268
12 37 0.452
12 47 0.615
12 70 0.243
12 73 0.069
12 23 0.179
12 51 0.179
12 74 0.082
12 86 0.104
12 18 0.26
12 31 0.157
12 39 0.21
12 54 0.177
12 69 0.183
12 72 0.15
12 84 0.154
12 94 0.188
12 98 0.183
12 14 0.19
12 25 0.177
12 40 0.141
12 41 0.097
12 44 0.175
12 45 0.16
12 48 0.183
12 49 0.167
12 50 0.134
12 55 0.161
12 57 0.077
12 62 0.109
12 64 0.122
12 68 0.157
12 75 0.16
12 82 0.175
12 87 0.122
12 96 0.161
12 97 0.134
12 99 0.15
12 100 0.146
12 102 0.153
12 108 0.143
12 109 0.156
13 35 0.927
13 41 1
13 56 0.773
13 73 0.544
13 81 0.861
13 84 0.516
13 91 0.851
13 94 0.848
13 65 0.751
13 66 0.887
13 62 0.259
13 105 0.396
13 61 0.719
13 69 0.095
13 99 0.908
13 18 0.61
13 46 0.501
13 57 0.084
13 28 0.017
13 44 0.577
13 85 0.733
13 98 0.241
13 30 0.267
13 26 0.283
13 27 0.536
13 34 0.627
13 49 0.6
13 97 0.888
13 38 0.97
13 54 0.511
13 52 0.303
13 86 0.605
13 17 0.756
13 21 0.073
13 59 0.703
13 14 0.517
13 36 0.602
13 51 0.667
13 47 0.268
13 72 0.14
13 45 0.145
13 100 0.158
13 29 0.21
13 33 0.103
13 63 0.156
13 71 0.111
13 76 0.141
13 77 0.137
13 104 0.167
13 15 0.193
13 20 0.128
13 25 0.16
13 37 0.16
13 42 0.154
13 43 0.173
13 48 0.171
13 55 0.128
13 64 0.163
13 68 0.149
13 75 0.131
13 79 0.158
13 101 0.132
13 102 0.163
13 103 0.146
13 106 0.141
13 107 0.145
13 108 0.183
13 109 0.139
14 16 0.5
14 32 0.605
14 35 0.729
14 43 0.882
14 75 0.951
14 22 0.629
14 47 0.529
14 66 0.258
14 86 0.489
14 91 0.836
14 98 0.53
14 27 0.416
14 63 0.867
14 59 0.631
14 78 0.614
14 90 0.53
14 57 0.503
14 76 0.83
14 33 0.694
14 101 0.573
14 55 0.672
14 104 0.532
14 65 0.581
14 79 0.675
14 38 0.067
14 24 0.782
14 48 0.626
14 19 0.335
14 36 0.554
14 40 0.515
14 62 0.734
14 93 0.639
14 37 0.168
14 41 0.258
14 97 0.177
14 96 0.357
14 107 0.539
14 72 0.67
14 84 0.137
14 102 0.012
14 28 0.076
14 18 0.184
14 20 0.152
14 31 0.144
14 44 0.13
14 64 0.123
14 68 0.14
14 89 0.162
14 15 0.126
14 23 0.122
14 25 0.177
14 30 0.115
14 42 0.169
14 49 0.097
14 51 0.152
14 56 0.09
14 58 0.187
14 69 0.105
14 70 0.147
14 71 0.138
14 73 0.155
14 85 0.081
14 88 0.198
14 92 0.129
14 103 0.178
15 27 0.377
15 109 0.841
15 57 1
15 88 0.765
15 89 0.574
15 105 0.528
15 58 0.715
15 62 0.458
15 75 0.829
15 98 0.719
15 49 0.661
15 59 0.84
15 73 0.429
15 76 1
15 77 0.241
15 78 0.529
15 102 0.513
15 103 0.551
15 50 0.573
15 65 0.96
15 18 0.514
15 31 0.775
15 51 0.207
15 82 0.727
15 96 0.716
15 25 0.74
15 30 0.611
15 64 0.644
15 69 0.648
15 86 1
15 60 0.693
15 48 0.212
15 81 0.542
15 43 0.715
15 54 0.491
15 83 0.241
15 94 0.864
15 41 0.08
15 53 0.438
15 66 0.045
15 74 1
15 87 0.363
15 45 0.232
15 28 0.313
15 19 0.191
15 47 0.041
15 52 0.213
15 71 0.356
15 46 0.124
15 56 0.101
15 70 0.021
15 23 0.145
15 29 0.148
15 34 0.118
15 35 0.221
15 44 0.17
15 55 0.114
15 84 0.128
15 97 0.213
15 99 0.259
15 16 0.156
15 37 0.162
15 42 0.168
15 61 0.161
15 63 0.116
15 67 0.156
15 79 0.142
15 80 0.203
15 85 0.137
15 90 0.201
15 91 0.136
15 92 0.133
15 101 0.14
15 106 0.187
15 108 0.166
16 28 0.585
16 30 0.545
16 31 0.68
16 33 0.74
16 44 0.994
16 75 0.97
16 101 0.927
16 104 0.343
16 23 0.228
16 41 0.549
16 42 0.597
16 61 0.288
16 74 0.861
16 55 0.996
16 100 0.796
16 29 0.781
16 49 0.704
16 80 0.141
16 59 0.623
16 37 0.825
16 45 1
16 69 0.631
16 63 0.252
16 77 0.642
16 106 0.387
16 86 0.26
16 64 0.108
16 91 0.624
16 19 0.37
16 50 0.482
16 99 0.203
16 95 0.588
16 87 0.679
16 85 0.31
16 71 0.123
16 76 0.353
16 98 0.224
16 27 0.047
16 25 0.255
16 34 0.201
16 36 0.286
16 51 0.156
16 66 0.169
16 72 0.179
16 82 0.066
16 90 0.169
16 96 0.087
16 103 0.149
16 20 0.161
16 22 0.119
16 40 0.21
16 43 0.149
16 46 0.144
16 57 0.173
16 60 0.146
16 62 0.174
16 68 0.121
16 78 0.124
16 93 0.125
16 97 0.155
17 20 0.531
17 40 0.497
17 61 0.596
17 66 0.782
17 77 1
17 82 0.577
17 84 0.831
17 22 0.705
17 71 0.689
17 101 0.851
17 43 0.37
17 78 0.651
17 25 0.034
17 41 0.728
17 47 0.388
17 50 0.258
17 62 0.898
17 65 1
17 46 0.854
17 57 0.684
17 63 0.464
17 109 0.679
17 37 0.782
17 52 0.393
17 55 0.547
17 24 0.328
17 27 0.569
17 91 0.845
17 64 0.743
17 86 0.39
17 51 0.526
17 93 0.512
17 19 0.219
17 44 0.452
17 97 0.235
17 100 0.116
17 105 0.095
17 38 0.226
17 59 0.159
17 67 0.135
17 69 0.081
17 95 0.239
17 104 0.206
17 21 0.139
17 26 0.136
17 28 0.178
17 29 0.194
17 30 0.083
17 33 0.115
17 35 0.112
17 36 0.167
17 42 0.162
17 45 0.146
17 49 0.119
17 53 0.166
17 56 0.175
17 73 0.161
17 75 0.094
17 76 0.156
17 79 0.167
17 80 0.139
17 83 0.13
17 85 0.108
17 92 0.16
17 96 0.169
17 98 0.075
17 107 0.151
17 108 0.15
18 72 0.973
18 87 0.693
18 101 0.829
18 34 0.186
18 40 0.584
18 90 0.871
18 83 0.71
18 86 0.745
18 99 0.574
18 42 0.572
18 55 0.712
18 63 0.848
18 105 0.263
18 79 0.915
18 108 0.361
18 59 0.579
18 75 0.756
18 89 0.942
18 29 0.408
18 21 0.233
18 51 0.807
18 109 0.623
18 68 0.748
18 74 0.745
18 88 0.141
18 50 1
18 80 0.231
18 20 0.504
18 73 0.559
18 81 0.653
18 97 0.586
18 91 0.387
18 19 0.731
18 48 0.54
18 47 0.481
18 36 0.642
18 54 0.011
18 93 0.632
18 49 0.507
18 61 0.178
18 44 0.087
18 45 0.515
18 85 0.099
18 25 0.079
18 30 0.162
18 31 0.158
18 62 0.189
18 69 0.127
18 77 0.185
18 94 0.166
18 100 0.212
18 102 0.118
18 103 0.158
18 106 0.095
18 35 0.151
18 38 0.144
18 46 0.144
18 53 0.141
18 58 0.167
18 67 0.158
18 71 0.159
18 78 0.119
18 82 0.145
18 92 0.127
19 26 0.774
19 53 0.729
19 81 0.995
19 83 0.742
19 103 0.656
19 42 0.957
19 69 0.474
19 107 0.573
19 40 0.709
19 43 0.672
19 87 0.631
19 84 0.475
19 98 0.575
19 68 0.531
19 67 0.182
19 85 0.458
19 91 0.928
19 47 0.968
19 102 0.573
19 55 1
19 59 0.881
19 60 0.674
19 106 0.592
19 62 0.579
19 96 0.686
19 50 0.436
19 108 0.579
19 49 0.368
19 31 0.441
19 80 0.923
19 21 0.275
19 27 0.238
19 88 0.005
19 95 0.166
19 101 0.086
19 104 0.337
19 41 0.149
19 46 0.235
19 58 0.166
19 64 0.148
19 73 0.185
19 94 0.201
19 23 0.154
19 24 0.166
19 25 0.215
19 33 0.211
19 34 0.137
19 38 0.106
19 54 0.195
19 57 0.137
19 61 0.112
19 70 0.114
19 71 0.174
19 79 0.177
19 90 0.116
19 100 0.167
20 89 0.921
20 106 0.557
20 108 0.267
20 103 0.954
20 53 0.574
20 23 0.059
20 57 0.632
20 43 0.9
20 46 0.434
20 97 0.914
20 28 0.973
20 92 0.732
20 101 0.163
20 35 0.541
20 99 0.325
20 64 0.681
20 88 1
20 49 0.723
20 74 0.515
20 93 0.612
20 75 0.194
20 62 0.308
20 96 0.194
20 22 0.036
20 32 0.281
20 50 0.152
20 39 0.136
20 51 0.186
20 58 0.159
20 72 0.16
20 77 0.154
20 83 0.148
20 85 0.179
20 105 0.125
20 109 0.199
20 24 0.147
20 25 0.145
20 27 0.162
20 30 0.194
20 34 0.192
20 41 0.139
20 47 0.185
20 48 0.197
20 54 0.133
20 55 0.124
20 65 0.164
20 67 0.14
20 68 0.124
20 69 0.154
20 76 0.126
20 78 0.163
20 79 0.155
20 80 0.142
20 82 0.093
20 84 0.144
20 94 0.111
20 98 0.136
20 100 0.143
21 27 0.805
21 89 0.898
21 104 0.866
21 80 1
21 107 0.548
21 109 0.574
21 56 0.027
21 69 0.647
21 41 0.578
21 67 0.637
21 31 0.693
21 45 0.381
21 44 0.312
21 35 0.61
21 24 0.725
21 98 0.513
21 51 0.611
21 100 0.649
21 63 0.297
21 46 0.52
21 84 0.619
21 72 0.47
21 47 0.37
21 36 0.452
21 43 0.315
21 105 0.285
21 61 0.589
21 70 0.359
21 58 0.274
21 71 0.317
21 76 0.394
21 42 0.199
21 81 0.133
21 28 0.138
21 33 0.095
21 37 0.202
21 68 0.292
21 82 0.059
21 90 0.154
21 92 0.051
21 106 0.261
21 29 0.112
21 34 0.108
21 38 0.169
21 39 0.135
21 40 0.119
21 52 0.14
21 53 0.08
21 54 0.144
21 57 0.215
21 65 0.105
21 73 0.137
21 75 0.144
21 77 0.185
21 79 0.111
21 93 0.141
21 95 0.125
21 96 0.16
21 103 0.099
22 44 0.603
22 46 0.331
22 47 1
22 65 0.597
22 74 0.214
22 83 0.869
22 55 1
22 58 0.581
22 38 0.65
22 64 0.744
22 80 0.535
22 41 0.46
22 81 0.901
22 86 0.902
22 71 0.126
22 75 0.587
22 85 0.843
22 72 0.815
22 78 0.435
22 63 0.316
22 24 0.557
22 91 0.586
22 105 0.563
22 109 0.532
22 33 0.659
22 67 0.335
22 77 0.621
22 79 1
22 82 0.569
22 30 0.309
22 43 0.796
22 69 0.51
22 54 0.829
22 88 0.601
22 50 0.168
22 39 0.331
22 51 0.553
22 37 0.051
22 101 0.156
22 103 0.114
22 31 0.171
22 34 0.15
22 40 0.237
22 56 0.099
22 57 0.144
22 59 0.112
22 62 0.126
22 96 0.216
22 25 0.129
22 27 0.184
22 36 0.127
22 52 0.124
22 53 0.178
22 60 0.214
22 61 0.208
22 66 0.197
22 70 0.087
22 84 0.122
22 90 0.124
22 95 0.13
22 97 0.168
22 104 0.135
22 106 0.175
22 107 0.175
23 43 0.968
23 60 0.761
23 99 0.65
23 75 0.701
23 28 0.966
23 41 0.792
23 45 0.073
23 62 0.856
23 46 0.124
23 44 0.728
23 89 0.744
23 94 1
23 35 0.506
23 79 0.408
23 63 0.837
23 42 0.11
23 78 0.74
23 87 0.8
23 37 0.311
23 105 0.559
23 50 0.578
23 34 0.291
23 66 0.508
23 90 0.285
23 59 0.504
23 84 0.69
23 55 1
23 64 0.127
23 77 0.477
23 101 0.598
23 85 0.619
23 65 0.225
23 24 0.131
23 53 0.024
23 81 0.213
23 91 0.076
23 107 0.144
23 40 0.199
23 56 0.391
23 68 0.137
23 69 0.161
23 76 0.153
23 82 0.16
23 95 0.127
23 97 0.113
23 103 0.151
23 29 0.154
23 31 0.131
23 38 0.186
23 51 0.118
23 52 0.177
23 57 0.11
23 58 0.151
23 61 0.148
23 72 0.228
23 80 0.177
23 86 0.149
23 93 0.138
23 96 0.142
23 98 0.124
23 102 0.201
23 106 0.141
23 108 0.144
23 109 0.103
24 39 0.569
24 53 0.593
24 71 0.953
24 89 0.885
24 60 0.512
24 94 0.842
24 87 0.558
24 97 0.523
24 101 0.47
24 77 0.959
24 80 0.934
24 30 0.783
24 86 0.536
24 46 1
24 103 0.673
24 52 0.749
24 70 0.859
24 57 0.68
24 58 0.501
24 66 1
24 50 0.54
24 59 0.647
24 37 0.767
24 33 0.435
24 32 0.821
24 28 0.652
24 27 0.426
24 108 0.406
24 47 0.342
24 65 0.581
24 56 0.394
24 29 0.27
24 40 0.209
24 67 0.285
24 31 0.043
24 38 0.211
24 49 0.141
24 51 0.215
24 54 0.111
24 61 0.189
24 81 0.115
24 85 0.352
24 92 0.121
24 105 0.123
24 25 0.191
24 62 0.178
24 63 0.169
24 64 0.101
24 68 0.128
24 82 0.16
24 84 0.172
24 93 0.166
24 96 0.17
24 99 0.142
24 100 0.134
24 109 0.14
25 27 0.92
25 37 0.656
25 83 1
25 86 0.524
25 46 0.304
25 28 0.882
25 41 0.638
25 85 1
25 87 0.922
25 26 0.598
25 52 1
25 82 0.463
25 51 0.609
25 57 0.747
25 59 0.506
25 73 0.536
25 92 0.57
25 79 0.465
25 107 0.345
25 94 0.601
25 48 0.884
25 70 0.264
25 93 0.887
25 65 0.674
25 81 0.391
25 29 0.011
25 44 0.473
25 108 0.611
25 62 0.078
25 55 0.492
25 106 0.198
25 33 0.19
25 43 0.146
25 56 0.317
25 58 0.328
25 95 0.262
25 32 0.138
25 35 0.172
25 36 0.17
25 61 0.039
25 72 0.098
25 80 0.147
25 91 0.123
25 98 0.213
25 34 0.157
25 39 0.123
25 40 0.183
25 49 0.084
25 63 0.178
25 69 0.162
25 71 0.111
25 76 0.127
25 78 0.105
25 88 0.153
25 89 0.155
25 90 0.173
25 99 0.115
25 103 0.19
26 38 0.777
26 42 0.953
26 61 1
26 67 0.884
26 86 0.867
26 90 1
26 96 0.694
26 77 0.339
26 27 0.63
26 47 0.815
26 49 0.418
26 107 0.479
26 94 0.579
26 32 0.375
26 66 0.772
26 39 0.552
26 97 0.436
26 93 0.745
26 78 0.923
26 104 0.802
26 88 0.514
26 71 0.339
26 40 0.2
26 48 0.061
26 105 0.246
26 101 0.239
26 57 0.087
26 69 0.14
26 64 0.146
26 33 0.168
26 44 0.195
26 45 0.11
26 46 0.174
26 60 0.276
26 73 0.195
26 74 0.063
26 87 0.224
26 99 0.149
26 35 0.134
26 37 0.114
26 41 0.107
26 43 0.172
26 51 0.173
26 52 0.166
26 53 0.16
26 55 0.186
26 58 0.143
26 62 0.119
26 75 0.164
26 76 0.137
26 79 0.152
26 81 0.142
26 84 0.159
26 89 0.188
26 95 0.192
26 100 0.125
26 106 0.128
26 108 0.153
27 28 0.839
27 38 0.824
27 44 0.475
27 53 0.733
27 81 0.784
27 83 0.69
27 97 1
27 66 0.713
27 67 0.813
27 42 1
27 41 0.905
27 59 0.858
27 95 0.808
27 102 0.649
27 47 1
27 65 0.55
27 96 0.685
27 105 0.949
27 48 0.105
27 99 0.276
27 70 0.202
27 56 0.148
27 88 0.332
27 40 0.462
27 82 0.221
27 77 0.644
27 30 0.239
27 43 0.538
27 84 0.088
27 91 0.196
27 29 0.185
27 37 0.145
27 49 0.107
27 55 0.184
27 64 0.109
27 69 0.161
27 74 0.167
27 80 0.164
27 90 0.021
27 31 0.189
27 33 0.171
27 36 0.139
27 39 0.188
27 45 0.136
27 61 0.172
27 62 0.19
27 63 0.151
27 72 0.15
27 75 0.137
27 89 0.201
27 93 0.134
27 94 0.162
27 100 0.172
27 106 0.166
28 40 0.781
28 50 0.557
28 94 0.709
28 89 0.774
28 59 0.644
28 84 0.495
28 38 0.552
28 62 0.691
28 32 0.477
28 41 0.506
28 71 0.803
28 75 0.989
28 65 0.348
28 57 0.821
28 95 0.581
28 33 0.282
28 51 0.527
28 74 0.54
28 98 0.044
28 63 0.559
28 36 0.122
28 35 0.304
28 100 0.019
28 34 0.12
28 49 0.104
28 60 0.145
28 77 0.162
28 92 0.213
28 97 0.177
28 103 0.299
28 104 0.094
28 107 0.208
28 37 0.169
28 55 0.138
28 73 0.205
28 81 0.182
28 31 0.162
28 43 0.168
28 48 0.162
28 61 0.199
28 66 0.16
28 68 0.175
28 78 0.076
28 79 0.134
28 91 0.157
28 109 0.157
29 35 0.972
29 76 0.77
29 80 0.624
29 94 0.642
29 100 0.613
29 103 0.857
29 33 0.413
29 38 0.913
29 93 0.275
29 107 0.909
29 109 0.984
29 48 0.764
29 67 0.706
29 57 1
29 73 0.939
29 77 0.728
29 49 0.264
29 65 0.501
29 53 0.705
29 59 0.426
29 69 0.667
29 39 0.259
29 58 0.939
29 74 0.943
29 64 0.662
29 52 0.452
29 108 0.668
29 36 0.304
29 45 0.571
29 32 0.72
29 47 0.19
29 34 0.441
29 99 0.045
29 79 0.26
29 90 0.69
29 81 0.178
29 84 0.175
29 98 0.055
29 89 0.202
29 43 0.231
29 54 0.087
29 83 0.136
29 86 0.164
29 92 0.12
29 106 0.097
29 31 0.159
29 40 0.137
29 42 0.118
29 46 0.114
29 50 0.114
29 56 0.116
29 60 0.14
29 71 0.114
29 72 0.17
29 82 0.143
29 91 0.213
29 97 0.138
29 101 0.186
29 104 0.143
30 44 1
30 59 0.565
30 68 1
30 70 0.746
30 31 1
30 75 0.772
30 83 1
30 93 0.539
30 67 0.662
30 56 0.086
30 62 0.88
30 65 0.372
30 51 0.056
30 54 0.386
30 72 0.503
30 102 0.694
30 92 0.289
30 100 1
30 88 0.611
30 109 0.731
30 85 0.951
30 94 0.651
30 82 0.595
30 55 0.682
30 80 0.72
30 95 0.31
30 64 0.185
30 78 0.254
30 53 0.154
30 79 0.118
30 81 0.189
30 84 0.192
30 86 0.146
30 33 0.173
30 34 0.18
30 36 0.154
30 37 0.232
30 43 0.166
30 46 0.153
30 57 0.21
30 60 0.145
30 69 0.137
30 71 0.083
30 74 0.199
30 89 0.148
30 101 0.123
30 106 0.122
31 35 0.986
31 45 0.289
31 65 0.703
31 67 0.735
31 109 0.915
31 85 0.635
31 40 0.674
31 75 0.752
31 98 0.611
31 97 0.577
31 71 0.713
31 69 0.983
31 99 0.809
31 103 0.773
31 108 0.878
31 32 1
31 88 0.628
31 72 0.734
31 74 0.568
31 53 1
31 54 0.642
31 73 0.761
31 43 0.64
31 38 0.117
31 58 0.139
31 39 0.211
31 34 0.154
31 36 0.202
31 77 0.165
31 87 0.081
31 107 0.179
31 37 0.176
31 48 0.163
31 52 0.247
31 56 0.231
31 90 0.111
31 93 0.151
31 96 0.073
31 101 0.163
31 105 0.148
31 42 0.123
31 44 0.164
31 47 0.167
31 50 0.173
31 59 0.158
31 66 0.133
31 76 0.088
31 79 0.091
31 80 0.204
31 86 0.176
31 92 0.194
32 34 0.226
32 42 0.939
32 50 1
32 102 1
32 67 0.518
32 82 0.48
32 84 0.854
32 109 0.522
32 83 0.708
32 103 0.158
32 107 0.696
32 64 0.569
32 39 0.565
32 79 1
32 97 0.666
32 58 0.564
32 48 0.816
32 36 0.778
32 41 0.566
32 40 0.538
32 51 0.619
32 59 0.502
32 49 0.226
32 45 0.156
32 88 0.027
32 96 0.133
32 33 0.319
32 47 0.294
32 75 0.118
32 89 0.099
32 91 0.152
32 43 0.183
32 44 0.198
32 53 0.127
32 54 0.171
32 60 0.12
32 68 0.176
32 69 0.172
32 74 0.125
32 90 0.086
32 100 0.15
33 69 0.575
33 97 1
33 98 0.981
33 101 0.924
33 106 0.719
33 53 0.638
33 91 0.886
33 59 0.754
33 62 0.637
33 64 0.542
33 78 1
33 92 0.781
33 38 0.253
33 57 0.169
33 39 0.799
33 40 0.849
33 74 0.572
33 84 0.93
33 36 0.023
33 48 0.794
33 52 0.664
33 81 0.333
33 94 0.775
33 58 0.687
33 82 0.543
33 70 0.302
33 68 0.054
33 90 0.673
33 67 0.139
33 42 0.143
33 44 0.229
33 47 0.026
33 49 0.199
33 60 0.122
33 80 0.127
33 93 0.174
33 99 0.121
33 34 0.097
33 43 0.144
33 46 0.172
33 50 0.19
33 54 0.203
33 55 0.154
33 65 0.084
33 71 0.119
33 72 0.127
33 73 0.122
33 89 0.159
33 96 0.145
33 104 0.165
34 49 0.676
34 105 0.544
34 79 0.089
34 45 0.361
34 63 0.641
34 94 0.565
34 101 0.801
34 53 0.771
34 69 0.648
34 36 0.957
34 57 0.564
34 40 0.235
34 38 0.841
34 39 0.261
34 56 0.47
34 78 0.721
34 99 0.204
34 52 0.821
34 107 0.726
34 68 0.657
34 65 0.912
34 97 0.266
34 73 0.222
34 54 0.639
34 41 0.027
34 89 0.338
34 44 0.085
34 47 0.13
34 62 0.175
34 81 0.165
34 37 0.063
34 46 0.189
34 48 0.131
34 51 0.138
34 61 0.22
34 64 0.128
34 72 0.138
34 74 0.087
34 75 0.115
34 77 0.151
34 83 0.218
34 85 0.162
34 87 0.155
34 88 0.16
34 90 0.088
34 95 0.141
34 98 0.151
34 100 0.128
35 63 0.414
35 107 0.574
35 109 0.578
35 65 0.343
35 104 0.833
35 70 1
35 49 1
35 59 0.15
35 101 0.388
35 43 0.264
35 60 0.85
35 100 0.637
35 58 1
35 105 0.134
35 84 0.247
35 81 0.046
35 42 0.257
35 95 0.704
35 62 0.16
35 45 0.175
35 41 0.177
35 55 0.14
35 74 0.168
35 77 0.399
35 94 0.117
35 39 0.166
35 40 0.186
35 46 0.098
35 50 0.153
35 52 0.199
35 54 0.142
35 56 0.08
35 64 0.129
35 79 0.11
35 80 0.126
35 82 0.11
35 86 0.14
35 88 0.167
35 92 0.125
35 96 0.14
35 103 0.148
36 40 1
36 58 0.762
36 67 0.96
36 93 1
36 97 0.801
36 95 0.532
36 87 0.75
36 37 0.581
36 102 0.852
36 83 0.887
36 55 0.965
36 80 0.714
36 64 0.938
36 106 0.789
36 38 0.468
36 62 0.61
36 57 0.524
36 45 0.715
36 66 0.022
36 73 0.331
36 94 0.647
36 104 0.573
36 46 0.81
36 70 0.114
36 86 0.281
36 101 0.499
36 49 0.313
36 99 0.636
36 90 0.478
36 78 0.13
36 84 0.028
36 61 0.202
36 98 0.346
36 100 0.063
36 39 0.137
36 63 0.103
36 71 0.184
36 77 0.164
36 85 0.136
36 91 0.14
36 41 0.134
36 43 0.174
36 48 0.123
36 52 0.168
36 54 0.179
36 60 0.169
36 74 0.141
36 76 0.152
36 96 0.181
36 103 0.117
36 109 0.157
37 72 0.597
37 88 1
37 98 0.819
37 76 0.368
37 89 0.434
37 105 0.648
37 94 0.803
37 91 0.599
37 52 0.859
37 107 0.087
37 101 0.683
37 75 0.699
37 46 0.774
37 78 1
37 81 0.517
37 100 0.841
37 108 0.821
37 49 0.622
37 93 0.998
37 80 0.333
37 96 0.66
37 68 0.553
37 43 0.07
37 50 0.59
37 84 0.619
37 42 0.199
37 39 0.381
37 109 0.248
37 67 0.218
37 71 0.114
37 83 0.123
37 60 0.299
37 61 0.126
37 62 0.429
37 63 0.101
37 73 0.207
37 79 0.207
37 85 0.166
37 90 0.176
37 38 0.13
37 41 0.073
37 47 0.16
37 51 0.137
37 54 0.157
37 57 0.146
37 59 0.143
37 70 0.08
37 87 0.147
37 92 0.143
37 95 0.17
37 97 0.152
37 104 0.169
37 106 0.163
38 53 0.934
38 63 0.826
38 65 0.72
38 67 0.839
38 69 0.739
38 70 0.648
38 76 0.523
38 89 0.55
38 105 0.82
38 40 0.42
38 57 0.665
38 79 0.529
38 41 0.759
38 96 0.62
38 106 0.589
38 49 0.684
38 86 0.686
38 66 0.749
38 61 0.684
38 72 0.531
38 47 0.011
38 45 0.54
38 59 0.269
38 75 0.164
38 101 0.401
38 43 0.175
38 44 0.123
38 46 0.156
38 50 0.129
38 60 0.11
38 84 0.192
38 109 0.098
38 39 0.15
38 42 0.128
38 68 0.122
38 74 0.11
38 80 0.154
38 82 0.177
38 91 0.067
39 48 0.842
39 91 0.894
39 99 0.929
39 101 0.516
39 45 0.118
39 82 0.079
39 87 0.696
39 107 1
39 109 0.267
39 73 0.537
39 76 0.79
39 44 0.688
39 72 1
39 108 0.652
39 70 0.263
39 96 0.654
39 68 0.933
39 79 0.533
39 89 0.627
39 42 0.64
39 84 0.262
39 95 0.284
39 88 0.263
39 57 0.552
39 56 0.759
39 59 0.102
39 64 0.317
39 61 0.229
39 53 0.473
39 102 0.42
39 41 0.193
39 69 0.174
39 65 0.105
39 75 0.141
39 85 0.171
39 86 0.338
39 90 0.144
39 103 0.134
39 51 0.122
39 52 0.164
39 55 0.167
39 80 0.199
39 83 0.103
39 98 0.162
39 105 0.185
40 69 1
40 72 0.971
40 91 0.835
40 48 0.252
40 62 0.677
40 67 0.786
40 57 1
40 68 0.173
40 65 0.681
40 102 0.638
40 54 0.335
40 90 0.098
40 93 0.834
40 44 0.478
40 70 0.692
40 82 0.88
40 95 1
40 66 0.904
40 50 0.568
40 71 0.655
40 76 0.518
40 61 0.566
40 43 0.231
40 78 0.126
40 89 0.169
40 106 0.016
40 51 0.197
40 52 0.588
40 63 0.238
40 73 0.211
40 45 0.227
40 59 0.163
40 55 0.163
40 99 0.177
40 42 0.067
40 81 0.156
40 83 0.152
40 88 0.162
40 49 0.151
40 53 0.153
40 56 0.171
40 58 0.144
40 64 0.175
40 85 0.173
40 87 0.154
40 100 0.171
40 101 0.157
40 104 0.191
40 105 0.149
41 45 0.679
41 64 0.891
41 95 0.826
41 98 0.202
41 107 0.235
41 102 0.62
41 58 0.53
41 50 0.422
41 51 0.926
41 86 0.431
41 53 0.505
41 46 0.588
41 52 0.497
41 94 0.96
41 99 0.385
41 54 0.38
41 60 0.28
41 79 0.267
41 106 0.523
41 100 0.111
41 108 0.363
41 73 0.23
41 59 0.162
41 93 0.045
41 47 0.341
41 65 0.157
41 48 0.252
41 70 0.245
41 82 0.169
41 87 0.139
41 101 0.224
41 104 0.151
41 42 0.111
41 44 0.127
41 49 0.183
41 63 0.174
41 66 0.186
41 68 0.146
41 74 0.146
41 75 0.164
41 76 0.129
41 81 0.111
41 83 0.129
41 84 0.144
41 88 0.204
41 89 0.123
42 81 1
42 46 0.909
42 50 0.781
42 60 0.374
42 64 0.133
42 66 0.331
42 105 0.856
42 43 0.758
42 93 1
42 54 0.63
42 63 0.785
42 97 0.567
42 86 0.564
42 62 0.484
42 89 0.601
42 83 0.657
42 91 0.229
42 53 0.629
42 52 0.291
42 72 0.42
42 82 0.675
42 94 0.623
42 67 0.407
42 85 0.172
42 70 0.642
42 84 0.148
42 95 0.301
42 44 0.218
42 61 0.179
42 96 0.144
42 98 0.112
42 103 0.182
42 47 0.167
42 48 0.186
42 56 0.162
42 58 0.126
42 59 0.098
42 65 0.142
42 69 0.137
42 74 0.163
42 76 0.164
42 78 0.201
42 87 0.122
42 100 0.139
42 106 0.19
42 108 0.158
43 51 0.719
43 70 0.805
43 83 0.867
43 81 0.198
43 49 0.22
43 78 0.706
43 103 0.564
43 88 0.809
43 104 0.513
43 95 0.663
43 54 0.801
43 72 0.963
43 67 0.16
43 53 0.704
43 71 0.618
43 77 0.596
43 64 0.679
43 100 0.249
43 80 0.618
43 73 0.87
43 108 0.229
43 46 0.271
43 86 0.086
43 60 0.223
43 58 0.275
43 76 0.296
43 44 0.155
43 50 0.162
43 55 0.181
43 61 0.195
43 63 0.153
43 74 0.163
43 90 0.174
43 101 0.14
43 45 0.189
43 52 0.119
43 62 0.152
43 65 0.169
43 68 0.133
43 69 0.125
43 84 0.089
43 87 0.135
43 92 0.192
43 109 0.165
44 65 1
44 78 0.698
44 81 0.365
44 88 0.921
44 101 0.977
44 82 0.544
44 87 0.949
44 45 0.523
44 53 0.767
44 58 0.619
44 51 0.912
44 109 0.582
44 89 0.569
44 74 0.669
44 71 0.853
44 77 0.69
44 72 0.679
44 92 0.557
44 83 0.445
44 48 0.736
44 70 0.5
44 99 0.234
44 49 0.233
44 46 0.162
44 100 0.16
44 103 0.056
44 52 0.15
44 61 0.172
44 63 0.014
44 75 0.313
44 84 0.195
44 105 0.072
44 108 0.172
44 50 0.159
44 54 0.182
44 68 0.172
44 79 0.16
44 80 0.098
45 50 0.788
45 92 0.616
45 64 1
45 93 0.181
45 59 0.475
45 66 0.878
45 106 0.318
45 86 0.826
45 63 0.685
45 51 0.339
45 76 0.891
45 52 0.772
45 58 0.532
45 94 0.75
45 75 0.985
45 48 0.988
45 101 0.331
45 104 0.845
45 47 0.852
45 74 0.396
45 84 0.509
45 80 0.573
45 62 0.112
45 65 0.105
45 81 0.159
45 100 0.04
45 61 0.14
45 73 0.196
45 77 0.267
45 105 0.235
45 109 0.032
45 54 0.137
45 55 0.142
45 60 0.134
45 67 0.148
45 69 0.13
45 70 0.127
45 88 0.177
45 91 0.148
45 98 0.118
46 56 0.72
46 89 0.81
46 77 0.72
46 78 0.639
46 59 0.785
46 101 0.293
46 57 0.561
46 74 1
46 109 0.549
46 98 0.731
46 106 0.563
46 97 0.572
46 51 0.877
46 63 0.358
46 76 0.768
46 53 0.62
46 47 0.65
46 82 0.296
46 85 0.336
46 93 0.67
46 107 0.171
46 99 0.672
46 48 0.061
46 58 0.321
46 84 0.082
46 96 0.154
46 70 0.083
46 71 0.148
46 75 0.166
46 83 0.157
46 86 0.193
46 88 0.157
46 91 0.113
46 104 0.152
46 50 0.151
46 55 0.165
46 61 0.202
46 62 0.15
46 66 0.127
46 72 0.157
46 79 0.135
46 81 0.181
46 94 0.215
46 95 0.115
46 102 0.175
46 105 0.149
47 55 0.665
47 97 0.895
47 83 0.583
47 63 0.299
47 91 0.249
47 75 0.528
47 59 0.149
47 105 0.625
47 96 0.715
47 93 0.623
47 50 0.736
47 76 0.603
47 53 0.377
47 52 0.046
47 69 0.211
47 109 0.559
47 94 0.288
47 98 0.327
47 54 0.051
47 51 0.285
47 73 0.1
47 79 0.164
47 88 0.118
47 102 0.13
47 104 0.12
47 49 0.178
47 56 0.142
47 60 0.194
47 62 0.175
47 66 0.172
47 78 0.176
47 82 0.156
47 84 0.147
47 85 0.153
47 95 0.151
47 99 0.136
47 101 0.212
47 103 0.135
47 108 0.153
48 68 0.589
48 96 0.664
48 52 0.96
48 55 0.435
48 62 0.496
48 81 0.681
48 87 0.872
48 103 0.501
48 84 0.634
48 95 0.25
48 97 0.626
48 93 0.615
48 60 0.609
48 75 1
48 106 0.333
48 88 0.323
48 64 0.406
48 91 0.718
48 70 0.682
48 58 0.592
48 69 0.18
48 67 0.303
48 77 0.105
48 66 0.187
48 73 0.109
48 59 0.24
48 61 0.128
48 63 0.157
48 79 0.112
48 94 0.188
48 98 0.164
48 50 0.108
48 54 0.149
48 71 0.202
48 72 0.149
48 74 0.157
48 78 0.119
48 80 0.116
48 82 0.164
48 85 0.187
48 100 0.17
48 104 0.165
48 107 0.152
48 109 0.152
49 52 0.792
49 70 0.666
49 82 0.267
49 104 0.365
49 79 0.788
49 100 0.9
49 105 0.351
49 76 0.402
49 61 0.923
49 51 0.97
49 99 0.931
49 69 0.249
49 107 0.165
49 81 0.704
49 68 0.689
49 108 0.682
49 74 0.56
49 78 0.17
49 97 0.864
49 63 0.635
49 93 0.061
49 103 0.039
49 66 0.007
49 75 0.119
49 77 0.139
49 84 0.092
49 92 0.125
49 55 0.132
49 62 0.154
49 65 0.137
49 73 0.154
49 83 0.154
49 91 0.185
49 94 0.119
49 98 0.131
49 101 0.155
49 106 0.127
50 66 0.83
50 82 0.932
50 88 0.839
50 90 1
50 98 0.589
50 58 0.064
50 106 0.645
50 75 0.713
50 81 0.634
50 83 0.232
50 103 0.53
50 100 0.526
50 63 0.5
50 68 0.508
50 85 0.377
50 97 0.579
50 107 0.303
50 71 0.162
50 91 0.246
50 109 0.008
50 94 0.235
50 59 0.034
50 61 0.369
50 101 0.092
50 70 0.086
50 104 0.139
50 52 0.132
50 62 0.171
50 67 0.187
50 73 0.142
50 93 0.179
50 105 0.101
50 53 0.103
50 55 0.131
50 60 0.215
50 69 0.112
50 76 0.191
50 77 0.114
50 78 0.142
50 86 0.214
50 96 0.087
50 99 0.132
50 108 0.147
51 53 1
51 78 0.609
51 101 0.922
51 84 0.185
51 94 0.546
51 90 1
51 92 0.913
51 65 0.771
51 63 0.75
51 82 0.637
51 86 0.545
51 105 0.507
51 85 0.819
51 67 0.635
51 88 0.601
51 70 0.634
51 96 0.28
51 108 0.739
51 55 0.078
51 54 0.163
51 73 0.095
51 89 0.159
51 104 0.111
51 52 0.162
51 68 0.15
51 83 0.156
51 87 0.27
51 57 0.23
51 59 0.167
51 60 0.138
51 66 0.168
51 76 0.093
51 81 0.14
51 95 0.144
51 99 0.15
51 100 0.142
51 102 0.199
51 109 0.147
52 72 0.88
52 83 0.963
52 98 0.348
52 101 0.676
52 62 0.961
52 89 0.614
52 79 0.645
52 67 0.528
52 95 0.382
52 86 0.734
52 104 0.566
52 53 0.671
52 73 0.621
52 78 0.775
52 66 0.766
52 93 0.693
52 94 0.505
52 84 0.149
52 87 0.027
52 54 0.211
52 59 0.154
52 61 0.141
52 65 0.106
52 70 0.179
52 74 0.198
52 77 0.153
52 81 0.215
52 99 0.137
52 56 0.159
52 57 0.132
52 58 0.165
52 60 0.17
52 68 0.152
52 69 0.167
52 88 0.136
52 92 0.149
52 103 0.131
53 60 1
53 103 0.554
53 59 0.537
53 108 0.81
53 75 0.594
53 96 0.491
53 68 0.902
53 84 0.708
53 72 0.408
53 97 0.249
53 85 0.759
53 104 0.207
53 58 0.745
53 63 0.588
53 81 0.766
53 105 0.582
53 56 0.669
53 107 0.131
53 100 0.149
53 79 0.433
53 102 0.322
53 92 0.509
53 61 0.109
53 89 0.171
53 55 0.15
53 69 0.217
53 76 0.292
53 98 0.188
53 54 0.121
53 62 0.196
53 65 0.113
53 73 0.157
53 83 0.147
53 87 0.122
53 90 0.149
53 91 0.151
53 94 0.179
53 99 0.149
53 101 0.125
53 106 0.141
53 109 0.165
54 56 0.606
54 61 0.756
54 72 0.743
54 74 1
54 95 0.805
54 75 0.531
54 97 0.531
54 55 0.626
54 79 0.545
54 60 0.527
54 80 0.97
54 58 0.735
54 59 0.838
54 87 0.61
54 91 0.451
54 105 0.73
54 100 0.596
54 109 0.574
54 64 0.53
54 73 0.607
54 57 0.538
54 92 0.762
54 102 0.137
54 66 0.215
54 71 0.199
54 83 0.073
54 85 0.172
54 94 0.162
54 63 0.128
54 65 0.156
54 70 0.135
54 76 0.146
54 78 0.145
54 81 0.139
54 88 0.105
54 93 0.158
54 103 0.078
54 106 0.194
55 59 1
55 63 0.832
55 77 0.8
55 82 0.924
55 83 1
55 87 0.805
55 99 0.663
55 108 0.955
55 76 0.366
55 98 0.816
55 73 0.849
55 58 1
55 92 0.725
55 74 0.139
55 70 0.589
55 78 0.818
55 60 0.534
55 103 0.657
55 102 0.812
55 57 0.549
55 90 0.272
55 67 0.003
55 100 0.043
55 81 0.363
55 88 0.075
55 84 0.055
55 71 0.177
55 86 0.179
55 91 0.184
55 96 0.128
55 66 0.158
55 68 0.195
55 75 0.156
55 79 0.193
55 80 0.163
55 85 0.124
55 93 0.168
55 97 0.163
55 109 0.181
56 78 0.501
56 83 0.652
56 92 0.799
56 65 0.773
56 99 0.595
56 87 1
56 64 0.865
56 106 0.618
56 60 0.913
56 63 0.715
56 98 0.754
56 61 0.669
56 93 0.071
56 80 0.553
56 94 0.23
56 76 0.375
56 104 0.576
56 95 0.307
56 74 0.108
56 59 0.157
56 62 0.298
56 88 0.276
56 96 0.283
56 57 0.145
56 58 0.177
56 66 0.208
56 100 0.133
56 67 0.132
56 71 0.166
56 73 0.087
56 84 0.154
56 89 0.125
56 91 0.176
56 101 0.167
56 105 0.121
56 107 0.148
56 108 0.173
56 109 0.185
57 94 0.967
57 105 0.987
57 90 1
57 91 0.855
57 81 0.081
57 104 0.777
57 100 0.584
57 73 0.337
57 99 0.69
57 89 1
57 93 0.121
57 71 0.503
57 83 0.226
57 74 0.736
57 60 0.049
57 76 0.447
57 87 0.386
57 67 0.155
57 70 0.058
57 63 0.186
57 72 0.155
57 78 0.147
57 88 0.138
57 108 0.214
57 58 0.128
57 66 0.217
57 68 0.105
57 79 0.132
57 86 0.135
57 98 0.191
57 106 0.208
57 109 0.09
58 69 0.897
58 74 0.701
58 59 0.139
58 104 0.643
58 78 0.621
58 89 1
58 107 0.529
58 66 0.98
58 96 0.779
58 109 0.533
58 82 0.588
58 67 0.799
58 60 0.485
58 100 0.011
58 97 0.348
58 87 0.19
58 90 0.088
58 61 0.253
58 99 0.116
58 105 0.245
58 106 0.149
58 91 0.11
58 65 0.174
58 72 0.143
58 75 0.116
58 76 0.077
58 77 0.199
58 79 0.182
58 84 0.173
58 93 0.164
58 98 0.214
58 101 0.127
59 61 0.74
59 85 0.679
59 102 0.854
59 63 0.623
59 84 0.527
59 88 0.27
59 98 0.875
59 105 0.915
59 95 0.617
59 100 0.786
59 92 0.389
59 83 0.072
59 80 0.827
59 99 0.52
59 104 0.623
59 64 0.105
59 109 0.173
59 82 0.707
59 74 0.11
59 89 0.107
59 69 0.143
59 86 0.19
59 87 0.144
59 94 0.178
59 62 0.139
59 65 0.131
59 66 0.126
59 67 0.112
59 73 0.122
59 77 0.109
59 79 0.137
59 90 0.174
59 93 0.129
59 107 0.16
59 108 0.123
60 71 0.584
60 73 0.441
60 81 0.703
60 93 0.603
60 80 0.862
60 107 0.671
60 62 0.875
60 106 0.717
60 103 0.982
60 77 0.49
60 91 0.605
60 66 0.297
60 69 0.539
60 85 0.606
60 78 0.513
60 72 0.631
60 75 0.951
60 64 0.424
60 94 0.669
60 82 0.24
60 101 0.328
60 87 0.197
60 68 0.222
60 96 0.144
60 108 0.08
60 61 0.17
60 65 0.208
60 70 0.024
60 74 0.205
60 79 0.039
60 83 0.224
60 89 0.197
60 95 0.193
60 100 0.184
60 102 0.174
60 104 0.269
60 109 0.168
60 84 0.121
60 88 0.149
60 97 0.105
60 98 0.182
61 82 1
61 74 0.175
61 80 0.61
61 84 0.681
61 79 0.394
61 88 0.736
61 92 0.876
61 95 1
61 85 0.661
61 63 0.124
61 71 0.39
61 86 0.689
61 103 0.052
61 77 0.111
61 89 0.093
61 102 0.093
61 64 0.149
61 78 0.204
61 98 0.131
61 100 0.073
61 108 0.13
61 62 0.164
61 67 0.184
61 70 0.096
61 72 0.181
61 75 0.06
61 76 0.131
61 87 0.104
61 90 0.16
61 93 0.196
61 104 0.172
61 106 0.095
62 100 0.708
62 84 0.76
62 76 0.957
62 75 0.929
62 64 0.886
62 92 0.588
62 65 0.602
62 74 0.747
62 66 0.981
62 97 0.667
62 101 0.563
62 68 0.494
62 85 0.009
62 105 0.5
62 80 0.185
62 88 0.446
62 79 0.227
62 72 0.156
62 82 0.109
62 86 0.345
62 90 0.158
62 98 0.15
62 104 0.203
62 107 0.165
62 108 0.188
62 67 0.143
62 69 0.175
62 77 0.148
62 78 0.157
62 83 0.187
62 87 0.177
62 89 0.092
62 93 0.115
62 95 0.052
62 96 0.156
62 99 0.109
62 106 0.205
63 69 0.106
63 72 0.827
63 85 0.225
63 92 0.192
63 108 1
63 78 0.688
63 96 0.651
63 101 0.469
63 77 0.26
63 91 0.046
63 104 0.302
63 97 0.586
63 76 0.154
63 87 0.339
63 66 0.29
63 84 0.665
63 82 0.058
63 80 0.638
63 88 0.481
63 73 0.138
63 71 0.004
63 81 0.133
63 83 0.107
63 90 0.182
63 93 0.128
63 103 0.313
63 64 0.108
63 67 0.161
63 70 0.133
63 74 0.152
63 75 0.126
63 95 0.14
63 106 0.105
64 74 0.664
64 76 0.561
64 90 0.474
64 94 1
64 99 0.754
64 109 0.69
64 75 0.456
64 102 0.608
64 103 0.85
64 87 0.381
64 96 0.837
64 83 0.593
64 78 1
64 86 0.264
64 69 0.765
64 108 0.797
64 100 0.76
64 73 0.079
64 70 0.23
64 72 0.681
64 88 0.25
64 101 0.249
64 93 0.125
64 68 0.111
64 71 0.085
64 92 0.113
64 107 0.184
64 65 0.139
64 67 0.107
64 77 0.157
64 84 0.159
64 85 0.093
64 89 0.111
64 97 0.172
64 104 0.161
64 106 0.143
65 66 1
65 75 0.79
65 88 0.859
65 85 0.524
65 106 0.648
65 107 0.899
65 104 0.829
65 87 0.988
65 69 0.559
65 83 0.226
65 102 1
65 82 0.797
65 109 0.161
65 97 1
65 81 0.586
65 90 0.605
65 91 0.923
65 76 0.51
65 100 0.824
65 105 0.348
65 92 0.414
65 80 0.037
65 86 0.148
65 68 0.174
65 73 0.196
65 78 0.225
65 99 0.109
65 74 0.154
65 77 0.189
65 108 0.164
66 86 0.685
66 83 0.664
66 68 0.82
66 72 0.664
66 80 0.605
66 88 0.203
66 91 0.707
66 107 0.549
66 78 0.656
66 75 0.514
66 85 0.586
66 82 0.418
66 89 0.266
66 67 0.331
66 84 0.012
66 70 0.156
66 74 0.175
66 76 0.187
66 92 0.173
66 93 0.169
66 94 0.164
66 101 0.135
66 105 0.38
66 69 0.088
66 73 0.147
66 79 0.179
66 96 0.137
66 97 0.162
66 99 0.151
66 102 0.11
66 104 0.181
66 108 0.118
66 109 0.181
67 72 0.964
67 75 0.67
67 86 0.909
67 73 0.52
67 97 0.3
67 100 0.606
67 80 0.755
67 87 0.542
67 103 0.751
67 106 0.968
67 84 1
67 89 0.854
67 85 0.723
67 76 0.516
67 107 0.625
67 78 0.716
67 101 0.236
67 98 0.329
67 90 0.155
67 74 0.156
67 79 0.045
67 77 0.124
67 82 0.147
67 104 0.165
67 68 0.134
67 69 0.206
67 91 0.158
67 92 0.098
67 94 0.139
67 95 0.129
67 96 0.119
67 105 0.125
68 80 0.669
68 71 0.769
68 78 0.729
68 94 0.915
68 105 0.166
68 89 0.519
68 85 0.869
68 76 0.319
68 90 0.412
68 83 0.507
68 107 0.35
68 72 0.513
68 69 0.356
68 108 0.426
68 77 0.145
68 75 0.048
68 81 0.174
68 96 0.111
68 98 0.21
68 101 0.112
68 74 0.156
68 79 0.147
68 84 0.142
68 87 0.157
68 88 0.115
68 95 0.161
68 102 0.102
68 104 0.146
68 106 0.106
68 109 0.156
69 86 0.929
69 87 1
69 91 0.844
69 96 0.681
69 88 0.478
69 81 0.895
69 106 0.654
69 107 0.089
69 83 0.705
69 95 0.19
69 102 0.152
69 109 0.462
69 79 0.563
69 73 0.586
69 72 0.781
69 89 0.947
69 94 0.571
69 84 0.516
69 104 0.063
69 74 0.125
69 103 0.576
69 97 0.157
69 100 0.109
69 108 0.121
69 75 0.174
69 92 0.118
69 93 0.142
69 98 0.158
70 96 0.934
70 86 0.459
70 72 0.639
70 77 0.525
70 87 0.549
70 99 0.335
70 107 0.535
70 84 0.228
70 95 0.627
70 91 0.67
70 109 0.668
70 97 0.707
70 78 0.902
70 102 0.381
70 93 0.535
70 85 0.599
70 101 0.295
70 76 0.007
70 98 0.138
70 71 0.153
70 73 0.16
70 88 0.15
70 90 0.091
70 100 0.12
71 74 0.881
71 76 0.957
71 87 0.598
71 103 0.309
71 91 0.53
71 99 0.83
71 107 0.631
71 94 0.604
71 106 1
71 86 0.674
71 96 0.118
71 85 0.316
71 72 0.221
71 102 0.677
71 77 0.166
71 100 0.216
71 97 0.273
71 109 0.11
71 73 0.16
71 78 0.159
71 82 0.15
71 108 0.174
71 80 0.137
71 81 0.168
71 83 0.189
71 92 0.136
71 98 0.107
72 81 0.93
72 82 1
72 101 1
72 103 0.591
72 96 0.77
72 75 0.589
72 100 0.549
72 86 0.025
72 85 1
72 109 0.154
72 77 0.318
72 91 0.368
72 74 0.845
72 87 0.512
72 90 0.653
72 107 0.599
72 93 0.231
72 76 0.142
72 78 0.146
72 88 0.184
72 89 0.216
72 92 0.176
72 97 0.198
72 106 0.129
72 83 0.155
72 95 0.128
72 108 0.229
73 83 0.601
73 99 0.584
73 86 0.567
73 87 0.824
73 100 0.641
73 74 0.653
73 102 1
73 93 0.91
73 106 0.62
73 89 0.7
73 103 0.161
73 77 0.174
73 81 0.143
73 88 0.185
73 91 0.131
73 101 0.129
73 78 0.124
73 80 0.198
73 82 0.145
73 84 0.185
73 92 0.093
73 97 0.213
73 98 0.183
73 104 0.099
73 109 0.164
74 89 1
74 98 1
74 76 0.529
74 81 0.626
74 107 0.617
74 101 0.605
74 95 0.782
74 86 0.504
74 109 0.553
74 85 0.358
74 78 0.519
74 82 0.224
74 84 0.28
74 90 0.089
74 103 0.131
74 77 0.173
74 79 0.133
74 87 0.131
74 91 0.164
74 96 0.15
74 102 0.184
74 108 0.172
75 84 0.927
75 106 0.86
75 79 0.71
75 91 0.801
75 94 0.28
75 92 0.118
75 83 0.434
75 81 0.72
75 98 0.431
75 82 0.569
75 78 0.641
75 109 0.313
75 86 0.155
75 89 0.122
75 100 0.163
75 102 0.137
75 76 0.157
75 77 0.154
75 80 0.141
75 88 0.139
75 90 0.182
75 103 0.136
75 105 0.143
76 78 0.746
76 90 0.494
76 102 0.991
76 87 0.857
76 85 0.829
76 105 1
76 99 0.644
76 77 0.094
76 81 0.324
76 91 0.163
76 97 0.101
76 103 0.157
76 107 0.12
76 96 0.189
76 79 0.141
76 82 0.102
76 93 0.207
76 95 0.208
76 98 0.201
76 100 0.09
76 101 0.13
76 108 0.177
76 109 0.151
77 86 0.802
77 108 0.712
77 92 0.816
77 109 0.752
77 89 1
77 97 0.514
77 84 0.628
77 90 0.56
77 78 0.562
77 103 1
77 85 0.107
77 88 0.12
77 82 0.108
77 91 0.274
77 93 0.124
77 79 0.162
77 80 0.102
77 81 0.185
77 94 0.138
77 95 0.168
77 107 0.148
78 90 0.922
78 96 0.501
78 108 0.967
78 103 0.835
78 92 1
78 81 0.366
78 91 0.996
78 98 0.53
78 102 0.56
78 109 0.046
78 83 0.071
78 100 0.117
78 87 0.216
78 80 0.165
78 104 0.078
78 105 0.151
78 79 0.182
78 86 0.137
78 99 0.176
79 102 0.535
79 100 0.914
79 97 0.686
79 92 0.996
79 108 0.5
79 89 0.488
79 90 0.501
79 96 0.965
79 105 0.599
79 88 0.024
79 98 0.095
79 80 0.24
79 91 0.244
79 94 0.114
79 81 0.166
79 85 0.129
79 87 0.155
79 93 0.144
79 95 0.147
79 103 0.084
79 106 0.153
79 107 0.161
80 91 0.398
80 102 0.92
80 107 0.139
80 96 0.691
80 109 1
80 98 0.412
80 90 0.512
80 82 0.401
80 88 0.276
80 87 0.127
80 93 0.036
80 103 0.165
80 81 0.154
80 97 0.142
80 100 0.142
81 88 0.591
81 90 0.418
81 107 0.685
81 86 0.816
81 94 0.964
81 105 0.65
81 87 0.155
81 104 0.281
81 82 0.527
81 92 0.226
81 99 0.182
81 89 0.142
81 100 0.149
82 108 1.0
82 99 0.734
82 83 0.742
82 85 0.571
82 102 0.795
82 101 1
82 105 0.369
82 97 0.321
82 92 0.145
82 100 0.189
82 95 0.166
82 106 0.043
82 88 0.16
82 89 0.086
82 90 0.133
82 91 0.173
82 96 0.108
83 88 0.774
83 91 0.926
83 85 0.152
83 87 0.558
83 108 0.489
83 98 0.687
83 94 0.867
83 97 0.668
83 103 0.57
83 93 0.811
83 101 0.938
83 106 0.469
83 90 0.292
83 89 0.062
83 102 0.329
83 86 0.359
83 96 0.134
83 99 0.127
84 101 0.841
84 89 0.839
84 85 0.368
84 99 0.903
84 92 0.914
84 105 0.582
84 104 0.591
84 108 0.711
84 86 0.823
84 87 0.176
84 95 0.511
84 94 0.516
84 100 0.148
84 88 0.058
84 91 0.15
84 93 0.167
84 97 0.141
84 98 0.192
84 102 0.145
84 109 0.167
85 95 0.704
85 97 0.5
85 99 0.571
85 106 0.684
85 109 0.56
85 98 0.631
85 90 0.886
85 108 0.457
85 100 0.023
85 101 0.357
85 102 0.157
85 93 0.209
85 86 0.17
85 88 0.136
85 103 0.162
85 105 0.132
85 107 0.148
86 89 0.594
86 98 0.653
86 103 0.213
86 109 0.764
86 90 0.649
86 92 0.025
86 94 0.157
86 87 0.154
86 88 0.26
86 95 0.098
86 96 0.146
86 99 0.19
86 102 0.132
86 105 0.177
86 108 0.15
87 108 0.838
87 107 1
87 92 0.428
87 88 0.579
87 95 0.643
87 105 0.008
87 98 0.308
87 99 0.21
87 100 0.185
87 96 0.043
87 90 0.141
87 102 0.164
87 104 0.146
88 104 0.673
88 90 0.401
88 89 0.715
88 97 0.806
88 93 0.224
88 101 0.059
88 107 0.155
88 95 0.151
88 98 0.143
88 100 0.172
88 96 0.145
88 99 0.173
88 105 0.234
88 109 0.148
89 104 0.841
89 103 0.11
89 91 0.125
89 102 0.633
89 101 0.211
89 90 0.129
89 96 0.122
89 97 0.238
89 108 0.184
89 93 0.183
89 98 0.134
89 99 0.17
89 107 0.176
90 102 0.82
90 103 0.963
90 94 0.651
90 98 1
90 104 0.377
90 105 0.636
90 91 0.514
90 93 0.171
90 108 0.156
90 92 0.157
90 97 0.159
90 100 0.139
90 107 0.125
91 98 0.214
91 95 0.668
91 97 0.655
91 102 0.28
91 93 0.908
91 106 0.01
91 94 0.132
91 100 0.086
91 105 0.177
92 103 0.84
92 107 0.847
92 100 0.91
92 106 0.579
92 104 0.456
92 102 0.001
92 94 0.137
92 109 0.132
92 93 0.156
92 95 0.173
92 97 0.164
92 99 0.165
92 101 0.159
93 96 0.806
93 101 1
93 98 0.512
93 99 1
93 103 0.419
93 107 0.223
93 104 0.152
93 109 0.131
94 97 0.802
94 102 0.315
94 106 0.17
94 95 0.775
94 101 0.641
94 105 0.31
94 96 0.156
94 109 0.003
94 108 0.325
94 98 0.148
94 103 0.144
94 104 0.184
95 97 0.855
95 109 0.997
95 98 1
95 101 0.967
95 108 0.315
95 103 0.141
95 99 0.137
95 100 0.186
95 102 0.107
96 101 0.618
96 106 0.643
96 108 0.876
96 107 0.807
96 105 0.588
96 100 0.915
96 97 0.8
96 98 0.177
96 103 0.122
97 101 0.773
97 107 0.831
97 108 0.393
97 103 0.472
97 105 0.145
97 99 0.163
97 100 0.142
98 105 0.942
98 109 0.625
98 102 0.098
98 106 0.385
98 100 0.272
98 104 0.174
98 107 0.167
99 101 0.615
99 108 0.768
99 106 0.602
99 109 0.277
99 100 0.189
99 102 0.12
99 104 0.231
99 105 0.141
100 105 0.041
100 102 0.166
101 102 0.541
101 107 0.581
101 103 0.598
101 108 0.31
101 105 0.132
102 104 0.514
102 109 0.899
102 107 0.193
102 105 0.187
102 108 0.158
102 103 0.172
103 105 0.634
103 109 0.503
104 105 0.082
104 106 0.169
104 109 0.114
105 108 0.688
105 109 0.232
106 108 0.825
106 107 0.122
107 108 0.952
108 109 0.103
