0 12 0.944
0 13 0.85
0 41 0.886
0 51 1
0 77 0.915
0 79 0.813
0 95 0.44
0 50 0.93
0 63 0.98
0 9 0.59
0 69 0.822
0 49 0.656
0 47 1
0 98 0.861
0 75 0.628
0 46 0.976
0 91 1
0 40 0.643
0 80 0.684
0 42 0.879
0 54 0.166
0 89 0.146
0 6 0.113
0 22 0.256
0 26 0.175
0 31 0.195
0 43 0.12
0 53 0.139
0 56 0.129
0 73 0.145
0 78 0.158
0 81 0.181
0 84 0.133
0 90 0.123
0 1 0.142
0 20 0.105
0 66 0.183
0 87 0.142
0 92 0.105
0 93 0.148
0 103 0.119
0 104 0.151
0 2 0.151
0 8 0.185
0 17 0.12
0 18 0.094
0 24 0.114
0 28 0.17
0 30 0.164
0 35 0.152
0 36 0.167
0 44 0.172
0 48 0.134
0 52 0.192
0 58 0.109
0 62 0.188
0 64 0.122
0 71 0.108
0 74 0.121
0 83 0.158
0 85 0.102
0 86 0.112
0 102 0.188
0 107 0.136
0 109 0.209
1 12 0.568
1 15 0.919
1 27 1
1 34 0.837
1 49 0.873
1 84 0.639
1 3 0.584
1 98 0.957
1 63 0.755
1 73 1
1 90 0.735
1 100 0.632
1 103 0.959
1 94 0.877
1 14 0.752
1 30 0.492
1 74 0.597
1 102 0.704
1 101 1
1 78 0.66
1 68 0.16
1 32 0.094
1 75 0.132
1 109 0.214
1 50 0.315
1 16 0.2
1 11 0.159
1 19 0.188
1 26 0.127
1 36 0.144
1 39 0.14
1 59 0.188
1 85 0.108
1 37 0.33
1 40 0.146
1 44 0.111
1 55 0.189
1 56 0.003
1 80 0.145
1 17 0.176
1 45 0.06
1 58 0.165
1 64 0.098
1 69 0.035
1 82 0.179
1 4 0.162
1 5 0.168
1 13 0.156
1 18 0.109
1 21 0.159
1 23 0.132
1 24 0.166
1 33 0.118
1 41 0.21
1 42 0.155
1 53 0.177
1 71 0.187
1 72 0.125
1 77 0.153
1 87 0.145
1 95 0.126
1 99 0.19
2 98 0.821
2 58 0.711
2 63 1
2 100 0.975
2 51 0.709
2 39 1
2 54 0.51
2 86 0.532
2 62 0.794
2 102 0.956
2 20 0.854
2 42 0.756
2 66 0.398
2 104 0.214
2 52 0.239
2 72 0.106
2 32 0.342
2 109 0.383
2 13 0.199
2 23 0.138
2 25 0.248
2 96 0.099
2 101 0.27
2 6 0.223
2 8 0.245
2 14 0.128
2 37 0.14
2 43 0.293
2 45 0.075
2 48 0.166
2 68 0.189
2 106 0.052
2 15 0.181
2 21 0.148
2 29 0.175
2 33 0.124
2 36 0.132
2 53 0.196
2 82 0.289
2 103 0.144
2 107 0.219
2 3 0.194
2 5 0.198
2 7 0.174
2 10 0.171
2 12 0.16
2 17 0.131
2 18 0.155
2 19 0.215
2 26 0.129
2 28 0.168
2 40 0.167
2 41 0.14
2 44 0.136
2 49 0.172
2 55 0.145
2 61 0.134
2 67 0.175
2 77 0.131
2 83 0.157
2 84 0.094
2 88 0.159
2 90 0.192
2 92 0.134
2 105 0.163
2 108 0.139
3 25 0.835
3 28 1
3 68 1
3 54 0.454
3 11 1
3 27 1
3 81 0.909
3 85 0.52
3 61 0.569
3 39 0.864
3 89 0.559
3 17 0.652
3 45 1
3 62 0.492
3 8 0.637
3 10 0.273
3 101 0.14
3 66 0.507
3 9 0.181
3 15 0.064
3 34 0.521
3 36 0.092
3 88 0.113
3 107 0.112
3 16 0.1
3 70 0.183
3 87 0.224
3 14 0.165
3 18 0.134
3 23 0.194
3 30 0.198
3 74 0.159
3 82 0.155
3 7 0.165
3 19 0.145
3 37 0.116
3 38 0.288
3 40 0.207
3 48 0.148
3 58 0.171
3 65 0.174
3 77 0.107
3 99 0.092
3 103 0.048
3 109 0.188
3 24 0.189
3 35 0.165
3 46 0.133
3 52 0.162
3 55 0.144
3 59 0.179
3 63 0.145
3 64 0.089
3 76 0.14
3 78 0.125
3 83 0.119
3 84 0.168
3 92 0.109
3 93 0.19
3 94 0.136
3 96 0.118
3 102 0.126
3 106 0.132
3 108 0.162
4 30 0.792
4 38 0.911
4 79 1.0
4 83 0.9
4 76 1
4 17 0.747
4 19 0.768
4 85 0.671
4 21 0.69
4 45 0.913
4 48 0.55
4 24 0.833
4 29 0.851
4 12 0.806
4 37 0.856
4 87 0.594
4 54 0.868
4 78 0.716
4 28 0.901
4 91 0.654
4 6 0.717
4 9 0.472
4 64 0.839
4 8 1
4 34 1
4 99 0.127
4 32 0.282
4 67 0.029
4 15 0.311
4 52 0.204
4 68 0.486
4 72 0.283
4 51 0.293
4 84 0.022
4 102 0.035
4 10 0.157
4 16 0.143
4 26 0.123
4 59 0.144
4 65 0.084
4 94 0.178
4 13 0.151
4 36 0.215
4 41 0.123
4 46 0.1
4 50 0.103
4 57 0.172
4 58 0.159
4 77 0.135
4 90 0.118
4 93 0.096
4 105 0.123
4 106 0.14
4 20 0.132
4 27 0.123
4 35 0.145
4 42 0.168
4 56 0.128
4 60 0.232
4 62 0.142
4 63 0.215
4 66 0.139
4 73 0.121
4 75 0.144
4 82 0.175
4 100 0.132
4 109 0.11
5 13 0.608
5 91 0.702
5 94 0.577
5 98 0.998
5 28 1
5 101 0.989
5 39 1
5 102 1
5 99 1
5 9 0.885
5 60 0.775
5 76 0.935
5 103 0.709
5 6 0.795
5 52 0.802
5 104 0.788
5 59 0.728
5 95 0.892
5 17 0.914
5 81 0.819
5 74 0.677
5 67 0.945
5 18 0.796
5 100 0.846
5 30 0.107
5 65 0.145
5 26 0.239
5 106 0.498
5 63 0.124
5 88 0.201
5 54 0.235
5 10 0.112
5 42 0.093
5 50 0.172
5 69 0.117
5 70 0.138
5 71 0.13
5 84 0.142
5 93 0.14
5 16 0.149
5 20 0.362
5 22 0.227
5 27 0.175
5 29 0.203
5 37 0.189
5 49 0.15
5 55 0.128
5 58 0.186
5 85 0.298
5 86 0.187
5 96 0.145
5 11 0.085
5 23 0.148
5 24 0.209
5 25 0.199
5 32 0.095
5 43 0.168
5 46 0.158
5 51 0.183
5 57 0.15
5 62 0.15
5 68 0.12
5 75 0.116
5 80 0.136
5 89 0.128
5 108 0.159
6 18 1
6 48 0.952
6 52 0.636
6 77 1
6 47 0.768
6 93 0.529
6 95 0.98
6 16 1
6 66 1
6 68 0.86
6 70 1
6 42 1
6 72 0.465
6 91 0.566
6 108 1
6 82 0.656
6 89 0.69
6 13 0.886
6 37 0.564
6 87 0.986
6 29 0.52
6 58 0.944
6 67 0.593
6 26 0.25
6 98 0.034
6 46 0.116
6 39 0.146
6 102 0.131
6 19 0.166
6 30 0.14
6 31 0.145
6 38 0.151
6 49 0.119
6 51 0.108
6 69 0.136
6 71 0.111
6 78 0.183
6 90 0.128
6 92 0.122
6 101 0.121
6 107 0.403
6 109 0.186
6 10 0.107
6 14 0.076
6 20 0.112
6 22 0.159
6 23 0.179
6 25 0.167
6 40 0.161
6 56 0.146
6 59 0.154
6 62 0.112
6 64 0.134
6 74 0.158
6 76 0.131
6 79 0.18
6 81 0.148
6 83 0.195
6 84 0.098
6 85 0.185
6 86 0.122
6 96 0.191
6 100 0.146
6 106 0.095
7 29 0.717
7 33 0.848
7 64 0.563
7 19 0.636
7 34 0.703
7 88 0.602
7 43 0.829
7 65 0.691
7 67 0.956
7 92 1
7 101 0.668
7 39 0.741
7 36 0.677
7 51 0.952
7 24 0.907
7 23 0.606
7 73 0.599
7 89 0.206
7 18 0.033
7 22 0.146
7 10 0.223
7 47 0.115
7 70 0.092
7 75 0.113
7 95 0.063
7 12 0.139
7 31 0.192
7 62 0.167
7 69 0.233
7 16 0.133
7 9 0.215
7 15 0.154
7 30 0.11
7 37 0.23
7 38 0.1
7 41 0.087
7 56 0.165
7 80 0.318
7 91 0.166
7 96 0.06
7 102 0.152
7 106 0.145
7 107 0.198
7 108 0.174
7 11 0.142
7 14 0.224
7 17 0.153
7 44 0.193
7 52 0.139
7 57 0.101
7 61 0.166
7 68 0.124
7 77 0.121
7 81 0.145
7 82 0.132
7 84 0.212
7 87 0.164
7 90 0.134
7 100 0.19
7 103 0.203
8 23 0.802
8 33 0.938
8 37 0.934
8 91 0.819
8 26 0.57
8 10 0.956
8 56 0.527
8 78 0.861
8 13 0.622
8 46 0.847
8 59 0.877
8 30 0.878
8 67 0.918
8 44 0.741
8 86 0.934
8 39 0.704
8 103 0.861
8 57 0.553
8 69 0.562
8 11 0.581
8 27 0.033
8 58 0.225
8 87 0.137
8 28 0.207
8 68 0.198
8 19 0.006
8 47 0.095
8 48 0.096
8 90 0.037
8 63 0.126
8 64 0.151
8 92 0.145
8 35 0.138
8 49 0.1
8 61 0.155
8 71 0.127
8 77 0.154
8 89 0.062
8 100 0.09
8 102 0.123
8 9 0.2
8 12 0.191
8 17 0.135
8 18 0.132
8 25 0.206
8 29 0.174
8 32 0.197
8 36 0.105
8 41 0.122
8 43 0.142
8 50 0.185
8 54 0.117
8 55 0.149
8 62 0.23
8 73 0.178
8 75 0.128
8 80 0.161
8 84 0.178
8 88 0.154
8 93 0.165
8 98 0.129
8 99 0.171
8 106 0.141
9 26 0.629
9 38 0.803
9 71 0.72
9 88 0.682
9 98 0.99
9 30 0.536
9 54 0.585
9 52 0.784
9 72 0.798
9 19 0.611
9 36 0.914
9 53 1
9 107 0.822
9 104 0.795
9 43 1
9 75 0.664
9 70 0.768
9 109 0.615
9 89 0.88
9 66 0.935
9 24 0.657
9 79 0.805
9 101 0.696
9 15 0.13
9 62 0.054
9 102 0.163
9 103 0.264
9 13 0.02
9 81 0.211
9 84 0.172
9 99 0.038
9 106 0.244
9 10 0.229
9 17 0.245
9 21 0.113
9 27 0.134
9 35 0.205
9 56 0.081
9 78 0.182
9 96 0.126
9 100 0.151
9 11 0.158
9 16 0.13
9 23 0.233
9 42 0.278
9 44 0.128
9 49 0.114
9 55 0.11
9 74 0.065
9 94 0.117
9 97 0.147
9 12 0.17
9 14 0.151
9 22 0.146
9 25 0.165
9 29 0.169
9 33 0.125
9 34 0.169
9 45 0.154
9 50 0.181
9 58 0.199
9 59 0.133
9 60 0.136
9 61 0.105
9 63 0.139
9 64 0.101
9 67 0.143
9 73 0.102
9 76 0.141
9 82 0.161
9 86 0.124
9 87 0.117
9 91 0.21
9 92 0.099
9 93 0.115
9 95 0.137
10 38 0.583
10 59 0.815
10 63 0.871
10 67 0.813
10 107 0.922
10 109 1
10 15 0.811
10 51 1
10 50 0.775
10 62 0.811
10 69 0.718
10 104 0.899
10 58 0.765
10 75 0.543
10 48 0.89
10 56 0.847
10 17 0.505
10 52 0.713
10 93 0.707
10 36 0.304
10 13 0.232
10 94 0.163
10 37 0.522
10 47 0.138
10 92 0.007
10 108 0.228
10 12 0.177
10 18 0.046
10 33 0.025
10 34 0.114
10 73 0.159
10 78 0.229
10 88 0.135
10 103 0.14
10 11 0.147
10 22 0.176
10 26 0.025
10 29 0.116
10 65 0.183
10 71 0.133
10 99 0.164
10 14 0.136
10 20 0.09
10 21 0.122
10 24 0.104
10 27 0.173
10 35 0.13
10 40 0.146
10 53 0.209
10 54 0.184
10 66 0.1
10 83 0.098
10 86 0.161
10 90 0.151
10 97 0.206
10 100 0.188
10 105 0.123
11 68 1
11 84 1
11 86 1
11 81 0.962
11 97 0.552
11 99 0.957
11 35 0.938
11 42 0.855
11 82 0.689
11 105 0.656
11 27 0.975
11 74 0.739
11 32 0.565
11 15 0.759
11 93 0.605
11 66 0.862
11 17 0.933
11 101 0.328
11 75 0.855
11 12 0.661
11 54 0.267
11 26 0.569
11 29 0.018
11 85 0.141
11 34 0.163
11 71 0.137
11 13 0.187
11 20 0.145
11 33 0.039
11 39 0.134
11 48 0.225
11 95 0.039
11 16 0.154
11 19 0.146
11 37 0.14
11 38 0.114
11 40 0.149
11 53 0.117
11 94 0.128
11 96 0.073
11 102 0.096
11 104 0.132
11 21 0.181
11 24 0.109
11 36 0.135
11 41 0.158
11 43 0.142
11 51 0.119
11 55 0.141
11 63 0.129
11 73 0.175
11 77 0.156
11 79 0.168
11 80 0.192
11 83 0.162
11 89 0.155
11 100 0.144
11 106 0.104
11 108 0.17
12 16 0.582
12 30 0.683
12 46 1
12 74 0.588
12 93 0.938
12 88 0.571
12 98 0.994
12 99 0.649
12 102 0.792
12 39 0.832
12 83 0.903
12 76 0.531
12 108 0.618
12 26 0.922
12 69 1
12 25 0.535
12 33 0.845
12 61 0.884
12 35 0.102
12 55 0.111
12 68 0.078
12 90 0.129
12 82 0.138
12 28 0.205
12 44 0.142
12 62 0.137
12 18 0.136
12 21 0.141
12 45 0.235
12 77 0.177
12 105 0.166
12 109 0.135
12 52 0.153
12 54 0.173
12 58 0.263
12 59 0.083
12 60 0.212
12 64 0.139
12 67 0.203
12 72 0.095
12 87 0.143
12 101 0.111
12 15 0.164
12 19 0.165
12 42 0.128
12 43 0.138
12 47 0.146
12 48 0.151
12 49 0.171
12 50 0.149
12 57 0.146
12 65 0.154
12 70 0.187
12 73 0.125
12 84 0.176
12 85 0.142
12 89 0.129
12 92 0.122
12 94 0.202
12 96 0.16
12 100 0.146
12 103 0.12
13 33 0.655
13 78 1
13 108 0.793
13 64 0.772
13 76 0.838
13 77 0.623
13 45 1
13 80 0.576
13 57 1
13 102 1
13 49 0.684
13 81 0.91
13 69 0.666
13 16 0.879
13 109 0.56
13 63 0.992
13 43 0.514
13 29 0.331
13 73 0.626
13 72 0.192
13 46 0.138
13 74 0.239
13 95 0.007
13 98 0.024
13 100 0.128
13 23 0.304
13 31 0.136
13 55 0.098
13 85 0.323
13 89 0.027
13 15 0.158
13 38 0.128
13 48 0.25
13 88 0.11
13 106 0.241
13 21 0.218
13 35 0.143
13 71 0.267
13 93 0.048
13 99 0.03
13 18 0.126
13 28 0.28
13 36 0.185
13 37 0.176
13 42 0.091
13 44 0.103
13 47 0.116
13 52 0.137
13 84 0.289
13 86 0.116
13 87 0.158
13 97 0.16
13 107 0.114
13 14 0.169
13 17 0.133
13 19 0.129
13 25 0.147
13 30 0.134
13 32 0.186
13 41 0.118
13 53 0.058
13 59 0.108
13 62 0.16
13 65 0.169
13 66 0.111
13 67 0.131
13 94 0.137
13 96 0.17
13 101 0.169
13 103 0.167
14 32 0.946
14 35 0.912
14 89 0.953
14 91 0.995
14 102 0.758
14 15 1
14 51 0.75
14 21 0.883
14 63 0.728
14 69 0.644
14 86 0.927
14 47 0.534
14 66 0.61
14 31 0.923
14 100 0.432
14 17 0.272
14 41 0.312
14 59 0.25
14 80 0.056
14 109 0.168
14 20 0.151
14 29 0.201
14 30 0.154
14 52 0.077
14 58 0.208
14 68 0.108
14 22 0.058
14 28 0.151
14 37 0.142
14 39 0.011
14 46 0.238
14 54 0.078
14 56 0.002
14 64 0.146
14 87 0.133
14 90 0.209
14 92 0.154
14 94 0.23
14 95 0.153
14 105 0.212
14 107 0.128
14 24 0.178
14 27 0.138
14 36 0.117
14 40 0.134
14 42 0.066
14 43 0.169
14 48 0.171
14 53 0.135
14 60 0.101
14 72 0.147
14 75 0.209
14 77 0.127
14 79 0.135
14 83 0.169
14 84 0.136
14 85 0.155
14 97 0.183
15 37 0.776
15 82 0.743
15 85 0.914
15 93 0.849
15 18 1
15 106 0.663
15 23 0.696
15 103 0.446
15 88 0.99
15 80 0.903
15 94 0.864
15 69 0.779
15 57 0.929
15 34 0.935
15 83 0.747
15 99 0.89
15 92 0.759
15 68 0.804
15 60 0.574
15 47 0.266
15 42 0.233
15 55 0.128
15 71 0.281
15 84 0.253
15 61 0.158
15 74 0.132
15 79 0.302
15 87 0.175
15 20 0.168
15 32 0.1
15 36 0.229
15 39 0.114
15 40 0.121
15 49 0.158
15 66 0.238
15 70 0.112
15 73 0.243
15 78 0.003
15 89 0.142
15 98 0.023
15 105 0.132
15 107 0.164
15 27 0.177
15 28 0.138
15 30 0.139
15 31 0.211
15 33 0.117
15 38 0.123
15 43 0.168
15 51 0.158
15 53 0.105
15 56 0.157
15 58 0.166
15 64 0.165
15 65 0.156
15 67 0.178
15 91 0.172
15 95 0.159
15 104 0.127
16 75 0.52
16 81 0.886
16 101 1
16 49 0.607
16 57 0.815
16 85 0.718
16 45 0.629
16 55 0.934
16 41 0.866
16 48 1
16 73 0.634
16 42 0.773
16 46 1
16 84 0.621
16 70 0.889
16 100 0.677
16 53 0.668
16 60 0.901
16 80 0.858
16 67 0.701
16 74 0.744
16 97 0.627
16 107 0.584
16 102 0.65
16 38 0.257
16 50 0.32
16 82 0.16
16 88 0.132
16 105 0.263
16 90 0.151
16 93 0.125
16 58 0.153
16 64 0.224
16 68 0.076
16 77 0.078
16 103 0.277
16 19 0.155
16 24 0.149
16 30 0.209
16 52 0.1
16 69 0.153
16 83 0.133
16 99 0.154
16 18 0.183
16 21 0.187
16 27 0.153
16 31 0.108
16 37 0.15
16 39 0.153
16 43 0.128
16 71 0.13
16 72 0.142
16 79 0.205
16 87 0.135
16 104 0.13
16 109 0.124
17 38 0.971
17 40 0.662
17 50 0.874
17 37 1
17 51 0.932
17 54 0.779
17 99 0.667
17 44 0.819
17 33 0.698
17 86 0.716
17 23 0.824
17 106 0.808
17 91 0.702
17 103 0.681
17 60 0.51
17 83 0.262
17 108 0.226
17 55 0.339
17 65 0.372
17 75 0.163
17 36 0.259
17 62 0.309
17 102 0.029
17 22 0.202
17 27 0.236
17 34 0.123
17 80 0.123
17 39 0.118
17 59 0.202
17 66 0.145
17 77 0.224
17 85 0.182
17 88 0.173
17 93 0.276
17 26 0.192
17 30 0.136
17 53 0.183
17 72 0.165
17 73 0.169
17 76 0.117
17 78 0.329
17 81 0.075
17 84 0.147
17 90 0.147
17 104 0.162
17 107 0.159
17 18 0.143
17 24 0.131
17 29 0.124
17 32 0.106
17 42 0.188
17 43 0.068
17 47 0.153
17 48 0.149
17 61 0.141
17 71 0.113
17 79 0.136
17 82 0.197
17 92 0.167
17 96 0.145
17 97 0.204
17 98 0.142
17 105 0.187
17 109 0.196
18 31 1
18 34 0.899
18 59 0.48
18 92 0.742
18 104 0.976
18 70 1
18 21 0.774
18 40 1
18 36 0.737
18 45 1
18 19 0.558
18 51 1
18 107 0.805
18 69 0.93
18 95 0.816
18 62 0.819
18 47 0.578
18 25 0.795
18 20 0.153
18 32 0.257
18 53 0.186
18 57 0.252
18 50 0.362
18 88 0.187
18 28 0.189
18 48 0.23
18 87 0.045
18 109 0.056
18 24 0.132
18 74 0.211
18 93 0.062
18 103 0.166
18 27 0.166
18 29 0.271
18 37 0.084
18 38 0.299
18 42 0.125
18 43 0.144
18 54 0.135
18 55 0.184
18 63 0.183
18 68 0.17
18 78 0.147
18 79 0.167
18 80 0.192
18 86 0.14
18 91 0.253
18 108 0.068
18 22 0.075
18 33 0.169
18 35 0.171
18 41 0.178
18 49 0.134
18 52 0.148
18 61 0.13
18 65 0.139
18 67 0.097
18 75 0.14
18 82 0.086
18 83 0.18
18 84 0.147
18 90 0.17
18 101 0.147
19 53 1
19 86 0.814
19 77 0.899
19 79 0.971
19 103 0.606
19 105 0.814
19 42 0.955
19 40 0.789
19 57 0.577
19 32 0.59
19 66 0.588
19 34 0.947
19 68 0.574
19 87 0.193
19 95 0.134
19 104 0.115
19 20 0.057
19 49 0.139
19 85 0.088
19 90 0.111
19 94 0.235
19 24 0.17
19 25 0.166
19 27 0.208
19 31 0.24
19 33 0.162
19 35 0.119
19 43 0.21
19 46 0.284
19 69 0.163
19 78 0.167
19 98 0.202
19 99 0.181
19 106 0.091
19 109 0.177
19 23 0.127
19 29 0.126
19 38 0.126
19 44 0.154
19 48 0.132
19 51 0.09
19 58 0.161
19 60 0.165
19 65 0.15
19 67 0.167
19 70 0.183
19 72 0.111
19 76 0.19
19 80 0.168
19 83 0.156
19 84 0.104
19 89 0.163
19 93 0.175
19 100 0.168
19 101 0.127
19 102 0.149
19 107 0.188
19 108 0.119
20 36 0.969
20 60 0.999
20 79 0.732
20 89 0.706
20 71 0.691
20 29 1
20 48 0.712
20 96 0.223
20 78 1
20 93 0.535
20 55 1
20 98 0.872
20 56 0.763
20 84 0.66
20 76 1
20 102 0.854
20 45 0.508
20 37 0.806
20 106 0.798
20 59 0.21
20 44 0.438
20 63 0.347
20 100 0.202
20 82 0.398
20 85 0.253
20 70 0.142
20 22 0.135
20 24 0.069
20 73 0.243
20 99 0.176
20 88 0.028
20 35 0.275
20 51 0.143
20 53 0.101
20 62 0.285
20 64 0.177
20 66 0.12
20 68 0.148
20 87 0.34
20 91 0.183
20 92 0.21
20 94 0.158
20 105 0.09
20 21 0.172
20 23 0.165
20 32 0.166
20 33 0.161
20 39 0.132
20 46 0.174
20 47 0.184
20 49 0.123
20 58 0.181
20 65 0.144
20 67 0.148
20 69 0.19
20 97 0.181
20 103 0.185
20 109 0.147
21 26 0.598
21 29 0.746
21 49 1
21 78 0.939
21 94 0.556
21 84 0.571
21 24 0.845
21 107 0.314
21 95 1
21 97 0.771
21 73 0.601
21 102 1
21 40 0.741
21 101 1
21 106 0.713
21 39 0.639
21 54 0.795
21 105 0.956
21 92 0.714
21 58 0.439
21 108 0.129
21 31 0.407
21 35 0.157
21 47 0.274
21 103 0.173
21 55 0.16
21 61 0.089
21 81 0.137
21 45 0.159
21 46 0.156
21 63 0.189
21 68 0.278
21 27 0.138
21 28 0.14
21 37 0.177
21 38 0.177
21 41 0.146
21 52 0.047
21 59 0.174
21 88 0.186
21 90 0.075
21 91 0.128
21 22 0.131
21 33 0.128
21 34 0.173
21 43 0.115
21 44 0.126
21 60 0.148
21 66 0.088
21 67 0.116
21 74 0.192
21 75 0.166
21 80 0.197
21 89 0.167
22 27 0.895
22 107 0.712
22 81 0.581
22 57 0.862
22 106 0.54
22 92 1
22 41 0.996
22 104 0.863
22 54 0.623
22 85 0.891
22 24 0.655
22 43 0.067
22 28 0.429
22 83 0.161
22 87 0.011
22 49 0.077
22 61 0.01
22 90 0.127
22 44 0.145
22 66 0.037
22 31 0.191
22 34 0.151
22 38 0.167
22 74 0.14
22 76 0.142
22 84 0.102
22 89 0.118
22 96 0.193
22 35 0.114
22 39 0.193
22 42 0.178
22 60 0.153
22 75 0.216
22 91 0.156
22 109 0.094
22 23 0.164
22 30 0.145
22 32 0.13
22 36 0.093
22 46 0.129
22 64 0.187
22 69 0.164
22 70 0.177
22 72 0.135
22 82 0.212
22 99 0.137
22 101 0.134
22 102 0.187
22 103 0.144
22 105 0.146
23 32 0.618
23 55 0.461
23 73 1
23 45 0.705
23 50 0.566
23 87 0.78
23 58 0.67
23 53 1
23 64 0.815
23 89 0.746
23 25 0.586
23 56 0.896
23 75 0.991
23 99 0.953
23 102 0.827
23 28 0.069
23 62 0.316
23 94 0.164
23 31 0.183
23 61 0.152
23 44 0.091
23 68 0.076
23 70 0.097
23 93 0.148
23 65 0.12
23 66 0.275
23 83 0.056
23 86 0.221
23 104 0.088
23 49 0.128
23 59 0.138
23 69 0.124
23 72 0.054
23 77 0.2
23 80 0.147
23 92 0.15
23 100 0.246
23 105 0.249
23 107 0.116
23 29 0.122
23 34 0.148
23 35 0.174
23 36 0.188
23 37 0.193
23 41 0.125
23 51 0.082
23 54 0.17
23 60 0.136
23 63 0.169
23 71 0.108
23 79 0.125
23 85 0.16
23 90 0.116
23 97 0.175
23 101 0.16
23 103 0.123
23 106 0.128
24 58 0.979
24 65 0.811
24 71 1
24 87 1
24 97 0.604
24 63 0.75
24 82 0.975
24 109 0.833
24 35 0.607
24 54 0.755
24 64 0.908
24 25 0.736
24 40 1
24 55 0.718
24 108 0.675
24 99 0.853
24 36 0.857
24 73 0.525
24 30 0.742
24 102 0.733
24 59 0.859
24 62 1
24 56 1
24 77 0.766
24 100 0.234
24 67 0.201
24 48 0.071
24 66 0.277
24 79 0.347
24 92 0.038
24 44 0.111
24 81 0.133
24 86 0.114
24 107 0.182
24 41 0.134
24 43 0.172
24 61 0.157
24 80 0.052
24 85 0.17
24 89 0.117
24 95 0.11
24 26 0.157
24 29 0.185
24 31 0.132
24 33 0.154
24 37 0.137
24 46 0.14
24 47 0.119
24 49 0.1
24 51 0.158
24 70 0.166
24 75 0.1
24 78 0.104
24 91 0.173
24 93 0.118
24 98 0.145
24 101 0.193
24 104 0.173
25 109 0.536
25 26 0.744
25 79 0.993
25 33 0.98
25 32 0.789
25 90 0.978
25 59 0.94
25 69 0.891
25 57 0.641
25 82 0.616
25 41 0.757
25 96 0.814
25 106 0.784
25 36 0.92
25 48 0.743
25 100 0.72
25 101 0.941
25 31 1
25 53 0.712
25 97 0.924
25 105 0.467
25 108 0.749
25 65 0.78
25 75 0.783
25 95 0.063
25 77 0.098
25 34 0.174
25 35 0.112
25 38 0.179
25 40 0.25
25 51 0.084
25 67 0.132
25 73 0.251
25 43 0.122
25 44 0.148
25 52 0.09
25 61 0.098
25 64 0.15
25 70 0.366
25 74 0.172
25 83 0.087
25 85 0.081
25 102 0.137
25 103 0.242
25 62 0.235
25 76 0.183
25 81 0.09
25 84 0.036
25 88 0.131
25 89 0.165
25 37 0.111
25 42 0.106
25 50 0.179
25 66 0.163
25 87 0.174
25 93 0.15
25 94 0.142
26 33 0.499
26 49 0.677
26 86 0.448
26 90 0.707
26 93 0.843
26 96 0.915
26 36 0.795
26 60 0.646
26 66 0.893
26 83 0.72
26 89 0.865
26 28 0.841
26 65 0.567
26 29 0.725
26 63 1
26 62 0.813
26 106 0.767
26 55 0.579
26 94 0.859
26 84 0.659
26 74 0.578
26 72 0.131
26 82 0.323
26 99 0.139
26 38 0.186
26 69 0.322
26 100 0.151
26 43 0.132
26 48 0.168
26 41 0.174
26 47 0.187
26 50 0.175
26 67 0.172
26 75 0.16
26 88 0.105
26 91 0.042
26 103 0.153
26 109 0.21
26 30 0.132
26 32 0.12
26 35 0.141
26 37 0.186
26 40 0.201
26 57 0.153
26 70 0.177
26 73 0.215
26 76 0.104
26 79 0.141
26 80 0.19
26 81 0.117
26 85 0.166
26 87 0.136
26 98 0.145
26 101 0.148
27 31 0.414
27 34 0.695
27 87 1
27 104 1
27 81 0.647
27 32 0.646
27 102 0.602
27 49 1
27 48 0.925
27 28 0.913
27 76 0.571
27 96 0.961
27 67 0.533
27 61 0.792
27 40 0.201
27 35 0.24
27 69 0.146
27 72 0.272
27 78 0.206
27 90 0.164
27 57 0.231
27 58 0.315
27 59 0.083
27 60 0.387
27 85 0.2
27 109 0.123
27 41 0.269
27 50 0.136
27 56 0.138
27 103 0.169
27 106 0.147
27 29 0.153
27 30 0.104
27 36 0.172
27 45 0.164
27 47 0.18
27 51 0.121
27 53 0.104
27 63 0.135
27 64 0.175
27 65 0.133
27 74 0.111
27 75 0.142
27 79 0.168
27 80 0.171
27 92 0.13
27 94 0.13
27 95 0.124
27 98 0.09
27 108 0.117
28 40 0.857
28 55 0.608
28 107 0.866
28 53 0.626
28 87 0.564
28 98 0.973
28 47 0.595
28 79 0.883
28 70 0.685
28 104 0.684
28 63 0.886
28 102 0.89
28 44 0.756
28 35 0.659
28 62 0.895
28 33 0.918
28 88 1
28 54 0.29
28 82 0.24
28 46 0.146
28 73 0.108
28 85 0.127
28 97 0.514
28 32 0.138
28 38 0.455
28 51 0.14
28 58 0.031
28 41 0.074
28 42 0.233
28 68 0.189
28 29 0.11
28 30 0.133
28 36 0.151
28 43 0.244
28 52 0.168
28 57 0.127
28 61 0.191
28 83 0.161
28 92 0.197
28 108 0.158
28 50 0.136
28 64 0.156
28 67 0.136
28 71 0.179
28 74 0.175
28 75 0.201
28 77 0.152
28 78 0.167
28 93 0.15
28 95 0.148
28 96 0.163
28 99 0.165
28 100 0.131
28 106 0.158
29 62 0.833
29 76 0.929
29 80 0.875
29 55 1
29 57 0.936
29 91 1
29 43 0.694
29 73 0.697
29 85 0.524
29 82 0.989
29 108 0.645
29 48 0.887
29 44 0.846
29 36 0.524
29 94 0.515
29 67 0.188
29 98 0.468
29 39 0.272
29 30 0.012
29 34 0.054
29 71 0.281
29 74 0.145
29 41 0.05
29 87 0.148
29 46 0.218
29 64 0.142
29 88 0.191
29 96 0.153
29 99 0.228
29 32 0.119
29 37 0.128
29 45 0.162
29 51 0.171
29 52 0.143
29 58 0.146
29 68 0.204
29 72 0.129
29 77 0.174
29 83 0.136
29 93 0.166
29 97 0.135
29 100 0.184
29 104 0.121
29 106 0.219
30 72 0.859
30 78 0.848
30 66 1
30 89 0.637
30 95 0.946
30 57 0.505
30 75 0.565
30 39 0.596
30 36 0.639
30 80 0.864
30 105 0.669
30 96 0.758
30 48 0.754
30 59 1
30 99 0.52
30 56 0.339
30 102 0.717
30 43 0.232
30 31 0.168
30 47 0.089
30 107 0.023
30 79 0.148
30 82 0.115
30 34 0.254
30 52 0.139
30 60 0.146
30 62 0.136
30 63 0.07
30 83 0.244
30 92 0.016
30 97 0.159
30 98 0.109
30 104 0.227
30 32 0.101
30 33 0.172
30 38 0.12
30 40 0.123
30 49 0.194
30 54 0.113
30 55 0.206
30 58 0.146
30 64 0.154
30 69 0.137
30 73 0.188
30 77 0.124
30 84 0.196
30 88 0.186
30 93 0.093
30 103 0.075
31 35 0.876
31 48 0.5
31 67 1
31 86 0.914
31 99 0.695
31 44 0.609
31 108 0.875
31 60 0.778
31 84 0.814
31 107 0.404
31 50 0.044
31 66 0.011
31 88 0.216
31 104 0.118
31 94 0.218
31 90 0.418
31 36 0.432
31 45 0.12
31 61 0.185
31 73 0.137
31 76 0.139
31 106 0.174
31 32 0.108
31 59 0.197
31 69 0.181
31 97 0.21
31 109 0.176
31 39 0.12
31 41 0.111
31 43 0.112
31 71 0.191
31 77 0.195
31 82 0.365
31 100 0.123
31 101 0.225
31 34 0.135
31 37 0.139
31 38 0.159
31 46 0.155
31 47 0.108
31 52 0.186
31 56 0.136
31 63 0.137
31 64 0.172
31 65 0.177
31 72 0.156
31 79 0.177
31 80 0.11
31 83 0.15
31 87 0.143
31 89 0.133
31 91 0.155
31 95 0.124
31 96 0.135
31 98 0.17
31 102 0.196
31 105 0.151
32 40 0.74
32 42 0.849
32 60 0.813
32 75 0.919
32 39 0.922
32 78 1
32 43 0.525
32 41 0.705
32 106 0.906
32 80 0.764
32 55 1
32 107 0.534
32 81 0.83
32 104 0.99
32 84 0.785
32 102 0.291
32 50 0.231
32 94 0.091
32 57 0.262
32 61 0.237
32 70 0.184
32 73 0.246
32 46 0.136
32 51 0.08
32 67 0.266
32 88 0.09
32 103 0.171
32 35 0.447
32 83 0.083
32 85 0.116
32 47 0.157
32 56 0.18
32 79 0.288
32 82 0.188
32 87 0.097
32 92 0.142
32 109 0.15
32 37 0.152
32 49 0.215
32 52 0.136
32 66 0.166
32 71 0.183
32 72 0.133
32 74 0.116
32 89 0.138
32 95 0.184
32 97 0.097
32 98 0.186
32 100 0.151
33 57 0.526
33 80 0.664
33 98 0.767
33 65 1
33 49 0.856
33 69 0.932
33 62 0.762
33 64 0.519
33 92 0.67
33 42 0.895
33 93 0.865
33 39 0.525
33 58 0.876
33 66 0.727
33 74 0.181
33 70 0.059
33 47 0.334
33 59 0.216
33 55 0.286
33 40 0.144
33 63 0.162
33 91 0.193
33 51 0.18
33 76 0.163
33 77 0.184
33 78 0.151
33 83 0.008
33 89 0.133
33 94 0.246
33 105 0.011
33 38 0.076
33 43 0.18
33 68 0.097
33 72 0.175
33 97 0.067
33 101 0.02
33 102 0.093
33 103 0.183
33 36 0.132
33 37 0.106
33 41 0.136
33 44 0.175
33 46 0.119
33 50 0.076
33 56 0.122
33 79 0.137
33 85 0.135
33 99 0.2
34 84 0.733
34 50 0.912
34 91 1
34 42 0.781
34 93 0.508
34 94 0.837
34 75 0.852
34 90 0.82
34 58 0.591
34 82 0.961
34 92 0.655
34 48 1
34 36 1
34 104 0.617
34 45 0.736
34 59 0.098
34 63 0.18
34 51 0.313
34 108 0.18
34 96 0.253
34 37 0.008
34 43 0.103
34 52 0.294
34 66 0.169
34 73 0.19
34 79 0.14
34 98 0.346
34 39 0.167
34 47 0.164
34 53 0.182
34 64 0.152
34 71 0.075
34 77 0.149
34 102 0.138
34 106 0.135
34 38 0.148
34 44 0.13
34 46 0.078
34 56 0.137
34 57 0.184
34 60 0.178
34 62 0.22
34 67 0.106
34 69 0.156
34 72 0.151
34 74 0.109
34 78 0.088
34 81 0.106
34 95 0.155
34 101 0.181
34 103 0.172
34 105 0.129
34 109 0.185
35 47 1
35 63 0.753
35 107 0.926
35 92 0.965
35 102 1
35 48 0.674
35 84 0.974
35 45 0.765
35 104 0.901
35 108 0.79
35 81 0.732
35 86 0.563
35 85 0.687
35 75 0.375
35 67 0.005
35 56 0.075
35 37 0.188
35 41 0.006
35 54 0.233
35 61 0.155
35 62 0.113
35 80 0.136
35 91 0.108
35 95 0.176
35 49 0.149
35 72 0.005
35 74 0.139
35 77 0.151
35 94 0.129
35 103 0.356
35 64 0.078
35 69 0.152
35 73 0.148
35 105 0.192
35 106 0.123
35 40 0.113
35 51 0.166
35 57 0.171
35 59 0.172
35 60 0.131
35 65 0.178
35 70 0.187
35 71 0.181
35 78 0.17
35 82 0.121
35 83 0.197
35 89 0.137
35 90 0.135
35 100 0.124
36 40 0.754
36 43 0.724
36 58 0.799
36 62 1
36 70 0.975
36 87 1
36 83 0.871
36 105 0.731
36 71 0.957
36 59 0.708
36 76 0.925
36 39 0.526
36 51 0.117
36 48 0.038
36 50 0.122
36 97 0.167
36 42 0.135
36 44 0.274
36 56 0.082
36 57 0.14
36 99 0.188
36 47 0.144
36 64 0.177
36 77 0.161
36 78 0.245
36 82 0.145
36 85 0.162
36 93 0.019
36 98 0.114
36 100 0.171
36 37 0.151
36 45 0.153
36 52 0.153
36 54 0.123
36 63 0.121
36 65 0.16
36 73 0.142
36 75 0.181
36 81 0.168
36 84 0.139
36 89 0.17
36 94 0.115
36 101 0.148
36 104 0.177
36 107 0.184
36 108 0.135
37 72 1
37 81 0.628
37 93 0.982
37 106 0.604
37 91 0.514
37 94 0.659
37 98 0.71
37 46 0.917
37 105 0.732
37 40 0.152
37 90 0.377
37 99 0.135
37 60 0.004
37 41 0.362
37 49 0.023
37 85 0.116
37 54 0.167
37 64 0.09
37 104 0.067
37 48 0.221
37 50 0.132
37 53 0.158
37 56 0.111
37 59 0.13
37 70 0.139
37 80 0.149
37 84 0.098
37 86 0.151
37 87 0.199
37 88 0.12
37 101 0.126
37 103 0.196
37 108 0.202
38 70 0.865
38 101 0.518
38 74 0.944
38 45 0.826
38 62 0.831
38 73 0.847
38 94 0.697
38 84 0.755
38 79 0.695
38 77 0.74
38 91 1
38 57 0.933
38 41 0.596
38 47 1
38 100 0.956
38 89 0.574
38 43 0.164
38 96 0.037
38 59 0.132
38 75 0.342
38 78 0.187
38 80 0.228
38 82 0.273
38 83 0.127
38 86 0.108
38 97 0.154
38 39 0.004
38 48 0.175
38 54 0.131
38 61 0.114
38 66 0.164
38 67 0.316
38 71 0.037
38 90 0.167
38 95 0.192
38 55 0.164
38 58 0.162
38 64 0.135
38 69 0.136
38 81 0.127
38 85 0.145
38 87 0.132
38 88 0.174
38 92 0.176
38 99 0.104
38 105 0.108
38 109 0.043
39 44 0.695
39 74 0.908
39 46 0.438
39 79 0.763
39 90 0.554
39 53 0.424
39 42 0.865
39 73 1
39 95 0.805
39 84 0.775
39 93 1
39 61 0.774
39 106 0.975
39 92 0.518
39 104 0.542
39 49 0.725
39 82 0.463
39 96 0.029
39 109 0.1
39 103 0.147
39 57 0.195
39 58 0.067
39 83 0.05
39 87 0.308
39 89 0.343
39 101 0.163
39 41 0.131
39 43 0.188
39 45 0.128
39 48 0.195
39 71 0.14
39 86 0.116
39 94 0.144
39 47 0.162
39 56 0.108
39 59 0.16
39 60 0.174
39 62 0.136
39 64 0.129
39 66 0.156
39 67 0.124
39 69 0.136
39 70 0.189
39 97 0.198
39 105 0.151
39 107 0.099
40 66 0.638
40 106 0.948
40 56 0.991
40 76 1
40 53 0.764
40 67 0.649
40 85 0.577
40 50 0.682
40 80 1
40 48 0.699
40 42 1
40 54 0.995
40 51 0.652
40 46 0.91
40 109 0.169
40 43 0.168
40 68 0.31
40 44 0.142
40 58 0.102
40 88 0.127
40 55 0.086
40 60 0.156
40 70 0.13
40 84 0.069
40 97 0.14
40 101 0.159
40 103 0.325
40 107 0.116
40 52 0.116
40 59 0.13
40 62 0.106
40 65 0.193
40 75 0.144
40 77 0.152
40 79 0.18
40 89 0.147
40 93 0.156
40 96 0.186
40 98 0.167
41 84 0.769
41 109 0.968
41 106 0.856
41 85 0.997
41 80 0.612
41 43 0.572
41 81 0.883
41 70 0.988
41 45 1
41 76 0.716
41 78 0.056
41 48 0.161
41 57 0.161
41 69 0.286
41 75 0.181
41 83 0.154
41 97 0.239
41 107 0.372
41 49 0.204
41 59 0.085
41 68 0.038
41 88 0.323
41 50 0.111
41 60 0.1
41 71 0.318
41 93 0.199
41 94 0.183
41 42 0.185
41 44 0.165
41 53 0.216
41 54 0.146
41 56 0.106
41 61 0.127
41 63 0.147
41 65 0.117
41 77 0.191
41 79 0.144
41 82 0.15
41 86 0.142
41 89 0.14
41 98 0.179
41 102 0.168
41 105 0.201
42 54 0.823
42 59 0.921
42 92 0.569
42 91 0.878
42 77 0.512
42 60 0.876
42 84 0.86
42 48 0.892
42 43 0.686
42 53 0.562
42 55 0.761
42 107 0.354
42 87 0.127
42 45 0.188
42 88 0.012
42 75 0.13
42 85 0.125
42 44 0.14
42 49 0.197
42 50 0.14
42 68 0.099
42 69 0.116
42 72 0.206
42 74 0.237
42 102 0.097
42 46 0.154
42 65 0.197
42 70 0.142
42 78 0.142
42 80 0.181
42 81 0.18
42 83 0.166
42 89 0.223
42 90 0.137
42 93 0.143
42 96 0.17
42 97 0.11
42 98 0.182
42 99 0.176
42 100 0.144
42 101 0.128
42 109 0.154
43 65 0.821
43 70 0.939
43 83 0.793
43 87 0.87
43 91 1
43 99 0.699
43 93 0.733
43 100 1
43 56 0.599
43 68 0.724
43 86 0.918
43 49 0.843
43 52 0.243
43 74 0.187
43 97 0.262
43 54 0.259
43 62 0.366
43 69 0.109
43 77 0.093
43 48 0.127
43 55 0.114
43 66 0.089
43 76 0.18
43 94 0.1
43 95 0.145
43 101 0.314
43 102 0.276
43 106 0.128
43 44 0.125
43 63 0.136
43 64 0.078
43 67 0.187
43 75 0.167
43 80 0.159
43 81 0.117
43 89 0.12
43 90 0.138
43 92 0.151
43 103 0.162
43 105 0.129
43 108 0.167
44 67 0.908
44 78 0.776
44 94 1
44 101 0.684
44 91 1
44 103 0.954
44 74 0.812
44 105 0.936
44 58 0.694
44 71 1
44 100 0.981
44 86 0.661
44 51 0.705
44 66 1
44 88 0.729
44 60 0.504
44 99 0.931
44 83 0.739
44 68 0.309
44 62 0.179
44 57 0.036
44 80 0.348
44 102 0.198
44 50 0.207
44 72 0.073
44 108 0.216
44 109 0.139
44 64 0.138
44 77 0.133
44 92 0.306
44 98 0.135
44 104 0.151
44 106 0.167
44 47 0.125
44 48 0.175
44 49 0.174
44 63 0.183
44 65 0.192
44 79 0.138
44 93 0.177
44 97 0.135
45 89 0.747
45 99 0.933
45 103 0.604
45 46 0.856
45 91 0.797
45 77 0.893
45 68 0.865
45 47 0.67
45 71 0.677
45 53 0.975
45 60 0.997
45 74 0.968
45 109 0.693
45 84 0.549
45 90 0.162
45 56 0.169
45 67 0.142
45 80 0.13
45 70 0.06
45 92 0.126
45 100 0.094
45 54 0.162
45 58 0.352
45 72 0.124
45 85 0.093
45 105 0.154
45 108 0.374
45 62 0.164
45 63 0.314
45 66 0.173
45 97 0.114
45 49 0.157
45 55 0.167
45 57 0.18
45 59 0.189
45 86 0.077
45 95 0.125
45 96 0.12
45 102 0.205
45 106 0.156
45 107 0.149
46 55 0.634
46 58 1
46 90 0.736
46 76 0.663
46 91 0.995
46 48 1
46 99 1
46 73 0.555
46 84 0.133
46 80 0.209
46 83 0.305
46 57 0.182
46 71 0.37
46 75 0.142
46 77 0.05
46 81 0.174
46 87 0.342
46 101 0.064
46 51 0.13
46 65 0.161
46 66 0.056
46 106 0.278
46 52 0.143
46 56 0.168
46 60 0.166
46 62 0.165
46 63 0.175
46 79 0.121
46 82 0.126
46 92 0.176
46 95 0.137
46 97 0.125
46 100 0.133
47 49 0.756
47 65 0.592
47 85 0.962
47 91 0.538
47 53 1
47 109 0.715
47 60 1
47 94 0.806
47 97 0.543
47 81 0.789
47 107 1
47 76 0.85
47 64 0.172
47 66 0.244
47 77 0.29
47 92 0.229
47 95 0.051
47 104 0.271
47 69 0.071
47 78 0.18
47 80 0.132
47 83 0.245
47 48 0.18
47 58 0.26
47 67 0.056
47 50 0.122
47 51 0.158
47 52 0.226
47 96 0.106
47 98 0.192
47 100 0.108
47 101 0.065
47 108 0.222
47 54 0.155
47 55 0.156
47 57 0.191
47 61 0.156
47 63 0.193
47 70 0.163
47 71 0.125
47 74 0.086
47 75 0.122
47 86 0.121
47 89 0.109
47 103 0.179
47 106 0.164
48 105 0.678
48 51 0.296
48 87 0.487
48 88 0.736
48 78 0.466
48 104 0.959
48 106 0.865
48 80 0.102
48 74 0.209
48 77 0.178
48 54 0.288
48 86 0.188
48 94 0.208
48 62 0.132
48 73 0.295
48 97 0.082
48 101 0.096
48 53 0.108
48 61 0.179
48 76 0.194
48 50 0.159
48 55 0.082
48 60 0.161
48 64 0.166
48 65 0.184
48 70 0.136
48 83 0.164
48 85 0.177
48 93 0.171
48 95 0.083
48 96 0.125
48 107 0.155
48 109 0.133
49 52 0.9
49 70 0.502
49 103 0.805
49 53 0.634
49 92 1
49 72 0.982
49 60 0.96
49 107 0.83
49 100 0.376
49 86 0.026
49 56 0.036
49 74 0.278
49 108 0.142
49 65 0.091
49 94 0.053
49 57 0.163
49 61 0.204
49 63 0.067
49 64 0.218
49 69 0.301
49 78 0.026
49 88 0.105
49 99 0.258
49 55 0.148
49 58 0.062
49 59 0.166
49 68 0.199
49 73 0.128
49 75 0.189
49 77 0.115
49 85 0.116
49 90 0.165
49 91 0.182
49 101 0.131
49 105 0.138
49 109 0.163
50 51 0.792
50 76 0.656
50 103 0.803
50 100 0.872
50 107 0.533
50 101 0.774
50 80 0.899
50 84 0.897
50 62 0.437
50 71 0.321
50 66 0.196
50 86 0.163
50 91 0.113
50 93 0.272
50 95 0.153
50 105 0.149
50 54 0.171
50 60 0.076
50 61 0.116
50 64 0.321
50 78 0.14
50 87 0.169
50 94 0.105
50 99 0.067
50 104 0.149
50 52 0.153
50 53 0.122
50 57 0.124
50 59 0.137
50 72 0.156
50 77 0.15
50 82 0.108
50 90 0.19
50 98 0.169
50 106 0.162
50 108 0.123
51 53 1
51 59 0.818
51 98 0.654
51 104 0.855
51 54 0.749
51 95 0.736
51 96 0.511
51 63 0.971
51 85 0.658
51 76 0.803
51 103 0.772
51 55 0.66
51 57 0.346
51 74 0.295
51 94 0.259
51 52 0.177
51 60 0.165
51 62 0.053
51 68 0.144
51 82 0.057
51 92 0.107
51 100 0.147
51 106 0.068
51 71 0.111
51 81 0.091
51 56 0.129
51 69 0.174
51 70 0.211
51 75 0.153
51 79 0.146
51 83 0.089
51 86 0.136
51 87 0.178
51 88 0.234
51 89 0.152
51 97 0.1
51 101 0.155
51 108 0.166
52 76 0.839
52 97 0.954
52 100 0.871
52 55 0.763
52 54 0.769
52 106 1
52 95 1
52 87 1
52 63 0.28
52 68 0.561
52 70 0.062
52 93 0.15
52 62 0.111
52 74 0.242
52 80 0.131
52 86 0.113
52 94 0.065
52 58 0.139
52 65 0.109
52 73 0.086
52 75 0.122
52 85 0.232
52 96 0.182
52 99 0.15
52 107 0.16
52 57 0.2
52 59 0.122
52 69 0.168
52 71 0.205
52 72 0.073
52 81 0.183
52 88 0.141
52 92 0.165
52 101 0.14
52 103 0.159
52 108 0.117
52 109 0.17
53 81 0.924
53 56 0.957
53 88 0.788
53 86 0.684
53 70 0.825
53 58 0.795
53 95 0.687
53 99 0.684
53 67 0.721
53 79 1
53 102 0.301
53 60 0.402
53 89 0.032
53 92 0.239
53 65 0.151
53 77 0.059
53 91 0.098
53 93 0.139
53 57 0.029
53 98 0.14
53 103 0.176
53 61 0.172
53 74 0.166
53 75 0.017
53 80 0.132
53 96 0.184
53 97 0.16
53 105 0.145
53 108 0.239
53 64 0.142
53 66 0.146
53 68 0.172
53 72 0.155
53 78 0.139
53 82 0.123
53 83 0.107
53 85 0.171
53 87 0.213
53 100 0.214
53 107 0.139
54 61 1
54 107 0.829
54 60 0.656
54 70 0.771
54 84 0.998
54 93 0.976
54 62 0.887
54 85 0.139
54 69 0.329
54 88 0.143
54 55 0.239
54 77 0.216
54 86 0.124
54 105 0.017
54 74 0.199
54 82 0.128
54 91 0.148
54 98 0.161
54 100 0.327
54 101 0.082
54 109 0.083
54 64 0.175
54 76 0.155
54 83 0.004
54 56 0.144
54 72 0.114
54 73 0.11
54 79 0.094
54 81 0.17
54 89 0.134
54 90 0.223
54 102 0.148
55 83 0.717
55 103 1.0
55 108 0.772
55 70 0.942
55 105 0.55
55 90 0.608
55 61 0.575
55 97 0.688
55 101 0.609
55 89 0.161
55 71 0.237
55 62 0.095
55 57 0.112
55 60 0.098
55 64 0.102
55 80 0.15
55 88 0.244
55 92 0.157
55 93 0.205
55 98 0.147
55 81 0.145
55 100 0.149
55 109 0.114
55 58 0.13
55 59 0.142
55 65 0.222
55 74 0.126
55 76 0.147
55 77 0.137
55 84 0.2
55 85 0.154
56 78 0.801
56 83 1
56 81 0.978
56 82 0.763
56 73 0.723
56 89 0.645
56 98 0.954
56 101 0.423
56 91 0.587
56 105 0.137
56 76 0.126
56 109 0.128
56 59 0.167
56 79 0.119
56 96 0.135
56 60 0.088
56 61 0.158
56 65 0.133
56 69 0.158
56 72 0.182
56 74 0.14
56 75 0.093
56 84 0.188
56 85 0.161
56 86 0.117
56 94 0.22
56 95 0.161
56 99 0.157
56 103 0.152
56 108 0.114
57 66 0.845
57 70 1
57 108 0.929
57 97 0.973
57 104 0.695
57 71 0.936
57 100 1
57 61 0.178
57 85 0.126
57 89 0.181
57 103 0.185
57 106 0.162
57 69 0.123
57 76 0.026
57 78 0.14
57 79 0.121
57 82 0.147
57 94 0.115
57 58 0.177
57 60 0.135
57 63 0.131
57 68 0.15
57 80 0.173
57 81 0.157
57 84 0.129
57 93 0.134
57 99 0.17
57 105 0.145
57 107 0.164
57 109 0.1
58 71 0.618
58 101 0.863
58 66 0.396
58 88 0.941
58 97 1
58 60 0.645
58 70 0.627
58 102 0.612
58 65 0.553
58 104 0.79
58 80 0.624
58 93 0.167
58 83 0.131
58 84 0.175
58 98 0.428
58 103 0.127
58 105 0.197
58 73 0.16
58 75 0.142
58 76 0.13
58 89 0.073
58 59 0.177
58 62 0.085
58 63 0.132
58 74 0.162
58 77 0.141
58 81 0.181
58 85 0.124
58 87 0.211
58 95 0.161
58 96 0.172
58 100 0.166
59 95 0.986
59 74 0.662
59 76 0.74
59 65 0.825
59 84 0.829
59 70 0.828
59 67 0.162
59 103 0.01
59 86 0.235
59 73 0.288
59 105 0.162
59 106 0.156
59 75 0.152
59 79 0.108
59 88 0.151
59 100 0.128
59 61 0.144
59 62 0.22
59 90 0.464
59 101 0.223
59 109 0.19
59 63 0.171
59 64 0.169
59 68 0.166
59 71 0.1
59 72 0.128
59 77 0.136
59 78 0.197
59 80 0.183
59 82 0.152
59 97 0.196
59 104 0.16
59 108 0.132
60 71 0.559
60 77 1
60 81 0.847
60 98 0.776
60 102 1
60 103 0.595
60 65 0.846
60 84 1
60 86 0.916
60 73 0.623
60 61 0.992
60 74 0.883
60 95 0.574
60 93 0.359
60 80 0.146
60 90 0.132
60 67 0.071
60 76 0.133
60 78 0.196
60 82 0.117
60 88 0.173
60 96 0.161
60 97 0.253
60 101 0.186
60 107 0.167
60 62 0.134
60 63 0.198
60 70 0.157
60 72 0.221
60 79 0.207
60 99 0.202
60 105 0.168
60 109 0.161
61 74 0.835
61 88 1
61 106 0.868
61 93 0.91
61 79 0.742
61 107 0.864
61 87 0.87
61 70 0.729
61 76 0.789
61 63 0.595
61 72 0.36
61 80 0.134
61 82 0.16
61 101 0.084
61 84 0.146
61 94 0.275
61 65 0.19
61 86 0.129
61 109 0.242
61 90 0.155
61 100 0.049
61 104 0.134
61 108 0.214
61 62 0.216
61 67 0.208
61 71 0.127
61 73 0.113
61 78 0.169
61 83 0.088
61 89 0.094
61 92 0.176
61 96 0.172
62 107 0.911
62 106 1
62 91 0.847
62 65 1
62 64 0.742
62 96 0.752
62 75 0.653
62 90 0.346
62 86 0.17
62 109 0.198
62 76 0.113
62 83 0.257
62 71 0.14
62 74 0.239
62 93 0.077
62 95 0.135
62 104 0.338
62 63 0.194
62 66 0.197
62 68 0.168
62 73 0.11
62 79 0.126
62 81 0.148
62 84 0.15
62 100 0.142
62 105 0.189
63 69 0.616
63 72 0.797
63 90 0.814
63 108 0.659
63 70 0.801
63 106 1
63 75 0.864
63 88 0.618
63 74 0.738
63 84 0.579
63 86 0.949
63 93 0.13
63 67 0.069
63 102 0.368
63 73 0.05
63 109 0.317
63 97 0.186
63 64 0.271
63 76 0.193
63 87 0.196
63 91 0.214
63 92 0.17
63 66 0.168
63 77 0.117
63 79 0.174
63 80 0.153
63 85 0.176
63 99 0.167
63 100 0.169
63 107 0.135
64 97 0.672
64 100 1
64 105 0.844
64 70 0.743
64 87 1
64 109 0.965
64 72 0.168
64 66 0.063
64 79 0.247
64 102 0.167
64 108 0.173
64 92 0.159
64 98 0.141
64 106 0.231
64 81 0.282
64 65 0.158
64 68 0.125
64 69 0.148
64 76 0.153
64 78 0.152
64 90 0.165
64 93 0.083
64 94 0.144
64 99 0.14
65 66 0.842
65 94 0.767
65 97 0.664
65 86 0.634
65 87 0.723
65 99 0.833
65 102 0.171
65 70 0.192
65 92 0.25
65 72 0.003
65 91 0.159
65 68 0.22
65 73 0.141
65 98 0.11
65 100 0.177
65 109 0.102
65 81 0.157
65 83 0.144
65 85 0.16
65 90 0.195
65 104 0.15
65 106 0.129
65 67 0.15
65 71 0.118
65 75 0.139
65 76 0.179
65 78 0.215
65 93 0.132
65 108 0.159
66 78 0.664
66 81 0.765
66 90 0.841
66 88 0.803
66 107 0.961
66 87 0.939
66 70 1
66 74 0.141
66 92 0.153
66 82 0.348
66 98 0.045
66 86 0.281
66 93 0.15
66 102 0.311
66 67 0.15
66 68 0.143
66 69 0.155
66 71 0.175
66 80 0.177
66 91 0.155
66 95 0.114
66 96 0.119
66 97 0.161
66 100 0.135
66 101 0.151
66 106 0.167
66 109 0.126
67 75 0.601
67 70 1
67 100 1
67 86 0.7
67 83 0.95
67 80 0.608
67 106 0.605
67 90 0.846
67 85 0.456
67 69 0.562
67 94 0.217
67 77 0.136
67 103 0.59
67 84 0.148
67 96 0.154
67 99 0.159
67 71 0.133
67 73 0.099
67 89 0.147
67 91 0.113
67 95 0.113
67 97 0.201
68 74 0.781
68 80 0.92
68 85 0.924
68 86 0.509
68 90 0.776
68 82 0.28
68 70 0.343
68 77 0.083
68 103 0.181
68 81 0.196
68 88 0.145
68 89 0.255
68 93 0.077
68 105 0.19
68 102 0.163
68 106 0.126
68 108 0.184
68 73 0.148
68 76 0.176
68 79 0.158
68 92 0.134
68 99 0.195
68 101 0.115
68 104 0.161
68 109 0.125
69 86 0.768
69 93 0.467
69 96 1
69 89 0.835
69 109 0.911
69 82 0.801
69 103 0.964
69 79 0.979
69 81 0.737
69 70 0.462
69 102 0.406
69 74 0.612
69 90 0.851
69 94 0.155
69 106 0.083
69 104 0.149
69 71 0.153
69 72 0.162
69 75 0.207
69 77 0.148
69 80 0.192
69 83 0.124
69 84 0.159
69 87 0.085
69 92 0.138
69 100 0.149
70 78 0.893
70 95 0.755
70 76 0.848
70 90 0.819
70 94 0.432
70 97 0.967
70 92 0.959
70 98 0.324
70 91 0.105
70 107 0.578
70 81 0.144
70 73 0.069
70 84 0.116
70 86 0.154
70 87 0.253
70 88 0.113
70 96 0.059
70 102 0.128
70 104 0.119
70 108 0.192
70 74 0.139
70 77 0.196
70 83 0.146
70 100 0.162
70 103 0.163
70 105 0.137
71 74 0.768
71 76 0.926
71 87 0.638
71 92 0.454
71 102 0.804
71 101 0.866
71 106 0.712
71 86 0.567
71 88 0.715
71 107 0.489
71 78 0.161
71 93 0.507
71 82 0.052
71 73 0.141
71 96 0.277
71 77 0.166
71 89 0.101
71 81 0.174
71 72 0.186
71 90 0.188
71 75 0.119
71 83 0.162
71 94 0.16
71 105 0.135
71 108 0.156
71 109 0.115
72 81 0.901
72 94 0.688
72 101 0.896
72 106 1
72 90 0.631
72 100 0.826
72 108 0.798
72 88 0.691
72 80 1
72 92 0.888
72 78 0.257
72 79 0.13
72 82 0.205
72 105 0.188
72 74 0.113
72 107 0.241
72 77 0.166
72 83 0.182
72 85 0.12
72 93 0.152
72 98 0.09
72 103 0.16
72 73 0.165
72 76 0.188
72 84 0.174
72 86 0.176
72 89 0.184
72 91 0.126
72 99 0.147
72 109 0.188
73 103 0.828
73 75 0.577
73 76 1
73 85 0.981
73 81 0.83
73 77 0.997
73 99 0.965
73 98 0.358
73 104 0.33
73 109 0.198
73 87 0.188
73 107 0.178
73 74 0.188
73 90 0.179
73 80 0.289
73 96 0.135
73 88 0.084
73 92 0.18
73 101 0.164
73 84 0.141
73 89 0.179
73 93 0.142
73 95 0.115
73 100 0.208
73 102 0.15
73 105 0.14
73 108 0.124
74 109 0.822
74 80 0.51
74 83 1
74 75 0.729
74 89 0.68
74 88 0.852
74 104 0.122
74 79 0.109
74 87 0.348
74 107 0.152
74 90 0.134
74 93 0.002
74 96 0.261
74 77 0.164
74 78 0.181
74 86 0.065
74 85 0.155
74 92 0.183
74 95 0.153
74 100 0.176
74 102 0.131
75 92 0.909
75 96 0.695
75 85 0.574
75 106 0.875
75 90 0.762
75 78 0.977
75 79 1
75 97 0.78
75 104 0.623
75 99 0.956
75 93 0.2
75 77 0.191
75 81 0.272
75 107 0.073
75 76 0.124
75 83 0.122
75 102 0.163
75 82 0.144
75 95 0.113
75 109 0.122
75 80 0.066
75 86 0.185
75 91 0.162
75 98 0.102
75 103 0.144
76 83 1
76 105 1
76 106 0.7
76 107 0.935
76 78 0.976
76 95 0.644
76 91 0.888
76 89 0.154
76 80 0.106
76 102 0.144
76 92 0.234
76 79 0.149
76 81 0.141
76 96 0.179
76 100 0.176
77 108 0.572
77 96 0.866
77 106 1
77 109 0.638
77 90 0.576
77 104 0.202
77 91 0.293
77 80 0.129
77 83 0.447
77 95 0.135
77 82 0.26
77 87 0.302
77 88 0.171
77 86 0.121
77 92 0.303
77 94 0.134
77 84 0.148
77 85 0.114
77 97 0.143
77 99 0.158
77 102 0.179
77 107 0.155
78 90 1
78 104 0.942
78 93 0.513
78 103 0.785
78 94 0.96
78 109 0.858
78 106 0.933
78 87 0.1
78 88 0.038
78 99 0.17
78 100 0.155
78 79 0.22
78 97 0.245
78 81 0.127
78 82 0.147
78 89 0.13
78 92 0.133
78 95 0.167
78 96 0.139
78 98 0.116
78 101 0.106
79 94 0.619
79 88 0.975
79 107 0.748
79 82 0.549
79 106 0.184
79 87 0.06
79 90 0.206
79 95 0.112
79 97 0.177
79 101 0.17
79 104 0.012
79 92 0.142
79 108 0.156
79 109 0.149
80 94 0.983
80 102 0.108
80 92 0.077
80 86 0.152
80 98 0.17
80 104 0.132
80 85 0.153
80 87 0.132
80 95 0.079
80 96 0.116
80 100 0.211
80 103 0.12
81 83 0.97
81 92 0.916
81 109 0.593
81 99 0.196
81 100 0.27
81 84 0.322
81 93 0.05
81 89 0.124
81 95 0.418
81 98 0.196
81 82 0.143
81 91 0.158
81 106 0.16
81 86 0.082
81 101 0.14
81 102 0.155
81 105 0.148
81 107 0.126
81 108 0.141
82 84 1
82 91 0.921
82 107 0.755
82 97 0.766
82 89 1
82 103 0.047
82 102 0.014
82 93 0.262
82 96 0.157
82 101 0.198
82 104 0.124
82 106 0.17
82 108 0.059
82 83 0.143
82 85 0.131
82 87 0.172
82 88 0.15
82 90 0.139
82 98 0.13
83 98 0.589
83 100 0.986
83 86 0.82
83 91 0.77
83 95 0.142
83 90 0.102
83 103 0.076
83 89 0.094
83 93 0.139
83 94 0.138
83 105 0.128
83 92 0.206
83 96 0.169
83 99 0.188
83 101 0.182
84 93 0.587
84 90 0.73
84 107 0.025
84 85 0.149
84 87 0.151
84 100 0.123
84 102 0.097
84 103 0.193
84 86 0.143
84 89 0.183
84 91 0.144
84 94 0.144
84 105 0.152
84 108 0.168
84 109 0.125
85 90 0.543
85 97 0.797
85 100 0.758
85 103 0.601
85 89 0.683
85 102 0.992
85 86 0.822
85 94 0.855
85 101 0.164
85 96 0.19
85 105 0.081
85 108 0.193
85 109 0.235
85 87 0.189
85 91 0.161
85 104 0.156
85 106 0.147
86 98 1
86 104 0.882
86 108 1
86 101 1
86 94 0.176
86 100 0.18
86 105 0.26
86 87 0.183
86 91 0.158
86 97 0.175
86 102 0.179
86 109 0.174
87 108 0.735
87 102 0.838
87 98 0.583
87 94 0.221
87 96 0.125
87 109 0.193
87 103 0.179
87 89 0.251
87 100 0.247
87 90 0.166
87 91 0.136
87 95 0.178
87 99 0.163
87 105 0.155
87 106 0.146
88 106 0.645
88 104 0.971
88 92 0.825
88 89 0.662
88 94 0.69
88 101 0.139
88 109 0.129
88 108 0.113
88 107 0.152
88 93 0.174
88 91 0.157
88 97 0.149
88 98 0.126
88 99 0.164
88 102 0.147
88 105 0.149
89 103 0.879
89 106 0.917
89 98 0.848
89 95 0.848
89 100 1
89 107 0.646
89 108 0.074
89 90 0.18
89 94 0.184
89 97 0.141
89 102 0.088
89 104 0.182
90 92 0.929
90 107 0.743
90 109 0.99
90 93 0.437
90 106 0.56
90 94 0.197
90 96 0.18
90 97 0.188
90 91 0.219
90 103 0.161
90 98 0.16
90 100 0.118
90 104 0.123
90 108 0.159
91 97 0.854
91 94 0.628
91 102 1
91 93 0.632
91 99 0.287
91 106 0.125
91 96 0.162
91 100 0.106
91 101 0.201
91 103 0.219
91 104 0.136
92 101 1
92 96 0.856
92 97 1
92 98 0.64
92 99 0.414
92 100 0.121
92 93 0.106
92 106 0.176
92 108 0.168
92 102 0.174
92 104 0.13
92 94 0.143
93 97 0.709
93 99 0.68
93 96 0.966
93 104 0.604
93 95 0.069
93 98 0.116
93 102 0.131
93 103 0.216
93 105 0.171
93 109 0.201
94 107 0.764
94 109 0.89
94 95 0.109
94 101 0.188
94 104 0.13
94 97 0.165
94 105 0.154
94 108 0.118
95 97 0.59
95 103 0.538
95 108 0.506
95 107 0.611
95 104 0.556
95 105 0.13
95 98 0.2
95 99 0.17
95 96 0.2
95 106 0.156
95 109 0.172
96 109 0.902
96 98 0.822
96 105 0.937
96 103 0.781
96 100 0.86
96 107 0.173
96 102 0.083
96 97 0.165
96 104 0.133
96 106 0.144
97 109 0.695
97 101 0.665
97 104 0.535
97 100 0.531
97 105 0.174
97 103 0.137
98 103 1
98 109 1
98 102 0.776
98 99 1
98 101 0.728
98 105 0.693
98 100 0.548
98 104 0.492
98 107 0.177
98 106 0.158
98 108 0.164
99 108 0.599
99 102 0.302
99 101 0.196
99 103 0.149
99 106 0.112
99 107 0.136
99 109 0.095
100 101 0.643
100 102 0.173
100 103 0.144
100 107 0.148
100 109 0.159
101 106 0.695
101 102 0.346
101 105 0.134
101 108 0.148
102 104 0.113
102 108 0.143
103 107 1
103 109 0.766
103 106 0.556
103 108 0.062
103 104 0.09
103 105 0.176
104 107 0.139
105 108 0.314
105 109 0.131
105 107 0.176
106 107 0.204
108 109 0.134
