0 59 0.88
0 47 1
0 77 0.835
0 5 0.814
0 81 0.731
0 55 0.885
0 66 0.978
0 64 0.899
0 30 0.893
0 109 0.791
0 95 0.14
0 106 0.199
0 75 0.172
0 90 0.137
0 94 0.197
0 15 0.173
0 20 0.172
0 28 0.134
0 49 0.132
0 56 0.189
0 68 0.125
0 74 0.122
0 79 0.151
0 85 0.141
0 86 0.173
0 105 0.161
0 107 0.185
1 10 0.865
1 23 0.865
1 34 0.725
1 109 0.683
1 90 0.862
1 72 0.783
1 30 0.884
1 44 0.618
1 18 0.937
1 77 0.81
1 54 0.674
1 22 1
1 102 0.806
1 83 0.892
1 46 0.195
1 7 0.13
1 39 0.058
1 62 0.18
1 67 0.121
1 80 0.142
1 104 0.162
1 17 0.135
1 19 0.169
1 25 0.16
1 26 0.138
1 29 0.132
1 32 0.147
1 40 0.133
1 52 0.172
1 55 0.066
1 65 0.12
1 66 0.199
1 81 0.153
1 87 0.166
1 99 0.127
1 100 0.143
2 17 0.822
2 35 1
2 83 0.58
2 99 0.572
2 16 0.967
2 107 1
2 63 0.832
2 47 0.541
2 62 0.851
2 57 0.972
2 33 0.714
2 50 0.195
2 39 0.263
2 43 0.071
2 69 0.095
2 91 0.119
2 101 0.149
2 3 0.137
2 8 0.145
2 9 0.187
2 14 0.156
2 15 0.164
2 32 0.11
2 38 0.145
2 46 0.136
2 61 0.144
2 68 0.17
2 76 0.197
2 96 0.188
2 109 0.118
3 43 0.801
3 87 0.657
3 107 0.634
3 67 1
3 49 0.651
3 13 1
3 103 0.916
3 78 0.957
3 74 1
3 46 0.546
3 20 0.184
3 30 0.162
3 32 0.13
3 35 0.161
3 39 0.144
3 40 0.2
3 51 0.109
3 61 0.129
3 63 0.112
3 66 0.122
3 69 0.096
3 72 0.121
3 80 0.099
3 84 0.15
3 89 0.106
3 95 0.168
3 97 0.152
3 99 0.177
3 105 0.125
4 71 1
4 87 0.726
4 12 1
4 27 0.848
4 10 1
4 59 1
4 7 0.651
4 105 0.996
4 102 0.58
4 83 0.709
4 90 0.637
4 26 0.157
4 6 0.101
4 21 0.158
4 39 0.153
4 51 0.158
4 69 0.218
4 95 0.108
4 97 0.164
4 8 0.127
4 48 0.148
4 53 0.135
4 57 0.149
4 68 0.17
4 72 0.199
4 103 0.136
5 63 0.827
5 85 0.977
5 103 0.729
5 22 0.639
5 28 1
5 100 0.892
5 31 1
5 90 1
5 67 0.845
5 89 1
5 33 0.656
5 6 0.163
5 25 0.162
5 40 0.135
5 102 0.172
5 8 0.005
5 17 0.133
5 65 0.219
5 70 0.146
5 72 0.149
5 78 0.189
5 83 0.162
5 86 0.111
5 94 0.156
5 7 0.177
5 26 0.143
5 46 0.129
5 54 0.153
5 55 0.15
5 57 0.158
5 60 0.15
5 62 0.194
5 69 0.132
5 81 0.159
5 82 0.148
5 91 0.159
5 97 0.113
6 75 0.642
6 53 0.71
6 85 0.662
6 39 0.872
6 52 0.86
6 88 0.967
6 38 0.864
6 98 0.156
6 107 0.104
6 7 0.167
6 8 0.135
6 10 0.137
6 12 0.104
6 16 0.177
6 21 0.159
6 29 0.141
6 33 0.123
6 41 0.202
6 42 0.139
6 43 0.134
6 45 0.165
6 46 0.152
6 56 0.139
6 59 0.18
6 65 0.172
6 71 0.213
6 72 0.181
6 74 0.13
6 84 0.122
6 97 0.147
6 99 0.14
6 106 0.131
7 33 1
7 57 0.657
7 30 0.773
7 75 0.864
7 20 0.97
7 41 0.589
7 65 0.175
7 85 0.27
7 68 0.122
7 16 0.198
7 34 0.161
7 48 0.104
7 61 0.158
7 87 0.082
7 97 0.145
7 107 0.173
7 10 0.151
7 19 0.174
7 21 0.16
7 22 0.145
7 39 0.164
7 42 0.147
7 43 0.188
7 78 0.132
7 80 0.165
7 100 0.156
7 108 0.125
8 71 1
8 29 1
8 35 1
8 83 1
8 89 0.617
8 60 1
8 81 0.901
8 24 0.718
8 69 0.626
8 21 0.751
8 53 0.064
8 104 0.14
8 47 0.153
8 99 0.191
8 10 0.213
8 25 0.187
8 39 0.216
8 42 0.178
8 48 0.164
8 49 0.145
8 52 0.143
8 62 0.144
8 64 0.106
8 68 0.18
8 76 0.134
8 80 0.189
8 86 0.141
8 108 0.161
9 26 0.982
9 88 0.756
9 98 0.977
9 30 0.8
9 64 0.944
9 105 1
9 84 0.866
9 108 0.729
9 103 1
9 71 0.676
9 24 0.442
9 50 0.072
9 11 0.076
9 13 0.171
9 32 0.211
9 34 0.099
9 76 0.149
9 101 0.241
9 18 0.154
9 29 0.196
9 39 0.195
9 42 0.213
9 44 0.173
9 45 0.143
9 46 0.139
9 49 0.15
9 53 0.176
9 56 0.178
9 58 0.163
9 59 0.137
9 74 0.116
9 78 0.097
9 87 0.182
9 89 0.195
9 91 0.138
9 95 0.118
9 97 0.154
9 104 0.118
9 106 0.134
10 85 0.806
10 93 0.867
10 50 0.824
10 101 0.658
10 19 0.984
10 106 0.517
10 86 0.986
10 105 0.853
10 44 0.589
10 89 0.997
10 49 0.956
10 28 0.143
10 108 0.025
10 26 0.175
10 77 0.129
10 84 0.145
10 107 0.111
10 13 0.156
10 17 0.155
10 25 0.165
10 39 0.138
10 55 0.179
10 58 0.142
10 62 0.178
10 64 0.191
10 65 0.191
10 74 0.145
10 78 0.142
10 80 0.113
10 81 0.155
10 87 0.111
10 92 0.156
10 97 0.181
10 103 0.141
11 23 0.772
11 56 0.569
11 80 0.979
11 29 0.76
11 107 0.729
11 85 0.864
11 48 0.559
11 90 0.633
11 72 0.846
11 69 0.916
11 40 1
11 92 0.197
11 16 0.139
11 53 0.177
11 74 0.112
11 89 0.117
11 25 0.185
11 51 0.095
11 52 0.163
11 59 0.154
11 66 0.2
11 68 0.19
11 71 0.215
11 77 0.115
11 79 0.139
11 88 0.151
11 106 0.108
11 109 0.168
12 13 0.525
12 16 1
12 21 0.939
12 33 0.885
12 60 0.889
12 88 0.58
12 80 0.735
12 24 0.823
12 101 0.518
12 92 1
12 96 0.588
12 30 0.101
12 36 0.185
12 82 0.198
12 17 0.206
12 18 0.145
12 19 0.125
12 25 0.132
12 26 0.176
12 34 0.145
12 38 0.113
12 40 0.226
12 47 0.108
12 49 0.19
12 52 0.112
12 59 0.219
12 66 0.164
12 71 0.206
12 84 0.201
12 94 0.194
13 35 0.719
13 41 0.917
13 94 0.748
13 65 0.801
13 61 0.799
13 46 1
13 85 0.82
13 97 0.907
13 38 0.74
13 54 0.939
13 14 0.883
13 51 0.962
13 56 0.161
13 29 0.103
13 31 0.171
13 39 0.167
13 60 0.167
13 81 0.133
13 84 0.148
13 22 0.19
13 26 0.127
13 28 0.168
13 44 0.146
13 57 0.178
13 62 0.188
13 66 0.112
13 68 0.101
13 78 0.168
13 87 0.1
13 92 0.175
13 95 0.201
13 102 0.145
13 106 0.163
14 32 0.967
14 43 0.674
14 75 0.972
14 22 0.757
14 63 0.814
14 78 0.726
14 79 0.978
14 93 0.879
14 72 1
14 40 0.216
14 86 0.069
14 91 0.11
14 44 0.166
14 49 0.275
14 62 0.13
14 83 0.128
14 15 0.141
14 28 0.15
14 41 0.17
14 47 0.16
14 50 0.195
14 51 0.202
14 57 0.165
14 70 0.126
14 80 0.175
14 94 0.177
14 96 0.168
15 57 0.632
15 88 0.834
15 59 0.839
15 76 0.752
15 103 1
15 50 1
15 65 0.969
15 82 0.858
15 25 1
15 43 0.83
15 94 0.793
15 74 0.879
15 54 0.833
15 87 0.568
15 69 1
15 42 0.182
15 66 0.124
15 16 0.154
15 31 0.196
15 70 0.144
15 92 0.126
15 40 0.087
15 48 0.204
15 51 0.18
15 78 0.171
15 84 0.095
15 108 0.169
16 75 0.697
16 101 0.741
16 42 0.554
16 74 0.999
16 55 0.716
16 49 0.656
16 37 1
16 69 0.709
16 48 0.146
16 39 0.207
16 86 0.161
16 21 0.137
16 25 0.119
16 27 0.169
16 30 0.197
16 35 0.146
16 52 0.178
16 64 0.13
16 66 0.169
16 70 0.164
16 94 0.166
16 99 0.127
16 107 0.164
17 61 0.597
17 77 1
17 82 0.676
17 22 0.937
17 46 0.802
17 37 1
17 55 0.755
17 86 0.983
17 56 0.983
17 94 0.833
17 23 0.173
17 52 0.227
17 60 0.184
17 65 0.191
17 90 0.097
17 92 0.21
17 21 0.165
17 42 0.09
17 43 0.178
17 51 0.119
17 54 0.153
17 62 0.113
17 66 0.131
17 70 0.152
17 76 0.107
17 80 0.167
17 87 0.167
17 88 0.145
17 95 0.199
17 96 0.133
18 72 0.765
18 87 0.643
18 101 0.993
18 83 0.799
18 86 0.625
18 55 0.639
18 63 0.708
18 79 0.79
18 75 0.723
18 51 0.735
18 68 0.507
18 74 0.812
18 50 0.801
18 73 1.0
18 81 1
18 49 0.472
18 107 0.127
18 26 0.072
18 45 0.196
18 19 0.179
18 33 0.16
18 47 0.159
18 57 0.12
18 64 0.135
18 80 0.166
18 82 0.218
18 84 0.168
18 93 0.105
18 95 0.171
18 103 0.209
18 106 0.169
19 26 0.45
19 53 0.501
19 103 1
19 42 0.737
19 47 0.853
19 55 0.775
19 108 0.932
19 94 0.791
19 20 0.178
19 22 0.123
19 45 0.145
19 56 0.155
19 69 0.136
19 71 0.21
19 75 0.155
19 84 0.16
19 89 0.2
19 96 0.141
19 99 0.124
19 109 0.098
20 103 0.902
20 53 0.841
20 97 0.633
20 64 0.887
20 88 0.998
20 49 0.699
20 74 0.829
20 45 0.191
20 38 0.163
20 78 0.173
20 70 0.156
20 82 0.229
20 25 0.144
20 33 0.221
20 36 0.129
20 47 0.128
20 50 0.181
20 75 0.189
20 84 0.188
20 90 0.161
20 93 0.117
20 102 0.159
20 105 0.137
20 108 0.188
21 27 1
21 89 1
21 104 0.843
21 80 0.868
21 31 0.725
21 35 0.918
21 24 1.0
21 98 0.779
21 84 0.71
21 61 0.776
21 38 1
21 25 0.751
21 22 0.125
21 44 0.173
21 54 0.173
21 105 0.096
21 45 0.123
21 46 0.123
21 67 0.198
21 73 0.131
21 75 0.151
21 82 0.093
21 93 0.149
22 83 0.76
22 55 0.957
22 58 0.765
22 81 0.91
22 86 1
22 75 0.749
22 85 0.841
22 72 0.716
22 24 0.658
22 105 0.746
22 109 0.985
22 77 0.75
22 79 0.809
22 33 0.189
22 94 0.126
22 27 0.139
22 28 0.151
22 37 0.182
22 42 0.125
22 54 0.108
22 66 0.17
22 67 0.118
22 82 0.157
22 87 0.186
22 88 0.178
22 92 0.127
22 102 0.156
23 43 0.977
23 60 0.773
23 99 0.747
23 75 0.905
23 28 0.606
23 94 0.84
23 50 0.686
23 55 0.833
23 77 0.876
23 63 1
23 49 0.098
23 57 0.169
23 89 0.158
23 24 0.124
23 26 0.126
23 32 0.123
23 36 0.159
23 44 0.114
23 47 0.166
23 58 0.166
23 69 0.118
23 79 0.116
23 95 0.158
23 101 0.175
23 104 0.177
24 53 1
24 94 0.808
24 87 0.618
24 80 0.805
24 30 0.989
24 86 0.691
24 52 0.978
24 57 0.757
24 50 0.926
24 59 0.782
24 32 0.637
24 28 0.855
24 78 0.685
24 51 0.241
24 105 0.159
24 25 0.202
24 27 0.143
24 36 0.175
24 43 0.188
24 49 0.229
24 64 0.113
24 75 0.184
24 76 0.132
24 81 0.106
24 99 0.096
24 107 0.126
25 27 0.832
25 83 0.71
25 86 0.986
25 26 0.554
25 92 0.861
25 93 0.821
25 108 0.532
25 59 0.514
25 66 0.082
25 62 0.147
25 29 0.142
25 35 0.143
25 41 0.162
25 42 0.153
25 45 0.147
25 67 0.118
25 69 0.143
25 74 0.208
25 82 0.12
25 85 0.188
25 88 0.145
25 100 0.161
26 38 0.908
26 61 0.941
26 67 0.898
26 86 1
26 90 0.715
26 96 0.989
26 66 0.705
26 97 0.904
26 78 0.819
26 104 0.613
26 109 0.638
26 53 0.183
26 28 0.14
26 60 0.18
26 27 0.184
26 29 0.119
26 32 0.103
26 33 0.121
26 54 0.137
26 63 0.128
26 65 0.142
26 76 0.117
26 83 0.137
27 28 0.61
27 53 0.894
27 81 0.873
27 83 0.856
27 97 0.658
27 66 0.846
27 67 0.963
27 42 0.818
27 41 0.801
27 95 0.758
27 47 0.98
27 65 0.914
27 96 1
27 105 0.858
27 77 0.543
27 90 0.929
27 29 0.886
27 35 1
27 72 0.62
27 43 0.134
27 107 0.165
27 31 0.174
27 33 0.145
27 36 0.145
27 40 0.182
27 44 0.14
27 49 0.14
27 56 0.145
27 57 0.138
27 58 0.118
27 59 0.133
27 76 0.111
27 82 0.179
27 86 0.204
27 106 0.192
28 94 0.959
28 89 0.613
28 62 0.92
28 41 0.586
28 71 0.641
28 75 1
28 95 1
28 104 1
28 93 0.791
28 100 0.076
28 29 0.174
28 31 0.154
28 86 0.154
28 47 0.143
28 50 0.117
28 51 0.191
28 54 0.198
28 57 0.147
28 64 0.198
28 65 0.123
28 69 0.209
28 73 0.176
28 76 0.165
28 78 0.13
28 79 0.148
28 83 0.195
28 99 0.182
28 101 0.179
28 102 0.129
28 103 0.137
29 35 1
29 80 0.797
29 103 0.894
29 48 0.767
29 67 0.744
29 73 0.786
29 53 0.495
29 69 0.703
29 74 0.933
29 90 0.747
29 52 0.296
29 76 0.156
29 47 0.149
29 77 0.123
29 91 0.409
29 108 0.084
29 33 0.187
29 38 0.14
29 50 0.139
29 60 0.149
29 65 0.198
29 70 0.145
29 72 0.119
29 81 0.169
30 31 0.926
30 67 0.923
30 109 0.86
30 85 0.919
30 98 0.665
30 99 0.043
30 44 0.1
30 63 0.171
30 71 0.126
30 87 0.352
30 37 0.135
30 39 0.184
30 42 0.17
30 49 0.123
30 68 0.172
30 77 0.12
30 82 0.084
30 90 0.141
30 107 0.096
31 67 0.738
31 71 0.703
31 69 0.512
31 103 0.644
31 108 0.887
31 72 0.663
31 53 0.648
31 73 0.716
31 43 0.859
31 64 0.691
31 39 0.29
31 105 0.171
31 66 0.201
31 87 0.115
31 38 0.189
31 42 0.132
31 58 0.128
31 74 0.201
31 91 0.135
31 95 0.11
31 104 0.117
32 102 0.947
32 84 0.952
32 109 0.713
32 107 0.965
32 64 1
32 39 0.775
32 79 0.827
32 58 0.726
32 36 1
32 40 1
32 85 0.976
32 41 0.197
32 52 0.144
32 55 0.09
32 95 0.132
32 100 0.145
32 61 0.106
32 66 0.124
32 76 0.175
32 83 0.172
32 86 0.127
32 97 0.161
32 99 0.126
32 104 0.11
33 69 0.78
33 97 1
33 106 0.793
33 53 1
33 74 0.967
33 48 0.718
33 58 0.901
33 42 0.109
33 72 0.219
33 70 0.16
33 98 0.306
33 102 0.151
33 59 0.095
33 108 0.153
33 60 0.172
33 63 0.137
33 65 0.123
33 78 0.151
33 87 0.163
33 91 0.129
33 96 0.11
34 49 0.851
34 105 0.779
34 63 0.666
34 101 0.988
34 53 0.968
34 69 0.72
34 36 1
34 57 0.786
34 52 0.768
34 107 1
34 54 0.868
34 75 0.816
34 61 0.018
34 97 0.065
34 51 0.177
34 72 0.17
34 74 0.167
34 86 0.174
34 94 0.157
34 43 0.159
34 62 0.14
34 73 0.126
34 83 0.126
34 84 0.143
34 89 0.197
34 91 0.122
34 99 0.176
35 109 0.831
35 104 0.33
35 70 0.559
35 58 0.723
35 106 0.1
35 79 0.045
35 62 0.13
35 91 0.146
35 41 0.167
35 48 0.173
35 51 0.161
35 63 0.177
35 69 0.138
35 71 0.107
35 76 0.187
35 80 0.146
35 87 0.165
35 96 0.157
35 98 0.178
35 100 0.176
35 108 0.181
36 58 1
36 67 0.754
36 93 0.857
36 37 0.745
36 55 0.966
36 64 1
36 38 1
36 45 0.791
36 94 0.955
36 46 0.747
36 85 0.976
36 51 0.065
36 40 0.161
36 54 0.131
36 69 0.144
36 72 0.121
36 91 0.124
36 105 0.163
36 106 0.172
36 53 0.181
36 59 0.174
36 77 0.183
36 79 0.151
36 90 0.154
36 92 0.145
36 95 0.151
36 99 0.15
36 108 0.168
37 88 0.935
37 91 1
37 46 0.697
37 78 0.941
37 100 0.993
37 108 0.96
37 49 0.581
37 93 0.963
37 96 0.603
37 67 0.19
37 54 0.247
37 56 0.16
37 84 0.184
37 48 0.136
37 52 0.171
37 53 0.202
37 59 0.167
37 63 0.185
37 64 0.161
37 72 0.115
37 76 0.124
37 85 0.122
37 94 0.098
37 95 0.172
37 105 0.161
37 106 0.144
38 63 0.757
38 65 0.919
38 41 0.69
38 96 0.93
38 86 0.897
38 61 0.794
38 55 0.556
38 42 0.173
38 47 0.136
38 62 0.115
38 93 0.176
38 109 0.234
38 51 0.14
38 54 0.148
38 59 0.11
38 60 0.089
38 77 0.144
38 78 0.139
38 91 0.132
38 95 0.172
38 107 0.181
39 91 0.904
39 99 0.811
39 87 1
39 76 0.528
39 44 0.758
39 108 1
39 68 0.628
39 89 0.903
39 66 0.911
39 100 0.112
39 59 0.172
39 61 0.122
39 75 0.168
39 84 0.103
39 88 0.122
39 90 0.11
39 92 0.166
39 93 0.129
39 102 0.117
40 69 0.561
40 91 0.703
40 67 0.549
40 65 0.767
40 82 0.968
40 95 0.867
40 66 0.989
40 71 0.872
40 76 0.683
40 63 0.849
40 68 0.6
40 62 0.108
40 48 0.158
40 75 0.169
40 83 0.136
41 45 0.683
41 102 0.768
41 51 0.733
41 94 0.568
41 106 0.753
41 49 0.652
41 75 0.16
41 87 0.075
41 50 0.15
41 58 0.137
41 62 0.099
41 68 0.146
41 72 0.127
41 73 0.21
41 105 0.211
42 46 0.854
42 50 0.897
42 43 0.924
42 93 0.83
42 86 0.524
42 82 0.791
42 57 0.706
42 103 0.153
42 77 0.259
42 108 0.145
42 85 0.15
42 63 0.175
42 72 0.109
42 83 0.104
42 87 0.162
42 88 0.15
42 89 0.128
42 92 0.142
42 97 0.099
42 98 0.164
43 70 1
43 83 0.966
43 54 1
43 71 0.913
43 64 0.979
43 73 1
43 74 0.518
43 53 0.501
43 94 0.161
43 72 0.129
43 86 0.118
43 96 0.163
43 51 0.156
43 63 0.165
43 65 0.16
43 78 0.111
43 79 0.115
43 80 0.116
43 84 0.145
43 85 0.222
43 103 0.147
43 108 0.083
44 65 0.873
44 101 1
44 87 0.83
44 45 0.881
44 109 0.929
44 89 0.779
44 74 0.545
44 71 0.709
44 72 0.569
44 92 1
44 67 0.119
44 93 0.207
44 54 0.152
44 75 0.137
44 100 0.118
44 47 0.179
44 48 0.19
44 50 0.123
44 58 0.173
44 69 0.168
44 84 0.122
44 95 0.14
44 96 0.177
45 50 0.916
45 59 0.898
45 86 0.859
45 63 1
45 76 1
45 52 0.573
45 94 1
45 75 0.613
45 104 0.715
45 55 0.211
45 95 0.156
45 56 0.094
45 60 0.153
45 64 0.157
45 65 0.089
45 66 0.149
45 70 0.114
45 72 0.174
45 73 0.128
45 79 0.139
45 82 0.179
45 84 0.181
45 98 0.164
45 103 0.165
45 107 0.168
45 109 0.18
46 59 1
46 74 0.79
46 98 0.611
46 51 0.627
46 76 0.528
46 93 0.596
46 99 0.51
46 108 0.153
46 53 0.163
46 60 0.036
46 57 0.185
46 100 0.192
46 52 0.177
46 55 0.108
46 68 0.145
46 86 0.203
46 87 0.123
46 90 0.133
46 94 0.123
46 95 0.139
47 69 0.799
47 81 0.635
47 85 1
47 101 0.597
47 50 0.155
47 99 0.187
47 57 0.134
47 58 0.161
47 61 0.171
47 68 0.153
47 76 0.257
47 82 0.115
47 54 0.176
47 70 0.199
47 71 0.18
47 75 0.171
47 80 0.127
47 83 0.099
47 91 0.124
47 98 0.156
47 108 0.111
48 68 0.834
48 96 0.721
48 62 0.74
48 87 0.517
48 97 0.776
48 93 1
48 60 0.772
48 91 0.908
48 75 0.795
48 73 0.066
48 78 0.175
48 84 0.049
48 90 0.144
48 92 0.18
48 49 0.188
48 54 0.123
48 61 0.091
48 74 0.103
48 79 0.136
48 88 0.133
48 100 0.178
48 109 0.195
49 70 1
49 79 0.901
49 100 0.744
49 61 1
49 99 0.976
49 97 0.653
49 109 0.89
49 76 0.13
49 93 0.309
49 50 0.07
49 57 0.22
49 58 0.174
49 64 0.08
49 65 0.189
49 72 0.107
49 73 0.136
49 77 0.15
49 78 0.18
49 80 0.188
49 84 0.159
49 87 0.214
49 88 0.126
50 66 1
50 82 1.0
50 106 0.896
50 68 0.998
50 69 0.141
50 81 0.142
50 53 0.176
50 56 0.173
50 63 0.196
50 67 0.121
50 70 0.168
50 75 0.134
50 87 0.221
50 88 0.138
50 91 0.187
50 92 0.122
50 99 0.101
50 101 0.165
51 53 0.829
51 90 0.96
51 63 1
51 85 0.722
51 108 0.852
51 75 0.22
51 52 0.121
51 55 0.194
51 81 0.144
51 82 0.161
51 86 0.109
51 87 0.083
51 91 0.124
51 99 0.148
51 109 0.102
52 72 0.79
52 62 0.872
52 86 0.669
52 78 1
52 93 0.661
52 90 0.894
52 75 0.677
52 56 0.148
52 80 0.118
52 57 0.126
52 74 0.182
52 79 0.102
52 83 0.108
52 84 0.199
52 85 0.149
52 89 0.092
52 98 0.162
52 99 0.101
52 101 0.138
52 103 0.149
52 106 0.108
53 60 0.884
53 59 0.915
53 108 0.859
53 75 0.749
53 84 1
53 81 0.694
53 56 0.693
53 92 0.841
53 98 0.633
53 100 0.587
53 64 0.586
53 80 0.089
53 67 0.176
53 91 0.155
53 94 0.162
53 57 0.135
53 83 0.147
53 87 0.128
53 103 0.153
54 61 0.646
54 74 0.542
54 95 0.993
54 80 0.694
54 59 1
54 105 0.87
54 64 0.966
54 73 0.969
54 92 1
54 78 0.828
54 82 0.164
54 81 0.261
54 55 0.142
54 77 0.123
54 84 0.114
54 85 0.148
54 86 0.092
54 96 0.165
54 109 0.175
55 59 0.715
55 108 1
55 98 0.947
55 58 0.648
55 92 0.931
55 103 0.917
55 67 0.717
55 100 0.221
55 80 0.128
55 96 0.081
55 101 0.1
55 61 0.195
55 70 0.194
55 75 0.128
55 85 0.223
55 86 0.135
55 104 0.188
55 109 0.14
56 83 0.914
56 99 0.598
56 87 0.744
56 64 0.698
56 106 1
56 60 0.533
56 63 0.551
56 98 0.787
56 61 0.732
56 104 0.559
56 73 1
56 68 0.13
56 75 0.344
56 76 0.165
56 93 0.175
56 105 0.105
56 67 0.149
56 74 0.168
56 78 0.2
56 82 0.137
56 89 0.147
56 95 0.133
56 96 0.158
56 100 0.156
56 101 0.167
56 102 0.145
57 94 0.695
57 90 0.897
57 89 0.845
57 74 0.962
57 82 0.971
57 102 0.161
57 64 0.179
57 69 0.142
57 59 0.131
57 68 0.178
57 72 0.163
57 95 0.122
57 103 0.153
57 107 0.143
58 74 0.993
58 109 0.715
58 83 0.116
58 87 0.171
58 92 0.141
58 64 0.17
58 71 0.133
58 75 0.144
58 77 0.133
58 80 0.154
58 98 0.106
58 107 0.161
59 85 0.939
59 102 0.558
59 84 0.778
59 105 0.93
59 95 0.7
59 100 0.838
59 88 0.161
59 77 0.149
59 64 0.148
59 76 0.119
59 82 0.131
59 94 0.137
59 99 0.182
60 93 0.697
60 107 0.518
60 103 0.759
60 91 0.746
60 82 1
60 79 1
60 68 0.133
60 78 0.109
60 61 0.133
60 66 0.172
60 69 0.172
60 70 0.213
60 72 0.158
60 80 0.094
60 83 0.1
60 96 0.141
60 108 0.064
61 82 0.95
61 80 0.59
61 95 1
61 85 0.662
61 86 0.781
61 93 0.244
61 75 0.121
61 98 0.123
61 81 0.199
61 96 0.15
61 66 0.102
61 69 0.177
61 72 0.158
61 79 0.131
61 102 0.107
61 103 0.121
61 104 0.123
61 105 0.14
61 106 0.115
62 100 0.639
62 84 1
62 74 1
62 95 0.755
62 63 0.132
62 93 0.169
62 70 0.168
62 71 0.14
62 75 0.175
62 77 0.226
62 82 0.167
62 87 0.143
62 97 0.143
62 102 0.143
62 105 0.123
63 108 0.99
63 96 0.817
63 88 0.95
63 83 0.833
63 78 0.191
63 74 0.191
63 82 0.124
63 104 0.116
63 71 0.135
63 77 0.162
63 84 0.16
63 87 0.168
63 94 0.136
63 103 0.193
64 74 1.0
64 94 0.736
64 99 0.915
64 96 1
64 83 0.937
64 78 0.527
64 69 0.961
64 108 0.802
64 66 0.127
64 91 0.245
64 67 0.14
64 88 0.253
64 107 0.168
64 73 0.143
64 81 0.122
64 87 0.173
64 98 0.099
65 66 0.522
65 85 0.896
65 107 1
65 104 0.929
65 87 0.718
65 69 0.988
65 102 0.883
65 97 1
65 91 0.969
65 90 0.623
65 78 0.829
65 70 0.204
65 86 0.162
65 106 0.135
65 71 0.167
65 80 0.111
65 84 0.202
65 98 0.185
65 100 0.082
65 101 0.161
66 86 0.527
66 68 1
66 80 0.731
66 91 0.732
66 75 0.793
66 84 0.086
66 93 0.123
66 109 0.134
66 97 0.167
66 102 0.101
66 108 0.085
67 100 0.94
67 80 0.926
67 103 0.588
67 84 0.872
67 89 1
67 107 0.989
67 98 0.917
67 71 0.207
67 72 0.18
67 101 0.069
67 79 0.155
67 82 0.176
67 90 0.104
67 91 0.176
67 95 0.207
67 104 0.156
68 71 0.935
68 88 0.141
68 74 0.149
68 97 0.143
68 98 0.156
68 102 0.168
68 104 0.139
69 87 0.805
69 91 0.988
69 83 0.574
69 79 0.728
69 72 0.884
69 89 0.936
69 88 0.161
69 76 0.116
69 86 0.136
69 105 0.118
70 96 0.924
70 93 0.887
70 76 0.173
70 98 0.257
70 84 0.193
70 108 0.18
70 109 0.133
70 81 0.15
70 94 0.16
70 95 0.176
70 107 0.157
71 76 0.84
71 99 0.904
71 106 0.615
71 86 0.698
71 91 0.777
71 72 0.177
71 75 0.171
71 79 0.166
71 93 0.102
71 95 0.153
71 100 0.208
71 101 0.181
71 108 0.145
71 109 0.178
72 82 0.803
72 101 0.613
72 96 1
72 75 1
72 85 0.893
72 74 0.86
72 90 0.934
72 99 0.795
72 109 0.841
72 73 0.161
72 76 0.166
72 77 0.161
72 80 0.117
72 84 0.146
72 100 0.147
72 107 0.132
73 99 0.693
73 93 0.66
73 80 1
73 88 0.014
73 96 0.146
73 75 0.158
73 81 0.125
73 82 0.148
73 83 0.103
73 84 0.109
73 95 0.081
73 104 0.194
74 89 0.778
74 98 0.807
74 107 1
74 101 0.641
74 95 1
74 93 0.914
74 77 0.162
74 78 0.134
74 80 0.157
74 84 0.135
75 84 0.862
75 79 0.82
75 91 1
75 81 0.912
75 82 0.791
75 97 0.208
75 83 0.15
75 93 0.152
75 94 0.172
75 101 0.165
76 102 0.979
76 105 0.672
76 77 0.919
76 97 0.714
76 78 0.168
76 85 0.091
76 107 0.108
76 87 0.167
77 86 0.586
77 89 0.671
77 90 0.145
77 99 0.122
77 79 0.185
77 80 0.176
77 84 0.255
77 85 0.188
77 87 0.172
77 94 0.097
77 95 0.126
77 97 0.138
77 107 0.141
78 90 0.814
78 96 0.986
78 108 0.869
78 103 0.85
78 92 0.816
78 91 0.651
78 87 0.918
78 82 0.144
78 94 0.214
78 102 0.112
79 100 1
79 92 1
79 96 0.785
79 81 0.193
79 104 0.089
80 102 0.924
80 96 0.937
80 109 0.979
80 87 0.164
80 88 0.142
80 92 0.126
80 97 0.156
80 108 0.119
81 86 0.912
81 94 0.562
81 90 0.147
81 98 0.155
81 102 0.149
81 85 0.21
81 89 0.134
81 97 0.142
81 99 0.171
81 100 0.167
82 108 0.694
82 99 1
82 95 0.165
82 83 0.185
82 102 0.161
82 103 0.156
83 97 1
83 89 0.794
83 98 0.132
83 85 0.154
84 89 0.738
84 92 0.681
84 88 0.483
84 91 0.154
84 94 0.142
84 102 0.123
84 105 0.22
84 106 0.148
84 109 0.172
85 98 0.816
85 90 0.761
85 108 0.182
85 88 0.186
85 91 0.165
85 102 0.117
86 109 0.808
86 90 0.717
86 95 0.161
86 91 0.11
86 87 0.149
86 89 0.186
86 100 0.203
86 88 0.219
86 96 0.14
86 98 0.218
86 102 0.163
86 106 0.152
87 90 0.584
87 100 0.094
87 102 0.165
87 103 0.144
87 104 0.199
87 108 0.125
87 109 0.104
88 108 0.157
88 89 0.236
88 95 0.132
88 98 0.135
88 106 0.166
89 104 0.998
89 109 0.13
89 103 0.196
89 107 0.12
90 103 0.542
90 98 0.652
90 92 0.154
90 97 0.166
91 95 0.758
91 96 0.108
91 98 0.131
92 103 0.509
92 107 0.724
92 100 1
92 93 0.168
92 94 0.191
92 104 0.156
93 98 1
93 99 0.189
93 100 0.116
93 108 0.179
93 109 0.163
94 95 0.909
94 96 0.142
94 100 0.133
94 108 0.165
95 97 0.589
95 101 0.988
96 106 0.838
96 108 0.985
96 105 1
96 97 1
96 104 0.144
96 107 0.14
97 107 0.262
97 105 0.175
97 104 0.184
98 107 0.132
98 108 0.192
100 109 0.144
100 101 0.193
101 107 1
101 103 0.804
101 105 0.529
101 108 0.165
102 104 0.774
102 109 0.139
103 106 0.146
104 108 0.075
107 108 0.782
