0 59 0.842
0 47 0.852
0 77 0.735
0 5 0.821
0 81 0.637
0 55 0.819
0 66 0.655
0 64 0.729
0 30 0.767
0 109 0.815
0 35 0.137
0 21 0.086
0 26 0.154
0 96 0.057
0 12 0.121
0 19 0.139
0 29 0.168
0 31 0.178
0 44 0.138
0 46 0.138
0 52 0.168
0 61 0.122
0 65 0.171
0 68 0.134
0 70 0.192
0 73 0.161
0 92 0.173
0 93 0.152
0 98 0.165
0 104 0.128
1 23 1
1 34 0.674
1 90 0.816
1 72 0.608
1 30 1
1 44 0.554
1 18 1
1 77 0.509
1 54 0.645
1 22 0.999
1 102 0.675
1 83 0.647
1 14 0.123
1 35 0.218
1 4 0.172
1 32 0.132
1 49 0.19
1 63 0.156
1 91 0.102
1 100 0.169
1 3 0.154
1 5 0.119
1 8 0.137
1 15 0.2
1 41 0.124
1 57 0.104
1 61 0.132
1 81 0.199
1 89 0.156
2 17 0.663
2 35 0.573
2 83 0.683
2 99 0.514
2 16 0.586
2 107 1
2 63 0.845
2 62 1
2 57 0.94
2 33 0.582
2 90 0.06
2 3 0.141
2 102 0.104
2 11 0.145
2 12 0.17
2 28 0.179
2 30 0.181
2 36 0.202
2 38 0.159
2 42 0.082
2 47 0.172
2 49 0.176
2 56 0.154
2 71 0.142
2 74 0.156
2 88 0.164
3 43 0.712
3 87 0.747
3 107 1
3 67 0.835
3 49 1
3 13 0.911
3 103 0.685
3 78 1
3 74 1
3 46 0.997
3 18 0.248
3 42 0.179
3 47 0.115
3 100 0.167
3 108 0.089
3 4 0.124
3 9 0.1
3 11 0.136
3 12 0.203
3 16 0.176
3 23 0.169
3 27 0.132
3 29 0.129
3 34 0.109
3 39 0.229
3 44 0.121
3 48 0.108
3 51 0.127
3 59 0.192
3 63 0.112
3 64 0.145
3 88 0.181
3 91 0.128
3 105 0.179
3 106 0.133
4 71 0.958
4 87 0.685
4 12 0.994
4 27 0.86
4 10 0.72
4 59 0.9
4 7 1
4 105 0.854
4 83 0.648
4 44 0.154
4 88 0.236
4 107 0.139
4 8 0.13
4 34 0.184
4 51 0.131
4 86 0.155
4 9 0.141
4 24 0.188
4 30 0.215
4 33 0.15
4 36 0.146
4 46 0.16
4 49 0.153
4 60 0.152
4 70 0.156
4 78 0.164
4 82 0.122
4 97 0.157
4 100 0.176
4 103 0.143
4 109 0.157
5 63 0.656
5 85 0.704
5 28 0.808
5 100 0.742
5 31 0.935
5 90 1
5 67 0.872
5 89 0.662
5 33 1
5 44 0.091
5 69 0.412
5 12 0.151
5 24 0.166
5 88 0.125
5 8 0.135
5 32 0.114
5 34 0.131
5 41 0.113
5 47 0.153
5 48 0.161
5 52 0.106
5 57 0.148
5 62 0.186
5 73 0.177
5 76 0.163
5 77 0.143
5 96 0.152
5 105 0.129
6 53 0.92
6 39 0.825
6 52 1
6 88 0.712
6 38 0.725
6 18 0.194
6 82 0.107
6 36 0.153
6 74 0.133
6 79 0.098
6 108 0.189
6 7 0.148
6 8 0.175
6 10 0.175
6 23 0.123
6 24 0.173
6 28 0.152
6 29 0.198
6 32 0.163
6 34 0.12
6 40 0.096
6 43 0.198
6 48 0.18
6 58 0.146
6 60 0.158
6 64 0.16
6 66 0.173
6 69 0.149
6 85 0.137
6 95 0.169
6 98 0.132
6 105 0.157
7 33 0.867
7 30 0.646
7 75 0.802
7 20 0.842
7 41 0.526
7 85 0.068
7 98 0.158
7 13 0.193
7 14 0.087
7 38 0.249
7 56 0.109
7 60 0.136
7 80 0.195
7 89 0.141
7 9 0.185
7 16 0.189
7 17 0.132
7 22 0.149
7 32 0.148
7 36 0.126
7 37 0.158
7 51 0.158
7 52 0.137
7 58 0.143
7 67 0.166
7 76 0.183
7 78 0.15
7 82 0.172
7 86 0.192
7 94 0.093
7 96 0.09
7 102 0.2
7 108 0.131
8 71 1
8 29 0.65
8 35 1
8 83 0.999
8 89 0.799
8 60 0.92
8 81 0.826
8 24 0.558
8 21 0.596
8 88 0.145
8 13 0.173
8 94 0.165
8 30 0.096
8 49 0.135
8 58 0.178
8 76 0.196
8 12 0.188
8 18 0.184
8 20 0.165
8 34 0.164
8 48 0.098
8 52 0.183
8 54 0.105
8 55 0.12
8 59 0.159
8 64 0.18
8 68 0.112
8 70 0.205
8 72 0.104
8 74 0.187
8 75 0.182
8 84 0.12
8 97 0.172
8 98 0.152
8 99 0.121
8 103 0.133
8 104 0.207
9 26 0.929
9 88 0.704
9 98 0.723
9 30 0.738
9 64 0.75
9 105 1
9 84 0.76
9 108 0.929
9 103 1
9 58 0.133
9 24 0.129
9 48 0.15
9 72 0.192
9 76 0.294
9 86 0.183
9 87 0.128
9 97 0.442
9 106 0.111
9 10 0.195
9 11 0.153
9 12 0.121
9 13 0.227
9 14 0.129
9 20 0.106
9 34 0.12
9 39 0.141
9 42 0.175
9 45 0.152
9 46 0.099
9 68 0.092
9 78 0.141
9 82 0.13
9 89 0.139
9 92 0.186
9 96 0.049
9 107 0.112
10 85 0.744
10 93 0.838
10 50 0.537
10 101 1
10 19 1
10 106 0.56
10 86 0.673
10 105 0.59
10 89 1
10 49 0.889
10 14 0.066
10 18 0.154
10 11 0.153
10 20 0.16
10 35 0.196
10 57 0.122
10 17 0.09
10 21 0.09
10 40 0.133
10 42 0.185
10 43 0.174
10 53 0.155
10 65 0.147
10 67 0.124
10 76 0.155
10 77 0.151
10 92 0.192
10 95 0.169
11 23 1
11 56 0.569
11 80 0.86
11 29 1
11 107 0.843
11 85 0.743
11 90 0.608
11 72 0.726
11 69 0.974
11 40 0.824
11 50 0.276
11 16 0.163
11 21 0.192
11 89 0.354
11 102 0.175
11 12 0.155
11 19 0.116
11 27 0.13
11 28 0.218
11 32 0.188
11 33 0.191
11 38 0.165
11 64 0.118
11 68 0.14
11 78 0.168
11 81 0.132
11 87 0.17
11 88 0.127
11 92 0.103
11 95 0.152
11 96 0.119
12 16 0.761
12 21 1
12 33 0.665
12 60 0.921
12 80 0.819
12 92 1
12 13 0.141
12 78 0.088
12 22 0.187
12 24 0.114
12 43 0.126
12 29 0.101
12 57 0.117
12 61 0.122
12 67 0.115
12 68 0.184
12 73 0.131
12 74 0.17
12 93 0.17
12 103 0.146
12 108 0.111
13 35 0.749
13 41 0.836
13 94 0.837
13 65 0.785
13 61 0.742
13 46 0.842
13 85 0.556
13 97 1
13 38 0.924
13 54 1
13 14 0.836
13 51 1
13 73 0.157
13 47 0.382
13 58 0.125
13 95 0.154
13 19 0.141
13 21 0.175
13 32 0.153
13 34 0.144
13 37 0.114
13 39 0.156
13 42 0.18
13 45 0.109
13 59 0.169
13 63 0.151
13 66 0.152
13 68 0.148
13 78 0.142
13 81 0.193
13 102 0.208
13 106 0.14
14 32 0.986
14 75 0.836
14 22 0.639
14 63 0.872
14 79 0.904
14 93 0.962
14 72 0.888
14 45 0.129
14 61 0.159
14 69 0.159
14 98 0.141
14 100 0.231
14 30 0.2
14 49 0.176
14 78 0.149
14 86 0.116
14 102 0.19
14 16 0.126
14 18 0.136
14 21 0.138
14 28 0.134
14 40 0.107
14 42 0.174
14 44 0.137
14 46 0.2
14 51 0.174
14 54 0.165
14 62 0.15
14 64 0.105
14 73 0.154
14 74 0.135
14 76 0.172
14 87 0.113
14 97 0.168
14 106 0.148
15 57 0.768
15 88 1
15 59 0.706
15 76 0.627
15 103 0.973
15 50 1
15 65 0.842
15 82 0.58
15 25 1
15 43 0.573
15 94 0.915
15 54 0.688
15 69 1
15 63 0.397
15 62 0.247
15 26 0.166
15 39 0.148
15 56 0.2
15 85 0.181
15 91 0.169
15 18 0.163
15 33 0.155
15 41 0.132
15 46 0.142
15 53 0.227
15 80 0.146
15 90 0.133
16 75 0.721
16 101 0.825
16 74 0.866
16 55 1
16 49 0.701
16 37 1
16 69 0.568
16 103 0.157
16 40 0.101
16 71 0.182
16 21 0.096
16 36 0.211
16 41 0.14
16 43 0.166
16 48 0.138
16 52 0.174
16 56 0.142
16 57 0.121
16 60 0.1
16 64 0.178
16 72 0.122
16 105 0.105
17 61 0.809
17 77 0.859
17 82 0.599
17 22 0.814
17 37 0.977
17 55 0.504
17 86 0.746
17 56 0.827
17 94 0.903
17 30 0.241
17 33 0.15
17 38 0.176
17 87 0.144
17 107 0.184
17 28 0.118
17 32 0.137
17 35 0.137
17 47 0.159
17 48 0.158
17 49 0.125
17 50 0.152
17 53 0.126
17 60 0.137
17 66 0.12
17 74 0.182
17 79 0.135
17 81 0.149
17 83 0.211
17 92 0.159
17 93 0.151
17 97 0.187
17 98 0.191
17 103 0.103
18 72 0.785
18 101 0.759
18 83 0.804
18 55 0.591
18 63 0.618
18 51 0.685
18 74 0.829
18 50 0.792
18 73 0.659
18 81 1
18 69 0.101
18 71 0.155
18 20 0.103
18 34 0.141
18 35 0.145
18 38 0.16
18 39 0.14
18 41 0.196
18 56 0.161
18 66 0.173
18 78 0.16
18 79 0.15
18 82 0.169
18 99 0.138
18 102 0.102
19 26 0.564
19 103 0.916
19 42 0.993
19 47 0.86
19 55 0.761
19 108 0.869
19 94 0.569
19 74 0.113
19 82 0.147
19 54 0.163
19 65 0.167
19 77 0.158
19 79 0.165
19 88 0.231
19 39 0.169
19 52 0.177
19 58 0.078
19 69 0.095
19 71 0.157
19 85 0.153
19 90 0.16
19 93 0.181
20 103 0.9
20 53 0.846
20 97 0.616
20 88 0.573
20 45 0.169
20 52 0.164
20 84 0.208
20 92 0.127
20 22 0.15
20 35 0.14
20 37 0.135
20 43 0.118
20 47 0.19
20 49 0.167
20 50 0.161
20 57 0.173
20 63 0.092
20 65 0.126
20 77 0.115
20 82 0.123
20 94 0.103
20 98 0.201
20 101 0.197
20 109 0.198
21 89 0.975
21 104 0.897
21 80 0.89
21 35 0.631
21 24 0.981
21 98 0.609
21 84 0.648
21 61 0.904
21 38 0.779
21 25 1
21 72 0.098
21 28 0.176
21 67 0.12
21 77 0.138
21 107 0.124
21 23 0.114
21 31 0.188
21 43 0.159
21 53 0.163
21 56 0.132
21 57 0.142
21 58 0.084
21 64 0.157
21 91 0.105
21 94 0.101
21 97 0.153
22 83 1
22 55 0.877
22 58 0.774
22 81 0.833
22 86 0.795
22 75 0.708
22 85 1
22 72 0.648
22 105 0.774
22 109 0.907
22 77 0.934
22 79 0.978
22 49 0.195
22 27 0.02
22 103 0.191
22 89 0.169
22 97 0.137
22 101 0.093
22 107 0.173
22 23 0.153
22 25 0.153
22 28 0.154
22 30 0.178
22 36 0.16
22 41 0.123
22 56 0.155
22 66 0.097
22 74 0.115
22 92 0.17
22 102 0.121
23 43 0.859
23 99 1
23 75 0.875
23 94 0.986
23 55 0.84
23 77 1
23 63 1
23 24 0.289
23 73 0.123
23 30 0.12
23 38 0.209
23 98 0.169
23 101 0.183
23 40 0.127
23 49 0.146
23 78 0.104
23 91 0.214
23 97 0.141
23 104 0.162
23 105 0.143
23 109 0.123
24 53 0.99
24 94 0.942
24 80 0.805
24 30 0.971
24 86 0.734
24 52 1
24 57 1
24 50 0.98
24 59 0.581
24 32 0.578
24 28 0.816
24 78 0.593
24 51 0.157
24 81 0.039
24 87 0.085
24 95 0.164
24 29 0.104
24 25 0.142
24 26 0.077
24 35 0.17
24 48 0.138
24 62 0.148
24 63 0.109
24 68 0.121
24 71 0.146
24 72 0.118
24 77 0.136
24 82 0.18
24 85 0.125
24 89 0.128
24 92 0.115
24 102 0.122
24 103 0.146
25 27 0.992
25 83 0.608
25 86 0.979
25 92 0.794
25 93 0.963
25 68 0.214
25 102 0.117
25 64 0.033
25 69 0.129
25 107 0.181
25 33 0.125
25 36 0.053
25 37 0.119
25 43 0.171
25 58 0.105
25 70 0.195
25 90 0.148
25 97 0.174
25 100 0.167
26 38 0.716
26 61 0.564
26 67 0.656
26 86 0.948
26 90 0.785
26 96 0.883
26 66 0.673
26 97 0.874
26 78 0.873
26 47 0.124
26 84 0.118
26 27 0.152
26 31 0.139
26 42 0.137
26 43 0.119
26 46 0.161
26 52 0.154
26 53 0.133
26 65 0.145
26 69 0.205
26 71 0.09
26 95 0.222
26 103 0.164
26 108 0.109
26 109 0.192
27 28 0.697
27 53 1
27 81 0.745
27 83 0.705
27 97 0.812
27 66 0.615
27 67 0.982
27 42 0.809
27 41 0.653
27 47 0.935
27 65 0.686
27 96 0.776
27 105 1
27 90 0.988
27 29 0.886
27 35 0.909
27 85 0.129
27 39 0.169
27 50 0.214
27 62 0.204
27 87 0.147
27 108 0.189
27 36 0.135
27 40 0.158
27 43 0.131
27 52 0.158
27 63 0.186
27 80 0.101
27 86 0.161
27 93 0.144
27 100 0.143
27 103 0.128
28 94 1
28 89 0.646
28 62 0.8
28 41 0.957
28 71 1
28 75 0.867
28 95 0.936
28 104 0.739
28 93 1
28 34 0.157
28 60 0.17
28 31 0.125
28 36 0.12
28 47 0.176
28 56 0.128
28 67 0.157
28 70 0.136
28 74 0.157
28 76 0.167
28 97 0.172
28 108 0.137
29 35 0.937
29 80 0.824
29 103 0.998
29 48 1
29 67 0.608
29 73 0.974
29 69 0.607
29 74 0.977
29 90 1
29 82 0.168
29 32 0.195
29 88 0.055
29 52 0.26
29 99 0.168
29 100 0.095
29 31 0.13
29 40 0.129
29 44 0.169
29 49 0.156
29 57 0.113
29 72 0.164
29 76 0.181
29 83 0.205
29 84 0.109
29 87 0.138
29 91 0.182
29 92 0.157
29 93 0.137
30 31 0.842
30 67 0.697
30 109 1
30 85 0.808
30 98 0.567
30 47 0.137
30 49 0.074
30 70 0.21
30 63 0.165
30 64 0.138
30 71 0.216
30 108 0.18
30 53 0.166
30 58 0.189
30 75 0.147
30 79 0.142
30 81 0.132
30 90 0.156
30 92 0.153
30 97 0.128
30 105 0.138
31 67 0.691
31 71 1
31 103 0.624
31 108 0.697
31 53 0.649
31 73 0.7
31 43 0.839
31 64 0.631
31 61 0.162
31 74 0.246
31 88 0.156
31 94 0.166
31 51 0.215
31 109 0.108
31 38 0.119
31 50 0.134
31 72 0.122
31 78 0.146
31 83 0.159
31 84 0.147
31 85 0.147
31 90 0.205
31 91 0.128
31 97 0.172
31 99 0.159
32 102 0.632
32 84 1
32 109 0.703
32 107 0.927
32 64 0.804
32 39 0.699
32 79 0.627
32 58 0.807
32 36 0.897
32 40 1
32 85 1
32 90 0.125
32 51 0.157
32 59 0.181
32 61 0.125
32 67 0.137
32 82 0.106
32 93 0.16
32 34 0.172
32 47 0.104
32 65 0.148
32 70 0.232
32 74 0.133
32 80 0.199
32 89 0.205
32 101 0.168
32 104 0.139
33 69 0.875
33 97 0.944
33 106 0.984
33 53 0.749
33 74 0.845
33 48 0.552
33 58 0.511
33 47 0.155
33 89 0.187
33 109 0.148
33 40 0.177
33 41 0.154
33 50 0.132
33 51 0.168
33 59 0.118
33 72 0.164
33 87 0.139
33 100 0.15
33 102 0.156
34 49 1
34 105 1
34 63 0.608
34 101 0.836
34 53 0.837
34 69 0.795
34 36 1
34 57 0.874
34 52 0.77
34 107 0.597
34 54 0.522
34 75 0.917
34 93 0.208
34 65 0.136
34 66 0.117
34 79 0.302
34 37 0.136
34 39 0.173
34 40 0.14
34 45 0.159
34 67 0.158
34 76 0.151
34 94 0.134
34 98 0.075
34 102 0.161
34 109 0.152
35 70 0.525
35 58 1
35 56 0.114
35 96 0.144
35 40 0.136
35 47 0.112
35 50 0.149
35 59 0.119
35 102 0.207
35 37 0.145
35 44 0.179
35 48 0.085
35 49 0.137
35 51 0.17
35 55 0.107
35 63 0.127
35 68 0.154
35 69 0.184
35 80 0.108
35 83 0.164
36 58 1
36 67 0.595
36 93 0.615
36 37 0.892
36 55 0.949
36 64 1
36 38 0.984
36 45 0.673
36 94 0.935
36 46 0.765
36 85 0.976
36 73 0.631
36 84 0.131
36 63 0.019
36 79 0.163
36 54 0.139
36 57 0.136
36 80 0.158
36 91 0.138
36 99 0.158
36 104 0.219
37 88 0.924
37 91 0.541
37 46 0.717
37 78 0.933
37 100 0.809
37 108 0.981
37 49 0.899
37 93 0.97
37 41 0.146
37 72 0.165
37 73 0.17
37 79 0.172
37 102 0.09
37 103 0.094
37 105 0.133
37 38 0.18
37 47 0.173
37 51 0.192
37 52 0.158
37 54 0.12
37 62 0.134
37 66 0.153
37 69 0.187
37 71 0.179
37 76 0.126
37 80 0.139
37 82 0.094
37 83 0.138
37 92 0.114
37 94 0.208
37 104 0.196
37 106 0.141
38 63 1
38 65 0.72
38 41 0.51
38 96 0.649
38 86 0.839
38 61 0.922
38 70 0.153
38 48 0.176
38 50 0.145
38 51 0.09
38 55 0.133
38 56 0.135
38 58 0.14
38 59 0.154
38 69 0.16
38 93 0.134
38 97 0.163
38 101 0.16
38 104 0.187
39 99 0.931
39 87 0.865
39 44 0.681
39 108 0.764
39 89 0.773
39 66 1
39 41 0.147
39 69 0.117
39 76 0.191
39 96 0.023
39 55 0.128
39 58 0.078
39 67 0.178
39 70 0.12
39 86 0.116
39 93 0.106
39 94 0.194
39 97 0.176
39 101 0.162
40 91 0.675
40 67 0.956
40 65 0.532
40 82 0.961
40 95 0.849
40 66 0.838
40 71 1
40 76 1
40 68 0.571
40 81 0.199
40 83 0.258
40 51 0.206
40 52 0.14
40 89 0.167
40 90 0.195
40 92 0.162
40 104 0.151
41 45 0.993
41 102 0.741
41 51 0.762
41 94 0.771
41 106 0.625
41 49 0.699
41 46 0.132
41 87 0.193
41 64 0.177
41 68 0.163
41 74 0.126
41 77 0.172
41 80 0.199
41 82 0.171
41 84 0.093
41 89 0.148
41 95 0.127
41 96 0.134
41 99 0.159
41 101 0.121
41 107 0.192
41 109 0.115
42 46 0.705
42 50 0.805
42 43 1
42 93 0.588
42 82 1
42 57 0.697
42 53 0.426
42 47 0.163
42 52 0.151
42 58 0.189
42 61 0.147
42 109 0.166
42 62 0.128
42 79 0.157
42 80 0.156
42 89 0.176
42 98 0.159
43 70 1
43 83 1
43 54 0.611
43 64 1
43 73 0.757
43 53 0.748
43 105 0.196
43 47 0.135
43 61 0.178
43 85 0.122
43 55 0.221
43 59 0.118
43 60 0.151
43 62 0.074
43 65 0.156
43 88 0.16
43 90 0.115
43 93 0.121
44 65 1
44 101 0.899
44 87 0.727
44 45 0.589
44 109 0.67
44 89 1
44 74 0.782
44 71 0.798
44 92 1
44 60 0.031
44 98 0.164
44 47 0.161
44 70 0.154
44 80 0.078
44 83 0.185
44 50 0.16
44 55 0.163
44 56 0.134
44 63 0.167
44 69 0.125
44 104 0.106
44 105 0.138
44 107 0.153
45 50 0.554
45 59 0.894
45 86 0.709
45 63 0.857
45 76 0.887
45 94 0.945
45 75 1
45 104 0.537
45 61 0.142
45 88 0.052
45 47 0.151
45 53 0.142
45 65 0.108
45 72 0.108
45 73 0.18
45 78 0.181
45 99 0.169
45 102 0.13
45 106 0.096
46 59 0.906
46 74 0.658
46 98 0.691
46 51 0.696
46 76 0.539
46 93 0.633
46 72 0.196
46 67 0.109
46 70 0.147
46 77 0.163
46 47 0.112
46 49 0.189
46 50 0.109
46 52 0.124
46 54 0.142
46 79 0.165
46 84 0.097
46 85 0.18
46 90 0.139
46 91 0.184
46 92 0.178
46 100 0.195
46 106 0.193
47 69 0.769
47 81 0.516
47 85 0.813
47 101 0.865
47 98 0.189
47 50 0.097
47 64 0.14
47 91 0.118
47 105 0.117
47 55 0.109
47 58 0.161
47 60 0.116
47 74 0.142
47 80 0.165
47 82 0.15
47 87 0.176
47 94 0.155
47 95 0.145
47 104 0.171
48 68 0.575
48 96 0.929
48 87 0.524
48 97 0.825
48 93 0.537
48 60 0.779
48 91 0.871
48 75 0.801
48 64 0.17
48 81 0.23
48 104 0.143
48 76 0.185
48 49 0.14
48 50 0.125
48 52 0.151
48 55 0.13
48 61 0.181
48 63 0.139
48 70 0.116
48 77 0.194
48 78 0.196
48 79 0.128
48 94 0.131
48 100 0.162
48 101 0.15
48 106 0.154
49 70 0.885
49 79 0.988
49 100 0.746
49 61 1
49 99 0.762
49 97 0.669
49 109 0.919
49 91 0.18
49 75 0.147
49 53 0.126
49 60 0.142
49 74 0.007
49 57 0.092
49 59 0.065
49 68 0.088
49 73 0.167
49 89 0.122
49 96 0.19
49 107 0.125
50 66 0.91
50 82 0.934
50 106 0.727
50 68 0.72
50 57 0.224
50 64 0.104
50 70 0.014
50 85 0.163
50 95 0.203
50 103 0.14
50 53 0.17
50 55 0.225
50 56 0.164
50 60 0.121
50 67 0.181
50 77 0.148
50 78 0.148
50 79 0.185
50 83 0.169
50 89 0.133
50 92 0.104
50 94 0.198
50 98 0.184
50 99 0.149
50 104 0.155
51 53 0.553
51 90 0.961
51 63 1
51 85 0.414
51 108 1
51 68 0.198
51 73 0.184
51 79 0.058
51 80 0.15
51 87 0.126
51 105 0.101
51 106 0.137
51 52 0.114
51 54 0.178
51 55 0.15
51 56 0.147
51 57 0.22
51 60 0.155
51 74 0.133
51 77 0.158
51 100 0.151
51 109 0.176
52 72 0.892
52 62 0.876
52 78 1
52 93 0.98
52 90 1
52 75 0.918
52 61 0.525
52 82 0.269
52 105 0.181
52 94 0.154
52 53 0.117
52 57 0.145
52 58 0.128
52 59 0.149
52 86 0.1
52 89 0.148
52 91 0.136
52 95 0.161
52 99 0.125
52 102 0.166
52 103 0.116
53 60 0.887
53 59 0.77
53 108 0.895
53 75 1
53 84 0.806
53 81 0.79
53 56 0.837
53 92 0.898
53 100 0.618
53 64 0.071
53 54 0.146
53 63 0.156
53 72 0.144
53 94 0.161
53 97 0.166
53 101 0.108
53 102 0.189
53 103 0.144
53 106 0.141
53 107 0.153
54 95 1
54 80 0.697
54 59 0.919
54 105 1
54 64 0.617
54 73 0.957
54 92 0.946
54 78 0.881
54 99 0.053
54 67 0.15
54 76 0.193
54 71 0.186
54 72 0.139
54 77 0.144
54 90 0.202
54 56 0.091
54 61 0.149
54 68 0.112
54 85 0.113
54 86 0.128
54 101 0.214
54 102 0.133
54 103 0.182
54 104 0.166
54 106 0.147
54 109 0.17
55 108 0.826
55 98 0.605
55 58 0.807
55 92 1
55 103 1
55 67 0.698
55 69 0.184
55 101 0.109
55 59 0.127
55 78 0.149
55 84 0.113
55 85 0.155
55 106 0.127
56 83 0.804
56 99 0.5
56 64 0.892
56 106 0.943
56 60 0.818
56 98 0.863
56 61 0.762
56 73 1
56 71 0.117
56 74 0.241
56 97 0.178
56 58 0.173
56 62 0.15
56 65 0.133
56 67 0.193
56 69 0.162
56 77 0.168
56 78 0.129
56 87 0.134
56 89 0.143
56 93 0.139
56 101 0.133
56 105 0.117
56 107 0.135
56 109 0.123
57 90 0.629
57 89 0.84
57 74 0.796
57 82 1
57 96 0.153
57 58 0.103
57 71 0.145
57 80 0.162
57 87 0.173
57 91 0.129
57 93 0.18
57 95 0.111
57 106 0.195
57 108 0.191
57 109 0.136
58 74 0.803
58 109 0.57
58 61 0.141
58 64 0.193
58 69 0.217
58 75 0.194
58 79 0.15
58 81 0.128
58 89 0.128
58 104 0.115
58 107 0.125
58 108 0.18
59 85 1
59 84 0.673
59 105 0.947
59 95 0.973
59 100 0.773
59 60 0.202
59 62 0.147
59 82 0.154
59 106 0.138
59 107 0.126
59 63 0.197
59 70 0.111
59 72 0.129
59 86 0.113
59 93 0.215
59 97 0.163
60 103 0.84
60 91 0.762
60 82 1
60 79 1
60 64 0.19
60 90 0.166
60 66 0.189
60 70 0.183
60 73 0.151
60 85 0.123
60 89 0.109
60 94 0.185
60 101 0.173
60 102 0.126
60 105 0.19
60 109 0.182
61 82 0.976
61 95 0.77
61 85 0.841
61 86 0.631
61 62 0.203
61 70 0.138
61 76 0.183
61 84 0.143
61 90 0.124
61 91 0.145
61 98 0.186
62 84 1
62 74 0.983
62 99 0.132
62 69 0.226
62 75 0.125
62 77 0.16
62 91 0.142
63 108 0.769
63 96 0.641
63 88 0.862
63 83 0.907
63 64 0.09
63 84 0.201
63 105 0.113
63 79 0.175
63 80 0.101
63 86 0.175
63 89 0.213
63 101 0.145
64 74 0.804
64 94 0.628
64 99 0.833
64 96 0.98
64 83 0.923
64 69 0.86
64 108 0.531
64 68 0.121
64 89 0.115
64 90 0.15
64 98 0.193
64 66 0.127
64 76 0.156
64 93 0.17
64 104 0.133
65 85 0.834
65 107 1
65 104 0.907
65 87 1
65 69 0.665
65 102 0.889
65 97 1
65 91 0.857
65 90 0.743
65 78 0.909
65 66 0.147
65 67 0.194
65 68 0.134
65 76 0.123
65 77 0.123
65 84 0.137
65 103 0.102
66 68 0.801
66 80 0.881
66 91 0.664
66 73 0.117
66 85 0.174
66 99 0.101
66 105 0.185
66 109 0.183
66 79 0.172
66 83 0.15
66 89 0.169
66 92 0.107
66 101 0.13
66 107 0.124
67 100 0.769
67 80 0.925
67 84 0.847
67 89 1
67 107 0.864
67 98 0.979
67 90 0.163
67 87 0.149
67 75 0.135
67 86 0.116
67 104 0.136
67 105 0.182
67 78 0.15
67 82 0.141
67 83 0.159
67 94 0.101
67 108 0.122
68 71 0.971
68 75 0.105
68 74 0.205
68 81 0.12
68 82 0.146
68 88 0.134
68 89 0.121
68 95 0.128
69 87 0.864
69 91 0.742
69 83 0.611
69 79 1
69 72 0.72
69 89 1
69 74 0.16
69 76 0.198
69 81 0.196
69 97 0.176
69 99 0.115
70 96 0.995
70 93 0.803
70 71 0.201
70 75 0.142
70 78 0.131
70 92 0.135
70 100 0.172
70 104 0.149
71 76 0.747
71 99 0.812
71 106 1
71 86 0.967
71 91 0.663
71 79 0.16
71 74 0.388
71 80 0.134
71 83 0.181
71 109 0.157
72 82 0.875
72 101 0.547
72 96 0.917
72 75 0.795
72 85 0.672
72 74 0.849
72 90 0.854
72 99 0.905
72 109 0.968
72 79 0.135
72 88 0.134
72 76 0.124
72 80 0.151
72 81 0.207
72 95 0.179
72 106 0.126
73 99 0.633
73 93 0.66
73 80 0.874
73 77 0.153
73 87 0.167
73 74 0.103
73 79 0.105
73 91 0.061
73 97 0.125
73 103 0.155
73 104 0.139
74 89 0.699
74 98 0.732
74 107 0.805
74 101 0.833
74 95 1
74 93 0.882
74 86 0.118
74 80 0.182
74 99 0.147
75 84 0.893
75 79 0.717
75 91 0.611
75 81 0.764
75 82 0.743
75 76 0.19
75 107 0.173
76 102 1
76 105 0.704
76 97 0.568
76 82 0.154
76 88 0.188
76 92 0.156
76 95 0.16
76 96 0.143
76 108 0.159
77 86 0.826
77 89 0.523
77 81 0.17
77 83 0.203
77 84 0.15
77 82 0.151
77 95 0.149
77 100 0.168
77 106 0.188
78 90 1
78 96 1
78 108 0.928
78 103 0.794
78 92 0.812
78 87 0.902
78 107 0.174
78 93 0.167
78 99 0.211
78 100 0.183
79 100 0.957
79 92 0.642
79 96 0.622
79 98 0.169
79 82 0.159
79 86 0.083
79 90 0.133
79 91 0.197
79 97 0.123
79 107 0.172
80 102 1
80 96 0.865
80 109 1
80 85 0.082
80 82 0.187
80 95 0.177
80 107 0.151
81 86 0.896
81 94 0.518
81 99 0.171
81 87 0.155
81 102 0.151
81 103 0.177
81 85 0.098
81 98 0.162
81 105 0.182
81 107 0.129
82 108 1
82 99 0.681
82 92 0.171
82 101 0.139
82 103 0.153
83 97 1
83 89 0.846
83 85 0.189
83 87 0.128
83 91 0.131
83 98 0.076
83 103 0.163
83 105 0.172
84 89 0.628
84 95 0.133
84 101 0.038
84 91 0.168
84 93 0.117
84 92 0.061
84 97 0.084
85 98 0.803
85 90 0.914
85 96 0.132
85 91 0.128
85 92 0.168
85 86 0.155
85 89 0.129
85 93 0.158
85 97 0.102
85 103 0.13
86 109 0.639
86 98 0.062
86 97 0.2
86 91 0.13
86 99 0.138
87 90 0.893
88 93 0.123
88 107 0.106
88 94 0.192
88 95 0.171
88 97 0.13
88 100 0.158
88 101 0.151
88 108 0.158
89 104 1
89 103 0.129
89 101 0.071
90 103 0.79
90 99 0.011
90 91 0.168
90 93 0.14
90 95 0.095
90 106 0.132
91 95 0.791
91 100 0.176
92 103 0.666
92 107 0.963
92 100 0.941
92 102 0.139
92 104 0.175
92 109 0.124
93 98 0.867
93 94 0.518
93 95 0.081
93 97 0.111
93 99 0.158
93 101 0.15
93 106 0.156
93 107 0.182
93 109 0.11
94 97 0.123
94 103 0.125
94 107 0.171
95 97 0.591
95 101 0.968
95 100 0.196
95 102 0.191
96 106 0.602
96 108 0.854
96 105 0.931
96 97 0.767
96 103 0.016
96 99 0.177
96 109 0.142
97 105 0.148
97 107 0.2
97 108 0.137
98 101 0.238
98 102 0.212
100 109 0.146
101 107 0.992
101 103 0.937
101 109 0.143
101 106 0.14
101 108 0.225
102 104 0.872
102 103 0.318
102 109 0.163
103 105 0.192
103 106 0.181
104 106 0.336
104 109 0.136
105 109 0.14
106 109 0.125
106 107 0.191
107 108 0.786
