0 13 1
0 77 0.89
0 79 1
0 50 1
0 9 0.676
0 46 0.541
0 91 0.881
0 59 0.091
0 47 0.161
0 5 0.242
0 18 0.146
0 42 0.158
0 66 0.292
0 96 0.201
0 98 0.098
0 19 0.14
0 30 0.201
0 43 0.166
0 53 0.215
0 55 0.204
0 65 0.178
0 67 0.113
0 88 0.165
0 92 0.16
0 100 0.164
0 104 0.135
0 109 0.155
1 15 0.621
1 27 0.526
1 49 0.777
1 73 0.834
1 103 0.846
1 94 0.877
1 101 0.947
1 78 0.746
1 35 0.127
1 52 0.163
1 60 0.526
1 51 0.132
1 59 0.115
1 85 0.114
1 107 0.176
1 3 0.177
1 4 0.166
1 16 0.183
1 17 0.139
1 19 0.157
1 21 0.158
1 24 0.094
1 28 0.105
1 40 0.182
1 42 0.168
1 43 0.164
1 44 0.158
1 46 0.114
1 47 0.187
1 53 0.149
1 55 0.135
1 67 0.095
1 70 0.185
1 86 0.145
1 90 0.15
1 92 0.172
1 105 0.154
2 98 0.728
2 100 1
2 39 0.727
2 62 0.538
2 20 0.815
2 42 0.884
2 61 0.872
2 99 0.576
2 89 0.156
2 41 0.172
2 67 0.525
2 79 0.163
2 64 0.135
2 85 0.166
2 5 0.128
2 10 0.186
2 12 0.162
2 15 0.128
2 29 0.184
2 34 0.127
2 35 0.125
2 40 0.104
2 52 0.134
2 65 0.136
2 87 0.19
2 90 0.144
2 95 0.133
2 106 0.157
2 109 0.193
3 68 0.832
3 11 0.67
3 81 0.644
3 89 0.72
3 45 1
3 21 0.097
3 6 0.164
3 8 0.177
3 85 0.179
3 101 0.204
3 5 0.17
3 13 0.094
3 18 0.146
3 26 0.196
3 27 0.157
3 31 0.169
3 32 0.108
3 40 0.1
3 47 0.127
3 49 0.128
3 50 0.142
3 54 0.073
3 64 0.114
3 66 0.152
3 70 0.22
3 77 0.116
3 91 0.137
3 92 0.103
4 79 1
4 76 0.991
4 17 0.752
4 45 0.829
4 37 0.863
4 87 0.654
4 54 0.744
4 78 0.799
4 28 0.511
4 6 0.688
4 64 0.892
4 34 0.83
4 77 0.232
4 30 0.186
4 92 0.076
4 15 0.228
4 24 0.159
4 106 0.13
4 7 0.136
4 8 0.165
4 11 0.099
4 14 0.122
4 20 0.174
4 23 0.254
4 44 0.162
4 46 0.151
4 60 0.102
4 63 0.135
4 67 0.089
4 69 0.159
4 86 0.133
4 103 0.153
5 91 0.528
5 94 0.873
5 101 0.654
5 39 0.95
5 102 0.992
5 9 0.95
5 60 0.609
5 76 1
5 6 0.712
5 104 0.819
5 95 1
5 18 0.175
5 10 0.119
5 31 0.114
5 7 0.189
5 15 0.041
5 16 0.16
5 81 0.21
5 97 0.164
5 8 0.172
5 12 0.164
5 21 0.184
5 23 0.152
5 34 0.194
5 43 0.194
5 50 0.156
5 51 0.17
5 57 0.14
5 62 0.172
5 65 0.15
5 66 0.152
5 68 0.104
5 71 0.108
5 77 0.1
5 86 0.158
5 103 0.097
5 105 0.167
6 18 1
6 48 0.957
6 95 0.514
6 66 1
6 68 0.677
6 42 1
6 72 0.841
6 13 0.726
6 87 0.774
6 58 0.954
6 67 0.816
6 12 0.163
6 22 0.171
6 36 0.084
6 92 0.152
6 10 0.118
6 17 0.151
6 25 0.18
6 31 0.162
6 34 0.119
6 70 0.186
6 78 0.14
6 80 0.096
6 94 0.197
7 29 0.677
7 33 0.596
7 92 0.931
7 39 0.566
7 51 0.692
7 8 0.189
7 24 0.156
7 36 0.135
7 45 0.239
7 90 0.121
7 101 0.162
7 11 0.153
7 23 0.153
7 27 0.168
7 30 0.178
7 40 0.135
7 47 0.151
7 55 0.17
7 61 0.153
7 66 0.129
7 67 0.199
7 68 0.17
7 71 0.142
7 77 0.162
7 95 0.162
7 100 0.145
7 107 0.164
8 23 1
8 37 0.661
8 91 0.586
8 26 0.727
8 10 0.643
8 78 0.6
8 46 0.937
8 59 1
8 30 0.751
8 67 0.919
8 44 0.678
8 86 0.655
8 69 0.932
8 51 0.118
8 61 0.135
8 12 0.181
8 60 0.08
8 82 0.175
8 17 0.133
8 36 0.129
8 47 0.151
8 50 0.117
8 57 0.194
8 58 0.176
8 76 0.146
8 77 0.117
8 83 0.171
8 84 0.162
8 89 0.148
8 90 0.159
8 105 0.164
8 108 0.146
9 71 0.784
9 98 0.8
9 30 0.65
9 52 0.655
9 72 0.87
9 36 0.895
9 107 0.68
9 70 0.917
9 109 0.739
9 66 0.802
9 24 1
9 79 0.681
9 84 1
9 48 0.125
9 37 0.15
9 44 0.171
9 45 0.164
9 50 0.17
9 13 0.123
9 19 0.135
9 22 0.158
9 27 0.165
9 32 0.158
9 34 0.194
9 39 0.134
9 46 0.138
9 47 0.126
9 54 0.101
9 56 0.096
9 74 0.172
9 83 0.145
9 87 0.152
9 91 0.096
9 100 0.175
9 103 0.128
10 67 0.798
10 107 0.656
10 62 0.796
10 69 0.905
10 17 0.931
10 93 1
10 47 0.136
10 14 0.177
10 21 0.149
10 24 0.128
10 30 0.128
10 55 0.1
10 78 0.137
10 87 0.168
10 96 0.151
10 101 0.119
10 109 0.132
10 22 0.125
10 27 0.204
10 33 0.122
10 41 0.154
10 50 0.113
10 51 0.196
10 66 0.129
10 80 0.125
10 81 0.119
10 92 0.154
10 97 0.177
10 99 0.149
10 100 0.168
10 102 0.115
10 103 0.134
10 104 0.156
10 106 0.17
11 84 0.681
11 86 1
11 81 0.97
11 99 0.845
11 35 0.955
11 105 0.908
11 93 0.937
11 66 0.807
11 12 0.962
11 16 0.324
11 42 0.17
11 53 0.12
11 23 0.132
11 27 0.105
11 29 0.153
11 32 0.113
11 33 0.152
11 36 0.141
11 44 0.151
11 45 0.185
11 47 0.15
11 48 0.154
11 49 0.159
11 51 0.155
11 54 0.125
11 57 0.198
11 62 0.138
11 64 0.117
11 67 0.191
11 83 0.187
11 85 0.143
11 88 0.149
12 93 1
12 99 0.903
12 102 0.75
12 39 0.828
12 83 0.924
12 25 0.851
12 33 0.682
12 55 0.501
12 15 0.186
12 74 0.163
12 38 0.136
12 90 0.146
12 20 0.157
12 22 0.173
12 23 0.187
12 29 0.159
12 31 0.212
12 34 0.126
12 35 0.188
12 40 0.231
12 41 0.175
12 46 0.172
12 52 0.122
12 57 0.134
12 64 0.166
12 69 0.138
12 75 0.143
12 76 0.151
12 91 0.188
12 92 0.111
12 106 0.166
13 78 0.613
13 108 0.605
13 76 0.676
13 57 0.971
13 102 0.865
13 69 0.759
13 16 0.837
13 109 0.746
13 101 0.911
13 49 0.218
13 85 0.131
13 93 0.115
13 34 0.096
13 107 0.161
13 17 0.134
13 14 0.168
13 15 0.215
13 18 0.111
13 19 0.178
13 23 0.2
13 59 0.151
13 73 0.12
13 75 0.162
13 81 0.131
13 95 0.153
14 35 0.837
14 89 0.854
14 91 0.875
14 102 0.796
14 15 0.902
14 21 0.963
14 69 0.834
14 86 0.95
14 55 1
14 60 0.055
14 67 0.139
14 27 0.056
14 30 0.13
14 54 0.234
14 70 0.188
14 76 0.036
14 18 0.106
14 20 0.139
14 22 0.176
14 23 0.145
14 29 0.167
14 33 0.182
14 41 0.104
14 56 0.186
14 62 0.13
14 73 0.106
14 78 0.195
14 95 0.071
14 99 0.225
14 106 0.153
15 37 0.908
15 93 0.613
15 106 0.801
15 88 0.989
15 80 0.907
15 57 1
15 34 0.648
15 83 0.618
15 92 0.793
15 68 0.739
15 19 0.98
15 49 0.209
15 52 0.114
15 53 0.145
15 56 0.163
15 75 0.204
15 91 0.143
15 100 0.144
15 26 0.143
15 28 0.147
15 48 0.163
15 60 0.213
15 67 0.134
15 73 0.148
15 74 0.168
15 77 0.166
15 96 0.202
15 97 0.114
15 98 0.121
15 101 0.185
15 105 0.127
16 81 1
16 101 1
16 85 0.592
16 73 0.983
16 46 0.54
16 100 0.85
16 53 0.771
16 60 0.982
16 67 0.892
16 74 0.673
16 97 0.821
16 59 0.128
16 77 0.18
16 17 0.108
16 19 0.097
16 26 0.139
16 31 0.174
16 39 0.136
16 43 0.136
16 44 0.153
16 47 0.191
16 48 0.167
16 64 0.103
16 89 0.156
16 95 0.111
16 102 0.116
17 38 1
17 50 1
17 37 0.884
17 51 1
17 44 0.894
17 103 0.63
17 66 1
17 101 0.924
17 31 0.151
17 42 0.197
17 64 0.13
17 74 0.18
17 55 0.12
17 61 0.145
17 91 0.286
17 20 0.089
17 26 0.16
17 30 0.127
17 32 0.172
17 45 0.165
17 48 0.133
17 62 0.079
17 71 0.152
17 77 0.169
17 87 0.157
17 105 0.146
17 107 0.161
17 108 0.155
18 31 0.844
18 34 0.526
18 92 0.497
18 104 1
18 21 0.917
18 45 1
18 51 0.59
18 107 0.918
18 69 0.795
18 62 0.583
18 53 0.121
18 77 0.195
18 88 0.144
18 47 0.131
18 58 0.208
18 59 0.144
18 80 0.191
18 36 0.184
18 37 0.159
18 40 0.171
18 41 0.18
18 46 0.241
18 71 0.178
18 82 0.14
18 85 0.164
18 90 0.154
18 94 0.128
18 95 0.112
18 99 0.137
19 77 0.905
19 103 0.894
19 66 0.683
19 34 0.933
19 88 0.753
19 102 0.933
19 30 0.05
19 42 0.262
19 62 0.19
19 23 0.146
19 24 0.17
19 28 0.165
19 35 0.146
19 36 0.183
19 39 0.172
19 41 0.146
19 51 0.166
19 52 0.192
19 56 0.192
19 57 0.2
19 65 0.14
19 73 0.162
19 74 0.164
19 76 0.191
19 85 0.169
19 98 0.152
20 36 0.875
20 60 0.681
20 29 1
20 48 0.619
20 78 0.713
20 55 0.93
20 98 0.696
20 84 0.881
20 76 1
20 102 0.785
20 52 0.226
20 28 0.117
20 31 0.116
20 42 0.13
20 77 0.116
20 85 0.335
20 96 0.137
20 109 0.124
20 27 0.146
20 34 0.135
20 40 0.097
20 47 0.108
20 49 0.112
20 51 0.171
20 63 0.145
20 68 0.133
20 70 0.191
20 90 0.159
20 104 0.135
21 29 0.896
21 49 0.766
21 24 0.684
21 102 0.883
21 101 0.955
21 105 0.665
21 33 0.77
21 48 1
21 79 0.688
21 109 0.889
21 53 0.179
21 27 0.154
21 66 0.105
21 67 0.171
21 69 0.138
21 22 0.202
21 34 0.139
21 38 0.147
21 43 0.147
21 51 0.169
21 52 0.165
21 54 0.147
21 57 0.133
21 63 0.18
21 68 0.161
21 70 0.176
21 98 0.136
21 99 0.179
21 103 0.241
22 27 0.895
22 107 0.903
22 92 0.832
22 85 0.685
22 58 0.866
22 73 1
22 56 0.645
22 26 0.169
22 81 0.141
22 23 0.226
22 39 0.155
22 24 0.147
22 34 0.15
22 49 0.091
22 54 0.186
22 63 0.123
22 83 0.131
22 86 0.208
22 88 0.191
22 95 0.144
22 96 0.175
23 32 0.967
23 73 0.982
23 87 0.849
23 53 0.929
23 56 0.764
23 51 0.18
23 64 0.164
23 34 0.197
23 35 0.178
23 39 0.141
23 72 0.096
23 24 0.092
23 36 0.172
23 47 0.144
23 48 0.156
23 49 0.174
23 62 0.128
23 74 0.108
23 84 0.139
23 85 0.179
23 95 0.183
23 97 0.169
23 100 0.102
24 58 0.635
24 65 0.546
24 71 0.67
24 87 0.652
24 82 0.943
24 109 0.678
24 25 0.969
24 108 0.82
24 99 1
24 36 0.957
24 30 0.623
24 102 0.709
24 59 1
24 56 0.924
24 45 0.173
24 74 0.105
24 33 0.156
24 48 0.137
24 62 0.148
24 69 0.165
24 32 0.215
24 34 0.119
24 54 0.12
24 63 0.156
24 72 0.125
24 80 0.18
24 85 0.175
24 88 0.133
24 92 0.158
25 79 0.51
25 33 0.787
25 90 0.749
25 59 0.665
25 57 0.858
25 48 0.741
25 101 0.965
25 53 0.747
25 97 0.839
25 65 0.928
25 75 0.664
25 61 0.133
25 74 0.105
25 35 0.176
25 46 0.173
25 51 0.118
25 58 0.127
25 64 0.139
25 66 0.131
25 76 0.125
25 84 0.114
25 89 0.137
25 91 0.117
25 100 0.134
25 107 0.107
25 109 0.165
26 96 0.881
26 36 0.767
26 83 0.875
26 89 0.841
26 63 0.531
26 62 0.784
26 94 1
26 30 0.149
26 104 0.174
26 29 0.158
26 53 0.149
26 55 0.029
26 65 0.045
26 27 0.101
26 32 0.135
26 35 0.127
26 37 0.177
26 40 0.148
26 48 0.15
26 52 0.205
26 59 0.124
26 66 0.16
26 69 0.109
26 74 0.115
26 80 0.14
26 82 0.146
26 87 0.169
26 105 0.176
26 109 0.124
27 34 1
27 87 0.933
27 104 0.859
27 81 0.922
27 32 0.709
27 49 0.76
27 76 0.814
27 96 1
27 61 0.653
27 60 0.589
27 84 0.164
27 103 0.278
27 98 0.132
27 69 0.127
27 72 0.178
27 74 0.163
27 85 0.198
27 35 0.152
27 38 0.145
27 39 0.169
27 47 0.11
27 51 0.136
27 79 0.155
27 99 0.152
27 106 0.161
28 40 0.873
28 107 1
28 79 0.602
28 102 0.661
28 62 0.992
28 33 0.832
28 88 0.726
28 97 0.682
28 38 0.812
28 105 0.112
28 36 0.143
28 51 0.182
28 55 0.12
28 57 0.056
28 58 0.15
28 64 0.121
28 67 0.166
28 69 0.162
28 70 0.154
28 85 0.15
28 87 0.134
28 91 0.119
28 92 0.099
28 93 0.155
28 94 0.105
28 108 0.156
28 109 0.131
29 76 0.894
29 80 0.726
29 55 0.605
29 57 0.815
29 91 0.842
29 82 0.713
29 108 0.721
29 31 0.111
29 35 0.084
29 60 0.14
29 78 0.144
29 46 0.132
29 67 0.134
29 68 0.141
29 89 0.125
29 98 0.17
29 106 0.107
30 78 0.785
30 89 0.876
30 96 0.707
30 48 0.928
30 50 0.153
30 97 0.158
30 36 0.149
30 41 0.166
30 64 0.193
30 69 0.161
30 92 0.135
30 34 0.2
30 37 0.141
30 46 0.118
30 58 0.159
30 77 0.156
30 79 0.134
30 80 0.206
30 83 0.143
30 91 0.123
30 99 0.148
30 100 0.182
30 102 0.219
31 67 0.662
31 86 0.897
31 99 1
31 44 0.688
31 108 1
31 84 0.765
31 106 0.893
31 104 1
31 72 0.291
31 85 0.162
31 95 0.19
31 32 0.076
31 42 0.158
31 40 0.129
31 45 0.11
31 47 0.133
31 50 0.178
31 56 0.114
31 59 0.135
31 71 0.159
31 73 0.112
31 76 0.157
31 79 0.152
31 91 0.116
31 103 0.146
32 39 0.778
32 78 0.835
32 80 0.702
32 81 1
32 104 0.793
32 68 0.779
32 97 0.787
32 84 0.16
32 40 0.111
32 63 0.1
32 94 0.181
32 33 0.097
32 38 0.123
32 60 0.175
32 62 0.124
32 69 0.184
32 72 0.15
32 74 0.127
32 86 0.119
32 98 0.169
32 106 0.175
33 80 0.764
33 98 0.819
33 65 1
33 49 0.637
33 69 0.896
33 92 0.744
33 93 0.648
33 58 1
33 66 0.774
33 53 0.603
33 47 0.109
33 57 0.1
33 61 0.054
33 77 0.231
33 35 0.122
33 36 0.144
33 38 0.16
33 39 0.124
33 40 0.135
33 52 0.141
33 60 0.128
33 67 0.186
33 72 0.164
33 73 0.131
33 84 0.135
33 87 0.131
33 108 0.166
34 84 0.838
34 50 1
34 91 0.806
34 93 0.764
34 94 0.643
34 75 0.858
34 90 0.906
34 92 0.89
34 38 0.122
34 55 0.151
34 60 0.178
34 99 0.105
34 51 0.115
34 57 0.173
34 64 0.138
34 79 0.089
34 83 0.1
34 96 0.155
34 100 0.195
34 108 0.113
34 109 0.119
35 47 0.951
35 107 1
35 102 0.573
35 48 0.783
35 84 0.612
35 81 1
35 85 1
35 96 0.319
35 90 0.293
35 91 0.304
35 53 0.203
35 73 0.137
35 76 0.182
35 39 0.157
35 44 0.127
35 71 0.142
35 78 0.171
35 79 0.164
35 95 0.18
35 97 0.153
35 103 0.14
36 70 0.951
36 87 0.847
36 105 0.885
36 71 0.944
36 76 0.516
36 86 0.173
36 94 0.206
36 98 0.154
36 44 0.164
36 93 0.183
36 102 0.186
36 106 0.161
36 109 0.102
36 38 0.152
36 51 0.153
36 60 0.129
36 61 0.12
36 62 0.135
36 81 0.189
36 85 0.173
36 90 0.069
36 96 0.097
36 107 0.156
37 72 0.721
37 93 1
37 46 1
37 105 0.865
37 92 0.171
37 77 0.209
37 88 0.081
37 41 0.124
37 49 0.162
37 61 0.148
37 68 0.177
37 71 0.183
37 74 0.138
37 90 0.145
37 96 0.16
37 101 0.162
37 102 0.179
37 109 0.145
38 70 0.909
38 74 0.736
38 45 0.829
38 62 0.823
38 84 0.618
38 79 0.601
38 77 0.555
38 91 0.897
38 57 0.979
38 47 0.755
38 66 0.523
38 54 0.133
38 106 0.005
38 41 0.16
38 44 0.203
38 63 0.216
38 80 0.142
38 87 0.151
38 100 0.183
38 103 0.124
39 44 0.822
39 79 0.692
39 93 0.985
39 61 0.863
39 106 0.841
39 85 0.932
39 59 0.213
39 60 0.113
39 62 0.115
39 77 0.169
39 102 0.184
39 42 0.155
39 45 0.125
39 51 0.177
39 56 0.189
39 65 0.155
39 69 0.155
39 78 0.13
39 101 0.18
40 56 0.854
40 53 1
40 85 0.813
40 50 1
40 80 0.983
40 48 0.907
40 42 0.895
40 54 0.885
40 46 1
40 65 0.795
40 87 0.965
40 102 0.14
40 41 0.17
40 47 0.165
40 49 0.168
40 73 0.165
40 75 0.148
40 83 0.15
40 95 0.101
40 96 0.139
40 98 0.122
40 103 0.118
41 109 1
41 85 0.695
41 81 1
41 70 0.583
41 45 0.797
41 73 0.948
41 55 0.973
41 83 0.003
41 93 0.066
41 89 0.192
41 59 0.17
41 97 0.162
41 102 0.131
41 44 0.137
41 49 0.091
41 50 0.185
41 52 0.16
41 62 0.187
41 66 0.154
41 72 0.154
41 76 0.151
41 84 0.127
41 88 0.156
41 90 0.134
41 94 0.162
41 99 0.199
42 54 0.952
42 59 1.0
42 77 0.675
42 60 0.841
42 48 0.986
42 55 0.642
42 50 0.2
42 75 0.138
42 45 0.136
42 47 0.145
42 53 0.142
42 62 0.168
42 63 0.151
42 66 0.136
42 70 0.096
42 73 0.136
42 76 0.136
42 84 0.173
42 91 0.164
42 97 0.15
42 98 0.17
43 83 0.761
43 91 0.758
43 100 0.861
43 68 0.599
43 82 1
43 61 0.105
43 86 0.144
43 48 0.186
43 56 0.212
43 77 0.145
43 60 0.176
43 65 0.146
43 66 0.158
43 71 0.131
43 76 0.155
43 79 0.139
43 90 0.157
43 95 0.104
44 94 0.875
44 91 0.75
44 103 0.904
44 71 0.948
44 100 0.999
44 51 0.998
44 88 0.787
44 60 0.862
44 99 0.745
44 96 0.155
44 54 0.132
44 55 0.193
44 61 0.19
44 64 0.159
44 68 0.125
44 73 0.16
44 76 0.151
44 81 0.163
44 86 0.147
44 104 0.175
44 108 0.146
45 89 1
45 99 0.831
45 103 1
45 46 0.816
45 77 1
45 71 0.704
45 53 0.78
45 60 0.521
45 76 0.189
45 49 0.187
45 55 0.167
45 94 0.078
45 100 0.211
45 104 0.166
45 81 0.161
45 108 0.165
46 99 1
46 92 0.642
46 59 0.916
46 76 0.041
46 84 0.102
46 100 0.125
46 47 0.156
46 50 0.161
46 57 0.203
46 58 0.153
46 62 0.149
46 68 0.142
46 72 0.166
46 78 0.127
46 82 0.125
46 85 0.157
46 86 0.081
46 89 0.075
46 97 0.191
46 105 0.186
47 49 0.734
47 85 1
47 60 0.877
47 81 0.744
47 76 1.0
47 102 0.105
47 54 0.142
47 56 0.144
47 66 0.159
47 78 0.183
47 108 0.153
47 53 0.191
47 55 0.141
47 61 0.209
47 62 0.139
47 67 0.148
47 72 0.112
47 84 0.097
47 88 0.152
47 96 0.092
47 103 0.11
47 104 0.199
48 88 1
48 104 0.964
48 106 0.733
48 55 0.179
48 67 0.097
48 105 0.198
48 58 0.095
48 65 0.152
48 92 0.03
48 94 0.174
48 97 0.149
48 98 0.119
48 108 0.096
48 53 0.155
48 56 0.117
48 76 0.151
48 81 0.147
48 82 0.122
48 95 0.111
48 100 0.076
48 103 0.137
49 103 0.931
49 53 0.688
49 92 0.905
49 72 0.801
49 107 0.657
49 59 0.164
49 75 0.153
49 70 0.143
49 54 0.194
49 67 0.156
49 69 0.125
49 78 0.163
49 81 0.102
49 57 0.128
49 80 0.153
49 85 0.171
49 86 0.165
50 76 1
50 103 0.824
50 101 0.81
50 84 0.876
50 54 0.093
50 75 0.18
50 53 0.21
50 55 0.123
50 59 0.144
50 60 0.15
50 63 0.163
50 66 0.169
50 78 0.147
50 80 0.175
50 86 0.134
50 94 0.136
50 99 0.155
50 102 0.092
51 53 0.613
51 59 0.826
51 104 0.942
51 76 1
51 103 0.825
51 57 0.103
51 58 0.152
51 63 0.178
51 65 0.129
51 68 0.156
51 70 0.114
51 72 0.134
51 90 0.148
51 93 0.163
51 102 0.153
51 107 0.232
52 76 1
52 97 0.737
52 100 0.724
52 87 0.811
52 84 0.111
52 102 0.192
52 58 0.12
52 73 0.169
52 83 0.131
52 85 0.135
53 88 0.865
53 86 0.817
53 70 0.892
53 58 0.935
53 67 0.889
53 108 0.892
53 57 0.194
53 77 0.14
53 103 0.188
53 109 0.127
53 61 0.165
53 63 0.125
53 79 0.17
53 84 0.146
53 91 0.135
53 95 0.185
53 105 0.122
54 61 0.862
54 70 0.804
54 93 0.671
54 62 0.935
54 58 1
54 107 0.205
54 90 0.176
54 80 0.132
54 88 0.139
54 55 0.148
54 66 0.16
54 68 0.116
54 71 0.181
54 78 0.165
54 95 0.151
54 108 0.178
54 109 0.121
55 83 0.911
55 103 1
55 108 0.549
55 70 0.9
55 105 0.839
55 97 0.967
55 76 0.663
55 62 0.159
55 102 0.135
55 68 0.168
55 80 0.153
55 87 0.224
55 91 0.158
55 92 0.207
55 107 0.148
56 83 0.702
56 81 1
56 73 0.809
56 89 0.686
56 98 0.988
56 67 0.16
56 70 0.146
56 71 0.114
56 79 0.185
56 84 0.109
56 86 0.14
56 88 0.147
56 90 0.163
56 96 0.152
56 100 0.184
56 101 0.141
57 66 0.729
57 70 1
57 71 0.938
57 89 0.977
57 105 0.813
57 100 0.153
57 65 0.275
57 61 0.083
57 75 0.101
57 88 0.195
57 93 0.162
57 108 0.184
58 71 0.742
58 101 0.743
58 65 0.816
58 104 0.861
58 75 0.625
58 74 0.154
58 82 0.124
58 81 0.278
58 98 0.113
58 67 0.16
58 73 0.122
58 83 0.204
58 88 0.142
58 91 0.18
59 95 0.75
59 74 0.793
59 70 1
59 82 0.194
59 91 0.172
59 77 0.137
59 78 0.184
59 79 0.071
59 86 0.186
59 89 0.091
59 96 0.178
59 61 0.177
59 64 0.159
59 68 0.172
59 72 0.163
59 83 0.142
59 98 0.149
59 103 0.154
59 105 0.124
59 109 0.147
60 71 0.957
60 77 0.848
60 81 0.832
60 102 0.884
60 84 0.988
60 86 1
60 74 0.673
60 70 0.14
60 93 0.17
60 73 0.206
60 76 0.106
60 96 0.134
60 97 0.178
61 74 1
61 88 1
61 93 1
61 87 0.971
61 109 0.2
61 69 0.159
61 65 0.115
61 83 0.156
61 62 0.108
61 68 0.134
61 72 0.135
61 75 0.186
61 77 0.157
61 78 0.171
61 79 0.193
61 80 0.1
61 81 0.19
61 104 0.149
61 105 0.162
62 107 0.961
62 91 0.597
62 96 0.816
62 75 0.95
62 92 0.683
62 68 0.153
62 73 0.133
62 74 0.114
62 77 0.189
62 81 0.131
62 82 0.18
62 85 0.109
62 98 0.137
62 101 0.159
62 102 0.153
62 109 0.148
63 90 1
63 108 1
63 106 0.752
63 75 0.949
63 88 0.648
63 86 1
63 80 0.137
63 81 0.183
63 94 0.172
63 97 0.073
63 104 0.122
63 70 0.127
63 76 0.104
63 89 0.217
63 109 0.163
64 100 0.904
64 105 0.56
64 70 1
64 73 0.128
64 74 0.16
64 75 0.143
64 77 0.149
64 89 0.207
64 94 0.213
65 66 0.555
65 94 0.936
65 97 0.99
65 86 1
65 91 0.795
65 109 0.155
65 72 0.111
65 77 0.138
65 90 0.223
65 93 0.147
66 107 0.953
66 87 0.862
66 84 0.762
66 91 0.838
66 71 0.262
66 73 0.189
66 76 0.179
66 83 0.116
66 85 0.11
66 86 0.146
66 96 0.174
66 103 0.163
67 100 0.982
67 86 0.693
67 83 0.743
67 90 0.58
67 87 0.185
67 94 0.168
67 106 0.151
67 75 0.174
67 77 0.139
67 84 0.135
67 92 0.115
67 96 0.142
67 98 0.155
67 99 0.13
67 101 0.119
68 71 0.154
68 89 0.149
68 107 0.189
68 69 0.17
68 74 0.139
68 77 0.146
68 80 0.168
68 83 0.164
68 86 0.152
68 90 0.167
68 91 0.124
68 102 0.147
68 108 0.172
69 96 0.608
69 89 0.671
69 82 0.764
69 79 0.788
69 81 0.635
69 74 1
69 90 0.871
69 94 0.146
70 95 0.92
70 90 0.64
70 97 0.768
70 107 0.877
70 74 0.138
70 71 0.167
70 78 0.114
70 80 0.154
70 87 0.136
70 89 0.16
71 74 0.7
71 102 0.847
71 101 1
71 108 0.748
71 85 0.127
71 79 0.126
71 80 0.14
71 90 0.154
71 94 0.149
71 104 0.141
72 81 0.806
72 94 0.533
72 100 0.802
72 88 0.741
72 92 0.879
72 109 0.171
72 78 0.18
72 85 0.188
72 91 0.139
72 93 0.135
72 95 0.151
72 98 0.187
72 101 0.136
72 106 0.164
73 103 0.678
73 76 1
73 85 0.729
73 81 0.805
73 77 0.773
73 99 1
73 89 0.12
73 92 0.162
73 95 0.171
73 96 0.144
73 107 0.121
74 83 0.814
74 75 1
74 109 0.35
74 77 0.15
74 99 0.046
74 82 0.171
74 105 0.132
74 108 0.147
75 96 1
75 78 1
75 99 1
75 77 0.221
75 79 0.08
75 93 0.171
75 104 0.142
76 83 1
76 106 0.446
76 107 0.818
76 95 0.85
76 91 0.685
76 93 0.094
76 78 0.184
76 82 0.177
76 86 0.185
76 90 0.084
76 98 0.148
76 102 0.141
76 108 0.161
77 96 0.844
77 109 0.966
77 87 0.688
77 91 0.175
77 79 0.198
77 99 0.169
77 101 0.123
77 104 0.138
77 105 0.198
77 106 0.15
77 107 0.119
77 108 0.124
78 104 0.684
78 93 0.589
78 103 0.607
78 94 1
78 109 1
78 106 0.851
78 91 0.472
78 96 0.164
78 85 0.178
78 86 0.141
78 108 0.14
79 88 0.743
79 107 0.766
79 86 0.114
79 96 0.109
79 103 0.149
79 108 0.118
79 90 0.148
79 95 0.113
79 97 0.096
80 94 0.971
80 109 0.788
80 86 0.184
80 101 0.14
80 84 0.164
80 92 0.157
80 105 0.189
80 82 0.131
80 106 0.127
81 92 0.963
81 100 0.193
81 97 0.173
81 99 0.149
81 104 0.12
81 83 0.195
81 96 0.143
81 102 0.17
82 84 0.733
82 89 0.943
82 91 0.046
82 90 0.157
82 95 0.141
83 100 0.736
83 105 0.153
83 89 0.172
83 109 0.135
84 88 0.144
84 98 0.198
84 105 0.172
85 90 1
85 102 0.872
85 107 0.093
85 93 0.159
85 99 0.162
85 100 0.15
85 109 0.127
86 104 0.75
86 108 1
86 101 0.845
86 89 0.137
86 103 0.155
86 105 0.186
87 108 0.815
87 98 0.53
87 106 0.81
87 102 0.177
87 88 0.139
87 99 0.159
87 107 0.143
88 106 0.86
88 89 0.638
88 94 1
88 102 0.148
88 105 0.197
88 93 0.153
88 101 0.131
88 103 0.145
88 108 0.118
89 103 0.715
89 106 0.872
89 98 0.56
89 95 1
89 107 1
89 97 0.15
90 92 1
90 107 0.861
90 106 0.607
90 101 0.683
90 96 0.176
90 105 0.148
90 108 0.189
91 102 0.859
91 93 0.893
91 108 0.166
91 107 0.18
91 97 0.167
91 103 0.133
92 101 0.703
92 96 0.727
92 97 0.859
92 95 0.118
92 99 0.201
92 100 0.099
92 108 0.202
93 99 0.142
94 104 0.662
94 105 0.125
94 103 0.183
94 99 0.15
94 100 0.197
94 106 0.146
94 107 0.151
94 108 0.171
95 99 0.155
96 98 0.844
96 106 0.149
96 108 0.103
96 100 0.195
97 100 0.898
98 103 0.883
98 102 0.944
98 99 0.795
98 101 0.826
98 109 0.075
98 107 0.129
99 102 0.593
99 108 0.127
100 102 0.186
100 105 0.123
101 106 0.158
101 108 0.162
101 109 0.164
103 107 0.966
103 109 0.502
103 106 0.585
103 104 0.135
104 109 0.162
105 107 0.512
106 107 0.168
107 109 0.864
107 108 0.07
