0 59 0.633
0 77 0.838
0 5 0.69
0 66 0.755
0 64 0.934
0 12 0.51
0 78 0.742
0 74 0.721
0 72 0.791
0 60 0.739
0 7 0.918
0 95 0.49
0 23 0.966
0 9 0.634
0 106 0.411
0 25 0.462
0 53 0.269
0 84 0.054
0 104 0.047
0 46 0.089
0 55 0.311
0 70 0.24
0 71 0.047
0 89 0.065
0 102 0.403
0 10 0.143
0 14 0.187
0 37 0.138
0 44 0.109
0 68 0.077
0 98 0.179
0 101 0.159
1 90 0.917
1 30 0.93
1 18 0.758
1 22 0.506
1 38 0.501
1 53 1
1 67 0.811
1 109 0.774
1 51 0.846
1 55 0.724
1 91 1
1 15 0.653
1 41 0.795
1 96 0.28
1 66 0.207
1 56 0.155
1 59 0.269
1 103 0.124
1 23 0.38
1 29 0.007
1 36 0.175
1 42 0.451
1 2 0.197
1 5 0.202
1 25 0.41
1 43 0.055
1 48 0.101
1 69 0.311
1 11 0.155
1 13 0.156
1 24 0.182
1 37 0.144
1 63 0.132
1 76 0.116
1 80 0.189
1 81 0.143
1 84 0.134
1 89 0.163
1 106 0.109
2 62 0.746
2 24 0.634
2 47 0.86
2 14 1
2 53 0.66
2 97 0.731
2 68 0.901
2 17 0.056
2 93 0.288
2 33 0.168
2 36 0.115
2 67 0.328
2 23 0.202
2 3 0.166
2 42 0.148
2 52 0.294
2 58 0.105
2 70 0.387
2 86 0.07
2 87 0.115
2 91 0.17
2 57 0.175
2 66 0.18
2 73 0.18
2 80 0.149
2 83 0.163
2 104 0.159
2 108 0.154
3 43 0.669
3 49 0.936
3 13 0.951
3 105 0.511
3 70 0.996
3 77 0.665
3 108 1
3 109 0.954
3 72 0.37
3 59 0.821
3 45 0.803
3 39 1
3 57 0.737
3 76 0.228
3 97 0.344
3 56 0.324
3 67 0.084
3 16 0.197
3 14 0.05
3 75 0.162
3 37 0.319
3 104 0.335
3 4 0.105
3 18 0.047
3 21 0.2
3 36 0.087
3 60 0.101
3 85 0.108
3 24 0.18
3 33 0.152
3 44 0.144
3 58 0.171
3 66 0.142
4 71 0.775
4 10 0.324
4 7 1
4 105 0.766
4 18 0.728
4 40 0.666
4 52 0.707
4 72 0.567
4 14 0.932
4 55 0.673
4 68 0.952
4 39 0.977
4 74 0.652
4 17 1
4 79 0.959
4 90 0.915
4 100 0.675
4 19 0.905
4 47 0.675
4 62 0.32
4 8 0.099
4 12 0.115
4 34 0.144
4 107 0.164
4 41 0.147
4 69 0.123
4 70 0.014
4 92 0.032
4 101 0.176
4 9 0.116
4 25 0.063
4 28 0.133
4 36 0.174
4 51 0.161
4 54 0.139
4 59 0.119
4 65 0.136
4 88 0.205
4 108 0.157
5 63 0.906
5 67 0.578
5 38 0.403
5 50 0.556
5 21 0.625
5 83 0.688
5 26 0.714
5 30 0.178
5 94 0.004
5 27 0.238
5 79 0.628
5 29 0.21
5 56 0.271
5 101 0.183
5 66 0.336
5 109 0.226
5 9 0.217
5 14 0.109
5 54 0.269
5 61 0.351
5 69 0.148
5 91 0.079
5 10 0.147
5 11 0.463
5 23 0.085
5 28 0.301
5 48 0.273
5 99 0.284
5 7 0.152
5 22 0.172
5 41 0.196
5 43 0.218
5 71 0.147
5 75 0.14
5 81 0.162
6 53 0.801
6 38 0.624
6 44 0.912
6 8 0.973
6 98 0.8
6 40 1
6 94 0.968
6 72 0.599
6 76 0.544
6 101 0.38
6 7 0.325
6 52 0.039
6 75 0.281
6 90 0.473
6 36 0.564
6 93 0.025
6 17 0.09
6 86 0.044
6 99 0.241
6 21 0.19
6 47 0.099
6 57 0.368
6 106 0.213
6 13 0.109
6 20 0.195
6 24 0.128
6 32 0.126
6 50 0.132
6 58 0.131
6 104 0.119
7 30 0.555
7 10 0.848
7 58 0.78
7 100 1
7 70 0.826
7 54 0.522
7 12 1
7 34 0.849
7 98 0.85
7 80 0.665
7 48 0.37
7 72 0.689
7 86 0.541
7 31 0.094
7 71 0.133
7 93 0.398
7 101 0.254
7 18 0.504
7 92 0.201
7 15 0.228
7 51 0.192
7 95 0.183
7 102 0.257
7 14 0.15
7 17 0.142
7 23 0.155
7 45 0.108
7 84 0.159
7 107 0.161
8 71 0.372
8 35 0.615
8 89 0.821
8 60 0.706
8 81 0.845
8 47 0.659
8 79 0.919
8 15 0.657
8 105 0.645
8 55 1
8 73 0.626
8 65 0.451
8 63 0.225
8 13 0.21
8 107 0.035
8 11 0.182
8 17 0.192
8 85 0.313
8 104 0.242
8 18 0.161
8 43 0.246
8 75 0.104
8 25 0.189
8 33 0.129
8 38 0.122
8 82 0.134
9 26 0.916
9 30 0.824
9 64 0.655
9 84 1
9 16 1
9 76 0.965
9 74 0.577
9 12 0.739
9 10 1
9 56 0.755
9 88 0.702
9 57 0.528
9 92 0.685
9 37 0.754
9 95 0.249
9 98 0.154
9 34 0.266
9 62 0.239
9 79 0.329
9 89 0.132
9 18 0.151
9 39 0.243
9 69 0.308
9 96 0.318
9 52 0.078
9 55 0.223
9 61 0.366
9 71 0.067
9 83 0.118
9 106 0.37
9 19 0.102
9 27 0.206
9 31 0.144
9 36 0.113
9 42 0.174
9 46 0.116
9 47 0.118
9 63 0.175
9 103 0.142
10 101 1
10 19 0.771
10 89 0.593
10 49 1
10 53 0.868
10 91 0.875
10 51 0.452
10 30 0.574
10 36 0.603
10 45 0.734
10 44 0.194
10 64 0.271
10 37 0.37
10 40 0.146
10 94 0.042
10 77 0.165
10 88 0.286
10 38 0.193
10 47 0.141
10 50 0.144
10 60 0.164
10 66 0.119
10 71 0.172
10 78 0.146
10 81 0.148
10 92 0.126
10 107 0.123
11 23 0.824
11 29 0.955
11 69 0.395
11 40 0.369
11 58 0.996
11 32 0.694
11 37 0.763
11 12 0.921
11 74 0.868
11 109 0.58
11 42 0.858
11 55 0.954
11 73 0.691
11 93 0.961
11 49 0.709
11 71 0.783
11 80 0.294
11 51 0.215
11 86 0.546
11 99 0.205
11 33 0.148
11 56 0.255
11 63 0.279
11 70 0.015
11 77 0.121
11 84 0.02
11 87 0.005
11 90 0.258
11 27 0.265
11 15 0.188
11 16 0.14
11 21 0.12
11 48 0.127
11 50 0.082
11 78 0.138
11 82 0.136
11 83 0.13
11 94 0.198
12 33 0.537
12 60 0.787
12 23 1
12 29 0.869
12 18 0.621
12 96 0.749
12 59 1
12 64 0.946
12 51 0.311
12 97 0.189
12 106 0.273
12 13 0.143
12 43 0.115
12 54 0.044
12 74 0.212
12 24 0.12
12 52 0.132
12 57 0.244
12 79 0.3
12 86 0.132
12 101 0.051
12 19 0.111
12 22 0.152
12 36 0.148
12 77 0.196
12 81 0.189
12 103 0.113
13 35 1
13 41 1
13 46 0.836
13 97 1
13 14 0.779
13 51 0.475
13 16 0.918
13 49 0.781
13 96 0.572
13 50 0.616
13 34 0.72
13 106 0.84
13 33 0.221
13 98 0.363
13 59 0.587
13 72 0.066
13 101 0.354
13 31 0.14
13 48 0.25
13 54 0.364
13 60 0.019
13 71 0.172
13 30 0.219
13 42 0.191
13 64 0.161
13 66 0.174
13 70 0.161
13 89 0.152
13 100 0.206
14 74 0.43
14 45 0.847
14 80 0.661
14 62 0.347
14 38 0.433
14 43 0.067
14 39 0.442
14 55 0.247
14 96 0.333
14 68 0.133
14 16 0.272
14 31 0.044
14 77 0.312
14 79 0.188
14 88 0.29
14 17 0.162
14 23 0.153
14 56 0.163
14 64 0.138
14 69 0.115
14 75 0.129
14 84 0.113
14 90 0.126
14 103 0.143
15 50 0.974
15 25 0.69
15 38 0.96
15 83 0.902
15 100 0.718
15 44 0.631
15 90 0.836
15 31 0.753
15 48 0.957
15 86 0.146
15 18 0.031
15 28 0.181
15 71 0.036
15 74 0.217
15 84 0.214
15 109 0.144
15 47 0.185
15 77 0.123
15 97 0.09
15 98 0.145
15 101 0.153
15 29 0.173
15 30 0.101
15 37 0.178
15 45 0.189
15 57 0.142
15 72 0.166
15 79 0.173
15 89 0.199
15 92 0.157
15 95 0.187
16 55 1
16 69 0.996
16 50 0.952
16 107 0.426
16 46 0.894
16 72 0.479
16 19 0.547
16 33 0.049
16 42 0.122
16 98 0.019
16 34 0.014
16 76 0.002
16 21 0.101
16 78 0.133
16 109 0.24
16 58 0.191
16 61 0.203
16 65 0.261
16 66 0.247
16 68 0.194
16 80 0.263
16 85 0.104
16 86 0.351
16 97 0.062
16 22 0.202
16 31 0.13
16 48 0.146
16 62 0.121
16 63 0.136
16 67 0.137
16 103 0.194
17 77 0.722
17 22 1
17 37 0.711
17 56 0.851
17 94 0.725
17 36 0.726
17 20 0.87
17 43 0.857
17 51 1
17 69 1
17 42 0.833
17 41 1
17 45 0.963
17 40 0.378
17 87 0.107
17 32 0.804
17 103 0.168
17 18 0.385
17 47 0.299
17 78 0.112
17 48 0.236
17 53 0.331
17 85 0.147
17 24 0.166
17 44 0.207
17 81 0.254
17 84 0.192
17 83 0.072
17 89 0.344
17 46 0.03
17 49 0.106
17 70 0.045
17 29 0.157
18 72 0.656
18 101 0.743
18 74 0.918
18 50 0.919
18 81 0.613
18 44 0.633
18 66 0.952
18 21 0.731
18 103 0.744
18 48 0.77
18 30 0.779
18 34 0.71
18 56 0.354
18 32 0.084
18 76 0.091
18 57 0.152
18 75 0.148
18 88 0.184
18 29 0.275
18 46 0.063
18 99 0.04
18 19 0.174
18 31 0.182
18 38 0.154
18 39 0.143
18 52 0.2
18 80 0.139
18 84 0.151
18 98 0.168
18 100 0.176
18 102 0.145
19 42 0.842
19 47 0.543
19 94 0.682
19 33 0.81
19 104 0.789
19 106 0.625
19 64 0.847
19 71 1
19 84 0.699
19 83 0.215
19 101 0.551
19 20 0.325
19 22 0.305
19 74 0.046
19 85 0.214
19 66 0.054
19 79 0.186
19 99 0.154
19 51 0.202
19 52 0.171
19 53 0.088
19 68 0.175
19 80 0.178
19 89 0.142
19 90 0.151
19 105 0.124
20 103 0.748
20 88 0.375
20 26 0.854
20 36 0.611
20 59 0.964
20 82 0.656
20 66 1
20 101 0.663
20 70 0.266
20 74 0.993
20 72 0.303
20 109 0.475
20 71 0.227
20 22 0.268
20 27 0.186
20 28 0.179
20 41 0.209
20 51 0.258
20 53 0.085
20 69 0.184
20 87 0.114
20 99 0.339
20 102 0.083
20 25 0.133
20 55 0.168
20 61 0.131
20 79 0.162
20 94 0.169
20 96 0.152
20 97 0.129
20 106 0.154
21 104 0.827
21 80 0.63
21 84 0.659
21 61 0.813
21 108 0.743
21 62 0.737
21 28 0.983
21 89 0.574
21 39 0.639
21 85 0.214
21 54 0.086
21 49 0.273
21 77 0.266
21 83 0.317
21 88 0.351
21 22 0.32
21 55 0.296
21 76 0.267
21 27 0.107
21 41 0.148
21 45 0.143
21 48 0.145
21 59 0.151
21 63 0.177
21 69 0.148
21 70 0.171
21 75 0.193
21 92 0.131
21 105 0.125
22 83 0.997
22 55 1
22 75 0.888
22 109 0.707
22 77 0.815
22 79 0.66
22 44 0.731
22 50 0.235
22 57 0.189
22 42 0.041
22 67 0.206
22 24 0.156
22 38 0.395
22 54 0.032
22 64 0.194
22 47 0.121
22 70 0.293
22 37 0.143
22 68 0.136
22 69 0.144
22 72 0.105
22 73 0.174
22 76 0.146
22 93 0.104
22 94 0.123
22 100 0.151
22 104 0.118
23 94 1
23 55 0.976
23 63 0.677
23 40 0.99
23 50 0.979
23 35 0.776
23 71 0.52
23 60 0.795
23 97 0.683
23 49 0.712
23 82 0.325
23 25 0.55
23 64 0.304
23 45 0.04
23 86 0.205
23 26 0.288
23 32 0.054
23 93 0.022
23 30 0.078
23 39 0.056
23 46 0.023
23 106 0.226
23 107 0.246
23 34 0.158
23 52 0.22
23 104 0.273
23 108 0.169
23 24 0.12
23 27 0.097
23 28 0.077
23 43 0.144
23 53 0.165
23 62 0.166
23 78 0.18
24 80 0.844
24 30 0.77
24 57 0.352
24 78 0.745
24 38 0.666
24 106 0.86
24 77 0.542
24 103 0.166
24 47 0.795
24 37 0.651
24 65 0.136
24 66 0.335
24 61 0.096
24 101 0.257
24 102 0.181
24 108 0.203
24 42 0.13
24 56 0.163
24 68 0.177
25 28 0.656
25 34 1
25 74 0.937
25 91 0.828
25 57 0.871
25 100 0.894
25 93 0.13
25 97 0.723
25 54 0.18
25 36 0.699
25 51 0.335
25 48 0.21
25 56 0.159
25 68 0.065
25 85 0.008
25 65 0.301
25 78 0.212
25 80 0.418
25 82 0.228
25 96 0.093
25 31 0.312
25 37 0.247
25 64 0.3
25 77 0.234
25 29 0.113
25 38 0.112
25 40 0.147
25 58 0.142
25 61 0.139
25 87 0.107
25 108 0.138
26 86 0.741
26 96 0.987
26 104 0.901
26 73 0.7
26 101 0.951
26 72 0.684
26 100 0.853
26 80 0.642
26 40 0.453
26 54 0.668
26 106 0.121
26 108 0.719
26 56 0.271
26 64 0.505
26 43 0.129
26 79 0.162
26 107 0.149
26 49 0.117
26 61 0.321
26 69 0.068
26 70 0.23
26 39 0.306
26 75 0.138
26 81 0.183
26 34 0.144
26 35 0.064
26 36 0.137
26 59 0.187
26 88 0.086
26 91 0.171
26 92 0.252
27 53 0.43
27 83 1
27 97 0.043
27 42 0.932
27 41 0.851
27 96 0.587
27 29 1
27 35 0.963
27 37 0.579
27 104 0.899
27 30 0.776
27 33 0.743
27 92 0.751
27 78 0.859
27 60 0.815
27 38 1
27 103 0.68
27 107 0.133
27 77 0.26
27 28 0.266
27 59 0.126
27 68 0.172
27 90 0.096
27 102 0.239
27 50 0.127
27 67 0.183
28 62 0.868
28 41 0.62
28 48 0.541
28 85 0.637
28 98 0.643
28 31 0.308
28 44 0.634
28 79 0.281
28 46 0.263
28 109 0.124
28 32 0.133
28 36 0.236
28 38 0.085
28 42 0.101
28 52 0.172
28 54 0.035
28 75 0.193
28 88 0.224
28 91 0.168
28 63 0.081
28 73 0.129
28 89 0.165
28 100 0.09
29 103 0.957
29 107 0.879
29 66 0.665
29 87 0.627
29 31 0.83
29 44 0.881
29 82 1
29 85 0.252
29 90 0.094
29 98 0.551
29 64 0.719
29 62 0.176
29 33 0.258
29 105 0.097
29 38 0.238
29 101 0.104
29 32 0.112
29 60 0.309
29 91 0.156
30 67 0.407
30 94 1
30 48 1
30 63 1
30 84 0.935
30 46 0.099
30 87 0.321
30 78 0.413
30 103 0.245
30 102 0.37
30 104 0.109
30 59 0.113
30 70 0.015
30 75 0.025
30 80 0.015
30 44 0.329
30 76 0.107
30 79 0.222
30 86 0.124
30 100 0.126
30 66 0.151
30 82 0.157
30 88 0.13
30 92 0.116
30 93 0.114
30 106 0.119
31 67 0.921
31 103 0.764
31 108 0.726
31 53 0.763
31 42 0.703
31 70 0.937
31 100 0.825
31 102 0.627
31 75 0.212
31 88 0.391
31 54 0.115
31 83 0.147
31 35 0.068
31 39 0.096
31 40 0.085
31 41 0.144
31 106 0.113
31 49 0.171
31 55 0.112
31 65 0.121
31 66 0.13
31 78 0.183
31 86 0.153
31 92 0.139
31 101 0.155
32 102 1
32 84 1
32 39 0.929
32 36 1
32 85 0.968
32 75 0.944
32 91 0.843
32 105 0.763
32 108 1
32 38 0.645
32 44 1
32 95 0.79
32 86 0.086
32 99 0.286
32 64 0.158
32 73 0.425
32 100 0.069
32 101 0.142
32 34 0.283
32 81 0.194
32 97 0.197
32 77 0.173
32 82 0.09
32 89 0.259
32 92 0.17
32 96 0.092
33 69 0.581
33 106 1
33 38 0.522
33 39 0.928
33 48 1
33 93 0.231
33 89 0.366
33 54 0.477
33 83 0.536
33 52 0.047
33 92 0.083
33 46 0.359
33 55 0.046
33 70 0.072
33 51 0.181
33 56 0.166
33 58 0.358
33 105 0.245
33 37 0.151
33 42 0.217
33 60 0.175
33 79 0.192
33 81 0.153
33 87 0.131
34 105 0.501
34 63 0.955
34 36 0.457
34 52 0.517
34 75 0.778
34 81 0.76
34 80 0.589
34 78 0.952
34 99 0.699
34 69 0.644
34 84 1
34 66 0.766
34 43 0.25
34 88 0.054
34 46 0.179
34 47 0.358
34 60 0.444
34 109 0.287
34 51 0.185
34 93 0.292
34 72 0.295
34 89 0.209
34 102 0.155
34 35 0.189
34 37 0.143
34 41 0.138
34 45 0.137
34 50 0.155
34 57 0.166
34 61 0.117
34 65 0.204
34 67 0.188
34 85 0.152
34 92 0.146
35 51 0.861
35 72 0.71
35 86 0.557
35 99 0.8
35 44 0.787
35 100 0.636
35 39 0.446
35 78 0.539
35 102 0.292
35 107 0.052
35 60 0.214
35 90 0.174
35 109 0.176
35 43 0.177
35 48 0.138
35 55 0.148
35 83 0.152
35 92 0.217
35 93 0.143
35 96 0.123
36 58 0.514
36 94 0.486
36 46 0.698
36 85 1
36 87 0.966
36 106 0.8
36 65 0.902
36 91 0.683
36 39 0.583
36 100 0.798
36 98 0.851
36 93 0.317
36 69 0.149
36 56 0.558
36 84 0.136
36 40 0.178
36 52 0.173
36 59 0.142
36 71 0.147
36 72 0.142
36 73 0.08
36 79 0.18
36 82 0.197
36 101 0.136
37 88 0.695
37 46 0.813
37 108 0.6
37 49 0.427
37 93 1
37 60 0.82
37 86 0.926
37 90 0.967
37 55 0.918
37 105 0.458
37 63 0.856
37 56 0.658
37 91 0.422
37 104 0.078
37 102 0.066
37 103 0.382
37 66 0.127
37 40 0.134
37 92 0.176
37 41 0.166
37 44 0.146
37 69 0.191
37 99 0.081
38 63 0.547
38 65 0.755
38 86 0.619
38 61 0.79
38 50 0.626
38 68 0.794
38 95 1
38 78 0.848
38 105 0.464
38 101 0.009
38 79 0.43
38 41 0.123
38 74 0.174
38 42 0.341
38 46 0.252
38 69 0.184
38 80 0.009
38 94 0.181
38 102 0.193
38 71 0.225
38 91 0.157
38 92 0.213
38 97 0.264
38 54 0.135
38 55 0.153
38 58 0.137
38 89 0.141
39 99 0.754
39 44 0.609
39 85 0.765
39 60 1
39 67 0.775
39 90 0.772
39 103 1
39 94 0.473
39 107 0.839
39 84 0.639
39 88 0.403
39 109 0.385
39 69 0.025
39 108 0.147
39 53 0.183
39 58 0.139
39 93 0.143
39 96 0.154
39 101 0.183
40 66 0.926
40 71 0.728
40 69 0.566
40 103 0.922
40 54 0.813
40 45 0.224
40 63 0.972
40 84 0.029
40 49 0.185
40 88 0.366
40 105 0.134
40 60 0.524
40 85 0.489
40 43 0.095
40 57 0.167
40 73 0.256
40 87 0.203
40 42 0.136
40 44 0.156
40 61 0.136
40 74 0.159
40 77 0.171
40 101 0.203
41 45 0.945
41 94 0.866
41 106 0.769
41 49 0.855
41 104 1
41 58 0.97
41 88 0.814
41 87 1
41 103 0.709
41 51 1
41 80 0.832
41 78 0.95
41 42 0.321
41 46 0.184
41 72 0.141
41 76 0.198
41 57 0.099
41 54 0.281
41 43 0.109
41 67 0.154
41 83 0.188
41 50 0.167
41 60 0.161
41 65 0.145
41 70 0.163
41 81 0.184
41 107 0.176
42 43 0.818
42 67 1
42 89 0.313
42 82 0.515
42 46 0.661
42 80 0.319
42 52 0.203
42 79 0.061
42 45 0.322
42 69 0.222
42 95 0.088
42 100 0.174
42 47 0.203
42 62 0.144
42 90 0.18
42 94 0.119
42 97 0.2
42 105 0.201
42 108 0.131
43 70 1
43 83 0.555
43 64 0.814
43 53 0.979
43 51 0.893
43 106 0.688
43 44 0.752
43 68 0.891
43 100 0.299
43 74 0.584
43 90 0.324
43 81 0.482
43 102 0.204
43 59 0.178
43 103 0.173
43 55 0.16
43 82 0.188
43 95 0.172
43 107 0.135
44 65 0.961
44 71 0.875
44 92 0.429
44 67 0.617
44 97 0.291
44 88 0.567
44 46 0.194
44 68 0.531
44 70 0.331
44 91 0.409
44 69 0.4
44 79 0.46
44 76 0.338
44 59 0.286
44 66 0.3
44 78 0.243
44 50 0.159
44 62 0.2
44 72 0.228
44 84 0.142
44 98 0.157
44 55 0.145
44 77 0.181
45 59 0.959
45 63 0.664
45 76 0.777
45 94 0.744
45 49 0.742
45 55 0.689
45 93 0.97
45 89 0.674
45 58 0.08
45 64 0.126
45 46 0.19
45 98 0.017
45 99 0.181
45 75 0.091
45 81 0.111
46 53 0.962
46 55 0.647
46 91 0.827
46 70 0.282
46 49 0.96
46 77 0.173
46 82 0.043
46 47 0.122
46 52 0.08
46 60 0.043
46 92 0.184
46 104 0.132
46 79 0.119
46 96 0.155
46 109 0.175
47 81 0.821
47 96 0.936
47 71 1
47 48 0.344
47 80 0.235
47 55 0.302
47 94 0.147
47 100 0.001
47 74 0.154
47 105 0.461
47 52 0.157
47 64 0.171
47 77 0.134
47 91 0.094
47 103 0.187
48 91 1
48 75 0.745
48 98 0.746
48 107 0.382
48 100 0.332
48 49 0.095
48 67 0.107
48 109 0.062
48 52 0.203
48 57 0.187
48 58 0.173
48 60 0.206
48 62 0.147
48 74 0.129
48 86 0.132
48 96 0.12
49 61 0.945
49 99 0.795
49 95 0.76
49 78 0.74
49 73 0.235
49 58 0.564
49 86 0.092
49 90 0.13
50 82 0.84
50 76 0.757
50 96 0.755
50 61 1
50 63 0.768
50 59 0.054
50 81 0.415
50 54 0.278
50 53 0.275
50 55 0.027
50 68 0.124
50 79 0.134
50 80 0.127
50 95 0.316
50 100 0.143
50 103 0.222
50 108 0.236
50 67 0.165
50 69 0.137
51 76 0.985
51 80 0.846
51 78 1
51 68 0.675
51 81 0.041
51 71 0.496
51 83 0.148
51 103 0.104
51 66 0.148
51 96 0.167
51 108 0.175
51 56 0.103
51 59 0.213
51 89 0.156
51 97 0.115
51 100 0.152
51 101 0.172
52 62 0.815
52 78 0.598
52 75 0.874
52 101 0.975
52 61 0.755
52 105 0.714
52 87 0.167
52 83 0.106
52 95 0.145
52 96 0.452
52 106 0.061
52 107 0.006
52 59 0.149
52 88 0.212
53 108 0.733
53 75 0.433
53 56 0.962
53 100 0.898
53 73 1
53 86 0.954
53 87 0.712
53 97 0.247
53 109 0.367
53 106 0.382
53 84 0.24
53 98 0.076
53 80 0.262
53 66 0.172
53 92 0.217
53 54 0.104
53 79 0.142
54 105 0.626
54 73 0.791
54 74 0.821
54 76 0.68
54 92 0.993
54 89 0.241
54 65 0.214
54 80 0.233
54 96 0.138
54 100 0.091
54 79 0.115
54 81 0.079
54 88 0.124
54 104 0.133
55 108 0.949
55 103 0.829
55 90 1
55 94 1
55 95 0.847
55 84 0.828
55 68 0.105
55 58 0.256
55 85 0.196
55 106 0.114
55 56 0.464
55 59 0.311
55 88 0.116
55 77 0.146
55 81 0.147
56 64 0.901
56 71 0.879
56 78 0.866
56 58 0.662
56 70 0.369
56 68 0.195
56 88 0.041
56 95 0.292
56 107 0.132
56 62 0.02
56 74 0.002
56 67 0.179
56 82 0.179
56 93 0.159
57 89 0.598
57 73 0.823
57 83 0.596
57 76 0.862
57 92 0.822
57 81 0.275
57 85 0.288
57 60 0.621
57 100 0.358
57 84 0.175
57 74 0.125
57 95 0.431
57 59 0.284
57 65 0.168
57 91 0.131
57 99 0.173
57 101 0.314
57 104 0.24
57 98 0.229
57 108 0.185
58 74 0.905
58 109 0.695
58 94 0.806
58 107 0.6
58 100 0.676
58 72 0.741
58 63 0.681
58 80 0.237
58 60 0.112
58 71 0.137
58 95 0.187
58 106 0.184
59 85 0.961
59 100 0.641
59 65 0.916
59 61 0.498
59 102 0.348
59 63 0.223
59 95 0.137
59 96 0.162
59 104 0.219
59 78 0.172
59 89 0.137
59 91 0.152
59 97 0.159
60 103 0.874
60 82 0.636
60 79 1
60 72 0.752
60 90 1
60 86 0.964
60 89 0.825
60 98 0.157
60 94 0.167
60 95 0.187
61 103 0.827
61 107 0.492
61 80 0.189
61 83 0.819
61 68 0.21
61 85 0.471
61 90 0.194
61 97 0.245
61 105 0.333
61 62 0.027
61 72 0.258
61 109 0.149
61 67 0.134
61 88 0.18
62 84 0.821
62 105 0.866
62 106 0.754
62 70 0.494
62 82 0.883
62 71 0.055
62 102 0.015
62 81 0.29
62 88 0.218
62 101 0.224
62 86 0.291
62 98 0.203
62 69 0.126
62 73 0.141
62 85 0.103
62 87 0.199
62 93 0.165
62 95 0.12
63 83 0.715
63 101 0.704
63 93 0.707
63 98 0.193
63 86 0.322
63 66 0.122
63 75 0.216
63 102 0.332
63 64 0.131
63 71 0.12
63 77 0.16
63 90 0.179
63 108 0.204
64 99 0.905
64 69 0.996
64 92 0.801
64 72 0.224
64 96 0.095
64 108 0.28
64 97 0.146
64 101 0.135
65 104 0.418
65 102 0.909
65 97 1
65 91 0.849
65 90 0.61
65 78 0.989
65 96 0.817
65 76 0.107
65 101 0.804
65 66 0.731
65 109 0.289
65 82 0.251
65 71 0.14
65 85 0.032
65 70 0.109
65 89 0.227
65 94 0.143
65 105 0.183
65 77 0.212
65 103 0.073
66 68 0.838
66 91 0.898
66 79 0.634
66 97 0.721
66 105 0.932
66 73 0.628
66 100 0.034
66 107 0.498
66 69 0.789
66 95 0.11
66 101 0.176
66 70 0.149
66 78 0.202
66 74 0.175
66 75 0.139
66 76 0.138
66 90 0.117
66 93 0.166
66 99 0.162
66 104 0.151
67 80 0.705
67 84 0.823
67 89 0.827
67 98 1
67 69 0.121
67 96 0.228
67 70 0.254
67 94 0.037
67 103 0.364
67 109 0.148
68 101 0.859
68 73 0.541
68 77 0.574
68 85 0.021
68 109 0.377
68 78 0.136
68 82 0.201
68 95 0.312
68 100 0.256
68 108 0.127
68 75 0.168
68 88 0.164
68 99 0.094
69 91 0.925
69 103 0.916
69 95 0.656
69 79 0.974
69 88 0.025
69 102 0.252
69 108 0.031
69 70 0.151
69 106 0.135
70 93 0.786
70 81 0.949
70 89 0.894
70 78 0.356
70 105 0.372
70 72 0.155
70 76 0.12
70 84 0.199
70 88 0.176
70 96 0.176
71 106 1
71 102 0.735
71 77 0.866
71 75 0.52
71 98 0.123
71 85 0.277
71 72 0.312
71 100 0.036
71 90 0.081
71 91 0.263
71 97 0.188
71 74 0.167
71 82 0.141
71 86 0.161
71 108 0.16
72 82 1
72 75 0.87
72 85 1
72 74 0.427
72 79 0.844
72 73 0.674
72 84 0.837
72 95 0.827
72 99 0.22
72 103 0.069
72 90 0.125
72 96 0.141
72 98 0.143
73 80 0.786
73 101 0.793
73 96 0.377
73 98 0.257
73 86 0.159
73 108 0.105
73 74 0.129
73 89 0.16
74 98 0.773
74 107 0.742
74 101 0.559
74 95 0.982
74 94 0.925
74 81 1
74 104 0.956
74 102 0.32
74 108 0.144
74 78 0.169
74 87 0.144
74 89 0.137
74 97 0.119
75 82 0.943
75 77 1
75 87 1
75 88 0.633
75 107 0.529
75 86 0.283
75 90 0.005
76 102 0.504
76 100 0.65
76 77 1
76 104 0.351
76 94 0.217
76 99 0.041
76 91 0.162
76 108 0.15
77 96 0.843
77 82 0.569
77 83 0.483
77 97 0.034
77 88 0.436
77 99 0.169
77 104 0.288
77 86 0.143
77 91 0.156
77 108 0.135
78 96 0.799
78 87 0.621
78 88 0.661
78 84 0.272
78 100 0.397
78 79 0.113
78 90 0.248
78 101 0.004
78 92 0.128
78 85 0.172
79 106 0.841
79 101 1
79 103 0.198
79 109 0.329
79 100 0.027
79 91 0.17
79 92 0.105
79 80 0.14
79 84 0.125
79 88 0.127
80 102 1
80 100 0.391
80 103 0.532
80 85 0.145
80 89 0.134
80 94 0.181
81 91 0.479
81 96 0.079
81 103 0.07
81 107 0.049
81 90 0.014
81 100 0.187
81 106 0.042
81 85 0.15
81 88 0.173
81 89 0.181
81 99 0.133
82 108 1
82 99 1
82 107 0.568
82 95 0.839
82 104 0.7
82 85 0.285
82 93 0.215
82 91 0.228
82 97 0.089
83 93 1
83 100 0.932
83 108 0.06
83 103 0.131
83 104 0.118
83 106 0.14
84 87 0.59
84 90 0.178
84 108 0.188
84 91 0.066
84 99 0.228
84 109 0.059
84 92 0.134
84 96 0.214
84 93 0.102
84 103 0.171
84 107 0.145
85 90 0.753
85 96 0.947
85 107 1
85 102 0.766
85 100 0.704
85 105 0.572
85 104 0.026
85 98 0.188
85 103 0.158
86 104 0.825
86 87 0.99
86 93 0.086
86 100 0.305
86 88 0.149
86 90 0.3
87 95 0.863
87 106 0.791
87 109 0.759
87 102 0.04
87 92 0.214
87 104 0.182
88 89 0.616
88 104 0.235
88 95 0.144
88 105 0.167
88 98 0.171
88 108 0.34
88 107 0.168
89 107 1
89 92 0.167
90 107 0.948
90 98 1.0
90 105 0.447
90 96 0.081
90 100 0.132
90 104 0.192
91 99 0.657
91 105 0.669
91 109 0.586
91 97 0.936
91 93 0.175
91 94 0.242
91 103 0.123
91 95 0.092
91 101 0.13
91 104 0.178
92 107 0.966
92 106 1
92 95 0.843
92 102 0.347
92 98 0.209
93 109 0.685
93 106 0.208
93 98 0.057
93 99 0.164
94 102 1
94 97 0.535
94 107 0.165
94 95 0.126
95 106 0.886
95 97 0.539
95 107 0.319
95 105 0.089
95 108 0.227
95 103 0.147
95 102 0.19
96 97 1
96 107 0.13
96 98 0.118
97 99 0.16
97 100 0.156
98 109 0.385
98 108 0.026
98 99 0.332
98 104 0.208
98 100 0.125
98 101 0.16
99 108 0.328
99 107 0.175
100 103 0.37
100 108 0.513
101 107 0.959
101 103 0.869
101 102 0.923
101 108 0.11
102 106 0.788
103 109 0.374
104 107 0.1
105 107 0.156
105 108 0.198
105 106 0.156
106 109 0.83
107 108 1
108 109 1
