0 78 0.749
0 74 0.933
0 72 0.605
0 60 0.966
0 7 0.594
0 14 0.888
0 87 0.993
0 95 0.184
0 17 0.239
0 109 0.324
0 10 0.157
0 38 0.123
0 52 0.173
0 77 0.14
0 82 0.152
0 98 0.135
1 53 0.988
1 109 0.901
1 51 1
1 15 0.828
1 41 0.791
1 23 1
1 25 1
1 56 0.659
1 40 0.829
1 16 0.847
1 99 0.683
1 58 0.538
1 30 0.249
1 36 0.214
1 37 0.104
1 13 0.182
1 14 0.157
1 22 0.163
1 100 0.156
1 107 0.187
2 24 0.789
2 14 0.854
2 10 0.567
2 46 0.766
2 32 0.463
2 70 0.546
2 62 0.132
2 64 0.188
2 100 0.133
2 21 0.169
2 36 0.212
2 37 0.163
2 55 0.134
2 84 0.191
2 87 0.139
2 90 0.128
2 93 0.141
2 105 0.187
3 43 0.619
3 49 0.441
3 13 0.929
3 108 0.941
3 59 0.894
3 45 0.764
3 39 0.653
3 57 0.941
3 50 0.762
3 51 0.779
3 21 0.775
3 64 0.728
3 29 0.058
3 9 0.192
3 17 0.302
3 30 0.12
3 46 0.135
3 24 0.153
3 41 0.146
3 65 0.135
3 79 0.156
3 95 0.2
3 103 0.171
4 18 0.873
4 40 0.814
4 72 0.774
4 39 0.629
4 17 0.704
4 90 0.525
4 95 0.751
4 47 0.065
4 29 0.191
4 32 0.104
4 37 0.135
4 42 0.118
4 48 0.204
4 74 0.154
4 79 0.179
4 84 0.135
4 89 0.152
4 109 0.126
5 63 1
5 67 0.784
5 38 0.799
5 56 0.957
5 69 0.73
5 55 0.937
5 108 1
5 58 0.827
5 103 0.744
5 14 0.365
5 24 0.162
5 96 0.28
5 9 0.147
5 16 0.198
5 17 0.157
5 30 0.16
5 37 0.167
5 39 0.109
5 43 0.172
5 46 0.197
5 48 0.141
5 65 0.166
5 68 0.129
5 78 0.161
5 97 0.166
6 8 0.717
6 40 0.616
6 94 0.85
6 68 0.754
6 19 0.791
6 86 0.28
6 88 0.981
6 73 0.141
6 42 0.067
6 83 0.123
6 32 0.142
6 37 0.096
6 38 0.133
6 39 0.155
6 72 0.201
6 74 0.151
6 76 0.16
6 79 0.13
6 80 0.146
6 87 0.165
6 91 0.133
6 96 0.134
6 98 0.137
6 101 0.169
6 109 0.21
7 30 0.981
7 58 1
7 70 0.842
7 12 1
7 80 0.577
7 48 0.891
7 72 0.58
7 18 0.975
7 56 0.523
7 86 0.604
7 9 0.163
7 11 0.179
7 25 0.142
7 41 0.137
7 46 0.186
7 53 0.159
7 73 0.163
7 85 0.101
7 90 0.147
7 100 0.138
8 35 0.84
8 89 0.922
8 79 0.816
8 73 0.881
8 18 0.66
8 56 0.079
8 62 0.259
8 16 0.133
8 25 0.13
8 48 0.158
8 54 0.12
8 88 0.17
9 84 0.74
9 74 0.81
9 12 0.793
9 88 0.88
9 57 0.901
9 92 0.796
9 42 0.895
9 21 0.947
9 65 0.857
9 40 0.524
9 23 0.173
9 43 0.148
9 45 0.146
9 41 0.169
9 51 0.201
9 82 0.141
9 85 0.071
9 108 0.131
10 89 0.929
10 49 0.555
10 91 0.62
10 45 0.863
10 39 0.912
10 18 0.872
10 44 0.793
10 16 0.09
10 12 0.138
10 19 0.128
10 54 0.112
10 55 0.182
10 57 0.133
10 59 0.207
10 64 0.117
10 72 0.115
10 73 0.18
10 99 0.156
11 29 0.631
11 58 0.916
11 32 1
11 74 1
11 55 0.877
11 93 0.892
11 49 0.624
11 71 0.51
11 97 0.998
11 77 1
11 43 0.672
11 89 0.984
11 40 0.124
11 65 0.082
11 17 0.08
11 100 0.201
11 19 0.181
11 25 0.135
11 52 0.13
11 72 0.163
11 80 0.126
11 81 0.177
12 60 0.716
12 23 0.723
12 29 0.932
12 18 1
12 96 0.633
12 59 1
12 64 0.872
12 34 0.241
12 75 0.138
12 99 0.218
12 20 0.14
12 21 0.14
12 30 0.148
12 54 0.108
12 57 0.12
12 67 0.123
12 87 0.135
12 88 0.145
12 92 0.17
12 106 0.163
12 107 0.134
13 41 0.899
13 97 1
13 14 0.833
13 16 0.852
13 86 0.244
13 35 0.154
13 17 0.147
13 23 0.145
13 32 0.13
13 46 0.176
13 52 0.14
13 55 0.165
13 65 0.118
13 74 0.171
14 45 0.681
14 88 1
14 61 0.72
14 27 0.866
14 83 0.641
14 62 0.842
14 20 0.679
14 38 0.41
14 76 0.144
14 87 0.309
14 15 0.155
14 17 0.146
14 37 0.143
14 48 0.14
14 64 0.132
14 91 0.137
14 92 0.14
14 95 0.11
14 103 0.177
15 50 0.757
15 100 0.821
15 48 0.75
15 71 0.877
15 74 0.667
15 29 0.112
15 44 0.296
15 45 0.125
15 62 0.103
15 106 0.17
16 55 0.804
16 69 0.905
16 99 0.849
16 97 0.648
16 109 0.042
16 56 0.161
16 98 0.076
16 26 0.15
16 31 0.153
16 37 0.209
16 42 0.158
16 49 0.119
16 54 0.204
16 75 0.152
16 78 0.145
16 79 0.161
17 77 1
17 22 0.954
17 37 0.923
17 36 1
17 20 0.702
17 43 0.935
17 42 0.616
17 41 0.811
17 93 0.711
17 108 0.552
17 33 0.628
17 92 0.955
17 71 0.697
17 87 0.202
17 31 0.168
17 49 0.04
17 84 0.101
17 25 0.146
17 45 0.171
17 72 0.139
17 89 0.138
17 107 0.114
18 72 0.985
18 50 0.834
18 66 0.761
18 103 0.669
18 48 0.5
18 49 0.96
18 20 0.65
18 31 0.152
18 39 0.098
18 65 0.078
18 71 0.153
18 24 0.171
18 25 0.193
18 27 0.195
18 47 0.163
18 68 0.079
18 75 0.14
18 76 0.072
18 84 0.134
18 85 0.141
18 100 0.152
19 42 0.591
19 104 0.905
19 106 0.893
19 64 0.84
19 71 0.867
19 54 0.698
19 80 0.58
19 43 1
19 88 0.898
19 22 0.839
19 91 0.332
19 95 0.169
19 28 0.064
19 57 0.082
19 86 0.332
19 96 0.114
19 21 0.182
19 29 0.161
19 31 0.175
19 39 0.149
19 47 0.151
19 49 0.126
19 50 0.111
19 56 0.127
19 60 0.198
19 84 0.154
20 103 0.941
20 59 0.884
20 82 0.86
20 66 1
20 101 1
20 74 0.681
20 73 0.705
20 48 0.871
20 83 0.298
20 27 0.186
20 39 0.223
20 24 0.162
20 29 0.143
20 45 0.125
20 47 0.147
20 56 0.15
20 65 0.195
20 68 0.163
20 78 0.126
20 91 0.157
20 109 0.136
21 104 0.91
21 80 1
21 61 0.798
21 108 0.734
21 39 0.681
21 34 0.097
21 41 0.106
21 47 0.127
21 54 0.219
21 58 0.172
21 64 0.182
21 66 0.147
21 68 0.177
21 88 0.163
21 100 0.183
22 77 0.771
22 94 0.801
22 27 0.372
22 98 0.188
22 33 0.109
22 42 0.187
22 47 0.176
22 103 0.197
22 109 0.139
23 94 0.718
23 63 0.873
23 50 0.787
23 60 0.719
23 97 0.966
23 49 0.822
23 62 0.784
23 59 0.303
23 54 0.222
23 83 0.181
23 99 0.27
23 30 0.158
23 32 0.153
23 56 0.099
23 57 0.164
23 84 0.132
23 88 0.18
23 103 0.162
23 108 0.156
24 106 0.865
24 92 1
24 66 0.953
24 60 0.705
24 79 0.669
24 68 0.898
24 77 0.204
24 102 0.123
24 109 0.201
24 39 0.136
24 53 0.112
24 54 0.179
24 83 0.138
24 85 0.168
24 96 0.184
25 34 0.548
25 32 1
25 108 0.761
25 66 0.557
25 27 0.098
25 101 0.031
25 42 0.151
25 54 0.106
25 76 0.147
25 86 0.146
25 98 0.084
26 86 1
26 104 0.678
26 100 1
26 80 0.79
26 40 0.56
26 37 0.614
26 63 0.708
26 43 0.242
26 38 0.118
26 89 0.349
26 101 0.039
26 39 0.006
26 58 0.356
26 27 0.119
26 30 0.148
26 44 0.202
26 49 0.084
26 56 0.132
26 64 0.176
26 68 0.157
26 91 0.14
26 95 0.145
26 98 0.125
27 42 0.95
27 96 0.972
27 29 0.716
27 35 0.786
27 33 1
27 92 0.772
27 78 0.993
27 38 0.624
27 91 0.754
27 65 0.992
27 90 0.307
27 106 0.137
27 64 0.107
27 30 0.155
27 55 0.155
27 63 0.112
27 71 0.119
27 109 0.155
28 62 0.959
28 106 1
28 104 0.862
28 56 0.506
28 42 0.246
28 57 0.266
28 68 0.11
28 81 0.016
28 33 0.174
28 66 0.126
28 97 0.14
28 101 0.147
29 103 0.783
29 31 0.629
29 44 0.898
29 82 0.987
29 64 0.898
29 57 0.987
29 77 1
29 85 1
29 66 0.239
29 41 0.304
29 62 0.262
29 107 0.147
30 94 0.792
30 48 1
30 63 0.918
30 87 1
30 76 0.765
30 62 0.815
30 99 0.523
30 59 0.193
30 97 0.193
30 54 0.161
30 57 0.169
30 77 0.126
30 81 0.12
30 85 0.112
30 98 0.17
30 104 0.117
31 103 0.84
31 42 1
31 70 0.673
31 90 0.004
31 33 0.268
31 45 0.154
31 54 0.162
31 55 0.201
31 66 0.15
31 68 0.144
31 92 0.121
32 39 0.889
32 85 0.705
32 75 0.651
32 91 0.659
32 95 1
32 77 0.541
32 42 0.789
32 60 0.855
32 33 1
32 37 0.694
32 53 0.606
32 47 0.39
32 106 0.236
32 36 0.209
32 54 0.126
32 64 0.161
32 78 0.122
32 100 0.163
33 48 1
33 39 0.255
33 65 0.116
33 88 0.071
33 74 0.202
33 84 0.183
33 90 0.158
33 101 0.136
34 80 0.862
34 84 0.885
34 36 0.445
34 91 0.263
34 75 0.151
34 88 0.097
34 105 0.132
34 50 0.145
34 57 0.177
34 81 0.18
34 92 0.106
34 98 0.168
34 103 0.111
35 51 1
35 99 0.741
35 100 0.957
35 86 0.779
35 57 0.111
35 69 0.138
35 101 0.258
35 103 0.153
35 36 0.186
35 38 0.184
35 58 0.144
35 63 0.155
35 66 0.182
35 67 0.129
35 75 0.161
35 92 0.175
35 95 0.107
35 108 0.146
36 58 0.527
36 85 0.839
36 87 0.934
36 91 0.893
36 51 0.264
36 65 0.162
36 70 0.123
36 101 0.139
37 46 0.732
37 108 0.72
37 60 0.833
37 55 0.931
37 56 1
37 50 0.743
37 65 0.464
37 62 0.169
37 93 0.183
37 39 0.176
37 52 0.177
37 66 0.145
37 86 0.122
37 100 0.132
38 65 0.998
38 61 0.988
38 50 0.891
38 95 0.878
38 78 0.985
38 62 0.749
38 94 0.626
38 53 0.644
38 96 0.605
38 68 0.145
38 74 0.108
38 83 0.106
39 44 0.615
39 85 0.729
39 60 0.82
39 84 0.809
39 58 0.393
39 102 0.106
39 41 0.17
39 67 0.158
39 108 0.158
40 66 0.827
40 41 1
40 83 0.814
40 88 0.496
40 62 0.131
40 87 0.249
40 47 0.11
40 50 0.1
40 86 0.157
40 91 0.149
41 45 0.766
41 58 0.979
41 88 0.595
41 87 0.812
41 103 0.798
41 51 0.911
41 78 1
41 74 0.187
41 56 0.099
41 64 0.14
41 69 0.128
41 79 0.111
42 67 0.936
42 53 0.014
42 45 0.148
42 78 0.229
42 82 0.156
42 88 0.159
42 97 0.145
42 104 0.135
43 51 1
43 68 0.743
43 74 0.838
43 81 0.991
43 49 1
43 97 0.072
43 60 0.149
43 61 0.172
43 65 0.12
43 75 0.17
43 90 0.171
43 98 0.125
43 101 0.181
43 104 0.13
44 71 1
44 67 1
44 108 0.14
44 73 0.082
44 93 0.174
44 51 0.147
44 52 0.145
44 59 0.106
44 63 0.126
44 99 0.159
44 100 0.138
44 102 0.208
45 59 0.739
45 63 0.747
45 76 0.786
45 49 0.574
45 93 0.825
45 91 0.984
45 75 0.119
45 54 0.171
45 57 0.199
45 60 0.225
45 66 0.099
45 71 0.143
45 95 0.122
45 101 0.134
46 53 1
46 49 0.936
46 108 0.574
46 87 0.181
47 71 0.948
47 73 0.79
47 108 0.591
47 60 0.145
47 81 0.211
47 98 0.091
48 75 0.641
48 60 0.852
48 90 0.769
48 63 0.518
48 68 0.55
48 102 0.038
48 57 0.106
48 74 0.18
48 81 0.175
48 101 0.187
49 61 1
49 99 0.647
49 78 0.613
49 58 0.85
49 73 0.645
49 81 0.102
49 87 0.061
49 60 0.143
49 86 0.163
49 88 0.128
49 94 0.214
49 105 0.135
50 82 0.785
50 61 0.615
50 100 1
50 92 0.167
50 52 0.132
50 64 0.163
50 67 0.108
50 70 0.194
50 75 0.147
50 79 0.116
50 87 0.059
51 56 0.586
51 68 0.156
51 54 0.111
51 69 0.183
51 77 0.196
51 83 0.137
51 87 0.049
51 96 0.187
51 100 0.191
51 104 0.112
52 62 0.851
52 78 0.519
52 75 1
52 101 0.984
52 61 0.803
52 57 0.47
52 58 0.198
52 89 0.137
52 100 0.122
52 55 0.142
52 68 0.127
52 72 0.177
52 76 0.157
52 95 0.151
52 103 0.163
52 104 0.203
53 98 0.523
53 65 0.28
53 64 0.112
53 90 0.05
53 57 0.137
53 79 0.179
53 87 0.157
53 97 0.113
53 104 0.132
53 105 0.129
54 103 0.839
54 101 1
54 57 0.825
54 104 0.152
54 61 0.191
54 73 0.136
54 76 0.138
54 79 0.192
54 91 0.143
54 100 0.159
54 105 0.157
54 109 0.156
55 108 0.99
55 103 0.792
55 90 0.81
55 94 0.653
55 95 1
55 84 0.977
55 60 0.034
55 82 0.073
55 57 0.173
55 91 0.116
56 71 0.648
56 58 0.782
56 64 0.116
56 68 0.142
56 69 0.123
56 77 0.17
56 86 0.137
56 97 0.22
56 99 0.115
57 89 1
57 83 0.814
57 76 0.821
57 92 0.733
57 74 0.12
57 75 0.191
57 79 0.154
57 81 0.129
57 82 0.132
57 99 0.139
57 103 0.158
57 108 0.152
58 109 0.295
58 94 0.92
58 98 0.839
58 66 0.23
58 99 0.023
58 65 0.093
58 68 0.135
58 78 0.162
58 86 0.13
58 95 0.168
59 85 0.751
59 65 1
59 102 0.881
59 66 0.731
59 79 0.062
59 94 0.145
59 60 0.198
59 72 0.185
59 87 0.161
59 93 0.136
59 96 0.113
59 104 0.173
59 107 0.172
60 90 0.921
60 86 0.762
60 105 0.212
60 67 0.156
60 106 0.276
60 107 0.229
60 91 0.119
60 104 0.134
61 90 0.554
61 63 0.234
61 68 0.159
61 71 0.198
61 77 0.153
61 82 0.173
61 109 0.166
62 106 0.988
62 65 0.852
62 93 0.426
62 88 0.221
62 98 0.26
62 67 0.1
62 68 0.14
62 75 0.207
62 87 0.13
62 101 0.108
63 83 1
63 101 0.699
63 93 1
63 88 0.753
63 108 0.629
63 70 0.108
63 81 0.129
63 66 0.152
63 100 0.152
63 103 0.109
64 65 0.753
64 96 0.185
64 78 0.152
64 84 0.142
64 99 0.182
64 103 0.175
65 102 0.769
65 97 0.936
65 101 0.885
65 66 1
65 95 0.583
65 98 0.278
65 73 0.201
65 106 0.242
65 108 0.197
65 71 0.197
65 80 0.116
65 89 0.113
65 94 0.185
66 91 0.553
66 79 1
66 97 0.711
66 69 0.654
66 89 0.97
66 71 0.729
66 75 0.19
66 99 0.179
66 68 0.197
67 80 0.91
67 98 0.7
67 78 0.888
67 93 1
67 71 0.735
67 84 0.62
67 72 0.162
67 81 0.175
67 90 0.164
67 97 0.138
68 86 0.808
68 104 0.115
68 71 0.191
68 75 0.188
68 76 0.171
68 87 0.147
68 88 0.159
68 92 0.144
69 79 0.838
69 92 0.004
69 80 0.187
69 105 0.103
70 93 0.963
70 87 0.557
70 71 0.677
70 86 0.463
70 94 0.023
70 108 0.115
70 81 0.164
70 88 0.14
70 96 0.136
71 106 0.883
71 87 0.317
71 94 0.126
71 72 0.144
71 75 0.13
71 78 0.132
71 79 0.092
71 93 0.214
71 101 0.152
72 75 1
72 85 0.955
72 79 1
72 84 0.856
72 102 0.685
72 93 0.168
72 104 0.185
72 105 0.135
73 91 0.167
73 96 0.354
73 77 0.16
73 80 0.13
73 90 0.176
73 102 0.129
73 104 0.17
73 107 0.123
74 101 0.903
74 95 0.825
74 94 1
74 81 0.687
74 104 0.597
74 102 0.81
74 93 0.29
74 76 0.041
74 91 0.13
74 78 0.138
75 82 0.913
75 88 0.635
75 87 0.134
75 101 0.105
76 91 0.088
76 83 0.165
76 77 0.148
76 81 0.103
76 85 0.169
76 86 0.04
76 88 0.176
76 90 0.181
76 97 0.13
76 100 0.08
76 101 0.177
77 96 0.753
77 82 0.91
77 107 1
77 105 0.305
77 95 0.143
77 97 0.121
77 109 0.141
78 85 0.032
78 103 0.146
78 104 0.156
79 106 1
79 93 0.851
79 98 1
79 109 0.549
79 91 0.268
79 80 0.164
80 100 0.439
81 88 0.532
81 90 0.326
81 105 0.146
81 106 0.168
81 108 0.121
82 108 0.879
82 99 0.678
82 104 0.94
82 84 0.207
82 96 0.17
82 98 0.155
83 93 0.957
83 97 0.091
83 100 0.083
83 101 0.113
83 107 0.091
83 109 0.154
84 89 0.176
84 91 0.165
84 94 0.153
84 96 0.147
84 108 0.148
85 96 0.891
85 107 0.994
85 102 0.736
85 88 0.357
85 108 0.195
85 105 0.069
86 104 0.82
86 87 0.744
86 92 1
86 99 0.516
86 93 0.126
87 108 0.151
87 92 0.142
87 96 0.118
87 107 0.118
88 106 1
88 94 0.605
88 91 0.147
88 109 0.166
89 109 0.358
89 90 0.154
89 96 0.117
89 101 0.142
89 103 0.161
89 105 0.178
90 107 0.808
90 108 0.786
90 94 0.241
90 104 0.195
91 105 0.808
91 109 0.851
91 94 0.944
91 104 0.618
92 107 0.728
92 106 0.815
92 95 0.828
92 104 0.881
92 108 0.708
92 105 0.098
93 109 0.72
93 104 0.171
94 95 0.799
94 106 0.147
94 96 0.165
95 102 0.435
95 108 0.191
95 96 0.055
97 108 0.217
97 100 0.124
97 101 0.14
97 104 0.152
98 109 0.646
98 106 0.141
99 103 0.935
99 108 0.865
99 109 0.163
100 103 0.688
100 102 0.112
101 103 0.821
101 105 0.06
101 109 0.113
102 106 0.826
102 105 1
106 107 0.124
107 108 0.958
108 109 0.857
