0 72 0.797
0 60 0.976
0 7 0.874
0 14 1
0 27 0.345
0 50 0.392
0 74 0.388
0 48 0.176
0 49 0.125
0 97 0.187
0 107 0.15
0 4 0.131
0 34 0.121
0 53 0.152
0 57 0.162
0 67 0.118
0 76 0.177
0 83 0.173
0 90 0.174
0 101 0.101
0 105 0.135
1 53 0.766
1 109 1
1 51 0.841
1 15 0.509
1 41 0.602
1 23 0.881
1 56 0.777
1 40 0.983
1 16 0.701
1 99 0.894
1 82 0.319
1 107 0.384
1 3 0.18
1 5 0.105
1 13 0.158
1 14 0.132
1 22 0.161
1 24 0.17
1 30 0.155
1 33 0.185
1 35 0.127
1 43 0.189
1 61 0.162
1 62 0.207
1 65 0.144
1 73 0.084
1 85 0.132
1 94 0.168
2 24 0.52
2 14 0.688
2 50 0.552
2 65 0.136
2 11 0.181
2 18 0.198
2 19 0.19
2 33 0.183
2 39 0.212
2 43 0.122
2 51 0.164
2 56 0.174
2 60 0.194
2 64 0.217
2 84 0.149
2 94 0.145
2 95 0.113
2 102 0.164
2 105 0.193
2 106 0.174
3 13 0.989
3 108 0.756
3 59 1
3 45 0.661
3 57 0.93
3 50 0.519
3 21 1
3 64 1
3 4 0.089
3 12 0.116
3 17 0.109
3 20 0.134
3 30 0.159
3 49 0.168
3 84 0.049
3 107 0.156
3 29 0.144
3 36 0.184
3 40 0.185
3 63 0.163
3 69 0.113
3 76 0.133
3 80 0.153
3 88 0.166
3 94 0.144
4 18 0.76
4 17 0.936
4 108 0.266
4 11 0.35
4 24 0.172
4 57 0.119
4 85 0.078
4 29 0.133
4 12 0.139
4 19 0.165
4 32 0.117
4 34 0.155
4 42 0.156
4 49 0.232
4 66 0.15
4 69 0.15
4 78 0.152
4 91 0.12
4 96 0.187
4 97 0.118
5 63 0.692
5 56 0.94
5 69 0.693
5 55 0.886
5 108 1
5 58 0.806
5 104 0.051
5 20 0.166
5 33 0.124
5 51 0.175
5 71 0.18
5 77 0.149
5 82 0.151
5 83 0.18
5 89 0.167
5 105 0.161
6 88 0.757
6 42 0.341
6 10 0.183
6 38 0.228
6 70 0.029
6 23 0.15
6 44 0.135
6 50 0.143
6 53 0.164
6 57 0.108
6 63 0.151
6 79 0.136
6 90 0.107
6 92 0.124
6 93 0.149
6 95 0.178
6 96 0.173
6 104 0.141
7 30 1
7 12 0.971
7 80 1
7 86 0.744
7 17 0.892
7 95 0.281
7 20 0.073
7 52 0.211
7 83 0.154
7 105 0.166
7 13 0.137
7 31 0.137
7 41 0.145
7 46 0.077
7 56 0.133
7 61 0.152
7 84 0.16
7 103 0.165
8 35 0.861
8 89 0.877
8 79 0.851
8 73 0.693
8 18 0.61
8 23 0.115
8 84 0.105
8 98 0.121
8 16 0.279
8 33 0.138
8 38 0.06
8 55 0.075
8 15 0.132
8 42 0.146
8 46 0.183
8 64 0.162
8 72 0.126
8 76 0.196
8 80 0.108
8 108 0.13
9 12 1
9 88 1
9 57 0.895
9 92 1
9 21 0.872
9 65 0.971
9 25 0.123
9 30 0.338
9 44 0.171
9 99 0.241
9 36 0.146
9 106 0.2
10 89 0.704
10 91 1
10 45 1
10 39 1
10 18 1
10 12 0.57
10 21 0.361
10 66 0.264
10 105 0.147
10 11 0.227
10 34 0.16
10 37 0.138
10 42 0.112
10 51 0.121
10 63 0.123
10 73 0.144
10 82 0.151
10 83 0.155
10 95 0.122
10 102 0.133
10 103 0.193
11 29 0.8
11 32 0.549
11 74 1
11 55 0.995
11 93 0.858
11 49 0.929
11 97 0.813
11 89 0.972
11 12 0.343
11 53 0.108
11 60 0.259
11 96 0.11
11 18 0.132
11 54 0.141
11 67 0.135
11 85 0.155
11 88 0.138
11 95 0.156
12 23 0.802
12 18 0.908
12 59 0.54
12 33 0.091
12 22 0.282
12 41 0.127
12 96 0.072
12 105 0.225
12 32 0.169
12 34 0.138
12 70 0.126
12 88 0.155
12 101 0.156
12 106 0.188
13 97 0.979
13 14 0.807
13 26 0.264
13 42 0.374
13 32 0.18
13 72 0.089
13 105 0.078
13 29 0.164
13 39 0.181
13 44 0.131
13 60 0.122
13 76 0.152
13 77 0.202
13 87 0.202
13 94 0.182
13 99 0.069
14 45 0.711
14 61 0.696
14 27 0.958
14 62 0.839
14 16 0.056
14 77 0.176
14 48 0.146
14 55 0.147
14 60 0.124
14 73 0.144
14 102 0.134
14 104 0.073
14 106 0.199
15 100 0.588
15 48 0.959
15 71 0.749
15 88 0.077
15 16 0.131
15 29 0.135
15 32 0.17
15 42 0.116
15 51 0.168
15 57 0.109
15 81 0.179
15 91 0.187
15 96 0.147
15 102 0.139
16 55 0.882
16 69 0.617
16 99 0.673
16 97 0.943
16 100 0.265
16 90 0.162
16 95 0.19
16 25 0.158
16 35 0.127
16 36 0.105
16 40 0.118
16 41 0.117
16 53 0.197
16 57 0.155
16 71 0.14
16 80 0.147
16 81 0.131
16 82 0.18
16 89 0.156
16 107 0.135
17 77 1
17 22 0.674
17 37 0.861
17 36 0.847
17 20 0.589
17 42 0.899
17 41 0.491
17 33 0.709
17 92 0.82
17 71 0.942
17 47 0.114
17 76 0.127
17 68 0.15
17 73 0.169
17 95 0.151
17 108 0.169
18 72 0.892
18 66 0.285
18 103 0.581
18 48 0.567
18 76 0.299
18 95 0.176
18 106 0.112
18 27 0.142
18 37 0.135
18 50 0.16
18 53 0.208
18 56 0.161
18 61 0.136
18 68 0.163
18 107 0.124
18 109 0.131
19 42 0.995
19 104 0.945
19 106 1
19 64 0.427
19 71 0.815
19 43 0.621
19 88 1
19 70 0.065
19 85 0.07
19 41 0.111
19 51 0.164
19 95 0.158
19 109 0.161
20 103 0.859
20 66 1
20 101 0.763
20 74 0.942
20 73 0.816
20 48 0.883
20 42 0.138
20 104 0.34
20 27 0.163
20 50 0.13
20 75 0.165
20 95 0.191
20 106 0.104
21 104 0.844
21 80 0.978
21 61 0.822
21 108 0.831
21 62 0.121
21 86 0.428
21 42 0.255
21 45 0.144
21 47 0.177
21 54 0.183
21 69 0.124
21 96 0.216
22 77 0.702
22 59 0.146
22 71 0.289
22 29 0.165
22 35 0.192
22 39 0.152
22 49 0.098
22 79 0.098
22 96 0.107
22 109 0.183
23 63 1
23 50 0.995
23 60 0.65
23 97 1
23 49 0.398
23 62 0.698
23 103 0.137
23 31 0.146
23 51 0.107
23 81 0.196
23 26 0.134
23 38 0.116
23 55 0.195
23 70 0.159
23 76 0.143
23 77 0.124
23 106 0.18
24 92 1
24 60 1
24 68 0.715
24 62 0.202
24 108 0.263
24 30 0.028
24 102 0.235
24 35 0.164
24 86 0.098
24 88 0.187
24 98 0.129
24 104 0.178
24 106 0.137
25 32 0.798
25 66 0.986
25 33 0.162
25 72 0.194
25 36 0.139
25 45 0.211
25 50 0.108
25 53 0.156
25 65 0.171
26 86 1
26 100 1
26 37 0.717
26 63 0.661
26 57 0.169
26 84 0.044
26 99 0.117
26 67 0.198
26 79 0.161
26 106 0.189
27 96 0.668
27 29 0.836
27 35 1
27 92 0.542
27 78 0.591
27 91 0.944
27 65 0.702
27 103 0.165
27 74 0.201
27 77 0.149
27 30 0.148
27 32 0.121
27 33 0.144
27 34 0.203
27 39 0.204
27 71 0.169
27 72 0.128
27 82 0.134
27 84 0.171
27 98 0.15
27 101 0.102
27 105 0.15
28 62 1
28 106 0.641
28 37 0.23
28 36 0.143
28 34 0.136
28 31 0.137
28 40 0.121
28 61 0.124
28 63 0.139
28 78 0.168
28 102 0.147
28 104 0.112
29 44 1
29 82 1
29 64 1
29 57 0.729
29 77 0.437
29 85 0.634
29 39 0.066
29 81 0.12
29 34 0.092
29 31 0.157
29 62 0.154
29 65 0.118
29 80 0.195
29 88 0.15
30 94 0.756
30 48 0.861
30 63 0.93
30 87 0.615
30 76 0.568
30 62 1
30 36 0.095
30 53 0.136
30 72 0.154
30 77 0.138
30 81 0.168
31 103 0.469
31 42 0.813
31 70 0.6
31 106 0.135
31 85 0.223
31 96 0.291
31 98 0.135
31 68 0.31
31 49 0.18
31 57 0.075
31 66 0.147
31 86 0.155
31 94 0.13
31 99 0.141
31 104 0.122
31 109 0.184
32 42 1
32 60 0.756
32 33 0.831
32 43 0.239
32 89 0.184
32 107 0.234
32 62 0.097
32 79 0.195
32 88 0.099
32 91 0.173
33 67 0.219
33 69 0.141
33 43 0.111
33 47 0.134
33 48 0.147
33 49 0.17
33 64 0.161
34 94 0.103
34 84 0.159
34 101 0.316
34 44 0.169
34 51 0.123
34 57 0.118
34 58 0.083
34 68 0.162
34 71 0.113
35 51 1
35 100 0.968
35 86 1
35 83 0.13
35 95 0.094
35 45 0.092
35 55 0.172
35 71 0.147
35 76 0.13
35 77 0.114
35 98 0.107
35 99 0.122
36 58 0.962
36 85 1
36 87 0.97
36 82 0.266
36 90 0.077
36 61 0.19
36 101 0.025
36 38 0.133
36 51 0.152
36 55 0.144
36 73 0.156
36 78 0.142
36 109 0.188
37 108 0.826
37 56 0.798
37 50 1
37 41 0.287
37 42 0.041
37 52 0.202
37 106 0.11
37 55 0.135
37 57 0.134
37 65 0.163
37 90 0.136
38 50 0.681
38 95 0.888
38 78 1
38 62 0.859
38 87 0.113
38 45 0.166
38 67 0.185
38 71 0.198
38 79 0.196
38 80 0.132
38 100 0.159
38 102 0.134
39 85 0.652
39 93 0.947
39 54 0.073
39 47 0.166
39 51 0.123
39 64 0.177
39 65 0.146
39 103 0.178
40 66 0.784
40 41 1
40 83 0.796
40 57 0.174
40 93 0.178
40 64 0.115
40 71 0.126
40 84 0.149
41 58 1
41 51 0.99
41 78 0.939
41 65 0.038
41 67 0.289
41 73 0.078
41 106 0.161
41 44 0.132
41 46 0.163
41 47 0.066
41 56 0.15
41 91 0.128
42 109 0.279
42 58 0.145
42 79 0.127
42 84 0.185
42 91 0.216
42 59 0.172
42 102 0.141
43 51 1
43 68 0.79
43 74 0.702
43 81 0.659
43 49 1
43 70 0.753
43 82 0.241
43 108 0.143
43 47 0.169
43 55 0.174
43 77 0.105
43 84 0.122
43 100 0.127
43 101 0.116
44 71 0.947
44 67 1
44 79 0.357
44 97 0.152
44 47 0.122
44 51 0.136
44 82 0.209
44 83 0.171
44 92 0.144
44 96 0.179
44 107 0.093
45 91 0.886
45 78 0.051
45 88 0.18
45 68 0.104
45 96 0.115
46 53 0.991
46 108 0.55
46 52 0.184
46 77 0.131
46 79 0.177
46 84 0.112
46 104 0.113
47 71 0.8
47 72 0.19
47 79 0.133
47 83 0.143
47 89 0.114
47 90 0.206
47 97 0.177
47 101 0.18
48 75 0.721
48 60 0.891
48 90 1
48 63 0.64
48 68 0.819
48 96 0.173
48 74 0.146
48 84 0.146
49 61 0.829
49 99 0.563
49 78 0.904
49 73 0.502
49 93 0.042
49 51 0.152
49 60 0.142
50 82 0.771
50 61 1
50 72 0.264
50 62 0.17
50 67 0.138
50 80 0.161
50 83 0.18
50 84 0.202
50 86 0.19
50 97 0.113
50 102 0.102
51 83 0.342
51 103 0.108
51 81 0.229
51 107 0.088
51 52 0.206
51 56 0.133
51 57 0.187
51 61 0.179
51 62 0.148
51 63 0.171
51 70 0.185
52 62 0.957
52 77 0.092
52 54 0.132
52 78 0.034
52 80 0.28
52 86 0.245
52 66 0.128
52 73 0.134
52 96 0.177
53 63 0.526
53 64 0.242
53 66 0.172
53 55 0.13
53 56 0.09
53 60 0.168
53 61 0.151
53 70 0.16
53 76 0.166
53 84 0.109
53 100 0.098
53 104 0.178
54 62 0.142
54 76 0.142
54 74 0.158
54 80 0.093
54 81 0.156
54 87 0.123
55 103 0.825
55 95 1
55 84 0.968
55 62 0.261
55 63 0.169
55 68 0.147
55 76 0.166
55 87 0.096
55 105 0.195
56 71 0.922
56 58 0.931
56 84 0.67
56 72 0.24
56 75 0.191
56 78 0.122
56 87 0.172
56 95 0.166
56 100 0.187
56 105 0.157
56 108 0.153
57 89 0.542
57 83 0.843
57 76 0.63
57 92 0.934
57 94 0.161
57 60 0.212
57 82 0.144
57 102 0.152
58 94 1
58 98 0.816
58 74 0.947
58 62 0.262
58 63 0.146
58 72 0.159
58 84 0.149
58 90 0.136
58 100 0.195
58 108 0.109
59 65 1
59 66 1
59 77 0.049
59 88 0.201
59 101 0.158
59 64 0.171
59 71 0.169
59 72 0.137
59 78 0.136
59 98 0.149
60 74 0.166
60 67 0.146
60 69 0.166
60 95 0.17
60 103 0.149
61 63 0.142
61 100 0.018
61 105 0.123
61 98 0.097
61 103 0.159
62 106 0.841
62 65 1
62 87 0.09
62 91 0.078
62 64 0.169
62 71 0.169
62 84 0.162
62 85 0.142
62 102 0.115
62 105 0.208
63 83 0.778
63 101 1
63 93 1
63 88 1
63 80 0.236
63 66 0.173
63 67 0.124
63 84 0.129
63 85 0.141
64 90 0.186
64 69 0.121
64 72 0.182
64 92 0.146
65 97 0.964
65 101 1
65 66 0.844
65 79 0.38
65 109 0.059
65 83 0.117
65 85 0.152
65 104 0.146
66 91 0.756
66 79 0.61
66 69 1
66 71 0.738
66 89 0.051
66 80 0.155
66 92 0.129
66 100 0.071
66 106 0.174
66 107 0.171
67 80 0.732
67 78 0.629
67 93 0.912
67 84 0.512
67 75 0.12
67 81 0.191
67 90 0.11
67 91 0.177
68 86 0.966
68 99 0.069
68 82 0.158
68 93 0.159
68 97 0.139
68 107 0.11
69 79 0.95
69 99 0.395
69 74 0.138
69 83 0.17
69 89 0.161
69 92 0.159
69 96 0.174
70 93 0.914
70 80 0.144
70 81 0.119
70 85 0.177
71 106 0.969
71 98 0.224
71 109 0.062
72 87 0.137
73 79 0.152
74 94 1
74 102 0.693
74 98 0.044
74 105 0.33
74 80 0.176
74 85 0.114
74 104 0.132
75 89 0.205
75 78 0.15
76 83 0.169
76 88 0.13
76 91 0.104
76 101 0.145
77 82 0.993
77 107 1
77 84 0.186
77 93 0.132
78 93 0.303
78 87 0.217
78 103 0.006
78 85 0.116
78 97 0.12
79 93 0.88
79 95 0.563
79 80 0.132
79 94 0.096
79 101 0.139
80 91 0.265
80 81 0.155
80 100 0.129
80 101 0.097
81 88 0.949
81 87 0.15
82 104 0.813
82 84 0.18
82 93 0.133
82 108 0.124
83 86 0.176
83 98 0.203
83 109 0.184
84 109 0.231
84 88 0.182
84 96 0.157
85 107 0.918
85 102 0.549
85 99 0.863
85 86 0.141
86 87 0.886
86 97 0.182
86 102 0.165
86 103 0.146
87 92 0.342
87 105 0.174
87 106 0.116
88 106 0.89
88 90 0.174
88 100 0.14
88 97 0.104
88 105 0.122
89 106 0.162
90 107 0.731
90 91 0.021
90 100 0.011
90 102 0.089
90 103 0.096
90 108 0.15
91 105 0.874
91 109 0.83
91 94 0.642
91 93 0.119
91 106 0.162
91 107 0.136
92 107 1
92 95 0.906
92 104 0.842
92 99 0.155
92 100 0.273
92 105 0.15
92 103 0.153
93 100 0.266
94 100 0.613
94 99 0.066
94 102 0.086
94 103 0.136
95 99 0.152
95 105 0.143
95 107 0.145
96 102 0.166
96 106 0.141
96 109 0.098
97 100 0.126
97 106 0.137
99 103 0.907
101 103 0.66
102 106 0.943
102 105 1
102 103 0.024
103 106 0.192
106 107 0.094
107 108 0.735
108 109 0.89
