0 10 0.863
0 41 1
0 29 0.528
0 3 0.54
0 55 0.772
0 69 0.878
0 96 0.899
0 97 0.636
0 28 0.881
0 44 0.702
0 73 0.697
0 36 0.563
0 84 1
0 32 0.695
0 39 0.914
0 67 0.767
0 79 0.907
0 98 0.581
0 59 0.884
0 80 0.648
0 18 0.863
0 51 0.619
0 70 1
0 20 0.593
0 40 0.863
0 38 0.608
0 15 0.749
0 24 0.539
0 42 0.506
0 103 0.844
0 54 0.526
0 34 0.517
0 101 0.597
0 58 0.673
0 60 0.213
0 66 0.144
0 4 0.13
0 27 0.124
0 43 0.111
0 62 0.166
0 71 0.099
0 86 0.132
0 6 0.129
0 9 0.122
0 21 0.15
0 22 0.137
0 23 0.157
0 26 0.191
0 30 0.156
0 31 0.198
0 45 0.151
0 46 0.068
0 47 0.163
0 48 0.16
0 49 0.166
0 52 0.143
0 56 0.176
0 57 0.142
0 64 0.135
0 75 0.178
0 77 0.103
0 82 0.218
0 91 0.112
0 94 0.132
0 99 0.177
0 100 0.139
1 54 0.721
1 74 0.609
1 33 1
1 66 0.567
1 108 1
1 67 0.767
1 84 0.777
1 78 0.883
1 81 0.901
1 56 0.952
1 96 0.718
1 107 0.607
1 89 0.618
1 93 0.503
1 31 1
1 42 0.724
1 32 0.643
1 4 0.814
1 9 0.556
1 17 1
1 30 0.624
1 80 0.747
1 98 0.727
1 86 0.768
1 22 0.916
1 65 0.566
1 14 0.164
1 28 0.149
1 72 0.16
1 3 0.116
1 19 0.148
1 38 0.268
1 70 0.138
1 71 0.169
1 5 0.172
1 6 0.176
1 8 0.117
1 26 0.12
1 29 0.137
1 40 0.135
1 41 0.125
1 45 0.118
1 47 0.136
1 53 0.18
1 59 0.153
1 69 0.181
1 73 0.168
1 75 0.18
1 77 0.144
1 83 0.136
1 87 0.162
1 90 0.128
1 97 0.161
1 101 0.158
1 102 0.132
1 103 0.104
1 105 0.204
2 8 0.563
2 58 0.73
2 69 0.52
2 19 0.903
2 55 0.62
2 72 0.742
2 79 0.654
2 6 0.907
2 13 0.93
2 21 0.548
2 53 0.596
2 87 0.523
2 22 0.671
2 54 1
2 66 0.902
2 71 0.704
2 97 0.341
2 35 0.645
2 80 0.889
2 78 0.71
2 14 0.928
2 32 0.611
2 99 0.852
2 70 0.843
2 107 0.558
2 34 0.87
2 96 0.766
2 103 1
2 33 0.774
2 46 0.704
2 18 0.638
2 10 0.237
2 5 0.156
2 25 0.173
2 45 0.149
2 49 0.167
2 59 0.157
2 75 0.141
2 81 0.193
2 105 0.082
2 3 0.148
2 16 0.197
2 20 0.111
2 30 0.181
2 31 0.135
2 36 0.162
2 37 0.147
2 38 0.109
2 39 0.158
2 42 0.184
2 43 0.176
2 48 0.147
2 51 0.135
2 60 0.161
2 62 0.194
2 65 0.186
2 73 0.127
2 82 0.17
2 83 0.197
2 85 0.129
2 86 0.166
2 88 0.143
2 91 0.167
2 94 0.143
3 89 0.89
3 59 0.618
3 101 0.674
3 15 0.924
3 36 0.665
3 39 0.874
3 67 0.923
3 9 0.873
3 22 0.621
3 31 0.879
3 34 0.746
3 96 0.972
3 6 0.647
3 7 0.756
3 44 0.705
3 49 0.692
3 68 0.745
3 52 0.998
3 104 1
3 12 0.531
3 43 0.891
3 53 0.842
3 73 0.843
3 66 0.638
3 81 0.662
3 70 0.76
3 95 0.711
3 32 0.821
3 47 0.765
3 99 0.974
3 108 0.55
3 58 0.566
3 97 0.569
3 90 0.544
3 106 0.167
3 25 0.237
3 10 0.172
3 13 0.131
3 17 0.151
3 26 0.145
3 35 0.11
3 80 0.149
3 88 0.183
3 92 0.096
3 4 0.14
3 24 0.197
3 29 0.187
3 38 0.13
3 40 0.152
3 41 0.15
3 46 0.181
3 48 0.174
3 50 0.181
3 55 0.148
3 56 0.106
3 60 0.143
3 75 0.154
3 76 0.191
3 77 0.163
3 78 0.16
3 83 0.135
3 85 0.126
3 86 0.096
3 94 0.146
4 37 0.819
4 103 0.81
4 60 0.689
4 50 0.805
4 19 0.518
4 61 0.638
4 88 0.818
4 24 0.536
4 66 0.976
4 12 0.669
4 30 0.752
4 36 0.703
4 8 1
4 32 0.811
4 54 0.901
4 65 0.567
4 28 0.75
4 93 0.638
4 51 0.612
4 81 0.55
4 10 0.734
4 67 0.55
4 48 0.667
4 72 0.738
4 31 0.628
4 98 0.529
4 83 0.603
4 42 0.58
4 84 0.965
4 102 0.768
4 100 0.616
4 53 0.548
4 46 0.182
4 101 0.09
4 23 0.103
4 45 0.124
4 90 0.17
4 96 0.154
4 5 0.086
4 7 0.122
4 9 0.136
4 15 0.123
4 17 0.172
4 18 0.13
4 25 0.111
4 26 0.148
4 35 0.144
4 38 0.115
4 41 0.146
4 44 0.136
4 56 0.193
4 62 0.151
4 69 0.171
4 71 0.148
4 73 0.172
4 74 0.159
4 77 0.168
4 85 0.136
4 86 0.174
4 87 0.201
4 94 0.168
4 107 0.129
5 60 0.949
5 78 0.691
5 33 1.0
5 41 0.849
5 63 0.781
5 10 0.587
5 50 0.914
5 55 0.919
5 26 0.619
5 39 0.709
5 95 1
5 76 0.65
5 81 0.712
5 82 1
5 79 0.958
5 17 0.633
5 21 0.917
5 97 1
5 15 0.955
5 62 0.844
5 35 1
5 64 0.625
5 36 0.579
5 43 0.759
5 93 0.51
5 14 0.614
5 107 0.812
5 73 0.756
5 99 0.728
5 90 0.759
5 37 0.724
5 56 0.676
5 9 0.162
5 68 0.19
5 106 0.135
5 6 0.312
5 20 0.17
5 66 0.162
5 72 0.145
5 84 0.16
5 86 0.023
5 91 0.182
5 92 0.091
5 103 0.192
5 16 0.219
5 23 0.14
5 32 0.141
5 34 0.167
5 42 0.139
5 44 0.163
5 45 0.181
5 47 0.172
5 52 0.161
5 54 0.069
5 65 0.185
5 67 0.166
5 69 0.144
5 74 0.21
5 94 0.182
5 102 0.075
5 104 0.156
6 49 0.843
6 41 1
6 58 0.507
6 9 0.753
6 11 0.512
6 37 0.561
6 93 0.633
6 12 1
6 16 0.689
6 60 0.606
6 62 0.974
6 103 0.728
6 38 0.704
6 78 0.823
6 33 0.773
6 34 0.993
6 107 0.876
6 42 0.576
6 97 0.935
6 85 0.953
6 59 0.875
6 75 0.696
6 21 0.834
6 53 0.897
6 50 0.56
6 36 0.813
6 30 1
6 51 0.67
6 14 0.737
6 69 0.557
6 99 0.713
6 10 0.73
6 86 0.816
6 72 0.127
6 81 0.109
6 54 0.177
6 71 0.14
6 20 0.14
6 40 0.124
6 56 0.123
6 61 0.201
6 67 0.178
6 68 0.153
6 101 0.177
6 7 0.158
6 17 0.163
6 18 0.15
6 23 0.13
6 25 0.12
6 31 0.138
6 35 0.161
6 39 0.175
6 44 0.249
6 47 0.159
6 57 0.165
6 73 0.084
6 91 0.174
6 92 0.146
6 94 0.155
6 105 0.157
6 108 0.127
7 63 0.712
7 27 0.706
7 107 0.706
7 76 0.705
7 88 0.605
7 69 0.775
7 102 0.845
7 106 0.923
7 29 0.658
7 64 0.607
7 80 0.925
7 20 0.786
7 103 0.672
7 109 0.793
7 83 0.757
7 52 0.778
7 12 0.691
7 108 0.608
7 44 0.876
7 45 0.83
7 54 0.637
7 17 0.539
7 21 0.616
7 46 0.659
7 15 0.756
7 16 0.521
7 26 0.994
7 105 0.881
7 98 0.798
7 86 0.534
7 96 0.699
7 77 0.791
7 79 0.677
7 13 0.037
7 14 0.026
7 49 0.116
7 51 0.161
7 67 0.133
7 70 0.019
7 92 0.208
7 97 0.148
7 8 0.118
7 23 0.13
7 24 0.163
7 25 0.147
7 31 0.141
7 35 0.099
7 39 0.172
7 42 0.192
7 43 0.127
7 48 0.187
7 50 0.092
7 56 0.151
7 58 0.104
7 59 0.166
7 81 0.176
7 84 0.152
7 87 0.154
7 95 0.166
7 99 0.191
7 100 0.117
7 101 0.153
7 104 0.24
8 109 0.688
8 9 0.987
8 33 0.794
8 82 0.654
8 13 0.826
8 23 0.815
8 68 0.552
8 69 0.528
8 104 0.646
8 21 0.987
8 64 0.58
8 88 0.844
8 36 1
8 45 1
8 53 1
8 85 0.534
8 101 0.603
8 16 0.572
8 100 1
8 108 0.969
8 42 0.701
8 52 0.708
8 29 0.524
8 46 0.8
8 54 0.673
8 56 0.905
8 93 0.664
8 72 0.797
8 17 0.712
8 50 0.58
8 12 0.56
8 35 0.52
8 19 0.194
8 22 0.179
8 25 0.164
8 40 0.14
8 80 0.179
8 10 0.177
8 11 0.167
8 15 0.146
8 20 0.17
8 24 0.127
8 28 0.176
8 34 0.12
8 37 0.092
8 41 0.171
8 44 0.124
8 48 0.148
8 67 0.158
8 71 0.115
8 77 0.196
8 81 0.107
8 95 0.164
8 97 0.154
8 103 0.188
8 105 0.16
8 106 0.156
9 109 0.978
9 35 0.919
9 58 0.752
9 69 1
9 20 0.585
9 62 0.646
9 66 0.806
9 78 1
9 36 0.83
9 51 0.679
9 82 0.651
9 108 0.329
9 55 0.93
9 88 0.809
9 45 0.569
9 64 1
9 75 0.605
9 83 0.733
9 10 0.739
9 16 0.94
9 43 0.593
9 12 0.665
9 106 0.718
9 61 0.662
9 39 0.566
9 107 0.092
9 34 0.091
9 71 0.158
9 79 0.145
9 80 0.152
9 89 0.152
9 93 0.119
9 104 0.113
9 15 0.156
9 17 0.099
9 26 0.181
9 31 0.094
9 32 0.151
9 52 0.132
9 54 0.184
9 57 0.143
9 59 0.13
9 67 0.152
9 72 0.072
9 81 0.15
9 85 0.141
9 86 0.151
9 92 0.093
9 94 0.193
9 95 0.148
9 98 0.209
9 102 0.131
10 40 0.649
10 44 0.92
10 99 0.538
10 30 1
10 46 0.777
10 86 0.832
10 98 0.967
10 106 1
10 18 0.777
10 77 1
10 103 0.898
10 109 0.849
10 43 0.572
10 64 0.926
10 95 0.827
10 54 0.722
10 73 0.622
10 38 0.795
10 66 0.635
10 15 0.779
10 67 0.556
10 35 0.822
10 45 0.854
10 49 0.8
10 21 0.639
10 71 0.599
10 88 0.681
10 91 0.828
10 28 0.573
10 89 0.837
10 20 0.819
10 104 0.6
10 11 0.585
10 33 0.884
10 57 0.802
10 61 0.572
10 50 0.171
10 32 0.119
10 34 0.187
10 51 0.274
10 55 0.142
10 58 0.146
10 76 0.215
10 81 0.16
10 83 0.157
10 47 0.156
10 48 0.159
10 52 0.167
10 53 0.098
10 62 0.146
10 68 0.132
10 69 0.172
10 70 0.162
10 79 0.129
10 82 0.164
10 90 0.172
10 101 0.147
10 102 0.161
10 105 0.128
10 108 0.193
11 66 0.975
11 60 1
11 12 0.732
11 27 0.728
11 30 0.879
11 36 1
11 88 0.651
11 81 0.821
11 98 0.668
11 24 0.711
11 29 0.849
11 32 0.629
11 35 0.898
11 68 0.985
11 34 0.648
11 13 0.506
11 26 0.548
11 58 0.879
11 67 0.524
11 22 0.856
11 105 0.798
11 90 0.983
11 49 0.757
11 14 0.862
11 65 0.67
11 61 0.159
11 86 0.208
11 15 0.315
11 18 0.293
11 54 0.07
11 55 0.202
11 74 0.184
11 75 0.18
11 78 0.167
11 92 0.169
11 95 0.155
11 20 0.11
11 31 0.162
11 40 0.124
11 41 0.15
11 46 0.146
11 47 0.142
11 51 0.136
11 59 0.145
11 62 0.192
11 63 0.088
11 69 0.123
11 71 0.218
11 73 0.105
11 76 0.125
11 80 0.133
11 85 0.141
11 89 0.193
11 91 0.15
11 99 0.159
11 103 0.129
11 107 0.172
12 78 0.998
12 19 0.774
12 35 0.881
12 74 0.818
12 88 0.697
12 91 0.71
12 23 0.868
12 89 0.606
12 102 0.971
12 16 0.656
12 53 1
12 62 0.732
12 66 1
12 73 0.57
12 50 0.555
12 76 0.898
12 109 0.966
12 13 0.507
12 32 0.782
12 37 0.532
12 71 0.592
12 84 0.809
12 25 0.781
12 92 0.881
12 38 0.58
12 61 0.6
12 95 0.783
12 24 0.959
12 67 0.904
12 65 0.596
12 55 0.575
12 87 1
12 68 0.864
12 93 0.621
12 72 0.503
12 18 0.551
12 80 0.602
12 20 0.531
12 82 0.82
12 21 0.059
12 27 0.169
12 33 0.18
12 34 0.108
12 41 0.231
12 63 0.133
12 107 0.125
12 29 0.099
12 39 0.145
12 45 0.118
12 46 0.115
12 48 0.147
12 49 0.19
12 59 0.161
12 69 0.187
12 70 0.17
12 75 0.153
12 83 0.087
12 85 0.117
12 86 0.149
12 98 0.154
12 100 0.146
13 40 0.978
13 60 0.599
13 33 0.527
13 62 0.567
13 82 0.802
13 106 0.66
13 41 0.534
13 42 0.821
13 48 1.0
13 103 0.856
13 58 0.783
13 93 0.562
13 55 1
13 90 0.896
13 28 0.662
13 23 0.953
13 20 0.759
13 43 0.506
13 96 0.955
13 88 0.876
13 104 1
13 94 0.508
13 64 0.676
13 57 0.729
13 25 0.789
13 47 0.769
13 95 0.613
13 97 0.559
13 78 0.149
13 26 0.146
13 73 0.123
13 80 0.201
13 83 0.145
13 15 0.134
13 19 0.14
13 27 0.157
13 32 0.17
13 34 0.144
13 35 0.193
13 45 0.166
13 46 0.157
13 51 0.17
13 59 0.208
13 61 0.129
13 63 0.116
13 65 0.167
13 66 0.138
13 67 0.121
13 69 0.143
13 71 0.192
13 72 0.144
13 75 0.156
13 77 0.161
13 79 0.149
13 86 0.192
13 87 0.149
13 89 0.134
13 105 0.209
13 107 0.15
14 91 0.782
14 86 1
14 78 0.798
14 93 0.794
14 22 0.608
14 25 0.576
14 62 0.977
14 71 0.921
14 85 0.825
14 89 0.997
14 108 0.737
14 31 0.79
14 38 0.862
14 52 0.831
14 55 0.519
14 63 0.853
14 90 0.887
14 95 0.895
14 49 0.682
14 82 0.89
14 109 0.918
14 77 0.632
14 46 0.51
14 104 0.628
14 26 0.673
14 57 0.41
14 68 0.659
14 33 0.685
14 43 0.394
14 100 0.872
14 19 0.158
14 50 0.177
14 81 0.272
14 37 0.135
14 40 0.187
14 58 0.14
14 65 0.221
14 72 0.172
14 88 0.138
14 98 0.106
14 21 0.138
14 23 0.172
14 29 0.123
14 30 0.087
14 32 0.166
14 51 0.149
14 53 0.177
14 67 0.14
14 74 0.183
14 75 0.096
14 76 0.197
14 80 0.147
14 96 0.17
14 97 0.137
14 106 0.119
14 107 0.123
15 19 1
15 64 0.902
15 44 0.648
15 53 0.995
15 87 1
15 84 0.787
15 16 0.851
15 20 0.485
15 33 0.678
15 62 0.884
15 103 0.651
15 105 0.534
15 61 0.604
15 31 0.54
15 30 0.77
15 59 1
15 73 0.729
15 106 0.701
15 47 1
15 21 0.657
15 67 0.843
15 39 0.837
15 63 0.695
15 88 0.97
15 60 0.91
15 54 0.553
15 34 0.552
15 35 1
15 75 0.667
15 99 0.154
15 18 0.127
15 23 0.181
15 25 0.172
15 66 0.156
15 74 0.165
15 76 0.13
15 92 0.157
15 98 0.152
15 17 0.133
15 22 0.179
15 29 0.186
15 37 0.145
15 45 0.116
15 46 0.13
15 48 0.168
15 49 0.204
15 51 0.126
15 55 0.174
15 56 0.145
15 57 0.17
15 58 0.109
15 68 0.111
15 69 0.134
15 70 0.126
15 77 0.157
15 80 0.138
15 83 0.145
15 85 0.167
15 91 0.205
15 102 0.129
15 104 0.17
15 108 0.152
16 101 0.519
16 36 0.68
16 48 0.643
16 57 0.992
16 67 0.58
16 74 0.601
16 81 0.538
16 99 0.667
16 79 0.667
16 88 0.958
16 103 0.955
16 27 0.52
16 29 0.625
16 33 0.639
16 38 0.608
16 97 1
16 98 0.724
16 22 0.605
16 28 0.749
16 91 0.764
16 39 1
16 53 0.844
16 58 0.759
16 95 0.75
16 68 0.648
16 106 0.791
16 34 0.93
16 73 0.619
16 46 0.66
16 35 0.622
16 21 0.821
16 56 0.552
16 70 0.579
16 23 0.607
16 71 0.16
16 25 0.144
16 31 0.153
16 72 0.153
16 76 0.136
16 83 0.125
16 93 0.078
16 109 0.128
16 24 0.152
16 41 0.151
16 45 0.134
16 50 0.2
16 59 0.122
16 61 0.16
16 63 0.139
16 69 0.13
16 78 0.169
16 80 0.138
16 84 0.137
16 89 0.168
16 90 0.158
16 94 0.142
16 100 0.108
16 105 0.127
16 108 0.164
17 97 0.939
17 62 0.642
17 57 0.583
17 19 0.665
17 33 1
17 37 0.782
17 56 0.629
17 107 0.882
17 60 0.616
17 64 1
17 103 0.998
17 108 0.714
17 74 0.613
17 76 0.645
17 59 1
17 87 0.61
17 45 0.639
17 42 0.564
17 39 0.997
17 50 0.796
17 90 0.709
17 86 1
17 98 0.59
17 29 0.634
17 49 0.545
17 51 0.812
17 67 0.696
17 93 0.696
17 79 0.544
17 101 0.569
17 104 1
17 28 0.596
17 31 0.242
17 47 0.12
17 24 0.147
17 43 0.174
17 70 0.155
17 26 0.162
17 27 0.11
17 65 0.138
17 66 0.155
17 71 0.213
17 77 0.214
17 80 0.115
17 82 0.136
17 102 0.107
17 22 0.153
17 23 0.218
17 32 0.148
17 35 0.119
17 40 0.191
17 54 0.122
17 61 0.171
17 73 0.177
17 75 0.144
17 81 0.153
17 91 0.076
17 94 0.155
17 96 0.189
17 100 0.162
17 106 0.188
18 101 0.94
18 96 0.648
18 92 0.656
18 69 0.632
18 64 1
18 91 0.672
18 21 0.977
18 33 0.736
18 51 0.961
18 56 0.551
18 43 1
18 52 0.973
18 36 0.662
18 88 0.847
18 39 0.774
18 100 0.697
18 63 0.599
18 105 0.886
18 60 0.666
18 22 0.955
18 35 0.591
18 68 0.739
18 59 0.787
18 62 0.928
18 83 0.908
18 94 0.68
18 32 0.51
18 42 0.649
18 109 0.769
18 70 0.592
18 76 0.624
18 87 0.528
18 90 0.604
18 37 0.17
18 79 0.128
18 44 0.149
18 48 0.102
18 50 0.119
18 19 0.132
18 25 0.112
18 26 0.177
18 27 0.121
18 34 0.143
18 40 0.157
18 54 0.131
18 55 0.147
18 57 0.129
18 65 0.113
18 77 0.175
18 93 0.16
18 99 0.144
18 103 0.146
19 54 0.838
19 72 1
19 46 0.82
19 41 0.532
19 68 0.891
19 47 0.819
19 56 1
19 87 0.773
19 109 0.52
19 93 0.835
19 22 0.566
19 26 0.983
19 36 0.97
19 80 1
19 57 1
19 108 0.498
19 23 0.675
19 105 1
19 39 0.781
19 81 0.566
19 40 0.78
19 92 1
19 51 0.576
19 28 0.634
19 37 0.868
19 49 0.67
19 69 0.688
19 24 0.082
19 42 0.165
19 86 0.166
19 20 0.187
19 21 0.131
19 50 0.151
19 52 0.148
19 64 0.169
19 70 0.103
19 78 0.138
19 79 0.151
19 97 0.151
19 101 0.135
19 102 0.147
19 33 0.152
19 55 0.162
19 58 0.155
19 60 0.205
19 63 0.159
19 66 0.182
19 71 0.207
19 73 0.154
19 98 0.172
19 103 0.152
20 28 0.596
20 34 0.87
20 60 0.511
20 27 0.916
20 43 0.586
20 54 0.76
20 82 0.707
20 33 0.814
20 85 0.98
20 90 0.753
20 45 0.677
20 37 0.662
20 48 0.52
20 95 0.549
20 99 0.913
20 25 0.514
20 30 1
20 93 0.567
20 104 0.503
20 36 0.677
20 52 1
20 102 0.777
20 57 0.84
20 73 0.548
20 101 0.532
20 44 0.665
20 21 0.727
20 75 0.559
20 91 0.559
20 42 0.086
20 22 0.133
20 109 0.146
20 63 0.227
20 64 0.17
20 69 0.131
20 70 0.145
20 97 0.202
20 24 0.197
20 26 0.184
20 32 0.21
20 35 0.139
20 40 0.182
20 41 0.128
20 46 0.15
20 49 0.103
20 56 0.117
20 61 0.161
20 67 0.163
20 68 0.174
20 71 0.179
20 74 0.17
20 77 0.137
20 78 0.13
20 79 0.163
20 80 0.143
20 83 0.155
20 87 0.168
20 92 0.162
20 106 0.168
20 108 0.154
21 77 0.811
21 54 0.868
21 48 1
21 87 0.899
21 92 0.699
21 93 0.867
21 24 0.89
21 27 0.51
21 32 0.757
21 71 0.802
21 94 0.648
21 82 0.835
21 63 0.648
21 78 0.637
21 80 0.634
21 60 1
21 85 0.749
21 72 0.765
21 25 0.84
21 70 0.84
21 46 0.656
21 101 0.661
21 55 0.537
21 106 1
21 96 0.749
21 67 1
21 26 0.801
21 29 0.149
21 89 0.161
21 36 0.176
21 37 0.161
21 57 0.14
21 84 0.213
21 86 0.182
21 97 0.191
21 28 0.178
21 30 0.17
21 31 0.181
21 41 0.112
21 51 0.143
21 52 0.154
21 53 0.138
21 64 0.152
21 65 0.128
21 68 0.148
21 69 0.138
21 75 0.118
21 79 0.112
21 81 0.156
21 88 0.106
21 90 0.159
21 95 0.106
21 98 0.145
21 100 0.129
21 102 0.13
21 104 0.156
21 107 0.155
21 108 0.104
22 37 1
22 94 1
22 33 1
22 75 0.638
22 72 0.629
22 88 0.92
22 101 0.609
22 34 0.609
22 102 1
22 87 0.912
22 56 0.805
22 76 0.651
22 93 0.528
22 35 0.782
22 69 0.837
22 38 0.504
22 39 0.614
22 51 0.605
22 61 0.63
22 63 0.885
22 78 0.59
22 53 0.124
22 27 0.15
22 31 0.192
22 71 0.136
22 30 0.149
22 32 0.145
22 42 0.122
22 52 0.103
22 54 0.206
22 57 0.214
22 65 0.165
22 89 0.14
22 108 0.102
22 23 0.129
22 24 0.182
22 29 0.137
22 36 0.154
22 40 0.157
22 41 0.186
22 50 0.184
22 55 0.207
22 64 0.159
22 68 0.183
22 70 0.166
22 82 0.112
22 83 0.164
22 84 0.144
22 85 0.152
22 100 0.194
22 105 0.124
22 107 0.115
23 41 0.768
23 91 0.55
23 34 1
23 77 1
23 59 0.73
23 85 0.78
23 102 0.526
23 66 0.995
23 100 0.608
23 27 1
23 52 0.65
23 80 0.808
23 101 0.821
23 26 0.73
23 43 1
23 51 0.862
23 55 1
23 44 1
23 35 1
23 67 0.605
23 58 0.554
23 109 0.61
23 24 0.693
23 36 0.529
23 107 0.658
23 48 0.896
23 29 0.636
23 40 0.822
23 75 0.508
23 39 0.102
23 47 0.127
23 81 0.133
23 28 0.159
23 56 0.156
23 62 0.126
23 86 0.172
23 30 0.153
23 37 0.199
23 49 0.166
23 61 0.222
23 63 0.117
23 64 0.156
23 69 0.159
23 70 0.094
23 72 0.205
23 79 0.161
23 84 0.146
23 87 0.187
23 90 0.159
23 93 0.134
23 95 0.117
23 97 0.1
23 103 0.152
23 105 0.197
23 106 0.156
23 108 0.151
24 108 0.686
24 72 0.552
24 25 0.973
24 58 0.728
24 71 0.56
24 54 0.794
24 68 0.788
24 90 0.868
24 81 0.693
24 93 0.731
24 101 0.995
24 83 0.898
24 40 0.721
24 61 0.61
24 63 0.735
24 100 0.876
24 106 0.69
24 103 1
24 27 0.843
24 91 0.924
24 92 0.51
24 56 0.633
24 64 0.945
24 48 0.953
24 80 0.668
24 77 0.506
24 78 0.181
24 38 0.157
24 39 0.213
24 46 0.18
24 70 0.157
24 74 0.267
24 86 0.182
24 98 0.144
24 29 0.191
24 31 0.138
24 33 0.205
24 35 0.154
24 37 0.147
24 44 0.207
24 55 0.1
24 60 0.148
24 66 0.121
24 69 0.15
24 89 0.108
24 109 0.127
25 67 0.649
25 43 0.513
25 35 0.773
25 37 0.609
25 57 0.943
25 79 0.807
25 82 0.944
25 83 0.586
25 95 0.821
25 87 0.805
25 90 1
25 100 0.586
25 107 0.611
25 61 0.791
25 104 0.565
25 80 0.709
25 106 0.917
25 94 1
25 98 0.71
25 53 0.584
25 76 0.784
25 109 0.852
25 75 0.154
25 34 0.135
25 41 0.192
25 46 0.131
25 52 0.191
25 56 0.133
25 65 0.122
25 66 0.141
25 69 0.133
25 99 0.26
25 27 0.165
25 29 0.194
25 36 0.148
25 38 0.119
25 42 0.153
25 48 0.179
25 49 0.2
25 50 0.17
25 51 0.177
25 54 0.12
25 62 0.115
25 63 0.187
25 72 0.147
25 84 0.119
25 91 0.16
25 92 0.166
25 93 0.136
25 101 0.159
26 80 0.684
26 52 0.868
26 44 1
26 71 0.603
26 45 0.832
26 48 1
26 60 0.692
26 96 0.609
26 32 0.858
26 69 0.737
26 79 0.753
26 36 0.817
26 57 0.721
26 87 0.781
26 107 0.691
26 31 0.689
26 84 0.777
26 81 0.741
26 100 0.717
26 33 0.841
26 76 0.531
26 101 0.846
26 89 0.635
26 72 0.871
26 106 0.896
26 90 0.537
26 95 0.724
26 67 0.575
26 34 0.728
26 30 0.157
26 83 0.022
26 92 0.137
26 102 0.125
26 35 0.154
26 39 0.163
26 47 0.126
26 53 0.208
26 54 0.18
26 59 0.175
26 62 0.218
26 105 0.139
26 40 0.115
26 41 0.109
26 42 0.117
26 43 0.124
26 56 0.149
26 61 0.131
26 65 0.203
26 66 0.171
26 68 0.154
26 74 0.152
26 77 0.185
26 93 0.193
26 98 0.14
26 109 0.187
27 28 0.984
27 56 0.54
27 38 0.583
27 52 0.985
27 67 0.832
27 83 0.729
27 99 0.687
27 34 0.74
27 94 0.597
27 82 0.779
27 106 0.731
27 64 0.788
27 75 0.999
27 76 0.761
27 43 0.538
27 109 0.888
27 65 0.86
27 62 0.922
27 87 0.628
27 86 0.786
27 72 0.503
27 89 0.531
27 30 0.943
27 103 0.892
27 58 0.638
27 104 0.677
27 48 0.661
27 101 0.818
27 51 0.974
27 29 0.588
27 57 0.523
27 36 0.129
27 47 0.161
27 85 0.145
27 88 0.135
27 93 0.134
27 32 0.131
27 39 0.144
27 44 0.126
27 46 0.164
27 49 0.171
27 63 0.156
27 68 0.156
27 73 0.132
27 74 0.139
27 77 0.181
27 84 0.164
27 92 0.141
27 105 0.121
28 97 0.995
28 69 1
28 54 1
28 61 0.583
28 94 0.996
28 29 1
28 33 0.642
28 43 0.679
28 55 0.846
28 60 0.696
28 70 0.796
28 81 0.647
28 68 0.514
28 72 1
28 73 0.608
28 51 0.666
28 78 0.753
28 49 0.757
28 107 0.966
28 67 0.659
28 52 0.911
28 88 0.627
28 39 0.816
28 59 0.862
28 50 0.947
28 66 0.982
28 103 0.703
28 31 0.974
28 85 0.866
28 57 0.684
28 79 0.676
28 93 0.145
28 100 0.151
28 32 0.098
28 45 0.14
28 75 0.147
28 84 0.17
28 89 0.139
28 91 0.2
28 104 0.13
28 34 0.13
28 37 0.174
28 38 0.154
28 44 0.145
28 48 0.167
28 56 0.164
28 65 0.154
28 74 0.133
28 87 0.155
28 96 0.176
28 99 0.107
28 101 0.132
28 109 0.166
29 50 0.862
29 74 1
29 77 0.597
29 88 0.793
29 96 0.556
29 105 0.719
29 38 0.831
29 72 0.886
29 78 0.668
29 81 0.863
29 39 0.524
29 109 0.615
29 83 0.889
29 40 1
29 48 0.783
29 84 0.572
29 89 0.638
29 32 0.548
29 62 0.571
29 104 0.867
29 51 0.864
29 66 0.603
29 73 0.567
29 36 0.556
29 71 0.587
29 85 0.837
29 58 0.73
29 60 0.668
29 49 0.119
29 94 0.148
29 106 0.184
29 33 0.165
29 34 0.167
29 42 0.101
29 44 0.144
29 47 0.146
29 52 0.182
29 56 0.1
29 59 0.141
29 64 0.16
29 69 0.193
29 91 0.209
29 97 0.149
29 98 0.183
29 100 0.176
29 101 0.113
30 58 0.762
30 87 0.655
30 80 0.565
30 108 0.865
30 72 0.569
30 76 0.988
30 77 0.677
30 54 0.958
30 81 0.808
30 99 0.718
30 67 0.727
30 96 0.716
30 41 0.577
30 63 0.92
30 85 0.706
30 79 0.518
30 40 0.516
30 70 0.54
30 73 0.634
30 89 0.517
30 104 0.886
30 66 0.54
30 60 0.111
30 46 0.126
30 93 0.16
30 97 0.155
30 105 0.327
30 35 0.134
30 36 0.135
30 38 0.152
30 42 0.198
30 47 0.139
30 48 0.159
30 49 0.154
30 51 0.19
30 53 0.153
30 56 0.173
30 74 0.18
30 91 0.137
31 66 0.654
31 37 0.699
31 59 0.522
31 64 0.89
31 54 0.759
31 70 0.759
31 42 0.905
31 43 0.749
31 56 0.516
31 69 0.645
31 74 0.939
31 81 0.855
31 47 0.603
31 60 0.605
31 78 0.718
31 97 1
31 90 0.852
31 50 1
31 75 0.621
31 34 0.785
31 91 1
31 100 0.834
31 82 1
31 88 0.686
31 93 0.583
31 98 0.609
31 45 0.585
31 58 0.533
31 106 0.741
31 109 1
31 72 0.736
31 87 0.541
31 65 0.139
31 104 0.219
31 38 0.11
31 83 0.179
31 32 0.11
31 33 0.153
31 35 0.147
31 36 0.163
31 41 0.116
31 44 0.218
31 48 0.132
31 51 0.101
31 62 0.159
31 63 0.166
31 67 0.086
31 68 0.089
31 71 0.116
31 73 0.13
31 79 0.138
31 92 0.171
31 103 0.142
32 43 0.776
32 82 0.934
32 108 0.849
32 60 0.858
32 40 0.722
32 70 0.58
32 87 0.7
32 33 0.561
32 77 0.772
32 99 0.871
32 54 0.526
32 96 0.592
32 49 0.864
32 90 0.765
32 39 0.919
32 101 0.77
32 42 0.66
32 68 0.876
32 76 0.79
32 86 0.596
32 97 0.673
32 57 0.79
32 73 0.764
32 69 0.554
32 71 0.622
32 109 0.637
32 67 0.808
32 92 0.502
32 52 0.102
32 55 0.139
32 41 0.113
32 78 0.112
32 80 0.186
32 104 0.193
32 35 0.125
32 36 0.188
32 38 0.118
32 45 0.194
32 51 0.146
32 58 0.112
32 61 0.179
32 62 0.157
32 65 0.127
32 66 0.137
32 75 0.15
32 84 0.132
32 88 0.174
32 94 0.136
33 49 0.79
33 48 0.926
33 37 0.769
33 94 0.813
33 99 0.846
33 101 0.971
33 61 0.699
33 92 0.616
33 46 0.704
33 44 0.746
33 57 0.608
33 107 0.803
33 63 0.792
33 54 0.509
33 59 0.767
33 73 0.994
33 88 1
33 35 0.628
33 104 0.824
33 105 0.908
33 109 0.777
33 78 0.521
33 81 0.849
33 50 0.829
33 106 0.819
33 89 0.508
33 72 0.223
33 80 0.223
33 91 0.12
33 67 0.156
33 83 0.152
33 36 0.183
33 42 0.145
33 47 0.149
33 52 0.119
33 55 0.158
33 58 0.15
33 60 0.133
33 62 0.136
33 68 0.116
33 71 0.139
33 76 0.154
33 79 0.107
33 87 0.106
33 96 0.098
33 100 0.126
33 108 0.145
34 66 0.686
34 39 0.737
34 60 0.891
34 35 0.731
34 107 1
34 58 0.643
34 64 0.728
34 68 0.945
34 71 0.889
34 109 0.792
34 54 0.665
34 53 0.731
34 57 0.615
34 63 0.942
34 79 0.663
34 108 0.673
34 47 1
34 61 0.682
34 92 0.605
34 36 0.81
34 50 0.775
34 104 0.849
34 98 0.822
34 40 0.649
34 90 0.557
34 105 0.15
34 37 0.138
34 80 0.129
34 85 0.161
34 45 0.195
34 52 0.137
34 56 0.131
34 69 0.061
34 82 0.156
34 97 0.13
34 101 0.189
34 106 0.14
35 72 0.658
35 73 0.928
35 91 0.733
35 38 0.728
35 40 0.762
35 47 0.783
35 52 0.841
35 66 1
35 82 0.831
35 101 0.808
35 92 1
35 103 1
35 68 0.548
35 36 0.976
35 54 1
35 56 0.767
35 93 0.942
35 99 0.987
35 39 0.673
35 81 0.722
35 48 0.91
35 44 0.759
35 105 1
35 83 0.77
35 50 0.899
35 100 0.912
35 78 0.6
35 43 0.182
35 45 0.166
35 59 0.153
35 61 0.19
35 79 0.163
35 89 0.149
35 108 0.102
35 37 0.153
35 41 0.127
35 51 0.118
35 53 0.166
35 57 0.082
35 60 0.17
35 67 0.107
35 74 0.136
35 77 0.133
35 85 0.089
35 86 0.159
35 94 0.161
35 96 0.142
35 98 0.126
35 104 0.199
36 43 0.878
36 88 0.755
36 52 0.744
36 67 1
36 73 0.577
36 37 0.875
36 44 0.532
36 46 0.569
36 53 0.872
36 70 0.948
36 72 1
36 65 0.616
36 69 0.63
36 96 0.616
36 58 0.521
36 63 0.545
36 107 0.802
36 68 0.647
36 89 0.559
36 48 0.5
36 61 0.586
36 40 0.741
36 57 0.613
36 62 0.761
36 86 1
36 109 0.686
36 78 0.604
36 91 0.148
36 100 0.15
36 41 0.128
36 45 0.167
36 49 0.175
36 50 0.172
36 71 0.154
36 74 0.149
36 75 0.143
36 90 0.106
36 93 0.126
36 94 0.119
36 95 0.167
36 97 0.143
36 98 0.139
36 104 0.144
37 88 0.709
37 47 0.779
37 56 0.66
37 73 1
37 82 1
37 69 0.926
37 76 1
37 40 1
37 43 0.568
37 95 0.64
37 38 0.735
37 44 0.852
37 45 0.571
37 87 1
37 39 0.607
37 103 0.579
37 85 0.987
37 91 0.508
37 66 0.873
37 75 0.948
37 79 0.675
37 50 0.665
37 89 0.651
37 90 1
37 63 0.945
37 51 0.536
37 108 0.851
37 61 1
37 78 0.131
37 106 0.256
37 80 0.207
37 81 0.136
37 84 0.138
37 41 0.147
37 42 0.188
37 46 0.082
37 48 0.114
37 52 0.174
37 55 0.128
37 62 0.123
37 68 0.12
37 70 0.138
37 72 0.16
37 102 0.169
37 109 0.134
38 98 0.891
38 86 0.576
38 94 0.631
38 75 0.634
38 80 0.594
38 102 0.666
38 109 0.906
38 77 1
38 78 1
38 96 1
38 72 0.5
38 92 0.928
38 68 0.612
38 100 0.989
38 103 0.644
38 70 0.833
38 47 0.598
38 53 0.976
38 85 0.899
38 40 0.787
38 105 0.675
38 73 0.73
38 82 0.114
38 61 0.091
38 71 0.112
38 81 0.172
38 99 0.202
38 43 0.135
38 48 0.213
38 50 0.141
38 52 0.168
38 54 0.173
38 69 0.143
38 84 0.138
38 87 0.147
38 89 0.173
38 101 0.145
39 107 0.705
39 109 0.578
39 44 1
39 55 1
39 58 0.575
39 61 0.907
39 73 0.965
39 77 0.608
39 91 0.514
39 99 1
39 76 0.505
39 48 0.732
39 70 0.864
39 42 0.503
39 63 0.944
39 81 0.506
39 83 0.751
39 80 0.781
39 47 0.816
39 79 0.63
39 74 0.526
39 66 0.989
39 62 0.576
39 65 0.589
39 82 0.549
39 49 0.581
39 54 0.539
39 45 0.082
39 51 0.2
39 97 0.149
39 102 0.16
39 105 0.166
39 40 0.166
39 57 0.109
39 67 0.125
39 72 0.166
39 84 0.107
39 87 0.181
39 95 0.113
39 96 0.131
39 100 0.148
39 101 0.209
39 106 0.124
39 108 0.156
40 68 0.791
40 105 0.925
40 78 0.913
40 71 0.716
40 93 0.738
40 98 0.967
40 104 0.616
40 89 1
40 42 0.884
40 65 0.688
40 94 1
40 109 0.931
40 95 1
40 103 0.553
40 108 0.781
40 100 0.732
40 63 0.684
40 102 0.585
40 77 0.747
40 81 0.579
40 51 0.571
40 92 0.804
40 54 0.152
40 96 0.144
40 41 0.121
40 45 0.191
40 46 0.13
40 60 0.098
40 86 0.162
40 43 0.174
40 47 0.116
40 48 0.166
40 53 0.162
40 56 0.147
40 64 0.172
40 75 0.129
40 76 0.087
40 85 0.149
40 88 0.189
40 91 0.11
40 107 0.141
41 62 0.753
41 43 0.951
41 75 0.783
41 57 0.902
41 97 0.727
41 53 0.664
41 80 0.59
41 55 0.745
41 79 0.609
41 109 0.511
41 58 0.795
41 66 0.782
41 83 0.525
41 94 0.757
41 95 0.935
41 45 0.523
41 100 0.814
41 64 0.551
41 78 0.832
41 106 1
41 44 0.65
41 90 0.582
41 51 0.547
41 56 0.716
41 81 0.753
41 46 0.97
41 96 0.929
41 101 0.747
41 42 0.621
41 73 0.122
41 50 0.116
41 71 0.139
41 77 0.183
41 104 0.163
41 54 0.113
41 60 0.152
41 72 0.203
41 82 0.183
41 85 0.164
41 87 0.143
41 93 0.218
41 105 0.134
41 107 0.188
42 97 0.571
42 102 0.618
42 48 0.779
42 71 0.938
42 77 0.535
42 80 0.786
42 69 0.963
42 100 0.766
42 68 0.706
42 109 1
42 103 0.815
42 107 0.565
42 83 0.666
42 47 0.549
42 74 0.574
42 104 0.916
42 95 0.79
42 75 0.953
42 101 1
42 76 0.562
42 59 0.194
42 78 0.134
42 89 0.143
42 43 0.123
42 44 0.2
42 46 0.159
42 51 0.135
42 57 0.151
42 58 0.193
42 61 0.184
42 62 0.153
42 64 0.108
42 65 0.153
42 70 0.165
42 72 0.141
42 73 0.169
42 82 0.167
42 86 0.197
42 88 0.123
42 90 0.136
42 96 0.167
42 105 0.149
43 72 1
43 65 0.507
43 66 0.867
43 68 0.523
43 80 0.734
43 99 0.782
43 104 0.959
43 54 0.512
43 85 0.952
43 82 1
43 46 0.713
43 100 0.51
43 76 0.824
43 48 0.663
43 90 0.546
43 84 0.566
43 67 0.605
43 71 0.587
43 87 0.163
43 63 0.193
43 81 0.044
43 97 0.149
43 109 0.112
43 44 0.176
43 47 0.151
43 50 0.133
43 51 0.157
43 64 0.18
43 69 0.206
43 73 0.155
43 75 0.173
43 77 0.174
43 88 0.13
43 89 0.126
43 96 0.09
43 107 0.126
44 48 0.603
44 52 0.783
44 60 1
44 75 0.605
44 97 0.751
44 54 0.907
44 64 0.871
44 71 0.847
44 90 1
44 89 1
44 47 1
44 69 0.524
44 85 0.741
44 91 1
44 101 0.675
44 100 0.587
44 83 0.689
44 98 0.114
44 50 0.215
44 53 0.152
44 82 0.055
44 107 0.128
44 61 0.16
44 62 0.254
44 68 0.146
44 45 0.136
44 56 0.173
44 58 0.148
44 63 0.152
44 72 0.147
44 77 0.14
44 80 0.21
44 81 0.128
44 84 0.138
44 86 0.162
44 87 0.11
44 92 0.116
44 93 0.143
44 94 0.181
44 106 0.192
44 109 0.192
45 80 0.683
45 97 0.677
45 82 0.587
45 56 0.894
45 65 0.945
45 67 0.588
45 96 0.8
45 75 0.856
45 105 0.586
45 79 0.726
45 60 0.675
45 71 0.579
45 70 0.653
45 76 0.741
45 49 0.819
45 94 0.686
45 73 0.946
45 85 0.531
45 91 0.62
45 83 0.539
45 90 0.5
45 57 0.125
45 62 0.15
45 81 0.115
45 86 0.177
45 99 0.168
45 46 0.122
45 48 0.198
45 50 0.165
45 58 0.147
45 59 0.139
45 61 0.147
45 66 0.116
45 77 0.214
45 95 0.147
45 102 0.149
45 108 0.125
45 109 0.193
46 94 0.584
46 106 1
46 97 0.604
46 54 0.742
46 72 0.911
46 77 1
46 51 0.903
46 92 0.947
46 104 1
46 82 0.783
46 57 0.875
46 81 1
46 64 0.787
46 49 0.723
46 79 0.827
46 69 0.193
46 52 0.118
46 93 0.291
46 98 0.145
46 59 0.169
46 95 0.135
46 100 0.163
46 107 0.157
46 47 0.114
46 56 0.119
46 60 0.168
46 62 0.11
46 66 0.196
46 68 0.147
46 73 0.183
46 86 0.111
46 87 0.209
46 89 0.19
46 96 0.14
46 99 0.15
46 103 0.122
46 105 0.175
47 81 0.935
47 83 0.659
47 86 0.978
47 56 0.757
47 60 0.905
47 77 0.513
47 100 0.539
47 62 0.938
47 84 0.933
47 89 0.869
47 108 1
47 99 0.833
47 75 0.71
47 93 0.807
47 80 0.664
47 69 0.978
47 109 0.551
47 74 0.59
47 71 0.649
47 107 0.555
47 55 0.569
47 98 0.941
47 72 0.231
47 94 0.189
47 49 0.149
47 73 0.178
47 88 0.204
47 52 0.144
47 53 0.113
47 54 0.166
47 67 0.119
47 76 0.066
47 79 0.173
47 91 0.132
47 92 0.113
47 95 0.161
47 103 0.164
47 105 0.177
47 106 0.142
48 66 0.76
48 80 0.905
48 87 0.921
48 91 0.674
48 62 0.755
48 96 0.792
48 100 0.974
48 76 0.965
48 98 0.967
48 70 0.668
48 89 0.557
48 50 0.84
48 59 0.91
48 53 0.683
48 107 0.654
48 94 0.524
48 85 0.545
48 88 0.663
48 109 0.842
48 55 0.185
48 57 0.124
48 61 0.037
48 106 0.129
48 52 0.241
48 60 0.123
48 64 0.139
48 69 0.173
48 71 0.166
48 72 0.149
48 75 0.15
48 82 0.137
48 90 0.145
48 95 0.152
48 101 0.158
48 108 0.163
49 59 0.595
49 76 0.618
49 94 0.721
49 97 0.516
49 86 0.882
49 89 0.959
49 95 0.816
49 84 0.602
49 68 0.654
49 75 0.976
49 52 0.901
49 55 0.753
49 54 0.125
49 67 0.153
49 74 0.125
49 98 0.151
49 99 0.183
49 61 0.166
49 66 0.152
49 73 0.192
49 77 0.145
49 80 0.136
49 82 0.206
49 85 0.166
49 96 0.137
49 100 0.174
49 101 0.161
49 105 0.165
49 107 0.211
49 108 0.15
50 53 0.979
50 56 0.532
50 59 0.951
50 87 0.661
50 95 0.672
50 71 0.809
50 51 0.77
50 67 0.68
50 107 0.535
50 58 0.88
50 57 0.738
50 85 0.669
50 62 0.565
50 66 0.93
50 76 0.717
50 91 1
50 72 0.778
50 74 0.824
50 84 1
50 82 0.592
50 61 1
50 70 0.197
50 73 0.131
50 96 0.174
50 105 0.171
50 52 0.123
50 54 0.191
50 64 0.143
50 68 0.181
50 75 0.147
50 78 0.141
50 79 0.138
50 81 0.103
50 90 0.136
50 94 0.156
50 99 0.165
50 101 0.171
50 103 0.165
50 104 0.125
51 109 0.855
51 59 0.933
51 69 0.963
51 78 0.932
51 98 0.576
51 83 0.776
51 86 0.651
51 64 0.556
51 54 0.813
51 85 0.738
51 57 0.834
51 89 0.52
51 55 0.699
51 76 0.673
51 68 0.667
51 95 0.546
51 53 0.654
51 108 0.283
51 71 0.187
51 81 0.168
51 106 0.192
51 56 0.148
51 62 0.145
51 65 0.158
51 66 0.115
51 70 0.142
51 72 0.132
51 80 0.142
51 88 0.133
51 92 0.152
51 96 0.149
51 102 0.129
51 107 0.174
52 91 0.515
52 108 0.917
52 72 0.633
52 73 0.563
52 80 0.674
52 101 0.681
52 69 0.884
52 71 0.609
52 63 0.598
52 88 0.652
52 109 0.886
52 79 0.505
52 92 0.513
52 96 0.67
52 62 0.712
52 74 0.098
52 76 0.163
52 84 0.098
52 85 0.183
52 100 0.172
52 55 0.15
52 56 0.187
52 61 0.156
52 67 0.135
52 75 0.162
52 78 0.135
52 81 0.097
52 82 0.166
52 94 0.13
52 104 0.144
53 76 1
53 106 0.551
53 108 0.668
53 109 0.628
53 97 0.924
53 66 0.511
53 81 0.911
53 103 0.634
53 63 0.708
53 62 0.521
53 85 0.892
53 102 0.583
53 87 0.779
53 83 0.733
53 82 0.636
53 70 0.174
53 86 0.164
53 89 0.128
53 94 0.135
53 95 0.165
53 96 0.157
53 55 0.17
53 67 0.163
53 69 0.183
53 71 0.122
53 72 0.173
53 79 0.12
53 100 0.149
53 105 0.147
54 95 0.56
54 56 0.898
54 71 0.749
54 78 0.62
54 83 0.559
54 92 0.671
54 93 0.673
54 104 0.592
54 64 0.796
54 81 0.788
54 59 0.933
54 60 0.912
54 87 0.741
54 102 0.935
54 103 0.959
54 107 0.559
54 91 0.675
54 109 0.666
54 82 0.851
54 80 0.56
54 77 0.613
54 98 0.62
54 72 0.63
54 97 0.572
54 74 0.166
54 89 0.127
54 62 0.176
54 108 0.121
54 57 0.168
54 67 0.188
54 73 0.195
54 84 0.127
54 86 0.196
54 100 0.169
54 101 0.143
55 84 1
55 68 0.661
55 59 0.861
55 72 0.614
55 77 0.793
55 108 0.577
55 71 0.742
55 75 1
55 104 0.821
55 81 0.537
55 58 0.906
55 93 0.804
55 103 0.552
55 106 0.787
55 92 0.091
55 95 0.156
55 99 0.223
55 57 0.135
55 102 0.136
55 70 0.171
55 78 0.165
55 91 0.136
55 56 0.167
55 60 0.131
55 62 0.141
55 64 0.143
55 67 0.165
55 69 0.134
55 74 0.107
55 83 0.121
55 86 0.134
55 90 0.139
55 98 0.182
55 109 0.115
56 84 0.839
56 60 0.506
56 105 0.923
56 63 0.683
56 69 0.865
56 71 0.65
56 73 0.804
56 101 0.815
56 70 0.646
56 79 0.687
56 77 0.962
56 90 0.635
56 76 0.533
56 85 0.786
56 89 0.603
56 86 0.913
56 72 0.539
56 87 0.504
56 97 0.857
56 93 0.613
56 58 0.88
56 96 0.698
56 88 0.138
56 57 0.079
56 64 0.163
56 65 0.172
56 67 0.134
56 75 0.167
56 78 0.212
56 94 0.091
56 100 0.17
57 77 0.892
57 106 0.813
57 100 0.895
57 80 1
57 65 0.977
57 92 0.755
57 79 0.702
57 93 0.867
57 82 0.587
57 63 0.567
57 97 1
57 60 0.517
57 87 0.955
57 96 0.594
57 61 0.635
57 58 0.804
57 104 0.251
57 72 0.148
57 84 0.151
57 81 0.117
57 62 0.182
57 67 0.184
57 70 0.166
57 73 0.152
57 76 0.099
57 88 0.153
57 90 0.129
57 95 0.216
57 99 0.15
57 102 0.174
58 85 0.694
58 78 0.823
58 61 1
58 67 0.732
58 72 0.669
58 94 0.721
58 88 0.572
58 63 0.542
58 73 0.711
58 69 0.988
58 108 0.996
58 87 0.638
58 76 0.74
58 93 0.581
58 74 0.149
58 90 0.13
58 102 0.153
58 104 0.094
58 64 0.187
58 77 0.116
58 91 0.171
58 62 0.157
58 66 0.17
58 71 0.148
58 75 0.169
58 79 0.175
58 80 0.134
58 95 0.237
58 96 0.119
58 99 0.081
58 101 0.203
58 105 0.176
59 91 0.737
59 103 0.741
59 99 0.52
59 94 0.62
59 64 0.811
59 95 1
59 96 0.885
59 82 0.624
59 106 1
59 77 0.915
59 88 0.865
59 102 0.641
59 66 0.889
59 67 0.764
59 75 0.141
59 73 0.121
59 76 0.108
59 101 0.189
59 108 0.144
59 61 0.144
59 79 0.161
59 80 0.112
59 86 0.167
59 92 0.1
59 97 0.16
59 98 0.161
59 104 0.131
59 109 0.18
60 89 0.676
60 92 0.749
60 106 0.592
60 77 0.527
60 78 0.899
60 95 0.574
60 98 0.55
60 81 1
60 88 0.502
60 90 0.865
60 86 0.855
60 91 0.738
60 93 0.655
60 96 0.509
60 105 0.833
60 97 0.838
60 75 0.127
60 102 0.159
60 63 0.124
60 66 0.117
60 100 0.175
60 62 0.165
60 65 0.183
60 68 0.105
60 69 0.146
60 72 0.195
60 79 0.225
60 80 0.111
60 83 0.124
60 101 0.158
60 109 0.164
61 69 0.542
61 109 0.809
61 62 0.684
61 78 0.613
61 77 0.663
61 105 0.589
61 76 0.808
61 91 0.961
61 70 0.665
61 97 0.691
61 96 0.639
61 106 0.501
61 75 1
61 81 0.94
61 93 0.571
61 74 0.875
61 83 0.689
61 90 0.625
61 98 0.65
61 89 0.17
61 100 0.191
61 67 0.093
61 82 0.084
61 63 0.215
61 64 0.128
61 65 0.164
61 68 0.179
61 88 0.182
61 101 0.142
61 102 0.127
61 103 0.161
62 73 1
62 100 1
62 92 0.971
62 82 0.627
62 79 0.702
62 88 0.651
62 78 0.632
62 97 0.746
62 68 0.647
62 75 0.749
62 64 1
62 72 0.852
62 69 0.814
62 90 0.709
62 102 0.534
62 101 0.697
62 96 0.733
62 83 0.195
62 63 0.137
62 103 0.093
62 104 0.136
62 65 0.154
62 67 0.176
62 80 0.173
62 81 0.201
62 93 0.153
62 99 0.145
62 107 0.116
63 83 0.641
63 102 0.835
63 109 0.989
63 100 0.564
63 96 0.867
63 84 1
63 66 0.531
63 77 0.736
63 91 0.54
63 93 0.592
63 88 0.203
63 76 0.161
63 64 0.135
63 65 0.146
63 68 0.117
63 86 0.189
63 89 0.125
63 90 0.218
63 104 0.16
63 106 0.156
64 85 0.821
64 107 0.614
64 83 0.829
64 96 0.676
64 74 0.903
64 101 0.746
64 94 0.709
64 95 0.684
64 69 0.547
64 104 1
64 75 0.788
64 100 0.523
64 86 0.135
64 67 0.139
64 88 0.155
64 65 0.155
64 66 0.195
64 72 0.129
64 73 0.156
64 76 0.177
64 80 0.141
64 81 0.148
64 87 0.154
64 90 0.204
64 91 0.147
64 98 0.185
64 99 0.184
64 109 0.163
65 107 0.659
65 84 0.814
65 73 0.949
65 98 0.69
65 99 0.572
65 93 0.899
65 70 0.992
65 83 0.504
65 92 0.716
65 74 0.736
65 87 0.477
65 109 0.529
65 75 0.759
65 95 0.874
65 72 0.512
65 96 0.525
65 89 0.685
65 106 0.836
65 100 0.998
65 68 0.612
65 66 0.14
65 78 0.119
65 69 0.141
65 79 0.201
65 80 0.118
65 85 0.158
65 86 0.14
65 97 0.107
65 103 0.134
65 108 0.106
66 102 1
66 98 0.74
66 72 0.674
66 79 1
66 107 0.544
66 77 0.719
66 101 0.878
66 94 0.774
66 96 0.731
66 100 0.642
66 78 0.697
66 93 0.151
66 86 0.142
66 67 0.119
66 80 0.193
66 91 0.207
66 92 0.164
66 97 0.158
66 103 0.164
67 106 0.738
67 99 0.548
67 74 0.564
67 89 0.651
67 86 0.586
67 81 0.644
67 103 0.556
67 82 0.754
67 96 0.651
67 91 0.618
67 95 0.614
67 76 0.509
67 79 0.109
67 104 0.141
67 83 0.148
67 85 0.145
67 68 0.182
67 70 0.092
67 73 0.195
67 78 0.158
67 93 0.135
67 94 0.171
67 97 0.184
67 107 0.115
67 109 0.097
68 104 1
68 98 0.542
68 75 0.718
68 89 0.96
68 91 0.763
68 86 0.757
68 69 0.594
68 77 0.698
68 74 0.657
68 83 0.582
68 108 0.112
68 71 0.153
68 72 0.165
68 103 0.218
68 106 0.164
69 73 0.887
69 100 1
69 104 1
69 85 0.605
69 95 0.935
69 97 0.578
69 99 0.99
69 70 0.618
69 98 0.608
69 78 0.74
69 82 0.512
69 88 0.636
69 81 1
69 105 0.548
69 75 0.203
69 102 0.103
69 103 0.128
69 72 0.122
69 76 0.146
69 77 0.144
69 89 0.13
69 90 0.149
69 94 0.147
69 101 0.115
69 107 0.135
69 109 0.15
70 107 0.545
70 72 0.558
70 97 0.611
70 105 0.656
70 90 0.749
70 96 0.681
70 89 0.722
70 101 0.848
70 75 0.57
70 79 0.862
70 84 0.981
70 104 0.531
70 86 0.544
70 93 0.139
70 71 0.145
70 74 0.196
70 76 0.137
70 77 0.122
70 78 0.139
70 81 0.185
70 83 0.195
70 91 0.147
70 92 0.161
70 95 0.146
70 98 0.192
70 99 0.12
70 102 0.175
70 106 0.136
70 109 0.164
71 104 0.582
71 83 1
71 84 0.958
71 91 0.961
71 95 0.903
71 79 0.569
71 82 0.835
71 107 0.891
71 109 0.74
71 76 0.649
71 86 1
71 106 0.623
71 88 0.692
71 93 0.782
71 78 0.63
71 81 0.855
71 101 0.626
71 102 0.146
71 105 0.207
71 73 0.09
71 85 0.111
71 92 0.184
71 96 0.092
71 98 0.131
71 100 0.164
71 103 0.189
72 76 0.738
72 77 0.74
72 94 0.603
72 98 0.646
72 103 0.761
72 74 0.542
72 105 0.558
72 104 0.519
72 96 0.648
72 82 0.85
72 80 0.57
72 83 0.508
72 100 0.136
72 79 0.183
72 81 0.147
72 84 0.136
72 86 0.09
72 87 0.181
72 90 0.17
72 93 0.14
72 95 0.178
72 107 0.136
72 108 0.172
73 85 0.642
73 109 0.687
73 104 0.516
73 91 0.501
73 77 0.865
73 107 0.598
73 98 0.789
73 102 0.859
73 106 0.617
73 100 0.916
73 99 0.946
73 75 0.178
73 83 0.137
73 84 0.165
73 86 0.111
73 90 0.11
73 94 0.107
73 95 0.169
73 97 0.113
73 108 0.208
74 99 0.745
74 105 0.696
74 84 0.648
74 82 1
74 97 0.846
74 106 0.515
74 81 0.873
74 78 0.872
74 96 0.138
74 98 0.145
74 76 0.16
74 80 0.171
74 86 0.195
74 88 0.14
74 89 0.102
74 90 0.162
74 92 0.133
74 93 0.176
74 94 0.193
74 95 0.165
74 107 0.13
74 109 0.173
75 76 0.835
75 90 0.536
75 95 0.555
75 105 0.655
75 97 0.538
75 82 0.712
75 91 0.808
75 104 0.624
75 106 0.515
75 83 1
75 80 0.717
75 101 0.155
75 79 0.145
75 81 0.203
75 88 0.185
75 93 0.117
75 96 0.185
75 98 0.109
75 102 0.151
76 88 0.542
76 106 0.967
76 109 0.856
76 83 0.603
76 98 0.55
76 92 0.641
76 101 1
76 85 0.705
76 78 0.953
76 79 0.68
76 108 0.791
76 84 0.528
76 81 0.099
76 107 0.124
76 86 0.151
76 87 0.137
76 89 0.128
76 90 0.149
76 100 0.139
76 103 0.171
76 105 0.137
77 90 0.655
77 91 0.674
77 78 0.617
77 79 1
77 89 0.502
77 88 0.736
77 100 0.933
77 93 0.572
77 83 0.728
77 86 0.656
77 94 0.625
77 97 0.679
77 98 0.516
77 105 0.508
77 102 1
77 99 0.524
77 82 0.168
78 104 0.998
78 80 0.729
78 85 1
78 99 0.728
78 95 0.659
78 106 0.594
78 94 0.779
78 103 0.807
78 98 0.536
78 90 0.79
78 82 1
78 86 0.547
78 93 0.614
78 101 0.801
78 79 0.127
78 87 0.187
78 88 0.112
78 97 0.098
78 81 0.139
78 91 0.169
78 100 0.164
78 109 0.178
79 83 0.654
79 99 0.702
79 103 0.688
79 106 0.589
79 98 0.971
79 104 0.689
79 85 0.786
79 97 0.724
79 107 0.661
79 108 0.793
79 96 0.615
79 89 0.886
79 101 0.746
79 94 0.167
79 100 0.184
79 82 0.095
79 90 0.146
79 109 0.164
80 98 0.847
80 88 0.783
80 103 0.578
80 106 0.773
80 105 0.598
80 85 0.717
80 107 0.589
80 99 0.623
80 91 0.16
80 109 0.135
80 86 0.176
80 89 0.132
80 90 0.141
80 82 0.113
80 84 0.092
80 92 0.215
80 95 0.138
80 101 0.102
81 82 0.592
81 99 0.735
81 90 0.558
81 102 1
81 96 0.69
81 85 0.182
81 108 0.208
81 97 0.162
81 83 0.157
81 86 0.139
81 87 0.129
81 92 0.143
81 93 0.077
81 94 0.092
81 103 0.102
81 106 0.225
82 83 0.639
82 107 0.748
82 84 0.919
82 105 1
82 86 0.879
82 87 0.846
82 89 0.59
82 100 0.556
82 106 0.761
82 98 0.689
82 97 0.858
82 94 0.005
82 103 0.16
82 85 0.189
82 90 0.189
82 91 0.098
82 96 0.123
82 99 0.15
82 108 0.133
83 96 1
83 100 0.96
83 95 0.536
83 87 0.818
83 106 0.648
83 107 0.565
83 84 0.133
83 90 0.12
83 98 0.13
83 99 0.166
83 89 0.119
83 91 0.102
83 101 0.162
83 102 0.163
83 108 0.134
84 88 0.502
84 92 0.621
84 100 0.698
84 107 0.835
84 93 0.905
84 102 0.788
84 87 0.62
84 97 0.123
84 98 0.17
84 89 0.145
84 90 0.085
84 96 0.159
84 109 0.018
85 100 0.572
85 106 0.607
85 91 0.841
85 93 0.609
85 97 0.599
85 98 0.505
85 109 0.792
85 92 0.59
85 103 0.994
85 87 0.604
85 104 0.095
85 86 0.207
85 96 0.139
85 102 0.122
85 105 0.108
85 108 0.117
86 87 0.581
86 96 0.78
86 89 0.814
86 91 0.681
86 107 0.783
86 104 0.584
86 92 0.16
86 94 0.122
86 97 0.326
86 105 0.155
86 93 0.153
86 90 0.134
86 101 0.116
86 108 0.163
86 109 0.195
87 88 0.562
87 107 0.669
87 92 1
87 95 1
87 100 0.76
87 103 0.876
87 90 0.157
87 89 0.152
87 91 0.21
87 98 0.144
87 99 0.144
87 102 0.23
87 104 0.161
88 99 0.895
88 90 0.623
88 93 0.821
88 94 0.643
88 105 0.673
88 95 0.997
88 91 0.168
88 98 0.164
88 100 0.174
89 93 0.791
89 96 1
89 95 0.783
89 97 0.835
89 101 1
89 98 0.844
89 102 0.627
89 109 0.17
89 100 0.131
89 107 0.132
89 103 0.146
90 92 0.662
90 94 0.851
90 98 0.591
90 95 0.514
90 93 0.125
90 96 0.125
90 104 0.111
90 109 0.157
91 93 0.779
91 96 0.665
91 105 0.695
91 106 0.649
91 92 0.702
91 104 0.609
91 95 0.131
91 109 0.145
91 108 0.11
92 100 0.775
92 108 0.505
92 99 0.732
92 103 0.653
92 105 0.954
92 106 0.862
92 102 0.175
92 95 0.16
92 96 0.186
92 97 0.135
92 98 0.149
92 107 0.195
93 105 0.992
93 95 0.598
93 108 0.845
93 102 0.762
93 100 0.644
93 97 0.154
93 99 0.117
93 104 0.165
93 109 0.176
94 101 0.888
94 104 0.817
94 107 0.632
94 100 0.082
94 98 0.159
94 106 0.232
94 109 0.196
95 97 0.857
95 105 0.935
95 98 0.849
95 100 0.705
95 107 0.501
95 106 0.19
95 108 0.164
96 100 1
96 102 0.617
96 108 0.531
96 103 0.175
96 105 0.195
96 106 0.171
97 100 0.714
97 106 0.897
97 103 0.718
97 109 0.568
97 105 0.159
97 99 0.176
97 98 0.144
97 104 0.147
97 107 0.144
98 99 0.627
98 105 0.747
98 108 0.884
98 101 0.802
98 106 0.127
99 105 0.687
99 100 0.731
99 109 0.526
99 102 0.891
99 104 0.103
99 103 0.179
99 106 0.157
100 106 0.817
100 104 0.6
100 101 1
100 102 0.127
100 107 0.143
100 108 0.118
100 109 0.125
101 109 0.796
101 104 0.192
101 108 0.14
101 103 0.172
101 105 0.109
102 107 0.591
102 106 0.65
102 104 0.177
102 108 0.133
103 107 0.628
103 105 0.207
103 109 0.123
104 109 0.738
104 107 0.716
104 105 0.109
104 108 0.15
105 106 0.807
105 108 0.182
106 108 0.171
106 109 0.161
107 109 1
108 109 0.799
