0 35 0.968
0 73 0.686
0 42 0.882
0 21 0.566
0 25 0.881
0 28 0.882
0 68 0.847
0 38 0.814
0 8 0.535
0 40 1
0 55 0.525
0 27 0.7
0 19 0.989
0 36 0.624
0 53 1
0 62 0.745
0 66 1
0 2 1
0 33 0.785
0 22 1
0 63 0.907
0 74 0.179
0 12 0.126
0 23 0.34
0 41 0.143
0 44 0.147
0 58 0.314
0 1 0.149
0 5 0.088
0 6 0.126
0 7 0.117
0 10 0.164
0 11 0.167
0 14 0.179
0 15 0.132
0 16 0.142
0 17 0.161
0 18 0.131
0 26 0.147
0 30 0.123
0 32 0.136
0 34 0.138
0 37 0.18
0 43 0.155
0 45 0.144
0 47 0.133
0 48 0.113
0 50 0.208
0 52 0.152
0 56 0.15
0 57 0.154
0 60 0.149
0 67 0.152
0 69 0.194
0 70 0.152
0 71 0.138
1 32 1
1 8 0.836
1 59 0.673
1 11 0.534
1 24 0.946
1 30 0.862
1 66 1
1 37 0.998
1 58 1
1 44 0.631
1 22 0.861
1 68 0.821
1 57 0.963
1 60 0.722
1 4 0.79
1 15 0.632
1 18 0.698
1 28 0.771
1 51 0.781
1 19 0.889
1 16 1
1 65 0.786
1 6 0.679
1 49 0.804
1 53 0.18
1 63 0.264
1 67 0.114
1 3 0.179
1 7 0.227
1 13 0.16
1 17 0.182
1 21 0.14
1 23 0.183
1 25 0.145
1 26 0.171
1 31 0.16
1 38 0.162
1 40 0.178
1 41 0.186
1 46 0.138
1 55 0.155
1 56 0.146
1 61 0.144
1 62 0.113
1 69 0.098
1 73 0.135
2 14 0.975
2 15 0.535
2 19 0.608
2 31 0.607
2 36 0.952
2 52 0.91
2 60 0.598
2 18 0.77
2 40 0.578
2 21 0.708
2 35 1
2 45 1
2 10 0.825
2 17 1
2 34 0.974
2 27 0.972
2 56 1
2 3 0.75
2 67 1
2 57 0.319
2 50 0.581
2 66 0.143
2 25 0.134
2 30 0.053
2 59 0.177
2 74 0.163
2 4 0.155
2 9 0.114
2 16 0.14
2 22 0.137
2 23 0.117
2 24 0.133
2 39 0.145
2 43 0.149
2 51 0.12
2 53 0.178
2 55 0.139
2 58 0.183
2 63 0.196
2 64 0.13
2 72 0.12
2 73 0.169
3 37 0.905
3 42 0.658
3 43 0.682
3 65 0.764
3 67 0.667
3 18 1
3 30 0.898
3 34 1.0
3 56 1
3 44 0.963
3 14 0.676
3 73 0.941
3 31 0.974
3 52 1
3 11 0.743
3 32 0.97
3 41 0.687
3 50 1
3 59 0.721
3 47 0.553
3 72 0.791
3 70 0.329
3 4 0.078
3 10 0.147
3 15 0.128
3 25 0.178
3 54 0.22
3 5 0.098
3 6 0.149
3 7 0.1
3 8 0.132
3 9 0.131
3 12 0.172
3 13 0.199
3 16 0.111
3 17 0.157
3 24 0.128
3 26 0.157
3 27 0.096
3 28 0.187
3 29 0.125
3 35 0.139
3 36 0.167
3 38 0.179
3 39 0.147
3 40 0.184
3 49 0.203
3 57 0.186
3 60 0.137
3 63 0.192
3 69 0.219
3 71 0.119
4 19 0.774
4 34 0.511
4 6 0.926
4 13 0.895
4 74 0.689
4 14 0.714
4 29 0.744
4 69 0.893
4 65 0.698
4 18 0.647
4 16 0.7
4 33 0.931
4 41 0.891
4 52 1
4 11 1
4 46 0.793
4 63 0.752
4 54 0.669
4 51 0.933
4 71 0.364
4 5 0.199
4 43 0.212
4 64 0.151
4 70 0.175
4 7 0.153
4 9 0.147
4 10 0.119
4 17 0.141
4 20 0.131
4 23 0.123
4 24 0.15
4 26 0.168
4 27 0.147
4 28 0.124
4 30 0.101
4 35 0.167
4 38 0.213
4 40 0.162
4 42 0.192
4 44 0.213
4 49 0.14
4 55 0.186
4 58 0.162
4 60 0.127
4 61 0.185
4 73 0.145
5 52 0.899
5 70 0.81
5 69 0.74
5 20 0.875
5 64 1
5 24 0.902
5 41 1
5 18 1
5 67 0.737
5 30 1
5 33 0.956
5 17 1
5 56 1
5 72 1
5 12 0.98
5 42 0.695
5 74 0.805
5 73 0.815
5 19 0.849
5 8 0.852
5 32 0.754
5 54 0.232
5 61 0.153
5 6 0.199
5 7 0.164
5 27 0.045
5 39 0.1
5 45 0.125
5 9 0.144
5 10 0.128
5 11 0.145
5 14 0.161
5 21 0.145
5 22 0.153
5 25 0.169
5 26 0.155
5 31 0.179
5 34 0.134
5 35 0.119
5 37 0.101
5 38 0.132
5 40 0.155
5 43 0.165
5 47 0.115
5 48 0.149
5 53 0.162
5 57 0.116
5 58 0.115
5 59 0.127
5 60 0.179
5 62 0.145
5 68 0.133
5 71 0.138
6 26 0.552
6 37 0.776
6 47 0.792
6 52 0.757
6 24 0.841
6 27 0.709
6 43 0.52
6 44 0.92
6 8 0.785
6 20 0.868
6 22 0.761
6 65 0.774
6 69 0.856
6 38 0.716
6 72 0.838
6 57 1
6 59 0.918
6 10 0.565
6 16 0.656
6 61 0.542
6 11 0.113
6 14 0.109
6 18 0.149
6 19 0.117
6 28 0.155
6 31 0.136
6 32 0.147
6 33 0.088
6 34 0.14
6 35 0.148
6 36 0.095
6 40 0.13
6 50 0.155
6 51 0.092
6 53 0.134
6 54 0.181
6 55 0.146
6 56 0.113
6 58 0.135
6 62 0.161
6 63 0.193
6 64 0.15
6 66 0.187
6 67 0.185
6 68 0.082
6 73 0.16
6 74 0.125
7 42 0.997
7 31 0.898
7 66 0.668
7 11 0.617
7 13 0.947
7 69 0.812
7 56 0.881
7 55 1
7 10 0.765
7 23 0.606
7 24 0.951
7 58 0.781
7 18 0.663
7 12 0.725
7 72 0.988
7 28 1
7 47 0.911
7 67 0.709
7 53 0.875
7 48 1
7 16 0.02
7 35 0.135
7 41 0.193
7 61 0.267
7 9 0.15
7 14 0.176
7 21 0.146
7 25 0.078
7 27 0.136
7 30 0.103
7 33 0.106
7 34 0.176
7 39 0.093
7 43 0.181
7 46 0.162
7 51 0.17
7 54 0.104
7 62 0.147
7 70 0.13
7 71 0.176
7 73 0.138
8 74 0.835
8 17 1
8 50 0.791
8 16 0.545
8 64 1.0
8 45 0.843
8 46 0.92
8 70 1
8 10 0.915
8 29 0.734
8 54 0.949
8 20 0.815
8 71 0.704
8 23 0.641
8 18 1
8 13 1
8 42 0.912
8 58 0.522
8 25 0.833
8 43 0.267
8 48 0.136
8 14 0.184
8 32 0.182
8 49 0.098
8 9 0.13
8 11 0.144
8 19 0.17
8 24 0.134
8 26 0.147
8 28 0.1
8 30 0.182
8 31 0.145
8 35 0.149
8 37 0.134
8 39 0.159
8 41 0.163
8 47 0.149
8 51 0.173
8 52 0.115
8 55 0.16
8 57 0.107
8 59 0.176
8 62 0.143
8 65 0.096
8 68 0.154
8 69 0.161
8 72 0.156
8 73 0.184
9 41 0.977
9 28 0.557
9 32 0.941
9 35 0.672
9 39 0.527
9 50 0.73
9 51 0.823
9 52 0.851
9 53 0.648
9 60 0.668
9 26 0.873
9 27 1
9 19 0.721
9 63 0.996
9 54 0.91
9 61 0.738
9 42 0.722
9 33 0.715
9 48 0.614
9 21 0.22
9 20 0.148
9 25 0.272
9 36 0.209
9 40 0.14
9 44 0.348
9 45 0.112
9 17 0.094
9 24 0.16
9 29 0.169
9 37 0.095
9 43 0.129
9 47 0.109
9 49 0.106
9 58 0.192
9 67 0.188
9 69 0.134
9 73 0.109
9 74 0.145
10 40 0.615
10 13 0.953
10 30 0.782
10 43 1
10 45 0.667
10 50 0.881
10 53 0.906
10 69 0.968
10 71 1
10 33 0.961
10 68 0.522
10 24 0.977
10 23 0.941
10 15 0.633
10 44 0.887
10 59 0.669
10 72 0.572
10 54 0.637
10 14 0.115
10 26 0.267
10 28 0.32
10 32 0.165
10 36 0.113
10 63 0.332
10 17 0.173
10 19 0.167
10 25 0.144
10 27 0.156
10 37 0.133
10 39 0.161
10 41 0.186
10 48 0.172
10 52 0.139
10 55 0.195
10 56 0.15
10 58 0.126
10 60 0.153
10 61 0.133
10 62 0.163
10 66 0.165
10 73 0.149
11 53 0.777
11 18 0.605
11 24 0.991
11 41 1
11 50 0.809
11 68 0.534
11 42 0.788
11 66 0.681
11 56 0.872
11 30 0.989
11 36 1
11 21 0.754
11 17 0.598
11 33 0.801
11 73 0.608
11 64 0.587
11 16 0.162
11 51 0.162
11 65 0.299
11 12 0.17
11 14 0.106
11 19 0.213
11 20 0.138
11 25 0.105
11 27 0.156
11 29 0.156
11 31 0.126
11 35 0.141
11 37 0.145
11 40 0.101
11 46 0.137
11 47 0.152
11 52 0.139
11 55 0.157
11 59 0.17
11 61 0.114
11 63 0.148
11 67 0.145
11 69 0.198
11 71 0.162
11 74 0.173
12 63 0.925
12 27 0.732
12 30 1
12 38 0.638
12 55 0.762
12 56 0.708
12 60 0.682
12 21 0.705
12 16 0.988
12 54 0.946
12 43 0.789
12 50 1
12 74 1
12 72 0.747
12 20 0.937
12 53 0.817
12 34 0.683
12 24 0.554
12 65 0.701
12 39 0.997
12 71 0.544
12 29 0.05
12 37 0.122
12 42 0.166
12 59 0.166
12 15 0.183
12 18 0.093
12 19 0.191
12 26 0.199
12 33 0.18
12 35 0.14
12 36 0.179
12 45 0.183
12 49 0.16
12 57 0.123
12 58 0.17
12 61 0.153
12 62 0.129
12 64 0.166
12 67 0.148
12 68 0.148
12 69 0.146
12 70 0.164
13 71 0.891
13 27 0.916
13 16 0.843
13 26 0.722
13 31 0.846
13 35 0.761
13 56 1
13 59 0.786
13 68 1
13 60 0.863
13 67 0.902
13 52 0.774
13 74 0.824
13 36 0.774
13 58 0.945
13 70 0.764
13 25 1
13 69 1
13 63 1
13 42 0.559
13 30 1
13 50 0.86
13 17 0.152
13 19 0.173
13 45 0.137
13 14 0.166
13 18 0.126
13 22 0.181
13 23 0.148
13 29 0.125
13 33 0.171
13 34 0.173
13 37 0.229
13 47 0.161
13 48 0.174
13 54 0.168
13 62 0.143
14 33 0.564
14 70 0.935
14 25 0.99
14 26 0.798
14 34 0.866
14 71 0.986
14 15 0.553
14 40 0.775
14 42 0.899
14 66 0.684
14 18 0.862
14 46 0.525
14 69 0.623
14 16 0.565
14 36 0.938
14 19 0.87
14 21 1
14 72 0.738
14 53 0.786
14 43 0.646
14 62 0.854
14 47 0.143
14 73 0.164
14 20 0.128
14 22 0.119
14 23 0.154
14 27 0.171
14 30 0.173
14 44 0.235
14 49 0.194
14 50 0.15
14 55 0.198
14 56 0.147
14 57 0.111
14 58 0.172
14 59 0.12
14 60 0.095
14 64 0.152
15 32 0.618
15 25 0.575
15 52 0.952
15 28 1.0
15 51 0.865
15 60 0.785
15 31 1
15 49 0.913
15 74 1
15 18 1
15 17 0.525
15 21 0.913
15 36 1
15 64 0.824
15 50 1
15 23 0.55
15 69 0.846
15 59 0.707
15 39 0.129
15 48 0.151
15 56 0.197
15 61 0.146
15 16 0.149
15 19 0.114
15 20 0.155
15 29 0.154
15 30 0.178
15 33 0.137
15 34 0.12
15 35 0.147
15 37 0.13
15 38 0.143
15 41 0.101
15 43 0.134
15 46 0.135
15 54 0.152
15 55 0.165
15 57 0.082
15 62 0.192
15 65 0.189
15 66 0.155
15 67 0.13
15 68 0.164
15 70 0.182
15 71 0.159
15 72 0.144
15 73 0.151
16 33 0.669
16 41 1
16 38 0.887
16 19 1
16 32 1
16 63 0.691
16 73 0.713
16 26 1
16 36 0.669
16 48 0.956
16 55 0.731
16 17 0.873
16 51 1
16 64 0.731
16 62 1
16 39 0.838
16 24 0.759
16 44 0.77
16 57 0.604
16 72 0.878
16 29 0.801
16 45 0.784
16 54 0.82
16 22 0.64
16 20 0.212
16 40 0.25
16 52 0.261
16 56 0.321
16 58 0.104
16 65 0.186
16 18 0.187
16 25 0.11
16 27 0.164
16 28 0.151
16 31 0.185
16 34 0.112
16 35 0.163
16 42 0.118
16 43 0.166
16 46 0.163
16 47 0.163
16 49 0.152
16 60 0.151
16 67 0.192
16 71 0.139
17 56 1
17 26 0.855
17 25 0.912
17 32 1
17 21 0.94
17 68 0.732
17 19 0.812
17 40 0.772
17 28 1
17 72 0.859
17 27 0.843
17 49 1
17 62 0.699
17 60 0.725
17 42 0.249
17 43 0.156
17 64 0.151
17 29 0.145
17 45 0.177
17 65 0.187
17 67 0.193
17 74 0.195
17 18 0.126
17 20 0.136
17 22 0.133
17 23 0.166
17 30 0.146
17 31 0.139
17 33 0.142
17 34 0.146
17 35 0.193
17 47 0.169
17 53 0.167
17 54 0.113
17 58 0.21
17 59 0.116
17 69 0.151
18 59 0.947
18 37 0.735
18 47 0.911
18 69 0.955
18 60 0.833
18 56 0.59
18 45 0.539
18 53 0.869
18 49 1
18 42 0.939
18 24 0.706
18 71 0.307
18 25 0.107
18 58 0.119
18 20 0.126
18 22 0.133
18 23 0.175
18 27 0.132
18 30 0.175
18 31 0.144
18 32 0.17
18 33 0.082
18 34 0.153
18 35 0.192
18 36 0.167
18 40 0.189
18 44 0.132
18 48 0.151
18 50 0.149
18 55 0.124
18 57 0.102
18 61 0.195
18 63 0.149
18 64 0.181
18 65 0.138
18 66 0.156
18 67 0.143
18 70 0.15
18 72 0.189
18 73 0.119
18 74 0.162
19 32 0.856
19 48 0.622
19 66 0.717
19 70 0.857
19 49 0.922
19 31 0.611
19 37 0.711
19 50 0.665
19 63 0.827
19 26 0.808
19 45 0.892
19 24 1
19 65 1
19 71 0.924
19 28 0.142
19 27 0.092
19 34 0.221
19 40 0.132
19 56 0.023
19 20 0.107
19 21 0.137
19 22 0.172
19 23 0.131
19 33 0.143
19 35 0.138
19 43 0.117
19 47 0.155
19 51 0.133
19 52 0.097
19 55 0.12
19 59 0.13
19 61 0.144
19 62 0.169
19 67 0.117
19 68 0.173
19 69 0.15
19 74 0.117
20 72 0.641
20 73 0.956
20 74 0.879
20 34 1
20 48 0.717
20 70 0.817
20 23 0.775
20 64 1
20 49 0.733
20 28 0.682
20 57 0.844
20 24 0.622
20 38 0.925
20 50 0.761
20 40 0.704
20 66 0.294
20 21 0.228
20 32 0.238
20 25 0.202
20 26 0.108
20 30 0.203
20 31 0.181
20 35 0.184
20 36 0.15
20 37 0.122
20 39 0.183
20 41 0.171
20 42 0.148
20 43 0.171
20 44 0.165
20 52 0.126
20 53 0.175
20 54 0.195
20 55 0.164
20 56 0.118
20 60 0.201
20 61 0.174
20 62 0.14
20 63 0.172
21 72 0.986
21 51 1
21 49 1
21 28 1
21 29 0.786
21 47 0.787
21 42 0.629
21 43 0.939
21 27 0.725
21 68 0.959
21 61 0.844
21 36 0.979
21 31 0.557
21 50 0.907
21 46 0.965
21 73 0.699
21 56 0.146
21 58 0.036
21 30 0.183
21 55 0.382
21 66 0.178
21 22 0.146
21 25 0.154
21 33 0.148
21 38 0.144
21 44 0.157
21 45 0.133
21 48 0.168
21 53 0.163
21 57 0.134
21 60 0.148
21 62 0.092
21 63 0.18
21 65 0.158
21 69 0.141
21 71 0.13
22 72 1
22 31 1
22 66 0.875
22 24 0.95
22 50 1
22 65 0.606
22 73 0.85
22 63 1
22 23 0.988
22 61 1
22 39 0.852
22 58 0.595
22 70 0.434
22 35 0.273
22 44 0.272
22 47 0.365
22 49 0.123
22 60 0.087
22 25 0.135
22 26 0.162
22 28 0.156
22 29 0.201
22 36 0.176
22 37 0.137
22 38 0.193
22 41 0.104
22 43 0.134
22 45 0.167
22 48 0.167
22 51 0.143
22 52 0.162
22 53 0.106
22 55 0.126
22 56 0.132
22 68 0.157
22 69 0.126
22 71 0.099
23 71 0.56
23 31 0.808
23 34 0.955
23 37 0.776
23 59 0.985
23 47 0.511
23 63 0.92
23 35 0.603
23 42 0.87
23 45 0.646
23 33 0.502
23 41 0.979
23 64 0.72
23 29 0.8
23 69 0.665
23 40 0.994
23 48 0.122
23 38 0.215
23 25 0.127
23 26 0.153
23 28 0.117
23 36 0.126
23 46 0.133
23 50 0.142
23 51 0.185
23 53 0.198
23 55 0.17
23 57 0.124
23 58 0.192
23 60 0.154
23 65 0.168
23 73 0.141
24 28 0.811
24 40 0.646
24 50 0.592
24 26 0.911
24 44 0.54
24 48 0.896
24 52 0.684
24 43 0.638
24 74 0.616
24 58 0.67
24 30 0.917
24 37 0.853
24 64 0.971
24 46 0.55
24 41 0.122
24 29 0.133
24 33 0.116
24 34 0.151
24 35 0.121
24 38 0.183
24 45 0.126
24 47 0.133
24 54 0.179
24 55 0.152
24 56 0.139
24 61 0.144
24 67 0.139
24 70 0.125
24 71 0.143
24 73 0.218
25 66 0.959
25 46 0.822
25 52 0.57
25 61 0.924
25 74 0.725
25 69 0.791
25 72 0.994
25 68 0.751
25 47 0.832
25 48 0.563
25 60 0.539
25 39 0.89
25 45 0.499
25 55 0.663
25 35 0.62
25 43 0.756
25 26 0.774
25 32 0.132
25 51 0.27
25 63 0.14
25 27 0.131
25 33 0.152
25 36 0.189
25 37 0.154
25 38 0.177
25 42 0.161
25 50 0.137
25 54 0.151
25 58 0.21
25 64 0.122
25 65 0.165
26 54 0.606
26 40 0.876
26 66 0.84
26 59 0.764
26 28 0.882
26 30 0.933
26 34 0.721
26 38 0.994
26 46 0.909
26 53 0.512
26 61 0.761
26 69 0.977
26 73 0.811
26 35 0.917
26 47 0.814
26 65 0.656
26 44 1
26 62 0.881
26 63 0.635
26 31 0.611
26 74 1
26 33 0.28
26 42 0.211
26 32 0.097
26 39 0.057
26 27 0.21
26 36 0.111
26 48 0.146
26 49 0.162
26 58 0.184
26 60 0.094
26 68 0.165
26 70 0.196
27 45 0.78
27 61 0.93
27 72 1
27 38 1
27 58 0.789
27 68 1
27 63 0.574
27 66 0.609
27 74 0.657
27 67 0.806
27 59 0.838
27 62 0.968
27 42 0.841
27 65 0.864
27 32 0.137
27 36 0.29
27 31 0.164
27 35 0.103
27 39 0.134
27 41 0.155
27 43 0.162
27 44 0.124
27 46 0.21
27 48 0.148
27 49 0.121
27 52 0.087
27 55 0.122
27 60 0.121
27 70 0.158
28 37 1
28 49 1
28 53 0.869
28 48 0.715
28 70 0.824
28 67 0.812
28 30 1
28 74 0.968
28 46 0.666
28 68 0.946
28 57 0.867
28 65 0.883
28 56 0.528
28 38 0.139
28 43 0.156
28 63 0.238
28 29 0.132
28 31 0.19
28 32 0.168
28 33 0.119
28 34 0.018
28 39 0.162
28 41 0.214
28 42 0.156
28 45 0.164
28 50 0.177
28 52 0.128
28 54 0.115
28 55 0.164
28 59 0.17
28 60 0.143
28 61 0.155
28 62 0.192
28 64 0.162
28 66 0.132
29 44 0.96
29 45 0.856
29 32 0.591
29 67 0.771
29 71 0.554
29 36 0.688
29 49 0.583
29 54 0.525
29 73 0.963
29 52 0.615
29 57 0.626
29 46 0.935
29 69 0.824
29 34 1
29 61 0.718
29 47 0.693
29 30 0.925
29 72 0.135
29 65 0.185
29 43 0.108
29 53 0.163
29 33 0.136
29 39 0.174
29 41 0.113
29 51 0.134
29 56 0.112
29 58 0.131
29 66 0.109
29 68 0.169
29 70 0.151
29 74 0.163
30 34 0.91
30 39 0.832
30 67 0.501
30 74 1
30 60 0.621
30 41 0.799
30 66 0.82
30 61 0.991
30 52 0.994
30 64 0.814
30 37 0.891
30 58 0.986
30 32 0.167
30 31 0.146
30 35 0.073
30 38 0.18
30 40 0.158
30 42 0.119
30 43 0.13
30 44 0.122
30 46 0.175
30 48 0.16
30 49 0.169
30 50 0.171
30 51 0.137
30 53 0.143
30 54 0.084
30 59 0.184
30 62 0.088
30 68 0.161
30 70 0.199
31 58 0.908
31 70 0.659
31 36 1
31 44 0.683
31 67 0.911
31 74 0.71
31 65 0.605
31 53 0.746
31 33 0.875
31 51 0.999
31 68 0.769
31 59 1
31 60 0.155
31 32 0.149
31 34 0.172
31 38 0.151
31 39 0.162
31 41 0.154
31 42 0.17
31 45 0.122
31 56 0.143
31 57 0.155
31 71 0.122
32 37 0.822
32 67 0.564
32 49 0.945
32 72 0.711
32 36 0.569
32 68 0.651
32 51 1
32 39 0.936
32 65 0.71
32 46 0.973
32 52 0.745
32 56 0.664
32 58 0.806
32 73 0.617
32 61 1
32 69 0.52
32 35 0.142
32 50 0.209
32 60 0.164
32 63 0.091
32 33 0.155
32 34 0.147
32 40 0.157
32 43 0.155
32 44 0.181
32 45 0.137
32 47 0.167
32 54 0.147
32 55 0.165
32 57 0.102
32 70 0.16
32 71 0.122
32 74 0.146
33 68 1
33 49 0.838
33 51 0.687
33 60 0.535
33 62 0.693
33 63 0.533
33 72 0.808
33 57 0.77
33 74 0.649
33 35 0.763
33 38 0.559
33 58 0.691
33 54 0.698
33 45 0.788
33 56 0.919
33 69 0.819
33 43 1
33 64 0.832
33 34 0.177
33 36 0.16
33 37 0.185
33 39 0.151
33 40 0.14
33 41 0.175
33 44 0.161
33 48 0.147
33 52 0.09
33 53 0.116
33 61 0.112
33 70 0.184
34 55 0.795
34 39 1
34 56 0.559
34 71 0.981
34 54 0.864
34 66 0.866
34 37 0.749
34 42 0.852
34 58 0.579
34 52 0.637
34 72 0.909
34 51 0.571
34 44 0.664
34 70 0.72
34 43 1
34 65 1
34 35 0.828
34 40 0.247
34 61 0.226
34 74 0.115
34 38 0.063
34 47 0.132
34 50 0.173
34 63 0.166
34 64 0.109
34 67 0.178
34 73 0.119
35 59 0.622
35 64 0.628
35 40 0.848
35 67 1
35 70 0.868
35 69 0.989
35 43 1
35 51 0.951
35 39 0.87
35 47 0.979
35 46 0.567
35 71 0.215
35 53 0.13
35 41 0.18
35 44 0.105
35 45 0.107
35 48 0.183
35 50 0.182
35 52 0.176
35 56 0.135
35 57 0.149
35 61 0.112
35 63 0.197
35 72 0.174
35 73 0.193
35 74 0.102
36 40 0.777
36 44 0.963
36 45 1
36 43 0.809
36 46 0.649
36 50 1
36 53 0.948
36 59 0.973
36 54 0.643
36 65 0.856
36 41 0.897
36 49 0.73
36 64 0.16
36 48 0.168
36 52 0.148
36 55 0.192
36 56 0.135
36 63 0.192
36 68 0.16
36 69 0.144
36 70 0.171
36 71 0.128
36 72 0.176
36 74 0.223
37 48 1
37 61 0.642
37 51 0.818
37 60 0.605
37 62 0.831
37 71 1
37 39 0.761
37 73 0.6
37 65 0.984
37 40 0.316
37 49 0.133
37 59 0.178
37 42 0.142
37 43 0.163
37 45 0.177
37 50 0.135
37 52 0.16
37 56 0.107
37 57 0.154
37 64 0.136
37 68 0.128
37 69 0.119
38 53 0.936
38 54 0.892
38 71 0.852
38 58 0.511
38 68 0.616
38 42 1
38 70 0.901
38 61 0.787
38 64 0.821
38 66 0.929
38 40 0.055
38 52 0.175
38 59 0.081
38 65 0.142
38 43 0.128
38 46 0.125
38 47 0.212
38 48 0.132
38 50 0.156
38 55 0.154
38 56 0.15
38 62 0.094
38 63 0.153
38 67 0.129
38 69 0.112
38 73 0.119
39 47 0.762
39 40 0.813
39 58 1
39 41 0.832
39 45 1
39 43 0.98
39 70 0.758
39 55 0.518
39 42 0.666
39 61 0.748
39 59 0.252
39 73 0.151
39 74 0.106
39 49 0.169
39 56 0.151
39 57 0.121
39 63 0.183
39 64 0.135
39 67 0.181
39 68 0.18
39 72 0.141
40 44 0.707
40 47 1
40 56 0.706
40 57 0.777
40 67 0.7
40 46 0.994
40 69 1
40 58 0.92
40 61 0.062
40 66 0.124
40 70 0.112
40 71 0.154
40 74 0.209
40 41 0.139
40 42 0.14
40 43 0.113
40 48 0.134
40 50 0.228
40 52 0.123
40 64 0.151
40 65 0.142
40 68 0.167
41 57 0.677
41 67 0.951
41 48 0.853
41 61 0.75
41 66 0.758
41 65 1
41 54 0.754
41 55 0.707
41 42 0.695
41 50 0.121
41 63 0.269
41 46 0.12
41 49 0.165
41 52 0.166
41 53 0.108
41 59 0.124
41 62 0.15
41 68 0.168
41 69 0.125
41 70 0.129
41 72 0.086
41 74 0.155
42 72 0.839
42 71 0.644
42 50 0.887
42 73 0.995
42 53 0.708
42 69 0.748
42 57 0.974
42 68 0.592
42 64 1
42 56 0.171
42 48 0.118
42 49 0.192
42 51 0.192
42 52 0.181
42 55 0.099
42 59 0.203
42 61 0.135
42 62 0.138
42 65 0.176
42 66 0.126
42 67 0.16
42 70 0.149
43 73 0.74
43 56 0.834
43 58 0.648
43 64 0.685
43 69 1
43 70 0.832
43 74 0.857
43 52 0.918
43 46 0.642
43 53 0.877
43 62 0.726
43 67 0.178
43 44 0.188
43 47 0.172
43 60 0.082
43 63 0.099
43 65 0.199
44 63 0.869
44 62 0.726
44 49 0.902
44 65 0.694
44 50 0.917
44 47 0.911
44 52 1
44 45 1
44 71 0.892
44 46 0.141
44 51 0.107
44 53 0.153
44 55 0.162
44 56 0.108
44 58 0.113
44 61 0.106
44 64 0.124
44 73 0.128
44 74 0.199
45 68 0.89
45 69 0.816
45 49 1
45 52 0.859
45 66 0.796
45 48 1
45 67 0.883
45 51 0.777
45 60 0.109
45 50 0.146
45 53 0.086
45 55 0.183
45 56 0.16
45 57 0.173
45 58 0.146
45 59 0.137
45 61 0.201
45 64 0.169
45 71 0.148
45 72 0.121
45 74 0.201
46 50 1
46 60 0.603
46 57 0.581
46 58 1
46 51 0.742
46 73 0.864
46 64 0.777
46 67 0.823
46 62 0.702
46 48 0.772
46 66 0.732
46 52 0.057
46 47 0.161
46 49 0.104
46 54 0.151
46 68 0.159
46 69 0.166
46 71 0.12
46 74 0.159
47 59 1
47 51 0.537
47 62 1
47 63 1
47 60 1
47 65 0.17
47 73 0.16
47 49 0.174
47 53 0.156
47 58 0.161
47 67 0.13
47 68 0.194
47 69 0.155
47 72 0.121
48 51 1
48 65 0.94
48 70 0.915
48 59 0.948
48 49 1
48 57 0.855
48 58 0.795
48 64 0.857
48 67 0.081
48 52 0.15
48 54 0.156
48 56 0.2
48 60 0.087
48 69 0.2
48 72 0.172
49 63 0.737
49 62 0.746
49 52 0.69
49 70 0.914
49 71 0.564
49 60 0.818
49 65 0.828
49 57 0.189
49 67 0.18
49 50 0.144
49 55 0.123
49 64 0.152
49 68 0.155
49 69 0.149
49 73 0.124
50 54 0.72
50 56 0.875
50 60 0.584
50 65 1
50 70 0.923
50 63 0.031
50 62 0.071
50 69 0.124
50 53 0.149
50 59 0.142
50 67 0.133
50 68 0.143
50 72 0.126
50 73 0.143
51 70 0.701
51 54 0.852
51 58 0.55
51 72 0.881
51 71 0.711
51 56 0.815
51 57 0.768
51 60 0.132
51 73 0.139
51 53 0.168
51 55 0.154
51 62 0.148
51 64 0.167
51 68 0.128
51 69 0.172
51 74 0.141
52 58 0.594
52 64 0.58
52 69 0.532
52 61 0.724
52 56 0.709
52 68 1
52 70 0.905
52 67 0.157
52 72 0.003
52 53 0.197
52 54 0.184
52 60 0.169
52 62 0.13
52 63 0.141
52 65 0.155
52 66 0.204
52 71 0.153
52 73 0.129
53 58 1
53 57 0.75
53 70 0.848
53 64 0.81
53 55 0.614
53 74 0.95
53 66 0.737
53 67 0.853
53 65 1
53 73 0.168
53 54 0.137
53 63 0.186
53 69 0.149
54 72 0.855
54 65 0.802
54 74 0.79
54 55 1
54 66 0.873
54 67 0.919
54 60 0.62
54 56 0.679
54 62 0.168
54 63 0.119
54 69 0.144
54 73 0.16
55 61 1
55 71 0.865
55 68 1
55 58 0.12
55 60 0.164
55 64 0.136
55 62 0.136
55 65 0.14
55 66 0.145
55 69 0.191
55 74 0.159
56 57 0.93
56 61 0.847
56 69 0.805
56 65 0.696
56 58 0.999
56 71 0.802
56 72 0.191
56 59 0.114
56 63 0.106
56 64 0.16
56 68 0.156
56 70 0.173
57 62 0.956
57 67 1
57 74 0.734
57 66 0.83
57 68 0.826
57 71 0.798
57 70 0.846
57 58 0.127
57 69 0.167
58 69 0.581
58 70 0.922
58 73 0.994
58 62 0.157
58 61 0.203
58 66 0.155
58 67 0.102
58 68 0.186
58 71 0.146
58 72 0.113
59 74 0.811
59 60 0.699
59 71 0.845
59 70 0.185
59 64 0.156
59 66 0.163
59 69 0.148
59 61 0.141
59 65 0.101
59 67 0.1
59 68 0.115
59 73 0.149
60 68 0.926
60 63 0.818
60 72 0.699
60 74 0.281
60 62 0.149
60 65 0.141
60 70 0.121
60 71 0.18
61 65 0.698
61 68 0.672
61 63 0.885
61 71 0.722
61 73 0.889
61 70 1
61 67 0.125
62 71 1
62 72 0.129
62 64 0.083
62 63 0.184
62 65 0.132
62 66 0.188
62 67 0.164
62 68 0.184
62 69 0.091
62 70 0.164
63 64 0.923
63 65 0.958
63 68 0.42
63 71 0.824
63 74 0.325
63 67 0.139
64 74 0.901
64 65 0.145
64 67 0.18
64 68 0.154
64 71 0.169
64 72 0.173
65 72 0.706
65 70 0.979
65 68 0.202
65 66 0.161
65 71 0.182
66 69 0.677
66 72 0.998
66 68 0.153
66 70 0.182
66 71 0.167
66 73 0.113
67 69 0.879
67 71 0.902
67 68 1
67 74 0.872
67 72 0.186
68 74 1
68 71 0.75
68 69 0.724
68 70 0.092
68 72 0.177
69 74 1
69 70 1
69 71 0.111
69 72 0.117
70 72 0.707
70 71 0.127
70 73 0.135
70 74 0.161
71 73 1
71 74 0.132
71 72 0.072
72 73 0.181
72 74 0.123
