0 35 0.746
0 28 0.68
0 68 0.813
0 63 0.846
0 37 0.227
0 4 0.183
0 30 0.235
0 40 0.153
0 42 0.047
0 64 0.14
0 66 0.131
0 1 0.23
0 3 0.161
0 9 0.162
0 10 0.163
0 11 0.077
0 14 0.105
0 20 0.134
0 22 0.193
0 23 0.151
0 29 0.183
0 31 0.148
0 33 0.142
0 39 0.156
0 41 0.154
0 50 0.119
0 51 0.132
0 52 0.164
0 55 0.154
0 60 0.122
0 61 0.167
0 69 0.164
0 70 0.107
0 71 0.157
0 73 0.211
0 74 0.163
1 32 1
1 8 0.9
1 24 0.848
1 66 0.984
1 37 1
1 44 0.842
1 22 0.564
1 68 0.835
1 19 0.639
1 49 0.845
1 71 0.952
1 35 0.2
1 52 0.21
1 13 0.151
1 27 0.145
1 41 0.166
1 45 0.164
1 50 0.122
1 51 0.131
1 5 0.186
1 6 0.135
1 9 0.145
1 11 0.167
1 12 0.126
1 14 0.208
1 16 0.168
1 18 0.156
1 23 0.185
1 26 0.127
1 28 0.159
1 29 0.118
1 31 0.167
1 36 0.118
1 39 0.143
1 43 0.126
1 46 0.153
1 47 0.145
1 55 0.143
1 56 0.183
1 57 0.174
1 58 0.178
1 59 0.203
1 60 0.144
1 61 0.125
1 62 0.208
1 65 0.158
1 70 0.119
1 74 0.128
2 52 0.752
2 45 0.718
2 17 0.649
2 56 0.525
2 67 0.602
2 63 0.823
2 19 0.284
2 20 0.004
2 21 0.034
2 29 0.338
2 38 0.248
2 44 0.125
2 48 0.068
2 68 0.274
2 69 0.183
2 6 0.178
2 9 0.156
2 11 0.168
2 13 0.126
2 22 0.159
2 24 0.195
2 26 0.15
2 31 0.09
2 32 0.149
2 34 0.102
2 37 0.126
2 40 0.115
2 42 0.171
2 54 0.112
2 60 0.155
2 61 0.132
2 64 0.111
2 70 0.133
2 71 0.158
2 72 0.17
3 42 0.682
3 14 0.628
3 32 0.876
3 41 0.941
3 50 0.812
3 21 0.477
3 67 0.33
3 31 0.363
3 17 0.151
3 27 0.135
3 35 0.136
3 43 0.216
3 56 0.15
3 60 0.038
3 62 0.157
3 63 0.019
3 7 0.176
3 11 0.19
3 12 0.138
3 15 0.174
3 19 0.11
3 25 0.131
3 26 0.115
3 29 0.159
3 30 0.163
3 34 0.136
3 40 0.211
3 46 0.093
3 48 0.124
3 49 0.17
3 58 0.147
3 59 0.166
3 64 0.18
3 65 0.172
3 71 0.088
3 72 0.172
3 73 0.14
4 19 1
4 13 0.75
4 14 0.85
4 69 0.983
4 52 0.91
4 54 1
4 51 1
4 22 0.739
4 37 0.32
4 40 0.081
4 59 0.084
4 36 0.069
4 38 0.346
4 44 0.334
4 49 0.018
4 5 0.21
4 7 0.138
4 8 0.11
4 10 0.194
4 18 0.165
4 21 0.164
4 23 0.132
4 24 0.148
4 27 0.15
4 28 0.175
4 29 0.14
4 31 0.129
4 32 0.189
4 33 0.152
4 41 0.115
4 43 0.131
4 45 0.172
4 46 0.149
4 47 0.164
4 48 0.172
4 50 0.126
4 55 0.173
4 56 0.14
4 62 0.215
4 68 0.135
4 72 0.181
5 64 1
5 24 0.844
5 12 0.788
5 42 0.941
5 32 0.731
5 70 0.556
5 50 0.103
5 63 0.35
5 68 0.329
5 9 0.306
5 19 0.126
5 30 0.195
5 39 0.138
5 49 0.259
5 72 0.093
5 6 0.191
5 7 0.169
5 10 0.16
5 16 0.154
5 18 0.129
5 20 0.152
5 26 0.159
5 31 0.111
5 35 0.177
5 37 0.178
5 38 0.151
5 40 0.124
5 41 0.17
5 43 0.164
5 44 0.16
5 46 0.099
5 47 0.09
5 51 0.06
5 53 0.179
5 55 0.172
5 57 0.201
5 59 0.13
5 66 0.189
5 67 0.146
5 71 0.178
5 74 0.148
6 8 0.77
6 22 1
6 57 0.913
6 60 0.829
6 41 0.803
6 45 0.207
6 7 0.004
6 24 0.367
6 42 0.072
6 26 0.134
6 27 0.112
6 30 0.152
6 32 0.133
6 38 0.126
6 46 0.355
6 50 0.299
6 61 0.192
6 71 0.201
6 11 0.136
6 12 0.134
6 18 0.113
6 19 0.14
6 28 0.159
6 31 0.152
6 35 0.174
6 37 0.2
6 39 0.137
6 43 0.183
6 44 0.186
6 52 0.139
6 53 0.152
6 54 0.16
6 55 0.147
6 58 0.154
6 59 0.178
6 62 0.112
6 65 0.159
6 69 0.17
6 70 0.134
6 73 0.119
6 74 0.197
7 31 0.564
7 56 0.805
7 18 0.848
7 41 0.563
7 70 0.644
7 30 0.288
7 73 0.283
7 16 0.112
7 20 0.096
7 27 0.121
7 29 0.009
7 64 0.16
7 65 0.158
7 8 0.161
7 9 0.212
7 12 0.163
7 14 0.162
7 19 0.189
7 22 0.191
7 23 0.14
7 25 0.149
7 26 0.156
7 32 0.168
7 37 0.15
7 42 0.189
7 45 0.123
7 49 0.116
7 50 0.154
7 51 0.107
7 60 0.154
7 72 0.109
8 64 0.865
8 45 0.941
8 13 0.724
8 25 0.959
8 31 0.799
8 51 0.577
8 30 0.37
8 37 0.058
8 22 0.035
8 44 0.096
8 46 0.106
8 47 0.258
8 53 0.075
8 10 0.176
8 11 0.199
8 16 0.138
8 19 0.161
8 20 0.125
8 23 0.177
8 24 0.202
8 26 0.127
8 28 0.124
8 29 0.196
8 32 0.153
8 36 0.12
8 38 0.155
8 39 0.184
8 40 0.172
8 49 0.165
8 50 0.105
8 55 0.135
8 60 0.078
8 63 0.184
8 66 0.093
8 68 0.166
8 69 0.156
8 71 0.132
8 74 0.176
9 27 0.974
9 54 0.795
9 61 0.755
9 60 0.65
9 36 0.277
9 71 0.557
9 14 0.205
9 21 0.228
9 26 0.06
9 28 0.024
9 29 0.182
9 32 0.28
9 35 0.047
9 11 0.172
9 13 0.123
9 15 0.109
9 17 0.126
9 19 0.113
9 20 0.135
9 31 0.172
9 40 0.128
9 43 0.135
9 44 0.141
9 48 0.115
9 50 0.177
9 53 0.13
9 55 0.151
9 58 0.153
9 59 0.161
9 63 0.157
9 70 0.116
9 73 0.186
9 74 0.169
10 13 1
10 30 0.908
10 53 1
10 50 0.022
10 72 0.221
10 73 0.449
10 15 0.089
10 57 0.07
10 60 0.077
10 69 0.294
10 11 0.095
10 16 0.146
10 19 0.194
10 21 0.201
10 25 0.176
10 26 0.161
10 29 0.17
10 31 0.183
10 33 0.102
10 34 0.104
10 35 0.143
10 39 0.181
10 47 0.159
10 49 0.114
10 51 0.153
10 52 0.155
10 55 0.149
10 64 0.122
10 66 0.143
10 68 0.13
10 70 0.157
10 71 0.174
11 18 0.552
11 30 0.912
11 36 0.961
11 33 0.97
11 64 0.536
11 43 0.91
11 13 0.067
11 15 0.204
11 25 0.1
11 27 0.019
11 28 0.181
11 34 0.136
11 38 0.118
11 51 0.158
11 52 0.144
11 57 0.232
11 14 0.15
11 17 0.124
11 19 0.143
11 22 0.178
11 24 0.146
11 26 0.095
11 32 0.163
11 35 0.144
11 44 0.128
11 48 0.212
11 49 0.145
11 53 0.117
11 54 0.129
11 55 0.151
11 56 0.158
11 60 0.143
11 62 0.163
11 63 0.207
11 66 0.133
11 68 0.164
11 71 0.13
11 72 0.148
11 73 0.152
12 60 0.878
12 54 0.664
12 50 1
12 72 0.962
12 20 1
12 53 0.77
12 39 0.551
12 41 0.514
12 14 0.29
12 21 0.141
12 27 0.097
12 64 0.254
12 70 0.2
12 18 0.202
12 22 0.148
12 23 0.179
12 31 0.183
12 36 0.125
12 44 0.161
12 45 0.106
12 56 0.173
12 58 0.169
12 59 0.07
12 61 0.193
12 66 0.144
12 68 0.167
12 69 0.123
12 73 0.154
13 27 0.98
13 35 1
13 56 0.699
13 60 0.708
13 67 0.7
13 74 1
13 63 0.721
13 30 0.974
13 50 0.707
13 16 0.13
13 23 0.02
13 44 0.281
13 65 0.23
13 14 0.134
13 15 0.161
13 17 0.178
13 18 0.123
13 19 0.09
13 21 0.139
13 22 0.15
13 24 0.146
13 25 0.143
13 29 0.149
13 31 0.214
13 32 0.132
13 33 0.137
13 36 0.137
13 37 0.121
13 43 0.181
13 45 0.137
13 47 0.142
13 48 0.173
13 49 0.12
13 52 0.146
13 58 0.086
13 59 0.131
13 61 0.134
13 62 0.204
13 68 0.112
13 70 0.145
13 71 0.119
13 72 0.175
13 73 0.135
14 70 0.624
14 25 0.798
14 42 0.665
14 36 0.931
14 53 0.741
14 43 0.722
14 45 0.66
14 33 0.144
14 54 0.25
14 59 0.146
14 23 0.136
14 34 0.091
14 35 0.178
14 40 0.218
14 48 0.181
14 62 0.25
14 69 0.119
14 72 0.088
14 15 0.173
14 18 0.127
14 20 0.146
14 24 0.143
14 27 0.147
14 29 0.145
14 31 0.201
14 39 0.14
14 49 0.121
14 50 0.139
14 51 0.14
14 52 0.14
14 55 0.14
14 57 0.105
14 58 0.157
14 60 0.157
14 61 0.191
14 64 0.121
15 52 0.752
15 28 0.984
15 51 1
15 31 0.779
15 74 0.92
15 36 0.727
15 69 0.766
15 62 1
15 72 0.646
15 68 0.283
15 61 0.097
15 16 0.204
15 26 0.181
15 33 0.014
15 63 0.199
15 67 0.122
15 71 0.278
15 17 0.153
15 19 0.17
15 27 0.196
15 30 0.167
15 32 0.133
15 39 0.176
15 42 0.2
15 45 0.201
15 53 0.136
15 54 0.166
15 56 0.125
15 59 0.143
15 64 0.139
15 65 0.158
15 66 0.142
15 70 0.181
16 26 0.547
16 51 0.998
16 24 0.919
16 45 0.772
16 36 0.304
16 21 0.265
16 35 0.056
16 41 0.141
16 49 0.204
16 73 0.156
16 18 0.169
16 20 0.118
16 22 0.158
16 25 0.122
16 29 0.138
16 30 0.11
16 31 0.107
16 32 0.148
16 33 0.178
16 34 0.128
16 44 0.131
16 50 0.139
16 55 0.183
16 56 0.206
16 60 0.197
16 61 0.128
16 63 0.105
16 66 0.157
16 68 0.107
16 69 0.126
16 70 0.137
16 74 0.151
17 32 0.446
17 40 0.919
17 72 0.635
17 49 0.735
17 37 0.257
17 33 0.191
17 53 0.131
17 64 0.003
17 70 0.207
17 19 0.111
17 23 0.149
17 25 0.126
17 31 0.119
17 34 0.155
17 35 0.142
17 38 0.2
17 39 0.151
17 42 0.163
17 43 0.145
17 44 0.124
17 48 0.188
17 51 0.125
17 60 0.141
17 63 0.14
17 66 0.154
17 67 0.116
18 59 0.721
18 24 0.835
18 52 0.734
18 38 0.152
18 45 0.012
18 25 0.225
18 19 0.149
18 26 0.168
18 27 0.218
18 28 0.148
18 33 0.16
18 35 0.131
18 40 0.181
18 44 0.146
18 48 0.141
18 49 0.169
18 50 0.129
18 51 0.099
18 53 0.222
18 55 0.136
18 60 0.198
18 61 0.156
18 64 0.166
18 65 0.153
18 67 0.169
18 68 0.129
18 70 0.103
18 71 0.116
18 73 0.143
19 48 0.926
19 70 0.841
19 24 0.77
19 65 0.988
19 34 0.64
19 21 0.335
19 23 0.116
19 22 0.179
19 25 0.167
19 36 0.161
19 52 0.062
19 27 0.107
19 28 0.097
19 29 0.103
19 31 0.158
19 38 0.167
19 40 0.181
19 41 0.161
19 45 0.144
19 50 0.195
19 56 0.19
19 58 0.186
19 59 0.18
19 60 0.159
19 62 0.188
19 63 0.146
19 64 0.143
19 66 0.157
19 68 0.176
19 71 0.045
19 73 0.119
20 70 0.833
20 23 0.959
20 64 0.681
20 57 0.936
20 35 0.117
20 21 0.084
20 31 0.052
20 45 0.119
20 46 0.313
20 50 0.159
20 22 0.118
20 24 0.132
20 27 0.097
20 32 0.137
20 33 0.082
20 41 0.176
20 44 0.138
20 51 0.142
20 53 0.105
20 54 0.169
20 56 0.135
20 61 0.163
20 62 0.129
20 69 0.157
20 71 0.219
20 72 0.12
21 72 0.453
21 51 0.72
21 28 0.599
21 29 0.82
21 43 0.781
21 61 0.732
21 56 0.485
21 54 0.356
21 63 0.116
21 34 0.023
21 37 0.136
21 41 0.161
21 52 0.276
21 55 0.332
21 57 0.023
21 64 0.096
21 74 0.295
21 27 0.126
21 31 0.122
21 38 0.193
21 39 0.141
21 42 0.146
21 48 0.141
21 49 0.162
21 50 0.163
21 58 0.177
21 62 0.174
21 67 0.129
21 68 0.111
22 66 0.731
22 73 0.812
22 63 1
22 39 0.87
22 27 0.219
22 32 0.176
22 60 0.152
22 72 0.102
22 26 0.11
22 28 0.116
22 30 0.129
22 31 0.134
22 36 0.176
22 44 0.167
22 45 0.188
22 47 0.155
22 48 0.176
22 54 0.16
22 59 0.142
22 64 0.126
22 65 0.23
22 68 0.149
22 69 0.156
22 70 0.101
22 71 0.164
22 74 0.187
23 34 0.962
23 63 0.911
23 35 0.601
23 45 0.784
23 33 0.787
23 41 1
23 69 0.868
23 52 0.532
23 74 0.199
23 26 0.177
23 28 0.391
23 38 0.158
23 24 0.165
23 25 0.176
23 27 0.12
23 30 0.13
23 32 0.096
23 36 0.168
23 37 0.129
23 42 0.186
23 46 0.222
23 50 0.14
23 55 0.141
23 57 0.19
23 59 0.145
23 60 0.122
23 66 0.141
24 52 0.572
24 58 0.6
24 37 0.587
24 46 0.759
24 67 0.861
24 32 0.114
24 36 0.262
24 33 0.022
24 64 0.142
24 68 0.088
24 25 0.138
24 27 0.15
24 30 0.181
24 34 0.175
24 35 0.127
24 38 0.118
24 39 0.13
24 41 0.153
24 42 0.128
24 43 0.133
24 44 0.144
24 47 0.153
24 51 0.103
24 54 0.118
24 56 0.12
24 59 0.165
24 60 0.162
24 63 0.146
24 66 0.169
24 73 0.165
24 74 0.126
25 46 0.666
25 69 0.52
25 72 0.938
25 68 0.791
25 43 1
25 60 1
25 37 0.006
25 39 0.572
25 55 0.073
25 29 0.099
25 35 0.22
25 51 0.155
25 54 0.042
25 59 0.138
25 27 0.111
25 28 0.145
25 30 0.165
25 31 0.171
25 36 0.205
25 40 0.163
25 44 0.132
25 45 0.151
25 49 0.195
25 50 0.177
25 52 0.143
25 53 0.132
25 58 0.153
25 64 0.116
25 65 0.172
26 66 0.71
26 59 0.675
26 47 0.887
26 74 1
26 33 0.608
26 67 0.135
26 42 0.065
26 29 0.142
26 34 0.131
26 35 0.074
26 36 0.096
26 37 0.15
26 45 0.113
26 46 0.197
26 52 0.171
26 55 0.159
26 56 0.116
26 57 0.202
26 58 0.182
26 61 0.156
26 65 0.122
26 69 0.2
26 71 0.152
26 72 0.139
27 61 1
27 72 0.9
27 68 0.457
27 63 0.519
27 62 0.619
27 42 0.681
27 40 0.368
27 30 0.289
27 71 0.033
27 41 0.053
27 64 0.11
27 65 0.162
27 28 0.162
27 35 0.194
27 36 0.136
27 37 0.138
27 43 0.169
27 46 0.202
27 47 0.186
27 48 0.193
27 54 0.135
27 55 0.126
27 56 0.184
27 58 0.111
27 60 0.226
27 67 0.171
27 69 0.138
28 67 0.617
28 74 0.872
28 39 0.297
28 47 0.201
28 56 0.398
28 40 0.156
28 41 0.12
28 48 0.236
28 70 0.099
28 29 0.125
28 30 0.163
28 34 0.192
28 35 0.16
28 36 0.112
28 43 0.17
28 44 0.152
28 45 0.197
28 46 0.202
28 49 0.13
28 51 0.128
28 52 0.119
28 57 0.152
28 58 0.179
28 59 0.164
28 62 0.153
28 63 0.152
28 66 0.115
28 71 0.181
29 44 0.853
29 45 0.846
29 49 0.982
29 69 1
29 34 0.598
29 32 1
29 65 0.974
29 68 0.069
29 74 0.169
29 50 0.109
29 54 0.211
29 56 0.161
29 63 0.174
29 67 0.093
29 70 0.179
29 30 0.142
29 33 0.168
29 35 0.135
29 37 0.131
29 38 0.134
29 41 0.165
29 43 0.184
29 47 0.137
29 52 0.101
29 55 0.173
29 58 0.167
29 59 0.191
29 60 0.167
29 61 0.154
29 72 0.145
30 34 1
30 66 0.867
30 52 0.761
30 64 0.983
30 39 0.687
30 69 0.184
30 32 0.338
30 58 0.134
30 60 0.211
30 61 0.304
30 72 0.194
30 31 0.114
30 33 0.127
30 36 0.079
30 37 0.141
30 38 0.174
30 41 0.089
30 44 0.159
30 46 0.138
30 50 0.137
30 56 0.151
30 57 0.109
30 62 0.145
30 63 0.121
30 68 0.194
30 70 0.125
30 74 0.183
31 58 0.93
31 70 0.575
31 36 0.943
31 44 0.654
31 67 0.571
31 33 0.817
31 51 0.884
31 59 0.927
31 55 0.353
31 39 0.247
31 63 0.144
31 66 0.155
31 37 0.085
31 40 0.129
31 41 0.108
31 43 0.137
31 46 0.117
31 47 0.171
31 50 0.159
31 53 0.102
31 57 0.127
31 60 0.19
31 61 0.147
31 64 0.167
31 68 0.158
32 49 0.516
32 56 0.846
32 62 0.182
32 59 0.33
32 68 0.116
32 73 0.298
32 33 0.165
32 37 0.162
32 39 0.133
32 40 0.174
32 41 0.172
32 42 0.144
32 45 0.155
32 50 0.125
32 52 0.112
32 54 0.105
32 55 0.15
32 57 0.194
32 63 0.166
32 64 0.172
32 65 0.148
32 72 0.153
33 68 0.85
33 60 0.681
33 38 0.939
33 69 0.57
33 43 0.834
33 49 0.065
33 35 0.134
33 53 0.181
33 62 0.109
33 67 0.025
33 36 0.156
33 37 0.126
33 42 0.212
33 47 0.138
33 50 0.146
33 52 0.148
33 55 0.096
33 56 0.107
33 58 0.151
33 63 0.156
33 71 0.081
34 55 0.822
34 54 0.797
34 72 0.951
34 43 0.797
34 65 1
34 35 0.744
34 39 0.294
34 48 0.158
34 61 0.016
34 66 0.156
34 36 0.166
34 41 0.153
34 42 0.176
34 46 0.131
34 47 0.151
34 49 0.14
34 52 0.094
34 53 0.136
34 58 0.13
34 60 0.135
34 62 0.141
34 69 0.171
34 71 0.131
34 74 0.122
35 51 1
35 71 1
35 43 0.461
35 45 0.145
35 66 0.213
35 72 0.104
35 44 0.246
35 52 0.174
35 63 0.18
35 40 0.141
35 41 0.211
35 42 0.189
35 48 0.166
35 50 0.144
35 56 0.134
35 60 0.18
35 65 0.098
35 68 0.161
36 40 0.991
36 44 0.893
36 45 0.765
36 43 0.563
36 50 0.711
36 53 0.855
36 57 0.203
36 37 0.105
36 41 0.13
36 46 0.133
36 49 0.138
36 52 0.202
36 54 0.15
36 56 0.114
36 60 0.168
36 66 0.181
36 70 0.151
36 72 0.146
37 62 1
37 65 0.951
37 40 0.153
37 53 0.102
37 61 0.092
37 38 0.172
37 41 0.149
37 48 0.111
37 58 0.144
37 59 0.128
37 60 0.11
37 63 0.147
37 64 0.163
37 66 0.2
37 67 0.181
37 70 0.19
37 71 0.166
37 74 0.146
38 53 0.863
38 42 0.032
38 43 0.158
38 49 0.056
38 65 0.147
38 40 0.182
38 46 0.177
38 47 0.178
38 51 0.163
38 52 0.107
38 54 0.126
38 55 0.194
38 56 0.078
38 58 0.136
38 62 0.121
38 63 0.172
38 67 0.203
38 71 0.126
38 72 0.09
38 73 0.161
39 45 1
39 70 0.577
39 42 0.973
39 61 0.532
39 44 0.078
39 40 0.238
39 41 0.075
39 60 0.15
39 67 0.087
39 73 0.261
39 43 0.18
39 46 0.1
39 51 0.167
39 54 0.173
39 55 0.157
39 63 0.184
39 65 0.167
39 74 0.158
40 46 0.978
40 58 1
40 59 0.901
40 63 0.428
40 49 0.063
40 53 0.239
40 47 0.088
40 54 0.046
40 61 0.101
40 66 0.104
40 68 0.234
40 71 0.123
40 41 0.157
40 42 0.201
40 44 0.124
40 45 0.133
40 56 0.168
40 57 0.117
40 62 0.16
40 65 0.141
40 69 0.143
41 54 0.927
41 42 1
41 43 0.174
41 44 0.172
41 45 0.133
41 47 0.192
41 51 0.19
41 52 0.15
41 55 0.172
41 57 0.113
41 58 0.14
41 60 0.122
41 61 0.14
41 64 0.185
41 66 0.197
41 67 0.125
41 68 0.152
41 72 0.165
42 71 0.915
42 69 0.266
42 43 0.132
42 59 0.233
42 68 0.161
42 72 0.012
42 49 0.166
42 50 0.141
42 54 0.137
42 55 0.215
42 58 0.061
42 60 0.115
42 61 0.135
42 63 0.192
42 64 0.114
42 65 0.131
42 66 0.12
42 67 0.143
43 64 0.524
43 74 0.545
43 48 0.158
43 52 0.114
43 54 0.13
43 55 0.161
43 56 0.216
43 65 0.186
43 67 0.127
44 63 0.876
44 62 0.994
44 50 0.701
44 47 0.504
44 71 1
44 57 0.932
44 46 0.408
44 45 0.113
44 48 0.159
44 55 0.188
44 58 0.145
44 59 0.182
44 61 0.147
44 65 0.17
44 67 0.133
44 68 0.17
44 69 0.142
45 68 0.999
45 52 0.73
45 66 0.575
45 67 1
45 61 0.021
45 69 0.063
45 47 0.146
45 48 0.213
45 49 0.148
45 50 0.159
45 51 0.166
45 53 0.191
45 55 0.129
45 56 0.182
45 57 0.19
45 59 0.113
45 62 0.116
45 63 0.105
45 65 0.145
45 70 0.155
45 71 0.1
45 73 0.168
46 58 0.964
46 48 0.732
46 74 0.966
46 55 0.358
46 68 0.254
46 49 0.138
46 50 0.162
46 54 0.129
46 62 0.121
46 64 0.093
46 65 0.125
46 67 0.132
46 71 0.145
46 72 0.127
47 59 0.727
47 67 0.759
47 62 0.651
47 52 0.204
47 60 0.175
47 66 0.127
47 53 0.138
47 54 0.137
47 56 0.09
47 57 0.112
47 61 0.131
47 65 0.177
47 70 0.137
47 73 0.202
48 51 0.885
48 59 0.889
48 57 0.757
48 56 0.398
48 60 0.045
48 55 0.082
48 62 0.313
48 68 0.289
48 50 0.107
48 52 0.161
48 53 0.208
48 58 0.165
48 61 0.144
48 63 0.166
48 67 0.105
48 69 0.127
48 72 0.134
48 73 0.161
49 63 0.942
49 60 0.84
49 65 0.909
49 72 0.146
49 58 0.15
49 61 0.229
49 54 0.145
49 55 0.127
49 59 0.201
49 62 0.161
49 67 0.181
49 70 0.172
49 74 0.124
50 52 0.061
50 64 0.061
50 59 0.04
50 60 0.121
50 61 0.109
50 69 0.181
50 70 0.13
50 65 0.195
50 66 0.103
50 67 0.197
50 68 0.151
50 73 0.167
51 56 0.682
51 53 0.191
51 57 0.002
51 59 0.175
51 62 0.017
51 65 0.156
51 60 0.153
51 61 0.165
51 63 0.138
51 68 0.203
51 69 0.166
51 71 0.157
51 72 0.146
52 61 0.909
52 68 0.63
52 72 0.855
52 62 0.079
52 66 0.224
52 54 0.154
52 55 0.191
52 63 0.139
52 64 0.121
52 69 0.155
52 73 0.188
52 74 0.113
53 57 0.922
53 70 0.996
53 73 0.072
53 56 0.26
53 65 0.24
53 55 0.143
53 61 0.15
53 63 0.183
53 66 0.082
53 67 0.173
53 68 0.183
54 65 0.925
54 66 0.661
54 61 0.18
54 63 0.278
54 72 0.289
54 58 0.169
54 62 0.193
55 61 0.97
55 70 0.257
55 58 0.187
55 59 0.185
55 64 0.123
55 65 0.133
55 66 0.161
55 68 0.12
55 72 0.194
55 73 0.117
55 74 0.108
56 61 1
56 70 0.237
56 60 0.152
56 72 0.013
56 57 0.175
56 62 0.2
56 71 0.167
57 62 0.932
57 74 0.836
57 59 0.003
57 68 0.27
57 72 0.142
57 60 0.175
57 61 0.127
57 67 0.19
57 69 0.126
57 70 0.213
57 71 0.221
58 70 0.879
58 73 1
58 60 0.143
58 61 0.216
58 74 0.292
58 62 0.154
58 64 0.124
58 65 0.14
58 69 0.187
59 64 0.039
59 70 0.222
59 73 0.266
59 61 0.145
59 69 0.155
59 71 0.171
60 62 0.493
60 61 0.151
60 64 0.26
60 63 0.141
60 65 0.174
60 68 0.111
60 70 0.143
60 71 0.14
60 72 0.135
60 73 0.156
60 74 0.181
61 66 0.073
61 67 0.091
61 73 0.126
61 74 0.229
61 62 0.156
61 64 0.137
61 68 0.173
61 70 0.155
61 71 0.116
62 71 1
62 69 0.149
62 72 0.183
63 67 0.091
63 70 0.063
63 69 0.136
63 73 0.202
64 74 0.998
64 65 0.076
64 68 0.133
64 70 0.22
64 71 0.126
65 70 0.091
65 69 0.214
65 71 0.227
65 73 0.131
66 72 0.71
66 73 0.086
66 74 0.291
66 70 0.18
67 69 0.847
67 71 0.166
67 72 0.155
67 73 0.176
68 74 1
68 72 0.63
68 69 0.165
68 70 0.169
68 71 0.154
69 70 0.3
69 71 0.083
69 74 0.147
70 74 0.099
70 72 0.046
70 73 0.112
71 73 0.155
71 74 0.178
72 73 0.138
