0 73 0.837
0 36 0.612
0 39 0.776
0 21 0.899
0 32 0.883
0 3 0.807
0 58 0.718
0 53 0.725
0 72 0.118
0 20 0.029
0 28 0.061
0 41 0.197
0 43 0.284
0 10 0.031
0 12 0.146
0 24 0.247
0 26 0.137
0 34 0.266
0 50 0.17
0 52 0.128
0 63 0.077
0 64 0.172
0 65 0.067
0 1 0.158
0 7 0.184
0 9 0.165
0 17 0.169
0 19 0.12
0 23 0.131
0 25 0.131
0 33 0.162
0 37 0.124
0 38 0.204
0 42 0.181
0 46 0.157
0 48 0.183
0 49 0.113
0 54 0.153
0 56 0.13
0 59 0.164
0 61 0.132
0 62 0.129
0 67 0.117
0 69 0.166
0 70 0.144
0 74 0.153
1 62 1
1 18 1
1 3 0.754
1 56 1
1 32 0.129
1 64 0.08
1 23 0.061
1 35 0.024
1 67 0.057
1 5 0.125
1 6 0.153
1 7 0.144
1 8 0.227
1 9 0.158
1 12 0.176
1 20 0.155
1 21 0.11
1 24 0.128
1 25 0.163
1 27 0.122
1 29 0.147
1 30 0.152
1 38 0.19
1 44 0.152
1 47 0.172
1 48 0.17
1 49 0.165
1 50 0.141
1 51 0.159
1 52 0.131
1 53 0.163
1 54 0.168
1 59 0.17
1 60 0.182
1 61 0.119
1 66 0.189
1 68 0.103
1 70 0.177
1 71 0.177
1 74 0.134
2 64 0.228
2 8 0.273
2 14 0.186
2 41 0.164
2 47 0.103
2 66 0.115
2 67 0.07
2 74 0.362
2 4 0.134
2 7 0.178
2 9 0.18
2 11 0.173
2 15 0.136
2 22 0.135
2 25 0.171
2 26 0.167
2 28 0.109
2 30 0.145
2 31 0.194
2 32 0.154
2 34 0.155
2 35 0.096
2 38 0.206
2 40 0.135
2 42 0.115
2 44 0.205
2 45 0.111
2 46 0.189
2 48 0.121
2 50 0.12
2 51 0.117
2 54 0.158
2 58 0.129
2 59 0.18
2 61 0.149
2 70 0.119
2 73 0.132
3 38 0.803
3 24 0.926
3 21 0.994
3 32 0.861
3 59 0.674
3 63 0.734
3 39 0.464
3 9 0.182
3 10 0.141
3 20 0.055
3 23 0.199
3 35 0.118
3 40 0.225
3 47 0.162
3 52 0.055
3 64 0.242
3 4 0.187
3 13 0.139
3 14 0.173
3 15 0.195
3 18 0.215
3 22 0.18
3 28 0.169
3 31 0.106
3 33 0.155
3 34 0.142
3 36 0.116
3 37 0.167
3 41 0.174
3 43 0.158
3 45 0.216
3 49 0.185
3 53 0.183
3 58 0.19
3 60 0.145
3 65 0.155
3 68 0.16
3 70 0.157
3 72 0.132
4 43 1
4 58 0.883
4 9 0.726
4 19 0.763
4 60 0.768
4 72 0.878
4 16 0.35
4 39 0.233
4 66 0.229
4 8 0.06
4 30 0.04
4 31 0.227
4 34 0.077
4 37 0.122
4 40 0.111
4 45 0.174
4 55 0.207
4 56 0.07
4 68 0.171
4 7 0.177
4 10 0.15
4 11 0.158
4 12 0.164
4 14 0.173
4 23 0.202
4 24 0.163
4 25 0.197
4 26 0.176
4 29 0.175
4 36 0.163
4 38 0.179
4 44 0.158
4 47 0.16
4 49 0.102
4 51 0.13
4 63 0.103
4 65 0.166
4 67 0.171
4 70 0.168
4 71 0.159
4 74 0.128
5 30 0.967
5 14 0.928
5 63 0.943
5 73 0.665
5 32 0.091
5 62 0.122
5 12 0.233
5 28 0.098
5 41 0.209
5 43 0.317
5 54 0.26
5 57 0.076
5 8 0.149
5 13 0.162
5 15 0.172
5 16 0.192
5 17 0.196
5 20 0.14
5 22 0.158
5 23 0.097
5 25 0.153
5 31 0.18
5 33 0.165
5 36 0.132
5 37 0.163
5 39 0.189
5 40 0.147
5 42 0.201
5 46 0.112
5 48 0.168
5 55 0.152
5 59 0.083
5 68 0.14
5 71 0.184
5 72 0.161
6 53 0.976
6 27 0.613
6 36 0.918
6 22 1
6 24 0.548
6 26 0.141
6 61 0.17
6 63 0.045
6 70 0.404
6 18 0.087
6 19 0.088
6 21 0.049
6 35 0.178
6 54 0.045
6 56 0.124
6 73 0.094
6 7 0.204
6 8 0.132
6 11 0.174
6 13 0.132
6 15 0.131
6 29 0.102
6 34 0.206
6 37 0.174
6 38 0.174
6 39 0.138
6 41 0.153
6 44 0.124
6 45 0.154
6 46 0.127
6 50 0.142
6 58 0.211
6 64 0.169
6 66 0.159
6 72 0.133
6 74 0.142
7 69 0.897
7 13 0.007
7 25 0.431
7 20 0.254
7 35 0.113
7 37 0.298
7 38 0.133
7 43 0.128
7 45 0.09
7 47 0.229
7 63 0.087
7 11 0.161
7 14 0.133
7 15 0.167
7 16 0.19
7 17 0.119
7 19 0.143
7 22 0.204
7 27 0.124
7 28 0.136
7 30 0.155
7 32 0.2
7 33 0.181
7 34 0.156
7 39 0.195
7 40 0.19
7 46 0.153
7 48 0.143
7 55 0.189
7 65 0.199
7 70 0.127
7 72 0.116
7 73 0.108
7 74 0.132
8 45 0.709
8 33 1
8 10 0.956
8 66 0.914
8 43 0.784
8 22 0.25
8 62 0.135
8 12 0.05
8 14 0.199
8 21 0.192
8 23 0.255
8 38 0.094
8 52 0.104
8 59 0.219
8 61 0.146
8 65 0.239
8 9 0.187
8 15 0.133
8 20 0.129
8 29 0.156
8 31 0.156
8 36 0.127
8 41 0.16
8 47 0.139
8 51 0.101
8 53 0.16
8 55 0.136
8 58 0.18
8 64 0.108
8 67 0.183
8 68 0.111
8 69 0.175
8 70 0.132
8 71 0.135
8 72 0.154
8 73 0.118
9 46 1
9 69 1
9 51 0.937
9 54 0.151
9 10 0.099
9 23 0.047
9 26 0.15
9 34 0.117
9 47 0.088
9 59 0.093
9 68 0.075
9 72 0.147
9 13 0.095
9 17 0.141
9 18 0.177
9 19 0.11
9 21 0.157
9 22 0.203
9 24 0.117
9 25 0.111
9 27 0.161
9 29 0.125
9 30 0.147
9 32 0.125
9 33 0.14
9 38 0.118
9 39 0.174
9 40 0.147
9 41 0.145
9 44 0.128
9 45 0.213
9 48 0.109
9 49 0.107
9 52 0.191
9 55 0.177
9 56 0.182
9 57 0.122
9 62 0.137
9 63 0.124
9 71 0.094
9 74 0.173
10 41 0.978
10 61 0.712
10 64 0.524
10 65 0.535
10 71 0.687
10 45 0.719
10 16 1
10 55 0.836
10 26 1
10 74 0.109
10 11 0.11
10 13 0.06
10 36 0.193
10 44 0.098
10 59 0.287
10 63 0.062
10 14 0.114
10 17 0.15
10 19 0.123
10 21 0.107
10 22 0.118
10 24 0.069
10 25 0.138
10 27 0.118
10 28 0.185
10 29 0.146
10 31 0.181
10 39 0.15
10 43 0.178
10 48 0.168
10 51 0.121
10 53 0.169
10 57 0.17
10 58 0.098
10 60 0.131
10 62 0.103
10 66 0.164
10 69 0.186
10 73 0.18
11 40 0.856
11 51 0.817
11 67 0.953
11 74 0.636
11 32 0.775
11 12 0.64
11 66 0.147
11 72 0.279
11 23 0.203
11 25 0.127
11 48 0.166
11 70 0.199
11 14 0.117
11 22 0.127
11 29 0.11
11 31 0.143
11 34 0.189
11 35 0.172
11 36 0.19
11 38 0.196
11 39 0.194
11 42 0.153
11 44 0.096
11 49 0.136
11 52 0.135
11 53 0.149
11 54 0.184
11 56 0.108
11 58 0.142
11 59 0.174
11 60 0.118
11 64 0.112
11 65 0.173
11 68 0.185
12 62 0.71
12 37 0.656
12 23 0.86
12 29 0.607
12 58 0.799
12 24 0.282
12 40 0.13
12 34 0.064
12 50 0.138
12 63 0.078
12 13 0.197
12 16 0.165
12 19 0.063
12 21 0.122
12 32 0.157
12 35 0.127
12 43 0.174
12 45 0.087
12 46 0.095
12 47 0.185
12 51 0.146
12 59 0.17
12 60 0.211
12 66 0.155
12 69 0.145
12 72 0.123
13 64 1
13 53 0.642
13 25 0.897
13 72 0.854
13 48 0.924
13 20 0.693
13 31 0.852
13 67 0.899
13 28 0.228
13 14 0.114
13 42 0.142
13 47 0.289
13 49 0.084
13 50 0.061
13 57 0.153
13 60 0.061
13 74 0.271
13 19 0.195
13 21 0.173
13 23 0.166
13 24 0.178
13 30 0.143
13 35 0.184
13 38 0.159
13 39 0.18
13 41 0.207
13 46 0.124
13 51 0.18
13 52 0.158
13 58 0.109
13 59 0.109
13 61 0.193
13 62 0.151
13 69 0.174
13 73 0.078
14 21 0.893
14 53 0.833
14 70 1
14 38 0.521
14 51 1
14 30 1
14 62 0.804
14 63 0.85
14 22 0.131
14 66 0.249
14 67 0.008
14 71 0.116
14 15 0.181
14 16 0.134
14 18 0.121
14 19 0.102
14 20 0.125
14 23 0.128
14 24 0.152
14 25 0.174
14 29 0.088
14 32 0.127
14 40 0.165
14 41 0.135
14 43 0.148
14 45 0.132
14 47 0.115
14 48 0.186
14 50 0.138
14 55 0.139
14 56 0.095
14 57 0.147
14 61 0.141
14 69 0.198
14 73 0.132
14 74 0.145
15 45 0.851
15 51 0.853
15 31 0.852
15 54 0.136
15 60 0.057
15 29 0.136
15 32 0.159
15 33 0.108
15 35 0.062
15 41 0.104
15 48 0.151
15 67 0.106
15 16 0.169
15 18 0.228
15 19 0.15
15 20 0.161
15 21 0.168
15 23 0.146
15 24 0.147
15 26 0.19
15 28 0.146
15 30 0.174
15 34 0.208
15 37 0.11
15 38 0.136
15 39 0.133
15 40 0.122
15 42 0.098
15 44 0.138
15 55 0.104
15 58 0.072
15 61 0.201
15 64 0.093
15 66 0.165
15 69 0.144
15 71 0.143
15 72 0.169
15 74 0.111
16 29 0.671
16 39 0.689
16 60 0.913
16 68 0.644
16 58 0.873
16 18 0.735
16 23 0.179
16 25 0.239
16 21 0.055
16 30 0.134
16 32 0.098
16 33 0.163
16 45 0.105
16 48 0.23
16 20 0.144
16 24 0.115
16 28 0.175
16 36 0.107
16 41 0.117
16 50 0.111
16 56 0.178
16 59 0.238
16 61 0.152
16 63 0.158
16 65 0.122
16 69 0.152
16 73 0.156
16 74 0.182
17 32 0.94
17 41 0.912
17 19 0.684
17 66 0.807
17 63 0.464
17 56 0.104
17 29 0.202
17 30 0.093
17 44 0.196
17 71 0.122
17 74 0.177
17 20 0.154
17 23 0.161
17 25 0.098
17 34 0.144
17 45 0.102
17 48 0.166
17 50 0.136
17 55 0.14
17 57 0.155
17 59 0.127
17 60 0.169
17 61 0.13
17 65 0.154
17 67 0.189
17 68 0.154
17 69 0.184
17 72 0.225
17 73 0.097
18 41 1
18 46 0.709
18 50 1
18 42 0.779
18 45 0.94
18 52 1
18 26 0.772
18 31 0.099
18 23 0.193
18 38 0.216
18 66 0.17
18 73 0.235
18 19 0.13
18 20 0.163
18 22 0.151
18 24 0.16
18 25 0.141
18 27 0.173
18 32 0.175
18 33 0.152
18 34 0.202
18 39 0.181
18 43 0.138
18 47 0.138
18 51 0.144
18 53 0.115
18 54 0.107
18 57 0.114
18 58 0.171
18 61 0.178
18 62 0.127
18 65 0.197
18 69 0.163
18 70 0.158
19 37 0.893
19 62 0.737
19 24 0.339
19 52 0.744
19 48 0.152
19 36 0.162
19 43 0.13
19 45 0.112
19 46 0.281
19 58 0.115
19 59 0.053
19 21 0.176
19 26 0.188
19 30 0.161
19 32 0.189
19 38 0.129
19 39 0.189
19 40 0.184
19 41 0.17
19 42 0.123
19 49 0.094
19 51 0.121
19 54 0.058
19 55 0.129
19 56 0.159
19 60 0.135
19 63 0.136
19 64 0.212
19 67 0.171
19 68 0.189
19 69 0.19
19 70 0.165
20 34 0.903
20 42 0.72
20 56 1
20 74 0.491
20 39 0.797
20 37 0.118
20 23 0.101
20 29 0.247
20 50 0.277
20 62 0.214
20 64 0.23
20 24 0.098
20 25 0.174
20 26 0.106
20 27 0.187
20 30 0.144
20 33 0.139
20 35 0.141
20 38 0.207
20 41 0.152
20 45 0.102
20 46 0.135
20 52 0.161
20 53 0.185
20 54 0.164
20 55 0.163
20 57 0.155
20 59 0.16
20 60 0.191
20 61 0.155
20 67 0.164
20 69 0.133
20 70 0.157
20 72 0.107
20 73 0.099
21 36 1
21 55 0.685
21 35 0.876
21 40 0.994
21 37 0.776
21 27 0.085
21 44 0.024
21 60 0.295
21 24 0.197
21 26 0.136
21 30 0.143
21 41 0.211
21 49 0.161
21 56 0.194
21 59 0.229
21 64 0.017
21 22 0.146
21 23 0.152
21 28 0.198
21 31 0.202
21 38 0.168
21 45 0.098
21 57 0.122
21 58 0.168
21 61 0.153
21 62 0.146
21 65 0.195
21 66 0.167
21 73 0.14
21 74 0.146
22 47 0.975
22 71 1
22 40 1
22 72 0.086
22 58 0.161
22 52 0.19
22 53 0.197
22 54 0.24
22 55 0.191
22 23 0.165
22 26 0.123
22 33 0.161
22 34 0.086
22 35 0.154
22 36 0.143
22 37 0.114
22 39 0.127
22 41 0.132
22 42 0.134
22 44 0.205
22 49 0.171
22 50 0.101
22 57 0.204
22 61 0.142
22 63 0.166
22 66 0.107
22 67 0.147
23 65 0.855
23 61 0.742
23 28 0.911
23 25 0.803
23 24 0.218
23 40 0.069
23 42 0.14
23 43 0.155
23 49 0.141
23 26 0.14
23 31 0.122
23 32 0.126
23 35 0.084
23 39 0.143
23 45 0.173
23 46 0.113
23 50 0.156
23 52 0.121
23 54 0.2
23 57 0.125
23 58 0.135
23 62 0.134
23 64 0.188
23 66 0.202
23 70 0.159
23 71 0.138
24 25 0.625
24 71 0.973
24 48 0.873
24 50 0.069
24 39 0.244
24 32 0.452
24 35 0.156
24 52 0.141
24 72 0.196
24 26 0.111
24 30 0.151
24 31 0.181
24 33 0.188
24 37 0.117
24 40 0.142
24 43 0.154
24 45 0.113
24 49 0.187
24 53 0.19
24 54 0.139
24 55 0.14
24 56 0.232
24 58 0.216
24 61 0.172
24 62 0.19
24 63 0.157
24 68 0.168
24 69 0.167
24 70 0.158
25 46 0.591
25 48 0.85
25 73 0.93
25 55 0.357
25 58 0.542
25 29 0.255
25 30 0.135
25 38 0.041
25 54 0.049
25 56 0.117
25 59 0.291
25 63 0.059
25 26 0.126
25 28 0.175
25 33 0.106
25 36 0.155
25 37 0.128
25 40 0.08
25 42 0.079
25 43 0.14
25 44 0.167
25 50 0.169
25 57 0.17
25 61 0.169
25 62 0.117
25 64 0.171
25 65 0.202
25 69 0.196
25 74 0.125
26 46 0.452
26 54 0.882
26 61 0.683
26 52 0.872
26 59 0.107
26 38 0.344
26 53 0.503
26 55 0.073
26 29 0.185
26 30 0.288
26 34 0.184
26 41 0.24
26 42 0.086
26 60 0.145
26 67 0.103
26 71 0.022
26 28 0.13
26 32 0.138
26 35 0.149
26 47 0.149
26 48 0.181
26 50 0.13
26 51 0.181
26 58 0.198
26 65 0.157
26 68 0.143
26 69 0.132
26 72 0.134
27 51 1
27 74 0.745
27 38 0.769
27 69 0.686
27 73 0.67
27 30 0.702
27 34 1
27 39 0.242
27 37 0.427
27 40 0.306
27 31 0.236
27 48 0.312
27 58 0.161
27 65 0.054
27 32 0.133
27 33 0.142
27 42 0.149
27 45 0.189
27 46 0.153
27 47 0.128
27 49 0.15
27 50 0.114
27 54 0.154
27 55 0.173
27 57 0.175
27 63 0.177
27 64 0.19
27 67 0.143
27 70 0.114
27 72 0.181
28 61 0.965
28 33 0.545
28 57 0.727
28 30 0.144
28 41 0.116
28 48 0.121
28 59 0.611
28 72 0.125
28 32 0.171
28 53 0.089
28 54 0.162
28 55 0.157
28 58 0.16
28 66 0.167
28 29 0.162
28 34 0.17
28 35 0.143
28 36 0.118
28 37 0.186
28 39 0.177
28 43 0.182
28 51 0.176
28 52 0.11
28 63 0.142
28 64 0.158
28 69 0.179
28 70 0.194
28 74 0.152
29 71 0.697
29 52 0.758
29 34 0.727
29 46 0.158
29 67 0.049
29 74 0.338
29 32 0.162
29 59 0.115
29 72 0.182
29 33 0.139
29 38 0.148
29 39 0.137
29 40 0.178
29 42 0.141
29 45 0.185
29 47 0.144
29 53 0.131
29 55 0.201
29 58 0.133
29 60 0.157
29 63 0.107
29 65 0.124
29 69 0.18
30 66 0.976
30 31 0.567
30 50 0.918
30 38 0.902
30 35 0.094
30 48 0.3
30 51 0.083
30 61 0.167
30 70 0.149
30 32 0.188
30 34 0.114
30 37 0.122
30 39 0.144
30 40 0.176
30 42 0.145
30 43 0.172
30 44 0.124
30 45 0.154
30 52 0.12
30 57 0.124
30 60 0.167
30 62 0.149
30 64 0.155
30 67 0.152
30 73 0.123
31 34 0.693
31 47 0.677
31 36 0.694
31 56 0.52
31 66 0.179
31 68 0.258
31 32 0.082
31 35 0.157
31 43 0.17
31 46 0.148
31 50 0.173
31 52 0.145
31 62 0.116
31 65 0.18
31 69 0.16
31 71 0.127
31 73 0.108
31 74 0.104
32 53 1
32 49 0.779
32 36 0.093
32 41 0.1
32 65 0.104
32 35 0.172
32 38 0.136
32 42 0.158
32 51 0.139
32 54 0.161
32 56 0.136
32 57 0.121
32 58 0.166
32 59 0.167
32 62 0.202
32 71 0.176
32 72 0.15
32 74 0.199
33 66 0.825
33 44 0.226
33 38 0.052
33 40 0.163
33 42 0.146
33 61 0.27
33 70 0.26
33 73 0.081
33 74 0.286
33 41 0.124
33 45 0.137
33 47 0.174
33 51 0.173
33 55 0.168
33 64 0.135
33 68 0.106
33 71 0.162
34 67 0.8
34 45 0.008
34 66 0.254
34 74 0.114
34 40 0.244
34 41 0.15
34 47 0.183
34 48 0.223
34 50 0.185
34 54 0.187
34 64 0.295
34 70 0.075
34 37 0.158
34 38 0.144
34 39 0.196
34 44 0.138
34 46 0.133
34 51 0.167
34 55 0.128
34 56 0.243
34 57 0.187
34 60 0.154
34 61 0.158
34 63 0.169
35 49 1
35 44 0.924
35 42 0.961
35 47 0.825
35 71 0.683
35 40 0.139
35 41 0.234
35 43 0.216
35 58 0.184
35 60 0.053
35 61 0.221
35 63 0.167
35 66 0.252
35 36 0.165
35 46 0.114
35 51 0.119
35 53 0.147
35 55 0.151
35 62 0.124
35 67 0.112
35 69 0.156
35 72 0.146
35 73 0.163
35 74 0.188
36 45 0.783
36 70 0.823
36 44 0.778
36 46 0.825
36 41 0.549
36 50 0.163
36 62 0.007
36 37 0.135
36 43 0.189
36 47 0.124
36 48 0.165
36 49 0.1
36 52 0.172
36 53 0.141
36 54 0.19
36 55 0.181
36 58 0.147
36 64 0.15
36 65 0.139
36 66 0.137
36 67 0.16
36 68 0.185
36 69 0.135
36 73 0.131
37 40 0.162
37 42 0.121
37 52 0.13
37 55 0.152
37 62 0.212
37 63 0.164
37 66 0.286
37 68 0.127
37 38 0.177
37 39 0.18
37 41 0.148
37 44 0.155
37 45 0.122
37 48 0.182
37 49 0.143
37 51 0.127
37 53 0.061
37 54 0.168
37 59 0.193
37 64 0.146
37 65 0.165
37 70 0.113
37 73 0.093
38 66 0.706
38 72 0.877
38 56 0.584
38 68 0.427
38 43 0.227
38 40 0.135
38 49 0.033
38 50 0.305
38 51 0.376
38 54 0.048
38 59 0.196
38 61 0.179
38 73 0.192
38 39 0.146
38 52 0.155
38 65 0.166
38 70 0.157
39 62 1
39 42 0.57
39 72 0.672
39 66 0.318
39 57 0.191
39 40 0.359
39 61 0.309
39 56 0.214
39 71 0.191
39 73 0.2
39 41 0.186
39 44 0.153
39 45 0.164
39 46 0.168
39 47 0.164
39 48 0.152
39 49 0.16
39 50 0.15
39 51 0.139
39 52 0.115
39 55 0.185
39 59 0.135
39 67 0.177
40 52 0.662
40 61 0.856
40 57 1
40 71 0.722
40 58 0.841
40 69 0.596
40 54 0.125
40 64 0.062
40 63 0.154
40 66 0.107
40 68 0.15
40 70 0.026
40 72 0.249
40 42 0.166
40 44 0.18
40 48 0.159
40 49 0.203
40 56 0.104
40 59 0.196
40 60 0.153
40 62 0.137
40 67 0.125
40 73 0.118
41 54 0.547
41 45 0.927
41 63 0.976
41 56 1
41 46 0.446
41 55 0.316
41 64 0.307
41 44 0.143
41 49 0.168
41 50 0.111
41 51 0.115
41 57 0.166
41 58 0.128
41 59 0.133
41 61 0.14
41 62 0.099
41 66 0.112
41 67 0.091
41 69 0.14
41 70 0.195
41 72 0.175
41 73 0.176
41 74 0.119
42 48 0.66
42 72 0.232
42 55 0.102
42 56 0.095
42 60 0.049
42 49 0.129
42 61 0.208
42 62 0.155
42 63 0.229
42 70 0.187
42 73 0.204
42 74 0.198
43 62 1
43 45 0.292
43 57 0.079
43 59 0.256
43 64 0.098
43 65 0.121
43 67 0.192
43 44 0.166
43 47 0.15
43 48 0.184
43 49 0.124
43 55 0.12
43 56 0.173
43 60 0.159
43 66 0.151
43 68 0.158
43 72 0.156
43 73 0.145
44 52 0.751
44 66 0.662
44 65 0.684
44 48 0.128
44 53 0.192
44 67 0.176
44 69 0.18
44 45 0.106
44 46 0.205
44 47 0.163
44 49 0.139
44 50 0.135
44 51 0.145
44 56 0.127
44 58 0.126
44 60 0.138
44 61 0.154
44 63 0.155
44 70 0.142
44 71 0.116
44 72 0.149
44 74 0.129
45 54 0.938
45 73 0.111
45 58 0.12
45 49 0.211
45 50 0.029
45 63 0.171
45 70 0.143
45 74 0.239
45 47 0.197
45 53 0.163
45 56 0.16
45 57 0.217
45 65 0.119
45 66 0.13
45 71 0.159
46 59 0.684
46 63 0.371
46 60 0.376
46 73 0.046
46 48 0.148
46 49 0.162
46 52 0.204
46 54 0.111
46 55 0.148
46 56 0.191
46 58 0.18
46 62 0.17
46 65 0.176
46 67 0.129
46 70 0.232
46 71 0.161
46 72 0.133
46 74 0.142
47 66 0.966
47 60 0.109
47 48 0.231
47 51 0.12
47 63 0.084
47 64 0.135
47 69 0.337
47 50 0.16
47 53 0.151
47 55 0.153
47 56 0.158
47 57 0.168
47 58 0.165
47 61 0.14
47 65 0.125
47 68 0.124
47 70 0.098
47 73 0.121
48 69 0.249
48 54 0.207
48 62 0.092
48 70 0.295
48 53 0.213
48 55 0.168
48 59 0.198
48 63 0.139
48 65 0.147
48 66 0.118
48 67 0.159
48 68 0.117
48 71 0.196
48 72 0.106
48 74 0.156
49 64 0.764
49 50 0.993
49 74 0.651
49 72 0.66
49 51 0.132
49 52 0.175
49 58 0.135
49 60 0.133
49 61 0.199
49 63 0.231
49 65 0.154
49 66 0.138
49 70 0.148
49 73 0.123
50 64 0.975
50 53 0.134
50 65 0.199
50 70 0.173
50 71 0.203
50 74 0.223
50 55 0.156
50 61 0.144
50 67 0.146
50 72 0.102
50 73 0.151
51 73 0.879
51 74 0.569
51 54 0.101
51 61 0.119
51 64 0.315
51 65 0.131
51 57 0.155
51 59 0.139
51 60 0.19
51 62 0.128
51 63 0.116
51 67 0.196
51 69 0.143
51 71 0.16
52 62 0.364
52 61 0.178
52 65 0.12
52 67 0.074
52 66 0.079
52 69 0.275
52 70 0.11
52 74 0.065
52 54 0.168
52 55 0.123
52 56 0.166
52 58 0.134
52 60 0.172
52 68 0.176
52 73 0.183
53 73 0.743
53 71 0.745
53 61 0.181
53 69 0.278
53 56 0.207
53 57 0.194
53 58 0.124
53 64 0.154
53 74 0.156
54 73 1
54 59 0.758
54 58 0.396
54 60 0.254
54 72 0.33
54 57 0.137
54 62 0.099
54 64 0.131
54 66 0.138
54 69 0.151
54 71 0.129
55 65 0.984
55 70 0.819
55 63 0.701
55 61 0.545
55 62 0.299
55 71 0.053
55 74 0.146
55 56 0.123
55 57 0.165
55 58 0.193
55 59 0.109
55 60 0.126
55 68 0.134
55 72 0.098
56 64 0.615
56 69 0.99
56 65 0.17
56 70 0.349
56 57 0.173
56 59 0.152
56 62 0.199
56 63 0.119
56 68 0.106
56 71 0.171
56 72 0.199
57 59 0.754
57 61 0.143
57 68 0.058
57 71 0.149
57 74 0.04
57 64 0.13
57 65 0.145
57 67 0.179
57 72 0.182
58 59 0.39
58 60 0.245
58 64 0.206
58 67 0.242
58 70 0.156
58 72 0.122
58 73 0.142
59 60 0.761
59 72 0.766
59 69 0.189
59 61 0.165
59 62 0.166
59 63 0.124
59 64 0.178
59 65 0.17
59 67 0.116
59 70 0.188
59 73 0.127
59 74 0.159
60 71 0.87
60 68 0.715
60 61 0.742
60 73 0.047
60 74 0.001
60 70 0.038
60 72 0.043
60 63 0.134
60 64 0.12
60 65 0.138
60 69 0.109
61 64 1
61 74 0.811
61 63 0.864
61 72 0.078
61 66 0.284
61 67 0.172
61 73 0.014
61 65 0.174
61 69 0.133
62 67 0.748
62 64 0.122
62 68 0.195
62 69 0.163
62 70 0.189
62 72 0.207
63 68 0.149
63 73 0.171
63 64 0.155
63 69 0.101
63 74 0.202
64 74 0.912
64 65 0.293
64 66 0.221
64 69 0.162
64 70 0.156
64 73 0.186
65 74 0.001
65 66 0.126
65 67 0.133
65 69 0.157
65 72 0.123
66 73 0.11
66 70 0.209
66 71 0.173
67 68 0.215
67 70 0.202
67 71 0.125
67 72 0.074
67 73 0.14
67 74 0.101
68 73 0.132
68 69 0.146
68 71 0.16
69 73 0.589
69 72 0.122
70 74 0.956
70 72 0.21
70 73 0.152
71 73 0.161
72 73 0.149
72 74 0.176
73 74 0.702
