0 28 0.27
0 68 0.689
0 63 0.994
0 69 0.86
0 36 0.534
0 54 0.597
0 4 0.867
0 59 0.597
0 10 0.253
0 26 0.137
0 62 0.479
0 5 0.294
0 13 0.314
0 37 0.087
0 40 0.028
0 65 0.391
0 67 0.031
0 52 0.369
0 64 0.061
0 20 0.111
0 22 0.219
0 50 0.3
0 56 0.083
0 57 0.144
0 1 0.136
0 2 0.089
0 3 0.137
0 11 0.144
0 19 0.115
0 21 0.141
0 24 0.176
0 27 0.142
0 29 0.191
0 31 0.104
0 32 0.121
0 34 0.121
0 35 0.124
0 38 0.07
0 46 0.134
0 48 0.155
0 51 0.188
0 53 0.129
0 58 0.124
0 61 0.136
0 71 0.168
0 73 0.09
0 74 0.154
1 32 1
1 37 0.954
1 44 0.422
1 22 0.69
1 49 0.826
1 71 0.981
1 74 0.825
1 27 0.742
1 52 0.949
1 20 0.272
1 51 0.269
1 64 0.453
1 3 0.72
1 17 0.331
1 16 0.575
1 19 0.343
1 43 0.239
1 8 0.054
1 23 0.092
1 50 0.102
1 4 0.211
1 7 0.115
1 10 0.09
1 18 0.252
1 35 0.31
1 40 0.449
1 42 0.011
1 56 0.016
1 2 0.103
1 15 0.129
1 26 0.122
1 29 0.113
1 39 0.083
1 67 0.074
1 68 0.111
1 69 0.095
1 6 0.18
1 9 0.175
1 11 0.175
1 12 0.147
1 14 0.127
1 24 0.148
1 25 0.197
1 28 0.127
1 31 0.127
1 33 0.208
1 34 0.178
1 36 0.169
1 38 0.124
1 41 0.118
1 47 0.117
1 48 0.15
1 54 0.142
1 55 0.193
1 58 0.119
1 59 0.158
1 60 0.147
1 61 0.15
1 70 0.207
2 52 0.884
2 10 0.204
2 56 0.306
2 34 0.213
2 30 0.115
2 33 0.148
2 69 0.006
2 7 0.385
2 9 0.098
2 12 0.235
2 37 0.575
2 49 0.317
2 59 0.109
2 74 0.343
2 13 0.189
2 21 0.07
2 22 0.054
2 25 0.142
2 28 0.188
2 35 0.179
2 38 0.175
2 45 0.14
2 50 0.237
2 51 0.142
2 55 0.261
2 60 0.237
2 64 0.31
2 65 0.129
2 68 0.115
2 5 0.119
2 11 0.181
2 14 0.204
2 15 0.155
2 19 0.129
2 20 0.161
2 31 0.183
2 39 0.149
2 40 0.131
2 41 0.208
2 43 0.151
2 44 0.193
2 46 0.162
2 48 0.079
2 54 0.182
2 62 0.129
2 63 0.157
2 70 0.158
2 71 0.107
2 73 0.152
3 14 0.498
3 41 0.625
3 50 0.528
3 52 0.373
3 38 0.11
3 54 0.072
3 12 0.549
3 16 0.147
3 39 0.322
3 46 0.2
3 8 0.164
3 19 0.073
3 34 0.125
3 70 0.185
3 6 0.221
3 10 0.218
3 30 0.266
3 31 0.059
3 32 0.186
3 45 0.145
3 47 0.39
3 56 0.006
3 59 0.016
3 61 0.125
3 69 0.145
3 4 0.151
3 7 0.146
3 9 0.111
3 13 0.2
3 21 0.164
3 23 0.172
3 26 0.147
3 33 0.199
3 40 0.134
3 42 0.173
3 48 0.171
3 49 0.138
3 55 0.196
3 63 0.129
3 66 0.161
3 67 0.14
3 68 0.201
4 19 0.358
4 13 0.555
4 69 0.898
4 52 0.965
4 51 0.504
4 68 1
4 28 1
4 25 0.386
4 72 0.057
4 5 0.075
4 12 0.164
4 29 0.166
4 73 0.334
4 9 0.104
4 38 0.323
4 47 0.056
4 49 0.498
4 63 0.416
4 64 0.321
4 66 0.018
4 74 0.062
4 6 0.033
4 11 0.06
4 16 0.18
4 20 0.063
4 22 0.076
4 35 0.262
4 36 0.113
4 37 0.095
4 40 0.341
4 41 0.115
4 43 0.238
4 45 0.117
4 60 0.112
4 10 0.086
4 17 0.169
4 23 0.133
4 26 0.132
4 31 0.11
4 34 0.152
4 39 0.167
4 42 0.131
4 46 0.154
4 58 0.126
4 59 0.211
4 61 0.155
4 62 0.148
4 67 0.141
5 12 1
5 42 0.694
5 47 0.531
5 62 0.96
5 38 0.152
5 18 0.037
5 7 0.283
5 19 0.13
5 34 0.06
5 66 0.162
5 67 0.322
5 72 0.386
5 9 0.298
5 16 0.116
5 20 0.1
5 41 0.044
5 44 0.166
5 48 0.342
5 60 0.195
5 69 0.164
5 70 0.102
5 6 0.138
5 28 0.149
5 36 0.206
5 37 0.115
5 40 0.257
5 45 0.38
5 53 0.075
5 55 0.244
5 63 0.072
5 8 0.194
5 10 0.157
5 11 0.155
5 14 0.16
5 15 0.14
5 17 0.148
5 23 0.155
5 24 0.175
5 25 0.072
5 27 0.18
5 31 0.104
5 32 0.079
5 33 0.127
5 43 0.143
5 46 0.162
5 58 0.112
5 59 0.117
5 61 0.148
5 68 0.123
5 71 0.178
5 73 0.149
6 8 0.518
6 57 0.993
6 60 0.828
6 41 1
6 43 0.831
6 20 0.355
6 54 0.632
6 61 0.141
6 65 0.148
6 74 0.339
6 26 0.391
6 62 0.284
6 19 0.03
6 23 0.044
6 35 0.142
6 59 0.17
6 64 0.26
6 73 0.274
6 15 0.215
6 16 0.202
6 22 0.119
6 25 0.268
6 30 0.119
6 33 0.159
6 34 0.199
6 45 0.231
6 47 0.026
6 52 0.075
6 55 0.21
6 63 0.203
6 67 0.287
6 10 0.101
6 14 0.094
6 24 0.212
6 28 0.152
6 31 0.152
6 32 0.116
6 39 0.137
6 40 0.136
6 44 0.145
6 46 0.191
6 48 0.147
6 50 0.139
6 51 0.085
6 56 0.126
6 58 0.132
6 69 0.166
6 72 0.19
7 18 0.685
7 68 0.786
7 13 0.753
7 30 0.648
7 23 0.383
7 54 0.115
7 55 0.236
7 8 0.227
7 10 0.249
7 74 0.079
7 16 0.344
7 25 0.4
7 40 0.108
7 41 0.333
7 42 0.088
7 49 0.111
7 70 0.268
7 15 0.205
7 21 0.188
7 37 0.089
7 44 0.11
7 47 0.039
7 57 0.215
7 63 0.215
7 64 0.157
7 67 0.04
7 72 0.146
7 9 0.143
7 22 0.122
7 24 0.128
7 27 0.1
7 29 0.146
7 31 0.168
7 32 0.131
7 35 0.169
7 36 0.158
7 48 0.165
7 56 0.14
7 59 0.111
7 60 0.158
7 61 0.122
7 66 0.181
8 45 1
8 13 0.97
8 31 0.901
8 51 1
8 19 0.72
8 40 0.66
8 33 0.578
8 46 0.105
8 52 0.368
8 53 0.13
8 27 0.037
8 62 0.162
8 22 0.25
8 25 0.236
8 42 0.242
8 54 0.151
8 60 0.388
8 70 0.103
8 10 0.131
8 12 0.369
8 14 0.047
8 21 0.123
8 29 0.263
8 39 0.263
8 48 0.17
8 58 0.134
8 74 0.442
8 9 0.161
8 16 0.12
8 17 0.161
8 18 0.135
8 20 0.184
8 23 0.138
8 24 0.119
8 28 0.119
8 30 0.143
8 35 0.139
8 37 0.096
8 43 0.148
8 47 0.089
8 56 0.143
8 57 0.153
8 61 0.206
8 63 0.218
8 66 0.181
8 71 0.146
8 73 0.118
9 27 0.956
9 60 0.865
9 57 0.411
9 42 0.488
9 61 0.34
9 48 0.469
9 10 0.032
9 14 0.283
9 51 0.248
9 67 0.567
9 30 0.14
9 32 0.395
9 34 0.226
9 39 0.203
9 50 0.134
9 62 0.117
9 11 0.208
9 12 0.219
9 19 0.416
9 24 0.342
9 31 0.326
9 35 0.162
9 37 0.304
9 38 0.028
9 41 0.253
9 45 0.214
9 65 0.215
9 66 0.162
9 68 0.334
9 13 0.141
9 20 0.097
9 23 0.208
9 28 0.156
9 29 0.123
9 40 0.103
9 43 0.175
9 46 0.127
9 52 0.135
9 53 0.131
9 56 0.151
10 13 0.904
10 30 0.772
10 53 0.698
10 74 0.606
10 21 0.789
10 23 0.246
10 54 0.066
10 15 0.059
10 40 0.109
10 50 0.129
10 52 0.402
10 57 0.092
10 22 0.075
10 28 0.202
10 49 0.266
10 58 0.532
10 60 0.43
10 63 0.27
10 65 0.119
10 11 0.246
10 16 0.132
10 17 0.211
10 27 0.127
10 31 0.144
10 32 0.276
10 33 0.086
10 35 0.156
10 36 0.144
10 38 0.211
10 45 0.19
10 48 0.12
10 55 0.143
10 56 0.131
10 62 0.194
10 71 0.231
10 73 0.023
10 19 0.159
10 25 0.183
10 29 0.173
10 42 0.11
10 46 0.129
10 51 0.177
10 64 0.163
10 68 0.16
10 69 0.123
11 30 0.73
11 36 0.601
11 43 0.962
11 22 0.822
11 18 0.154
11 59 0.069
11 41 0.514
11 19 0.144
11 60 0.72
11 68 0.129
11 74 0.305
11 17 0.047
11 48 0.244
11 64 0.346
11 25 0.135
11 29 0.336
11 47 0.097
11 55 0.055
11 56 0.321
11 62 0.2
11 14 0.013
11 24 0.16
11 31 0.189
11 33 0.124
11 34 0.164
11 39 0.124
11 46 0.241
11 61 0.254
11 67 0.162
11 73 0.039
11 15 0.144
11 16 0.205
11 23 0.16
11 28 0.103
11 35 0.166
11 40 0.163
11 42 0.185
11 44 0.215
11 45 0.16
11 66 0.093
11 70 0.163
11 71 0.166
12 60 0.877
12 20 1
12 22 0.613
12 26 0.2
12 69 0.696
12 34 0.527
12 49 0.173
12 52 0.407
12 57 0.439
12 35 0.103
12 53 0.298
12 66 0.217
12 14 0.113
12 23 0.101
12 33 0.274
12 37 0.173
12 46 0.403
12 47 0.036
12 58 0.108
12 62 0.204
12 73 0.283
12 13 0.117
12 15 0.163
12 16 0.187
12 17 0.164
12 21 0.11
12 27 0.1
12 29 0.198
12 30 0.182
12 31 0.07
12 36 0.186
12 41 0.178
12 43 0.165
12 45 0.132
12 50 0.167
12 51 0.165
12 56 0.171
12 63 0.183
12 64 0.121
12 65 0.14
12 71 0.208
12 74 0.151
13 27 0.721
13 74 0.895
13 63 0.637
13 15 0.454
13 20 0.421
13 52 0.733
13 55 0.002
13 33 0.334
13 64 0.243
13 65 0.072
13 23 0.222
13 32 0.131
13 46 0.238
13 59 0.159
13 68 0.138
13 73 0.144
13 17 0.051
13 21 0.288
13 22 0.178
13 34 0.078
13 39 0.169
13 42 0.067
13 45 0.276
13 47 0.101
13 53 0.146
13 56 0.147
13 14 0.172
13 19 0.101
13 25 0.176
13 28 0.126
13 29 0.16
13 37 0.183
13 41 0.157
13 43 0.14
13 51 0.12
13 57 0.167
13 62 0.154
13 69 0.108
13 72 0.157
14 70 0.987
14 25 0.978
14 42 0.24
14 45 0.774
14 28 0.855
14 55 0.506
14 53 0.543
14 65 0.347
14 67 0.148
14 43 0.203
14 36 0.402
14 38 0.149
14 62 0.204
14 15 0.282
14 17 0.081
14 47 0.195
14 69 0.158
14 71 0.177
14 74 0.153
14 23 0.189
14 29 0.046
14 34 0.189
14 35 0.202
14 40 0.232
14 41 0.068
14 46 0.298
14 52 0.148
14 56 0.137
14 59 0.233
14 63 0.086
14 73 0.159
14 16 0.143
14 18 0.209
14 19 0.149
14 20 0.157
14 24 0.07
14 26 0.149
14 30 0.172
14 33 0.135
14 39 0.143
14 44 0.19
14 48 0.171
14 49 0.189
14 51 0.14
14 54 0.101
14 57 0.175
14 58 0.101
14 60 0.107
15 31 0.944
15 74 0.705
15 69 0.815
15 62 0.653
15 19 0.106
15 42 0.17
15 16 0.02
15 61 0.346
15 36 0.345
15 47 0.727
15 26 0.299
15 39 0.085
15 49 0.172
15 52 0.232
15 66 0.206
15 21 0.161
15 23 0.225
15 24 0.135
15 33 0.215
15 48 0.032
15 51 0.211
15 64 0.12
15 71 0.094
15 17 0.106
15 18 0.092
15 20 0.122
15 27 0.144
15 29 0.176
15 30 0.198
15 32 0.193
15 34 0.173
15 35 0.155
15 37 0.119
15 38 0.109
15 40 0.121
15 41 0.149
15 44 0.113
15 55 0.097
15 57 0.154
15 65 0.095
15 70 0.209
15 73 0.156
16 24 1
16 45 0.56
16 54 0.202
16 60 0.004
16 70 0.41
16 20 0.55
16 56 0.321
16 17 0.167
16 27 0.157
16 59 0.34
16 34 0.324
16 36 0.092
16 39 0.097
16 47 0.291
16 51 0.192
16 62 0.189
16 66 0.046
16 71 0.045
16 28 0.407
16 35 0.152
16 40 0.114
16 58 0.111
16 64 0.033
16 74 0.216
16 18 0.183
16 21 0.15
16 26 0.155
16 29 0.164
16 32 0.119
16 44 0.172
16 53 0.17
16 55 0.193
16 57 0.123
16 67 0.135
16 68 0.185
16 73 0.145
17 38 0.707
17 67 0.746
17 62 0.33
17 42 0.262
17 31 0.132
17 28 0.16
17 18 0.171
17 21 0.191
17 26 0.221
17 44 0.126
17 45 0.271
17 47 0.161
17 48 0.152
17 51 0.175
17 53 0.054
17 57 0.206
17 69 0.071
17 73 0.121
17 19 0.186
17 20 0.144
17 22 0.188
17 25 0.165
17 27 0.12
17 29 0.17
17 33 0.16
17 34 0.122
17 35 0.108
17 36 0.167
17 40 0.186
17 41 0.119
17 52 0.144
17 59 0.167
17 61 0.173
17 64 0.16
17 66 0.185
17 70 0.176
17 74 0.139
18 24 0.659
18 27 0.425
18 22 0.122
18 31 0.146
18 39 0.41
18 48 0.13
18 51 0.042
18 21 0.034
18 25 0.032
18 29 0.293
18 30 0.111
18 63 0.377
18 67 0.018
18 72 0.093
18 23 0.22
18 35 0.16
18 40 0.232
18 46 0.302
18 47 0.214
18 50 0.08
18 55 0.022
18 60 0.192
18 64 0.252
18 66 0.406
18 69 0.254
18 20 0.1
18 26 0.22
18 32 0.104
18 36 0.104
18 37 0.137
18 41 0.173
18 42 0.125
18 43 0.151
18 44 0.159
18 49 0.16
18 52 0.168
18 54 0.11
18 56 0.135
18 57 0.145
18 58 0.127
18 59 0.158
18 65 0.157
18 68 0.149
19 48 0.604
19 65 0.899
19 34 0.982
19 45 0.93
19 44 0.595
19 46 0.491
19 59 0.095
19 24 0.216
19 29 0.183
19 37 0.315
19 30 0.021
19 38 0.085
19 52 0.066
19 57 0.127
19 64 0.219
19 21 0.192
19 25 0.247
19 31 0.175
19 32 0.135
19 36 0.088
19 41 0.243
19 43 0.271
19 53 0.214
19 56 0.085
19 66 0.102
19 67 0.016
19 70 0.202
19 23 0.165
19 33 0.181
19 40 0.088
19 49 0.117
19 58 0.12
19 60 0.182
19 61 0.146
19 71 0.176
19 72 0.131
19 73 0.135
20 70 0.705
20 23 0.882
20 64 0.963
20 57 0.948
20 35 0.893
20 28 0.617
20 38 0.377
20 33 0.221
20 49 0.203
20 55 0.527
20 24 0.074
20 27 0.384
20 44 0.346
20 69 0.2
20 22 0.382
20 30 0.206
20 31 0.215
20 21 0.139
20 26 0.15
20 34 0.07
20 36 0.322
20 46 0.235
20 47 0.207
20 48 0.181
20 51 0.191
20 58 0.092
20 60 0.213
20 71 0.335
20 72 0.137
20 25 0.186
20 29 0.159
20 42 0.058
20 43 0.184
20 45 0.157
20 68 0.193
20 73 0.155
21 29 0.61
21 43 0.881
21 55 0.876
21 44 0.85
21 32 0.096
21 38 0.145
21 52 0.329
21 56 0.229
21 26 0.073
21 49 0.067
21 53 0.04
21 24 0.1
21 28 0.141
21 41 0.194
21 46 0.1
21 47 0.245
21 51 0.189
21 54 0.211
21 57 0.276
21 58 0.044
21 72 0.066
21 74 0.135
21 23 0.186
21 25 0.111
21 31 0.146
21 34 0.139
21 35 0.143
21 36 0.112
21 37 0.179
21 39 0.168
21 40 0.103
21 50 0.169
21 59 0.165
21 60 0.137
21 61 0.172
21 63 0.137
21 65 0.162
21 66 0.15
21 67 0.167
21 68 0.196
21 73 0.167
22 39 0.55
22 28 0.317
22 46 0.586
22 48 0.268
22 51 0.364
22 70 0.347
22 71 0.401
22 43 0.505
22 49 0.085
22 37 0.143
22 41 0.053
22 64 0.094
22 65 0.227
22 66 0.186
22 26 0.125
22 36 0.037
22 40 0.152
22 42 0.139
22 54 0.002
22 68 0.165
22 23 0.184
22 29 0.146
22 30 0.133
22 33 0.172
22 38 0.09
22 53 0.14
22 55 0.169
22 58 0.16
22 59 0.094
22 60 0.188
22 62 0.112
22 67 0.201
23 63 0.737
23 45 0.791
23 41 0.67
23 69 0.634
23 47 0.767
23 42 0.018
23 59 0.427
23 61 0.114
23 26 0.331
23 34 0.005
23 44 0.248
23 46 0.254
23 58 0.14
23 66 0.034
23 67 0.151
23 68 0.053
23 29 0.047
23 30 0.131
23 36 0.134
23 71 0.145
23 72 0.086
23 73 0.088
23 25 0.107
23 28 0.122
23 32 0.185
23 33 0.12
23 37 0.167
23 38 0.161
23 40 0.14
23 43 0.115
23 50 0.186
23 54 0.201
23 55 0.215
23 65 0.127
23 70 0.183
23 74 0.097
24 52 0.563
24 58 1
24 37 0.701
24 63 0.306
24 43 0.233
24 51 0.158
24 31 0.1
24 50 0.236
24 56 0.219
24 29 0.099
24 46 0.006
24 45 0.13
24 49 0.143
24 55 0.112
24 57 0.121
24 59 0.185
24 61 0.297
24 65 0.145
24 67 0.156
24 70 0.172
24 25 0.125
24 26 0.113
24 28 0.161
24 34 0.108
24 36 0.183
24 40 0.141
24 44 0.142
24 48 0.131
24 60 0.114
24 62 0.121
24 64 0.09
24 66 0.208
24 68 0.189
24 72 0.126
24 73 0.119
24 74 0.153
25 46 0.855
25 69 0.911
25 72 0.858
25 43 0.771
25 60 0.795
25 59 0.69
25 57 0.73
25 34 0.828
25 27 0.018
25 41 0.21
25 65 0.064
25 32 0.376
25 48 0.462
25 51 0.01
25 31 0.063
25 45 0.127
25 70 0.348
25 71 0.14
25 26 0.198
25 35 0.259
25 36 0.18
25 38 0.314
25 50 0.095
25 52 0.114
25 68 0.274
25 73 0.215
25 28 0.098
25 30 0.19
25 33 0.121
25 39 0.194
25 44 0.156
25 61 0.162
25 62 0.16
25 64 0.143
25 67 0.173
25 74 0.191
26 59 0.763
26 47 1
26 74 0.843
26 42 0.852
26 69 0.5
26 53 0.127
26 28 0.582
26 46 0.432
26 71 0.175
26 51 0.139
26 73 0.205
26 35 0.158
26 36 0.158
26 52 0.095
26 54 0.101
26 55 0.121
26 56 0.012
26 58 0.209
26 60 0.176
26 62 0.175
26 67 0.279
26 70 0.163
26 27 0.18
26 31 0.143
26 34 0.172
26 37 0.166
26 38 0.163
26 40 0.164
26 45 0.188
26 48 0.174
26 49 0.162
26 64 0.136
26 65 0.156
26 72 0.126
27 61 1
27 62 0.769
27 42 0.958
27 57 0.209
27 47 0.174
27 74 0.07
27 45 0.131
27 55 0.076
27 68 0.085
27 40 0.074
27 52 0.303
27 69 0.282
27 32 0.249
27 34 0.171
27 35 0.142
27 36 0.151
27 41 0.061
27 43 0.116
27 73 0.074
27 28 0.093
27 44 0.12
27 46 0.117
27 49 0.141
27 51 0.117
27 59 0.193
27 67 0.147
27 71 0.162
27 72 0.179
28 67 0.684
28 30 0.749
28 34 0.276
28 37 0.261
28 63 0.272
28 42 0.287
28 70 0.312
28 31 0.345
28 51 0.385
28 35 0.106
28 41 0.41
28 69 0.168
28 43 0.044
28 55 0.294
28 56 0.18
28 66 0.106
28 29 0.188
28 36 0.209
28 38 0.125
28 39 0.126
28 40 0.133
28 48 0.19
28 49 0.115
28 50 0.139
28 52 0.171
28 58 0.131
28 60 0.129
28 62 0.169
28 73 0.175
28 74 0.122
29 44 0.505
29 45 1
29 49 0.86
29 69 0.679
29 34 0.967
29 32 0.665
29 35 0.763
29 39 0.744
29 37 0.182
29 40 0.573
29 51 0.371
29 58 0.169
29 53 0.239
29 30 0.067
29 41 0.23
29 54 0.108
29 59 0.18
29 31 0.178
29 36 0.119
29 46 0.121
29 50 0.152
29 55 0.139
29 57 0.154
29 62 0.151
29 67 0.173
29 68 0.114
29 74 0.209
30 66 0.656
30 63 0.551
30 57 0.08
30 53 0.623
30 39 0.347
30 55 0.511
30 44 0.43
30 58 0.296
30 37 0.013
30 46 0.022
30 49 0.248
30 69 0.309
30 32 0.008
30 33 0.286
30 41 0.041
30 45 0.062
30 54 0.271
30 36 0.114
30 43 0.126
30 56 0.188
30 60 0.275
30 62 0.034
30 68 0.076
30 74 0.159
30 31 0.134
30 34 0.144
30 35 0.175
30 40 0.127
30 47 0.117
30 48 0.132
30 50 0.129
30 59 0.112
30 65 0.108
30 67 0.14
30 70 0.128
30 71 0.197
30 72 0.142
31 36 0.812
31 51 0.827
31 70 0.57
31 68 0.558
31 32 0.054
31 50 0.064
31 58 0.158
31 34 0.249
31 38 0.28
31 40 0.124
31 44 0.022
31 39 0.154
31 41 0.183
31 46 0.094
31 52 0.204
31 60 0.244
31 61 0.217
31 63 0.135
31 64 0.026
31 74 0.093
31 33 0.149
31 35 0.143
31 45 0.206
31 49 0.137
31 54 0.141
31 55 0.082
31 59 0.109
31 62 0.125
31 67 0.157
31 71 0.134
31 72 0.147
31 73 0.136
32 65 0.579
32 59 0.124
32 62 0.059
32 64 0.37
32 35 0.406
32 37 0.118
32 44 0.297
32 53 0.054
32 68 0.299
32 71 0.088
32 49 0.165
32 55 0.05
32 57 0.239
32 34 0.101
32 42 0.146
32 48 0.157
32 51 0.144
32 52 0.097
32 54 0.196
32 58 0.158
32 60 0.167
32 66 0.125
32 67 0.142
32 69 0.121
33 68 0.704
33 60 0.887
33 38 0.889
33 43 0.948
33 34 0.089
33 40 0.239
33 46 0.119
33 51 0.015
33 52 0.439
33 37 0.259
33 48 0.056
33 54 0.194
33 61 0.045
33 67 0.132
33 70 0.001
33 72 0.167
33 44 0.048
33 47 0.38
33 53 0.306
33 56 0.291
33 57 0.095
33 58 0.292
33 59 0.286
33 66 0.141
33 69 0.179
33 49 0.127
33 50 0.14
33 55 0.227
33 64 0.153
34 55 0.741
34 54 0.917
34 43 0.528
34 41 0.693
34 66 0.1
34 73 0.37
34 42 0.219
34 72 0.34
34 62 0.111
34 64 0.129
34 44 0.21
34 48 0.156
34 69 0.196
34 35 0.125
34 36 0.122
34 39 0.182
34 45 0.103
34 47 0.135
34 49 0.139
34 50 0.136
34 52 0.15
34 53 0.15
34 56 0.222
34 57 0.167
34 58 0.131
34 60 0.162
34 63 0.125
34 67 0.135
34 68 0.181
34 70 0.207
34 74 0.185
35 51 1
35 44 0.292
35 57 0.17
35 70 0.087
35 55 0.069
35 38 0.474
35 59 0.256
35 41 0.071
35 46 0.22
35 58 0.088
35 61 0.119
35 37 0.008
35 40 0.111
35 42 0.274
35 50 0.132
35 60 0.219
35 74 0.231
35 36 0.192
35 45 0.128
35 52 0.155
35 53 0.168
35 54 0.156
35 64 0.132
35 65 0.166
35 68 0.144
35 69 0.149
35 71 0.185
36 40 0.43
36 45 0.498
36 53 0.892
36 60 0.542
36 66 0.246
36 63 0.394
36 73 0.145
36 49 0.476
36 70 0.136
36 50 0.177
36 55 0.094
36 48 0.374
36 54 0.233
36 59 0.261
36 62 0.259
36 67 0.191
36 68 0.184
36 69 0.236
36 37 0.124
36 41 0.164
36 43 0.203
36 46 0.163
36 57 0.108
36 61 0.135
36 64 0.196
36 65 0.126
36 71 0.144
36 74 0.194
37 65 1
37 71 0.791
37 39 0.279
37 50 0.457
37 66 0.287
37 73 0.212
37 67 0.325
37 55 0.038
37 61 0.198
37 41 0.144
37 42 0.197
37 51 0.144
37 52 0.062
37 56 0.237
37 62 0.183
37 38 0.168
37 43 0.094
37 46 0.117
37 54 0.162
37 57 0.135
37 58 0.087
37 59 0.096
37 64 0.134
37 68 0.166
37 70 0.138
38 53 1
38 73 0.684
38 47 0.325
38 44 0.549
38 48 0.042
38 52 0.164
38 61 0.352
38 67 0.191
38 49 0.282
38 51 0.309
38 54 0.241
38 62 0.163
38 63 0.196
38 71 0.025
38 39 0.198
38 46 0.111
38 50 0.108
38 55 0.194
38 57 0.174
38 58 0.131
38 59 0.144
38 60 0.135
38 64 0.156
38 66 0.187
38 69 0.207
39 45 0.941
39 70 0.734
39 42 0.669
39 73 0.826
39 40 0.339
39 49 0.131
39 50 0.098
39 51 0.232
39 41 0.103
39 64 0.326
39 65 0.469
39 44 0.151
39 48 0.393
39 52 0.17
39 53 0.192
39 54 0.245
39 57 0.105
39 68 0.167
39 69 0.285
39 72 0.294
39 74 0.349
39 43 0.167
39 55 0.163
39 56 0.136
39 60 0.118
39 61 0.174
39 62 0.198
39 63 0.209
40 46 0.676
40 67 0.42
40 58 0.215
40 52 0.522
40 59 0.429
40 43 0.063
40 57 0.463
40 62 0.053
40 41 0.289
40 54 0.031
40 61 0.316
40 69 0.148
40 44 0.136
40 50 0.185
40 66 0.268
40 68 0.325
40 42 0.134
40 47 0.211
40 48 0.184
40 53 0.183
40 63 0.16
40 71 0.195
40 72 0.123
40 73 0.139
41 45 0.103
41 66 0.535
41 69 0.114
41 72 0.222
41 47 0.104
41 51 0.232
41 58 0.052
41 61 0.296
41 63 0.27
41 71 0.071
41 50 0.108
41 53 0.268
41 57 0.015
41 62 0.197
41 64 0.192
41 67 0.168
41 43 0.164
41 49 0.17
41 56 0.16
41 65 0.183
41 70 0.084
41 73 0.18
41 74 0.144
42 62 0.228
42 50 0.623
42 65 0.181
42 47 0.083
42 55 0.216
42 45 0.061
42 52 0.027
42 58 0.176
42 59 0.11
42 64 0.199
42 71 0.191
42 43 0.09
42 48 0.181
42 49 0.096
42 56 0.189
42 57 0.122
42 66 0.109
42 67 0.159
42 68 0.177
42 69 0.14
42 70 0.158
43 56 0.114
43 46 0.108
43 68 0.2
43 70 0.466
43 47 0.151
43 61 0.48
43 63 0.147
43 73 0.399
43 52 0.217
43 57 0.107
43 44 0.235
43 51 0.065
43 53 0.415
43 66 0.191
43 72 0.203
43 74 0.079
43 48 0.14
43 49 0.134
43 54 0.117
43 69 0.174
43 71 0.158
44 62 0.718
44 50 0.736
44 71 1
44 57 0.648
44 64 0.217
44 70 0.219
44 72 0.328
44 45 0.201
44 46 0.333
44 53 0.193
44 66 0.412
44 68 0.104
44 47 0.184
44 48 0.125
44 54 0.067
44 55 0.208
44 56 0.148
44 67 0.185
44 74 0.182
45 68 1
45 52 0.325
45 56 0.361
45 57 0.24
45 62 0.272
45 55 0.394
45 66 0.049
45 67 0.29
45 69 0.192
45 71 0.073
45 74 0.075
45 49 0.155
45 54 0.119
45 60 0.054
45 63 0.179
45 50 0.178
45 51 0.108
45 53 0.114
45 59 0.147
45 70 0.111
46 58 0.757
46 68 0.302
46 53 0.041
46 73 0.26
46 60 0.428
46 51 0.342
46 57 0.165
46 69 0.354
46 70 0.128
46 48 0.295
46 54 0.292
46 62 0.271
46 63 0.056
46 74 0.202
46 50 0.165
46 56 0.181
46 59 0.181
46 61 0.12
46 66 0.148
46 67 0.184
46 71 0.157
47 62 0.68
47 48 0.436
47 73 0.57
47 55 0.322
47 64 0.015
47 67 0.148
47 68 0.09
47 70 0.138
47 74 0.175
47 49 0.183
47 51 0.135
47 52 0.104
47 56 0.168
47 60 0.179
47 65 0.151
47 66 0.18
47 69 0.194
47 71 0.173
48 57 0.582
48 70 0.852
48 52 0.527
48 65 0.07
48 62 0.337
48 58 0.243
48 63 0.269
48 67 0.178
48 53 0.138
48 59 0.104
48 61 0.144
48 49 0.101
48 50 0.183
48 54 0.138
48 66 0.184
48 72 0.173
48 73 0.164
49 63 0.796
49 60 0.683
49 61 0.128
49 72 0.171
49 55 0.111
49 66 0.182
49 64 0.01
49 74 0.303
49 50 0.129
49 52 0.14
49 58 0.149
49 65 0.102
49 67 0.148
49 69 0.167
49 73 0.178
50 62 0.462
50 63 0.442
50 69 0.132
50 66 0.239
50 51 0.121
50 59 0.373
50 61 0.151
50 65 0.038
50 68 0.174
50 71 0.089
50 55 0.202
50 56 0.172
50 57 0.197
50 58 0.18
50 64 0.139
50 70 0.142
51 61 0.849
51 72 0.036
51 59 0.283
51 57 0.115
51 71 0.106
51 63 0.041
51 65 0.218
51 66 0.05
51 70 0.132
51 52 0.125
51 54 0.215
51 62 0.097
51 67 0.106
51 68 0.145
52 61 1
52 68 0.952
52 72 1
52 54 0.708
52 56 0.141
52 63 0.323
52 62 0.137
52 55 0.208
52 57 0.295
52 69 0.153
52 53 0.159
52 58 0.2
52 65 0.181
52 66 0.116
52 67 0.178
52 71 0.191
52 74 0.113
53 57 0.949
53 67 0.299
53 59 0.615
53 63 0.106
53 71 0.313
53 72 0.466
53 58 0.058
53 69 0.103
53 73 0.015
53 66 0.27
53 68 0.358
53 60 0.174
53 62 0.265
53 65 0.23
53 55 0.152
53 61 0.148
53 64 0.194
53 70 0.116
54 63 0.262
54 72 0.45
54 57 0.066
54 60 0.095
54 59 0.176
54 62 0.103
54 64 0.267
54 66 0.116
54 69 0.119
54 61 0.184
54 67 0.165
54 70 0.169
54 71 0.157
54 73 0.165
54 74 0.151
55 61 1
55 62 0.253
55 64 0.074
55 56 0.315
55 70 0.219
55 57 0.114
55 59 0.136
55 68 0.169
55 69 0.079
55 73 0.173
55 74 0.107
56 67 0.32
56 59 0.119
56 65 0.222
56 71 0.157
56 72 0.571
56 63 0.206
56 73 0.173
56 64 0.263
56 70 0.14
56 60 0.14
56 61 0.19
56 62 0.206
56 69 0.148
56 74 0.133
57 62 0.755
57 74 1
57 71 0.795
57 65 0.282
57 58 0.157
57 59 0.153
57 60 0.189
57 61 0.148
57 63 0.137
57 64 0.159
57 66 0.154
57 70 0.151
57 73 0.106
58 73 1
58 72 0.061
58 74 0.446
58 59 0.128
58 68 0.018
58 67 0.301
58 69 0.058
58 70 0.061
58 61 0.137
58 62 0.187
58 63 0.14
58 64 0.147
58 65 0.142
58 71 0.134
59 68 0.073
59 61 0.169
59 60 0.274
59 64 0.189
59 65 0.278
59 62 0.128
59 63 0.2
59 70 0.146
59 73 0.173
59 74 0.117
60 65 0.195
60 67 0.293
60 74 0.154
60 61 0.226
60 68 0.183
60 62 0.138
60 71 0.189
60 73 0.272
60 63 0.154
60 64 0.091
60 69 0.134
61 68 0.303
61 71 0.107
61 73 0.266
61 62 0.132
61 63 0.176
61 64 0.17
61 69 0.119
61 70 0.182
61 74 0.172
62 69 0.124
62 64 0.125
62 65 0.136
62 73 0.094
62 66 0.19
62 67 0.211
62 72 0.133
63 71 0.283
63 68 0.1
63 65 0.034
63 66 0.259
63 73 0.196
63 69 0.128
63 70 0.131
64 74 0.912
64 73 0.253
64 65 0.151
64 66 0.15
64 67 0.136
64 69 0.176
64 70 0.166
64 72 0.132
65 68 0.198
65 67 0.184
65 70 0.177
65 69 0.124
65 71 0.147
65 72 0.145
66 73 0.276
66 70 0.508
66 71 0.41
66 74 0.136
67 71 0.328
67 73 0.183
67 68 0.164
67 72 0.094
67 70 0.148
68 72 0.865
68 70 0.114
68 73 0.076
68 69 0.075
68 74 0.156
69 70 0.553
69 71 0.227
69 72 0.33
69 74 0.134
70 71 0.267
70 72 0.122
70 73 0.129
70 74 0.165
71 73 0.109
71 74 0.175
72 73 0.179
72 74 0.135
73 74 0.278
