0 68 0.74
0 63 0.997
0 69 0.781
0 36 0.469
0 4 1
0 62 0.895
0 5 0.987
0 50 0.901
0 40 0.111
0 72 0.144
0 15 0.151
0 20 0.319
0 39 0.159
0 42 0.34
0 16 0.087
0 21 0.036
0 30 0.203
0 47 0.008
0 13 0.128
0 26 0.325
0 41 0.25
0 46 0.071
0 6 0.161
0 7 0.192
0 10 0.209
0 11 0.257
0 14 0.088
0 18 0.132
0 48 0.129
0 66 0.04
0 74 0.108
0 8 0.126
0 17 0.131
0 19 0.183
0 22 0.11
0 23 0.139
0 24 0.185
0 27 0.103
0 28 0.166
0 29 0.136
0 35 0.183
0 38 0.201
0 43 0.129
0 44 0.147
0 51 0.175
0 52 0.169
0 53 0.118
0 54 0.124
0 57 0.207
0 58 0.158
0 60 0.123
0 67 0.113
0 71 0.163
1 37 0.524
1 49 0.426
1 71 0.938
1 52 0.942
1 64 0.912
1 3 0.898
1 40 0.722
1 5 0.463
1 8 0.803
1 26 0.13
1 9 0.181
1 69 0.437
1 70 0.203
1 4 0.429
1 6 0.19
1 16 0.189
1 33 0.106
1 41 0.079
1 60 0.325
1 11 0.207
1 14 0.061
1 17 0.107
1 20 0.167
1 25 0.104
1 28 0.174
1 34 0.07
1 45 0.111
1 50 0.057
1 57 0.161
1 58 0.084
1 65 0.369
1 68 0.173
1 2 0.133
1 10 0.187
1 12 0.118
1 13 0.147
1 15 0.11
1 18 0.095
1 19 0.143
1 27 0.163
1 29 0.133
1 31 0.083
1 32 0.182
1 35 0.149
1 36 0.153
1 39 0.133
1 42 0.19
1 46 0.143
1 48 0.18
1 53 0.16
1 55 0.133
1 63 0.145
1 66 0.177
2 52 1
2 11 0.065
2 14 0.399
2 32 0.319
2 20 0.107
2 24 0.266
2 30 0.319
2 35 0.19
2 9 0.13
2 12 0.104
2 42 0.114
2 49 0.253
2 50 0.124
2 70 0.342
2 15 0.218
2 41 0.066
2 43 0.054
2 45 0.072
2 47 0.042
2 53 0.046
2 62 0.182
2 69 0.098
2 71 0.249
2 72 0.093
2 73 0.195
2 4 0.142
2 10 0.123
2 13 0.15
2 16 0.186
2 17 0.141
2 18 0.217
2 19 0.196
2 21 0.148
2 26 0.167
2 27 0.128
2 28 0.155
2 29 0.096
2 36 0.145
2 37 0.15
2 38 0.118
2 48 0.172
2 51 0.148
2 55 0.099
2 56 0.134
2 57 0.143
2 60 0.181
2 64 0.133
2 65 0.155
2 74 0.13
3 41 0.3
3 59 0.466
3 72 0.113
3 14 0.071
3 71 0.583
3 19 0.358
3 25 0.203
3 31 0.339
3 50 0.159
3 69 0.256
3 8 0.313
3 13 0.239
3 20 0.135
3 21 0.34
3 29 0.509
3 49 0.221
3 51 0.159
3 55 0.036
3 57 0.117
3 16 0.213
3 23 0.099
3 28 0.215
3 30 0.117
3 37 0.086
3 38 0.088
3 47 0.115
3 52 0.208
3 53 0.183
3 60 0.286
3 5 0.148
3 6 0.157
3 7 0.158
3 11 0.152
3 15 0.107
3 17 0.154
3 18 0.19
3 32 0.139
3 33 0.165
3 34 0.148
3 40 0.162
3 43 0.102
3 54 0.158
3 58 0.144
3 61 0.193
3 64 0.095
3 65 0.119
3 67 0.155
3 74 0.17
4 13 0.879
4 69 0.869
4 52 0.83
4 68 0.388
4 28 0.784
4 38 0.613
4 49 0.636
4 40 0.722
4 18 0.72
4 11 0.221
4 48 0.224
4 8 0.243
4 9 0.184
4 36 0.126
4 41 0.136
4 60 0.153
4 62 0.182
4 70 0.531
4 10 0.219
4 14 0.246
4 31 0.219
4 34 0.316
4 61 0.252
4 63 0.028
4 74 0.163
4 7 0.063
4 16 0.279
4 25 0.11
4 29 0.098
4 33 0.109
4 42 0.007
4 51 0.054
4 53 0.126
4 58 0.325
4 71 0.259
4 5 0.14
4 6 0.12
4 12 0.162
4 19 0.159
4 22 0.194
4 23 0.104
4 24 0.141
4 27 0.07
4 32 0.146
4 43 0.188
4 46 0.12
4 50 0.183
4 55 0.178
4 59 0.108
4 65 0.115
4 66 0.161
4 67 0.176
5 12 0.905
5 62 0.993
5 40 0.834
5 71 0.642
5 63 0.659
5 56 0.685
5 74 0.297
5 6 0.351
5 59 0.032
5 68 0.227
5 18 0.325
5 42 0.021
5 48 0.215
5 55 0.113
5 73 0.264
5 7 0.202
5 16 0.092
5 20 0.146
5 27 0.239
5 28 0.245
5 33 0.076
5 34 0.079
5 37 0.002
5 43 0.404
5 60 0.254
5 72 0.014
5 8 0.114
5 14 0.125
5 17 0.16
5 21 0.142
5 22 0.165
5 23 0.179
5 24 0.153
5 26 0.158
5 30 0.148
5 32 0.135
5 39 0.15
5 44 0.15
5 51 0.086
5 53 0.163
5 54 0.159
5 58 0.161
5 65 0.115
5 70 0.199
6 57 0.816
6 60 0.95
6 41 0.536
6 43 0.554
6 56 0.256
6 44 0.75
6 14 0.063
6 63 0.37
6 11 0.348
6 36 0.276
6 47 0.43
6 68 0.462
6 25 0.058
6 49 0.081
6 70 0.052
6 13 0.195
6 18 0.445
6 37 0.317
6 48 0.057
6 7 0.067
6 15 0.159
6 24 0.265
6 30 0.148
6 33 0.223
6 40 0.065
6 45 0.237
6 53 0.228
6 59 0.16
6 65 0.161
6 71 0.01
6 72 0.204
6 9 0.126
6 10 0.114
6 19 0.202
6 20 0.146
6 22 0.168
6 29 0.119
6 39 0.189
6 42 0.144
6 46 0.15
6 50 0.173
6 54 0.12
6 61 0.164
6 62 0.156
6 74 0.161
7 68 0.413
7 13 0.646
7 30 0.715
7 54 0.645
7 56 0.117
7 65 0.566
7 15 0.345
7 18 0.321
7 58 0.069
7 67 0.376
7 39 0.277
7 33 0.121
7 19 0.222
7 42 0.243
7 44 0.181
7 53 0.087
7 61 0.439
7 66 0.4
7 69 0.152
7 9 0.159
7 16 0.064
7 29 0.099
7 40 0.145
7 45 0.047
7 46 0.091
7 59 0.03
7 70 0.179
7 10 0.172
7 11 0.165
7 12 0.131
7 14 0.154
7 17 0.218
7 20 0.137
7 21 0.146
7 23 0.146
7 27 0.157
7 28 0.1
7 31 0.126
7 34 0.185
7 35 0.167
7 37 0.112
7 43 0.174
7 48 0.118
7 51 0.147
7 52 0.107
7 55 0.135
7 60 0.155
7 64 0.122
7 72 0.193
7 73 0.19
7 74 0.165
8 45 0.734
8 13 0.87
8 31 0.573
8 51 0.643
8 19 0.879
8 40 0.732
8 33 1.0
8 63 0.681
8 70 0.614
8 22 0.249
8 58 0.598
8 71 0.018
8 18 0.045
8 27 0.156
8 44 0.232
8 65 0.2
8 12 0.082
8 28 0.099
8 30 0.348
8 32 0.266
8 74 0.23
8 23 0.153
8 24 0.209
8 25 0.145
8 35 0.192
8 41 0.078
8 42 0.046
8 43 0.16
8 50 0.2
8 54 0.348
8 59 0.086
8 60 0.106
8 72 0.273
8 9 0.14
8 10 0.184
8 20 0.154
8 29 0.172
8 36 0.153
8 37 0.126
8 48 0.19
8 55 0.14
8 56 0.135
8 57 0.111
8 66 0.109
8 67 0.142
8 68 0.154
8 69 0.241
9 27 1
9 60 0.825
9 42 1
9 67 1
9 45 1
9 66 0.779
9 47 0.574
9 64 0.226
9 31 0.16
9 32 0.068
9 35 0.123
9 59 0.127
9 70 0.138
9 36 0.153
9 61 0.18
9 11 0.133
9 14 0.152
9 16 0.134
9 18 0.123
9 19 0.141
9 21 0.175
9 22 0.138
9 24 0.164
9 25 0.17
9 26 0.156
9 30 0.175
9 33 0.175
9 34 0.158
9 38 0.126
9 39 0.17
9 43 0.14
9 48 0.101
9 50 0.204
9 53 0.085
9 54 0.085
9 55 0.117
9 56 0.13
9 57 0.18
9 58 0.136
9 68 0.147
9 69 0.147
9 73 0.165
9 74 0.137
10 13 0.878
10 30 0.749
10 60 0.588
10 65 0.698
10 59 0.646
10 66 0.19
10 17 0.204
10 21 0.151
10 36 0.389
10 58 0.064
10 15 0.195
10 19 0.014
10 29 0.346
10 54 0.568
10 57 0.194
10 43 0.01
10 62 0.229
10 68 0.145
10 49 0.024
10 63 0.01
10 64 0.068
10 73 0.236
10 11 0.093
10 23 0.149
10 25 0.282
10 35 0.089
10 39 0.037
10 46 0.213
10 48 0.129
10 52 0.06
10 53 0.292
10 61 0.173
10 67 0.083
10 70 0.035
10 12 0.185
10 14 0.081
10 24 0.138
10 26 0.176
10 27 0.163
10 28 0.164
10 37 0.106
10 38 0.144
10 40 0.145
10 42 0.12
10 45 0.187
10 50 0.195
10 51 0.107
10 56 0.148
10 71 0.13
10 72 0.161
11 43 0.879
11 22 0.186
11 60 0.354
11 29 0.796
11 31 0.147
11 35 0.351
11 56 0.078
11 71 0.619
11 25 0.565
11 54 0.499
11 28 0.566
11 46 0.201
11 65 0.215
11 74 0.261
11 37 0.229
11 66 0.274
11 72 0.127
11 16 0.03
11 24 0.412
11 27 0.221
11 40 0.168
11 58 0.235
11 12 0.157
11 15 0.203
11 17 0.134
11 18 0.158
11 21 0.166
11 23 0.126
11 26 0.132
11 32 0.14
11 36 0.188
11 38 0.148
11 39 0.129
11 41 0.153
11 48 0.171
11 49 0.113
11 50 0.118
11 51 0.134
11 53 0.193
11 61 0.126
11 62 0.194
12 60 0.903
12 20 0.955
12 22 0.81
12 34 0.656
12 36 0.849
12 16 0.206
12 59 0.084
12 31 0.152
12 37 0.127
12 49 0.009
12 52 0.214
12 39 0.081
12 40 0.314
12 67 0.124
12 69 0.118
12 14 0.137
12 23 0.408
12 29 0.192
12 35 0.248
12 47 0.355
12 64 0.182
12 66 0.124
12 71 0.169
12 13 0.404
12 24 0.22
12 25 0.137
12 26 0.23
12 43 0.109
12 50 0.138
12 61 0.354
12 65 0.24
12 68 0.247
12 73 0.262
12 74 0.233
12 18 0.142
12 19 0.096
12 30 0.13
12 38 0.133
12 42 0.149
12 45 0.148
12 46 0.123
12 53 0.176
12 54 0.16
12 57 0.162
12 58 0.183
12 62 0.162
12 63 0.171
12 70 0.162
12 72 0.148
13 63 0.752
13 52 0.9
13 55 0.439
13 67 0.128
13 33 0.259
13 46 0.294
13 57 0.055
13 58 0.082
13 60 0.094
13 20 0.283
13 22 0.302
13 24 0.197
13 27 0.013
13 42 0.064
13 48 0.297
13 65 0.165
13 73 0.194
13 25 0.257
13 26 0.122
13 29 0.18
13 44 0.214
13 49 0.089
13 64 0.25
13 70 0.27
13 71 0.145
13 72 0.315
13 14 0.103
13 17 0.196
13 19 0.161
13 23 0.186
13 31 0.183
13 36 0.162
13 39 0.166
13 43 0.114
13 50 0.191
13 53 0.121
13 54 0.18
13 56 0.158
13 66 0.157
13 74 0.188
14 70 0.746
14 25 0.966
14 45 0.736
14 28 0.695
14 18 0.669
14 57 0.63
14 42 0.511
14 17 0.181
14 72 0.135
14 69 0.365
14 32 0.137
14 41 0.301
14 51 0.136
14 15 0.115
14 20 0.216
14 26 0.078
14 36 0.111
14 49 0.105
14 58 0.354
14 61 0.237
14 64 0.058
14 65 0.02
14 66 0.203
14 74 0.119
14 16 0.163
14 23 0.143
14 24 0.161
14 30 0.119
14 34 0.192
14 35 0.195
14 38 0.116
14 40 0.131
14 59 0.2
14 60 0.121
14 63 0.128
14 68 0.162
14 73 0.173
15 31 0.982
15 74 0.626
15 69 0.533
15 47 0.599
15 33 0.531
15 65 0.627
15 32 0.303
15 41 0.157
15 55 0.175
15 68 0.16
15 70 0.299
15 17 0.238
15 51 0.184
15 64 0.3
15 20 0.032
15 21 0.136
15 37 0.182
15 43 0.16
15 49 0.295
15 57 0.148
15 60 0.13
15 61 0.108
15 71 0.038
15 22 0.145
15 24 0.147
15 25 0.149
15 29 0.154
15 30 0.164
15 36 0.163
15 38 0.209
15 40 0.165
15 44 0.16
15 46 0.127
15 48 0.143
15 52 0.158
15 53 0.173
15 54 0.15
15 58 0.197
15 66 0.148
16 24 0.709
16 26 0.738
16 28 0.743
16 43 0.642
16 53 0.634
16 35 0.203
16 68 0.016
16 36 0.282
16 38 0.161
16 57 0.183
16 58 0.277
16 30 0.006
16 32 0.214
16 33 0.127
16 45 0.162
16 48 0.107
16 51 0.031
16 55 0.141
16 62 0.022
16 66 0.187
16 73 0.06
16 17 0.182
16 20 0.134
16 21 0.152
16 25 0.169
16 27 0.098
16 31 0.168
16 34 0.093
16 37 0.213
16 39 0.212
16 46 0.142
16 56 0.131
16 61 0.187
16 64 0.153
16 65 0.16
16 70 0.172
16 71 0.075
16 72 0.157
16 74 0.123
17 38 0.906
17 67 0.823
17 25 0.774
17 41 0.105
17 33 0.08
17 39 0.22
17 63 0.113
17 29 0.363
17 36 0.057
17 40 0.648
17 47 0.154
17 56 0.109
17 62 0.1
17 65 0.224
17 20 0.189
17 23 0.208
17 27 0.186
17 44 0.076
17 61 0.25
17 68 0.086
17 71 0.155
17 19 0.163
17 22 0.153
17 24 0.157
17 31 0.111
17 37 0.107
17 45 0.154
17 50 0.1
17 53 0.18
17 60 0.162
17 70 0.088
17 72 0.147
17 73 0.2
17 74 0.158
18 27 0.747
18 37 0.656
18 53 0.362
18 29 0.477
18 34 0.729
18 74 0.131
18 57 0.422
18 71 0.033
18 25 0.138
18 39 0.371
18 40 0.224
18 45 0.259
18 46 0.052
18 47 0.146
18 51 0.159
18 54 0.16
18 55 0.303
18 56 0.114
18 60 0.216
18 21 0.146
18 23 0.132
18 24 0.123
18 26 0.151
18 30 0.157
18 31 0.164
18 32 0.208
18 33 0.133
18 35 0.151
18 36 0.132
18 38 0.156
18 41 0.129
18 43 0.169
18 61 0.129
18 62 0.197
18 64 0.124
18 70 0.108
18 72 0.17
19 48 0.893
19 65 0.813
19 34 0.603
19 44 0.787
19 46 0.688
19 47 0.904
19 33 0.785
19 24 0.342
19 71 0.121
19 21 0.135
19 51 0.102
19 72 0.264
19 22 0.095
19 30 0.177
19 49 0.244
19 52 0.077
19 58 0.113
19 62 0.162
19 23 0.172
19 28 0.012
19 31 0.092
19 36 0.189
19 39 0.148
19 40 0.17
19 55 0.167
19 61 0.13
19 64 0.104
19 69 0.258
19 74 0.238
19 25 0.112
19 26 0.128
19 27 0.209
19 35 0.131
19 37 0.139
19 42 0.178
19 53 0.154
19 54 0.148
19 57 0.168
19 63 0.108
20 70 0.557
20 23 0.717
20 64 0.725
20 57 0.983
20 35 0.905
20 55 0.516
20 48 0.62
20 29 0.262
20 42 0.567
20 72 0.256
20 37 0.708
20 41 0.232
20 73 0.276
20 74 0.165
20 21 0.237
20 22 0.167
20 39 0.101
20 49 0.174
20 53 0.234
20 61 0.189
20 65 0.196
20 32 0.067
20 34 0.183
20 36 0.115
20 40 0.117
20 59 0.183
20 71 0.103
20 25 0.205
20 26 0.147
20 30 0.205
20 31 0.096
20 38 0.169
20 44 0.168
20 45 0.179
20 46 0.168
20 47 0.164
20 50 0.131
20 52 0.132
20 58 0.147
20 60 0.155
20 62 0.118
20 66 0.149
20 68 0.112
21 43 0.625
21 55 0.651
21 44 0.865
21 24 0.763
21 39 0.385
21 38 0.272
21 31 0.011
21 53 0.147
21 57 0.338
21 59 0.401
21 37 0.177
21 72 0.073
21 22 0.129
21 27 0.108
21 34 0.207
21 40 0.185
21 45 0.031
21 50 0.145
21 54 0.192
21 60 0.189
21 65 0.108
21 70 0.138
21 25 0.124
21 28 0.184
21 30 0.122
21 32 0.189
21 33 0.172
21 35 0.174
21 36 0.1
21 41 0.219
21 49 0.143
21 51 0.202
21 52 0.094
21 58 0.123
21 62 0.146
21 63 0.114
21 66 0.147
21 69 0.092
21 71 0.113
21 73 0.217
22 72 0.716
22 26 0.176
22 60 0.684
22 44 0.332
22 56 0.543
22 59 0.098
22 25 0.268
22 35 0.08
22 42 0.152
22 53 0.297
22 55 0.18
22 66 0.222
22 69 0.349
22 28 0.095
22 33 0.184
22 48 0.027
22 52 0.157
22 54 0.184
22 57 0.144
22 67 0.2
22 68 0.15
22 73 0.074
22 74 0.182
22 23 0.128
22 24 0.153
22 31 0.143
22 32 0.2
22 34 0.192
22 40 0.159
22 45 0.132
22 46 0.133
22 51 0.165
22 58 0.09
22 62 0.093
22 70 0.162
23 45 0.727
23 41 0.663
23 47 0.835
23 71 0.515
23 52 0.13
23 70 0.037
23 28 0.344
23 29 0.269
23 32 0.177
23 51 0.163
23 56 0.211
23 60 0.12
23 65 0.058
23 26 0.324
23 38 0.124
23 49 0.07
23 54 0.07
23 61 0.105
23 64 0.189
23 72 0.327
23 73 0.248
23 24 0.172
23 25 0.15
23 27 0.154
23 40 0.135
23 42 0.146
23 44 0.192
23 46 0.181
23 59 0.125
23 62 0.172
23 63 0.112
23 66 0.205
23 67 0.164
23 68 0.154
23 74 0.12
24 52 0.552
24 58 1
24 37 0.878
24 26 0.913
24 72 0.303
24 42 0.297
24 43 0.259
24 38 0.368
24 44 0.14
24 46 0.142
24 59 0.128
24 74 0.01
24 25 0.116
24 28 0.176
24 39 0.148
24 48 0.206
24 53 0.116
24 61 0.12
24 73 0.093
24 27 0.15
24 29 0.128
24 35 0.159
24 36 0.134
24 40 0.156
24 41 0.147
24 47 0.203
24 49 0.177
24 50 0.152
24 51 0.11
24 54 0.131
24 55 0.155
24 56 0.218
24 57 0.218
24 60 0.149
24 62 0.128
24 63 0.153
24 66 0.167
24 68 0.138
24 69 0.138
24 70 0.187
24 71 0.109
25 46 0.665
25 69 0.755
25 72 1
25 43 0.841
25 60 0.616
25 48 0.797
25 35 0.647
25 57 0.468
25 62 0.255
25 70 0.366
25 30 0.021
25 37 0.314
25 56 0.239
25 39 0.267
25 45 0.11
25 49 0.219
25 68 0.148
25 47 0.048
25 51 0.15
25 59 0.255
25 61 0.142
25 74 0.219
25 26 0.138
25 28 0.202
25 29 0.146
25 31 0.203
25 33 0.137
25 36 0.103
25 38 0.158
25 50 0.133
25 52 0.178
25 53 0.183
25 54 0.162
25 55 0.157
25 58 0.144
25 63 0.169
25 64 0.163
25 66 0.117
25 73 0.178
26 59 0.611
26 47 1
26 74 1
26 42 0.794
26 28 0.293
26 36 0.282
26 51 0.644
26 63 0.287
26 70 0.211
26 33 0.219
26 34 0.181
26 35 0.125
26 64 0.203
26 65 0.108
26 71 0.194
26 30 0.141
26 38 0.198
26 40 0.11
26 48 0.166
26 49 0.126
26 50 0.199
26 52 0.129
26 67 0.114
26 29 0.141
26 37 0.164
26 39 0.175
26 43 0.195
26 45 0.111
26 46 0.112
26 56 0.125
26 57 0.184
26 61 0.143
26 62 0.149
26 69 0.165
26 72 0.233
26 73 0.174
27 61 0.925
27 62 0.962
27 42 0.344
27 34 0.999
27 43 0.283
27 65 0.035
27 48 0.433
27 60 0.3
27 32 0.079
27 38 0.117
27 54 0.178
27 70 0.14
27 74 0.312
27 33 0.249
27 58 0.25
27 68 0.181
27 37 0.196
27 39 0.135
27 45 0.248
27 47 0.14
27 53 0.066
27 69 0.096
27 30 0.155
27 31 0.142
27 40 0.127
27 44 0.113
27 46 0.198
27 49 0.19
27 51 0.151
27 52 0.163
27 63 0.203
27 64 0.185
27 67 0.222
27 72 0.206
27 73 0.156
28 69 0.462
28 39 0.075
28 56 0.121
28 72 0.235
28 36 0.272
28 35 0.307
28 46 0.048
28 63 0.207
28 64 0.142
28 31 0.261
28 34 0.147
28 42 0.082
28 47 0.25
28 61 0.207
28 62 0.077
28 29 0.144
28 32 0.119
28 33 0.164
28 40 0.124
28 41 0.212
28 48 0.155
28 52 0.154
28 55 0.133
28 58 0.1
28 59 0.175
28 60 0.118
28 65 0.156
28 67 0.205
28 68 0.149
28 71 0.183
28 74 0.154
29 45 0.854
29 69 0.595
29 34 0.765
29 32 0.677
29 35 0.853
29 39 0.827
29 40 0.565
29 48 0.757
29 73 0.779
29 49 0.476
29 74 0.346
29 54 0.575
29 56 0.233
29 63 0.098
29 64 0.189
29 72 0.182
29 30 0.209
29 37 0.166
29 50 0.17
29 51 0.162
29 65 0.188
29 70 0.119
29 42 0.148
29 43 0.177
29 44 0.154
29 55 0.17
29 59 0.182
29 60 0.089
29 62 0.168
29 67 0.144
29 68 0.142
30 32 0.334
30 67 0.178
30 38 0.31
30 47 0.155
30 51 0.454
30 58 0.019
30 31 0.036
30 33 0.164
30 41 0.28
30 49 0.085
30 63 0.119
30 35 0.158
30 42 0.035
30 43 0.231
30 48 0.298
30 55 0.19
30 56 0.086
30 62 0.111
30 66 0.013
30 70 0.177
30 72 0.143
30 52 0.159
30 59 0.131
30 68 0.139
30 69 0.182
30 74 0.18
31 51 0.966
31 43 0.281
31 63 0.095
31 41 0.421
31 58 0.087
31 45 0.49
31 47 0.179
31 65 0.148
31 46 0.098
31 61 0.186
31 73 0.269
31 34 0.105
31 44 0.19
31 50 0.158
31 53 0.184
31 74 0.206
31 32 0.161
31 35 0.162
31 36 0.234
31 37 0.206
31 38 0.147
31 39 0.115
31 42 0.134
31 55 0.126
31 59 0.12
31 60 0.2
31 64 0.145
31 68 0.111
31 70 0.148
32 36 0.262
32 38 0.247
32 64 0.108
32 67 0.309
32 35 0.12
32 39 0.067
32 42 0.086
32 45 0.079
32 53 0.145
32 57 0.077
32 66 0.023
32 73 0.17
32 74 0.068
32 34 0.128
32 37 0.189
32 40 0.149
32 41 0.141
32 44 0.159
32 46 0.218
32 50 0.162
32 51 0.138
32 52 0.167
32 54 0.132
32 60 0.129
32 61 0.138
32 63 0.144
32 68 0.137
32 71 0.176
32 72 0.151
33 60 0.822
33 38 0.543
33 43 0.845
33 47 0.69
33 59 0.075
33 41 0.555
33 51 0.045
33 40 0.178
33 52 0.149
33 65 0.147
33 66 0.128
33 36 0.456
33 64 0.248
33 69 0.182
33 35 0.198
33 42 0.148
33 48 0.116
33 49 0.12
33 50 0.156
33 54 0.123
33 57 0.134
33 58 0.129
33 63 0.132
33 68 0.141
33 71 0.055
33 72 0.187
33 73 0.185
34 55 0.582
34 54 1
34 70 0.61
34 42 0.439
34 44 0.2
34 69 0.505
34 45 0.003
34 53 0.037
34 73 0.527
34 37 0.121
34 47 0.195
34 62 0.21
34 67 0.134
34 38 0.089
34 43 0.038
34 56 0.097
34 36 0.139
34 40 0.18
34 41 0.183
34 46 0.177
34 59 0.148
34 61 0.161
34 63 0.208
34 65 0.12
34 66 0.146
34 71 0.168
34 72 0.153
35 51 0.691
35 42 0.379
35 55 0.33
35 50 0.216
35 54 0.126
35 66 0.195
35 39 0.28
35 40 0.311
35 41 0.159
35 43 0.119
35 45 0.147
35 47 0.092
35 52 0.146
35 53 0.367
35 56 0.25
35 71 0.129
35 38 0.173
35 48 0.147
35 49 0.119
35 58 0.187
35 59 0.143
35 60 0.123
35 69 0.106
35 70 0.172
35 73 0.142
36 53 0.948
36 60 0.681
36 55 0.222
36 41 0.074
36 42 0.129
36 48 0.188
36 56 0.333
36 69 0.077
36 46 0.102
36 51 0.023
36 52 0.086
36 59 0.271
36 61 0.214
36 65 0.148
36 66 0.166
36 68 0.039
36 37 0.156
36 45 0.095
36 47 0.155
36 49 0.119
36 50 0.179
36 57 0.116
36 62 0.108
36 67 0.208
36 71 0.18
36 72 0.162
36 73 0.113
36 74 0.126
37 65 0.883
37 71 0.556
37 43 0.567
37 45 0.393
37 54 0.335
37 59 0.091
37 42 0.062
37 67 0.145
37 38 0.279
37 51 0.386
37 52 0.009
37 53 0.024
37 41 0.14
37 48 0.171
37 63 0.23
37 40 0.165
37 44 0.156
37 47 0.14
37 55 0.152
37 57 0.154
37 62 0.155
37 68 0.137
37 70 0.155
37 72 0.16
38 53 1
38 73 0.911
38 52 0.788
38 57 0.196
38 56 0.407
38 64 0.031
38 74 0.082
38 42 0.227
38 45 0.273
38 43 0.048
38 44 0.324
38 47 0.245
38 59 0.073
38 60 0.144
38 66 0.218
38 39 0.144
38 40 0.208
38 46 0.15
38 48 0.135
38 58 0.149
38 62 0.14
38 65 0.103
38 67 0.195
38 68 0.182
38 72 0.138
39 45 0.779
39 73 0.757
39 64 0.638
39 69 0.947
39 44 0.239
39 65 0.284
39 62 0.37
39 46 0.097
39 49 0.2
39 72 0.092
39 43 0.276
39 50 0.089
39 54 0.151
39 55 0.104
39 58 0.225
39 59 0.252
39 61 0.226
39 68 0.28
39 40 0.129
39 48 0.161
39 51 0.14
39 52 0.168
39 53 0.127
39 57 0.188
39 63 0.136
39 67 0.174
40 67 0.402
40 59 1
40 70 0.721
40 57 0.299
40 60 0.343
40 51 0.128
40 42 0.414
40 45 0.113
40 53 0.029
40 56 0.109
40 65 0.125
40 44 0.16
40 61 0.147
40 63 0.14
40 66 0.279
40 41 0.126
40 43 0.161
40 47 0.159
40 49 0.143
40 50 0.165
40 62 0.2
40 69 0.148
40 72 0.14
40 73 0.117
41 68 0.083
41 49 0.315
41 51 0.199
41 47 0.112
41 48 0.454
41 52 0.252
41 57 0.162
41 61 0.153
41 71 0.259
41 56 0.182
41 58 0.081
41 59 0.129
41 43 0.166
41 45 0.094
41 50 0.174
41 53 0.172
41 60 0.144
41 63 0.168
41 66 0.186
41 67 0.151
41 74 0.147
42 49 0.13
42 57 0.651
42 68 0.386
42 73 0.239
42 44 0.251
42 62 0.1
42 64 0.149
42 65 0.068
42 66 0.04
42 67 0.17
42 69 0.084
42 43 0.173
42 45 0.147
42 48 0.134
42 54 0.122
42 58 0.126
42 59 0.189
42 61 0.135
42 63 0.107
42 71 0.112
42 72 0.136
43 70 0.955
43 53 0.001
43 63 0.239
43 73 0.175
43 47 0.186
43 57 0.09
43 60 0.184
43 64 0.299
43 74 0.17
43 45 0.084
43 48 0.12
43 49 0.102
43 50 0.136
43 51 0.124
43 58 0.134
43 59 0.146
43 66 0.187
43 71 0.121
43 72 0.175
44 62 0.75
44 71 0.744
44 57 0.853
44 46 0.623
44 69 0.302
44 47 0.086
44 52 0.209
44 67 0.207
44 45 0.147
44 48 0.16
44 55 0.131
44 59 0.007
44 63 0.181
44 68 0.185
44 56 0.146
44 64 0.155
44 66 0.158
44 70 0.18
44 72 0.199
44 73 0.163
44 74 0.203
45 68 0.877
45 74 0.802
45 46 0.445
45 71 0.214
45 53 0.403
45 56 0.202
45 73 0.315
45 54 0.24
45 65 0.266
45 58 0.143
45 63 0.079
45 69 0.204
45 49 0.162
45 50 0.164
45 51 0.176
45 52 0.165
45 55 0.23
45 57 0.156
45 62 0.123
45 64 0.18
46 58 0.95
46 60 0.97
46 54 0.92
46 68 0.604
46 64 0.045
46 47 0.122
46 51 0.074
46 55 0.096
46 57 0.272
46 65 0.373
46 69 0.074
46 61 0.244
46 62 0.155
46 66 0.184
46 70 0.174
46 73 0.12
46 50 0.169
46 52 0.174
46 53 0.188
46 56 0.177
46 71 0.108
46 74 0.162
47 62 0.936
47 51 0.284
47 55 0.57
47 49 0.237
47 53 0.114
47 48 0.188
47 57 0.045
47 65 0.069
47 50 0.145
47 52 0.181
47 58 0.111
47 61 0.15
47 63 0.173
47 64 0.091
47 66 0.138
47 67 0.147
47 69 0.179
47 70 0.128
47 71 0.113
47 72 0.165
47 73 0.087
47 74 0.117
48 70 0.664
48 52 0.768
48 73 0.846
48 66 0.245
48 67 0.147
48 51 0.253
48 62 0.051
48 57 0.124
48 63 0.167
48 49 0.145
48 50 0.164
48 53 0.139
48 55 0.138
48 56 0.205
48 59 0.207
48 60 0.179
48 68 0.146
48 69 0.105
48 71 0.163
48 72 0.155
49 63 0.796
49 53 0.423
49 55 0.009
49 58 0.128
49 51 0.142
49 59 0.156
49 66 0.433
49 50 0.252
49 61 0.155
49 74 0.178
49 54 0.18
49 56 0.153
49 64 0.135
49 68 0.123
49 69 0.126
49 70 0.145
49 71 0.071
49 72 0.175
50 57 0.661
50 58 0.459
50 63 0.068
50 73 0.083
50 74 0.172
50 56 0.148
50 62 0.101
50 54 0.152
50 55 0.172
50 59 0.154
50 65 0.17
50 71 0.168
50 72 0.155
51 61 0.513
51 67 0.612
51 71 0.092
51 52 0.132
51 72 0.166
51 54 0.128
51 65 0.098
51 57 0.124
51 59 0.102
51 63 0.173
51 68 0.172
51 73 0.232
51 74 0.333
51 55 0.15
51 56 0.199
51 62 0.159
51 69 0.092
51 70 0.148
52 61 0.688
52 68 0.695
52 72 0.703
52 54 0.804
52 67 0.991
52 60 0.53
52 58 0.346
52 64 0.056
52 65 0.283
52 66 0.355
52 69 0.197
52 55 0.12
52 71 0.17
52 59 0.097
52 63 0.171
52 70 0.161
52 73 0.126
52 74 0.174
53 57 0.831
53 67 0.616
53 56 0.44
53 60 0.013
53 71 0.156
53 54 0.233
53 58 0.185
53 62 0.04
53 69 0.151
53 55 0.157
53 65 0.232
53 72 0.215
53 59 0.185
53 64 0.116
53 70 0.136
53 74 0.155
54 72 0.527
54 63 0.267
54 66 0.075
54 73 0.284
54 58 0.2
54 65 0.057
54 67 0.083
54 68 0.081
54 55 0.146
54 56 0.174
54 74 0.166
55 61 0.915
55 67 0.182
55 57 0.271
55 60 0.299
55 58 0.104
55 63 0.28
55 59 0.154
55 65 0.041
55 64 0.372
55 72 0.11
55 56 0.218
55 62 0.142
55 66 0.158
55 69 0.193
55 70 0.15
55 73 0.153
56 71 0.905
56 72 0.614
56 64 0.905
56 74 0.079
56 57 0.054
56 58 0.011
56 59 0.249
56 61 0.235
56 63 0.073
56 65 0.111
56 60 0.045
56 68 0.014
56 62 0.146
56 66 0.177
56 67 0.176
56 73 0.152
57 62 0.614
57 74 0.532
57 71 0.646
57 63 0.889
57 65 0.128
57 67 0.16
57 73 0.074
57 59 0.159
57 60 0.134
57 61 0.182
57 66 0.107
57 68 0.116
57 72 0.148
58 73 0.835
58 62 0.104
58 64 0.71
58 72 0.207
58 63 0.259
58 60 0.21
58 61 0.142
58 66 0.015
58 67 0.181
58 69 0.286
58 59 0.145
58 65 0.151
58 68 0.198
58 70 0.147
58 71 0.159
59 60 0.215
59 69 0.007
59 68 0.159
59 61 0.105
59 64 0.13
59 65 0.202
59 66 0.155
59 67 0.153
59 70 0.137
59 71 0.129
59 74 0.177
60 69 0.792
60 67 0.366
60 73 0.243
60 61 0.166
60 62 0.176
60 64 0.164
60 65 0.159
60 72 0.098
60 74 0.137
61 62 0.138
61 66 0.315
61 68 0.322
61 72 0.369
61 63 0.094
61 64 0.169
61 65 0.133
61 67 0.175
61 70 0.126
61 71 0.156
61 73 0.131
62 65 0.69
62 67 0.03
62 63 0.049
62 72 0.381
62 70 0.325
62 71 0.12
62 74 0.223
62 64 0.08
62 66 0.125
62 73 0.196
63 74 0.143
63 64 0.243
63 66 0.229
63 71 0.04
63 73 0.07
63 65 0.129
63 68 0.153
64 74 0.716
64 69 0.171
64 73 0.134
64 65 0.156
64 68 0.159
64 71 0.185
65 68 0.524
65 70 0.245
65 66 0.113
66 68 0.821
66 67 0.024
66 72 0.199
66 74 0.153
66 69 0.156
66 70 0.127
66 71 0.125
67 68 0.17
67 73 0.078
67 69 0.175
67 70 0.198
67 71 0.177
67 74 0.185
68 72 1
68 74 0.212
68 73 0.162
68 69 0.193
68 71 0.044
68 70 0.145
69 72 0.38
69 71 0.076
69 73 0.087
69 70 0.137
70 71 0.006
70 74 0.133
71 72 0.111
71 73 0.134
71 74 0.13
72 74 0.163
73 74 0.096
