0 29 0.923
0 55 1
0 36 0.372
0 71 0.701
0 1 0.609
0 14 0.142
0 12 0.176
0 19 0.268
0 35 0.008
0 72 0.034
0 9 0.234
0 38 0.189
0 41 0.296
0 53 0.125
0 59 0.139
0 3 0.227
0 8 0.046
0 31 0.19
0 5 0.184
0 6 0.208
0 15 0.018
0 33 0.158
0 40 0.229
0 10 0.24
0 11 0.079
0 17 0.273
0 21 0.232
0 23 0.36
0 24 0.085
0 48 0.178
0 49 0.257
0 54 0.131
0 57 0.292
0 58 0.17
0 20 0.002
0 25 0.105
0 27 0.177
0 30 0.201
0 45 0.107
0 47 0.187
0 50 0.075
0 56 0.084
0 66 0.254
0 67 0.182
0 73 0.258
0 7 0.151
0 18 0.119
0 22 0.125
0 26 0.165
0 28 0.153
0 32 0.118
0 42 0.186
0 43 0.159
0 44 0.13
0 46 0.104
0 52 0.147
0 60 0.123
0 62 0.216
0 64 0.091
1 67 0.432
1 15 1
1 28 0.929
1 52 0.522
1 34 1
1 59 0.221
1 11 0.564
1 21 0.274
1 58 0.018
1 6 0.549
1 62 0.61
1 63 0.393
1 14 0.627
1 32 0.177
1 48 0.433
1 65 0.355
1 2 0.123
1 19 0.143
1 73 0.408
1 7 0.083
1 25 0.043
1 4 0.155
1 24 0.078
1 29 0.283
1 66 0.129
1 12 0.021
1 13 0.327
1 17 0.052
1 44 0.348
1 16 0.149
1 22 0.215
1 26 0.285
1 31 0.078
1 35 0.109
1 40 0.235
1 49 0.1
1 50 0.215
1 54 0.069
1 57 0.023
1 8 0.082
1 9 0.123
1 27 0.123
1 38 0.165
1 39 0.102
1 69 0.168
1 3 0.157
1 10 0.142
1 18 0.182
1 36 0.151
1 41 0.177
1 42 0.18
1 43 0.168
1 46 0.156
1 47 0.131
1 51 0.204
1 55 0.13
1 60 0.112
1 68 0.171
1 70 0.174
1 72 0.119
2 47 0.708
2 68 0.154
2 59 0.356
2 53 0.677
2 52 0.307
2 14 0.03
2 56 0.389
2 11 0.023
2 18 0.291
2 69 0.092
2 17 0.087
2 46 0.252
2 28 0.138
2 35 0.362
2 36 0.258
2 38 0.231
2 44 0.166
2 45 0.223
2 63 0.082
2 64 0.453
2 6 0.007
2 9 0.256
2 25 0.148
2 31 0.192
2 32 0.028
2 39 0.125
2 66 0.281
2 73 0.162
2 10 0.191
2 24 0.13
2 26 0.17
2 42 0.193
2 50 0.234
2 55 0.098
2 58 0.288
2 61 0.086
2 7 0.232
2 8 0.286
2 13 0.156
2 27 0.206
2 33 0.18
2 34 0.116
2 37 0.147
2 41 0.026
2 43 0.125
2 51 0.239
2 54 0.236
2 60 0.194
2 70 0.157
2 3 0.227
2 4 0.132
2 5 0.151
2 15 0.194
2 19 0.142
2 20 0.115
2 21 0.137
2 29 0.164
2 30 0.179
2 48 0.141
2 57 0.148
2 72 0.156
2 74 0.151
3 47 0.36
3 57 0.901
3 33 0.662
3 39 0.82
3 65 0.493
3 23 0.265
3 32 0.434
3 15 0.357
3 70 1
3 4 0.462
3 10 0.328
3 74 0.174
3 35 0.357
3 20 0.214
3 59 0.502
3 30 0.371
3 71 0.867
3 13 0.328
3 27 0.19
3 64 0.612
3 18 0.106
3 22 0.309
3 34 0.332
3 6 0.42
3 14 0.308
3 42 0.288
3 68 0.142
3 73 0.067
3 7 0.146
3 17 0.409
3 48 0.281
3 51 0.141
3 58 0.306
3 66 0.114
3 69 0.64
3 26 0.106
3 40 0.131
3 41 0.219
3 56 0.114
3 61 0.182
3 67 0.127
3 24 0.174
3 25 0.161
3 44 0.334
3 45 0.171
3 46 0.204
3 54 0.159
3 63 0.262
3 5 0.156
3 8 0.121
3 9 0.098
3 11 0.152
3 16 0.161
3 19 0.154
3 28 0.155
3 31 0.146
3 37 0.175
3 43 0.144
3 49 0.171
3 62 0.143
3 72 0.136
4 54 0.687
4 41 0.723
4 50 0.983
4 20 0.435
4 40 0.692
4 12 0.132
4 42 0.11
4 23 0.642
4 26 0.288
4 49 0.416
4 7 0.129
4 73 0.024
4 11 0.529
4 45 0.436
4 56 0.102
4 8 0.09
4 24 0.198
4 29 0.415
4 36 0.149
4 58 0.363
4 47 0.467
4 57 0.162
4 65 0.149
4 67 0.247
4 5 0.079
4 22 0.158
4 27 0.218
4 35 0.235
4 70 0.451
4 10 0.036
4 19 0.119
4 38 0.225
4 53 0.269
4 60 0.498
4 71 0.178
4 13 0.224
4 30 0.162
4 48 0.216
4 64 0.007
4 66 0.007
4 69 0.236
4 72 0.209
4 74 0.165
4 15 0.083
4 16 0.168
4 21 0.303
4 33 0.162
4 37 0.199
4 44 0.133
4 62 0.125
4 6 0.145
4 14 0.126
4 39 0.17
4 43 0.15
4 46 0.063
4 51 0.146
4 55 0.148
4 59 0.165
4 63 0.122
4 68 0.176
5 45 0.909
5 34 1
5 11 1
5 37 0.781
5 8 0.739
5 23 0.087
5 49 0.325
5 20 0.147
5 48 0.632
5 57 0.583
5 16 0.219
5 39 0.5
5 9 0.385
5 33 0.35
5 54 0.174
5 55 0.424
5 59 0.234
5 38 0.034
5 44 0.089
5 64 0.334
5 10 0.194
5 29 0.241
5 41 0.238
5 50 0.078
5 60 0.033
5 72 0.228
5 19 0.215
5 21 0.14
5 22 0.282
5 26 0.34
5 56 0.071
5 63 0.133
5 66 0.198
5 67 0.033
5 7 0.086
5 35 0.197
5 36 0.186
5 53 0.153
5 71 0.149
5 73 0.226
5 74 0.132
5 6 0.113
5 14 0.185
5 17 0.154
5 18 0.162
5 24 0.154
5 25 0.154
5 27 0.188
5 31 0.158
5 40 0.124
5 51 0.183
5 52 0.189
5 58 0.196
5 62 0.227
5 68 0.177
5 69 0.132
5 70 0.125
6 10 0.555
6 43 1
6 16 0.952
6 42 0.079
6 27 0.252
6 67 0.171
6 20 0.352
6 29 0.081
6 55 0.286
6 57 0.372
6 13 0.471
6 60 0.225
6 71 0.004
6 48 0.132
6 52 0.028
6 17 0.106
6 23 0.119
6 56 0.134
6 12 0.063
6 14 0.198
6 26 0.094
6 39 0.227
6 59 0.289
6 61 0.206
6 25 0.092
6 38 0.165
6 40 0.167
6 44 0.209
6 22 0.132
6 24 0.317
6 32 0.056
6 33 0.151
6 37 0.254
6 45 0.248
6 46 0.145
6 49 0.17
6 58 0.189
6 73 0.033
6 8 0.149
6 11 0.127
6 28 0.123
6 31 0.142
6 36 0.138
6 50 0.105
6 53 0.041
6 62 0.314
6 63 0.155
6 66 0.026
6 68 0.221
6 69 0.135
6 72 0.117
6 7 0.081
6 9 0.204
6 30 0.137
6 35 0.202
6 47 0.181
6 64 0.177
7 25 0.539
7 15 0.512
7 39 0.773
7 69 0.539
7 63 0.306
7 18 0.437
7 73 0.177
7 67 0.111
7 30 0.94
7 36 0.518
7 19 0.316
7 16 0.311
7 47 0.152
7 26 0.868
7 27 0.086
7 70 0.063
7 74 0.412
7 32 0.354
7 34 0.156
7 35 0.181
7 53 0.17
7 50 0.498
7 71 0.387
7 72 0.381
7 10 0.224
7 13 0.049
7 38 0.178
7 57 0.292
7 65 0.176
7 37 0.275
7 42 0.025
7 44 0.231
7 45 0.008
7 52 0.21
7 11 0.113
7 21 0.128
7 28 0.319
7 40 0.081
7 41 0.027
7 43 0.069
7 51 0.221
7 54 0.132
7 55 0.176
7 59 0.175
7 60 0.199
7 66 0.225
7 8 0.141
7 9 0.202
7 12 0.153
7 14 0.181
7 20 0.164
7 23 0.178
7 24 0.122
7 29 0.193
7 31 0.168
7 46 0.118
7 48 0.166
7 62 0.186
7 68 0.195
8 72 0.994
8 18 0.618
8 9 0.867
8 36 0.308
8 27 0.682
8 56 0.775
8 55 0.762
8 23 0.003
8 22 0.438
8 31 0.57
8 46 0.042
8 65 0.275
8 67 0.15
8 26 0.284
8 35 0.054
8 64 0.097
8 20 0.174
8 33 0.321
8 41 0.276
8 58 0.281
8 15 0.317
8 30 0.244
8 32 0.373
8 44 0.081
8 24 0.298
8 29 0.265
8 39 0.105
8 57 0.083
8 61 0.083
8 66 0.142
8 10 0.261
8 19 0.095
8 21 0.142
8 40 0.229
8 42 0.137
8 63 0.114
8 68 0.139
8 71 0.153
8 16 0.148
8 17 0.159
8 34 0.136
8 38 0.157
8 47 0.2
8 48 0.157
8 49 0.142
8 62 0.088
8 70 0.18
8 74 0.002
8 11 0.177
8 13 0.167
8 28 0.171
8 45 0.166
8 50 0.133
8 54 0.147
8 59 0.158
8 69 0.098
8 73 0.178
9 14 0.877
9 38 0.047
9 51 0.875
9 10 0.717
9 26 0.664
9 20 0.496
9 73 0.093
9 32 0.286
9 33 0.251
9 11 0.046
9 17 0.296
9 44 0.185
9 52 0.221
9 35 0.019
9 41 0.271
9 54 0.441
9 36 0.172
9 46 0.302
9 16 0.356
9 28 0.316
9 60 0.061
9 39 0.137
9 49 0.287
9 57 0.398
9 70 0.143
9 71 0.301
9 72 0.142
9 21 0.024
9 24 0.304
9 25 0.216
9 34 0.324
9 42 0.124
9 43 0.15
9 47 0.145
9 55 0.076
9 61 0.097
9 65 0.069
9 66 0.164
9 29 0.155
9 40 0.153
9 53 0.123
9 56 0.188
9 58 0.166
9 59 0.151
9 62 0.091
9 63 0.161
9 64 0.121
9 68 0.185
9 74 0.127
10 26 0.585
10 73 0.399
10 53 0.68
10 62 0.877
10 18 0.259
10 31 0.972
10 17 0.184
10 49 0.551
10 50 0.562
10 65 0.444
10 59 0.396
10 21 0.663
10 51 0.115
10 67 0.147
10 27 0.004
10 40 0.415
10 72 0.445
10 61 0.108
10 11 0.102
10 20 0.254
10 29 0.272
10 36 0.22
10 12 0.254
10 14 0.04
10 15 0.059
10 25 0.166
10 35 0.205
10 37 0.46
10 45 0.197
10 46 0.32
10 64 0.188
10 13 0.187
10 16 0.221
10 34 0.176
10 41 0.042
10 44 0.171
10 54 0.112
10 55 0.394
10 68 0.117
10 71 0.273
10 74 0.152
10 19 0.137
10 23 0.194
10 24 0.154
10 28 0.166
10 32 0.185
10 38 0.117
10 42 0.108
10 43 0.164
10 52 0.167
10 56 0.141
10 57 0.14
10 58 0.115
10 63 0.179
10 66 0.106
11 13 1
11 42 0.929
11 68 0.872
11 71 0.972
11 12 0.893
11 39 0.793
11 17 0.939
11 54 0.739
11 25 0.349
11 48 0.265
11 52 0.132
11 56 0.381
11 64 0.475
11 73 0.066
11 40 0.502
11 18 0.221
11 74 0.473
11 67 0.325
11 19 0.039
11 32 0.235
11 65 0.111
11 15 0.1
11 38 0.418
11 41 0.071
11 20 0.23
11 37 0.601
11 55 0.234
11 30 0.133
11 43 0.373
11 46 0.53
11 34 0.218
11 61 0.145
11 66 0.069
11 70 0.25
11 21 0.127
11 24 0.155
11 26 0.189
11 33 0.151
11 35 0.273
11 51 0.17
11 57 0.2
11 60 0.209
11 14 0.158
11 16 0.154
11 22 0.139
11 23 0.173
11 27 0.194
11 29 0.156
11 31 0.137
11 49 0.119
11 50 0.162
11 58 0.164
11 62 0.191
11 63 0.134
11 69 0.123
12 65 0.864
12 26 0.831
12 15 0.807
12 56 0.809
12 36 0.677
12 32 1
12 55 0.729
12 57 0.667
12 74 0.231
12 46 0.768
12 29 0.162
12 27 0.588
12 38 0.551
12 62 0.58
12 35 0.721
12 60 0.418
12 43 0.319
12 69 0.793
12 20 0.502
12 44 0.118
12 28 0.322
12 47 0.202
12 37 0.207
12 52 0.053
12 66 0.163
12 72 0.086
12 14 0.527
12 39 0.066
12 41 0.275
12 59 0.054
12 63 0.233
12 68 0.012
12 73 0.209
12 23 0.074
12 30 0.207
12 71 0.377
12 13 0.358
12 31 0.117
12 40 0.262
12 42 0.146
12 61 0.151
12 17 0.091
12 19 0.127
12 21 0.109
12 22 0.141
12 24 0.172
12 49 0.282
12 50 0.155
12 53 0.117
12 58 0.088
12 64 0.149
12 34 0.121
12 51 0.191
12 67 0.159
13 14 0.818
13 33 1
13 17 0.058
13 31 0.697
13 49 0.045
13 57 0.891
13 54 0.662
13 46 0.361
13 24 0.823
13 29 0.594
13 65 0.241
13 23 0.536
13 26 0.486
13 48 0.22
13 51 0.257
13 18 0.198
13 56 0.058
13 37 0.225
13 21 0.047
13 36 0.099
13 52 0.282
13 72 0.116
13 42 0.235
13 44 0.3
13 61 0.19
13 64 0.3
13 16 0.244
13 25 0.325
13 32 0.36
13 55 0.239
13 60 0.113
13 69 0.138
13 40 0.246
13 74 0.18
13 20 0.093
13 22 0.228
13 27 0.087
13 39 0.125
13 45 0.154
13 53 0.171
13 63 0.129
13 70 0.268
13 15 0.139
13 19 0.109
13 30 0.167
13 34 0.265
13 38 0.133
13 41 0.175
13 43 0.165
13 47 0.124
13 58 0.145
13 59 0.175
13 67 0.173
13 68 0.156
14 65 0.786
14 39 0.56
14 29 0.929
14 18 0.285
14 26 0.719
14 63 0.527
14 49 0.51
14 43 0.337
14 32 0.424
14 60 0.745
14 35 0.58
14 51 0.498
14 66 0.489
14 27 0.016
14 38 0.124
14 19 0.356
14 40 0.474
14 42 0.13
14 61 0.001
14 17 0.301
14 55 0.245
14 15 0.422
14 31 0.349
14 45 0.269
14 69 0.091
14 20 0.142
14 21 0.165
14 53 0.397
14 54 0.531
14 56 0.242
14 64 0.311
14 34 0.171
14 36 0.148
14 25 0.124
14 37 0.22
14 57 0.057
14 59 0.083
14 67 0.273
14 68 0.148
14 71 0.347
14 74 0.033
14 30 0.04
14 33 0.145
14 41 0.1
14 47 0.2
14 70 0.118
14 16 0.146
14 22 0.174
14 44 0.134
14 46 0.155
14 48 0.153
14 52 0.173
14 58 0.161
14 73 0.171
15 32 0.99
15 72 0.926
15 64 0.924
15 45 0.219
15 28 0.064
15 19 0.476
15 31 0.441
15 69 0.238
15 18 0.21
15 33 0.545
15 61 0.607
15 68 0.117
15 39 0.384
15 58 0.368
15 70 0.085
15 17 0.157
15 40 0.423
15 51 0.361
15 29 0.023
15 42 0.027
15 44 0.144
15 47 0.39
15 56 0.078
15 67 0.154
15 43 0.076
15 53 0.138
15 62 0.107
15 16 0.345
15 22 0.098
15 23 0.203
15 27 0.039
15 35 0.163
15 49 0.152
15 63 0.219
15 66 0.224
15 71 0.297
15 73 0.112
15 37 0.179
15 46 0.16
15 50 0.072
15 54 0.146
15 55 0.267
15 59 0.115
15 65 0.114
15 20 0.142
15 21 0.144
15 24 0.167
15 25 0.178
15 26 0.154
15 30 0.189
15 34 0.146
15 36 0.176
15 38 0.178
15 41 0.155
15 52 0.111
15 57 0.099
15 60 0.153
15 74 0.139
16 52 0.662
16 62 1
16 66 0.882
16 60 0.69
16 27 0.656
16 42 1
16 63 1
16 37 0.155
16 39 0.399
16 53 0.32
16 55 0.374
16 19 0.489
16 43 0.419
16 25 0.029
16 49 0.438
16 61 0.173
16 28 0.157
16 51 0.112
16 54 0.167
16 74 0.151
16 21 0.072
16 33 0.198
16 34 0.185
16 73 0.084
16 35 0.03
16 36 0.094
16 48 0.312
16 56 0.222
16 58 0.295
16 64 0.165
16 68 0.136
16 71 0.173
16 17 0.17
16 26 0.235
16 29 0.148
16 69 0.117
16 18 0.118
16 20 0.145
16 24 0.162
16 30 0.143
16 31 0.233
16 40 0.156
16 44 0.145
16 45 0.135
16 46 0.21
16 47 0.161
16 57 0.14
16 67 0.098
16 70 0.152
17 73 0.827
17 34 0.554
17 23 0.545
17 19 0.668
17 72 0.319
17 26 0.021
17 45 0.142
17 71 0.748
17 38 0.306
17 53 0.205
17 37 0.045
17 35 0.148
17 69 0.098
17 31 0.207
17 50 0.123
17 57 0.071
17 66 0.359
17 67 0.078
17 47 0.394
17 52 0.309
17 18 0.106
17 33 0.208
17 74 0.192
17 22 0.157
17 54 0.134
17 55 0.162
17 61 0.322
17 65 0.13
17 27 0.211
17 29 0.156
17 30 0.133
17 36 0.146
17 39 0.171
17 44 0.121
17 48 0.026
17 60 0.354
17 62 0.266
17 21 0.073
17 24 0.211
17 25 0.157
17 28 0.173
17 32 0.16
17 40 0.145
17 42 0.138
17 49 0.215
17 51 0.146
17 56 0.186
17 64 0.15
17 68 0.199
17 70 0.161
18 73 0.938
18 55 0.724
18 56 0.546
18 23 0.415
18 64 0.259
18 67 0.209
18 22 0.188
18 29 0.355
18 74 0.209
18 47 0.176
18 66 0.371
18 45 0.196
18 57 0.28
18 60 0.224
18 69 0.287
18 20 0.188
18 33 0.208
18 35 0.204
18 41 0.194
18 44 0.618
18 71 0.285
18 25 0.206
18 26 0.149
18 28 0.129
18 31 0.314
18 50 0.177
18 54 0.047
18 62 0.212
18 19 0.073
18 24 0.209
18 34 0.052
18 37 0.172
18 38 0.142
18 48 0.208
18 61 0.129
18 72 0.119
18 21 0.138
18 30 0.129
18 32 0.15
18 36 0.148
18 40 0.177
18 42 0.177
18 46 0.126
18 49 0.139
18 51 0.128
18 53 0.181
18 58 0.174
18 59 0.122
18 63 0.178
18 70 0.146
19 54 0.828
19 25 0.868
19 36 0.599
19 44 0.666
19 72 0.626
19 41 0.725
19 59 0.104
19 37 0.324
19 69 0.081
19 70 0.312
19 34 0.29
19 30 0.442
19 32 0.326
19 33 0.084
19 57 0.271
19 65 0.052
19 66 0.117
19 73 0.087
19 21 0.193
19 46 0.015
19 68 0.148
19 20 0.174
19 28 0.174
19 39 0.179
19 48 0.144
19 49 0.296
19 52 0.209
19 22 0.064
19 38 0.135
19 40 0.194
19 50 0.127
19 51 0.128
19 58 0.186
19 60 0.076
19 71 0.109
19 23 0.168
19 24 0.14
19 26 0.17
19 42 0.15
19 47 0.192
19 56 0.128
19 62 0.147
19 67 0.199
20 36 0.16
20 73 0.552
20 40 0.528
20 30 0.636
20 26 0.1
20 39 0.32
20 22 0.466
20 23 0.192
20 29 0.723
20 38 0.258
20 46 0.813
20 24 0.238
20 56 0.17
20 57 0.271
20 72 0.18
20 31 0.186
20 51 0.17
20 52 0.283
20 70 0.291
20 71 0.226
20 25 0.107
20 32 0.058
20 44 0.033
20 47 0.067
20 58 0.191
20 59 0.282
20 74 0.07
20 34 0.371
20 35 0.154
20 37 0.144
20 49 0.14
20 50 0.215
20 60 0.222
20 62 0.15
20 66 0.062
20 67 0.184
20 21 0.124
20 27 0.175
20 33 0.211
20 41 0.147
20 45 0.176
20 48 0.14
20 53 0.137
20 55 0.166
20 63 0.133
20 65 0.128
21 33 0.986
21 65 1
21 66 0.549
21 24 0.668
21 32 0.306
21 61 0.449
21 62 0.111
21 45 0.14
21 56 0.166
21 59 0.191
21 63 0.156
21 22 0.181
21 26 0.46
21 38 0.295
21 47 0.267
21 58 0.148
21 64 0.337
21 25 0.319
21 27 0.135
21 34 0.04
21 40 0.164
21 41 0.175
21 46 0.122
21 60 0.148
21 71 0.089
21 74 0.105
21 30 0.247
21 48 0.253
21 54 0.062
21 67 0.175
21 70 0.175
21 73 0.153
21 29 0.147
21 31 0.16
21 39 0.139
21 43 0.159
21 44 0.208
21 50 0.131
21 51 0.151
21 53 0.108
21 68 0.133
22 58 0.504
22 33 0.888
22 45 0.63
22 26 0.485
22 55 1
22 27 0.587
22 52 0.361
22 30 0.303
22 74 0.42
22 71 0.117
22 38 0.269
22 44 0.188
22 62 0.499
22 69 0.581
22 23 0.51
22 29 0.108
22 72 0.113
22 34 0.288
22 46 0.161
22 64 0.15
22 41 0.087
22 53 0.086
22 56 0.227
22 68 0.337
22 36 0.086
22 40 0.108
22 65 0.106
22 31 0.204
22 37 0.128
22 39 0.071
22 48 0.151
22 50 0.291
22 54 0.158
22 60 0.048
22 28 0.165
22 42 0.181
22 47 0.167
22 49 0.155
22 51 0.102
22 63 0.141
22 67 0.113
22 70 0.148
23 30 0.966
23 63 0.829
23 59 0.084
23 49 0.819
23 47 0.409
23 58 0.461
23 48 0.256
23 60 0.177
23 68 0.213
23 69 0.585
23 66 0.278
23 45 0.252
23 34 0.05
23 54 0.233
23 64 0.261
23 70 0.223
23 36 0.143
23 40 0.147
23 44 0.147
23 50 0.14
23 73 0.425
23 27 0.136
23 31 0.134
23 52 0.162
23 56 0.317
23 25 0.215
23 28 0.311
23 32 0.136
23 35 0.199
23 38 0.09
23 39 0.293
23 41 0.263
23 42 0.156
23 55 0.174
23 71 0.167
23 72 0.329
23 26 0.096
23 33 0.175
23 37 0.149
23 43 0.151
23 46 0.125
23 53 0.193
23 57 0.18
23 62 0.134
23 65 0.155
24 60 1
24 51 0.965
24 41 0.686
24 65 0.384
24 30 0.24
24 64 0.077
24 43 0.296
24 48 0.978
24 59 0.592
24 57 0.129
24 61 0.194
24 34 0.121
24 45 0.331
24 28 0.557
24 33 0.031
24 46 0.213
24 58 0.396
24 29 0.181
24 42 0.119
24 49 0.051
24 54 0.3
24 63 0.024
24 67 0.103
24 32 0.271
24 37 0.228
24 56 0.282
24 74 0.28
24 27 0.256
24 39 0.315
24 40 0.177
24 44 0.06
24 52 0.139
24 62 0.079
24 73 0.169
24 31 0.171
24 36 0.156
24 38 0.179
24 47 0.12
24 50 0.164
24 53 0.109
24 66 0.168
24 69 0.101
24 70 0.154
24 71 0.165
25 57 0.681
25 44 0.545
25 41 0.615
25 70 0.601
25 47 0.658
25 46 0.178
25 33 0.023
25 34 0.099
25 58 0.383
25 60 0.43
25 31 0.068
25 27 0.122
25 49 0.164
25 39 0.186
25 43 0.224
25 53 0.043
25 73 0.016
25 26 0.023
25 40 0.206
25 42 0.167
25 30 0.246
25 37 0.26
25 63 0.198
25 64 0.241
25 66 0.112
25 69 0.179
25 72 0.022
25 28 0.237
25 35 0.02
25 36 0.066
25 61 0.358
25 62 0.19
25 74 0.178
25 29 0.155
25 32 0.117
25 45 0.187
25 48 0.144
25 51 0.145
25 52 0.097
25 54 0.143
25 55 0.192
25 71 0.176
26 47 1
26 42 1
26 32 0.671
26 50 0.779
26 29 0.348
26 44 0.082
26 55 0.365
26 74 0.795
26 40 0.358
26 66 0.489
26 33 0.313
26 56 0.137
26 60 0.081
26 68 0.114
26 70 0.203
26 28 0.194
26 30 0.164
26 35 0.232
26 38 0.047
26 43 0.47
26 58 0.135
26 73 0.127
26 27 0.272
26 34 0.484
26 49 0.167
26 51 0.22
26 52 0.113
26 53 0.133
26 57 0.169
26 63 0.143
26 71 0.051
26 31 0.156
26 37 0.113
26 39 0.149
26 41 0.141
26 45 0.142
26 48 0.165
26 65 0.166
26 67 0.112
26 72 0.127
27 44 0.662
27 47 0.24
27 37 0.84
27 57 0.094
27 30 0.138
27 34 0.701
27 69 0.609
27 48 0.567
27 28 0.249
27 41 0.231
27 43 0.251
27 63 0.177
27 66 0.588
27 32 0.242
27 45 0.134
27 42 0.261
27 53 0.295
27 29 0.139
27 52 0.399
27 56 0.017
27 73 0.135
27 51 0.111
27 35 0.131
27 49 0.141
27 50 0.088
27 54 0.307
27 60 0.253
27 70 0.131
27 72 0.204
27 74 0.114
27 31 0.179
27 40 0.133
27 58 0.109
27 61 0.32
27 64 0.115
27 71 0.105
27 33 0.165
27 36 0.158
27 38 0.154
27 39 0.133
27 46 0.13
27 59 0.184
28 36 0.73
28 48 0.882
28 41 0.537
28 74 0.515
28 54 0.784
28 39 0.318
28 50 0.576
28 37 0.175
28 31 0.478
28 35 0.869
28 62 0.24
28 57 0.218
28 67 0.112
28 51 0.191
28 47 0.168
28 56 0.327
28 70 0.106
28 49 0.124
28 60 0.122
28 69 0.156
28 44 0.158
28 45 0.069
28 63 0.089
28 66 0.363
28 30 0.058
28 34 0.038
28 38 0.159
28 42 0.254
28 52 0.181
28 61 0.151
28 68 0.159
28 71 0.19
28 29 0.189
28 43 0.153
28 64 0.177
29 70 0.757
29 42 0.762
29 56 0.801
29 51 0.718
29 46 0.84
29 30 0.295
29 48 0.108
29 53 0.438
29 57 0.447
29 45 0.63
29 64 0.192
29 35 0.232
29 43 0.264
29 67 0.371
29 32 0.025
29 36 0.09
29 37 0.133
29 55 0.119
29 69 0.274
29 71 0.372
29 38 0.223
29 47 0.113
29 50 0.106
29 63 0.278
29 66 0.125
29 31 0.164
29 39 0.149
29 41 0.153
29 58 0.161
29 65 0.16
29 68 0.159
29 40 0.122
29 49 0.151
29 54 0.137
29 59 0.144
29 62 0.152
29 72 0.175
29 73 0.147
30 37 0.997
30 59 0.9
30 54 1
30 70 0.64
30 36 0.887
30 44 0.574
30 34 0.235
30 40 0.125
30 67 0.347
30 38 0.437
30 69 0.184
30 41 0.228
30 65 0.053
30 31 0.064
30 58 0.275
30 61 0.139
30 64 0.12
30 53 0.099
30 63 0.126
30 66 0.158
30 71 0.083
30 46 0.193
30 50 0.147
30 51 0.035
30 56 0.167
30 62 0.074
30 73 0.036
30 35 0.031
30 39 0.031
30 45 0.127
30 68 0.099
30 72 0.057
30 74 0.127
30 33 0.17
30 42 0.17
30 48 0.198
30 49 0.108
31 62 0.767
31 61 0.962
31 55 0.798
31 34 0.774
31 42 0.29
31 67 0.748
31 33 0.396
31 38 0.535
31 56 0.596
31 69 0.088
31 45 0.265
31 49 0.194
31 53 0.139
31 73 0.145
31 32 0.074
31 52 0.386
31 68 0.155
31 58 0.207
31 36 0.237
31 39 0.083
31 50 0.416
31 71 0.017
31 72 0.078
31 35 0.161
31 40 0.146
31 51 0.159
31 57 0.149
31 70 0.158
31 37 0.137
31 41 0.164
31 43 0.144
31 48 0.181
31 63 0.191
31 66 0.152
31 74 0.175
32 62 0.516
32 57 0.533
32 37 0.973
32 60 0.797
32 68 0.636
32 70 0.568
32 71 0.55
32 34 0.116
32 50 0.069
32 51 0.327
32 42 0.073
32 49 0.24
32 58 0.068
32 47 0.139
32 52 0.068
32 73 0.153
32 48 0.152
32 55 0.161
32 56 0.166
32 36 0.048
32 54 0.186
32 33 0.152
32 39 0.207
32 43 0.149
32 44 0.161
32 45 0.193
32 46 0.152
32 61 0.118
32 63 0.132
32 64 0.198
32 65 0.151
32 72 0.139
33 54 0.606
33 36 0.941
33 55 0.459
33 59 0.304
33 63 0.435
33 65 0.109
33 52 0.508
33 34 0.076
33 44 0.246
33 47 0.043
33 50 0.542
33 64 0.302
33 69 0.182
33 43 0.182
33 53 0.121
33 74 0.177
33 37 0.135
33 40 0.172
33 58 0.251
33 72 0.282
33 73 0.05
33 35 0.153
33 39 0.251
33 51 0.18
33 57 0.016
33 60 0.192
33 61 0.154
33 62 0.157
33 66 0.214
33 68 0.052
33 70 0.057
33 71 0.153
33 41 0.174
33 42 0.143
33 45 0.169
33 48 0.114
34 44 0.81
34 50 0.648
34 58 1
34 57 0.51
34 48 0.095
34 56 0.613
34 74 0.013
34 71 0.09
34 72 0.312
34 36 0.183
34 42 0.009
34 47 0.134
34 61 0.245
34 69 0.061
34 51 0.167
34 65 0.088
34 70 0.333
34 35 0.167
34 39 0.083
34 46 0.004
34 52 0.105
34 64 0.125
34 40 0.265
34 41 0.133
34 43 0.105
34 54 0.017
34 60 0.03
34 62 0.189
34 68 0.016
34 37 0.189
34 38 0.111
34 45 0.187
34 49 0.147
34 55 0.157
34 59 0.137
34 63 0.173
34 73 0.118
35 69 0.774
35 46 0.976
35 39 0.595
35 51 0.813
35 60 0.577
35 48 0.665
35 65 0.331
35 41 0.27
35 49 0.319
35 59 0.525
35 70 0.177
35 57 0.53
35 36 0.274
35 43 0.28
35 58 0.179
35 62 0.165
35 71 0.159
35 61 0.014
35 45 0.143
35 47 0.434
35 55 0.097
35 42 0.242
35 50 0.156
35 38 0.133
35 52 0.151
35 53 0.089
35 56 0.17
35 63 0.102
35 64 0.17
35 66 0.148
35 73 0.13
36 45 1
36 53 0.674
36 60 0.463
36 42 0.755
36 51 0.566
36 38 0.753
36 39 0.493
36 56 0.165
36 70 0.654
36 40 0.321
36 49 0.322
36 55 0.14
36 73 0.253
36 37 0.046
36 44 0.207
36 64 0.271
36 41 0.29
36 61 0.212
36 71 0.115
36 47 0.239
36 54 0.152
36 63 0.16
36 66 0.152
36 67 0.213
36 72 0.094
36 48 0.126
36 58 0.18
36 59 0.18
36 65 0.193
36 69 0.177
36 74 0.132
37 43 0.424
37 63 0.72
37 68 0.025
37 69 0.618
37 48 0.569
37 54 0.331
37 39 0.174
37 45 0.564
37 44 0.028
37 40 0.127
37 49 0.027
37 50 0.173
37 59 0.282
37 71 0.106
37 38 0.125
37 42 0.188
37 61 0.268
37 62 0.309
37 41 0.256
37 46 0.215
37 57 0.031
37 60 0.256
37 65 0.153
37 47 0.171
37 51 0.092
37 53 0.227
37 67 0.213
37 73 0.16
38 39 0.638
38 63 0.957
38 59 0.474
38 44 0.897
38 55 0.323
38 51 0.068
38 56 0.171
38 46 0.514
38 65 0.095
38 57 0.247
38 64 0.015
38 42 0.089
38 43 0.215
38 48 0.375
38 58 0.198
38 62 0.183
38 40 0.111
38 41 0.174
38 47 0.154
38 52 0.161
38 69 0.166
38 73 0.124
38 53 0.167
38 68 0.14
38 70 0.139
38 71 0.199
38 72 0.136
39 71 0.997
39 70 0.822
39 68 1
39 51 0.536
39 53 0.416
39 61 0.344
39 45 0.414
39 59 0.1
39 63 0.256
39 49 0.149
39 54 0.351
39 62 0.263
39 67 0.446
39 48 0.114
39 55 0.289
39 52 0.31
39 42 0.487
39 56 0.097
39 69 0.256
39 72 0.16
39 43 0.094
39 50 0.313
39 57 0.346
39 60 0.04
39 64 0.18
39 74 0.093
39 40 0.158
39 58 0.149
39 73 0.183
40 41 0.733
40 58 0.73
40 48 0.576
40 59 0.257
40 61 0.249
40 69 0.263
40 57 0.076
40 49 0.214
40 42 0.189
40 56 0.138
40 60 0.182
40 62 0.156
40 64 0.057
40 65 0.173
40 66 0.448
40 51 0.155
40 70 0.093
40 72 0.108
40 73 0.104
40 74 0.163
40 46 0.092
40 47 0.118
40 50 0.16
40 52 0.165
40 63 0.157
40 68 0.083
41 70 0.7
41 45 0.188
41 48 0.264
41 73 0.506
41 59 0.16
41 61 0.177
41 64 0.441
41 46 0.284
41 56 0.279
41 60 0.317
41 62 0.074
41 71 0.248
41 74 0.038
41 53 0.052
41 54 0.159
41 65 0.177
41 42 0.021
41 49 0.112
41 52 0.196
41 63 0.117
41 67 0.098
41 43 0.115
41 47 0.148
41 50 0.213
41 55 0.146
41 57 0.154
41 58 0.144
41 68 0.124
41 69 0.171
42 60 0.834
42 53 1
42 69 1
42 63 0.498
42 59 0.943
42 52 0.272
42 45 0.264
42 49 0.227
42 43 0.277
42 50 0.26
42 46 0.433
42 51 0.231
42 57 0.379
42 64 0.223
42 48 0.262
42 65 0.306
42 54 0.198
42 71 0.142
42 72 0.126
42 47 0.17
42 56 0.17
42 66 0.247
42 62 0.181
42 67 0.129
42 70 0.178
42 73 0.136
43 60 0.957
43 73 0.24
43 53 0.212
43 45 0.644
43 61 0.579
43 47 0.344
43 57 0.158
43 74 0.218
43 51 0.236
43 66 0.129
43 71 0.126
43 44 0.115
43 54 0.011
43 48 0.047
43 56 0.181
43 59 0.129
43 67 0.148
43 72 0.049
43 46 0.126
43 49 0.18
43 50 0.159
43 52 0.156
43 58 0.179
43 63 0.106
43 64 0.122
43 65 0.153
43 69 0.13
44 57 0.998
44 65 0.782
44 47 0.718
44 52 0.3
44 71 0.192
44 55 0.59
44 61 0.278
44 51 0.217
44 59 0.247
44 68 0.418
44 56 0.103
44 72 0.102
44 74 0.171
44 53 0.166
44 62 0.148
44 69 0.253
44 45 0.119
44 46 0.162
44 48 0.15
44 49 0.136
44 58 0.176
44 60 0.138
44 63 0.144
44 64 0.128
44 70 0.115
44 73 0.147
45 61 1
45 67 0.281
45 56 0.622
45 47 0.972
45 52 1
45 66 0.472
45 68 0.024
45 49 0.288
45 70 0.174
45 72 0.208
45 46 0.385
45 55 0.343
45 59 0.08
45 51 0.058
45 60 0.353
45 73 0.027
45 54 0.333
45 62 0.195
45 74 0.089
45 64 0.055
45 71 0.164
45 48 0.201
45 50 0.163
45 63 0.135
45 65 0.134
46 47 0.692
46 61 1
46 53 1
46 59 0.538
46 73 0.947
46 74 0.799
46 49 0.418
46 50 0.17
46 62 0.65
46 57 0.397
46 48 0.363
46 63 0.223
46 70 0.096
46 56 0.157
46 68 0.074
46 69 0.055
46 51 0.135
46 54 0.237
46 60 0.198
46 65 0.089
46 66 0.194
46 55 0.107
46 72 0.041
46 52 0.117
46 64 0.145
46 71 0.1
47 59 1
47 72 0.687
47 61 0.397
47 66 0.131
47 54 0.165
47 50 0.28
47 67 0.214
47 49 0.363
47 58 0.424
47 63 0.107
47 70 0.114
47 51 0.287
47 53 0.143
47 55 0.167
47 73 0.134
47 74 0.04
47 48 0.162
47 52 0.15
47 57 0.161
47 60 0.122
47 62 0.186
47 65 0.146
47 68 0.135
47 71 0.209
48 74 0.85
48 51 0.551
48 67 0.267
48 73 0.013
48 52 0.321
48 56 0.294
48 49 0.116
48 50 0.188
48 53 0.218
48 72 0.092
48 54 0.186
48 57 0.171
48 70 0.074
48 59 0.064
48 61 0.087
48 68 0.081
48 58 0.148
48 60 0.155
48 63 0.093
48 65 0.162
48 66 0.122
48 71 0.135
49 60 0.919
49 69 0.629
49 72 0.533
49 54 0.096
49 61 0.27
49 51 0.109
49 58 0.194
49 65 0.237
49 62 0.206
49 66 0.008
49 53 0.135
49 56 0.079
49 70 0.177
49 71 0.257
49 73 0.195
49 74 0.003
49 64 0.255
49 67 0.117
49 50 0.164
49 57 0.176
49 59 0.136
50 66 0.602
50 52 0.2
50 54 0.004
50 73 0.548
50 59 0.276
50 62 0.591
50 71 0.214
50 67 0.067
50 72 0.134
50 55 0.25
50 60 0.021
50 65 0.194
50 74 0.329
50 56 0.202
50 68 0.241
50 63 0.187
50 69 0.14
50 51 0.18
50 64 0.2
50 70 0.125
51 65 0.689
51 57 0.246
51 59 0.111
51 52 0.228
51 69 0.07
51 62 0.073
51 72 0.171
51 73 0.039
51 74 0.097
51 53 0.206
51 54 0.051
51 55 0.119
51 60 0.14
51 61 0.176
51 63 0.18
51 66 0.062
51 67 0.251
51 70 0.271
52 60 0.071
52 58 0.11
52 62 0.289
52 67 0.227
52 54 0.489
52 55 0.515
52 73 0.053
52 53 0.08
52 69 0.168
52 70 0.163
52 63 0.023
52 66 0.345
52 56 0.14
52 68 0.007
52 61 0.124
52 64 0.122
52 65 0.152
52 72 0.172
52 74 0.183
53 74 0.769
53 66 0.723
53 64 0.765
53 68 0.538
53 70 0.232
53 62 0.563
53 55 0.238
53 65 0.17
53 60 0.144
53 61 0.229
53 73 0.18
53 54 0.109
53 58 0.098
53 59 0.063
53 63 0.226
53 69 0.165
53 72 0.159
54 61 0.938
54 56 0.506
54 64 0.836
54 67 0.662
54 71 0.075
54 57 0.145
54 60 0.325
54 70 0.384
54 74 0.292
54 62 0.125
54 65 0.177
54 69 0.282
54 66 0.143
54 73 0.206
54 58 0.129
54 59 0.167
54 72 0.15
55 69 1
55 64 0.633
55 58 1
55 71 0.651
55 61 0.673
55 66 0.28
55 70 0.312
55 59 0.215
55 74 0.212
55 60 0.205
55 65 0.177
55 73 0.03
55 63 0.241
55 56 0.149
55 68 0.061
55 57 0.158
55 67 0.149
55 72 0.202
56 57 0.838
56 64 0.883
56 61 0.37
56 60 0.096
56 70 0.282
56 67 0.098
56 72 0.011
56 73 0.158
56 66 0.269
56 59 0.168
56 63 0.264
56 69 0.149
56 58 0.102
56 68 0.179
56 74 0.143
57 62 0.831
57 64 0.993
57 66 0.931
57 70 0.319
57 73 0.127
57 59 0.327
57 74 0.347
57 58 0.179
57 65 0.03
57 71 0.18
57 63 0.21
57 60 0.222
57 61 0.187
57 67 0.134
57 68 0.116
57 69 0.162
58 60 0.654
58 74 0.21
58 65 0.172
58 68 0.441
58 62 0.325
58 73 0.627
58 63 0.253
58 64 0.08
58 69 0.213
58 59 0.097
58 72 0.168
58 61 0.126
58 71 0.085
58 66 0.153
58 70 0.15
59 73 0.621
59 67 0.384
59 72 0.191
59 61 0.206
59 66 0.086
59 68 0.007
59 65 0.002
59 62 0.133
59 63 0.162
59 60 0.185
59 64 0.225
59 69 0.122
60 62 0.582
60 72 0.832
60 64 0.125
60 67 0.29
60 69 0.036
60 66 0.211
60 63 0.194
60 65 0.205
60 68 0.184
60 70 0.143
60 71 0.132
60 73 0.194
61 63 1
61 64 0.025
61 72 0.146
61 65 0.926
61 66 0.307
61 70 0.142
61 69 0.266
61 71 0.338
61 68 0.158
61 73 0.156
61 74 0.182
61 67 0.156
62 64 0.613
62 67 0.119
62 63 0.656
62 71 0.29
62 73 0.104
62 74 0.386
62 65 0.204
62 70 0.086
62 66 0.144
62 68 0.145
62 72 0.158
63 72 0.594
63 67 0.986
63 66 0.606
63 74 0.03
63 73 0.136
63 64 0.125
64 70 0.179
64 71 0.364
64 72 0.022
64 73 0.153
64 68 0.278
64 69 0.16
64 67 0.234
65 66 0.384
65 67 0.53
65 73 0.338
65 70 0.157
65 74 0.135
65 68 0.127
65 69 0.092
65 71 0.164
65 72 0.208
66 68 0.237
66 70 0.532
66 72 0.236
66 73 0.189
66 74 0.169
66 69 0.172
66 71 0.143
67 73 0.131
67 69 0.21
67 70 0.184
67 68 0.154
67 74 0.102
67 71 0.106
68 69 0.905
68 72 0.237
68 74 0.245
68 71 0.095
68 73 0.11
69 74 0.744
69 73 0.117
70 73 0.67
70 74 0.376
70 71 0.133
70 72 0.214
71 72 0.469
72 73 0.172
72 74 0.158
