0 67 1
0 35 0.985
0 20 0.34
0 61 0.833
0 16 0.62
0 47 0.692
0 57 0.595
0 69 0.115
0 21 0.317
0 8 0.241
0 23 0.018
0 72 0.252
0 3 0.338
0 27 0.149
0 59 0.258
0 1 0.253
0 10 0.09
0 14 0.356
0 25 0.1
0 26 0.237
0 38 0.298
0 74 0.3
0 6 0.217
0 7 0.254
0 13 0.171
0 18 0.15
0 32 0.26
0 34 0.086
0 46 0.124
0 50 0.11
0 53 0.12
0 63 0.134
0 71 0.248
0 2 0.137
0 5 0.172
0 11 0.14
0 12 0.159
0 15 0.149
0 19 0.15
0 36 0.171
0 40 0.155
0 41 0.107
0 42 0.197
0 44 0.151
0 48 0.116
0 49 0.151
0 51 0.178
0 54 0.165
0 56 0.166
0 62 0.143
0 64 0.139
0 68 0.136
0 70 0.161
0 73 0.117
1 18 0.893
1 57 0.764
1 27 0.952
1 51 0.712
1 2 0.909
1 22 0.787
1 34 0.978
1 20 0.633
1 26 0.612
1 68 0.038
1 23 0.069
1 63 0.232
1 3 0.123
1 9 0.221
1 10 0.157
1 11 0.159
1 14 0.204
1 24 0.453
1 28 0.132
1 37 0.205
1 45 0.126
1 62 0.128
1 69 0.21
1 72 0.184
1 7 0.16
1 8 0.174
1 29 0.001
1 33 0.333
1 52 0.121
1 53 0.28
1 61 0.146
1 73 0.061
1 4 0.175
1 13 0.173
1 15 0.153
1 16 0.129
1 17 0.132
1 19 0.174
1 30 0.128
1 31 0.133
1 32 0.14
1 43 0.136
1 46 0.145
1 48 0.152
1 50 0.167
1 54 0.114
1 55 0.152
1 58 0.144
1 60 0.131
1 65 0.107
1 71 0.182
2 4 1
2 19 0.684
2 59 1
2 57 1
2 35 0.534
2 46 0.556
2 50 0.12
2 27 0.089
2 31 0.159
2 32 0.032
2 56 0.21
2 62 0.279
2 25 0.213
2 40 0.32
2 13 0.149
2 14 0.344
2 6 0.072
2 7 0.207
2 8 0.211
2 12 0.141
2 16 0.227
2 18 0.162
2 22 0.097
2 23 0.059
2 24 0.075
2 36 0.141
2 37 0.131
2 38 0.202
2 41 0.212
2 43 0.236
2 61 0.173
2 68 0.144
2 3 0.152
2 10 0.114
2 17 0.146
2 26 0.18
2 29 0.168
2 34 0.167
2 39 0.126
2 42 0.129
2 44 0.136
2 47 0.129
2 48 0.158
2 54 0.111
2 60 0.169
2 64 0.123
2 65 0.13
2 67 0.124
2 69 0.149
3 21 0.714
3 70 1
3 53 0.884
3 36 0.677
3 11 0.227
3 12 0.279
3 14 0.378
3 37 0.335
3 34 0.274
3 55 0.064
3 71 0.228
3 16 0.216
3 30 0.093
3 45 0.239
3 49 0.413
3 15 0.051
3 18 0.282
3 42 0.006
3 56 0.199
3 60 0.053
3 61 0.01
3 62 0.441
3 73 0.083
3 6 0.128
3 8 0.076
3 9 0.182
3 25 0.185
3 27 0.087
3 43 0.143
3 47 0.198
3 51 0.198
3 59 0.184
3 69 0.145
3 72 0.249
3 4 0.133
3 5 0.194
3 10 0.167
3 17 0.109
3 20 0.169
3 22 0.132
3 23 0.115
3 24 0.124
3 28 0.12
3 29 0.068
3 31 0.189
3 33 0.169
3 39 0.153
3 40 0.136
3 41 0.113
3 44 0.206
3 46 0.166
3 50 0.179
3 57 0.146
3 58 0.163
3 65 0.163
3 68 0.18
3 74 0.118
4 43 1
4 30 0.498
4 29 0.594
4 62 0.51
4 39 0.328
4 22 0.147
4 28 0.314
4 40 0.215
4 45 0.373
4 10 0.019
4 11 0.411
4 35 0.358
4 38 0.005
4 41 0.241
4 53 0.076
4 61 0.049
4 68 0.008
4 6 0.11
4 8 0.144
4 9 0.218
4 15 0.008
4 23 0.143
4 24 0.189
4 33 0.165
4 37 0.302
4 50 0.232
4 51 0.308
4 63 0.001
4 70 0.106
4 72 0.172
4 74 0.112
4 12 0.21
4 19 0.121
4 20 0.184
4 21 0.113
4 25 0.188
4 26 0.16
4 34 0.157
4 36 0.1
4 47 0.115
4 52 0.147
4 55 0.185
4 57 0.157
4 58 0.155
4 59 0.136
4 60 0.131
4 65 0.158
4 71 0.201
4 73 0.119
5 39 0.752
5 21 1
5 19 0.48
5 7 0.999
5 36 0.765
5 18 0.242
5 65 0.12
5 45 0.6
5 46 0.023
5 23 0.609
5 27 0.132
5 42 0.391
5 41 0.025
5 57 0.478
5 16 0.117
5 31 0.25
5 37 0.02
5 47 0.146
5 48 0.083
5 53 0.091
5 62 0.161
5 12 0.11
5 24 0.151
5 26 0.106
5 28 0.219
5 35 0.157
5 51 0.151
5 54 0.186
5 56 0.239
5 59 0.301
5 64 0.132
5 6 0.178
5 11 0.158
5 13 0.201
5 14 0.104
5 17 0.191
5 20 0.104
5 30 0.077
5 33 0.174
5 34 0.142
5 43 0.149
5 44 0.2
5 52 0.187
5 58 0.122
5 66 0.129
5 69 0.169
5 72 0.167
5 73 0.189
5 74 0.112
6 53 0.81
6 70 0.795
6 30 0.947
6 16 1
6 9 0.98
6 43 0.931
6 48 0.478
6 60 0.542
6 29 0.781
6 35 0.561
6 46 0.191
6 22 0.115
6 19 0.158
6 27 0.32
6 61 0.226
6 73 0.243
6 8 0.231
6 17 0.503
6 24 0.003
6 32 0.166
6 36 0.46
6 37 0.082
6 54 0.449
6 66 0.079
6 69 0.015
6 7 0.141
6 10 0.436
6 13 0.012
6 23 0.027
6 25 0.146
6 31 0.097
6 38 0.168
6 41 0.029
6 57 0.178
6 68 0.101
6 14 0.166
6 15 0.119
6 18 0.236
6 21 0.223
6 26 0.108
6 34 0.134
6 39 0.139
6 40 0.154
6 42 0.111
6 44 0.12
6 51 0.153
6 52 0.141
6 56 0.172
6 59 0.146
6 62 0.133
6 65 0.176
6 71 0.205
7 56 1
7 59 0.979
7 22 0.648
7 9 1
7 60 0.303
7 45 0.518
7 43 0.333
7 21 0.078
7 66 0.312
7 35 0.205
7 50 0.057
7 73 0.363
7 10 0.27
7 11 0.232
7 15 0.135
7 17 0.01
7 18 0.215
7 23 0.198
7 34 0.118
7 37 0.106
7 39 0.097
7 40 0.097
7 13 0.172
7 14 0.141
7 16 0.088
7 26 0.127
7 27 0.089
7 28 0.135
7 29 0.195
7 30 0.134
7 31 0.199
7 33 0.148
7 36 0.181
7 38 0.148
7 51 0.152
7 52 0.158
7 54 0.145
7 55 0.14
7 57 0.111
7 58 0.154
7 64 0.164
7 65 0.172
7 69 0.189
7 70 0.096
7 71 0.178
8 43 1
8 61 0.673
8 74 0.691
8 49 0.624
8 16 1
8 29 0.929
8 67 0.738
8 69 0.669
8 57 0.171
8 34 0.538
8 58 0.57
8 19 0.043
8 64 0.208
8 30 0.077
8 55 0.28
8 66 0.209
8 11 0.221
8 28 0.217
8 17 0.245
8 20 0.173
8 45 0.224
8 52 0.127
8 63 0.313
8 18 0.2
8 36 0.058
8 46 0.157
8 54 0.342
8 65 0.036
8 68 0.332
8 72 0.1
8 10 0.107
8 21 0.177
8 22 0.173
8 23 0.177
8 26 0.154
8 40 0.151
8 41 0.15
8 42 0.156
8 48 0.155
8 56 0.083
8 59 0.103
8 62 0.165
8 73 0.116
9 22 1
9 70 0.688
9 18 0.685
9 28 0.691
9 48 0.913
9 11 0.646
9 42 0.414
9 60 0.766
9 74 0.469
9 21 0.204
9 51 0.514
9 23 0.021
9 49 0.232
9 66 0.378
9 13 0.176
9 32 0.104
9 43 0.34
9 44 0.289
9 47 0.36
9 61 0.108
9 65 0.071
9 12 0.026
9 14 0.273
9 16 0.16
9 25 0.105
9 27 0.093
9 30 0.065
9 59 0.014
9 69 0.098
9 20 0.122
9 26 0.178
9 29 0.141
9 31 0.178
9 33 0.223
9 34 0.163
9 35 0.127
9 38 0.167
9 40 0.126
9 46 0.179
9 50 0.129
9 56 0.145
9 63 0.209
9 68 0.173
9 71 0.182
9 72 0.18
9 73 0.147
10 28 0.942
10 55 0.514
10 33 0.166
10 62 0.236
10 68 0.633
10 48 0.203
10 71 0.162
10 11 0.134
10 40 0.353
10 58 0.392
10 15 0.222
10 18 0.08
10 21 0.104
10 34 0.31
10 39 0.215
10 14 0.258
10 17 0.227
10 26 0.26
10 41 0.21
10 53 0.085
10 57 0.293
10 69 0.126
10 13 0.058
10 16 0.267
10 20 0.06
10 22 0.229
10 25 0.029
10 44 0.164
10 45 0.191
10 54 0.062
10 61 0.186
10 64 0.293
10 65 0.185
10 73 0.198
10 74 0.314
10 23 0.194
10 29 0.171
10 30 0.13
10 35 0.2
10 37 0.17
10 46 0.126
10 47 0.161
10 50 0.138
10 56 0.16
10 59 0.161
10 70 0.143
10 72 0.104
11 40 1
11 32 0.459
11 12 0.881
11 45 0.913
11 27 0.371
11 70 1
11 24 0.606
11 13 0.251
11 17 0.149
11 63 0.6
11 58 0.46
11 33 0.175
11 42 0.02
11 26 0.211
11 47 0.374
11 56 0.077
11 64 0.499
11 20 0.239
11 22 0.191
11 31 0.261
11 44 0.307
11 50 0.339
11 52 0.231
11 55 0.047
11 21 0.143
11 25 0.091
11 28 0.167
11 54 0.197
11 59 0.206
11 67 0.089
11 68 0.14
11 71 0.148
11 72 0.104
11 73 0.186
11 74 0.06
11 23 0.158
11 34 0.147
11 37 0.14
11 43 0.208
11 46 0.144
11 53 0.135
11 57 0.076
11 60 0.15
11 61 0.142
11 65 0.126
11 66 0.115
11 69 0.137
12 56 0.658
12 40 0.6
12 55 0.46
12 58 0.124
12 68 0.196
12 35 0.599
12 16 0.291
12 46 0.426
12 74 0.23
12 17 0.029
12 20 0.308
12 48 0.213
12 60 0.089
12 24 0.31
12 30 0.014
12 31 0.21
12 45 0.207
12 14 0.156
12 19 0.297
12 36 0.221
12 39 0.019
12 47 0.208
12 50 0.166
12 61 0.098
12 70 0.134
12 13 0.134
12 15 0.136
12 18 0.2
12 23 0.124
12 28 0.112
12 29 0.146
12 32 0.139
12 34 0.144
12 38 0.077
12 41 0.19
12 42 0.158
12 43 0.169
12 51 0.185
12 52 0.112
12 54 0.208
12 62 0.129
12 64 0.215
12 65 0.085
12 69 0.145
12 72 0.177
13 67 1
13 58 0.634
13 70 0.8
13 55 1
13 60 0.521
13 21 0.29
13 51 0.652
13 27 0.307
13 32 0.453
13 35 0.103
13 47 0.038
13 61 0.092
13 48 0.229
13 62 0.453
13 66 0.379
13 23 0.207
13 33 0.208
13 14 0.085
13 17 0.122
13 18 0.128
13 19 0.122
13 20 0.17
13 28 0.138
13 29 0.151
13 30 0.138
13 36 0.161
13 38 0.159
13 52 0.174
13 53 0.193
13 56 0.131
13 59 0.138
13 68 0.13
13 71 0.15
14 51 0.86
14 62 0.777
14 63 0.829
14 55 0.909
14 69 0.648
14 20 0.532
14 72 0.692
14 34 0.346
14 54 0.873
14 44 0.581
14 15 0.288
14 46 0.316
14 61 0.349
14 30 0.062
14 36 0.33
14 40 0.23
14 18 0.149
14 35 0.262
14 38 0.193
14 45 0.174
14 60 0.074
14 19 0.22
14 24 0.186
14 25 0.258
14 42 0.2
14 47 0.002
14 49 0.066
14 52 0.104
14 65 0.169
14 17 0.16
14 21 0.129
14 22 0.185
14 23 0.135
14 26 0.161
14 27 0.181
14 28 0.16
14 29 0.146
14 32 0.16
14 33 0.125
14 43 0.17
14 53 0.115
14 56 0.2
14 58 0.095
14 59 0.12
14 64 0.164
14 66 0.157
14 70 0.173
14 71 0.152
14 73 0.154
14 74 0.176
15 38 0.605
15 48 0.845
15 33 0.291
15 50 0.514
15 65 0.266
15 67 0.401
15 62 0.204
15 30 0.193
15 27 0.133
15 35 0.229
15 68 0.119
15 16 0.201
15 17 0.124
15 18 0.219
15 20 0.213
15 22 0.044
15 28 0.292
15 43 0.185
15 46 0.026
15 47 0.234
15 49 0.168
15 54 0.283
15 58 0.153
15 59 0.148
15 63 0.241
15 70 0.242
15 19 0.16
15 21 0.142
15 24 0.181
15 31 0.148
15 39 0.183
15 44 0.181
15 57 0.08
15 60 0.152
15 61 0.115
15 64 0.163
15 66 0.186
15 73 0.119
15 74 0.17
16 29 0.69
16 59 0.935
16 53 0.677
16 34 0.17
16 32 0.507
16 42 0.26
16 21 0.143
16 41 0.314
16 25 0.493
16 48 0.22
16 49 0.327
16 54 0.192
16 17 0.234
16 18 0.116
16 33 0.102
16 38 0.183
16 51 0.065
16 55 0.243
16 60 0.084
16 61 0.36
16 62 0.092
16 66 0.103
16 69 0.313
16 22 0.116
16 26 0.149
16 27 0.167
16 30 0.15
16 35 0.161
16 36 0.156
16 39 0.133
16 43 0.144
16 44 0.126
16 45 0.157
16 50 0.186
16 58 0.167
16 67 0.117
16 70 0.08
16 71 0.112
16 72 0.065
16 73 0.153
16 74 0.145
17 41 0.989
17 42 0.736
17 27 0.745
17 66 0.597
17 59 0.839
17 60 0.49
17 22 0.335
17 73 0.3
17 21 0.214
17 28 0.192
17 33 0.148
17 37 0.168
17 61 0.229
17 72 0.11
17 20 0.05
17 30 0.185
17 43 0.241
17 45 0.117
17 47 0.133
17 49 0.15
17 51 0.076
17 52 0.244
17 56 0.042
17 57 0.007
17 58 0.206
17 68 0.311
17 70 0.139
17 18 0.133
17 19 0.166
17 23 0.118
17 24 0.153
17 25 0.144
17 32 0.174
17 34 0.145
17 36 0.184
17 38 0.095
17 46 0.162
17 48 0.116
17 53 0.164
17 55 0.112
17 64 0.186
17 69 0.167
18 50 1
18 51 1
18 72 0.56
18 54 0.793
18 64 0.243
18 47 0.187
18 27 0.246
18 37 0.114
18 39 0.254
18 43 0.245
18 25 0.296
18 32 0.296
18 33 0.261
18 58 0.137
18 69 0.268
18 70 0.146
18 20 0.136
18 34 0.089
18 35 0.168
18 42 0.198
18 48 0.267
18 57 0.215
18 60 0.177
18 62 0.136
18 63 0.278
18 65 0.266
18 24 0.133
18 28 0.166
18 29 0.118
18 30 0.135
18 36 0.124
18 38 0.186
18 41 0.08
18 45 0.117
18 52 0.182
18 53 0.128
18 59 0.152
18 66 0.139
18 71 0.199
19 57 0.949
19 61 0.879
19 25 0.856
19 34 0.837
19 39 0.103
19 73 0.169
19 41 0.794
19 48 0.327
19 52 0.286
19 53 0.495
19 21 0.146
19 22 0.007
19 23 0.076
19 27 0.117
19 35 0.64
19 45 0.178
19 65 0.258
19 71 0.108
19 24 0.262
19 26 0.032
19 31 0.185
19 44 0.163
19 51 0.263
19 66 0.163
19 69 0.073
19 74 0.068
19 28 0.166
19 29 0.137
19 32 0.128
19 33 0.127
19 37 0.17
19 38 0.19
19 43 0.13
19 47 0.155
19 49 0.153
19 54 0.184
19 56 0.164
19 58 0.234
19 59 0.165
19 62 0.169
19 67 0.149
19 68 0.168
19 72 0.191
20 34 0.699
20 60 0.861
20 61 0.958
20 51 0.825
20 22 0.997
20 67 0.364
20 73 0.605
20 21 0.235
20 46 0.533
20 33 0.513
20 53 0.279
20 59 0.196
20 24 0.267
20 36 0.175
20 37 0.083
20 58 0.117
20 68 0.11
20 69 0.152
20 70 0.274
20 26 0.162
20 27 0.215
20 28 0.15
20 44 0.075
20 49 0.213
20 57 0.237
20 64 0.162
20 66 0.248
20 74 0.237
20 23 0.096
20 31 0.136
20 38 0.155
20 39 0.137
20 40 0.141
20 41 0.156
20 43 0.165
20 47 0.15
20 50 0.166
20 52 0.182
20 54 0.206
20 55 0.11
21 36 0.946
21 40 0.719
21 46 0.628
21 33 0.718
21 53 0.699
21 70 0.308
21 32 0.423
21 59 0.36
21 26 0.402
21 29 0.169
21 37 0.046
21 38 0.261
21 49 0.151
21 51 0.334
21 64 0.253
21 73 0.123
21 27 0.217
21 30 0.086
21 50 0.043
21 54 0.043
21 57 0.123
21 62 0.11
21 65 0.291
21 71 0.213
21 23 0.1
21 24 0.234
21 25 0.197
21 28 0.157
21 35 0.142
21 39 0.167
21 41 0.166
21 42 0.185
21 44 0.167
21 48 0.175
21 60 0.179
21 63 0.157
21 67 0.123
21 69 0.165
22 71 0.662
22 34 0.944
22 26 0.844
22 62 0.097
22 33 0.22
22 41 0.069
22 56 0.228
22 67 0.276
22 38 0.255
22 43 0.282
22 65 0.194
22 25 0.146
22 37 0.19
22 55 0.185
22 73 0.035
22 74 0.114
22 23 0.184
22 29 0.181
22 30 0.183
22 31 0.182
22 35 0.152
22 46 0.2
22 47 0.136
22 50 0.105
22 52 0.177
22 61 0.114
22 63 0.11
22 68 0.186
22 69 0.134
23 25 0.685
23 37 0.826
23 24 0.802
23 35 0.775
23 52 0.673
23 41 0.693
23 63 0.007
23 43 0.061
23 48 0.296
23 62 0.213
23 28 0.147
23 39 0.172
23 51 0.024
23 54 0.381
23 56 0.22
23 57 0.198
23 68 0.171
23 69 0.159
23 29 0.189
23 45 0.163
23 53 0.165
23 66 0.285
23 67 0.263
23 71 0.159
23 26 0.112
23 27 0.161
23 30 0.105
23 31 0.14
23 32 0.138
23 34 0.127
23 36 0.13
23 38 0.162
23 40 0.21
23 42 0.175
23 44 0.156
23 49 0.154
23 55 0.16
23 58 0.177
23 59 0.126
23 60 0.15
23 61 0.16
23 65 0.169
23 73 0.183
23 74 0.122
24 25 0.477
24 26 0.92
24 42 0.947
24 63 0.873
24 32 0.656
24 35 0.437
24 38 0.177
24 54 0.231
24 72 0.074
24 39 0.494
24 40 0.394
24 45 0.252
24 46 0.182
24 56 0.105
24 28 0.097
24 47 0.202
24 52 0.439
24 60 0.3
24 62 0.087
24 68 0.016
24 34 0.202
24 36 0.213
24 58 0.205
24 59 0.233
24 65 0.161
24 71 0.091
24 29 0.146
24 30 0.152
24 31 0.126
24 33 0.147
24 43 0.206
24 44 0.17
24 49 0.1
24 50 0.154
24 51 0.189
24 53 0.141
24 61 0.113
24 67 0.154
24 73 0.119
24 74 0.136
25 48 1
25 32 0.988
25 49 0.705
25 37 1
25 66 0.389
25 35 0.535
25 44 0.116
25 30 0.065
25 59 0.197
25 26 0.23
25 45 0.284
25 54 0.527
25 69 0.047
25 31 0.225
25 60 0.109
25 33 0.018
25 34 0.011
25 38 0.046
25 57 0.057
25 62 0.146
25 65 0.064
25 27 0.149
25 29 0.077
25 36 0.13
25 39 0.153
25 40 0.156
25 50 0.125
25 51 0.163
25 52 0.179
25 53 0.184
25 58 0.126
25 64 0.184
25 67 0.153
25 71 0.147
26 52 0.535
26 35 0.939
26 36 0.923
26 40 0.695
26 39 0.155
26 61 0.141
26 62 0.047
26 43 0.175
26 44 0.189
26 47 0.176
26 55 0.113
26 63 0.328
26 65 0.057
26 30 0.188
26 32 0.128
26 33 0.145
26 34 0.143
26 38 0.142
26 45 0.136
26 46 0.15
26 50 0.189
26 51 0.171
26 53 0.158
26 54 0.152
26 57 0.216
26 58 0.152
26 64 0.132
26 66 0.1
26 67 0.179
26 68 0.17
26 70 0.163
26 71 0.127
26 72 0.136
27 51 0.966
27 69 0.88
27 43 0.617
27 45 0.76
27 74 0.655
27 41 0.201
27 47 0.154
27 70 0.101
27 40 0.029
27 55 0.025
27 67 0.258
27 68 0.085
27 33 0.095
27 62 0.042
27 28 0.215
27 31 0.168
27 35 0.109
27 36 0.093
27 42 0.147
27 48 0.168
27 50 0.185
27 54 0.195
27 56 0.158
27 58 0.168
27 59 0.136
27 60 0.148
27 64 0.124
27 66 0.136
27 72 0.17
27 73 0.118
28 57 1
28 59 0.832
28 34 0.138
28 45 0.096
28 49 0.057
28 54 0.141
28 52 0.388
28 32 0.155
28 35 0.06
28 36 0.285
28 41 0.275
28 71 0.168
28 31 0.109
28 33 0.098
28 37 0.308
28 38 0.184
28 42 0.277
28 44 0.339
28 48 0.026
28 53 0.044
28 60 0.073
28 70 0.123
28 29 0.156
28 30 0.142
28 39 0.134
28 40 0.143
28 46 0.163
28 50 0.191
28 56 0.158
28 58 0.166
28 63 0.116
28 66 0.155
28 67 0.193
28 72 0.127
28 73 0.184
29 56 0.742
29 64 0.648
29 36 0.512
29 47 0.298
29 35 0.168
29 51 0.063
29 45 0.113
29 55 0.043
29 68 0.235
29 74 0.083
29 46 0.021
29 48 0.168
29 57 0.207
29 69 0.148
29 31 0.16
29 40 0.164
29 41 0.13
29 42 0.144
29 44 0.126
29 52 0.151
29 53 0.148
29 54 0.115
29 59 0.147
29 65 0.174
29 66 0.163
29 72 0.156
30 38 0.839
30 49 0.899
30 63 1
30 67 1
30 32 0.813
30 61 0.635
30 35 0.741
30 74 0.379
30 31 0.333
30 43 0.153
30 34 0.047
30 42 0.193
30 47 0.167
30 36 0.299
30 44 0.163
30 45 0.324
30 48 0.161
30 50 0.127
30 53 0.16
30 54 0.093
30 57 0.085
30 69 0.169
30 70 0.305
30 71 0.182
30 37 0.173
30 41 0.153
30 46 0.134
30 56 0.143
30 58 0.154
30 60 0.162
30 62 0.149
30 64 0.177
30 68 0.196
31 44 0.918
31 35 0.624
31 57 0.618
31 60 0.17
31 74 0.377
31 58 0.096
31 64 0.293
31 68 0.219
31 34 0.148
31 38 0.163
31 50 0.135
31 66 0.104
31 70 0.169
31 72 0.118
31 36 0.082
31 37 0.148
31 39 0.13
31 40 0.163
31 41 0.16
31 43 0.176
31 48 0.228
31 53 0.145
31 56 0.085
31 59 0.165
31 62 0.165
31 63 0.14
31 69 0.151
31 71 0.096
32 49 0.583
32 69 1
32 34 0.506
32 52 0.925
32 54 0.562
32 42 0.534
32 58 0.717
32 62 0.753
32 43 0.511
32 57 0.491
32 40 0.147
32 41 0.074
32 68 0.442
32 71 0.283
32 36 0.147
32 47 0.12
32 63 0.166
32 74 0.149
32 35 0.128
32 37 0.165
32 38 0.177
32 44 0.156
32 45 0.13
32 46 0.136
32 51 0.141
32 53 0.115
32 56 0.148
32 59 0.101
32 61 0.211
32 64 0.159
32 65 0.173
32 66 0.12
32 67 0.124
32 70 0.15
32 72 0.145
33 66 0.957
33 61 0.484
33 72 0.85
33 48 1
33 63 0.948
33 45 0.826
33 36 0.987
33 47 0.598
33 68 0.915
33 40 0.735
33 38 0.118
33 39 0.205
33 55 0.161
33 57 0.035
33 65 0.17
33 49 0.077
33 51 0.133
33 56 0.107
33 67 0.057
33 34 0.112
33 37 0.161
33 43 0.144
33 50 0.117
33 52 0.136
33 53 0.16
33 58 0.189
33 60 0.147
33 70 0.195
33 73 0.14
34 67 0.63
34 57 0.797
34 71 0.447
34 69 0.928
34 47 1
34 41 0.86
34 45 0.849
34 40 0.279
34 66 0.33
34 50 0.232
34 42 0.334
34 35 0.277
34 36 0.268
34 51 0.19
34 64 0.172
34 37 0.221
34 63 0.227
34 65 0.181
34 54 0.107
34 61 0.054
34 73 0.287
34 39 0.171
34 56 0.115
34 59 0.24
34 60 0.142
34 68 0.199
34 70 0.12
34 74 0.147
35 49 0.718
35 38 0.646
35 55 0.686
35 67 0.562
35 71 0.17
35 36 0.079
35 40 0.119
35 53 0.13
35 61 0.109
35 39 0.112
35 43 0.183
35 46 0.136
35 57 0.055
35 64 0.076
35 66 0.227
35 68 0.043
35 74 0.078
35 37 0.156
35 44 0.192
35 47 0.155
35 50 0.133
35 58 0.159
35 63 0.143
35 65 0.202
36 46 0.822
36 43 1
36 71 0.783
36 69 0.188
36 50 0.084
36 41 0.21
36 49 0.141
36 60 0.164
36 63 0.231
36 40 0.24
36 48 0.277
36 52 0.049
36 64 0.042
36 66 0.006
36 72 0.193
36 37 0.16
36 38 0.17
36 44 0.109
36 45 0.136
36 47 0.149
36 51 0.141
36 53 0.109
36 62 0.184
36 68 0.136
36 70 0.12
36 74 0.139
37 72 0.606
37 64 0.788
37 48 0.719
37 39 0.539
37 53 0.606
37 61 0.588
37 63 0.587
37 57 0.008
37 47 0.181
37 65 0.22
37 69 0.505
37 42 0.3
37 43 0.119
37 44 0.148
37 46 0.222
37 67 0.16
37 40 0.14
37 45 0.119
37 49 0.085
37 51 0.128
37 54 0.137
37 55 0.157
37 58 0.138
37 59 0.15
37 60 0.184
37 66 0.132
37 68 0.098
37 70 0.133
37 71 0.122
37 74 0.154
38 56 0.959
38 48 0.557
38 47 0.92
38 74 0.527
38 66 0.066
38 67 0.032
38 54 0.409
38 68 0.498
38 50 0.251
38 63 0.282
38 58 0.028
38 42 0.095
38 44 0.237
38 64 0.226
38 43 0.176
38 55 0.208
38 59 0.157
38 60 0.317
38 71 0.022
38 46 0.145
38 49 0.186
38 51 0.184
38 53 0.173
38 62 0.182
38 72 0.176
39 57 0.735
39 61 0.514
39 45 0.774
39 68 0.599
39 41 0.279
39 49 0.35
39 60 0.204
39 43 0.094
39 54 0.278
39 73 0.225
39 42 0.256
39 50 0.167
39 51 0.178
39 53 0.12
39 58 0.333
39 66 0.387
39 70 0.117
39 40 0.18
39 44 0.128
39 46 0.21
39 47 0.098
39 55 0.166
39 63 0.188
39 65 0.155
39 67 0.14
39 69 0.121
39 74 0.159
40 52 1
40 71 0.854
40 53 0.775
40 64 0.452
40 63 0.882
40 44 0.178
40 51 0.163
40 68 0.114
40 60 0.35
40 62 0.347
40 47 0.084
40 45 0.175
40 54 0.41
40 61 0.225
40 72 0.21
40 42 0.115
40 58 0.159
40 65 0.247
40 69 0.131
40 41 0.188
40 46 0.129
40 48 0.133
40 56 0.122
40 66 0.136
40 67 0.161
40 74 0.151
41 52 0.547
41 71 0.737
41 72 0.736
41 49 0.076
41 53 0.828
41 46 0.691
41 51 0.327
41 44 0.234
41 60 0.266
41 63 0.285
41 67 0.256
41 68 0.062
41 43 0.217
41 45 0.061
41 47 0.101
41 48 0.139
41 50 0.109
41 54 0.12
41 62 0.064
41 66 0.327
41 42 0.137
41 58 0.172
41 64 0.143
41 69 0.111
41 70 0.185
41 73 0.176
41 74 0.178
42 59 0.972
42 45 0.843
42 47 0.886
42 48 0.984
42 60 0.292
42 70 0.618
42 46 0.514
42 68 0.266
42 56 0.218
42 58 0.279
42 67 0.076
42 49 0.151
42 50 0.173
42 52 0.111
42 53 0.156
42 57 0.199
42 66 0.104
42 69 0.154
42 71 0.153
43 44 0.359
43 67 0.377
43 53 0.109
43 46 0.225
43 54 0.201
43 45 0.173
43 49 0.139
43 62 0.199
43 65 0.265
43 66 0.237
43 69 0.239
43 73 0.224
43 51 0.107
43 52 0.164
43 58 0.167
43 60 0.184
43 63 0.135
43 64 0.146
43 68 0.122
43 70 0.151
43 71 0.107
43 72 0.096
43 74 0.13
44 64 0.945
44 69 0.348
44 47 0.38
44 60 0.259
44 51 0.688
44 45 0.228
44 62 0.257
44 65 0.367
44 66 0.151
44 49 0.179
44 52 0.188
44 54 0.205
44 57 0.073
44 63 0.22
44 68 0.142
44 48 0.177
44 50 0.157
44 55 0.17
44 58 0.113
44 61 0.166
44 74 0.212
45 48 0.709
45 67 0.169
45 72 0.546
45 58 0.553
45 73 0.063
45 52 0.122
45 61 0.281
45 74 0.107
45 47 0.289
45 63 0.172
45 68 0.131
45 70 0.164
45 46 0.13
45 49 0.144
45 57 0.174
45 62 0.127
45 66 0.129
45 71 0.126
46 59 1
46 51 1
46 67 0.861
46 69 0.291
46 47 0.688
46 64 0.682
46 48 0.397
46 63 0.417
46 60 0.544
46 72 0.383
46 54 0.236
46 58 0.118
46 62 0.262
46 66 0.182
46 70 0.017
46 49 0.173
46 50 0.155
46 56 0.089
46 61 0.204
46 65 0.164
47 57 0.672
47 58 0.595
47 61 0.117
47 51 0.304
47 54 0.079
47 67 0.109
47 64 0.213
47 62 0.108
47 50 0.117
47 53 0.151
47 56 0.137
47 59 0.129
47 68 0.13
47 72 0.146
47 73 0.123
48 54 0.828
48 52 0.046
48 60 0.257
48 51 0.15
48 59 0.382
48 71 0.14
48 58 0.08
48 61 0.174
48 64 0.185
48 55 0.138
48 56 0.143
48 57 0.109
48 62 0.151
48 63 0.165
48 67 0.194
48 69 0.163
48 70 0.196
48 74 0.15
49 57 1
49 61 0.413
49 62 0.288
49 68 0.739
49 54 0.101
49 50 0.229
49 53 0.298
49 59 0.156
49 51 0.157
49 52 0.141
49 65 0.148
49 67 0.161
49 69 0.154
49 70 0.162
49 71 0.15
50 57 0.973
50 53 0.041
50 60 0.001
50 72 0.072
50 73 0.073
50 58 0.116
50 64 0.145
50 51 0.161
50 52 0.185
50 56 0.113
50 59 0.132
50 63 0.121
50 65 0.168
50 70 0.164
50 74 0.177
51 66 0.832
51 57 0.725
51 59 0.947
51 70 0.137
51 69 0.773
51 71 0.427
51 53 0.015
51 58 0.131
51 67 0.187
51 68 0.395
51 73 0.09
51 56 0.191
51 65 0.015
51 52 0.184
51 54 0.169
51 55 0.202
51 60 0.134
51 63 0.145
51 64 0.167
51 72 0.17
52 72 1
52 56 0.526
52 61 0.424
52 69 0.44
52 71 0.676
52 55 0.174
52 57 0.223
52 64 0.517
52 74 0.087
52 54 0.26
52 58 0.201
52 59 0.306
52 53 0.166
52 60 0.169
52 67 0.194
52 68 0.124
52 73 0.193
53 73 0.897
53 70 0.928
53 63 0.532
53 67 0.169
53 74 0.456
53 54 0.167
53 57 0.169
53 60 0.241
53 55 0.154
53 61 0.149
53 62 0.154
53 64 0.148
53 66 0.126
53 68 0.133
53 71 0.107
54 58 0.817
54 62 0.265
54 65 0.612
54 55 0.299
54 64 0.297
54 57 0.053
54 66 0.292
54 69 0.206
54 70 0.191
54 71 0.169
54 74 0.16
54 56 0.159
54 59 0.15
54 60 0.077
54 63 0.161
55 70 0.607
55 58 0.248
55 74 0.027
55 64 0.008
55 67 0.065
55 56 0.091
55 57 0.07
55 61 0.133
55 65 0.398
55 71 0.078
55 62 0.168
55 63 0.201
55 66 0.139
55 68 0.161
55 69 0.171
55 72 0.177
55 73 0.13
56 67 0.874
56 64 0.569
56 59 0.342
56 60 0.285
56 57 0.343
56 58 0.155
56 61 0.142
56 63 0.136
56 65 0.126
56 66 0.17
56 69 0.161
56 70 0.138
56 71 0.124
56 74 0.195
57 71 0.814
57 61 0.99
57 70 0.489
57 64 0.077
57 68 0.029
57 58 0.24
57 62 0.136
57 66 0.16
57 69 0.114
57 72 0.143
57 74 0.107
58 73 0.874
58 59 0.817
58 61 1
58 63 0.192
58 65 0.131
58 66 0.074
58 62 0.176
58 67 0.158
58 68 0.18
58 74 0.183
59 60 0.394
59 69 0.89
59 63 0.637
59 65 0.171
59 61 0.162
59 71 0.161
59 62 0.155
59 64 0.189
59 66 0.161
59 67 0.169
59 70 0.116
59 73 0.135
59 74 0.14
60 68 0.938
60 64 0.647
60 74 0.733
60 72 0.031
60 69 0.076
60 62 0.129
60 63 0.131
60 66 0.2
61 64 0.65
61 74 0.322
61 65 0.198
61 63 0.141
61 66 0.17
61 67 0.121
61 68 0.138
61 69 0.097
61 70 0.11
61 73 0.224
62 74 0.322
62 67 0.207
62 68 0.207
62 72 0.032
62 64 0.236
62 69 0.098
62 63 0.107
62 65 0.146
62 66 0.128
62 73 0.178
63 72 0.968
63 71 0.229
63 73 0.144
63 67 0.166
63 68 0.098
63 70 0.129
63 74 0.142
64 74 0.955
64 73 0.376
64 66 0.406
64 70 0.103
64 65 0.192
64 68 0.126
65 73 0.428
65 67 0.078
65 70 0.163
65 74 0.156
65 71 0.155
66 74 0.177
66 67 0.161
66 69 0.15
66 72 0.205
66 73 0.128
67 72 0.72
67 69 0.712
67 71 0.026
67 74 0.263
67 73 0.034
67 70 0.156
68 72 0.809
68 69 0.355
68 70 0.071
68 73 0.135
68 71 0.088
68 74 0.099
69 73 0.188
70 74 0.365
70 72 0.148
70 73 0.168
71 72 0.125
71 73 0.186
72 73 0.199
72 74 0.125
73 74 0.147
