0 63 0.569
0 62 0.745
0 5 0.929
0 44 0.793
0 33 0.607
0 61 0.769
0 65 1
0 1 0.132
0 7 0.147
0 11 0.153
0 15 0.138
0 19 0.132
0 20 0.114
0 30 0.158
0 31 0.2
0 35 0.162
0 36 0.154
0 38 0.174
0 40 0.182
0 41 0.149
0 45 0.139
0 48 0.208
0 50 0.188
0 55 0.175
0 64 0.145
0 66 0.137
0 72 0.145
0 74 0.146
1 8 1
1 11 0.645
1 21 0.586
1 58 1
1 15 0.622
1 14 0.19
1 45 0.116
1 5 0.229
1 18 0.212
1 22 0.039
1 41 0.134
1 42 0.368
1 3 0.179
1 6 0.118
1 7 0.129
1 9 0.105
1 10 0.162
1 24 0.1
1 31 0.144
1 39 0.142
1 44 0.17
1 47 0.166
1 49 0.154
1 56 0.132
1 59 0.172
1 63 0.143
1 66 0.177
1 68 0.169
2 54 0.907
2 37 0.739
2 60 0.691
2 14 0.278
2 25 0.08
2 49 0.028
2 4 0.131
2 7 0.113
2 9 0.152
2 11 0.122
2 18 0.22
2 22 0.095
2 23 0.093
2 31 0.168
2 36 0.171
2 55 0.162
2 59 0.112
2 69 0.174
2 71 0.164
2 73 0.107
3 29 0.95
3 52 0.633
3 31 0.004
3 5 0.21
3 8 0.192
3 12 0.14
3 14 0.142
3 18 0.175
3 19 0.144
3 20 0.167
3 25 0.175
3 27 0.175
3 35 0.186
3 42 0.154
3 47 0.077
3 53 0.121
3 54 0.196
3 58 0.176
3 61 0.135
3 62 0.189
3 64 0.14
3 65 0.154
3 68 0.156
3 69 0.151
3 71 0.188
3 72 0.123
4 18 0.675
4 70 0.668
4 43 1
4 51 1
4 16 0.821
4 31 0.915
4 12 0.505
4 38 0.09
4 65 0.132
4 7 0.172
4 9 0.179
4 17 0.169
4 23 0.136
4 25 0.116
4 26 0.083
4 28 0.14
4 32 0.179
4 37 0.182
4 39 0.151
4 46 0.138
4 47 0.129
4 53 0.091
4 59 0.164
4 60 0.174
4 61 0.111
4 64 0.126
4 69 0.121
4 74 0.162
5 32 1
5 21 0.889
5 6 0.262
5 19 0.222
5 34 0.135
5 36 0.106
5 46 0.136
5 73 0.182
5 8 0.164
5 25 0.156
5 30 0.174
5 38 0.118
5 40 0.07
5 42 0.115
5 44 0.199
5 48 0.179
5 54 0.139
5 55 0.09
5 57 0.179
5 63 0.127
5 74 0.165
6 57 0.995
6 60 0.839
6 53 0.786
6 32 0.807
6 9 0.924
6 17 0.091
6 12 0.179
6 28 0.156
6 61 0.13
6 8 0.111
6 13 0.152
6 20 0.163
6 21 0.151
6 24 0.18
6 27 0.153
6 31 0.106
6 36 0.12
6 44 0.11
6 45 0.163
6 48 0.224
6 50 0.172
6 51 0.188
6 54 0.169
6 56 0.153
6 63 0.138
6 64 0.189
6 67 0.178
6 68 0.182
6 73 0.129
6 74 0.183
7 13 0.973
7 45 0.993
7 44 0.952
7 40 0.785
7 11 0.532
7 47 0.143
7 16 0.122
7 17 0.193
7 57 0.162
7 8 0.117
7 21 0.153
7 24 0.15
7 25 0.19
7 27 0.172
7 36 0.093
7 42 0.202
7 59 0.126
7 68 0.134
7 70 0.16
7 72 0.149
8 45 0.492
8 19 0.62
8 40 0.718
8 28 0.898
8 10 0.165
8 11 0.146
8 12 0.144
8 14 0.128
8 16 0.171
8 21 0.159
8 25 0.114
8 27 0.184
8 33 0.168
8 39 0.143
8 44 0.167
8 49 0.131
8 50 0.145
8 54 0.161
8 60 0.118
8 72 0.178
9 27 0.601
9 42 0.578
9 69 0.793
9 47 0.534
9 52 0.201
9 31 0.152
9 37 0.183
9 60 0.16
9 11 0.171
9 12 0.188
9 15 0.111
9 19 0.201
9 21 0.147
9 25 0.112
9 33 0.148
9 41 0.145
9 44 0.16
9 50 0.171
9 53 0.123
9 59 0.118
9 63 0.204
9 70 0.199
9 73 0.088
9 74 0.191
10 30 0.943
10 60 1
10 65 0.624
10 59 1
10 49 0.701
10 53 0.657
10 22 0.996
10 46 0.75
10 56 0.316
10 52 0.206
10 66 0.064
10 72 0.169
10 11 0.147
10 13 0.128
10 15 0.206
10 19 0.112
10 21 0.158
10 25 0.15
10 26 0.119
10 27 0.14
10 28 0.167
10 32 0.121
10 37 0.158
10 38 0.161
10 44 0.228
10 48 0.167
10 50 0.136
10 62 0.141
10 63 0.172
11 25 0.946
11 69 0.705
11 52 0.804
11 71 0.198
11 26 0.158
11 43 0.148
11 49 0.224
11 51 0.396
11 14 0.148
11 17 0.161
11 20 0.161
11 27 0.102
11 32 0.164
11 36 0.183
11 37 0.131
11 40 0.176
11 48 0.159
11 53 0.152
11 63 0.131
11 65 0.145
11 66 0.167
11 70 0.24
12 61 0.891
12 45 0.966
12 50 0.888
12 15 0.168
12 16 0.127
12 20 0.145
12 26 0.13
12 38 0.214
12 70 0.131
12 14 0.162
12 21 0.119
12 22 0.158
12 23 0.098
12 29 0.162
12 32 0.132
12 36 0.153
12 39 0.142
12 41 0.119
12 42 0.164
12 53 0.14
12 54 0.132
12 56 0.132
12 58 0.178
12 64 0.134
12 72 0.106
12 73 0.094
12 74 0.089
13 52 1
13 33 0.547
13 29 0.653
13 23 0.869
13 63 0.128
13 35 0.07
13 17 0.14
13 21 0.16
13 24 0.152
13 25 0.191
13 30 0.149
13 37 0.117
13 43 0.158
13 45 0.131
13 47 0.169
13 53 0.157
13 55 0.133
13 64 0.165
13 65 0.15
13 72 0.162
14 18 0.752
14 42 1
14 47 0.978
14 44 0.158
14 49 0.171
14 59 0.257
14 73 0.326
14 20 0.083
14 22 0.203
14 24 0.209
14 26 0.161
14 29 0.115
14 33 0.137
14 34 0.136
14 38 0.127
14 46 0.127
14 62 0.194
14 67 0.159
15 65 0.839
15 24 0.912
15 49 0.859
15 17 0.118
15 23 0.198
15 28 0.152
15 32 0.157
15 35 0.211
15 41 0.164
15 48 0.156
15 51 0.145
15 52 0.162
15 54 0.148
15 59 0.184
15 61 0.205
15 70 0.139
15 73 0.139
15 74 0.143
16 24 1
16 23 0.518
16 26 0.106
16 57 0.028
16 71 0.183
16 17 0.135
16 29 0.14
16 34 0.109
16 35 0.151
16 39 0.163
16 41 0.139
16 45 0.134
16 46 0.153
16 49 0.171
16 51 0.157
16 53 0.17
16 58 0.159
16 61 0.141
16 62 0.157
16 66 0.161
16 67 0.145
16 70 0.113
16 72 0.1
16 73 0.152
16 74 0.142
17 38 0.739
17 39 0.864
17 33 0.566
17 44 0.131
17 21 0.175
17 22 0.158
17 23 0.166
17 27 0.118
17 28 0.131
17 31 0.157
17 43 0.119
17 49 0.151
17 50 0.173
17 53 0.108
17 56 0.2
17 58 0.145
17 59 0.145
17 67 0.143
17 69 0.131
18 34 0.623
18 41 1
18 26 0.137
18 28 0.138
18 47 0.274
18 20 0.148
18 36 0.181
18 40 0.165
18 43 0.168
18 44 0.153
18 48 0.198
18 49 0.093
18 62 0.171
18 71 0.107
18 73 0.169
18 74 0.177
19 65 0.964
19 47 0.808
19 33 0.996
19 32 0.828
19 71 0.16
19 20 0.093
19 26 0.167
19 67 0.164
19 23 0.127
19 25 0.172
19 30 0.132
19 39 0.19
19 40 0.134
19 44 0.208
19 50 0.158
19 61 0.136
19 62 0.131
19 64 0.145
19 70 0.161
20 23 0.609
20 57 0.69
20 35 0.662
20 70 0.786
20 63 0.896
20 26 0.199
20 44 0.094
20 60 0.04
20 21 0.111
20 31 0.156
20 41 0.112
20 48 0.169
20 56 0.144
20 69 0.214
20 73 0.148
20 74 0.169
21 43 0.721
21 62 0.688
21 46 0.145
21 44 0.168
21 35 0.127
21 40 0.152
21 41 0.155
21 42 0.137
21 47 0.192
21 50 0.167
21 51 0.153
21 55 0.088
21 58 0.146
21 59 0.154
21 60 0.096
21 63 0.137
21 68 0.09
21 69 0.156
21 73 0.117
21 74 0.106
22 69 0.603
22 42 0.728
22 49 0.126
22 29 0.094
22 33 0.191
22 34 0.129
22 36 0.135
22 38 0.12
22 39 0.178
22 45 0.137
22 53 0.162
22 58 0.156
22 60 0.178
22 61 0.137
22 68 0.141
23 43 0.771
23 60 0.173
23 62 0.124
23 25 0.145
23 31 0.123
23 32 0.134
23 33 0.136
23 40 0.205
23 41 0.167
23 47 0.095
23 55 0.126
23 66 0.14
23 71 0.116
23 74 0.163
24 52 0.647
24 47 0.906
24 74 0.763
24 68 0.68
24 56 0.868
24 30 0.412
24 35 0.216
24 41 0.254
24 55 0.181
24 59 0.11
24 25 0.157
24 26 0.17
24 29 0.197
24 33 0.144
24 34 0.137
24 44 0.166
24 48 0.111
24 51 0.157
24 64 0.14
24 66 0.132
24 69 0.182
24 70 0.111
24 71 0.173
24 72 0.14
25 46 0.947
25 74 1
25 51 0.771
25 28 0.155
25 65 0.193
25 33 0.148
25 41 0.196
25 27 0.138
25 29 0.152
25 30 0.151
25 31 0.126
25 32 0.156
25 34 0.196
25 37 0.112
25 42 0.118
25 47 0.139
25 48 0.156
25 60 0.1
25 63 0.116
25 64 0.125
25 67 0.104
25 71 0.148
25 72 0.151
26 47 0.503
26 35 0.645
26 65 1
26 40 0.903
26 64 1
26 29 0.202
26 57 0.175
26 27 0.187
26 32 0.118
26 33 0.182
26 41 0.116
26 43 0.166
26 44 0.248
26 45 0.208
26 51 0.108
26 53 0.173
26 62 0.167
26 67 0.191
26 72 0.157
26 74 0.153
27 62 0.667
27 34 1
27 74 0.926
27 37 0.722
27 69 0.706
27 33 0.13
27 36 0.103
27 73 0.32
27 32 0.179
27 43 0.124
27 44 0.165
27 46 0.15
27 49 0.193
27 50 0.116
27 51 0.088
27 52 0.152
27 57 0.17
27 58 0.188
27 65 0.191
27 68 0.194
27 72 0.168
28 56 0.584
28 46 0.27
28 68 0.283
28 31 0.098
28 32 0.116
28 39 0.18
28 40 0.149
28 43 0.175
28 45 0.147
28 48 0.153
28 49 0.172
28 50 0.156
28 53 0.15
28 59 0.119
28 65 0.087
28 66 0.155
28 67 0.199
28 74 0.175
29 45 0.717
29 34 1
29 35 1
29 39 0.953
29 73 0.923
29 36 1
29 30 0.164
29 38 0.12
29 40 0.202
29 44 0.189
29 46 0.137
29 47 0.173
29 50 0.159
29 51 0.151
29 52 0.187
29 53 0.115
29 55 0.13
29 60 0.143
29 61 0.19
29 65 0.139
29 67 0.175
30 34 0.686
30 35 0.195
30 54 0.136
30 60 0.235
30 31 0.173
30 39 0.119
30 47 0.156
30 48 0.111
30 49 0.15
30 50 0.179
30 52 0.147
30 59 0.081
30 62 0.152
30 65 0.146
30 66 0.169
30 72 0.202
31 51 1
31 38 0.773
31 37 0.775
31 68 0.745
31 42 0.101
31 53 0.165
31 35 0.157
31 43 0.163
31 45 0.185
31 47 0.196
31 56 0.14
31 60 0.131
31 63 0.133
31 64 0.143
31 67 0.159
32 39 0.288
32 63 0.052
32 65 0.238
32 34 0.153
32 35 0.129
32 36 0.145
32 41 0.103
32 42 0.146
32 43 0.124
32 46 0.115
32 49 0.184
32 53 0.114
32 55 0.156
32 56 0.146
32 58 0.181
32 61 0.141
32 62 0.105
32 68 0.131
32 69 0.138
32 74 0.103
33 47 1
33 54 0.951
33 36 0.93
33 49 0.791
33 53 0.1
33 71 0.046
33 48 0.041
33 35 0.113
33 37 0.166
33 38 0.148
33 39 0.151
33 40 0.108
33 55 0.145
33 56 0.19
33 58 0.138
33 59 0.153
33 60 0.143
33 63 0.141
33 66 0.136
33 68 0.146
33 70 0.162
34 54 1
34 42 0.615
34 71 0.525
34 36 0.92
34 39 0.856
34 55 0.173
34 41 0.144
34 56 0.142
34 37 0.101
34 38 0.138
34 44 0.115
34 48 0.195
34 50 0.128
34 51 0.123
34 57 0.129
34 60 0.141
34 64 0.149
34 73 0.186
34 74 0.193
35 45 0.959
35 69 0.156
35 40 0.178
35 41 0.153
35 46 0.185
35 48 0.135
35 49 0.156
35 52 0.116
35 55 0.147
35 57 0.181
35 60 0.148
35 67 0.135
35 70 0.134
35 71 0.187
35 73 0.158
36 53 0.789
36 40 0.769
36 45 0.837
36 54 0.138
36 67 0.159
36 39 0.133
36 42 0.155
36 44 0.135
36 46 0.165
36 52 0.183
36 55 0.149
36 56 0.149
36 64 0.124
36 74 0.187
37 43 0.662
37 55 0.974
37 58 1
37 40 0.042
37 53 0.139
37 38 0.121
37 39 0.162
37 45 0.172
37 47 0.156
37 49 0.187
37 51 0.186
37 57 0.134
37 62 0.135
37 63 0.098
37 64 0.125
37 66 0.139
37 67 0.16
38 73 0.953
38 44 0.144
38 50 0.192
38 71 0.14
38 74 0.178
38 47 0.152
38 52 0.121
38 54 0.205
38 58 0.138
38 64 0.136
38 67 0.096
38 69 0.134
38 72 0.187
39 54 0.137
39 68 0.013
39 70 0.245
39 41 0.119
39 47 0.198
39 59 0.137
39 69 0.136
39 71 0.146
39 73 0.118
39 74 0.131
40 59 0.885
40 52 0.83
40 42 0.125
40 43 0.141
40 44 0.173
40 46 0.178
40 51 0.137
40 53 0.121
40 55 0.134
40 57 0.16
40 60 0.111
40 64 0.121
40 73 0.166
41 47 0.928
41 68 0.919
41 69 0.88
41 61 0.814
41 62 0.102
41 42 0.169
41 51 0.167
41 52 0.123
41 53 0.159
41 64 0.143
41 70 0.091
42 54 0.165
42 58 0.336
42 61 0.16
42 45 0.109
42 49 0.163
42 50 0.191
42 55 0.18
42 60 0.176
42 62 0.145
42 68 0.186
42 70 0.154
42 72 0.123
42 73 0.172
42 74 0.154
43 52 1
43 57 0.204
43 63 0.157
43 68 0.094
43 47 0.123
43 49 0.157
43 58 0.157
43 59 0.152
43 61 0.161
43 67 0.119
43 74 0.178
44 57 0.746
44 69 0.097
44 54 0.092
44 55 0.221
44 63 0.191
44 64 0.141
45 55 0.929
45 57 0.09
45 61 0.153
45 72 0.164
45 46 0.182
45 50 0.157
45 51 0.142
45 59 0.151
45 62 0.175
45 64 0.201
45 67 0.152
46 58 0.738
46 54 0.994
46 68 0.781
46 56 0.062
46 51 0.148
46 53 0.163
46 55 0.228
46 60 0.16
46 62 0.112
46 72 0.188
47 62 0.608
47 55 0.995
47 66 0.831
47 50 0.891
47 60 0.187
47 71 0.162
47 74 0.136
47 54 0.173
47 57 0.167
47 59 0.174
47 64 0.137
47 68 0.158
48 52 0.835
48 72 0.849
48 60 0.599
48 65 0.195
48 49 0.17
48 62 0.134
48 64 0.135
48 66 0.154
48 70 0.178
48 71 0.179
48 73 0.118
49 59 1
49 73 0.744
49 52 0.131
49 53 0.187
49 55 0.15
49 56 0.143
49 62 0.155
49 67 0.175
49 70 0.131
49 71 0.139
50 57 0.799
50 53 0.622
50 56 1
50 55 0.145
50 65 0.156
50 71 0.168
50 72 0.157
51 69 1.0
51 57 0.657
51 74 0.165
51 60 0.17
51 53 0.129
51 55 0.193
51 65 0.184
51 67 0.177
51 72 0.178
52 67 0.767
52 60 0.762
52 70 0.93
52 57 0.126
52 61 0.153
52 71 0.32
52 53 0.172
52 55 0.192
52 59 0.201
52 69 0.163
52 73 0.134
53 57 0.906
53 71 0.757
53 61 0.167
53 63 0.143
53 64 0.124
53 69 0.118
53 72 0.144
53 73 0.135
54 63 0.155
54 71 0.16
54 55 0.134
54 59 0.192
54 64 0.133
54 66 0.173
54 67 0.165
54 74 0.184
55 63 0.308
55 67 0.257
55 56 0.119
55 58 0.182
55 66 0.172
55 72 0.156
56 60 0.178
56 62 0.146
56 57 0.166
56 64 0.124
56 72 0.164
57 63 0.785
57 61 0.157
57 64 0.095
57 66 0.275
57 68 0.221
58 71 0.213
58 59 0.13
58 65 0.116
58 66 0.169
59 64 0.194
59 67 0.184
59 68 0.17
60 65 0.594
60 62 0.166
60 64 0.132
60 68 0.12
60 69 0.125
61 69 1
61 68 0.403
61 64 0.155
61 73 0.132
62 66 0.152
62 67 0.144
63 74 0.659
63 68 0.121
63 71 0.148
63 67 0.158
63 69 0.103
64 74 0.625
64 65 0.117
64 66 0.16
64 67 0.147
64 68 0.173
64 70 0.165
65 68 0.131
65 69 0.151
65 71 0.236
66 72 0.134
66 74 0.127
67 68 0.176
67 73 0.182
68 69 0.162
68 73 0.136
69 71 0.224
69 74 0.169
70 73 0.106
70 71 0.151
71 73 0.182
72 73 0.109
