0 20 0.683
0 61 1
0 16 0.973
0 13 1
0 30 0.201
0 74 0.11
0 4 0.316
0 23 0.168
0 38 0.103
0 39 0.144
0 64 0.015
0 1 0.182
0 2 0.127
0 11 0.151
0 17 0.127
0 18 0.154
0 25 0.106
0 26 0.142
0 28 0.133
0 29 0.198
0 32 0.157
0 41 0.108
0 42 0.17
0 44 0.152
0 45 0.151
0 47 0.151
0 54 0.102
0 60 0.205
1 57 0.603
1 51 0.981
1 2 1
1 34 0.757
1 20 0.508
1 3 0.156
1 11 0.204
1 12 0.245
1 19 0.16
1 29 0.278
1 39 0.121
1 46 0.175
1 8 0.174
1 10 0.205
1 13 0.179
1 15 0.219
1 16 0.101
1 21 0.226
1 23 0.13
1 24 0.165
1 25 0.108
1 26 0.188
1 27 0.166
1 28 0.121
1 44 0.144
1 50 0.188
1 54 0.175
1 56 0.188
1 61 0.153
1 66 0.096
1 71 0.18
2 4 0.977
2 19 0.536
2 57 0.68
2 25 0.887
2 16 0.191
2 22 0.156
2 68 0.16
2 70 0.244
2 6 0.131
2 9 0.184
2 10 0.113
2 28 0.18
2 36 0.052
2 40 0.143
2 43 0.184
2 44 0.11
2 46 0.134
2 48 0.153
2 51 0.131
2 53 0.165
2 63 0.164
2 65 0.207
2 66 0.154
2 72 0.157
2 73 0.169
3 36 0.28
3 10 0.092
3 19 0.158
3 57 0.198
3 11 0.106
3 16 0.128
3 21 0.165
3 28 0.106
3 34 0.103
3 35 0.138
3 39 0.125
3 45 0.155
3 46 0.187
3 49 0.107
3 53 0.101
3 54 0.144
3 55 0.17
3 60 0.174
3 61 0.137
3 65 0.119
3 68 0.155
4 43 1
4 30 0.646
4 7 0.675
4 20 0.061
4 13 0.136
4 15 0.225
4 29 0.003
4 39 0.184
4 62 0.147
4 11 0.125
4 19 0.154
4 22 0.193
4 26 0.077
4 27 0.183
4 35 0.111
4 49 0.123
4 63 0.17
4 69 0.107
4 74 0.165
5 16 0.036
5 14 0.323
5 32 0.123
5 35 0.159
5 51 0.16
5 64 0.182
5 8 0.144
5 10 0.145
5 15 0.14
5 21 0.163
5 23 0.201
5 26 0.122
5 40 0.158
5 43 0.126
5 50 0.215
5 54 0.084
5 55 0.136
5 56 0.202
5 57 0.123
5 61 0.123
5 68 0.131
5 70 0.133
5 73 0.11
5 74 0.15
6 30 0.849
6 16 0.644
6 43 0.482
6 35 1
6 66 0.949
6 22 0.6
6 12 0.311
6 14 0.173
6 23 0.034
6 36 0.167
6 58 0.153
6 59 0.036
6 17 0.161
6 18 0.133
6 24 0.153
6 31 0.111
6 34 0.123
6 40 0.175
6 41 0.134
6 42 0.19
6 47 0.157
6 51 0.161
6 57 0.209
7 56 0.953
7 59 0.8
7 22 0.771
7 45 1
7 43 0.552
7 16 0.889
7 12 0.136
7 21 0.153
7 27 0.011
7 35 0.096
7 42 0.179
7 47 0.129
7 50 0.149
7 71 0.03
7 10 0.154
7 13 0.176
7 18 0.121
7 30 0.151
7 33 0.13
7 34 0.161
7 36 0.166
7 38 0.152
7 46 0.172
7 48 0.1
7 52 0.159
7 54 0.096
7 55 0.172
7 57 0.108
7 62 0.152
7 64 0.138
7 67 0.132
7 70 0.112
7 72 0.117
8 74 0.931
8 16 0.829
8 29 0.945
8 70 0.957
8 73 0.147
8 18 0.164
8 43 0.368
8 19 0.111
8 20 0.195
8 36 0.164
8 9 0.141
8 12 0.138
8 13 0.161
8 14 0.105
8 27 0.175
8 30 0.134
8 37 0.152
8 42 0.181
8 44 0.176
8 45 0.214
8 48 0.157
8 55 0.121
8 61 0.166
8 63 0.143
9 28 0.981
9 48 1
9 60 0.662
9 59 0.258
9 64 0.376
9 21 0.099
9 27 0.111
9 44 0.025
9 52 0.13
9 12 0.154
9 13 0.103
9 15 0.131
9 18 0.19
9 22 0.168
9 25 0.178
9 26 0.127
9 30 0.209
9 32 0.116
9 36 0.204
9 39 0.119
9 41 0.158
9 43 0.107
9 45 0.144
9 46 0.189
9 54 0.138
9 57 0.193
9 58 0.152
9 61 0.131
9 62 0.134
9 63 0.138
9 66 0.137
9 68 0.171
9 69 0.184
9 71 0.172
9 73 0.121
9 74 0.16
10 28 0.928
10 55 0.899
10 44 0.153
10 56 0.165
10 13 0.138
10 14 0.129
10 15 0.155
10 18 0.134
10 19 0.131
10 23 0.166
10 24 0.207
10 30 0.123
10 35 0.16
10 37 0.124
10 38 0.169
10 46 0.166
10 49 0.156
10 53 0.203
10 63 0.114
10 73 0.217
11 40 0.911
11 63 0.816
11 64 0.69
11 56 0.115
11 60 0.142
11 62 0.197
11 72 0.113
11 74 0.314
11 14 0.114
11 17 0.143
11 22 0.145
11 30 0.111
11 32 0.136
11 33 0.129
11 35 0.133
11 36 0.114
11 37 0.204
11 38 0.162
11 39 0.151
11 41 0.135
11 42 0.173
11 46 0.103
11 47 0.191
11 49 0.176
11 51 0.126
11 53 0.104
11 69 0.141
11 73 0.124
12 56 0.526
12 68 0.888
12 25 0.345
12 31 0.017
12 33 0.215
12 14 0.143
12 15 0.166
12 16 0.194
12 17 0.195
12 18 0.151
12 20 0.192
12 24 0.101
12 40 0.147
12 41 0.121
12 45 0.131
12 47 0.148
12 50 0.131
12 54 0.184
12 57 0.145
12 60 0.146
12 63 0.138
12 69 0.137
13 67 0.663
13 70 0.938
13 55 0.759
13 51 0.585
13 25 0.934
13 33 0.109
13 42 0.154
13 43 0.178
13 63 0.174
13 74 0.16
13 18 0.125
13 21 0.151
13 23 0.139
13 26 0.113
13 27 0.153
13 30 0.147
13 32 0.181
13 41 0.184
13 56 0.223
13 58 0.17
13 59 0.109
13 60 0.096
13 61 0.186
13 62 0.139
13 64 0.161
13 72 0.135
14 62 0.817
14 72 0.673
14 54 0.791
14 44 0.903
14 28 0.158
14 29 0.211
14 34 0.133
14 45 0.154
14 16 0.131
14 21 0.159
14 22 0.274
14 23 0.127
14 30 0.187
14 36 0.184
14 38 0.151
14 39 0.124
14 41 0.158
14 46 0.131
14 51 0.153
14 52 0.163
14 53 0.125
14 59 0.179
14 63 0.161
14 68 0.182
14 70 0.128
14 73 0.119
14 74 0.205
15 31 0.137
15 37 0.159
15 61 0.217
15 65 0.212
15 67 0.175
15 73 0.21
15 17 0.159
15 19 0.135
15 20 0.141
15 22 0.113
15 23 0.148
15 27 0.144
15 29 0.105
15 34 0.105
15 42 0.153
15 43 0.15
15 50 0.136
15 52 0.144
15 53 0.156
15 55 0.154
15 56 0.241
15 57 0.201
15 60 0.166
15 70 0.176
15 71 0.139
16 29 0.928
16 59 0.955
16 53 0.741
16 20 0.196
16 28 0.156
16 17 0.15
16 27 0.179
16 30 0.156
16 31 0.122
16 33 0.106
16 36 0.134
16 37 0.132
16 41 0.186
16 46 0.154
16 48 0.123
16 56 0.109
16 63 0.214
16 67 0.154
16 68 0.119
16 73 0.134
17 66 0.563
17 35 0.1
17 73 0.04
17 40 0.119
17 46 0.102
17 67 0.116
17 23 0.153
17 25 0.188
17 27 0.151
17 32 0.18
17 34 0.159
17 36 0.164
17 43 0.143
17 48 0.199
17 49 0.162
17 51 0.073
17 53 0.121
17 54 0.154
17 55 0.201
17 62 0.166
17 63 0.112
17 72 0.104
18 50 0.913
18 51 1
18 54 0.964
18 45 0.146
18 42 0.318
18 49 0.101
18 58 0.138
18 64 0.138
18 73 0.176
18 20 0.165
18 21 0.228
18 22 0.141
18 23 0.135
18 28 0.165
18 38 0.161
18 56 0.118
18 57 0.201
18 59 0.156
18 68 0.164
18 70 0.13
18 74 0.149
19 61 0.886
19 49 0.799
19 23 0.156
19 55 0.345
19 26 0.062
19 60 0.157
19 62 0.267
19 20 0.182
19 21 0.153
19 24 0.124
19 27 0.103
19 28 0.139
19 30 0.178
19 33 0.108
19 34 0.147
19 35 0.125
19 40 0.195
19 41 0.174
19 45 0.157
19 50 0.109
19 53 0.168
19 66 0.142
19 69 0.101
20 60 1
20 61 0.879
20 22 0.867
20 73 0.67
20 24 0.86
20 27 0.198
20 62 0.108
20 67 0.124
20 43 0.148
20 53 0.126
20 71 0.031
20 23 0.15
20 26 0.134
20 30 0.136
20 33 0.146
20 36 0.195
20 37 0.118
20 38 0.148
20 44 0.171
20 46 0.136
20 48 0.172
20 49 0.185
20 51 0.156
20 52 0.166
20 54 0.15
20 56 0.176
20 59 0.187
20 63 0.15
20 74 0.169
21 40 0.978
21 46 0.926
21 37 0.086
21 24 0.152
21 29 0.174
21 34 0.109
21 35 0.139
21 41 0.142
21 42 0.134
21 43 0.175
21 44 0.168
21 45 0.171
21 49 0.145
21 51 0.183
21 52 0.182
21 55 0.155
21 58 0.107
21 64 0.187
21 66 0.147
21 69 0.194
21 70 0.126
22 34 0.906
22 26 0.688
22 43 1
22 63 0.261
22 25 0.178
22 48 0.236
22 49 0.134
22 56 0.086
22 70 0.092
22 72 0.169
22 24 0.101
22 28 0.128
22 31 0.115
22 32 0.186
22 33 0.169
22 41 0.106
22 42 0.147
22 50 0.151
22 53 0.142
22 54 0.166
22 66 0.134
23 37 0.989
23 24 0.891
23 35 0.992
23 52 0.976
23 41 0.769
23 54 1
23 58 0.32
23 28 0.082
23 43 0.103
23 59 0.299
23 25 0.146
23 33 0.163
23 38 0.122
23 47 0.191
23 48 0.156
23 60 0.155
23 61 0.104
23 63 0.135
23 65 0.193
23 67 0.127
23 68 0.108
23 71 0.2
24 42 1
24 58 1
24 72 0.201
24 25 0.117
24 47 0.298
24 26 0.15
24 28 0.16
24 33 0.12
24 36 0.146
24 38 0.136
24 43 0.224
24 48 0.135
24 50 0.165
24 62 0.157
24 65 0.127
24 68 0.167
24 70 0.151
24 74 0.131
25 48 1
25 37 0.81
25 52 0.853
25 30 0.159
25 42 0.147
25 45 0.265
25 46 0.107
25 54 0.064
25 62 0.146
25 26 0.111
25 29 0.213
25 32 0.16
25 39 0.097
25 40 0.193
25 47 0.078
25 57 0.142
25 59 0.077
25 60 0.131
25 67 0.134
25 69 0.131
26 35 0.968
26 36 0.882
26 40 1
26 27 0.139
26 49 0.151
26 65 0.211
26 68 0.091
26 28 0.163
26 29 0.145
26 30 0.182
26 34 0.12
26 46 0.174
26 47 0.143
26 50 0.173
26 53 0.121
26 55 0.227
26 56 0.211
26 57 0.166
27 69 0.722
27 45 0.657
27 40 0.021
27 56 0.03
27 37 0.167
27 43 0.219
27 47 0.133
27 28 0.13
27 36 0.125
27 39 0.111
27 42 0.17
27 46 0.164
27 48 0.177
27 50 0.18
27 51 0.139
27 54 0.169
27 60 0.139
27 63 0.084
27 68 0.077
27 71 0.184
28 32 0.132
28 44 0.137
28 47 0.184
28 51 0.215
28 58 0.002
28 59 0.186
28 33 0.152
28 36 0.19
28 37 0.179
28 38 0.208
28 43 0.188
28 46 0.202
28 50 0.053
28 52 0.143
28 53 0.157
28 56 0.135
28 57 0.168
28 62 0.186
29 56 0.863
29 32 0.171
29 48 0.201
29 30 0.127
29 31 0.117
29 37 0.171
29 41 0.169
29 45 0.124
29 46 0.149
29 50 0.179
29 52 0.134
29 58 0.149
29 60 0.159
29 61 0.126
29 64 0.172
29 69 0.171
29 72 0.128
29 74 0.176
30 63 1
30 32 0.982
30 35 0.899
30 57 0.659
30 71 0.122
30 31 0.18
30 40 0.233
30 41 0.185
30 49 0.181
30 52 0.177
30 61 0.208
30 69 0.119
30 73 0.147
30 74 0.141
31 44 1
31 36 0.563
31 65 0.801
31 41 0.632
31 47 0.045
31 68 0.264
31 32 0.156
31 37 0.129
31 45 0.123
31 49 0.175
31 51 0.181
31 56 0.219
31 57 0.173
31 64 0.197
31 67 0.134
31 71 0.159
32 69 0.556
32 52 0.726
32 55 0.17
32 48 0.167
32 37 0.159
32 41 0.146
32 45 0.175
32 54 0.138
32 61 0.169
32 62 0.139
32 64 0.217
32 67 0.155
32 72 0.161
33 48 0.57
33 63 0.903
33 45 0.64
33 68 0.881
33 40 1
33 54 0.161
33 59 0.11
33 58 0.173
33 34 0.206
33 37 0.117
33 44 0.172
33 46 0.137
33 50 0.18
33 53 0.098
33 60 0.163
33 66 0.133
33 67 0.089
33 70 0.091
34 67 0.516
34 69 0.712
34 47 0.847
34 37 0.834
34 54 0.625
34 63 0.335
34 40 0.176
34 45 0.203
34 49 0.112
34 53 0.145
34 62 0.145
34 68 0.158
35 38 0.79
35 65 0.936
35 61 0.136
35 56 0.182
35 39 0.121
35 42 0.158
35 46 0.171
35 58 0.136
35 59 0.14
35 62 0.142
35 70 0.179
35 72 0.118
36 43 1
36 55 0.392
36 56 0.097
36 62 0.1
36 67 0.127
36 38 0.165
36 45 0.115
36 47 0.124
36 49 0.161
36 54 0.13
36 66 0.137
36 70 0.119
36 71 0.128
36 72 0.133
36 73 0.144
36 74 0.113
37 72 0.939
37 53 1
37 40 0.145
37 47 0.156
37 52 0.15
37 54 0.143
37 56 0.105
37 64 0.158
37 69 0.174
37 73 0.173
37 74 0.161
38 56 0.875
38 74 0.825
38 43 0.143
38 58 0.28
38 57 0.303
38 45 0.204
38 46 0.095
38 53 0.181
38 62 0.136
38 63 0.157
38 64 0.133
38 66 0.164
39 57 1
39 61 0.742
39 59 0.13
39 63 0.106
39 44 0.154
39 46 0.179
39 47 0.139
39 49 0.155
39 52 0.178
39 53 0.163
39 58 0.094
39 60 0.178
39 62 0.13
40 52 0.997
40 71 1
40 64 1
40 50 0.057
40 51 0.111
40 65 0.146
40 48 0.167
40 53 0.165
40 57 0.151
40 67 0.14
40 70 0.179
40 73 0.157
41 72 0.915
41 53 0.769
41 46 1
41 58 0.198
41 44 0.107
41 47 0.113
41 50 0.216
41 51 0.135
41 59 0.201
41 60 0.128
41 65 0.127
41 66 0.162
41 67 0.124
41 70 0.145
41 71 0.104
41 74 0.123
42 59 0.609
42 48 0.891
42 70 1
42 46 0.741
42 43 0.176
42 44 0.154
42 55 0.144
42 58 0.156
42 60 0.136
42 64 0.159
42 65 0.181
42 66 0.138
42 67 0.137
42 72 0.186
43 45 1
43 47 0.137
43 53 0.144
43 49 0.202
43 55 0.207
43 61 0.154
43 63 0.157
43 66 0.171
43 67 0.18
43 71 0.148
43 73 0.17
44 64 0.91
44 52 0.236
44 73 0.321
44 56 0.171
44 60 0.006
44 66 0.224
44 67 0.194
44 46 0.109
44 47 0.165
44 57 0.152
44 58 0.108
44 59 0.159
44 61 0.157
44 70 0.11
45 73 0.184
45 46 0.174
45 53 0.159
45 55 0.117
45 56 0.149
45 60 0.191
45 61 0.196
45 65 0.113
45 66 0.153
45 67 0.191
46 59 1
46 67 1
46 64 1
46 56 0.95
46 73 0.228
46 62 0.026
46 69 0.161
46 72 0.119
46 51 0.16
46 55 0.121
46 66 0.137
46 70 0.125
47 73 0.053
47 56 0.024
47 63 0.102
47 48 0.163
47 49 0.12
47 54 0.125
47 61 0.201
47 65 0.087
47 71 0.167
48 54 1
48 56 0.117
48 61 0.159
48 72 0.192
48 73 0.132
48 74 0.213
49 57 1
49 54 0.086
49 51 0.213
49 58 0.117
49 59 0.162
49 62 0.152
49 63 0.119
49 69 0.134
49 70 0.158
49 72 0.146
50 57 0.886
50 60 0.735
50 52 0.136
50 53 0.195
50 69 0.115
50 72 0.106
51 66 1
51 59 0.772
51 69 0.571
51 53 0.158
51 61 0.123
51 58 0.153
51 62 0.133
51 65 0.171
51 73 0.125
51 74 0.144
52 72 0.845
52 71 0.91
52 58 0.136
52 60 0.136
52 74 0.128
52 53 0.173
52 56 0.125
52 61 0.127
52 63 0.179
52 64 0.175
52 68 0.147
53 73 0.983
53 63 0.72
53 66 0.153
53 54 0.135
53 59 0.176
53 60 0.148
53 62 0.135
53 65 0.133
53 67 0.119
53 71 0.162
53 74 0.154
54 58 0.525
54 56 0.152
54 68 0.145
54 69 0.182
55 70 0.529
55 69 0.16
55 56 0.145
55 57 0.155
55 59 0.151
55 60 0.082
55 62 0.148
55 66 0.095
55 71 0.124
55 73 0.15
56 67 0.773
56 60 0.088
56 57 0.067
56 61 0.193
56 59 0.148
56 64 0.167
57 61 0.909
57 67 0.826
57 59 0.121
57 60 0.162
57 64 0.133
57 65 0.125
57 73 0.204
57 74 0.156
58 68 0.975
58 62 0.188
58 63 0.037
58 73 0.076
58 59 0.134
58 61 0.131
58 69 0.139
58 70 0.127
58 74 0.135
59 63 1
59 61 0.094
59 67 0.133
60 74 0.881
60 70 0.11
60 62 0.161
60 64 0.155
60 69 0.162
60 71 0.093
60 73 0.136
61 64 0.192
61 67 0.167
61 68 0.182
61 73 0.179
62 74 0.602
62 70 0.791
62 65 0.132
62 68 0.169
63 67 0.139
63 65 0.103
63 66 0.114
63 68 0.178
63 69 0.169
63 70 0.116
63 71 0.162
64 70 0.035
64 74 0.17
64 65 0.106
64 66 0.103
64 68 0.144
65 69 0.185
65 70 0.094
65 72 0.138
66 70 0.148
66 72 0.13
66 74 0.171
67 72 0.856
67 69 0.134
67 70 0.073
68 72 0.635
68 71 0.126
68 73 0.168
68 74 0.215
71 73 0.107
