0 29 0.559
0 55 1
0 36 0.894
0 71 0.736
0 12 0.481
0 9 0.391
0 45 0.135
0 56 0.304
0 7 0.244
0 18 0.101
0 26 0.777
0 43 0.352
0 2 0.061
0 4 0.299
0 39 0.625
0 11 0.16
0 33 0.091
0 35 0.158
0 49 0.403
0 50 0.08
0 62 0.255
0 40 0.136
0 41 0.001
0 48 0.125
0 51 0.129
0 59 0.526
0 73 0.281
0 13 0.299
0 24 0.051
0 52 0.289
0 54 0.129
0 60 0.068
0 5 0.129
0 6 0.145
0 17 0.098
0 44 0.223
0 47 0.245
0 64 0.334
0 65 0.208
0 1 0.232
0 8 0.016
0 22 0.225
0 63 0.154
0 66 0.095
0 72 0.198
0 74 0.083
0 15 0.124
0 16 0.111
0 20 0.103
0 21 0.194
0 23 0.175
0 30 0.164
0 31 0.146
0 38 0.166
0 42 0.165
0 46 0.196
0 53 0.205
0 57 0.155
0 58 0.123
0 61 0.173
0 69 0.112
0 70 0.15
1 15 0.929
1 28 0.905
1 52 0.372
1 34 1
1 6 0.773
1 14 0.526
1 29 0.604
1 44 0.552
1 16 0.079
1 26 1
1 40 0.37
1 54 0.215
1 27 0.464
1 3 0.545
1 10 0.6
1 46 0.135
1 30 0.41
1 56 0.205
1 9 0.048
1 39 0.276
1 5 0.245
1 20 0.047
1 32 0.108
1 62 0.095
1 72 0.203
1 22 0.199
1 25 0.097
1 35 0.309
1 57 0.197
1 61 0.25
1 70 0.14
1 71 0.146
1 23 0.207
1 43 0.237
1 47 0.316
1 64 0.072
1 2 0.095
1 7 0.116
1 18 0.365
1 31 0.188
1 36 0.057
1 38 0.191
1 41 0.087
1 42 0.165
1 45 0.23
1 55 0.122
1 59 0.176
1 63 0.176
1 69 0.24
1 4 0.123
1 8 0.118
1 11 0.22
1 13 0.153
1 19 0.192
1 21 0.158
1 33 0.111
1 48 0.144
1 51 0.106
1 53 0.108
1 65 0.181
1 67 0.128
1 68 0.155
1 73 0.085
1 74 0.148
2 47 0.629
2 68 0.392
2 53 0.317
2 69 0.21
2 38 0.405
2 64 0.65
2 31 0.254
2 73 0.389
2 7 0.527
2 8 0.299
2 70 0.252
2 15 0.158
2 21 0.456
2 29 0.155
2 72 0.53
2 22 0.658
2 39 0.203
2 57 0.292
2 59 0.312
2 60 0.231
2 18 0.107
2 19 0.142
2 26 0.132
2 49 0.129
2 9 0.021
2 17 0.403
2 25 0.157
2 34 0.507
2 35 0.258
2 41 0.414
2 45 0.145
2 55 0.171
2 58 0.148
2 62 0.168
2 67 0.323
2 71 0.056
2 13 0.151
2 16 0.147
2 65 0.027
2 74 0.163
2 11 0.06
2 28 0.051
2 36 0.157
2 37 0.159
2 43 0.144
2 48 0.135
2 51 0.182
2 3 0.153
2 4 0.158
2 5 0.064
2 12 0.164
2 14 0.144
2 20 0.133
2 24 0.16
2 27 0.154
2 42 0.164
2 46 0.188
2 52 0.168
2 54 0.115
2 56 0.176
2 63 0.171
2 66 0.168
3 57 0.865
3 33 0.756
3 39 0.753
3 65 0.54
3 70 0.895
3 4 0.818
3 35 0.522
3 59 0.676
3 71 0.534
3 6 0.768
3 42 0.062
3 17 0.65
3 58 0.756
3 66 0.14
3 69 0.588
3 26 0.136
3 72 0.023
3 12 0.287
3 52 0.203
3 23 0.041
3 29 0.153
3 48 0.304
3 53 0.108
3 63 0.086
3 7 0.061
3 11 0.09
3 28 0.075
3 38 0.048
3 41 0.351
3 43 0.133
3 56 0.128
3 73 0.191
3 40 0.188
3 45 0.078
3 55 0.18
3 61 0.242
3 74 0.151
3 9 0.205
3 10 0.1
3 20 0.106
3 21 0.174
3 22 0.136
3 50 0.194
3 51 0.13
3 60 0.206
3 62 0.146
3 67 0.128
3 68 0.223
3 5 0.126
3 14 0.165
3 15 0.115
3 16 0.195
3 18 0.174
3 27 0.161
3 31 0.148
3 32 0.16
3 34 0.129
3 36 0.142
3 37 0.145
3 46 0.11
3 47 0.16
4 54 0.622
4 41 0.773
4 50 1
4 40 1
4 23 0.718
4 73 0.32
4 45 0.948
4 8 0.178
4 22 0.44
4 27 0.425
4 70 0.49
4 19 0.045
4 53 0.304
4 60 0.55
4 30 0.704
4 74 0.105
4 39 0.075
4 51 0.486
4 52 0.238
4 7 0.089
4 48 0.521
4 65 0.369
4 13 0.338
4 15 0.183
4 33 0.414
4 42 0.21
4 56 0.192
4 61 0.22
4 63 0.238
4 64 0.059
4 5 0.379
4 10 0.121
4 17 0.226
4 26 0.162
4 32 0.184
4 46 0.394
4 69 0.132
4 44 0.246
4 49 0.098
4 24 0.065
4 28 0.073
4 29 0.068
4 34 0.081
4 35 0.146
4 37 0.034
4 47 0.162
4 59 0.337
4 71 0.184
4 6 0.145
4 9 0.162
4 12 0.119
4 14 0.178
4 18 0.132
4 20 0.186
4 25 0.141
4 31 0.142
4 36 0.142
4 57 0.161
4 67 0.143
4 68 0.13
5 45 0.992
5 34 0.668
5 11 1
5 37 0.549
5 57 0.639
5 39 0.631
5 33 0.546
5 55 0.901
5 22 0.526
5 63 0.643
5 71 0.54
5 14 0.112
5 17 0.529
5 18 0.213
5 46 0.189
5 15 0.387
5 47 0.325
5 60 0.357
5 29 0.124
5 32 0.225
5 74 0.214
5 23 0.191
5 26 0.268
5 31 0.245
5 21 0.205
5 30 0.116
5 35 0.151
5 42 0.207
5 56 0.241
5 67 0.026
5 69 0.145
5 73 0.137
5 8 0.157
5 28 0.162
5 38 0.232
5 43 0.108
5 51 0.153
5 59 0.37
5 62 0.19
5 65 0.234
5 68 0.173
5 6 0.186
5 10 0.182
5 12 0.129
5 13 0.054
5 16 0.185
5 19 0.132
5 24 0.139
5 41 0.171
5 44 0.095
5 53 0.144
5 58 0.151
5 61 0.198
5 70 0.142
5 72 0.171
6 43 1
6 16 0.947
6 42 0.483
6 57 0.496
6 13 0.589
6 60 0.333
6 71 0.148
6 48 0.114
6 14 0.173
6 25 0.326
6 33 0.589
6 37 0.083
6 46 0.176
6 68 0.159
6 30 0.004
6 64 0.326
6 41 0.009
6 56 0.014
6 26 0.229
6 29 0.155
6 45 0.397
6 52 0.119
6 27 0.319
6 40 0.118
6 51 0.1
6 72 0.072
6 11 0.049
6 35 0.267
6 36 0.155
6 54 0.112
6 55 0.112
6 63 0.346
6 8 0.304
6 20 0.179
6 24 0.155
6 28 0.018
6 38 0.184
6 39 0.168
6 47 0.264
6 49 0.158
6 53 0.174
6 61 0.227
6 62 0.019
6 67 0.161
6 69 0.284
6 70 0.142
6 73 0.013
6 9 0.149
6 12 0.126
6 15 0.153
6 19 0.16
6 31 0.117
6 32 0.201
6 34 0.209
6 59 0.225
6 65 0.117
7 39 1
7 63 0.526
7 30 1
7 26 0.918
7 70 0.124
7 34 0.639
7 53 0.123
7 71 0.191
7 65 0.411
7 28 0.096
7 59 0.329
7 8 0.067
7 9 0.333
7 20 0.287
7 58 0.27
7 32 0.421
7 15 0.09
7 27 0.05
7 46 0.165
7 51 0.311
7 61 0.345
7 21 0.227
7 33 0.321
7 68 0.095
7 12 0.275
7 23 0.294
7 43 0.213
7 47 0.239
7 55 0.226
7 56 0.233
7 60 0.298
7 67 0.159
7 72 0.158
7 24 0.122
7 31 0.165
7 35 0.323
7 36 0.37
7 38 0.131
7 40 0.177
7 45 0.164
7 48 0.075
7 52 0.142
7 57 0.196
7 66 0.184
7 74 0.307
7 11 0.183
7 13 0.113
7 17 0.136
7 18 0.149
7 19 0.143
7 22 0.159
7 25 0.134
7 41 0.146
7 42 0.2
7 44 0.117
7 49 0.145
7 50 0.209
7 62 0.221
7 64 0.108
8 72 0.802
8 9 0.839
8 27 0.704
8 56 0.787
8 55 0.984
8 65 0.436
8 26 0.75
8 41 0.625
8 32 0.364
8 24 0.582
8 39 0.398
8 10 0.614
8 19 0.153
8 71 0.173
8 28 0.263
8 45 0.281
8 25 0.208
8 37 0.398
8 51 0.167
8 53 0.064
8 21 0.404
8 29 0.129
8 43 0.246
8 48 0.327
8 49 0.475
8 54 0.198
8 68 0.088
8 13 0.167
8 34 0.293
8 40 0.088
8 46 0.054
8 61 0.221
8 63 0.386
8 11 0.029
8 18 0.148
8 30 0.146
8 33 0.101
8 35 0.112
8 42 0.281
8 62 0.379
8 66 0.153
8 36 0.026
8 59 0.21
8 67 0.158
8 14 0.175
8 16 0.158
8 20 0.157
8 31 0.144
8 44 0.149
8 47 0.175
8 50 0.133
8 52 0.166
8 57 0.131
8 60 0.119
8 64 0.119
8 70 0.147
8 73 0.181
9 14 0.771
9 51 0.7
9 10 1
9 26 0.543
9 44 0.227
9 46 0.332
9 28 0.441
9 34 0.35
9 59 0.337
9 18 0.135
9 19 0.186
9 69 0.351
9 33 0.323
9 49 0.378
9 54 0.255
9 63 0.123
9 11 0.047
9 20 0.071
9 30 0.122
9 37 0.125
9 39 0.185
9 21 0.24
9 74 0.163
9 35 0.152
9 57 0.215
9 62 0.044
9 64 0.04
9 70 0.337
9 15 0.191
9 16 0.012
9 17 0.147
9 36 0.192
9 43 0.112
9 48 0.041
9 50 0.209
9 55 0.037
9 56 0.269
9 61 0.127
9 66 0.107
9 68 0.095
9 73 0.132
9 13 0.151
9 23 0.207
9 38 0.157
9 47 0.161
9 52 0.124
9 53 0.19
9 60 0.186
9 65 0.145
10 26 0.535
10 62 0.91
10 31 0.641
10 50 0.237
10 65 0.375
10 21 0.689
10 72 0.642
10 61 0.279
10 36 0.312
10 37 0.777
10 44 0.469
10 32 0.508
10 42 0.34
10 57 0.359
10 60 0.284
10 39 0.331
10 12 0.25
10 15 0.094
10 25 0.07
10 34 0.155
10 41 0.185
10 43 0.179
10 48 0.159
10 40 0.433
10 56 0.113
10 13 0.153
10 22 0.27
10 27 0.198
10 28 0.123
10 33 0.077
10 54 0.404
10 67 0.16
10 68 0.284
10 69 0.094
10 11 0.18
10 14 0.098
10 16 0.209
10 18 0.056
10 20 0.028
10 23 0.328
10 35 0.149
10 52 0.155
10 59 0.294
10 64 0.231
10 70 0.167
10 71 0.18
10 73 0.242
10 17 0.072
10 19 0.177
10 24 0.163
10 30 0.133
10 38 0.144
10 46 0.219
10 49 0.18
10 55 0.143
10 66 0.168
10 74 0.183
11 13 0.885
11 42 0.96
11 68 0.851
11 71 0.805
11 12 1
11 39 0.752
11 17 0.713
11 54 0.838
11 52 0.347
11 56 0.226
11 64 0.446
11 40 0.234
11 37 0.671
11 61 0.356
11 24 0.059
11 51 0.281
11 60 0.165
11 22 0.039
11 63 0.116
11 28 0.019
11 36 0.404
11 72 0.17
11 20 0.346
11 33 0.205
11 38 0.297
11 41 0.02
11 48 0.104
11 57 0.637
11 70 0.225
11 26 0.091
11 31 0.264
11 49 0.165
11 34 0.19
11 44 0.218
11 45 0.123
11 53 0.082
11 55 0.13
11 73 0.196
11 74 0.005
11 16 0.06
11 19 0.178
11 23 0.281
11 25 0.139
11 27 0.102
11 29 0.144
11 47 0.16
11 58 0.218
11 14 0.114
11 18 0.14
11 21 0.119
11 30 0.177
11 43 0.196
11 46 0.142
11 59 0.207
11 67 0.099
12 65 1
12 26 0.595
12 15 0.651
12 56 0.835
12 36 0.672
12 32 0.782
12 55 0.838
12 57 0.462
12 46 0.868
12 27 1
12 38 0.611
12 62 0.774
12 35 0.602
12 43 0.759
12 69 0.893
12 20 0.829
12 28 0.415
12 14 0.459
12 63 0.331
12 73 0.294
12 30 0.456
12 61 0.434
12 17 0.463
12 19 0.963
12 50 0.55
12 45 0.355
12 68 0.255
12 59 0.225
12 58 0.429
12 13 0.135
12 16 0.39
12 23 0.208
12 24 0.191
12 25 0.099
12 54 0.085
12 60 0.167
12 29 0.228
12 41 0.053
12 47 0.184
12 52 0.277
12 21 0.121
12 33 0.133
12 44 0.024
12 49 0.146
12 64 0.182
12 66 0.244
12 67 0.074
12 70 0.01
12 74 0.162
12 18 0.165
12 39 0.122
12 40 0.164
12 42 0.174
12 48 0.17
12 51 0.206
12 53 0.118
13 14 0.918
13 33 1
13 31 0.727
13 57 0.756
13 54 0.812
13 24 0.915
13 29 0.542
13 65 0.164
13 26 0.427
13 51 0.18
13 44 0.387
13 16 0.514
13 60 0.481
13 69 0.263
13 53 0.207
13 34 0.51
13 38 0.416
13 43 0.176
13 47 0.346
13 49 0.561
13 72 0.12
13 15 0.291
13 27 0.357
13 30 0.34
13 64 0.158
13 19 0.043
13 21 0.274
13 36 0.01
13 71 0.019
13 20 0.25
13 41 0.135
13 45 0.181
13 48 0.135
13 66 0.367
13 25 0.06
13 32 0.198
13 35 0.303
13 37 0.346
13 68 0.392
13 73 0.177
13 17 0.195
13 18 0.177
13 22 0.144
13 40 0.127
13 42 0.17
13 46 0.158
13 52 0.205
13 55 0.168
13 59 0.152
13 62 0.144
13 63 0.128
13 67 0.169
13 70 0.188
14 65 1
14 39 0.541
14 29 0.979
14 26 0.792
14 63 0.365
14 32 0.547
14 60 0.49
14 35 0.668
14 51 0.582
14 66 0.192
14 38 0.728
14 40 0.84
14 17 0.526
14 53 0.521
14 54 0.398
14 37 0.591
14 46 0.301
14 73 0.678
14 28 0.081
14 61 0.099
14 62 0.173
14 69 0.594
14 24 0.292
14 36 0.279
14 41 0.2
14 42 0.222
14 52 0.352
14 57 0.16
14 15 0.116
14 31 0.022
14 48 0.013
14 56 0.273
14 64 0.175
14 71 0.21
14 19 0.155
14 20 0.159
14 22 0.045
14 44 0.162
14 49 0.161
14 55 0.169
14 59 0.09
14 67 0.154
14 68 0.176
14 70 0.243
14 18 0.133
14 27 0.151
14 34 0.105
14 43 0.133
14 74 0.168
15 32 1
15 72 1
15 64 0.847
15 33 0.753
15 68 0.64
15 39 0.25
15 67 0.091
15 71 0.507
15 59 0.109
15 20 0.257
15 25 0.159
15 34 0.797
15 52 0.198
15 26 0.106
15 55 0.272
15 18 0.059
15 56 0.087
15 74 0.072
15 19 0.173
15 30 0.248
15 36 0.201
15 37 0.258
15 70 0.204
15 21 0.079
15 29 0.191
15 31 0.173
15 43 0.101
15 45 0.09
15 46 0.108
15 58 0.158
15 73 0.311
15 16 0.292
15 27 0.189
15 40 0.32
15 42 0.104
15 44 0.203
15 50 0.183
15 61 0.115
15 65 0.044
15 66 0.096
15 17 0.197
15 22 0.179
15 28 0.131
15 35 0.157
15 38 0.184
15 41 0.142
15 47 0.189
15 48 0.104
15 51 0.127
15 53 0.132
15 57 0.189
15 62 0.196
15 63 0.092
16 62 0.987
16 66 0.901
16 60 0.922
16 27 0.857
16 42 0.788
16 63 0.765
16 39 0.923
16 55 0.028
16 19 0.446
16 43 0.703
16 64 0.273
16 65 0.083
16 26 0.253
16 69 0.324
16 71 0.259
16 30 0.07
16 31 0.102
16 54 0.125
16 59 0.214
16 72 0.199
16 17 0.217
16 22 0.227
16 25 0.176
16 33 0.147
16 47 0.289
16 49 0.261
16 29 0.186
16 34 0.214
16 45 0.079
16 52 0.042
16 21 0.195
16 23 0.172
16 32 0.173
16 35 0.164
16 37 0.175
16 44 0.171
16 53 0.165
16 57 0.126
16 70 0.203
16 20 0.231
16 28 0.121
16 40 0.111
16 46 0.211
16 48 0.137
16 50 0.14
16 56 0.169
16 58 0.181
16 61 0.135
16 67 0.169
16 74 0.118
17 73 0.897
17 19 0.753
17 71 0.703
17 38 0.502
17 37 0.033
17 66 0.8
17 47 0.423
17 27 0.379
17 39 0.359
17 62 0.53
17 25 0.263
17 42 0.279
17 51 0.106
17 56 0.19
17 68 0.259
17 43 0.239
17 59 0.041
17 21 0.615
17 26 0.122
17 18 0.127
17 29 0.214
17 49 0.291
17 63 0.214
17 24 0.235
17 31 0.298
17 41 0.037
17 57 0.017
17 20 0.199
17 30 0.239
17 48 0.18
17 52 0.125
17 67 0.071
17 69 0.258
17 70 0.201
17 22 0.161
17 32 0.124
17 40 0.129
17 46 0.09
17 55 0.142
17 61 0.146
17 64 0.151
17 74 0.174
18 73 0.89
18 55 0.905
18 23 0.695
18 66 0.468
18 44 0.822
18 71 0.118
18 31 0.475
18 38 0.396
18 48 0.327
18 61 0.387
18 72 0.322
18 32 0.373
18 49 0.324
18 53 0.224
18 70 0.549
18 27 0.133
18 68 0.153
18 28 0.436
18 33 0.261
18 58 0.002
18 65 0.361
18 74 0.279
18 56 0.463
18 64 0.101
18 37 0.004
18 39 0.17
18 42 0.176
18 47 0.26
18 50 0.285
18 54 0.283
18 21 0.314
18 26 0.169
18 30 0.019
18 34 0.159
18 36 0.128
18 43 0.174
18 45 0.161
18 52 0.255
18 22 0.142
18 24 0.168
18 35 0.368
18 60 0.312
18 62 0.347
18 67 0.15
18 69 0.109
18 20 0.183
18 41 0.145
18 46 0.146
18 51 0.204
18 59 0.118
19 54 0.475
19 25 0.825
19 36 0.359
19 44 0.916
19 72 0.751
19 41 0.937
19 20 0.457
19 39 0.783
19 23 0.183
19 31 0.014
19 45 0.123
19 53 0.092
19 32 0.148
19 48 0.052
19 50 0.331
19 58 0.268
19 65 0.265
19 34 0.108
19 46 0.143
19 62 0.389
19 67 0.243
19 70 0.304
19 24 0.205
19 27 0.321
19 33 0.108
19 43 0.105
19 55 0.1
19 59 0.127
19 60 0.067
19 68 0.166
19 26 0.157
19 29 0.202
19 30 0.124
19 42 0.19
19 52 0.289
19 61 0.103
19 21 0.164
19 22 0.165
19 35 0.125
19 37 0.122
19 38 0.184
19 40 0.122
19 47 0.122
19 63 0.165
19 64 0.155
19 69 0.131
19 74 0.18
20 73 0.557
20 40 0.521
20 30 0.429
20 22 0.002
20 29 0.516
20 46 0.279
20 56 0.099
20 52 0.216
20 32 0.052
20 62 0.222
20 67 0.365
20 41 0.272
20 54 0.039
20 60 0.056
20 64 0.044
20 74 0.295
20 31 0.311
20 48 0.113
20 49 0.101
20 55 0.409
20 23 0.215
20 39 0.131
20 45 0.112
20 61 0.093
20 63 0.586
20 34 0.233
20 70 0.193
20 72 0.301
20 24 0.306
20 27 0.162
20 28 0.317
20 33 0.222
20 42 0.153
20 43 0.145
20 47 0.131
20 50 0.125
20 53 0.169
20 65 0.14
20 21 0.138
20 26 0.105
20 36 0.152
20 38 0.223
20 58 0.11
20 66 0.187
20 68 0.132
20 71 0.129
21 33 0.822
21 65 0.75
21 66 0.608
21 24 0.681
21 45 0.224
21 59 0.188
21 73 0.25
21 44 0.534
21 28 0.546
21 36 0.309
21 22 0.388
21 54 0.264
21 56 0.264
21 57 0.025
21 61 0.451
21 23 0.137
21 27 0.134
21 31 0.097
21 34 0.267
21 42 0.164
21 67 0.362
21 43 0.385
21 49 0.243
21 63 0.024
21 71 0.096
21 72 0.205
21 26 0.197
21 47 0.232
21 60 0.339
21 32 0.123
21 35 0.154
21 37 0.066
21 38 0.004
21 41 0.234
21 48 0.162
21 50 0.266
21 69 0.078
21 70 0.156
21 74 0.131
21 29 0.206
21 39 0.16
21 52 0.124
21 53 0.117
21 64 0.181
21 68 0.168
22 58 0.731
22 33 1
22 45 0.522
22 26 0.558
22 55 0.822
22 27 0.636
22 62 0.568
22 69 0.513
22 23 0.562
22 29 0.18
22 72 0.248
22 68 0.319
22 37 0.213
22 54 0.082
22 47 0.164
22 63 0.277
22 32 0.89
22 36 0.076
22 28 0.453
22 30 0.233
22 44 0.062
22 61 0.094
22 38 0.448
22 64 0.055
22 25 0.144
22 50 0.566
22 51 0.156
22 52 0.112
22 59 0.189
22 60 0.089
22 73 0.304
22 34 0.186
22 35 0.104
22 41 0.058
22 49 0.103
22 53 0.246
22 56 0.055
22 57 0.091
22 65 0.245
22 66 0.265
22 40 0.142
22 48 0.16
22 67 0.157
22 71 0.151
23 30 0.815
23 63 0.769
23 59 0.159
23 49 0.734
23 47 0.461
23 58 0.565
23 48 0.168
23 69 0.896
23 41 0.398
23 72 0.516
23 62 0.069
23 74 0.111
23 34 0.335
23 35 0.08
23 66 0.518
23 45 0.132
23 61 0.152
23 42 0.021
23 50 0.047
23 68 0.028
23 26 0.193
23 36 0.137
23 71 0.202
23 73 0.34
23 24 0.168
23 31 0.117
23 38 0.319
23 60 0.262
23 65 0.093
23 25 0.138
23 37 0.162
23 46 0.118
23 54 0.145
23 55 0.152
23 56 0.141
23 57 0.158
23 64 0.146
23 67 0.164
24 60 0.698
24 51 1
24 41 0.481
24 48 0.757
24 59 0.537
24 28 0.449
24 49 0.712
24 32 0.416
24 40 0.024
24 73 0.517
24 66 0.13
24 26 0.158
24 30 0.276
24 37 0.229
24 38 0.016
24 69 0.168
24 70 0.206
24 34 0.172
24 36 0.084
24 39 0.227
24 43 0.09
24 68 0.282
24 35 0.23
24 55 0.05
24 45 0.144
24 61 0.307
24 62 0.201
24 64 0.238
24 67 0.207
24 27 0.245
24 42 0.209
24 44 0.258
24 52 0.1
24 54 0.154
24 58 0.179
24 25 0.195
24 29 0.114
24 31 0.173
24 33 0.116
24 47 0.195
24 50 0.146
24 63 0.18
24 65 0.136
24 72 0.151
24 74 0.158
25 57 0.65
25 44 0.638
25 41 0.883
25 70 0.609
25 47 0.609
25 61 0.413
25 29 0.085
25 48 0.405
25 51 0.402
25 52 0.221
25 65 0.084
25 67 0.073
25 60 0.151
25 63 0.585
25 38 0.266
25 64 0.126
25 39 0.098
25 55 0.312
25 26 0.043
25 28 0.111
25 35 0.018
25 36 0.22
25 42 0.399
25 53 0.184
25 56 0.409
25 66 0.133
25 69 0.229
25 71 0.425
25 73 0.246
25 30 0.245
25 32 0.055
25 37 0.133
25 40 0.164
25 46 0.151
25 27 0.147
25 31 0.142
25 33 0.156
25 34 0.147
25 43 0.156
25 45 0.145
25 54 0.135
25 58 0.107
25 74 0.159
26 47 0.844
26 42 1
26 32 0.82
26 50 0.991
26 74 0.974
26 66 0.541
26 56 0.026
26 27 0.543
26 51 0.288
26 53 0.058
26 37 0.297
26 45 0.384
26 44 0.025
26 54 0.045
26 64 0.125
26 36 0.428
26 38 0.346
26 63 0.094
26 43 0.155
26 57 0.444
26 67 0.054
26 41 0.077
26 46 0.086
26 68 0.062
26 69 0.097
26 35 0.13
26 48 0.213
26 59 0.038
26 65 0.006
26 73 0.147
26 28 0.115
26 29 0.134
26 34 0.088
26 39 0.106
26 40 0.135
26 49 0.169
26 55 0.172
26 58 0.147
26 62 0.151
26 71 0.119
27 44 0.869
27 37 0.76
27 34 0.831
27 69 0.615
27 66 0.767
27 29 0.409
27 52 0.707
27 51 0.022
27 54 0.706
27 60 0.295
27 74 0.126
27 31 0.469
27 61 0.608
27 38 0.232
27 32 0.106
27 36 0.133
27 50 0.24
27 58 0.142
27 28 0.096
27 33 0.094
27 42 0.174
27 57 0.178
27 43 0.156
27 45 0.041
27 68 0.246
27 71 0.126
27 35 0.142
27 47 0.164
27 48 0.009
27 49 0.194
27 53 0.125
27 65 0.107
27 67 0.143
27 39 0.163
27 41 0.073
27 46 0.124
27 56 0.189
27 59 0.197
27 62 0.122
27 63 0.188
27 64 0.145
27 70 0.187
27 72 0.157
28 36 0.726
28 48 0.886
28 41 0.514
28 74 0.733
28 54 0.905
28 39 0.05
28 35 0.884
28 62 0.275
28 70 0.009
28 34 0.088
28 46 0.283
28 68 0.389
28 69 0.263
28 60 0.032
28 53 0.184
28 57 0.227
28 67 0.165
28 30 0.122
28 44 0.157
28 49 0.103
28 37 0.149
28 45 0.144
28 47 0.202
28 50 0.17
28 52 0.173
28 65 0.213
28 73 0.226
28 33 0.124
28 42 0.18
28 43 0.133
28 51 0.09
28 64 0.007
28 71 0.122
28 29 0.196
28 31 0.191
28 32 0.126
28 40 0.156
28 55 0.107
28 56 0.129
28 58 0.158
28 61 0.172
28 66 0.148
28 72 0.071
29 70 0.706
29 42 1
29 56 0.718
29 51 0.96
29 46 0.615
29 30 0.204
29 57 0.853
29 45 0.983
29 67 0.221
29 63 0.878
29 58 0.412
29 54 0.182
29 62 0.109
29 34 0.257
29 61 0.188
29 41 0.313
29 47 0.142
29 50 0.212
29 65 0.224
29 33 0.123
29 43 0.003
29 64 0.122
29 66 0.128
29 31 0.165
29 32 0.129
29 36 0.322
29 39 0.213
29 68 0.116
29 71 0.09
29 73 0.112
29 44 0.116
29 74 0.141
29 35 0.192
29 40 0.115
29 49 0.105
29 52 0.162
29 53 0.156
29 55 0.172
29 69 0.215
29 72 0.159
30 37 0.944
30 59 0.926
30 54 0.912
30 70 0.57
30 36 0.736
30 44 0.386
30 38 0.158
30 63 0.093
30 60 0.265
30 34 0.214
30 35 0.411
30 56 0.264
30 64 0.232
30 43 0.254
30 49 0.147
30 53 0.521
30 67 0.222
30 69 0.211
30 74 0.088
30 68 0.123
30 31 0.318
30 40 0.176
30 72 0.178
30 50 0.116
30 52 0.243
30 55 0.146
30 58 0.203
30 62 0.095
30 41 0.187
30 42 0.153
30 51 0.134
30 57 0.176
30 61 0.164
30 65 0.132
30 66 0.201
30 71 0.131
31 62 0.738
31 61 1
31 55 1
31 34 1
31 67 0.862
31 56 0.73
31 49 0.538
31 52 0.117
31 57 0.63
31 66 0.372
31 46 0.002
31 64 0.339
31 65 0.69
31 71 0.161
31 36 0.041
31 44 0.157
31 45 0.36
31 50 0.123
31 51 0.23
31 70 0.135
31 33 0.152
31 40 0.112
31 43 0.053
31 68 0.223
31 37 0.146
31 42 0.065
31 53 0.314
31 59 0.122
31 60 0.138
31 63 0.129
31 69 0.153
31 74 0.091
31 32 0.198
31 38 0.17
31 54 0.129
31 58 0.166
32 62 0.709
32 37 0.929
32 60 1
32 68 0.478
32 70 0.673
32 71 0.462
32 51 0.613
32 73 0.361
32 61 0.533
32 41 0.524
32 52 0.091
32 66 0.174
32 67 0.236
32 69 0.108
32 74 0.266
32 43 0.16
32 53 0.193
32 65 0.217
32 58 0.217
32 46 0.156
32 40 0.231
32 44 0.203
32 47 0.033
32 48 0.201
32 49 0.052
32 63 0.022
32 64 0.155
32 34 0.314
32 38 0.09
32 54 0.117
32 56 0.161
32 42 0.125
32 50 0.131
33 54 0.615
33 36 0.947
33 55 0.546
33 63 0.568
33 52 0.351
33 50 0.555
33 64 0.22
33 61 0.545
33 71 0.097
33 46 0.55
33 49 0.32
33 59 0.265
33 68 0.368
33 47 0.103
33 69 0.142
33 43 0.122
33 48 0.276
33 37 0.145
33 39 0.141
33 42 0.077
33 45 0.12
33 65 0.066
33 67 0.145
33 34 0.143
33 44 0.214
33 51 0.134
33 58 0.085
33 60 0.021
33 66 0.231
33 35 0.107
33 38 0.164
33 40 0.1
33 41 0.161
33 53 0.105
33 56 0.13
33 72 0.167
33 73 0.131
34 44 1
34 58 0.986
34 48 0.262
34 56 0.718
34 52 0.033
34 64 0.644
34 68 0.035
34 49 0.145
34 74 0.334
34 41 0.124
34 51 0.231
34 63 0.212
34 73 0.112
34 35 0.066
34 40 0.13
34 57 0.37
34 71 0.183
34 72 0.517
34 37 0.143
34 42 0.322
34 45 0.238
34 46 0.281
34 47 0.196
34 53 0.179
34 62 0.141
34 39 0.154
34 69 0.143
34 38 0.181
34 50 0.139
34 54 0.133
34 59 0.173
34 61 0.111
34 65 0.156
34 70 0.168
35 69 0.916
35 46 0.946
35 39 0.795
35 51 1
35 60 0.683
35 41 0.197
35 59 0.514
35 57 0.596
35 58 0.593
35 62 0.069
35 72 0.541
35 74 0.236
35 68 0.358
35 53 0.167
35 61 0.36
35 71 0.214
35 37 0.049
35 55 0.26
35 56 0.379
35 36 0.229
35 42 0.349
35 54 0.31
35 64 0.157
35 47 0.182
35 49 0.452
35 43 0.196
35 45 0.139
35 48 0.143
35 50 0.146
35 52 0.135
35 63 0.159
35 67 0.127
35 70 0.177
36 45 0.743
36 53 0.749
36 60 0.532
36 42 1
36 51 0.707
36 38 0.792
36 70 0.813
36 73 0.219
36 58 0.149
36 57 0.182
36 62 0.109
36 43 0.294
36 59 0.233
36 65 0.164
36 48 0.245
36 68 0.382
36 39 0.242
36 40 0.025
36 41 0.202
36 67 0.157
36 69 0.163
36 72 0.226
36 54 0.141
36 56 0.25
36 63 0.145
36 37 0.162
36 46 0.104
36 50 0.147
36 55 0.151
36 64 0.149
36 71 0.194
36 74 0.153
37 63 0.725
37 48 0.783
37 39 0.072
37 45 0.963
37 59 0.654
37 57 0.06
37 67 0.184
37 73 0.215
37 52 0.366
37 74 0.508
37 55 0.257
37 46 0.162
37 43 0.3
37 51 0.124
37 71 0.332
37 68 0.125
37 38 0.114
37 40 0.157
37 41 0.305
37 44 0.204
37 47 0.179
37 49 0.421
37 50 0.144
37 58 0.168
37 61 0.137
37 72 0.015
37 56 0.131
37 60 0.138
37 62 0.184
37 65 0.144
37 66 0.147
37 69 0.154
37 70 0.117
38 39 0.77
38 63 0.961
38 44 1
38 55 0.293
38 46 0.624
38 52 0.155
38 70 0.382
38 51 0.276
38 73 0.122
38 50 0.265
38 65 0.275
38 47 0.155
38 69 0.062
38 72 0.157
38 56 0.048
38 68 0.161
38 45 0.076
38 48 0.147
38 49 0.157
38 60 0.137
38 61 0.167
38 41 0.15
38 42 0.184
38 43 0.184
38 54 0.18
38 59 0.138
38 62 0.143
38 64 0.176
38 71 0.181
39 71 1
39 70 0.982
39 68 0.95
39 51 0.46
39 53 0.408
39 63 0.432
39 54 0.393
39 55 0.369
39 52 0.208
39 50 0.469
39 57 0.389
39 58 0.043
39 49 0.39
39 56 0.313
39 62 0.228
39 65 0.085
39 41 0.168
39 42 0.14
39 64 0.182
39 74 0.069
39 40 0.155
39 43 0.148
39 46 0.117
39 47 0.14
39 48 0.169
39 59 0.148
39 60 0.14
39 67 0.178
39 69 0.143
39 72 0.147
39 73 0.135
40 41 0.866
40 58 0.84
40 48 0.924
40 69 0.513
40 60 0.388
40 70 0.27
40 44 0.678
40 71 0.512
40 43 0.075
40 51 0.499
40 63 0.094
40 50 0.052
40 74 0.368
40 46 0.169
40 59 0.208
40 55 0.167
40 57 0.029
40 72 0.034
40 49 0.201
40 52 0.138
40 54 0.188
40 64 0.167
40 66 0.172
40 67 0.161
40 68 0.302
40 53 0.127
40 56 0.129
40 61 0.145
40 62 0.138
41 70 1
41 73 0.506
41 61 0.294
41 62 0.469
41 54 0.107
41 65 0.03
41 49 0.198
41 47 0.244
41 58 0.123
41 44 0.165
41 66 0.21
41 68 0.017
41 74 0.074
41 46 0.362
41 52 0.402
41 56 0.309
41 51 0.362
41 55 0.197
41 50 0.124
41 59 0.167
41 72 0.029
41 42 0.149
41 43 0.091
41 45 0.107
41 53 0.198
41 57 0.182
41 60 0.121
41 63 0.201
41 67 0.139
41 69 0.165
41 71 0.16
42 60 0.688
42 53 0.666
42 69 0.786
42 59 1
42 45 1
42 56 0.165
42 74 0.096
42 46 0.047
42 65 0.113
42 72 0.359
42 55 0.181
42 62 0.386
42 67 0.288
42 58 0.182
42 43 0.301
42 49 0.088
42 50 0.116
42 57 0.15
42 66 0.127
42 48 0.114
42 51 0.142
42 64 0.129
42 52 0.158
43 60 0.825
43 45 0.679
43 61 0.492
43 56 0.504
43 49 0.524
43 52 0.038
43 65 0.183
43 55 0.238
43 51 0.148
43 58 0.115
43 69 0.06
43 48 0.285
43 57 0.259
43 62 0.348
43 53 0.077
43 59 0.092
43 44 0.215
43 47 0.17
43 54 0.146
43 63 0.16
43 66 0.16
43 67 0.152
43 72 0.155
43 74 0.173
44 57 0.811
44 65 0.801
44 47 0.666
44 52 0.797
44 71 0.331
44 55 0.63
44 51 0.088
44 59 0.354
44 53 0.144
44 64 0.076
44 46 0.186
44 45 0.276
44 49 0.167
44 50 0.118
44 62 0.231
44 63 0.131
44 69 0.098
44 48 0.155
44 70 0.106
44 73 0.103
44 74 0.156
44 58 0.109
44 66 0.169
44 67 0.152
44 68 0.186
44 72 0.131
45 61 0.942
45 56 0.575
45 47 0.916
45 52 0.809
45 66 0.509
45 59 0.214
45 71 0.252
45 50 0.073
45 53 0.136
45 69 0.056
45 54 0.229
45 74 0.389
45 55 0.279
45 57 0.041
45 58 0.352
45 67 0.231
45 46 0.092
45 70 0.004
45 51 0.17
45 63 0.42
45 68 0.112
45 73 0.103
45 60 0.149
45 65 0.117
46 47 1
46 61 0.878
46 53 1
46 59 0.528
46 73 0.793
46 74 0.808
46 49 0.425
46 62 0.656
46 57 0.384
46 63 0.271
46 72 0.268
46 67 0.259
46 58 0.142
46 48 0.316
46 54 0.09
46 55 0.304
46 56 0.077
46 60 0.048
46 65 0.03
46 50 0.131
46 52 0.174
46 64 0.127
46 69 0.225
46 71 0.155
46 51 0.149
46 66 0.118
47 59 1
47 72 0.594
47 61 0.449
47 55 0.36
47 52 0.195
47 66 0.039
47 57 0.035
47 73 0.374
47 53 0.304
47 63 0.317
47 67 0.402
47 69 0.191
47 70 0.175
47 62 0.192
47 65 0.137
47 71 0.316
47 74 0.136
47 48 0.182
47 49 0.126
47 50 0.167
47 51 0.177
47 54 0.141
47 56 0.169
47 58 0.149
47 68 0.11
48 74 0.686
48 51 0.539
48 56 0.116
48 54 0.108
48 65 0.486
48 73 0.123
48 59 0.28
48 66 0.302
48 50 0.322
48 53 0.2
48 62 0.133
48 71 0.284
48 49 0.13
48 57 0.139
48 63 0.262
48 68 0.157
48 72 0.212
48 55 0.216
48 61 0.165
48 64 0.193
48 70 0.173
49 60 0.649
49 69 1
49 72 0.684
49 62 0.609
49 67 0.117
49 50 0.511
49 54 0.326
49 55 0.284
49 65 0.211
49 66 0.444
49 68 0.16
49 52 0.2
49 53 0.052
49 71 0.157
49 57 0.15
49 58 0.16
49 74 0.102
49 59 0.135
49 70 0.204
50 73 0.691
50 62 0.82
50 74 0.312
50 51 0.186
50 57 0.262
50 65 0.41
50 54 0.403
50 68 0.381
50 71 0.291
50 63 0.035
50 64 0.208
50 67 0.091
50 52 0.137
50 69 0.09
50 61 0.006
50 53 0.163
50 55 0.162
50 56 0.133
50 59 0.137
50 60 0.142
50 70 0.111
50 72 0.112
51 65 0.651
51 61 0.248
51 57 0.205
51 71 0.126
51 54 0.167
51 59 0.082
51 60 0.103
51 53 0.234
51 62 0.315
51 64 0.145
51 72 0.181
51 73 0.19
51 52 0.064
51 67 0.214
51 70 0.144
51 74 0.166
51 58 0.099
51 63 0.111
52 67 0.59
52 55 0.535
52 53 0.052
52 63 0.196
52 56 0.221
52 58 0.295
52 66 0.261
52 72 0.29
52 57 0.162
52 60 0.192
52 70 0.112
52 71 0.14
52 59 0.185
52 69 0.15
52 73 0.134
52 61 0.092
52 74 0.097
52 54 0.095
52 62 0.198
52 64 0.197
52 65 0.171
53 74 0.47
53 66 0.932
53 64 1
53 62 0.6
53 73 0.097
53 57 0.686
53 67 0.55
53 55 0.12
53 58 0.22
53 65 0.038
53 71 0.165
53 72 0.162
53 54 0.257
53 56 0.228
53 59 0.275
53 61 0.022
53 63 0.15
53 69 0.111
53 70 0.146
53 60 0.156
54 61 1
54 56 0.507
54 64 0.975
54 67 0.413
54 60 0.283
54 62 0.591
54 58 0.466
54 72 0.238
54 55 0.199
54 63 0.174
54 69 0.232
54 74 0.228
54 57 0.1
54 59 0.142
54 65 0.127
54 66 0.131
54 68 0.17
54 73 0.161
55 69 0.712
55 64 0.635
55 58 0.907
55 71 0.633
55 61 0.662
55 65 0.532
55 56 0.11
55 57 0.515
55 60 0.074
55 67 0.375
55 59 0.183
55 66 0.155
55 74 0.207
55 62 0.313
55 63 0.346
55 73 0.144
55 68 0.169
56 57 0.614
56 64 1
56 70 0.771
56 72 0.105
56 63 0.263
56 59 0.662
56 67 0.412
56 66 0.269
56 71 0.1
56 60 0.112
56 65 0.154
56 69 0.164
56 73 0.135
56 74 0.144
57 62 0.661
57 64 0.882
57 66 0.904
57 74 0.203
57 71 0.195
57 61 0.19
57 68 0.229
57 59 0.199
57 58 0.465
57 69 0.316
57 72 0.513
57 60 0.446
57 63 0.18
57 70 0.171
57 73 0.32
57 65 0.149
57 67 0.1
58 60 0.771
58 62 0.652
58 73 0.588
58 70 0.457
58 65 0.215
58 67 0.212
58 61 0.149
58 63 0.15
58 71 0.075
58 59 0.136
58 64 0.201
58 66 0.167
58 68 0.143
58 69 0.125
59 73 0.767
59 66 0.003
59 68 0.147
59 69 0.144
59 70 0.243
59 72 0.184
59 62 0.193
59 60 0.17
59 61 0.13
59 63 0.156
59 74 0.096
60 62 0.683
60 72 0.629
60 74 0.265
60 64 0.098
60 65 0.102
60 73 0.342
60 70 0.219
60 61 0.199
60 66 0.081
60 63 0.132
60 67 0.18
60 68 0.182
61 63 1
61 65 1
61 71 0.242
61 64 0.225
61 67 0.204
61 73 0.107
61 66 0.168
61 68 0.234
61 74 0.205
61 69 0.132
61 72 0.134
62 64 0.512
62 63 0.513
62 66 0.023
62 71 0.148
62 68 0.132
62 72 0.157
62 70 0.268
62 65 0.197
62 69 0.128
62 74 0.167
63 67 1
63 66 0.924
63 73 0.356
63 64 0.108
63 69 0.169
63 70 0.165
63 71 0.15
63 74 0.009
63 65 0.133
63 72 0.115
64 67 0.313
64 66 0.918
64 70 0.266
64 65 0.234
64 69 0.167
64 72 0.079
64 74 0.004
64 68 0.328
65 67 0.851
65 68 0.011
65 73 0.186
65 71 0.414
65 72 0.275
65 66 0.178
65 69 0.241
65 70 0.125
65 74 0.181
66 70 0.388
66 69 0.401
66 67 0.426
66 73 0.121
66 71 0.177
66 74 0.013
66 68 0.157
66 72 0.18
67 74 0.44
67 69 0.204
67 72 0.282
67 70 0.159
67 71 0.11
68 69 1
68 72 0.159
68 71 0.198
68 73 0.132
68 74 0.153
69 74 0.669
69 70 0.105
69 73 0.186
69 72 0.333
69 71 0.092
70 73 0.601
70 72 0.179
70 71 0.199
70 74 0.166
71 73 0.563
71 72 0.19
71 74 0.163
73 74 0.217
