0 63 0.644
0 33 0.645
0 61 0.91
0 65 0.802
0 4 0.059
0 9 0.371
0 17 0.73
0 43 0.354
0 53 0.815
0 67 0.706
0 6 0.983
0 8 0.491
0 19 0.74
0 71 0.081
0 24 0.286
0 49 0.179
0 7 0.842
0 55 1
0 45 0.405
0 54 0.364
0 23 0.091
0 27 0.198
0 56 0.394
0 47 0.748
0 28 0.707
0 68 0.619
0 30 0.221
0 39 0.106
0 51 0.303
0 69 1
0 22 0.698
0 13 0.472
0 18 0.907
0 20 0.441
0 12 0.88
0 29 0.912
0 40 0.477
0 48 0.585
0 25 0.132
0 60 0.022
0 64 0.336
0 46 0.929
0 52 0.266
0 34 0.351
0 74 0.558
0 35 0.052
0 16 0.396
0 66 0.164
0 21 0.116
0 14 0.331
0 26 0.189
0 62 0.242
0 58 0.025
0 2 0.26
0 32 0.1
0 44 0.17
0 11 0.178
0 41 0.145
1 21 1
1 58 0.922
1 15 0.501
1 67 0.718
1 2 0.863
1 27 0.424
1 44 0.399
1 64 0.374
1 7 0.793
1 20 0.294
1 34 0.57
1 41 0.5
1 63 0.619
1 36 0.499
1 65 0.828
1 46 0.556
1 51 1
1 59 0.372
1 28 0.641
1 42 1
1 8 0.754
1 9 0.855
1 16 0.146
1 10 0.157
1 13 0.6
1 30 0.859
1 38 0.579
1 35 0.668
1 24 0.584
1 50 0.355
1 19 0.654
1 47 0.263
1 57 0.965
1 22 1
1 26 0.72
1 29 0.315
1 11 0.358
1 12 0.42
1 31 0.423
1 43 0.652
1 74 0.459
1 37 0.851
1 72 0.593
1 6 0.441
1 25 0.613
1 69 0.253
1 14 0.054
1 17 0.114
1 56 0.138
1 18 0.665
1 70 0.101
1 71 0.164
1 52 0.026
1 3 0.126
1 32 0.094
1 45 0.115
1 62 0.038
1 40 0.409
1 48 0.244
2 54 0.595
2 37 0.944
2 60 0.714
2 43 0.425
2 52 0.283
2 3 0.437
2 9 0.683
2 19 1
2 65 1
2 29 0.586
2 38 0.579
2 32 0.179
2 59 0.647
2 70 0.979
2 25 0.376
2 58 0.413
2 72 0.844
2 28 0.789
2 31 1
2 51 0.59
2 44 0.243
2 71 0.758
2 73 0.409
2 22 0.413
2 33 0.034
2 36 0.392
2 42 0.079
2 64 0.498
2 45 0.274
2 55 0.516
2 50 0.377
2 14 0.116
2 26 0.636
2 8 0.936
2 61 0.325
2 30 0.267
2 46 0.249
2 74 0.927
2 63 0.485
2 6 0.163
2 16 0.168
2 18 0.276
2 12 0.272
2 62 0.239
2 4 0.209
2 56 0.523
2 40 0.403
2 57 0.155
2 41 0.672
2 67 0.218
2 24 0.117
2 53 0.14
2 66 0.196
2 23 0.211
2 68 0.211
2 20 0.101
2 21 0.168
2 10 0.193
2 17 0.124
3 29 0.598
3 48 0.157
3 15 0.461
3 18 0.858
3 37 0.771
3 39 0.986
3 8 0.902
3 21 0.729
3 27 0.717
3 28 0.127
3 34 0.495
3 51 0.236
3 9 0.03
3 30 0.912
3 32 0.649
3 55 0.369
3 47 0.499
3 33 1
3 44 0.363
3 14 0.515
3 45 0.72
3 12 0.966
3 66 1
3 56 0.411
3 57 0.392
3 60 0.31
3 69 0.893
3 65 0.13
3 16 0.74
3 58 0.233
3 70 0.147
3 6 0.72
3 11 0.781
3 61 0.613
3 68 0.958
3 49 0.452
3 54 0.189
3 24 0.155
3 35 0.946
3 36 0.117
3 7 0.873
3 64 0.016
3 40 0.174
3 20 0.21
3 52 0.239
3 63 0.382
3 41 0.463
3 46 0.015
3 22 0.219
3 73 0.004
3 42 0.24
3 53 0.131
4 51 0.83
4 16 0.375
4 24 0.719
4 52 0.561
4 57 0.88
4 28 0.486
4 47 0.847
4 20 0.117
4 34 0.527
4 63 1
4 71 0.929
4 15 0.942
4 60 0.197
4 72 0.826
4 66 0.682
4 14 0.917
4 21 0.218
4 29 0.802
4 50 0.371
4 73 0.98
4 33 0.394
4 5 0.598
4 30 0.672
4 44 0.667
4 53 0.652
4 68 1
4 58 0.851
4 11 0.388
4 43 0.954
4 45 0.49
4 12 0.554
4 31 0.606
4 42 0.335
4 10 0.539
4 7 0.577
4 65 0.373
4 38 0.616
4 55 0.407
4 8 0.331
4 9 0.466
4 46 0.748
4 13 0.252
4 19 0.026
4 22 0.16
4 48 0.208
4 41 0.455
4 17 0.322
4 35 0.077
4 49 0.342
4 36 0.133
4 54 0.568
4 56 0.292
4 61 0.185
4 64 0.068
4 25 0.163
4 37 0.205
4 59 0.099
4 39 0.175
4 62 0.155
5 9 0.461
5 25 0.225
5 40 1
5 70 0.682
5 22 1
5 24 0.914
5 54 0.714
5 62 0.98
5 47 0.53
5 56 0.283
5 27 0.772
5 32 1
5 38 0.995
5 19 0.572
5 28 0.607
5 26 0.227
5 74 0.993
5 65 0.023
5 16 0.434
5 36 0.249
5 7 0.588
5 48 0.608
5 37 0.569
5 23 0.296
5 15 0.328
5 13 0.326
5 6 0.269
5 17 0.503
5 20 0.742
5 58 0.272
5 66 0.377
5 68 0.261
5 11 0.426
5 34 0.147
5 10 0.334
5 31 0.066
5 52 0.191
5 73 0.178
5 30 0.005
5 63 0.168
5 14 0.083
5 64 0.288
5 41 0.108
5 72 0.284
5 8 0.141
5 29 0.097
6 57 0.768
6 53 0.693
6 9 0.677
6 42 0.67
6 60 0.479
6 18 0.539
6 33 0.755
6 34 0.538
6 65 0.748
6 68 0.732
6 70 1
6 15 0.747
6 39 0.74
6 12 0.76
6 35 0.907
6 51 0.76
6 17 0.4
6 27 0.774
6 30 0.824
6 50 0.773
6 25 0.883
6 58 0.355
6 74 0.27
6 7 0.286
6 69 0.4
6 19 0.658
6 8 0.094
6 44 0.532
6 71 0.066
6 26 0.892
6 16 0.132
6 46 0.393
6 24 0.308
6 48 0.234
6 56 0.128
6 61 0.318
6 66 0.219
6 73 0.61
6 14 0.272
6 23 0.247
6 32 0.405
6 62 0.465
6 40 0.201
6 67 0.312
6 22 0.027
6 31 0.302
6 49 0.024
6 37 0.037
6 72 0.07
6 10 0.144
7 13 0.72
7 45 1
7 44 0.732
7 40 0.732
7 9 0.994
7 36 0.136
7 42 0.151
7 69 0.674
7 8 0.158
7 54 0.777
7 66 0.971
7 22 0.941
7 28 0.184
7 38 0.659
7 49 0.254
7 70 0.444
7 64 0.521
7 39 0.332
7 46 0.494
7 48 0.816
7 52 0.972
7 25 0.61
7 26 0.394
7 30 1
7 33 0.651
7 12 1
7 55 0.252
7 63 0.157
7 16 0.261
7 41 0.147
7 20 0.329
7 32 0.379
7 47 0.671
7 50 0.88
7 60 0.303
7 68 0.675
7 34 0.434
7 61 0.374
7 17 0.31
7 72 0.488
7 14 0.783
7 29 0.304
7 31 0.353
7 21 0.395
7 18 0.228
7 27 0.358
7 43 0.164
7 35 0.12
7 51 0.16
7 59 0.116
7 65 0.14
7 67 0.117
8 19 1
8 40 0.725
8 28 0.226
8 17 0.471
8 24 0.092
8 36 0.487
8 47 0.699
8 55 0.317
8 65 1
8 26 0.139
8 44 0.941
8 32 0.841
8 51 0.495
8 16 0.796
8 38 0.598
8 68 0.69
8 20 0.696
8 11 0.714
8 45 0.137
8 21 0.166
8 42 0.746
8 60 0.987
8 13 0.943
8 49 0.45
8 39 0.44
8 61 0.5
8 63 0.953
8 25 0.541
8 66 0.373
8 9 0.47
8 54 0.457
8 62 0.167
8 23 0.715
8 31 0.218
8 29 0.334
8 53 0.131
8 73 0.122
8 74 0.178
8 18 0.674
8 48 0.372
8 70 0.37
8 14 0.264
8 59 0.12
9 42 0.643
9 69 0.492
9 53 0.549
9 63 0.746
9 12 0.305
9 60 0.896
9 28 0.891
9 36 0.305
9 30 0.742
9 31 0.138
9 73 0.745
9 43 0.577
9 18 0.552
9 25 0.431
9 40 0.347
9 67 0.465
9 13 0.8
9 50 0.528
9 55 0.594
9 57 0.669
9 61 0.879
9 70 0.164
9 17 0.834
9 38 0.884
9 19 0.061
9 35 0.219
9 27 0.223
9 34 0.282
9 15 0.18
9 64 0.846
9 32 0.45
9 51 1
9 22 0.368
9 10 0.651
9 20 0.09
9 41 0.161
9 14 0.576
9 29 0.257
9 45 0.665
9 74 0.453
9 23 0.323
9 71 0.27
9 24 0.723
9 62 0.414
9 49 0.362
9 16 0.415
9 54 0.085
9 72 0.113
9 26 0.112
9 59 0.132
10 30 0.766
10 59 0.997
10 53 0.485
10 56 0.391
10 17 0.41
10 18 0.861
10 31 0.579
10 45 0.655
10 66 0.221
10 72 0.351
10 12 0.396
10 61 0.818
10 48 0.203
10 33 0.136
10 69 1
10 15 0.154
10 32 0.121
10 73 0.664
10 24 0.428
10 38 0.72
10 65 0.257
10 26 0.459
10 34 0.328
10 68 0.455
10 54 0.658
10 36 0.458
10 43 0.323
10 14 0.484
10 74 0.74
10 42 0.435
10 16 0.339
10 51 0.712
10 11 0.277
10 70 0.466
10 46 0.337
10 35 0.149
10 41 0.176
10 23 0.337
10 39 0.367
10 64 0.543
10 19 0.195
10 20 0.299
10 62 0.396
10 22 0.089
10 27 0.004
10 13 0.14
10 60 0.078
10 47 0.125
11 69 0.649
11 22 1
11 59 0.179
11 70 1
11 74 0.234
11 35 0.191
11 33 1
11 64 0.856
11 55 0.498
11 27 0.871
11 46 0.842
11 68 0.786
11 21 0.426
11 57 0.364
11 14 0.595
11 32 0.9
11 61 0.571
11 20 0.061
11 45 0.262
11 50 0.789
11 29 0.114
11 23 0.37
11 16 0.435
11 58 0.603
11 25 0.201
11 18 0.408
11 13 0.026
11 47 0.165
11 63 0.226
11 15 0.481
11 66 0.092
11 67 0.384
11 41 0.423
11 51 0.136
11 56 0.425
11 43 0.286
11 30 0.231
11 37 0.253
11 34 0.169
11 60 0.369
11 62 0.089
11 65 0.176
11 28 0.007
11 54 0.131
11 12 0.168
11 49 0.123
11 73 0.174
12 61 0.947
12 18 0.546
12 56 0.299
12 33 0.88
12 19 0.095
12 30 1
12 32 0.248
12 53 0.465
12 39 0.775
12 31 1
12 68 0.23
12 26 0.164
12 42 0.692
12 67 0.424
12 60 0.681
12 63 0.854
12 29 0.23
12 17 0.417
12 25 0.847
12 58 0.302
12 43 0.311
12 27 0.443
12 13 0.345
12 55 0.092
12 24 0.402
12 14 0.803
12 15 0.247
12 70 0.425
12 20 0.28
12 40 0.333
12 44 0.198
12 54 0.149
12 34 0.079
12 66 0.433
12 16 0.249
12 35 0.096
12 37 0.405
12 41 0.291
12 73 0.212
12 49 0.105
12 57 0.196
12 59 0.153
12 23 0.108
12 65 0.13
13 52 1
13 41 0.145
13 60 0.609
13 67 0.994
13 72 0.724
13 17 0.455
13 42 0.981
13 50 0.267
13 54 0.801
13 70 0.621
13 64 0.979
13 58 0.987
13 26 0.495
13 57 0.715
13 73 0.929
13 22 0.812
13 31 0.32
13 49 0.921
13 45 0.213
13 15 0.713
13 59 0.588
13 18 0.703
13 47 0.823
13 40 0.757
13 71 0.497
13 19 0.24
13 28 0.439
13 20 0.608
13 25 0.13
13 32 0.491
13 68 0.384
13 69 0.8
13 53 0.269
13 36 0.375
13 44 0.475
13 62 0.549
13 16 0.403
13 43 0.125
13 23 0.49
13 30 0.233
13 51 0.04
13 24 0.052
13 37 0.355
13 66 0.158
13 14 0.05
13 74 0.293
13 27 0.17
13 29 0.25
13 61 0.081
13 34 0.193
13 35 0.166
13 38 0.164
13 46 0.16
13 55 0.141
14 18 0.868
14 42 1
14 47 0.973
14 26 0.422
14 51 1
14 52 0.714
14 62 0.714
14 63 0.482
14 36 0.461
14 73 0.551
14 23 0.841
14 20 0.413
14 72 0.479
14 53 0.652
14 32 0.19
14 46 0.379
14 19 1
14 21 0.367
14 69 0.373
14 22 0.158
14 25 0.337
14 17 0.78
14 57 0.577
14 70 0.189
14 65 0.677
14 37 0.207
14 56 0.641
14 59 0.226
14 54 0.194
14 24 0.739
14 33 0.3
14 45 0.083
14 15 0.313
14 38 0.968
14 74 0.252
14 67 0.514
14 61 0.109
14 64 0.116
14 71 0.236
14 27 0.16
14 50 0.269
14 58 0.082
14 34 0.182
15 24 0.711
15 39 0.672
15 18 1
15 43 0.799
15 54 0.823
15 55 0.289
15 59 0.287
15 16 0.548
15 47 0.382
15 17 0.834
15 67 0.25
15 32 0.995
15 42 0.257
15 63 0.238
15 69 0.043
15 46 0.268
15 34 0.097
15 74 0.525
15 31 0.328
15 48 1
15 38 0.077
15 20 0.285
15 37 0.369
15 36 1
15 52 0.337
15 66 0.12
15 70 0.327
15 71 0.524
15 72 0.27
15 23 0.538
15 40 0.184
15 56 0.348
15 21 0.072
15 50 0.532
15 57 0.389
15 60 0.207
15 26 0.005
15 68 0.322
15 29 0.4
15 61 0.232
15 19 0.488
15 25 0.342
15 65 0.221
15 41 0.209
15 62 0.268
15 73 0.186
16 24 0.865
16 43 0.325
16 37 0.431
16 21 0.932
16 25 0.352
16 32 0.48
16 33 0.613
16 40 0.732
16 45 0.523
16 50 0.839
16 64 0.368
16 17 0.678
16 51 0.03
16 68 0.31
16 59 0.878
16 60 0.52
16 36 0.661
16 53 0.442
16 73 0.606
16 30 0.832
16 26 0.535
16 71 0.291
16 22 0.955
16 39 0.416
16 23 0.867
16 58 0.561
16 63 0.558
16 31 0.711
16 27 0.296
16 74 0.803
16 28 0.132
16 48 0.503
16 67 0.161
16 29 0.545
16 55 0.245
16 65 0.368
16 35 0.062
16 56 0.204
16 52 0.149
16 20 0.161
16 46 0.183
16 49 0.133
16 62 0.155
17 38 1
17 39 0.196
17 33 1
17 20 0.374
17 27 0.217
17 32 0.373
17 40 0.464
17 45 0.713
17 60 0.98
17 31 0.208
17 57 0.694
17 25 0.338
17 50 0.845
17 66 0.375
17 49 0.331
17 65 0.661
17 73 0.505
17 51 0.947
17 34 0.364
17 72 0.724
17 22 0.76
17 64 0.376
17 53 0.875
17 69 0.727
17 63 0.526
17 43 0.571
17 36 0.255
17 28 0.494
17 47 0.656
17 19 0.372
17 35 0.095
17 30 0.165
17 37 0.142
17 70 0.201
17 61 0.392
17 44 0.204
17 62 0.489
17 71 0.164
17 21 0.392
17 58 0.175
17 67 0.155
18 41 0.939
18 74 0.072
18 39 0.493
18 60 0.172
18 40 0.784
18 43 1
18 27 0.539
18 33 0.496
18 48 0.197
18 63 1
18 30 0.725
18 59 0.794
18 24 0.3
18 52 0.524
18 65 0.501
18 71 0.57
18 36 0.735
18 57 0.296
18 35 0.261
18 42 0.6
18 67 0.231
18 23 0.78
18 22 0.088
18 50 0.772
18 70 0.029
18 29 0.119
18 54 0.596
18 66 0.583
18 31 0.53
18 21 0.07
18 46 0.569
18 45 0.456
18 37 0.591
18 51 0.092
18 72 0.544
18 28 0.093
18 55 0.328
18 20 0.204
18 25 0.01
18 44 0.056
18 56 0.263
18 73 0.119
19 32 0.706
19 50 0.442
19 22 0.267
19 30 0.537
19 45 0.832
19 63 0.053
19 69 0.748
19 72 0.262
19 58 0.845
19 34 0.643
19 49 0.261
19 52 0.965
19 68 0.812
19 20 1
19 35 0.074
19 56 0.946
19 67 0.248
19 39 0.426
19 42 0.457
19 44 0.208
19 70 0.36
19 29 0.147
19 47 0.471
19 38 0.03
19 43 0.153
19 25 0.707
19 37 0.476
19 64 0.898
19 73 0.703
19 46 0.208
19 48 0.164
19 59 0.283
19 24 0.666
19 41 0.309
19 27 0.504
19 60 0.592
19 21 0.278
19 31 0.166
19 74 0.207
19 36 0.075
19 55 0.169
19 66 0.155
19 40 0.2
20 57 0.316
20 63 0.889
20 47 1
20 42 0.582
20 23 1
20 39 0.308
20 50 0.461
20 32 0.93
20 69 0.135
20 61 0.404
20 62 0.223
20 53 0.125
20 22 0.691
20 56 0.446
20 35 0.243
20 72 0.435
20 21 0.56
20 41 0.657
20 37 0.158
20 71 0.568
20 64 0.899
20 43 0.636
20 44 0.433
20 49 0.28
20 25 0.152
20 38 0.115
20 30 0.17
20 66 0.274
20 73 0.372
20 33 0.127
20 60 0.178
20 54 0.262
20 58 0.344
20 70 0.109
20 27 0.132
21 36 0.509
21 37 0.517
21 57 0.48
21 67 0.679
21 28 0.583
21 33 0.726
21 38 0.616
21 53 0.179
21 70 1
21 50 0.222
21 35 0.623
21 51 0.279
21 66 0.871
21 41 0.377
21 24 0.318
21 31 0.583
21 48 0.537
21 43 0.568
21 44 0.304
21 74 0.396
21 23 0.367
21 71 0.411
21 27 0.556
21 60 0.329
21 63 0.42
21 29 0.378
21 34 0.439
21 45 0.283
21 65 0.513
21 68 0.237
21 47 0.192
21 49 0.599
21 39 0.117
21 42 0.36
21 30 0.026
21 58 0.281
21 69 0.301
21 72 0.123
21 73 0.277
21 64 0.081
21 56 0.104
21 62 0.132
22 69 0.815
22 42 1
22 34 0.361
22 25 0.895
22 29 1
22 45 0.488
22 47 0.624
22 51 0.487
22 52 0.491
22 54 0.712
22 39 0.315
22 43 1
22 35 0.141
22 36 0.476
22 70 0.433
22 72 0.35
22 37 0.793
22 60 0.425
22 65 0.886
22 56 0.001
22 66 0.162
22 41 0.687
22 40 0.837
22 50 0.674
22 58 0.599
22 64 0.911
22 48 0.145
22 24 0.833
22 49 0.924
22 55 0.638
22 74 0.017
22 62 0.015
22 30 0.355
22 57 0.177
22 46 0.733
22 44 0.376
22 63 0.032
22 59 0.344
22 26 0.095
22 33 0.173
22 28 0.14
23 49 0.098
23 41 0.565
23 24 0.645
23 31 0.943
23 32 0.962
23 46 0.625
23 60 0.572
23 64 0.018
23 65 0.926
23 40 0.61
23 59 0.524
23 69 0.242
23 48 0.632
23 45 0.793
23 63 0.288
23 72 1
23 39 0.818
23 57 0.404
23 67 0.767
23 73 0.725
23 50 0.529
23 33 0.421
23 36 0.554
23 52 0.262
23 66 0.835
23 61 0.105
23 43 0.667
23 25 0.38
23 38 0.219
23 26 0.468
23 27 0.272
23 35 0.249
23 51 0.45
23 62 0.33
23 37 0.202
23 58 0.192
23 42 0.131
23 28 0.222
24 47 0.474
24 68 0.955
24 57 0.468
24 62 0.69
24 73 0.569
24 42 0.451
24 67 0.408
24 37 0.809
24 54 0.722
24 72 0.199
24 36 0.806
24 31 0.409
24 51 0.739
24 63 0.373
24 66 0.606
24 46 0.06
24 50 1
24 34 0.182
24 70 0.213
24 28 0.125
24 38 0.207
24 25 0.353
24 65 0.331
24 49 0.144
24 64 0.504
24 52 0.611
24 59 0.705
24 41 0.089
24 26 0.296
24 48 0.509
24 39 0.137
24 74 0.271
24 69 0.252
24 55 0.11
24 60 0.139
25 46 0.012
25 74 0.664
25 51 0.939
25 31 0.166
25 45 0.928
25 37 1
25 58 0.634
25 60 0.737
25 54 1
25 48 0.148
25 28 0.669
25 33 1
25 52 0.13
25 59 0.358
25 53 1
25 27 0.881
25 70 0.612
25 43 0.377
25 73 0.573
25 47 0.797
25 55 0.13
25 57 0.746
25 50 0.329
25 64 0.78
25 30 0.19
25 65 0.356
25 40 0.037
25 38 0.201
25 69 0.607
25 72 0.278
25 29 0.532
25 39 0.748
25 42 0.263
25 36 0.193
25 68 0.383
25 49 0.257
25 35 0.084
25 62 0.242
25 63 0.148
25 67 0.11
26 35 0.853
26 65 0.438
26 52 0.758
26 59 0.897
26 72 0.785
26 34 0.672
26 42 0.537
26 44 0.974
26 64 0.388
26 51 0.956
26 73 0.247
26 28 0.88
26 49 0.766
26 74 0.872
26 47 0.845
26 63 0.15
26 31 0.706
26 68 0.256
26 38 0.13
26 29 0.391
26 48 0.363
26 58 0.156
26 61 0.235
26 67 0.3
26 50 0.889
26 53 0.783
26 60 0.69
26 40 0.112
26 71 0.138
26 57 0.372
26 39 0.431
26 56 0.24
26 54 0.141
26 32 0.382
26 45 0.71
26 30 0.16
26 36 0.266
26 33 0.2
26 55 0.168
26 69 0.151
26 70 0.15
27 62 0.856
27 34 1
27 58 0.466
27 28 0.952
27 49 0.085
27 42 0.596
27 59 0.997
27 60 0.487
27 68 1
27 70 0.512
27 74 0.634
27 51 0.452
27 44 0.783
27 46 0.198
27 45 0.355
27 67 0.923
27 41 1
27 52 0.448
27 35 0.755
27 61 0.054
27 30 0.598
27 53 0.761
27 65 0.542
27 71 0.891
27 69 0.217
27 50 0.784
27 57 1
27 36 0.93
27 48 0.477
27 66 0.586
27 31 0.315
27 32 0.113
27 37 0.134
27 40 0.109
27 33 0.591
27 63 0.418
27 73 0.288
27 72 0.444
27 47 0.216
27 54 0.06
27 55 0.184
27 43 0.112
28 56 0.786
28 69 0.701
28 47 1
28 58 0.794
28 44 0.547
28 33 0.698
28 29 0.916
28 31 0.72
28 32 0.363
28 43 0.949
28 51 0.598
28 54 0.731
28 30 0.252
28 66 0.489
28 50 0.721
28 73 0.857
28 67 0.664
28 62 0.61
28 53 0.302
28 74 0.643
28 48 0.363
28 70 0.382
28 55 0.462
28 46 0.345
28 34 0.228
28 35 0.368
28 45 0.097
28 68 0.11
28 71 0.446
28 37 0.072
28 38 0.203
28 39 0.025
28 57 0.157
28 63 0.157
28 64 0.162
29 35 0.922
29 39 0.318
29 73 0.816
29 36 0.772
29 40 1
29 66 1
29 72 0.751
29 50 0.579
29 53 0.862
29 62 0.862
29 56 0.46
29 60 0.54
29 64 1
29 61 0.592
29 63 0.341
29 55 0.761
29 65 0.387
29 32 0.384
29 51 0.837
29 41 0.376
29 42 0.551
29 43 1
29 34 0.593
29 71 0.109
29 31 0.218
29 48 0.095
29 69 0.111
29 33 0.328
29 59 0.106
30 52 0.582
30 38 0.088
30 44 0.805
30 59 0.41
30 43 0.34
30 56 0.09
30 66 0.514
30 68 0.468
30 64 0.974
30 39 0.518
30 36 0.808
30 50 0.465
30 55 0.258
30 31 0.113
30 46 0.693
30 48 0.207
30 61 0.793
30 74 0.761
30 60 0.247
30 72 0.352
30 65 0.251
30 67 0.029
30 37 0.19
30 41 0.183
30 32 0.402
30 40 0.062
30 58 0.413
30 35 0.227
30 33 0.328
30 49 0.261
30 63 0.287
30 42 0.072
30 71 0.294
30 54 0.158
30 62 0.185
30 73 0.133
31 51 1
31 38 0.896
31 68 1
31 36 0.428
31 34 1
31 49 0.828
31 39 0.152
31 63 0.292
31 65 0.947
31 67 0.707
31 62 0.222
31 70 0.618
31 60 0.121
31 55 0.52
31 59 0.283
31 33 0.234
31 37 0.922
31 50 0.464
31 58 0.716
31 41 0.267
31 40 0.354
31 44 0.458
31 43 0.069
31 32 0.189
31 61 0.636
31 71 0.128
31 53 0.373
31 42 0.254
31 56 0.037
31 66 0.279
31 69 0.104
31 45 0.117
32 73 0.939
32 65 0.573
32 57 0.423
32 62 0.225
32 66 0.327
32 40 0.899
32 59 0.131
32 43 0.465
32 58 0.804
32 68 0.273
32 41 0.034
32 60 0.343
32 36 0.577
32 45 0.889
32 38 0.516
32 49 0.512
32 70 0.618
32 51 0.482
32 67 0.309
32 46 0.397
32 47 0.043
32 63 0.105
32 71 0.471
32 54 0.58
32 37 0.123
33 47 0.862
33 54 1
33 56 0.165
33 72 0.878
33 46 0.644
33 63 1
33 34 0.488
33 48 0.881
33 62 0.386
33 35 0.686
33 37 0.714
33 40 0.366
33 44 0.951
33 59 0.453
33 70 0.038
33 51 0.528
33 55 0.421
33 66 0.118
33 38 0.149
33 52 0.229
33 64 0.37
33 50 0.413
33 42 0.384
33 68 0.202
33 49 0.449
33 45 0.042
33 65 0.227
33 74 0.31
33 67 0.126
33 71 0.132
34 54 0.995
34 36 0.599
34 44 0.835
34 49 0.495
34 56 0.876
34 66 0.069
34 74 1
34 38 0.64
34 71 0.304
34 72 0.384
34 52 0.937
34 73 0.762
34 48 0.574
34 43 0.28
34 68 0.815
34 35 0.896
34 46 0.187
34 67 0.367
34 50 0.664
34 39 0.642
34 62 0.426
34 63 0.834
34 70 0.712
34 53 0.011
34 69 0.205
34 51 0.323
34 60 0.198
34 45 0.199
34 55 0.138
34 57 0.025
34 59 0.185
35 45 0.765
35 39 0.126
35 40 0.731
35 48 0.788
35 66 0.959
35 67 1
35 61 0.762
35 51 0.551
35 60 1
35 44 0.813
35 69 0.15
35 56 0.735
35 50 0.395
35 54 0.429
35 42 0.507
35 68 0.044
35 71 0.277
35 62 0.271
35 57 0.814
35 37 0.496
35 73 0.788
35 58 0.47
35 74 0.084
35 38 0.283
35 53 0.131
35 70 0.271
35 65 0.043
35 72 0.102
35 47 0.186
35 59 0.176
35 64 0.134
36 40 0.203
36 45 0.968
36 44 0.898
36 56 0.771
36 57 0.717
36 71 0.425
36 51 0.762
36 64 0.815
36 43 0.797
36 46 0.685
36 55 0.886
36 61 1
36 62 0.45
36 69 0.651
36 53 0.487
36 63 0.153
36 58 0.496
36 72 0.156
36 39 0.613
36 49 0.247
36 65 0.488
36 50 0.36
36 66 0.397
36 52 0.175
36 47 0.152
36 37 0.128
36 41 0.121
36 42 0.219
36 60 0.224
37 55 0.562
37 58 0.191
37 40 0.936
37 45 0.858
37 48 0.268
37 74 0.89
37 52 0.378
37 59 0.809
37 54 0.223
37 39 0.027
37 50 0.281
37 69 1
37 65 0.375
37 57 0.899
37 62 0.294
37 47 0.012
37 72 0.084
37 41 0.525
37 60 0.427
37 46 0.842
37 70 0.326
37 38 0.337
37 61 0.099
37 51 0.287
38 73 0.782
38 49 0.81
38 51 0.411
38 55 0.959
38 58 0.763
38 39 0.249
38 40 1
38 43 0.961
38 61 0.557
38 63 0.916
38 70 0.177
38 42 0.641
38 68 0.351
38 44 0.425
38 56 0.089
38 41 0.329
38 57 1
38 62 0.383
38 54 0.499
38 45 0.269
38 50 0.392
38 67 0.193
38 74 0.336
38 52 0.076
38 64 0.266
38 65 0.086
39 40 0.257
39 56 0.142
39 57 1
39 60 0.218
39 63 0.373
39 42 0.419
39 68 0.875
39 50 0.455
39 62 0.448
39 45 0.572
39 49 1
39 64 0.661
39 44 0.467
39 66 0.742
39 51 0.656
39 53 0.281
39 65 0.379
39 54 0.377
39 58 0.107
39 69 0.422
39 74 0.235
39 52 0.523
39 72 0.431
39 67 0.299
39 71 0.451
39 61 0.133
39 41 0.254
39 43 0.161
40 59 0.858
40 56 0.141
40 61 0.465
40 68 0.759
40 69 0.156
40 64 0.232
40 55 0.28
40 47 0.125
40 42 0.735
40 51 0.934
40 41 0.088
40 62 0.912
40 54 0.294
40 45 0.601
40 65 0.305
40 67 0.112
40 52 0.34
40 53 0.364
40 48 0.175
40 70 0.301
40 49 0.233
40 50 0.204
40 58 0.324
40 74 0.268
41 47 0.252
41 69 0.988
41 61 0.178
41 56 0.504
41 42 0.668
41 73 0.721
41 52 0.894
41 63 0.474
41 48 0.771
41 53 1
41 66 0.826
41 46 0.634
41 55 0.877
41 70 0.488
41 67 0.617
41 44 0.368
41 45 0.152
41 71 0.841
41 72 0.224
41 57 0.212
41 50 0.154
41 65 0.121
42 46 0.655
42 45 0.839
42 49 0.329
42 60 0.077
42 62 0.407
42 67 0.551
42 59 0.506
42 51 1
42 61 0.096
42 63 0.731
42 50 0.724
42 48 0.256
42 55 0.767
42 52 0.696
42 57 0.513
42 68 0.174
42 73 0.734
42 64 0.131
42 69 0.653
42 74 0.4
42 54 0.189
42 43 0.16
42 66 0.396
42 72 0.396
42 70 0.066
42 58 0.159
43 52 0.736
43 55 0.696
43 63 0.232
43 64 0.612
43 45 0.41
43 53 0.77
43 67 0.214
43 54 0.344
43 48 0.437
43 56 0.184
43 72 0.503
43 62 0.615
43 46 0.236
43 50 0.634
43 69 0.138
43 57 0.089
43 51 0.112
43 47 0.186
43 61 0.082
43 65 0.313
44 58 0.771
44 59 0.367
44 48 0.69
44 49 0.743
44 61 0.507
44 65 0.664
44 70 0.403
44 55 0.139
44 56 0.03
44 52 0.125
44 69 0.589
44 45 0.436
44 62 0.473
44 51 0.41
44 63 0.264
44 54 0.09
44 53 0.268
44 67 0.333
44 72 0.432
44 64 0.072
44 50 0.153
44 68 0.197
45 55 0.833
45 61 1
45 50 0.515
45 71 0.194
45 57 0.707
45 73 0.231
45 63 0.854
45 54 0.645
45 51 0.194
45 67 0.488
45 47 0.437
45 70 0.44
45 46 0.231
45 52 0.089
45 56 0.593
45 59 0.349
45 65 0.073
45 64 0.284
45 58 0.015
45 74 0.157
46 54 0.82
46 68 0.721
46 53 0.873
46 71 0.841
46 66 0.536
46 52 0.686
46 58 0.933
46 61 0.964
46 55 0.334
46 69 0.386
46 72 0.332
46 59 0.575
46 51 0.161
46 48 0.526
46 63 0.155
46 65 0.66
46 74 0.436
46 73 0.525
46 70 0.343
46 56 0.336
46 62 0.212
47 55 0.936
47 66 0.639
47 48 0.341
47 54 0.431
47 62 0.01
47 74 0.624
47 59 0.559
47 61 0.186
47 63 0.617
47 64 0.44
47 68 0.456
47 49 0.088
47 51 0.451
47 67 0.052
47 71 0.147
47 56 0.433
47 52 0.405
47 70 0.252
47 73 0.573
47 50 0.297
47 53 0.206
47 65 0.185
48 52 0.723
48 72 0.709
48 66 0.633
48 71 0.072
48 49 0.828
48 55 0.219
48 60 0.518
48 73 0.913
48 57 0.246
48 63 0.691
48 58 0.541
48 50 0.608
48 54 0.4
48 59 0.249
48 51 0.197
48 67 0.714
48 53 0.182
48 56 0.117
48 64 0.034
49 59 0.856
49 73 0.745
49 54 0.532
49 56 0.639
49 64 0.608
49 66 0.912
49 72 0.842
49 63 0.877
49 57 0.975
49 67 1
49 60 0.854
49 51 1
49 65 0.646
49 53 0.932
49 61 0.772
49 52 0.262
49 70 0.863
49 58 0.285
49 50 0.105
49 69 0.258
49 74 0.236
50 56 0.912
50 60 0.978
50 67 0.621
50 53 0.428
50 72 0.513
50 52 0.381
50 57 0.231
50 59 0.152
50 61 0.029
50 68 0.303
50 64 0.307
50 51 0.82
50 71 0.45
50 69 0.485
50 74 0.222
50 73 0.179
50 55 0.172
50 65 0.185
51 71 0.463
51 60 0.208
51 56 0.754
51 61 0.325
51 68 0.698
51 58 0.628
51 62 0.404
51 70 0.376
51 63 0.905
51 69 0.34
51 55 0.74
51 57 0.212
51 52 0.133
51 54 0.016
51 74 0.192
52 67 0.807
52 60 0.433
52 70 0.872
52 62 0.473
52 61 0.298
52 64 0.424
52 66 0.777
52 73 0.158
52 53 0.092
52 54 1
52 69 0.824
52 65 0.492
52 56 0.446
52 58 0.312
52 71 0.665
52 63 0.52
52 55 0.243
53 57 0.711
53 74 0.769
53 66 0.538
53 68 0.292
53 54 0.634
53 59 0.402
53 73 0.281
53 65 0.051
53 69 0.351
53 55 0.312
53 63 0.316
53 64 0.436
53 67 0.462
53 72 0.299
53 60 0.618
53 71 0.488
53 62 0.144
53 61 0.244
54 60 0.139
54 68 0.769
54 72 0.361
54 58 0.421
54 63 0.43
54 61 0.27
54 67 0.661
54 64 0.407
54 55 0.568
54 69 0.318
54 59 0.186
54 66 0.123
54 74 0.377
54 56 0.18
54 62 0.035
54 71 0.212
55 74 0.308
55 62 0.26
55 65 0.363
55 71 0.238
55 60 0.788
55 61 0.316
55 56 0.622
55 69 0.275
55 63 0.353
55 58 0.473
55 59 0.192
55 66 0.165
55 73 0.156
56 57 0.535
56 69 0.668
56 73 0.445
56 64 0.696
56 71 0.65
56 70 0.505
56 68 0.713
56 63 0.595
56 65 0.313
56 59 0.609
56 62 0.324
56 67 0.153
56 72 0.145
57 63 0.319
57 59 0.412
57 60 0.647
57 71 0.932
57 73 0.35
57 66 0.565
57 58 0.396
57 72 0.822
57 67 0.328
57 69 0.055
57 64 0.661
57 65 0.684
57 61 0.516
57 74 0.078
58 73 0.562
58 66 0.401
58 71 0.855
58 67 0.267
58 68 0.601
58 61 0.873
58 63 0.578
58 69 0.818
58 65 0.418
58 72 0.045
59 72 0.931
59 62 0.292
59 73 0.673
59 71 0.5
59 61 0.699
59 70 0.426
59 60 0.719
59 66 0.191
59 68 0.373
59 63 0.437
59 65 0.456
59 74 0.259
59 69 0.103
59 67 0.161
60 64 0.63
60 66 0.252
60 65 0.018
60 63 0.418
60 67 0.41
60 62 0.734
60 73 0.255
60 61 0.221
60 68 0.434
60 69 0.418
60 74 0.158
60 70 0.153
61 65 0.576
61 72 0.354
61 64 0.936
61 74 0.183
61 63 0.159
61 68 0.259
61 70 0.092
61 71 0.17
61 73 0.468
61 66 0.388
61 67 0.073
61 69 0.139
62 71 0.857
62 68 0.285
62 72 0.746
62 70 0.693
62 63 0.382
62 66 0.135
63 70 0.028
63 73 0.357
63 71 0.507
63 65 0.139
63 68 0.647
63 66 0.244
63 74 0.078
63 67 0.135
63 69 0.081
63 72 0.152
64 65 0.896
64 73 0.958
64 70 0.45
64 74 0.321
64 67 0.924
64 68 0.031
64 72 0.147
65 68 0.968
65 67 0.389
65 73 0.87
65 71 0.229
65 74 0.684
65 72 0.798
65 70 0.211
65 69 0.185
65 66 0.14
66 70 0.826
66 71 0.332
66 73 0.796
66 67 0.945
66 69 0.168
66 72 0.132
66 68 0.158
67 68 0.607
67 73 0.298
67 69 0.424
67 71 0.584
67 74 0.167
68 74 0.497
68 71 0.194
68 72 0.697
68 70 0.313
68 73 0.131
69 72 0.397
69 73 0.722
69 71 0.107
70 72 0.168
70 74 0.447
70 73 0.428
71 73 0.348
71 72 0.932
71 74 0.326
72 73 0.2
72 74 0.145
73 74 0.574
