0 63 0.502
0 33 0.623
0 61 0.865
0 65 0.707
0 4 0.041
0 9 0.575
0 17 0.75
0 43 0.192
0 53 0.673
0 67 0.7
0 6 1
0 8 0.194
0 19 0.568
0 24 0.09
0 49 0.168
0 7 0.958
0 55 1
0 45 0.514
0 54 0.369
0 23 0.257
0 27 0.096
0 56 0.229
0 47 0.801
0 28 0.574
0 68 0.414
0 30 0.25
0 39 0.313
0 51 0.142
0 69 0.963
0 22 0.828
0 13 0.165
0 18 0.975
0 20 0.546
0 12 1
0 29 0.851
0 40 0.153
0 48 0.554
0 25 0.285
0 64 0.554
0 46 0.91
0 52 0.455
0 34 0.407
0 74 0.593
0 35 0.154
0 16 0.176
0 66 0.001
0 14 0.309
0 26 0.247
0 62 0.126
0 58 0.179
0 2 0.379
0 32 0.259
0 44 0.183
0 11 0.086
0 41 0.072
0 31 0.111
0 36 0.371
1 21 1
1 58 0.726
1 15 0.533
1 67 0.847
1 2 0.857
1 27 0.571
1 44 0.014
1 64 0.364
1 7 0.789
1 20 0.12
1 34 0.632
1 41 0.565
1 63 0.423
1 36 0.54
1 65 0.947
1 46 0.462
1 51 0.973
1 59 0.297
1 28 0.614
1 42 1
1 8 0.609
1 9 1
1 16 0.166
1 10 0.214
1 13 0.436
1 30 0.933
1 38 0.567
1 35 0.414
1 24 0.869
1 50 0.411
1 19 0.637
1 47 0.257
1 57 0.862
1 22 0.549
1 26 0.957
1 29 0.352
1 11 0.303
1 12 0.531
1 31 0.296
1 43 0.586
1 74 0.643
1 37 0.76
1 72 0.47
1 6 0.544
1 25 0.395
1 69 0.524
1 14 0.09
1 17 0.062
1 56 0.306
1 18 0.68
1 71 0.05
1 52 0.111
1 3 0.164
1 32 0.03
1 40 0.376
1 48 0.203
1 5 0.148
1 23 0.281
1 61 0.15
1 68 0.065
1 4 0.002
1 73 0.14
2 54 0.536
2 37 0.58
2 60 0.82
2 43 0.609
2 52 0.495
2 3 0.413
2 9 0.74
2 19 0.92
2 65 0.953
2 29 0.717
2 38 0.432
2 59 0.635
2 70 0.938
2 25 0.124
2 58 0.286
2 72 0.774
2 28 0.676
2 31 0.987
2 51 0.465
2 44 0.405
2 71 0.679
2 73 0.401
2 22 0.446
2 33 0.214
2 36 0.653
2 64 0.38
2 45 0.414
2 55 0.469
2 50 0.528
2 14 0.312
2 26 0.809
2 8 0.8
2 61 0.322
2 30 0.05
2 46 0.252
2 74 0.595
2 63 0.265
2 16 0.277
2 18 0.131
2 12 0.214
2 62 0.184
2 4 0.441
2 56 0.562
2 40 0.476
2 57 0.128
2 41 0.789
2 67 0.169
2 24 0.146
2 53 0.243
2 66 0.229
2 23 0.255
2 68 0.35
2 10 0.232
2 17 0.254
2 13 0.028
2 20 0.253
2 27 0.086
2 5 0.159
3 29 0.524
3 48 0.292
3 15 0.353
3 18 0.892
3 37 0.448
3 39 0.72
3 8 1
3 21 0.71
3 27 0.681
3 28 0.115
3 34 0.842
3 51 0.505
3 30 0.688
3 32 0.54
3 55 0.411
3 47 0.606
3 33 1
3 44 0.419
3 14 0.332
3 45 0.576
3 12 1
3 66 0.931
3 56 0.237
3 57 0.379
3 60 0.481
3 69 0.886
3 65 0.404
3 16 0.749
3 58 0.128
3 6 0.579
3 11 0.729
3 61 0.534
3 68 0.915
3 49 0.272
3 54 0.268
3 24 0.04
3 35 0.938
3 36 0.455
3 7 0.925
3 52 0.359
3 63 0.479
3 41 0.865
3 22 0.097
3 73 0.081
3 42 0.204
3 19 0.225
3 23 0.144
3 25 0.114
3 59 0.157
3 9 0.02
3 46 0.246
3 31 0.181
3 53 0.131
4 51 0.745
4 16 0.135
4 24 0.854
4 52 0.038
4 57 1
4 28 0.605
4 47 0.666
4 34 0.653
4 63 0.945
4 71 0.917
4 15 1
4 72 0.707
4 66 0.377
4 14 0.942
4 21 0.051
4 29 0.842
4 50 0.292
4 73 0.89
4 33 0.456
4 5 0.379
4 30 0.44
4 44 0.471
4 53 0.491
4 68 0.821
4 58 0.92
4 11 0.333
4 43 0.959
4 45 0.519
4 12 0.599
4 31 0.655
4 42 0.365
4 10 0.772
4 7 0.652
4 65 0.463
4 38 0.666
4 55 0.452
4 8 0.463
4 9 0.553
4 46 1
4 13 0.445
4 22 0.112
4 48 0.14
4 41 0.421
4 35 0.129
4 49 0.489
4 36 0.177
4 54 0.493
4 56 0.308
4 61 0.118
4 64 0.384
4 25 0.055
4 59 0.123
4 39 0.128
4 62 0.297
4 23 0.006
4 26 0.355
4 20 0.088
4 60 0.14
4 70 0.154
4 27 0.143
5 9 0.498
5 40 0.623
5 70 0.767
5 22 0.844
5 24 1
5 54 0.555
5 62 0.909
5 47 0.382
5 56 0.228
5 27 0.877
5 32 1
5 38 0.806
5 19 0.857
5 28 0.614
5 26 0.451
5 74 0.976
5 16 0.55
5 36 0.222
5 7 0.465
5 48 0.322
5 37 0.72
5 23 0.343
5 15 0.267
5 13 0.573
5 6 0.373
5 17 0.752
5 20 1
5 58 0.129
5 66 0.352
5 68 0.039
5 11 0.184
5 34 0.254
5 10 0.69
5 52 0.362
5 73 0.701
5 63 0.418
5 64 0.266
5 41 0.087
5 72 0.648
5 8 0.45
5 29 0.361
5 61 0.053
5 65 0.312
5 14 0.142
5 25 0.13
5 42 0.091
5 50 0.175
5 53 0.179
5 71 0.118
6 57 0.901
6 53 0.839
6 9 0.628
6 42 0.621
6 60 0.264
6 18 0.601
6 33 0.808
6 34 0.68
6 65 1
6 68 1
6 70 0.752
6 15 0.914
6 39 0.644
6 12 0.755
6 35 0.8
6 51 0.692
6 17 0.418
6 27 0.607
6 30 0.588
6 50 0.645
6 25 1
6 58 0.177
6 74 0.401
6 7 0.19
6 69 0.559
6 19 0.811
6 44 0.331
6 71 0.111
6 26 1
6 46 0.245
6 24 0.144
6 48 0.339
6 61 0.463
6 66 0.449
6 73 0.64
6 14 0.06
6 23 0.151
6 32 0.367
6 62 0.452
6 67 0.557
6 31 0.688
6 49 0.145
6 72 0.029
6 10 0.224
6 22 0.185
6 59 0.274
6 63 0.128
6 8 0.124
6 11 0.147
6 20 0.116
6 21 0.125
7 13 0.708
7 45 0.92
7 44 0.922
7 40 0.736
7 9 0.813
7 36 0.225
7 69 0.776
7 8 0.066
7 54 0.844
7 66 0.927
7 22 0.94
7 38 0.85
7 49 0.176
7 70 0.578
7 64 0.422
7 39 0.533
7 46 0.458
7 48 0.946
7 52 1
7 25 0.411
7 26 0.54
7 30 0.511
7 33 0.478
7 12 1
7 55 0.278
7 63 0.37
7 16 0.367
7 20 0.026
7 32 0.594
7 47 0.764
7 50 0.925
7 60 0.204
7 68 0.674
7 34 0.2
7 61 0.318
7 17 0.499
7 72 0.693
7 14 0.792
7 29 0.301
7 31 0.188
7 21 0.372
7 18 0.217
7 27 0.425
7 35 0.428
7 51 0.373
7 67 0.015
7 15 0.092
7 53 0.208
7 56 0.217
7 57 0.16
7 73 0.244
8 19 0.95
8 40 0.526
8 28 0.531
8 17 0.623
8 36 0.479
8 47 0.519
8 55 0.394
8 65 0.863
8 26 0.187
8 44 0.514
8 32 0.773
8 51 0.609
8 16 0.69
8 38 0.526
8 68 0.644
8 20 0.81
8 11 0.727
8 45 0.223
8 42 0.674
8 60 0.9
8 13 1
8 49 0.518
8 39 0.406
8 61 0.301
8 63 0.802
8 25 0.222
8 66 0.412
8 9 0.457
8 54 0.409
8 62 0.259
8 23 0.811
8 31 0.118
8 29 0.331
8 73 0.176
8 74 0.338
8 18 0.668
8 48 0.031
8 70 0.444
8 14 0.327
8 59 0.393
8 10 0.45
8 69 0.117
8 12 0.232
8 41 0.196
8 43 0.128
8 72 0.15
9 42 0.674
9 69 0.345
9 53 0.63
9 63 0.646
9 12 0.144
9 60 0.795
9 28 0.619
9 36 0.209
9 30 0.786
9 31 0.075
9 73 0.966
9 43 0.968
9 18 0.702
9 25 0.588
9 40 0.259
9 67 0.327
9 13 0.735
9 50 0.721
9 55 0.522
9 57 0.228
9 61 0.841
9 70 0.29
9 17 0.512
9 38 0.944
9 19 0.2
9 27 0.158
9 34 0.126
9 15 0.072
9 64 1
9 32 0.557
9 51 1
9 22 0.091
9 10 0.752
9 20 0.3
9 41 0.183
9 14 0.546
9 29 0.496
9 45 0.626
9 74 0.542
9 23 0.388
9 71 0.108
9 24 0.777
9 62 0.076
9 49 0.163
9 16 0.351
9 54 0.356
9 26 0.176
9 59 0.142
9 48 0.235
9 21 0.164
10 30 0.677
10 59 0.972
10 53 0.344
10 56 0.145
10 17 0.494
10 18 0.608
10 31 0.702
10 45 0.7
10 66 0.078
10 72 0.69
10 12 0.397
10 61 0.637
10 33 0.176
10 69 1
10 15 0.189
10 32 0.178
10 73 0.754
10 38 0.778
10 65 0.39
10 26 0.621
10 34 0.307
10 68 0.253
10 54 0.741
10 36 0.795
10 43 0.725
10 14 0.574
10 74 0.509
10 42 0.214
10 16 0.313
10 51 0.822
10 11 0.24
10 70 0.891
10 46 0.111
10 35 0.119
10 41 0.234
10 23 0.886
10 39 0.465
10 64 0.398
10 19 0.181
10 20 0.215
10 62 0.274
10 22 0.213
10 13 0.29
10 47 0.05
10 27 0.093
10 37 0.369
10 49 0.309
10 55 0.216
10 58 0.057
10 24 0.077
10 50 0.106
10 60 0.198
10 71 0.109
11 69 0.797
11 22 0.905
11 70 1
11 74 0.177
11 35 0.176
11 33 0.827
11 64 0.638
11 55 0.595
11 27 0.842
11 46 0.924
11 68 0.568
11 21 0.413
11 57 0.27
11 14 0.505
11 32 1
11 61 0.674
11 20 0.135
11 45 0.408
11 50 0.843
11 29 0.285
11 23 0.249
11 16 0.461
11 58 0.856
11 18 0.247
11 47 0.013
11 15 0.653
11 66 0.177
11 67 0.414
11 41 0.498
11 56 0.468
11 43 0.317
11 30 0.107
11 37 0.125
11 60 0.339
11 65 0.425
11 54 0.01
11 12 0.097
11 73 0.046
11 38 0.011
11 24 0.151
11 25 0.161
11 26 0.156
11 42 0.18
11 63 0.102
12 61 0.974
12 18 0.744
12 56 0.231
12 33 0.698
12 30 1
12 32 0.247
12 53 0.299
12 39 1
12 31 1
12 68 0.273
12 42 0.619
12 67 0.634
12 60 0.689
12 63 0.946
12 29 0.402
12 17 0.385
12 25 0.946
12 58 0.127
12 43 0.507
12 27 0.38
12 13 0.075
12 24 0.374
12 14 0.825
12 15 0.496
12 70 0.602
12 20 0.064
12 40 0.512
12 44 0.018
12 54 0.277
12 34 0.285
12 66 0.535
12 35 0.26
12 37 0.547
12 41 0.29
12 73 0.337
12 49 0.229
12 57 0.157
12 59 0.028
12 23 0.073
12 71 0.204
12 36 0.131
12 45 0.144
13 52 0.964
13 41 0.209
13 60 0.397
13 67 0.788
13 72 0.978
13 17 0.507
13 42 0.912
13 50 0.108
13 54 1
13 70 0.551
13 64 1
13 58 1
13 26 0.394
13 57 0.513
13 73 0.93
13 22 0.854
13 31 0.467
13 49 0.707
13 45 0.196
13 15 0.777
13 59 0.739
13 18 0.166
13 47 0.809
13 40 0.905
13 71 0.443
13 19 0.226
13 28 0.356
13 20 0.667
13 32 0.617
13 68 0.552
13 69 0.708
13 53 0.352
13 36 0.179
13 44 0.525
13 62 0.88
13 16 0.36
13 23 0.328
13 30 0.14
13 37 0.541
13 66 0.031
13 14 0.072
13 74 0.237
13 29 0.205
13 61 0.137
13 34 0.416
13 35 0.208
13 38 0.018
13 46 0.302
13 55 0.234
13 56 0.161
13 33 0.121
13 39 0.402
13 48 0.206
14 18 0.856
14 42 0.923
14 47 0.818
14 26 0.609
14 51 1
14 52 0.559
14 62 0.943
14 63 0.477
14 36 0.502
14 73 0.543
14 23 0.486
14 20 0.242
14 72 0.563
14 53 0.826
14 32 0.157
14 46 0.673
14 19 0.908
14 21 0.635
14 69 0.254
14 22 0.201
14 25 0.075
14 17 0.735
14 57 0.528
14 70 0.278
14 65 0.566
14 37 0.538
14 56 0.762
14 59 0.095
14 54 0.101
14 24 0.301
14 33 0.418
14 45 0.132
14 15 0.451
14 38 0.687
14 74 0.138
14 67 0.187
14 27 0.155
14 50 0.375
14 58 0.094
14 34 0.293
14 16 0.187
14 44 0.258
14 49 0.134
14 66 0.161
15 24 0.787
15 39 0.55
15 18 1
15 43 0.652
15 54 1
15 55 0.681
15 16 0.618
15 47 0.415
15 17 0.833
15 32 0.862
15 63 0.067
15 69 0.248
15 46 0.154
15 74 0.608
15 31 0.161
15 48 1
15 20 0.186
15 37 0.129
15 36 0.903
15 52 0.173
15 66 0.231
15 70 0.478
15 71 0.558
15 72 0.714
15 23 0.511
15 40 0.059
15 56 0.434
15 21 0.05
15 50 0.366
15 57 0.557
15 60 0.152
15 68 0.259
15 29 0.434
15 61 0.186
15 19 0.712
15 25 0.371
15 65 0.416
15 41 0.037
15 62 0.132
15 73 0.38
15 58 0.047
15 22 0.177
15 51 0.069
15 35 0.193
16 24 0.775
16 43 0.506
16 37 0.459
16 21 1
16 25 0.557
16 32 0.592
16 33 0.585
16 40 1
16 45 0.654
16 50 1
16 64 0.143
16 17 0.557
16 51 0.131
16 68 0.193
16 59 1
16 60 0.318
16 36 0.62
16 53 0.393
16 73 0.726
16 30 0.733
16 26 0.767
16 71 0.06
16 22 1
16 39 0.581
16 23 0.865
16 58 0.621
16 63 0.678
16 31 0.525
16 27 0.394
16 74 1
16 48 0.588
16 67 0.419
16 29 0.546
16 55 0.358
16 65 0.517
16 35 0.102
16 56 0.098
16 52 0.009
16 20 0.163
16 46 0.242
16 49 0.145
16 62 0.349
16 69 0.181
17 38 0.861
17 39 0.191
17 33 0.711
17 20 0.447
17 27 0.348
17 32 0.467
17 40 0.161
17 45 0.945
17 60 0.765
17 31 0.139
17 57 0.434
17 25 0.216
17 50 0.81
17 49 0.323
17 65 0.882
17 73 0.296
17 51 1
17 34 0.254
17 72 0.952
17 22 0.501
17 64 0.117
17 53 0.894
17 69 0.756
17 63 0.617
17 43 0.523
17 36 0.051
17 28 0.617
17 47 0.618
17 19 0.409
17 35 0.169
17 30 0.263
17 37 0.21
17 70 0.359
17 61 0.415
17 44 0.165
17 62 0.777
17 71 0.211
17 21 0.45
17 58 0.05
17 67 0.222
17 26 0.269
17 18 0.211
17 23 0.079
18 41 0.9
18 39 0.549
18 60 0.429
18 40 0.776
18 43 1
18 27 0.651
18 33 0.554
18 48 0.354
18 63 0.908
18 30 0.657
18 59 0.758
18 24 0.308
18 52 0.443
18 65 0.808
18 71 0.685
18 36 0.69
18 57 0.233
18 35 0.391
18 42 0.717
18 67 0.227
18 23 0.94
18 50 0.856
18 29 0.062
18 54 0.441
18 66 0.722
18 31 0.443
18 21 0.039
18 46 0.647
18 45 0.373
18 37 0.656
18 72 0.395
18 28 0.105
18 55 0.279
18 25 0.037
18 44 0.007
18 73 0.044
18 38 0.07
18 20 0.201
18 49 0.134
18 58 0.108
18 74 0.168
19 32 1
19 50 0.53
19 22 0.284
19 30 0.812
19 45 0.913
19 69 0.917
19 72 0.306
19 58 0.799
19 34 0.617
19 49 0.29
19 52 0.667
19 68 1
19 20 0.835
19 56 1
19 67 0.371
19 39 0.529
19 42 0.482
19 44 0.018
19 70 0.163
19 29 0.038
19 47 0.566
19 43 0.074
19 25 0.369
19 37 0.449
19 64 0.726
19 73 0.535
19 46 0.091
19 48 0.205
19 59 0.205
19 24 0.428
19 41 0.291
19 27 0.668
19 60 0.51
19 21 0.292
19 31 0.158
19 74 0.274
19 36 0.063
19 66 0.22
19 40 0.322
19 53 0.051
19 63 0.232
19 55 0.139
19 65 0.286
19 71 0.164
20 57 0.246
20 63 0.874
20 47 1
20 42 0.754
20 23 0.986
20 39 0.363
20 50 0.511
20 32 1
20 69 0.299
20 61 0.257
20 62 0.165
20 53 0.329
20 22 0.701
20 56 0.684
20 35 0.03
20 72 0.378
20 21 0.526
20 41 0.756
20 37 0.078
20 71 0.751
20 64 0.943
20 43 0.592
20 44 0.668
20 49 0.348
20 30 0.064
20 66 0.492
20 73 0.632
20 33 0.288
20 60 0.459
20 54 0.079
20 58 0.278
20 27 0.227
20 48 0.296
20 55 0.016
20 29 0.111
20 74 0.154
21 36 0.47
21 37 0.686
21 57 0.451
21 67 0.452
21 28 0.625
21 33 0.582
21 38 0.642
21 53 0.305
21 70 0.834
21 50 0.35
21 35 0.236
21 51 0.409
21 66 0.887
21 41 0.589
21 31 0.411
21 48 0.368
21 43 0.623
21 74 0.29
21 23 0.334
21 71 0.584
21 27 0.592
21 60 0.123
21 63 0.325
21 29 0.506
21 34 0.338
21 45 0.503
21 65 0.693
21 68 0.269
21 47 0.085
21 49 0.839
21 39 0.078
21 42 0.388
21 58 0.15
21 69 0.215
21 72 0.352
21 73 0.398
21 56 0.425
21 55 0.255
21 25 0.212
21 40 0.268
21 62 0.028
21 59 0.091
22 69 0.694
22 42 0.797
22 34 0.346
22 25 1
22 29 0.96
22 45 0.23
22 47 0.69
22 51 0.413
22 52 0.535
22 54 0.746
22 39 0.312
22 43 0.916
22 35 0.111
22 36 0.511
22 70 0.446
22 72 0.127
22 37 0.739
22 60 0.413
22 65 0.977
22 41 0.694
22 40 0.709
22 50 0.685
22 58 0.518
22 64 0.917
22 48 0.062
22 24 1
22 49 0.678
22 55 0.665
22 74 0.321
22 62 0.196
22 30 0.388
22 57 0.022
22 46 0.648
22 44 0.422
22 59 0.278
22 26 0.174
22 33 0.324
22 28 0.084
22 71 0.101
22 68 0.134
23 49 0.182
23 41 0.561
23 24 0.577
23 31 0.99
23 32 0.83
23 46 0.352
23 60 0.546
23 64 0.147
23 65 1
23 40 0.92
23 59 0.475
23 69 0.103
23 48 0.654
23 45 0.697
23 63 0.019
23 72 0.884
23 39 1
23 57 0.314
23 67 0.681
23 73 0.715
23 50 0.332
23 33 0.394
23 36 0.445
23 52 0.248
23 66 0.879
23 61 0.281
23 43 0.708
23 25 0.014
23 38 0.324
23 26 0.957
23 27 0.228
23 35 0.597
23 51 0.655
23 62 0.426
23 37 0.053
23 58 0.23
23 42 0.126
23 30 0.157
23 54 0.123
24 47 0.36
24 68 0.918
24 57 0.044
24 62 0.557
24 73 0.514
24 42 0.492
24 67 0.264
24 37 0.543
24 54 0.598
24 36 0.692
24 31 0.214
24 51 0.605
24 63 0.4
24 66 0.656
24 46 0.126
24 50 0.906
24 34 0.096
24 70 0.181
24 28 0.237
24 38 0.403
24 25 0.237
24 65 0.421
24 49 0.115
24 64 0.451
24 52 0.644
24 59 0.595
24 41 0.269
24 26 0.274
24 48 0.4
24 74 0.295
24 69 0.233
24 55 0.123
24 27 0.143
24 35 0.202
24 58 0.167
24 43 0.019
24 33 0.137
24 40 0.153
25 46 0.007
25 74 0.54
25 51 0.76
25 31 0.355
25 45 0.858
25 37 0.809
25 58 0.554
25 60 0.776
25 54 0.973
25 48 0.089
25 28 0.501
25 33 1
25 52 0.252
25 59 0.474
25 53 1
25 27 0.914
25 70 0.389
25 43 0.317
25 73 0.454
25 47 1
25 57 0.409
25 50 0.215
25 64 0.773
25 65 0.266
25 40 0.137
25 38 0.178
25 69 0.808
25 72 0.549
25 29 0.562
25 39 0.695
25 42 0.162
25 36 0.439
25 68 0.377
25 49 0.192
25 35 0.029
25 62 0.114
25 63 0.254
25 67 0.162
25 32 0.286
26 35 0.54
26 65 0.398
26 52 0.664
26 59 0.636
26 72 0.745
26 34 0.698
26 42 0.481
26 44 0.952
26 64 0.343
26 51 0.998
26 73 0.133
26 28 1
26 49 0.713
26 74 0.817
26 47 0.955
26 31 0.847
26 68 0.307
26 38 0.005
26 29 0.167
26 48 0.251
26 58 0.167
26 61 0.157
26 67 0.307
26 50 0.966
26 53 0.639
26 60 0.803
26 40 0.208
26 71 0.341
26 57 0.294
26 39 0.381
26 56 0.471
26 54 0.122
26 32 0.141
26 45 0.191
26 30 0.033
26 36 0.023
26 33 0.563
26 55 0.11
26 69 0.016
26 70 0.094
26 62 0.206
27 62 0.538
27 34 0.827
27 58 0.423
27 28 1
27 49 0.239
27 42 0.561
27 59 0.978
27 60 0.772
27 68 0.726
27 70 0.759
27 74 0.493
27 51 0.635
27 44 0.733
27 46 0.718
27 45 0.274
27 67 0.849
27 41 0.967
27 52 0.188
27 35 0.795
27 61 0.228
27 30 0.702
27 53 0.769
27 65 0.765
27 71 0.794
27 69 0.321
27 50 0.623
27 57 0.754
27 36 0.699
27 48 0.544
27 66 0.454
27 31 0.29
27 32 0.015
27 40 0.122
27 33 0.892
27 63 0.355
27 73 0.331
27 72 0.261
27 47 0.189
27 55 0.081
27 56 0.129
27 29 0.132
27 38 0.143
27 54 0.206
28 56 0.821
28 69 0.653
28 47 0.864
28 58 0.718
28 44 0.55
28 33 0.735
28 29 0.965
28 31 0.746
28 32 0.334
28 43 1
28 51 0.444
28 54 0.769
28 30 0.226
28 66 0.587
28 50 0.828
28 73 0.787
28 67 0.68
28 62 0.737
28 53 0.284
28 74 0.505
28 48 0.565
28 70 0.34
28 55 0.631
28 46 0.465
28 35 0.421
28 68 0.277
28 71 0.262
28 37 0.164
28 38 0.219
28 39 0.27
28 57 0.271
28 63 0.195
28 64 0.03
28 36 0.082
28 52 0.191
29 35 0.83
29 39 0.107
29 73 0.767
29 36 0.736
29 40 0.618
29 66 0.946
29 72 0.741
29 50 0.505
29 53 0.739
29 62 1
29 56 0.411
29 60 0.814
29 64 1
29 61 0.792
29 63 0.315
29 55 0.783
29 65 0.653
29 32 0.445
29 51 0.839
29 41 0.194
29 42 0.658
29 43 0.991
29 34 0.575
29 71 0.409
29 31 0.154
29 69 0.521
29 33 0.44
29 59 0.027
29 46 0.155
29 68 0.153
29 37 0.243
29 70 0.158
30 52 0.681
30 38 0.23
30 44 0.905
30 59 0.207
30 43 0.159
30 66 0.476
30 68 0.636
30 64 1
30 39 0.239
30 36 0.671
30 50 0.261
30 55 0.364
30 31 0.103
30 46 0.616
30 48 0.234
30 61 0.685
30 74 0.864
30 60 0.142
30 72 0.425
30 65 0.185
30 67 0.191
30 37 0.026
30 41 0.082
30 32 0.415
30 40 0.182
30 58 0.105
30 35 0.167
30 33 0.387
30 63 0.245
30 42 0.285
30 71 0.208
30 54 0.53
30 73 0.201
30 47 0.105
30 56 0.153
30 70 0.149
31 51 0.987
31 38 1
31 68 1
31 36 0.235
31 34 0.976
31 49 0.832
31 39 0.277
31 63 0.022
31 65 1
31 67 0.719
31 62 0.272
31 70 0.601
31 60 0.12
31 55 0.54
31 59 0.269
31 33 0.175
31 37 0.968
31 50 0.688
31 58 0.726
31 41 0.518
31 40 0.32
31 44 0.398
31 43 0.237
31 32 0.241
31 61 0.656
31 71 0.404
31 53 0.504
31 42 0.172
31 66 0.308
31 69 0.244
31 45 0.21
31 74 0.021
32 73 0.804
32 65 0.361
32 57 0.31
32 62 0.424
32 66 0.181
32 40 0.976
32 59 0.35
32 43 0.609
32 58 0.694
32 41 0.051
32 60 0.145
32 36 0.371
32 45 0.686
32 38 0.478
32 49 0.493
32 70 0.39
32 51 0.502
32 67 0.219
32 46 0.673
32 47 0.25
32 71 0.715
32 54 0.435
32 37 0.439
32 55 0.145
32 61 0.262
33 47 0.775
33 54 0.684
33 56 0.001
33 72 0.609
33 46 0.393
33 63 0.951
33 34 0.408
33 48 0.612
33 62 0.637
33 35 0.676
33 37 1
33 40 0.02
33 44 1
33 59 0.359
33 70 0.031
33 51 0.569
33 55 0.279
33 66 0.362
33 38 0.151
33 52 0.3
33 64 0.102
33 50 0.16
33 42 0.5
33 68 0.15
33 49 0.329
33 65 0.251
33 74 0.509
33 67 0.061
33 71 0.101
33 58 0.172
34 54 1
34 36 0.533
34 44 0.776
34 49 0.344
34 56 1
34 74 1
34 38 0.755
34 71 0.318
34 72 0.637
34 52 1
34 73 0.68
34 48 0.684
34 43 0.55
34 68 0.746
34 35 0.805
34 46 0.302
34 67 0.204
34 50 0.732
34 39 0.811
34 63 0.792
34 70 0.648
34 53 0.037
34 69 0.174
34 51 0.366
34 60 0.218
34 45 0.164
34 55 0.337
34 57 0.121
34 64 0.143
34 65 0.335
34 37 0.192
35 45 0.613
35 39 0.505
35 40 0.773
35 48 1
35 66 0.894
35 67 1
35 61 0.66
35 51 0.594
35 60 1
35 44 0.845
35 69 0.155
35 56 0.863
35 50 0.461
35 54 0.37
35 42 0.589
35 71 0.204
35 62 0.268
35 57 0.907
35 37 0.36
35 73 1
35 58 0.844
35 74 0.357
35 38 0.473
35 53 0.217
35 70 0.219
35 64 0.046
35 43 0.146
35 47 0.207
35 68 0.114
35 41 0.087
35 65 0.129
36 40 0.282
36 45 1
36 44 0.813
36 56 0.829
36 57 0.516
36 71 0.435
36 51 0.832
36 64 1
36 43 0.869
36 46 0.813
36 55 0.964
36 61 1
36 62 0.611
36 69 0.747
36 53 0.618
36 63 0.081
36 58 0.578
36 72 0.152
36 39 0.58
36 49 0.448
36 65 0.267
36 50 0.158
36 66 0.266
36 52 0.353
36 37 0.257
36 41 0.134
36 42 0.146
36 60 0.148
36 38 0.155
36 73 0.156
37 55 0.703
37 58 0.219
37 40 1
37 45 0.706
37 48 0.469
37 74 0.787
37 52 0.615
37 59 1
37 54 0.052
37 39 0.141
37 50 0.141
37 69 0.882
37 65 0.602
37 57 0.829
37 62 0.01
37 72 0.07
37 41 0.039
37 60 0.465
37 46 0.665
37 70 0.213
37 38 0.212
37 61 0.067
37 51 0.355
37 43 0.169
38 73 1
38 49 0.722
38 51 0.568
38 55 0.861
38 58 0.864
38 39 0.066
38 40 0.895
38 43 0.782
38 61 0.282
38 63 0.939
38 70 0.035
38 42 0.608
38 68 0.234
38 44 0.367
38 56 0.04
38 41 0.406
38 57 0.96
38 62 0.495
38 54 0.73
38 45 0.028
38 50 0.466
38 67 0.251
38 74 0.476
38 52 0.138
38 64 0.061
38 65 0.17
38 59 0.097
38 60 0.257
38 47 0.166
38 71 0.148
39 40 0.111
39 57 1
39 60 0.211
39 63 0.492
39 42 0.405
39 68 1
39 50 0.244
39 62 0.56
39 45 0.442
39 49 0.958
39 64 0.55
39 44 0.48
39 66 0.721
39 51 0.633
39 53 0.391
39 65 0.542
39 54 0.466
39 74 0.367
39 52 0.349
39 72 0.591
39 67 0.155
39 71 0.427
39 61 0.123
39 41 0.048
39 43 0.239
39 56 0.176
39 69 0.11
39 73 0.131
40 59 1
40 56 0.014
40 61 0.373
40 68 0.94
40 69 0.185
40 64 0.428
40 55 0.317
40 42 0.786
40 51 1
40 62 0.988
40 54 0.339
40 45 0.498
40 65 0.144
40 67 0.294
40 52 0.194
40 53 0.423
40 48 0.028
40 70 0.568
40 49 0.029
40 50 0.291
40 58 0.403
40 74 0.246
40 73 0.121
41 47 0.305
41 69 1
41 56 0.987
41 42 0.475
41 73 0.827
41 52 0.963
41 63 0.485
41 48 1
41 53 1
41 66 0.82
41 46 1
41 55 0.885
41 70 0.291
41 67 0.718
41 44 0.29
41 45 0.245
41 71 0.942
41 72 0.136
41 57 0.101
41 50 0.377
41 65 0.155
41 49 0.089
41 60 0.065
41 54 0.193
41 62 0.048
41 51 0.186
42 46 0.672
42 45 0.773
42 49 0.243
42 62 0.331
42 67 0.16
42 59 0.402
42 51 0.876
42 63 0.785
42 50 0.796
42 48 0.09
42 55 0.6
42 52 0.918
42 57 0.368
42 68 0.227
42 73 0.901
42 64 0.172
42 69 0.633
42 74 0.297
42 66 0.293
42 72 0.599
42 58 0.519
42 71 0.068
43 52 0.614
43 55 0.612
43 63 0.338
43 64 0.645
43 45 0.26
43 53 0.705
43 67 0.317
43 54 0.235
43 48 0.505
43 56 0.197
43 72 0.609
43 62 0.75
43 46 0.16
43 50 0.296
43 47 0.066
43 61 0.176
43 65 0.299
43 59 0.141
43 44 0.484
43 58 0.245
43 73 0.334
44 58 0.969
44 59 0.483
44 48 0.439
44 49 0.478
44 61 0.261
44 65 0.66
44 70 0.486
44 55 0.098
44 52 0.206
44 69 0.34
44 45 0.488
44 62 0.33
44 51 0.398
44 63 0.268
44 54 0.124
44 53 0.042
44 67 0.474
44 72 0.21
44 64 0.133
44 50 0.53
44 71 0.116
44 73 0.153
45 55 0.644
45 61 0.986
45 50 0.458
45 71 0.044
45 57 0.648
45 73 0.37
45 63 0.819
45 54 0.796
45 51 0.164
45 67 0.829
45 47 0.363
45 70 0.242
45 52 0.139
45 56 0.521
45 59 0.315
45 65 0.401
45 64 0.217
45 58 0.192
45 74 0.016
45 62 0.028
45 53 0.168
45 66 0.187
46 54 0.502
46 68 0.897
46 53 0.948
46 71 0.833
46 66 0.703
46 52 0.78
46 58 0.943
46 61 0.938
46 55 0.519
46 69 0.273
46 72 0.769
46 59 0.592
46 51 0.218
46 48 0.41
46 65 0.724
46 74 0.651
46 73 0.546
46 70 0.316
46 62 0.047
46 64 0.356
47 55 0.897
47 66 0.693
47 48 0.345
47 54 0.304
47 74 0.739
47 59 0.264
47 61 0.19
47 63 0.737
47 64 0.351
47 68 0.428
47 51 0.447
47 71 0.26
47 56 0.41
47 52 0.67
47 70 0.07
47 73 0.75
47 50 0.141
47 53 0.198
47 65 0.15
47 67 0.202
48 52 0.88
48 72 0.849
48 66 0.578
48 71 0.177
48 49 0.901
48 55 0.331
48 60 0.421
48 73 0.896
48 57 0.08
48 63 0.739
48 58 0.362
48 50 0.411
48 54 0.49
48 59 0.257
48 51 0.134
48 67 0.7
48 53 0.324
48 56 0.133
48 62 0.114
49 59 0.904
49 73 0.692
49 54 0.734
49 56 0.581
49 64 0.572
49 66 0.805
49 72 1
49 63 1
49 57 0.817
49 67 0.823
49 60 0.651
49 51 0.895
49 65 0.501
49 53 1
49 61 0.559
49 52 0.347
49 70 1
49 58 0.484
49 69 0.067
49 74 0.318
49 68 0.146
49 55 0.084
49 71 0.177
50 56 0.917
50 60 1
50 67 0.276
50 53 0.325
50 72 0.498
50 52 0.437
50 57 0.178
50 59 0.242
50 68 0.203
50 64 0.644
50 51 1
50 71 0.359
50 69 0.34
50 74 0.286
51 71 0.562
51 60 0.234
51 56 0.835
51 61 0.295
51 68 0.675
51 58 0.546
51 62 0.861
51 70 0.328
51 63 0.605
51 69 0.538
51 55 0.678
51 52 0.322
51 74 0.029
51 64 0.257
51 59 0.095
52 67 0.624
52 60 0.621
52 70 0.835
52 62 0.333
52 61 0.105
52 64 0.494
52 66 0.692
52 73 0.178
52 54 0.903
52 69 0.923
52 65 0.614
52 56 0.414
52 58 0.117
52 71 0.48
52 63 0.413
52 55 0.155
52 57 0.166
52 68 0.13
53 57 0.689
53 74 0.724
53 66 0.693
53 68 0.453
53 54 0.321
53 73 0.248
53 65 0.281
53 69 0.352
53 55 0.453
53 63 0.439
53 64 0.555
53 67 0.763
53 72 0.507
53 60 0.483
53 71 0.493
53 61 0.115
53 58 0.121
54 60 0.063
54 68 0.574
54 72 0.476
54 58 0.743
54 63 0.205
54 61 0.325
54 67 0.797
54 64 0.252
54 55 0.673
54 69 0.418
54 66 0.212
54 74 0.125
54 56 0.083
54 62 0.249
54 71 0.387
55 74 0.379
55 62 0.193
55 65 0.331
55 71 0.107
55 60 0.819
55 61 0.521
55 56 0.832
55 69 0.381
55 63 0.487
55 58 0.375
55 59 0.113
55 66 0.017
55 73 0.087
55 64 0.282
55 68 0.158
55 72 0.085
56 57 0.464
56 69 0.625
56 73 0.639
56 64 0.778
56 71 0.536
56 70 0.223
56 68 0.407
56 63 0.66
56 65 0.332
56 59 0.509
56 62 0.273
56 67 0.284
56 72 0.428
56 66 0.117
57 63 0.273
57 59 0.136
57 60 0.538
57 71 0.824
57 73 0.409
57 66 0.556
57 58 0.308
57 72 0.906
57 67 0.241
57 64 0.42
57 65 0.508
57 61 0.431
58 73 0.378
58 66 0.721
58 71 0.815
58 67 0.433
58 68 0.735
58 61 1
58 63 0.686
58 69 0.901
58 65 0.737
58 64 0.152
59 72 0.925
59 62 0.046
59 73 0.683
59 71 0.48
59 61 0.735
59 70 0.823
59 60 0.803
59 66 0.194
59 68 0.558
59 63 0.585
59 65 0.28
59 74 0.168
59 69 0.164
59 67 0.145
60 64 0.55
60 66 0.391
60 63 0.402
60 67 0.427
60 62 0.468
60 73 0.318
60 61 0.384
60 68 0.386
60 69 0.492
60 70 0.055
60 65 0.176
60 71 0.176
60 72 0.198
61 65 0.34
61 72 0.27
61 64 1
61 74 0.176
61 63 0.002
61 68 0.3
61 70 0.106
61 73 0.609
61 66 0.362
61 67 0.168
61 69 0.257
62 71 0.72
62 68 0.245
62 72 0.72
62 70 0.775
62 63 0.289
62 66 0.084
62 67 0.022
62 64 0.116
63 73 0.14
63 71 0.695
63 65 0.223
63 68 0.668
63 67 0.056
63 69 0.159
63 72 0.055
64 65 0.869
64 73 1
64 70 0.268
64 74 0.516
64 67 1
64 68 0.242
64 72 0.188
64 71 0.14
65 68 0.918
65 67 0.279
65 73 0.656
65 71 0.292
65 74 0.623
65 72 0.608
65 70 0.161
65 69 0.208
65 66 0.07
66 70 1
66 71 0.553
66 73 1
66 67 0.854
66 72 0.205
66 68 0.155
67 68 0.542
67 73 0.474
67 69 0.322
67 71 0.41
67 74 0.186
68 74 0.408
68 71 0.294
68 72 0.524
68 70 0.355
68 73 0.209
69 72 0.31
69 73 0.68
69 71 0.066
69 74 0.15
70 74 0.454
70 73 0.266
71 73 0.638
71 72 0.765
71 74 0.728
72 73 0.046
73 74 0.398
