0 17 0.729
0 53 0.877
0 56 0.692
0 39 1
0 29 0.831
0 46 0.965
0 52 0.909
0 2 0.754
0 32 0.551
0 36 0.734
0 73 0.961
0 7 0.135
0 14 0.326
0 26 0.325
0 28 0.4
0 34 0.622
0 48 0.143
0 71 0.208
0 74 0.155
0 8 0.128
0 10 0.171
0 11 0.329
0 41 0.138
0 44 0.122
0 51 0.142
0 61 0.305
0 70 0.107
0 3 0.144
0 5 0.149
0 20 0.198
0 22 0.162
0 23 0.183
0 24 0.127
0 25 0.204
0 30 0.15
0 31 0.174
0 33 0.155
0 35 0.16
0 42 0.19
0 45 0.127
0 49 0.132
0 58 0.177
0 59 0.141
0 64 0.148
0 66 0.157
0 68 0.112
1 21 0.886
1 27 0.777
1 65 0.91
1 46 0.944
1 51 0.683
1 42 0.786
1 8 0.637
1 57 1
1 11 0.963
1 12 1
1 74 0.737
1 6 0.585
1 69 0.783
1 28 0.17
1 29 0.191
1 37 0.261
1 3 0.086
1 25 0.032
1 61 0.127
1 67 0.094
1 4 0.192
1 19 0.11
1 20 0.249
1 60 0.143
1 63 0.076
1 5 0.118
1 7 0.172
1 14 0.097
1 15 0.131
1 16 0.131
1 18 0.118
1 35 0.194
1 38 0.166
1 40 0.19
1 41 0.183
1 44 0.135
1 45 0.169
1 47 0.124
1 48 0.185
1 53 0.102
1 56 0.153
1 62 0.185
1 64 0.106
1 68 0.124
1 70 0.149
1 72 0.191
2 37 0.859
2 43 0.643
2 65 0.842
2 29 0.972
2 38 0.981
2 70 0.844
2 72 0.536
2 28 0.919
2 31 1
2 51 0.945
2 50 0.614
2 14 0.878
2 8 1
2 63 0.663
2 4 0.683
2 56 0.962
2 41 0.745
2 6 0.288
2 7 0.178
2 67 0.155
2 69 0.161
2 16 0.267
2 18 0.167
2 34 0.095
2 35 0.139
2 36 0.242
2 45 0.124
2 47 0.108
2 48 0.142
2 59 0.157
2 73 0.13
2 5 0.164
2 15 0.118
2 17 0.157
2 21 0.125
2 22 0.147
2 25 0.191
2 26 0.109
2 30 0.169
2 46 0.153
2 49 0.13
2 52 0.136
2 60 0.113
2 62 0.112
2 66 0.167
3 18 0.507
3 39 0.664
3 8 1.0
3 34 1
3 30 0.887
3 45 1
3 66 0.994
3 60 0.672
3 69 0.966
3 11 1
3 68 1
3 35 1
3 41 0.709
3 56 0.183
3 40 0.191
3 7 0.206
3 21 0.165
3 37 0.104
3 47 0.031
3 58 0.106
3 65 0.186
3 67 0.296
3 74 0.117
3 5 0.116
3 6 0.11
3 12 0.195
3 13 0.155
3 15 0.078
3 20 0.125
3 23 0.154
3 25 0.102
3 27 0.092
3 29 0.153
3 31 0.203
3 33 0.238
3 49 0.167
3 50 0.166
3 53 0.128
3 54 0.089
3 55 0.14
3 70 0.178
4 51 0.86
4 24 0.658
4 52 0.976
4 47 0.92
4 71 0.818
4 29 1
4 73 0.519
4 5 0.918
4 68 0.644
4 43 0.95
4 31 0.769
4 42 0.709
4 10 0.579
4 9 0.818
4 46 0.543
4 26 0.681
4 44 0.98
4 7 0.112
4 28 0.187
4 14 0.153
4 64 0.08
4 70 0.324
4 13 0.06
4 23 0.136
4 30 0.198
4 49 0.098
4 57 0.159
4 11 0.131
4 12 0.154
4 15 0.145
4 16 0.159
4 19 0.166
4 20 0.187
4 21 0.153
4 22 0.158
4 27 0.17
4 32 0.163
4 35 0.169
4 37 0.191
4 38 0.176
4 41 0.084
4 45 0.197
4 54 0.176
4 55 0.177
4 58 0.172
4 60 0.109
4 61 0.099
4 62 0.167
4 63 0.168
4 65 0.164
4 66 0.134
4 67 0.158
4 69 0.09
4 72 0.167
5 9 0.672
5 70 1
5 24 0.795
5 47 0.789
5 19 1
5 74 1
5 7 0.633
5 37 0.596
5 17 0.98
5 20 0.955
5 10 0.931
5 73 1
5 72 1
5 29 0.521
5 53 0.4
5 12 0.95
5 34 0.319
5 38 0.001
5 28 0.189
5 36 0.184
5 35 0.203
5 39 0.185
5 42 0.133
5 63 0.133
5 64 0.088
5 16 0.174
5 22 0.126
5 27 0.135
5 49 0.124
5 55 0.118
5 58 0.123
5 59 0.214
5 69 0.139
5 8 0.165
5 11 0.174
5 14 0.12
5 25 0.166
5 26 0.167
5 30 0.194
5 31 0.151
5 46 0.194
5 50 0.182
5 57 0.127
5 60 0.144
5 65 0.079
5 68 0.129
5 71 0.125
6 15 0.773
6 35 0.591
6 51 0.773
6 27 0.899
6 30 0.872
6 50 0.546
6 66 0.655
6 73 0.894
6 62 0.86
6 31 0.985
6 63 0.883
6 13 0.79
6 52 0.084
6 23 0.179
6 72 0.169
6 11 0.175
6 18 0.107
6 41 0.444
6 47 0.381
6 57 0.213
6 61 0.123
6 64 0.169
6 7 0.109
6 8 0.15
6 12 0.125
6 19 0.102
6 20 0.183
6 22 0.157
6 25 0.132
6 26 0.212
6 29 0.178
6 33 0.17
6 34 0.131
6 37 0.146
6 40 0.114
6 42 0.144
6 45 0.184
6 46 0.166
6 53 0.134
6 60 0.125
6 65 0.151
6 68 0.178
6 69 0.106
7 45 0.97
7 44 0.533
7 66 0.68
7 39 0.909
7 48 0.89
7 33 0.941
7 47 1
7 68 0.923
7 65 0.788
7 43 0.913
7 67 0.151
7 28 0.11
7 64 0.078
7 17 0.184
7 71 0.395
7 49 0.136
7 51 0.303
7 57 0.146
7 62 0.124
7 72 0.2
7 16 0.133
7 18 0.181
7 19 0.159
7 21 0.183
7 22 0.19
7 25 0.171
7 27 0.119
7 29 0.179
7 30 0.144
7 31 0.187
7 32 0.174
7 34 0.189
7 36 0.123
7 38 0.2
7 41 0.149
7 58 0.142
7 59 0.159
7 61 0.1
7 63 0.122
7 69 0.12
7 70 0.148
7 74 0.129
8 65 1
8 51 0.867
8 16 0.919
8 38 0.886
8 20 0.878
8 11 0.884
8 13 0.968
8 25 0.82
8 9 0.663
8 62 0.95
8 23 0.97
8 18 0.879
8 26 0.27
8 31 0.157
8 43 0.109
8 60 0.143
8 68 0.113
8 10 0.074
8 14 0.152
8 17 0.147
8 27 0.341
8 35 0.142
8 41 0.092
8 44 0.094
8 56 0.324
8 63 0.12
8 12 0.143
8 15 0.128
8 22 0.193
8 33 0.129
8 34 0.162
8 37 0.206
8 42 0.107
8 47 0.199
8 54 0.199
8 57 0.168
8 58 0.164
8 61 0.147
8 64 0.176
8 70 0.189
8 72 0.162
8 73 0.144
9 60 0.905
9 28 0.741
9 36 0.974
9 30 0.762
9 73 1
9 18 0.865
9 25 0.891
9 40 0.747
9 13 0.984
9 61 1
9 54 0.818
9 22 0.177
9 57 0.244
9 62 0.374
9 21 0.117
9 27 0.118
9 29 0.118
9 33 0.121
9 38 0.109
9 47 0.218
9 51 0.143
9 58 0.087
9 11 0.141
9 14 0.136
9 19 0.146
9 20 0.166
9 23 0.091
9 44 0.18
9 46 0.118
9 48 0.156
9 49 0.184
9 53 0.147
9 55 0.103
9 63 0.107
9 64 0.139
9 65 0.15
9 68 0.127
9 69 0.178
9 70 0.192
9 71 0.195
9 74 0.145
10 59 0.977
10 17 0.841
10 31 0.692
10 61 0.573
10 69 0.912
10 32 0.723
10 38 0.604
10 43 0.789
10 19 1
10 37 0.716
10 40 0.787
10 11 0.098
10 21 0.13
10 24 0.17
10 44 0.215
10 18 0.18
10 23 0.045
10 25 0.231
10 39 0.167
10 45 0.169
10 49 0.308
10 58 0.14
10 68 0.195
10 70 0.123
10 74 0.14
10 12 0.168
10 14 0.163
10 26 0.189
10 29 0.149
10 35 0.139
10 50 0.174
10 52 0.111
10 53 0.161
10 54 0.13
10 62 0.151
10 63 0.151
10 64 0.176
10 65 0.153
10 71 0.153
10 72 0.187
10 73 0.188
11 69 1
11 70 0.91
11 64 0.842
11 27 0.555
11 58 0.703
11 15 0.901
11 41 1.0
11 56 0.582
11 20 0.01
11 43 0.145
11 53 0.683
11 63 0.199
11 14 0.122
11 22 0.148
11 37 0.044
11 40 0.156
11 44 0.281
11 48 0.067
11 66 0.163
11 67 0.138
11 25 0.115
11 38 0.158
11 46 0.261
11 49 0.202
11 73 0.158
11 16 0.16
11 23 0.173
11 28 0.173
11 32 0.162
11 33 0.172
11 35 0.19
11 47 0.162
11 52 0.195
11 54 0.156
11 55 0.14
11 57 0.237
11 59 0.131
11 60 0.194
11 65 0.139
11 68 0.159
11 71 0.072
11 72 0.154
12 61 0.95
12 33 0.668
12 30 0.691
12 39 1
12 68 0.857
12 42 0.646
12 67 1
12 29 0.644
12 43 0.993
12 27 0.892
12 14 1
12 15 1
12 40 0.851
12 49 0.805
12 48 0.46
12 17 0.18
12 58 0.138
12 13 0.154
12 18 0.147
12 19 0.154
12 31 0.171
12 32 0.134
12 34 0.161
12 53 0.16
12 20 0.117
12 24 0.146
12 25 0.185
12 26 0.105
12 35 0.181
12 36 0.173
12 41 0.176
12 45 0.166
12 46 0.169
12 52 0.133
12 59 0.137
12 64 0.133
12 65 0.191
12 69 0.169
12 72 0.168
12 73 0.111
13 52 0.742
13 72 1
13 54 0.531
13 64 0.964
13 73 0.875
13 15 0.922
13 59 0.65
13 71 1
13 32 0.986
13 68 0.698
13 53 0.603
13 44 0.743
13 39 0.561
13 30 0.222
13 14 0.231
13 26 0.301
13 48 0.191
13 69 0.152
13 41 0.137
13 21 0.134
13 23 0.202
13 27 0.181
13 42 0.105
13 45 0.113
13 46 0.072
13 58 0.166
13 16 0.175
13 18 0.131
13 20 0.164
13 24 0.146
13 28 0.088
13 33 0.196
13 34 0.158
13 36 0.134
13 37 0.141
13 38 0.111
13 40 0.125
13 43 0.127
13 47 0.161
13 49 0.128
13 51 0.185
13 57 0.201
13 61 0.144
13 65 0.1
13 67 0.18
13 74 0.158
14 18 1
14 42 0.833
14 47 0.542
14 51 0.778
14 62 0.587
14 53 0.959
14 32 0.942
14 46 0.93
14 21 0.838
14 69 0.715
14 17 0.837
14 37 1
14 56 0.743
14 70 0.928
14 26 0.007
14 29 0.044
14 48 0.098
14 20 0.133
14 22 0.201
14 50 0.199
14 15 0.098
14 16 0.129
14 25 0.125
14 40 0.076
14 54 0.159
14 58 0.161
14 65 0.208
14 68 0.125
14 19 0.208
14 23 0.103
14 27 0.157
14 33 0.168
14 36 0.147
14 39 0.149
14 43 0.15
14 49 0.151
14 59 0.145
14 71 0.109
14 72 0.141
14 73 0.117
14 74 0.223
15 24 0.743
15 18 0.855
15 54 0.942
15 55 1
15 32 0.724
15 46 0.865
15 48 0.792
15 72 0.252
15 60 1
15 22 0.618
15 53 0.93
15 59 0.985
15 58 0.901
15 56 0.958
15 23 0.605
15 21 0.248
15 40 0.117
15 25 0.287
15 28 0.164
15 31 0.139
15 38 0.109
15 52 0.155
15 68 0.155
15 16 0.143
15 17 0.135
15 19 0.141
15 26 0.202
15 29 0.164
15 39 0.163
15 41 0.183
15 42 0.141
15 45 0.199
15 51 0.103
15 61 0.19
15 63 0.197
15 67 0.158
15 70 0.059
15 73 0.11
15 74 0.185
16 24 0.955
16 43 0.761
16 59 0.851
16 73 0.627
16 30 0.83
16 22 0.914
16 39 0.876
16 23 0.791
16 31 0.568
16 40 0.143
16 45 0.168
16 51 0.092
16 52 0.137
16 54 0.137
16 63 0.159
16 65 0.109
16 68 0.19
16 70 0.155
16 18 0.187
16 20 0.153
16 26 0.148
16 27 0.168
16 29 0.166
16 34 0.223
16 37 0.151
16 38 0.153
16 41 0.133
16 44 0.101
16 47 0.103
16 48 0.127
16 49 0.113
16 53 0.175
16 57 0.161
16 60 0.14
16 61 0.128
16 67 0.2
17 32 0.854
17 45 1
17 60 0.791
17 50 0.6
17 65 0.734
17 51 1
17 64 0.774
17 43 0.781
17 36 0.734
17 37 0.907
17 29 0.042
17 20 0.002
17 19 0.148
17 22 0.131
17 26 0.167
17 30 0.102
17 31 0.136
17 52 0.157
17 58 0.067
17 67 0.143
17 69 0.149
17 23 0.13
17 24 0.172
17 28 0.101
17 38 0.176
17 40 0.191
17 41 0.168
17 46 0.149
17 53 0.182
17 54 0.174
17 55 0.174
17 56 0.126
17 57 0.156
17 59 0.12
17 68 0.1
18 40 0.586
18 63 1
18 59 0.983
18 52 0.866
18 42 0.952
18 23 0.796
18 20 0.701
18 57 0.63
18 24 0.076
18 27 0.231
18 65 0.155
18 74 0.365
18 19 0.116
18 22 0.134
18 26 0.167
18 31 0.1
18 47 0.153
18 50 0.122
18 51 0.209
18 53 0.065
18 58 0.178
18 69 0.18
18 72 0.148
18 21 0.136
18 28 0.158
18 29 0.173
18 30 0.173
18 32 0.164
18 33 0.161
18 35 0.122
18 37 0.154
18 39 0.18
18 41 0.16
18 45 0.127
18 49 0.173
18 54 0.154
18 56 0.119
18 61 0.156
18 62 0.164
18 64 0.18
18 71 0.142
19 32 0.852
19 30 0.92
19 68 0.792
19 31 0.856
19 74 1
19 46 0.264
19 62 0.142
19 35 0.289
19 38 0.152
19 43 0.05
19 22 0.081
19 36 0.172
19 57 0.117
19 58 0.164
19 60 0.314
19 64 0.084
19 69 0.153
19 71 0.145
19 20 0.124
19 23 0.159
19 26 0.156
19 37 0.14
19 40 0.184
19 42 0.104
19 45 0.162
19 49 0.195
19 50 0.184
19 53 0.161
19 55 0.122
19 59 0.119
19 61 0.147
19 65 0.185
19 66 0.133
19 70 0.142
20 47 0.703
20 23 0.736
20 32 0.68
20 22 0.831
20 56 0.797
20 43 0.897
20 44 1
20 58 0.895
20 46 0.271
20 60 0.184
20 64 0.294
20 66 0.248
20 67 0.532
20 68 0.167
20 28 0.162
20 34 0.186
20 37 0.121
20 42 0.069
20 48 0.139
20 62 0.162
20 21 0.191
20 29 0.131
20 30 0.122
20 35 0.117
20 40 0.162
20 49 0.133
20 51 0.133
20 52 0.157
20 55 0.189
20 57 0.139
20 59 0.199
20 70 0.152
20 72 0.147
20 74 0.144
21 36 0.747
21 37 0.668
21 57 0.817
21 33 0.938
21 53 0.722
21 66 1
21 74 0.753
21 60 0.517
21 65 0.802
21 49 0.919
21 55 0.976
21 25 0.765
21 59 0.251
21 22 0.212
21 52 0.208
21 27 0.129
21 30 0.173
21 31 0.138
21 32 0.127
21 34 0.153
21 48 0.16
21 24 0.09
21 26 0.136
21 29 0.19
21 35 0.159
21 39 0.151
21 41 0.162
21 42 0.193
21 46 0.126
21 54 0.137
21 62 0.137
21 63 0.176
21 72 0.153
22 69 0.796
22 45 0.718
22 47 0.735
22 37 0.678
22 65 0.902
22 41 0.791
22 40 0.816
22 50 0.746
22 24 0.98
22 55 0.813
22 72 0.542
22 59 0.266
22 61 0.25
22 26 0.106
22 31 0.179
22 32 0.365
22 36 0.412
22 62 0.142
22 68 0.218
22 28 0.128
22 34 0.164
22 35 0.129
22 38 0.125
22 39 0.173
22 42 0.085
22 44 0.128
22 46 0.182
22 49 0.135
22 51 0.209
22 54 0.108
22 58 0.124
22 67 0.11
22 71 0.141
23 41 0.882
23 24 0.794
23 32 0.905
23 60 0.546
23 64 0.887
23 65 1
23 39 0.984
23 67 0.872
23 66 0.886
23 26 1
23 61 0.128
23 27 0.189
23 30 0.147
23 34 0.142
23 45 0.173
23 54 0.188
23 25 0.117
23 28 0.212
23 31 0.112
23 33 0.138
23 42 0.135
23 43 0.171
23 44 0.172
23 46 0.129
23 47 0.159
23 48 0.166
23 49 0.151
23 51 0.132
23 52 0.11
23 56 0.149
23 59 0.088
23 62 0.144
23 63 0.114
23 70 0.21
23 72 0.164
23 74 0.125
24 68 0.937
24 36 0.529
24 50 1
24 25 0.854
24 48 0.811
24 33 0.357
24 54 0.15
24 62 0.114
24 47 0.154
24 69 0.163
24 70 0.252
24 28 0.141
24 29 0.205
24 32 0.206
24 34 0.192
24 39 0.149
24 40 0.119
24 43 0.215
24 55 0.11
24 58 0.157
24 60 0.084
24 61 0.163
24 64 0.165
24 67 0.185
24 71 0.194
24 72 0.138
25 74 1
25 45 0.773
25 37 0.846
25 54 0.821
25 33 0.848
25 59 0.936
25 27 0.991
25 47 0.505
25 65 0.939
25 29 0.802
25 39 1
25 50 0.046
25 55 0.151
25 30 0.148
25 42 0.125
25 43 0.105
25 56 0.176
25 57 0.249
25 66 0.124
25 38 0.16
25 44 0.051
25 60 0.208
25 62 0.044
25 26 0.091
25 31 0.141
25 34 0.125
25 36 0.176
25 49 0.164
25 51 0.159
25 52 0.141
25 63 0.192
25 64 0.133
25 67 0.224
25 68 0.145
25 70 0.113
25 71 0.152
26 65 0.933
26 52 0.852
26 34 0.764
26 44 0.69
26 51 1
26 47 1
26 48 1
26 50 0.974
26 60 0.819
26 40 0.85
26 56 0.661
26 45 0.154
26 66 0.108
26 33 0.316
26 63 0.258
26 35 0.087
26 43 0.184
26 49 0.183
26 59 0.234
26 61 0.148
26 68 0.12
26 27 0.136
26 28 0.152
26 30 0.155
26 31 0.172
26 37 0.177
26 42 0.119
26 55 0.164
26 58 0.098
26 67 0.17
26 69 0.17
27 62 0.938
27 34 0.7
27 68 0.777
27 35 1
27 30 0.65
27 66 0.827
27 33 1
27 36 0.218
27 54 0.149
27 44 0.185
27 46 0.135
27 52 0.172
27 53 0.207
27 67 0.131
27 71 0.048
27 31 0.106
27 32 0.178
27 37 0.199
27 42 0.167
27 43 0.145
27 45 0.167
27 47 0.148
27 48 0.145
27 49 0.155
27 56 0.184
27 57 0.156
27 59 0.155
27 63 0.172
27 64 0.066
27 69 0.101
27 70 0.2
27 74 0.104
28 56 1
28 47 0.876
28 33 1
28 29 0.858
28 43 0.714
28 50 0.636
28 46 0.409
28 71 0.541
28 52 0.177
28 62 0.184
28 66 0.223
28 72 0.158
28 34 0.222
28 38 0.034
28 39 0.115
28 42 0.202
28 53 0.166
28 54 0.085
28 35 0.155
28 40 0.146
28 41 0.177
28 44 0.16
28 45 0.176
28 51 0.124
28 60 0.104
28 61 0.167
28 64 0.157
28 73 0.185
29 73 1
29 36 0.899
29 40 1
29 66 0.895
29 72 0.938
29 56 0.588
29 64 0.917
29 69 0.797
29 55 0.169
29 63 0.191
29 30 0.184
29 32 0.122
29 74 0.334
29 41 0.114
29 44 0.222
29 52 0.14
29 53 0.396
29 60 0.154
29 65 0.042
29 67 0.15
29 68 0.244
29 33 0.18
29 34 0.132
29 37 0.154
29 38 0.183
29 39 0.14
29 43 0.153
29 45 0.191
29 46 0.18
29 48 0.135
29 49 0.143
29 50 0.106
29 51 0.149
29 57 0.169
29 58 0.166
29 61 0.144
30 52 0.843
30 68 0.995
30 64 0.9
30 74 0.758
30 32 0.617
30 40 0.998
30 54 1
30 57 0.71
30 33 0.226
30 47 0.195
30 71 0.161
30 31 0.083
30 42 0.07
30 59 0.318
30 34 0.148
30 36 0.175
30 39 0.143
30 43 0.149
30 45 0.167
30 46 0.121
30 48 0.173
30 49 0.132
30 55 0.13
30 56 0.154
30 58 0.169
30 60 0.155
30 63 0.169
31 51 0.995
31 38 1
31 34 0.545
31 67 0.746
31 60 0.82
31 37 0.701
31 50 1
31 58 0.658
31 61 0.778
31 74 0.97
31 46 0.797
31 43 0.096
31 73 0.158
31 36 0.133
31 35 0.165
31 45 0.216
31 48 0.158
31 52 0.181
31 59 0.153
31 68 0.215
31 39 0.108
31 44 0.159
31 49 0.129
31 55 0.154
31 56 0.146
31 64 0.175
31 66 0.206
31 70 0.126
31 71 0.147
31 72 0.189
32 40 0.933
32 43 0.975
32 36 1
32 38 1
32 49 0.759
32 51 0.713
32 46 0.665
32 37 0.975
32 34 0.972
32 45 0.224
32 50 0.036
32 60 0.161
32 71 0.129
32 74 0.302
32 33 0.116
32 39 0.079
32 41 0.153
32 44 0.198
32 47 0.178
32 48 0.155
32 52 0.189
32 54 0.154
32 55 0.188
32 56 0.141
32 58 0.171
32 61 0.15
32 62 0.164
32 63 0.143
32 65 0.109
32 66 0.157
32 70 0.139
32 72 0.146
33 54 1
33 72 0.52
33 63 0.833
33 48 0.87
33 62 0.945
33 37 1
33 40 0.834
33 71 0.825
33 73 0.767
33 49 0.158
33 39 0.105
33 43 0.158
33 45 0.083
33 46 0.136
33 50 0.11
33 56 0.207
33 65 0.138
33 38 0.16
33 41 0.176
33 47 0.151
33 55 0.163
33 57 0.15
33 60 0.133
33 64 0.146
33 66 0.121
34 36 0.509
34 44 0.719
34 52 1
34 50 0.897
34 39 0.784
34 63 0.967
34 49 0.158
34 40 0.07
34 57 0.22
34 47 0.115
34 58 0.207
34 64 0.16
34 45 0.148
34 46 0.193
34 51 0.167
34 53 0.182
34 55 0.181
34 56 0.14
34 65 0.145
34 69 0.187
34 72 0.138
34 73 0.144
34 74 0.182
35 45 0.939
35 48 0.753
35 61 0.813
35 56 0.618
35 57 0.957
35 73 0.601
35 38 0.681
35 47 0.744
35 42 0.744
35 51 0.154
35 71 0.232
35 53 0.396
35 62 0.11
35 67 0.3
35 37 0.111
35 39 0.147
35 40 0.2
35 52 0.139
35 55 0.138
35 58 0.16
35 70 0.134
36 45 0.864
36 56 1
36 51 0.641
36 46 0.687
36 61 0.97
36 50 0.276
36 62 0.082
36 69 0.213
36 37 0.2
36 40 0.146
36 41 0.162
36 59 0.151
36 65 0.109
36 68 0.141
36 38 0.137
36 42 0.121
36 44 0.157
36 49 0.149
36 52 0.145
36 53 0.139
36 54 0.131
36 55 0.148
36 57 0.131
36 58 0.177
36 60 0.112
36 64 0.175
36 66 0.154
36 74 0.163
37 55 1
37 45 0.737
37 52 0.898
37 59 0.939
37 65 1
37 57 0.828
37 46 0.539
37 53 0.616
37 41 0.519
37 74 0.008
37 68 0.394
37 39 0.134
37 61 0.317
37 70 0.307
37 48 0.158
37 38 0.168
37 47 0.201
37 51 0.143
37 56 0.158
37 58 0.152
37 62 0.17
37 67 0.158
37 69 0.132
37 71 0.07
37 72 0.137
37 73 0.18
38 73 0.568
38 55 0.906
38 40 0.899
38 43 0.826
38 45 0.24
38 51 0.093
38 58 0.087
38 69 0.166
38 39 0.169
38 44 0.167
38 53 0.095
38 54 0.145
38 63 0.127
38 64 0.312
38 67 0.005
38 71 0.082
38 41 0.121
38 42 0.162
38 47 0.151
38 49 0.133
38 50 0.183
38 52 0.167
38 57 0.18
38 62 0.147
38 70 0.144
38 72 0.17
39 57 0.77
39 62 0.984
39 49 0.818
39 64 0.796
39 51 1
39 52 1
39 72 1
39 46 0.112
39 53 0.208
39 65 0.109
39 69 0.222
39 73 0.144
39 40 0.145
39 41 0.156
39 43 0.138
39 44 0.128
39 48 0.17
39 60 0.108
39 63 0.189
39 67 0.19
39 68 0.183
39 70 0.121
39 71 0.093
40 68 1
40 62 0.812
40 45 0.917
40 71 0.529
40 52 0.115
40 66 0.161
40 70 0.028
40 74 0.276
40 65 0.133
40 41 0.156
40 44 0.176
40 48 0.101
40 49 0.143
40 50 0.11
40 53 0.156
40 56 0.108
40 57 0.12
40 60 0.193
40 61 0.104
40 63 0.149
40 64 0.139
40 69 0.113
41 56 0.765
41 42 0.869
41 48 0.807
41 53 0.857
41 46 0.896
41 71 0.711
41 67 0.04
41 59 0.094
41 54 0.149
41 70 0.163
41 43 0.149
41 44 0.119
41 50 0.108
41 51 0.148
41 52 0.152
41 61 0.132
41 63 0.097
41 66 0.128
41 73 0.105
42 46 1
42 45 0.832
42 51 0.626
42 66 1
42 71 0.197
42 43 0.13
42 59 0.252
42 56 0.054
42 58 0.133
42 61 0.112
42 64 0.161
42 70 0.158
42 72 0.148
42 44 0.101
42 47 0.114
42 48 0.141
42 54 0.182
42 63 0.167
42 65 0.109
42 69 0.159
43 64 0.97
43 45 0.712
43 55 0.084
43 57 0.202
43 72 0.223
43 49 0.161
43 52 0.039
43 48 0.146
43 51 0.187
43 54 0.073
43 66 0.267
43 44 0.144
43 56 0.139
43 58 0.162
43 61 0.187
43 65 0.17
43 67 0.127
43 68 0.151
43 73 0.172
44 59 0.533
44 65 0.985
44 51 1
44 63 0.898
44 69 0.166
44 72 0.011
44 46 0.194
44 49 0.212
44 50 0.142
44 55 0.188
44 58 0.258
44 62 0.16
44 48 0.123
44 52 0.147
44 60 0.184
44 61 0.146
44 67 0.147
44 71 0.14
45 61 0.68
45 50 0.998
45 63 0.871
45 54 0.91
45 47 0.971
45 46 0.167
45 64 0.244
45 67 0.153
45 68 0.2
45 49 0.15
45 52 0.177
45 53 0.155
45 58 0.183
45 59 0.138
46 54 0.971
46 68 0.648
46 71 0.71
46 66 0.696
46 58 0.611
46 59 1
46 65 0.826
46 47 0.213
46 48 0.111
46 51 0.135
46 52 0.172
46 55 0.168
46 57 0.147
46 62 0.156
46 64 0.09
46 67 0.125
46 70 0.091
46 73 0.146
47 55 0.812
47 61 0.806
47 63 0.594
47 51 0.609
47 56 0.922
47 67 0.737
47 58 0.159
47 60 0.183
47 49 0.156
47 57 0.111
47 71 0.102
47 72 0.135
47 48 0.143
47 50 0.149
47 52 0.113
47 59 0.168
47 62 0.206
47 66 0.181
47 68 0.172
47 69 0.19
47 70 0.071
48 52 0.506
48 72 0.978
48 66 0.821
48 49 0.945
48 73 0.795
48 53 0.674
48 58 0.125
48 50 0.123
48 59 0.013
48 64 0.077
48 51 0.138
48 55 0.155
48 57 0.164
48 60 0.156
48 61 0.121
48 62 0.128
48 67 0.153
48 69 0.129
48 70 0.209
48 71 0.12
48 74 0.168
49 59 0.61
49 54 0.832
49 64 1
49 66 0.825
49 72 0.865
49 67 0.656
49 60 0.836
49 61 0.761
49 53 0.144
49 58 0.268
49 73 0.123
49 74 0.168
49 50 0.144
49 51 0.066
49 55 0.158
49 62 0.126
49 65 0.126
49 68 0.154
49 69 0.094
49 70 0.163
50 56 0.815
50 60 0.875
50 64 0.94
50 51 0.706
50 74 0.784
50 68 0.089
50 58 0.202
50 67 0.13
50 72 0.137
50 52 0.157
50 54 0.138
50 55 0.137
50 62 0.134
50 66 0.181
50 70 0.19
51 56 0.84
51 58 0.997
51 63 0.207
51 65 0.142
51 70 0.116
51 72 0.121
51 52 0.115
51 53 0.157
51 54 0.128
51 55 0.14
51 59 0.132
51 60 0.142
51 62 0.229
51 67 0.145
51 71 0.156
52 70 1
52 62 0.854
52 69 0.882
52 56 1
52 57 0.024
52 61 0.192
52 53 0.182
52 58 0.148
52 60 0.159
52 63 0.125
52 64 0.152
52 65 0.181
52 67 0.203
52 68 0.143
52 73 0.19
53 66 0.837
53 68 0.784
53 65 0.732
53 69 1
53 54 0.142
53 55 0.169
53 58 0.083
53 60 0.179
53 61 0.174
53 63 0.15
53 64 0.14
53 72 0.122
53 73 0.203
53 74 0.123
54 68 0.848
54 55 1
54 67 0.109
54 57 0.099
54 65 0.205
54 56 0.169
54 58 0.156
54 60 0.085
54 66 0.171
54 70 0.145
54 71 0.197
54 73 0.157
55 71 0.821
55 61 0.041
55 57 0.181
55 59 0.193
55 60 0.109
55 64 0.107
55 70 0.176
56 57 0.687
56 64 0.82
56 73 0.192
56 67 0.085
56 68 0.177
56 60 0.192
56 65 0.169
56 70 0.096
57 65 0.543
57 68 0.287
57 69 0.116
57 64 0.309
57 67 0.139
57 72 0.126
57 58 0.127
57 63 0.134
57 66 0.214
57 73 0.184
58 66 0.939
58 71 1
58 67 1
58 68 0.953
58 63 0.648
58 61 0.208
58 72 0.12
58 73 0.143
58 60 0.139
58 62 0.135
58 64 0.193
58 65 0.136
58 69 0.163
58 74 0.136
59 61 0.494
59 60 0.732
59 68 0.84
59 74 0.639
59 65 0.258
59 66 0.174
59 69 0.177
59 67 0.113
59 70 0.199
60 70 1
60 66 0.669
60 63 0.822
60 64 0.161
60 68 0.215
60 71 0.224
60 62 0.172
60 65 0.144
60 67 0.177
60 72 0.145
60 73 0.142
60 74 0.131
61 63 0.156
61 67 0.145
61 62 0.124
61 65 0.139
61 66 0.148
61 68 0.166
61 71 0.057
61 73 0.187
62 72 1
62 65 0.108
62 66 0.158
62 73 0.149
62 68 0.158
62 70 0.132
62 71 0.14
63 71 0.977
63 68 0.585
63 74 0.144
63 67 0.149
63 70 0.14
63 72 0.116
63 73 0.228
64 73 0.693
64 67 0.76
64 70 0.07
64 72 0.067
64 69 0.222
64 68 0.177
65 71 0.922
65 69 0.135
65 66 0.146
65 68 0.208
65 67 0.194
65 72 0.143
65 73 0.177
66 70 0.68
66 71 1
66 72 0.816
66 69 0.116
66 73 0.184
66 74 0.165
67 73 1
67 71 1
67 69 0.107
67 70 0.063
67 68 0.131
67 74 0.125
68 70 0.54
68 71 0.159
68 72 0.123
69 72 0.901
69 73 0.965
69 70 0.199
69 71 0.138
70 72 0.838
70 71 0.148
70 73 0.193
71 73 0.726
71 74 0.294
72 74 0.162
73 74 1
