0 13 0.6
0 24 0.864
0 41 0.918
0 40 0.894
0 69 1
0 68 1
0 72 0.899
0 39 0.868
0 45 1
0 51 0.948
0 47 0.898
0 52 0.781
0 64 0.724
0 38 1
0 16 0.923
0 6 0.669
0 53 0.885
0 48 0.162
0 23 0.162
0 32 0.277
0 2 0.182
0 7 0.103
0 36 0.139
0 61 0.151
0 74 0.264
0 46 0.01
0 58 0.254
0 28 0.216
0 35 0.138
0 37 0.137
0 50 0.208
0 34 0.019
0 43 0.155
0 44 0.364
0 55 0.165
0 19 0.108
0 26 0.105
0 29 0.112
0 56 0.235
0 62 0.161
0 71 0.08
0 8 0.109
0 15 0.195
0 17 0.302
0 25 0.32
0 27 0.179
0 30 0.193
0 33 0.164
0 67 0.178
0 73 0.165
0 4 0.168
0 10 0.174
0 11 0.158
0 12 0.149
0 14 0.18
0 21 0.115
0 22 0.179
0 49 0.149
0 54 0.145
0 60 0.101
0 63 0.099
1 57 0.881
1 2 0.886
1 25 0.957
1 30 0.613
1 41 0.76
1 45 0.66
1 48 0.721
1 42 0.618
1 56 0.907
1 38 0.801
1 31 1
1 37 0.79
1 24 1
1 5 1
1 70 0.58
1 73 0.857
1 6 0.312
1 23 0.066
1 7 0.195
1 14 0.248
1 36 0.009
1 50 0.609
1 9 0.217
1 65 0.132
1 74 0.058
1 61 0.104
1 8 0.162
1 15 0.208
1 18 0.17
1 26 0.128
1 28 0.138
1 44 0.155
1 54 0.203
1 55 0.162
1 62 0.159
1 69 0.176
1 21 0.165
1 60 0.125
1 19 0.08
1 27 0.165
1 47 0.133
1 4 0.138
1 10 0.128
1 11 0.136
1 35 0.152
1 43 0.132
1 49 0.112
1 58 0.117
1 59 0.146
1 66 0.162
1 72 0.109
2 57 0.69
2 27 0.672
2 65 0.72
2 56 0.994
2 7 0.891
2 29 0.964
2 50 0.678
2 51 0.81
2 66 0.71
2 6 1
2 61 0.863
2 44 0.617
2 34 0.626
2 15 0.255
2 74 0.068
2 30 0.521
2 31 0.141
2 36 0.116
2 42 0.114
2 45 0.358
2 46 0.219
2 39 0.074
2 20 0.277
2 68 0.055
2 11 0.17
2 22 0.177
2 37 0.232
2 67 0.212
2 3 0.132
2 4 0.1
2 8 0.215
2 12 0.334
2 32 0.117
2 43 0.233
2 52 0.198
2 62 0.167
2 21 0.176
2 14 0.185
2 41 0.139
2 59 0.155
2 72 0.124
2 16 0.195
2 17 0.15
2 18 0.134
2 24 0.134
2 25 0.127
2 26 0.126
2 35 0.103
2 40 0.163
2 48 0.161
2 49 0.093
2 69 0.126
2 73 0.16
3 37 0.998
3 65 0.779
3 38 0.947
3 58 0.726
3 45 0.724
3 29 0.826
3 21 1
3 4 0.754
3 57 0.981
3 23 0.956
3 17 0.871
3 7 0.686
3 22 1
3 43 0.312
3 39 0.216
3 25 0.122
3 26 0.213
3 28 0.271
3 53 0.209
3 5 0.162
3 30 0.235
3 10 0.337
3 51 0.165
3 54 0.138
3 9 0.16
3 16 0.161
3 64 0.079
3 66 0.22
3 6 0.139
3 12 0.093
3 15 0.137
3 36 0.206
3 40 0.164
3 60 0.143
3 63 0.152
3 73 0.128
3 42 0.233
3 49 0.179
3 59 0.184
3 67 0.07
3 74 0.194
3 11 0.187
3 14 0.166
3 24 0.148
3 31 0.147
3 34 0.154
3 35 0.138
3 48 0.216
3 52 0.119
3 55 0.113
3 56 0.179
3 61 0.134
3 70 0.137
3 71 0.117
3 72 0.149
4 43 1
4 10 0.958
4 44 0.903
4 21 0.836
4 24 0.768
4 42 1
4 27 0.865
4 50 0.56
4 26 0.978
4 37 1
4 8 0.573
4 69 1
4 28 0.617
4 18 0.901
4 65 0.413
4 56 0.929
4 34 1
4 59 0.565
4 51 0.655
4 63 0.193
4 15 0.209
4 31 0.174
4 64 0.53
4 62 0.136
4 11 0.252
4 25 0.093
4 29 0.097
4 46 0.156
4 53 0.079
4 54 0.121
4 61 0.196
4 14 0.12
4 32 0.179
4 35 0.081
4 38 0.157
4 39 0.166
4 5 0.149
4 6 0.138
4 12 0.211
4 13 0.204
4 17 0.153
4 33 0.166
4 47 0.184
4 57 0.166
4 58 0.151
4 9 0.168
4 36 0.147
4 41 0.09
4 45 0.291
4 52 0.142
4 71 0.208
4 74 0.134
4 7 0.13
4 16 0.154
4 49 0.126
4 66 0.168
4 72 0.212
5 40 0.839
5 49 0.913
5 30 0.986
5 64 0.925
5 70 0.716
5 12 0.806
5 25 0.877
5 29 0.113
5 74 0.116
5 16 0.09
5 51 0.157
5 72 0.246
5 39 0.166
5 27 0.221
5 54 0.208
5 56 0.395
5 9 0.116
5 26 0.157
5 48 0.064
5 68 0.446
5 7 0.163
5 20 0.169
5 23 0.124
5 61 0.247
5 62 0.23
5 65 0.237
5 11 0.158
5 14 0.339
5 35 0.14
5 37 0.201
5 44 0.364
5 47 0.146
5 60 0.133
5 67 0.119
5 6 0.367
5 41 0.177
5 42 0.191
5 46 0.12
5 52 0.13
5 58 0.054
5 71 0.176
5 13 0.153
5 24 0.11
5 33 0.167
5 36 0.124
5 45 0.192
5 73 0.166
5 10 0.138
5 19 0.199
5 22 0.208
5 28 0.134
5 31 0.156
5 32 0.147
5 34 0.136
5 53 0.122
5 59 0.177
5 66 0.13
6 9 0.996
6 19 1
6 20 0.466
6 10 0.983
6 62 0.777
6 27 0.672
6 29 0.961
6 44 0.963
6 51 1
6 70 0.922
6 60 1
6 40 0.963
6 59 0.59
6 54 0.653
6 8 0.491
6 35 0.533
6 69 0.118
6 22 0.153
6 71 0.11
6 42 0.176
6 48 0.172
6 61 0.164
6 21 0.063
6 15 0.251
6 47 0.042
6 49 0.258
6 57 0.007
6 26 0.124
6 33 0.143
6 12 0.122
6 53 0.175
6 73 0.088
6 23 0.2
6 25 0.002
6 28 0.187
6 43 0.163
6 45 0.137
6 72 0.332
6 24 0.144
6 30 0.119
6 39 0.247
6 50 0.12
6 58 0.214
6 74 0.182
6 13 0.168
6 14 0.142
6 32 0.142
6 37 0.146
6 41 0.128
6 56 0.163
6 64 0.159
7 57 0.513
7 20 0.799
7 21 1
7 66 0.668
7 32 1
7 35 0.881
7 27 0.275
7 61 0.3
7 39 0.067
7 45 0.438
7 74 0.269
7 36 0.304
7 37 0.308
7 49 0.287
7 65 0.105
7 62 0.174
7 10 0.165
7 15 0.348
7 58 0.526
7 48 0.097
7 52 0.188
7 72 0.017
7 24 0.132
7 25 0.113
7 26 0.141
7 54 0.177
7 11 0.194
7 18 0.196
7 23 0.166
7 29 0.186
7 30 0.166
7 33 0.089
7 42 0.123
7 44 0.062
7 46 0.131
7 60 0.138
7 68 0.142
7 69 0.121
7 73 0.179
7 12 0.081
7 17 0.125
7 19 0.184
7 22 0.158
7 31 0.148
7 34 0.095
7 40 0.176
7 41 0.162
7 47 0.137
7 50 0.174
7 55 0.153
7 64 0.11
7 71 0.185
8 74 0.626
8 29 0.716
8 18 0.86
8 10 1
8 16 0.807
8 22 0.706
8 25 0.854
8 68 0.516
8 66 0.527
8 43 0.751
8 53 0.016
8 31 0.195
8 51 0.186
8 21 0.403
8 50 0.084
8 26 0.302
8 47 0.272
8 49 0.056
8 65 0.263
8 38 0.12
8 59 0.168
8 37 0.103
8 73 0.118
8 11 0.146
8 12 0.088
8 19 0.169
8 54 0.172
8 61 0.23
8 63 0.123
8 64 0.122
8 71 0.15
8 20 0.04
8 41 0.119
8 58 0.168
8 70 0.17
8 13 0.217
8 14 0.148
8 24 0.269
8 33 0.118
8 39 0.16
8 42 0.142
8 44 0.149
8 52 0.103
8 56 0.157
8 9 0.175
8 28 0.114
8 30 0.192
8 32 0.14
8 35 0.164
8 45 0.178
8 48 0.08
8 60 0.107
8 62 0.112
9 45 0.558
9 61 0.971
9 55 0.885
9 27 0.615
9 21 0.88
9 47 0.938
9 68 0.356
9 63 0.225
9 26 0.199
9 53 0.037
9 20 0.284
9 66 0.25
9 38 0.137
9 39 0.156
9 57 0.195
9 25 0.089
9 34 0.131
9 62 0.235
9 35 0.115
9 36 0.152
9 74 0.064
9 15 0.271
9 16 0.148
9 42 0.207
9 52 0.07
9 60 0.085
9 64 0.076
9 69 0.062
9 14 0.141
9 23 0.152
9 28 0.122
9 29 0.189
9 33 0.123
9 46 0.127
9 48 0.143
9 11 0.176
9 13 0.162
9 22 0.127
9 24 0.128
9 70 0.299
9 71 0.17
9 10 0.149
9 32 0.18
9 37 0.13
9 43 0.135
9 50 0.137
9 51 0.168
9 54 0.206
9 59 0.133
9 67 0.138
9 72 0.134
10 55 0.978
10 16 0.505
10 58 0.884
10 21 1
10 51 1
10 17 0.976
10 24 0.481
10 19 1
10 49 1
10 68 0.995
10 38 0.944
10 22 0.703
10 44 0.323
10 46 0.1
10 71 0.281
10 28 0.078
10 47 0.172
10 37 0.101
10 39 0.439
10 40 0.149
10 50 0.012
10 33 0.183
10 73 0.21
10 64 0.342
10 53 0.181
10 70 0.157
10 15 0.231
10 23 0.147
10 35 0.141
10 14 0.163
10 27 0.006
10 30 0.134
10 31 0.062
10 62 0.155
10 11 0.051
10 18 0.158
10 61 0.276
10 12 0.18
10 13 0.081
10 25 0.172
10 36 0.098
10 42 0.1
10 48 0.114
10 54 0.166
10 57 0.184
10 59 0.206
10 72 0.144
10 20 0.14
10 32 0.149
10 41 0.136
10 43 0.118
10 63 0.21
10 65 0.178
10 66 0.177
10 69 0.064
10 74 0.134
11 28 0.635
11 60 0.92
11 15 0.812
11 13 1
11 53 0.705
11 69 0.78
11 51 0.932
11 41 1
11 67 1
11 52 0.733
11 25 1
11 14 0.901
11 22 1
11 64 0.91
11 56 0.626
11 74 1
11 68 0.468
11 18 0.223
11 23 0.522
11 35 0.135
11 59 0.262
11 45 0.201
11 29 0.095
11 62 0.1
11 71 0.529
11 19 0.131
11 63 0.146
11 20 0.269
11 21 0.154
11 26 0.148
11 30 0.192
11 34 0.159
11 38 0.173
11 40 0.139
11 42 0.139
11 24 0.121
11 32 0.124
11 48 0.258
11 73 0.023
11 27 0.139
11 47 0.179
11 49 0.151
11 61 0.116
11 66 0.195
11 31 0.181
11 33 0.17
11 37 0.141
11 39 0.141
11 43 0.192
11 58 0.143
11 16 0.148
11 36 0.181
11 46 0.144
11 70 0.123
11 72 0.138
12 23 1
12 31 1
12 29 0.708
12 72 0.889
12 43 0.537
12 71 0.906
12 14 1
12 37 0.756
12 28 0.178
12 36 0.5
12 55 0.432
12 48 0.035
12 52 0.133
12 13 0.093
12 46 0.216
12 68 0.151
12 16 0.357
12 18 0.17
12 20 0.136
12 25 0.153
12 35 0.145
12 39 0.186
12 44 0.12
12 63 0.193
12 73 0.155
12 15 0.143
12 40 0.139
12 45 0.158
12 56 0.397
12 65 0.128
12 69 0.112
12 32 0.155
12 19 0.137
12 24 0.276
12 26 0.153
12 51 0.123
12 70 0.143
12 21 0.154
12 30 0.134
12 33 0.085
12 34 0.17
12 41 0.192
12 54 0.15
12 59 0.146
12 64 0.194
12 66 0.171
12 74 0.186
13 70 0.681
13 37 0.67
13 26 0.611
13 74 0.516
13 35 0.592
13 55 0.563
13 23 0.123
13 20 0.306
13 36 0.284
13 21 0.14
13 19 0.118
13 39 0.145
13 40 0.181
13 60 0.12
13 69 0.12
13 31 0.173
13 52 0.317
13 73 0.124
13 16 0.224
13 29 0.22
13 68 0.079
13 18 0.072
13 24 0.27
13 28 0.127
13 43 0.136
13 57 0.154
13 14 0.146
13 17 0.101
13 22 0.137
13 41 0.134
13 45 0.153
13 56 0.141
13 72 0.153
13 42 0.139
13 50 0.199
13 51 0.142
13 58 0.177
13 25 0.168
13 34 0.121
13 46 0.206
13 53 0.128
13 54 0.139
13 61 0.12
13 63 0.13
13 66 0.164
13 67 0.137
13 71 0.1
14 72 0.917
14 29 1
14 52 0.774
14 56 0.87
14 41 0.521
14 58 1
14 20 0.81
14 61 0.735
14 38 1
14 32 0.897
14 19 0.288
14 33 0.153
14 45 0.139
14 25 0.216
14 40 0.046
14 63 0.111
14 21 0.166
14 31 0.144
14 47 0.15
14 15 0.261
14 17 0.006
14 26 0.217
14 48 0.177
14 23 0.312
14 37 0.107
14 74 0.207
14 24 0.1
14 27 0.184
14 28 0.127
14 16 0.086
14 39 0.068
14 46 0.152
14 49 0.158
14 62 0.199
14 18 0.153
14 30 0.269
14 35 0.123
14 43 0.104
14 53 0.175
14 67 0.186
14 68 0.172
14 36 0.117
14 42 0.181
14 51 0.119
14 54 0.111
14 55 0.146
14 59 0.127
14 60 0.177
14 66 0.182
14 71 0.137
15 70 0.695
15 32 0.937
15 30 0.634
15 42 0.549
15 41 0.602
15 45 0.862
15 18 0.169
15 24 0.69
15 38 0.21
15 17 0.016
15 53 0.192
15 61 0.188
15 74 0.169
15 50 0.106
15 33 0.148
15 54 0.131
15 26 0.108
15 29 0.205
15 44 0.11
15 31 0.323
15 35 0.162
15 40 0.267
15 64 0.185
15 22 0.236
15 63 0.145
15 66 0.29
15 23 0.156
15 34 0.233
15 56 0.143
15 60 0.053
15 62 0.091
15 20 0.115
15 39 0.213
15 43 0.201
15 47 0.175
15 51 0.101
15 58 0.171
15 65 0.127
15 68 0.161
15 16 0.151
15 19 0.122
15 25 0.195
15 28 0.107
15 37 0.117
15 48 0.149
15 55 0.19
15 57 0.098
15 59 0.165
15 71 0.176
15 73 0.171
16 48 1
16 23 0.933
16 21 0.521
16 73 0.766
16 19 0.972
16 37 0.723
16 61 0.887
16 46 0.797
16 50 1
16 38 0.68
16 41 0.151
16 69 0.183
16 22 0.241
16 63 0.118
16 27 0.194
16 42 0.209
16 65 0.159
16 71 0.093
16 47 0.201
16 72 0.103
16 54 0.05
16 62 0.095
16 32 0.026
16 51 0.18
16 53 0.255
16 18 0.132
16 28 0.155
16 56 0.162
16 68 0.166
16 20 0.174
16 31 0.088
16 33 0.169
16 40 0.247
16 44 0.216
16 45 0.163
16 52 0.216
16 58 0.183
16 64 0.094
16 29 0.131
16 36 0.155
16 39 0.149
16 49 0.135
16 60 0.101
16 25 0.112
16 26 0.196
16 70 0.132
17 22 0.836
17 30 0.622
17 61 0.997
17 24 0.779
17 18 0.776
17 20 1
17 54 0.988
17 67 0.752
17 45 0.997
17 23 0.145
17 37 0.063
17 50 0.258
17 32 0.273
17 39 0.19
17 43 0.233
17 63 0.171
17 66 0.117
17 31 0.157
17 33 0.14
17 60 0.182
17 36 0.061
17 55 0.23
17 59 0.113
17 27 0.186
17 38 0.269
17 52 0.158
17 25 0.17
17 19 0.181
17 41 0.138
17 49 0.077
17 51 0.152
17 29 0.186
17 35 0.114
17 57 0.078
17 62 0.106
17 64 0.16
17 70 0.175
17 73 0.091
17 40 0.16
17 42 0.13
17 48 0.152
17 53 0.121
17 58 0.136
17 71 0.143
17 74 0.097
18 51 0.79
18 54 1
18 39 0.99
18 53 0.99
18 30 0.845
18 44 0.728
18 20 0.782
18 41 0.937
18 37 0.752
18 33 0.871
18 29 0.936
18 73 0.509
18 58 0.202
18 69 0.226
18 71 0.093
18 19 0.24
18 24 0.255
18 66 0.157
18 49 0.348
18 55 0.238
18 35 0.103
18 22 0.139
18 27 0.21
18 31 0.183
18 61 0.191
18 68 0.07
18 72 0.198
18 26 0.133
18 38 0.257
18 59 0.145
18 63 0.161
18 21 0.177
18 40 0.138
18 48 0.07
18 52 0.136
18 60 0.145
18 62 0.147
18 32 0.119
18 36 0.197
18 42 0.143
18 43 0.151
18 45 0.1
18 57 0.191
18 64 0.151
19 49 1
19 63 0.985
19 64 1
19 65 1
19 73 0.571
19 69 0.972
19 31 0.798
19 44 0.918
19 29 0.882
19 53 0.635
19 50 0.896
19 23 0.691
19 55 0.585
19 59 0.272
19 28 0.175
19 30 0.223
19 42 0.373
19 70 0.168
19 26 0.169
19 57 0.153
19 74 0.194
19 37 0.255
19 60 0.052
19 68 0.171
19 71 0.069
19 41 0.171
19 52 0.138
19 54 0.126
19 36 0.156
19 43 0.025
19 62 0.197
19 67 0.188
19 20 0.152
19 25 0.119
19 39 0.125
19 46 0.097
19 48 0.161
19 61 0.11
19 66 0.157
19 21 0.1
19 22 0.198
19 24 0.148
19 38 0.196
19 40 0.155
19 47 0.189
19 51 0.176
19 58 0.155
19 72 0.117
20 22 0.652
20 23 0.636
20 25 0.73
20 54 0.721
20 28 0.741
20 57 0.624
20 74 0.606
20 53 0.525
20 55 0.115
20 39 0.105
20 24 0.165
20 34 0.076
20 52 0.032
20 73 0.326
20 32 0.181
20 46 0.216
20 59 0.048
20 26 0.218
20 31 0.278
20 41 0.076
20 50 0.148
20 27 0.162
20 56 0.156
20 62 0.007
20 65 0.122
20 68 0.141
20 72 0.136
20 21 0.104
20 30 0.132
20 40 0.146
20 42 0.145
20 58 0.143
20 60 0.14
20 63 0.106
20 69 0.157
20 33 0.142
20 35 0.199
20 36 0.183
20 43 0.168
20 70 0.157
20 71 0.125
21 73 0.561
21 55 0.947
21 69 0.853
21 43 0.76
21 39 0.913
21 66 0.843
21 71 0.856
21 60 0.709
21 23 0.337
21 24 0.092
21 25 0.245
21 37 0.118
21 41 0.017
21 50 0.147
21 58 0.081
21 59 0.156
21 32 0.302
21 35 0.008
21 34 0.117
21 47 0.036
21 65 0.161
21 42 0.148
21 44 0.358
21 30 0.135
21 40 0.017
21 56 0.472
21 61 0.125
21 62 0.151
21 64 0.151
21 70 0.174
21 72 0.141
21 36 0.133
21 51 0.177
21 52 0.149
21 63 0.183
21 22 0.181
21 38 0.118
21 48 0.167
21 53 0.187
21 57 0.205
22 43 0.966
22 69 1
22 39 0.961
22 67 1
22 68 1
22 53 0.754
22 51 0.812
22 28 0.873
22 35 0.708
22 30 0.899
22 49 0.005
22 72 0.117
22 24 0.487
22 56 0.168
22 60 0.255
22 26 0.029
22 37 0.134
22 41 0.211
22 44 0.137
22 38 0.146
22 46 0.067
22 70 0.154
22 73 0.115
22 74 0.074
22 29 0.18
22 31 0.166
22 32 0.113
22 33 0.116
22 45 0.186
22 50 0.158
22 66 0.154
22 23 0.165
22 34 0.127
22 47 0.108
22 59 0.186
22 61 0.148
22 62 0.167
22 65 0.139
22 71 0.193
23 52 0.898
23 42 0.663
23 68 0.987
23 49 0.973
23 60 1
23 34 1
23 64 0.873
23 25 0.253
23 50 0.23
23 44 0.167
23 37 0.631
23 61 0.427
23 55 0.361
23 59 0.151
23 65 0.122
23 48 0.084
23 27 0.267
23 35 0.15
23 38 0.208
23 29 0.185
23 39 0.08
23 43 0.098
23 51 0.167
23 54 0.161
23 31 0.166
23 32 0.136
23 46 0.127
23 47 0.2
23 56 0.188
23 62 0.159
23 63 0.159
23 71 0.133
23 72 0.162
23 74 0.197
24 57 0.815
24 30 1
24 32 0.521
24 56 0.817
24 68 0.778
24 63 1.0
24 37 0.138
24 41 0.12
24 52 0.271
24 64 0.153
24 72 0.237
24 25 0.282
24 67 0.128
24 69 0.163
24 31 0.129
24 38 0.02
24 29 0.248
24 36 0.257
24 27 0.141
24 28 0.052
24 49 0.114
24 61 0.156
24 40 0.195
24 42 0.202
24 71 0.195
24 45 0.123
24 50 0.141
24 51 0.113
24 62 0.139
24 34 0.123
24 44 0.104
24 46 0.175
24 53 0.154
24 54 0.106
24 55 0.146
24 59 0.175
24 65 0.204
24 66 0.202
24 70 0.159
24 73 0.12
25 42 1
25 58 1
25 68 0.897
25 65 0.761
25 51 0.841
25 69 1
25 55 0.668
25 26 1
25 74 0.034
25 45 0.335
25 49 0.143
25 37 0.231
25 35 0.158
25 43 0.143
25 44 0.056
25 70 0.259
25 29 0.228
25 33 0.074
25 47 0.139
25 48 0.276
25 53 0.248
25 63 0.138
25 64 0.2
25 40 0.133
25 54 0.189
25 56 0.255
25 62 0.197
25 73 0.115
25 31 0.099
25 32 0.169
25 41 0.154
25 46 0.131
25 27 0.152
25 30 0.14
25 52 0.108
25 66 0.164
25 71 0.29
25 36 0.216
25 50 0.18
25 59 0.109
25 61 0.116
26 34 0.768
26 70 0.798
26 63 0.846
26 29 0.851
26 39 0.875
26 57 0.94
26 46 0.74
26 64 0.867
26 52 0.646
26 27 0.171
26 28 0.223
26 67 0.043
26 73 0.149
26 35 0.138
26 38 0.165
26 69 0.243
26 72 0.188
26 68 0.144
26 31 0.134
26 36 0.152
26 48 0.108
26 60 0.154
26 62 0.175
26 42 0.168
26 44 0.176
26 47 0.158
26 49 0.178
26 50 0.156
26 55 0.198
26 30 0.134
26 37 0.114
26 45 0.171
26 53 0.206
26 54 0.182
26 56 0.158
27 69 0.824
27 72 0.573
27 43 0.601
27 71 0.892
27 39 0.582
27 33 0.839
27 50 0.828
27 52 0.789
27 57 0.907
27 55 0.048
27 35 0.317
27 53 0.095
27 40 0.018
27 45 0.215
27 68 0.066
27 64 0.059
27 31 0.194
27 36 0.147
27 46 0.21
27 44 0.154
27 47 0.108
27 59 0.153
27 62 0.146
27 73 0.17
27 29 0.096
27 60 0.109
27 66 0.054
27 70 0.169
27 74 0.166
27 30 0.186
27 32 0.108
27 37 0.109
27 49 0.141
27 51 0.029
27 56 0.128
27 58 0.138
27 28 0.168
27 41 0.139
27 48 0.14
27 61 0.199
27 65 0.143
28 46 0.583
28 40 1
28 70 0.856
28 73 0.754
28 33 0.977
28 59 0.598
28 68 0.198
28 47 0.073
28 36 0.101
28 63 0.107
28 41 0.108
28 51 0.14
28 43 0.466
28 64 0.301
28 45 0.14
28 53 0.298
28 55 0.365
28 58 0.146
28 49 0.15
28 52 0.169
28 42 0.126
28 56 0.133
28 61 0.167
28 30 0.149
28 34 0.142
28 39 0.073
28 50 0.156
28 60 0.135
28 66 0.161
28 37 0.137
28 48 0.119
28 54 0.17
28 65 0.095
28 31 0.157
28 32 0.126
28 38 0.111
28 69 0.14
28 71 0.145
29 60 0.861
29 47 0.71
29 62 0.883
29 36 0.798
29 69 0.968
29 31 1
29 34 0.885
29 70 0.148
29 46 0.046
29 71 0.352
29 57 0.382
29 68 0.012
29 38 0.27
29 54 0.118
29 32 0.121
29 35 0.175
29 43 0.134
29 52 0.202
29 55 0.04
29 67 0.127
29 44 0.216
29 50 0.182
29 42 0.112
29 49 0.174
29 51 0.132
29 37 0.133
29 41 0.159
29 48 0.126
29 61 0.189
30 32 0.59
30 35 0.975
30 37 0.664
30 68 1
30 57 0.143
30 41 0.025
30 69 0.197
30 51 0.108
30 70 0.362
30 46 0.182
30 71 0.24
30 66 0.093
30 67 0.157
30 34 0.031
30 42 0.269
30 61 0.172
30 72 0.136
30 40 0.148
30 44 0.142
30 45 0.212
30 58 0.163
30 65 0.062
30 31 0.137
30 39 0.139
30 43 0.128
30 56 0.171
30 60 0.17
30 73 0.219
30 49 0.13
30 52 0.16
30 54 0.184
30 55 0.171
30 59 0.243
31 65 0.526
31 56 0.87
31 40 0.727
31 48 1
31 71 1
31 70 0.645
31 60 1
31 67 0.74
31 51 0.173
31 34 0.578
31 41 0.019
31 55 0.063
31 49 0.05
31 52 0.158
31 50 0.163
31 53 0.143
31 59 0.363
31 61 0.174
31 73 0.107
31 36 0.153
31 38 0.152
31 44 0.067
31 45 0.154
31 58 0.129
31 63 0.143
31 64 0.238
31 66 0.087
31 72 0.15
31 35 0.179
31 37 0.14
31 43 0.141
31 57 0.175
31 62 0.15
32 44 0.912
32 46 1
32 72 1
32 74 0.156
32 36 0.239
32 39 0.351
32 54 0.218
32 56 0.193
32 59 0.241
32 62 0.137
32 33 0.107
32 38 0.131
32 61 0.143
32 35 0.246
32 64 0.169
32 69 0.1
32 40 0.14
32 43 0.115
32 53 0.069
32 67 0.122
32 42 0.111
32 60 0.231
32 63 0.098
32 68 0.176
32 45 0.117
32 48 0.118
32 51 0.128
32 52 0.15
32 58 0.103
32 66 0.161
32 70 0.101
32 71 0.156
33 63 0.593
33 40 0.856
33 50 0.705
33 49 0.905
33 52 0.947
33 44 0.205
33 54 0.516
33 61 0.255
33 34 0.05
33 47 0.088
33 58 0.322
33 37 0.127
33 35 0.097
33 41 0.306
33 48 0.121
33 53 0.144
33 55 0.159
33 57 0.161
33 59 0.211
33 67 0.189
33 68 0.127
33 45 0.132
33 46 0.099
33 66 0.109
33 36 0.136
33 38 0.127
33 42 0.162
33 51 0.18
33 64 0.12
33 69 0.131
33 71 0.105
33 72 0.209
33 74 0.202
34 44 0.847
34 61 0.715
34 45 0.731
34 52 0.821
34 67 0.826
34 39 0.14
34 35 0.16
34 66 0.169
34 37 0.145
34 69 0.145
34 36 0.162
34 41 0.036
34 51 0.137
34 55 0.081
34 57 0.3
34 71 0.161
34 48 0.124
34 68 0.143
34 72 0.128
34 47 0.157
34 49 0.072
34 62 0.163
34 53 0.136
34 59 0.136
34 73 0.145
34 38 0.178
34 54 0.155
34 56 0.147
34 60 0.183
34 70 0.159
34 74 0.192
35 53 0.635
35 57 0.926
35 50 0.994
35 60 0.896
35 64 0.866
35 70 0.044
35 74 0.708
35 65 0.157
35 68 0.276
35 39 0.087
35 49 0.191
35 40 0.167
35 71 0.057
35 38 0.135
35 45 0.071
35 46 0.24
35 36 0.226
35 54 0.109
35 72 0.179
35 41 0.151
35 43 0.18
35 47 0.223
35 56 0.155
35 62 0.148
35 37 0.119
35 42 0.168
35 44 0.179
35 52 0.102
35 55 0.145
35 59 0.161
35 63 0.148
35 69 0.167
35 73 0.16
36 71 0.922
36 46 1
36 48 0.928
36 63 1
36 53 0.4
36 56 0.537
36 41 0.211
36 69 0.213
36 42 0.087
36 43 0.138
36 61 0.081
36 73 0.125
36 40 0.173
36 52 0.162
36 74 0.247
36 37 0.086
36 45 0.157
36 47 0.156
36 55 0.166
36 64 0.059
36 68 0.096
36 70 0.19
36 72 0.18
36 39 0.168
36 44 0.21
36 50 0.075
36 57 0.232
36 60 0.158
36 54 0.091
36 59 0.165
36 66 0.177
37 42 0.855
37 44 0.954
37 45 0.875
37 50 0.928
37 49 0.605
37 62 0.848
37 52 0.966
37 55 0.103
37 43 0.144
37 74 0.238
37 51 0.191
37 63 0.124
37 67 0.034
37 73 0.267
37 71 0.125
37 56 0.446
37 59 0.057
37 53 0.406
37 54 0.173
37 46 0.162
37 68 0.1
37 72 0.162
37 47 0.203
37 58 0.123
37 64 0.108
37 65 0.119
38 56 0.593
38 40 0.823
38 63 1
38 65 0.975
38 46 0.792
38 53 0.152
38 43 0.24
38 57 0.362
38 52 0.406
38 74 0.217
38 41 0.369
38 66 0.074
38 50 0.132
38 45 0.15
38 68 0.182
38 54 0.14
38 49 0.193
38 64 0.218
38 42 0.117
38 55 0.179
38 61 0.145
38 67 0.168
38 62 0.144
38 73 0.366
38 51 0.127
38 59 0.139
38 60 0.199
39 51 0.818
39 48 0.754
39 72 0.882
39 49 0.907
39 45 1
39 71 1
39 42 0.666
39 60 0.18
39 46 0.19
39 40 0.165
39 61 0.214
39 65 0.183
39 73 0.189
39 52 0.145
39 55 0.264
39 58 0.18
39 69 0.196
39 41 0.29
39 59 0.178
39 47 0.051
39 50 0.209
39 56 0.177
39 62 0.134
39 64 0.19
39 68 0.074
39 53 0.237
39 63 0.143
39 67 0.138
40 52 0.814
40 71 1
40 67 0.713
40 73 0.681
40 59 0.935
40 70 0.97
40 47 0.888
40 42 0.541
40 54 0.223
40 69 0.151
40 68 0.174
40 74 0.21
40 49 0.128
40 65 0.178
40 48 0.165
40 66 0.185
40 72 0.183
40 45 0.144
40 51 0.189
40 44 0.141
40 58 0.172
40 60 0.132
40 63 0.099
40 41 0.162
40 46 0.154
40 53 0.144
40 57 0.181
40 61 0.083
40 43 0.217
40 62 0.179
41 53 1
41 65 0.785
41 44 0.721
41 68 0.955
41 74 0.183
41 56 0.63
41 52 0.356
41 59 0.391
41 46 0.04
41 51 0.312
41 54 0.138
41 70 0.107
41 73 0.034
41 42 0.171
41 50 0.174
41 61 0.067
41 43 0.084
41 72 0.03
41 49 0.104
41 62 0.189
41 66 0.116
41 45 0.193
41 48 0.117
41 55 0.147
41 64 0.164
41 69 0.168
42 48 0.955
42 70 0.952
42 67 0.745
42 72 1
42 51 0.99
42 69 1
42 59 0.708
42 66 0.153
42 53 0.164
42 61 0.37
42 49 0.088
42 45 0.127
42 55 0.181
42 56 0.219
42 64 0.293
42 73 0.289
42 44 0.15
42 46 0.207
42 71 0.164
42 54 0.174
42 62 0.161
42 63 0.116
42 47 0.184
42 52 0.147
42 68 0.133
43 47 0.893
43 65 0.94
43 74 0.8
43 66 0.636
43 44 0.3
43 52 0.163
43 54 0.2
43 51 0.189
43 71 0.189
43 68 0.111
43 53 0.243
43 67 0.122
43 48 0.14
43 50 0.099
43 55 0.366
43 57 0.137
43 59 0.178
43 62 0.151
43 46 0.164
43 49 0.103
43 56 0.142
43 69 0.173
43 58 0.149
43 61 0.165
43 72 0.151
43 73 0.181
44 50 0.996
44 53 0.892
44 45 0.502
44 61 0.021
44 48 0.376
44 46 0.164
44 58 0.313
44 64 0.187
44 69 0.057
44 54 0.161
44 60 0.184
44 66 0.716
44 55 0.036
44 73 0.129
44 49 0.235
44 59 0.315
44 51 0.152
44 47 0.129
44 68 0.149
44 70 0.194
44 57 0.125
44 65 0.168
44 67 0.143
45 49 1
45 64 0.632
45 74 0.788
45 50 0.818
45 69 0.78
45 61 0.709
45 54 0.396
45 60 0.225
45 59 0.093
45 48 0.23
45 68 0.238
45 56 0.171
45 63 0.234
45 66 0.116
45 67 0.147
45 70 0.161
45 72 0.147
45 47 0.181
45 51 0.177
45 53 0.155
45 55 0.179
45 57 0.161
45 65 0.131
45 73 0.168
46 59 0.548
46 70 0.728
46 47 1
46 57 1
46 63 0.907
46 69 1
46 62 0.664
46 72 0.832
46 73 0.91
46 68 0.754
46 52 0.804
46 50 0.153
46 51 0.065
46 56 0.036
46 48 0.106
46 60 0.108
46 49 0.182
46 64 0.167
46 66 0.161
46 71 0.167
46 74 0.193
46 53 0.179
46 61 0.151
46 67 0.156
46 58 0.133
46 65 0.123
47 59 0.897
47 51 0.652
47 73 0.978
47 65 1
47 61 1
47 68 0.948
47 48 0.907
47 69 0.785
47 50 0.165
47 66 0.658
47 67 0.153
47 49 0.217
47 63 0.043
47 55 0.177
47 53 0.196
47 58 0.262
47 62 0.133
47 57 0.139
47 72 0.155
47 74 0.146
47 52 0.18
47 56 0.193
48 50 0.796
48 68 0.852
48 58 0.714
48 60 0.703
48 73 1
48 56 0.751
48 63 0.205
48 72 0.129
48 61 0.256
48 62 0.158
48 65 0.055
48 74 0.413
48 71 0.21
48 51 0.16
48 53 0.152
48 57 0.139
48 49 0.197
48 54 0.154
48 55 0.169
48 59 0.124
48 64 0.152
48 67 0.162
48 69 0.101
48 70 0.108
48 52 0.137
48 66 0.211
49 55 1
49 51 0.113
49 65 0.221
49 74 0.142
49 53 0.131
49 56 0.224
49 62 0.031
49 64 0.116
49 73 0.052
49 63 0.158
49 69 0.329
49 60 0.157
49 66 0.13
49 67 0.157
49 52 0.113
49 70 0.106
50 60 0.863
50 56 0.856
50 67 1
50 72 0.781
50 57 0.315
50 59 0.155
50 63 0.19
50 64 0.13
50 55 0.094
50 71 0.145
50 51 0.182
50 61 0.187
50 62 0.18
50 70 0.09
50 73 0.121
50 52 0.098
50 53 0.145
50 54 0.198
50 65 0.148
50 66 0.21
50 68 0.156
50 69 0.124
50 74 0.13
51 53 1
51 72 1
51 52 0.92
51 66 0.775
51 57 0.528
51 70 0.328
51 55 0.132
51 60 0.126
51 73 0.165
51 74 0.108
51 63 0.178
51 54 0.128
51 67 0.224
51 71 0.17
51 59 0.136
51 61 0.122
51 64 0.189
51 65 0.101
52 74 0.586
52 69 1
52 58 0.673
52 57 0.159
52 65 0.129
52 61 0.171
52 62 0.101
52 67 0.086
52 55 0.153
52 59 0.349
52 60 0.242
52 71 0.167
52 54 0.172
52 68 0.144
52 70 0.169
53 73 0.953
53 62 0.64
53 74 0.566
53 67 0.799
53 54 0.982
53 55 0.682
53 71 0.882
53 63 0.642
53 72 0.135
53 56 0.191
53 60 0.18
53 61 0.321
53 64 0.175
53 66 0.161
53 69 0.141
53 68 0.174
54 62 1
54 73 0.781
54 59 0.962
54 60 0.283
54 74 0.119
54 68 0.159
54 61 0.095
54 63 0.313
54 69 0.147
54 55 0.045
54 70 0.172
54 64 0.171
54 72 0.197
54 65 0.169
54 71 0.149
54 56 0.181
54 57 0.11
54 58 0.148
55 70 0.612
55 58 0.956
55 64 0.887
55 71 0.791
55 67 0.633
55 65 0.265
55 61 0.106
55 62 0.085
55 72 0.083
55 73 0.12
55 63 0.144
55 66 0.186
55 68 0.101
55 59 0.37
55 74 0.225
56 65 1
56 57 0.537
56 70 0.755
56 72 0.849
56 63 0.18
56 71 0.137
56 74 0.172
56 59 0.077
56 61 0.118
56 67 0.168
56 60 0.123
56 68 0.12
56 73 0.226
56 58 0.172
56 64 0.181
56 69 0.175
57 72 0.291
57 71 0.19
57 69 0.026
57 58 0.196
57 74 0.145
57 68 0.195
57 70 0.142
57 59 0.146
57 60 0.162
57 62 0.182
57 64 0.102
57 66 0.125
57 61 0.112
57 63 0.098
58 68 0.923
58 70 0.976
58 71 0.18
58 62 0.975
58 60 0.483
58 59 0.03
58 61 0.003
58 69 0.12
58 73 0.29
58 74 0.144
58 66 0.33
58 64 0.279
58 72 0.172
59 72 0.046
59 61 0.207
59 68 0.232
59 60 0.128
59 66 0.172
59 69 0.176
59 62 0.142
59 67 0.09
59 64 0.147
59 65 0.158
59 70 0.14
59 73 0.171
60 62 0.243
60 70 0.235
60 63 0.197
60 72 0.226
60 74 0.169
60 71 0.175
60 67 0.168
60 73 0.245
60 61 0.179
60 64 0.1
60 65 0.186
61 62 0.102
61 72 0.133
61 67 0.397
61 71 0.168
61 65 0.356
61 68 0.178
61 70 0.157
61 66 0.154
61 73 0.255
61 63 0.166
61 64 0.123
62 74 0.599
62 73 0.3
62 67 0.079
62 66 0.138
62 71 0.134
62 63 0.161
62 65 0.168
62 70 0.174
62 72 0.131
63 73 0.844
63 67 0.522
63 65 0.524
63 64 1
63 66 0.206
63 70 0.174
63 72 0.249
63 68 0.113
63 71 0.069
63 69 0.167
64 74 0.127
64 66 0.124
64 65 0.151
64 72 0.125
64 71 0.124
64 68 0.097
65 66 0.776
65 72 0.786
65 71 0.693
65 70 0.199
65 74 0.101
65 68 0.156
66 68 0.611
66 70 1
66 69 0.096
66 71 0.127
66 67 0.155
66 74 0.126
66 72 0.123
67 73 0.67
67 69 0.164
67 72 0.051
67 68 0.284
67 70 0.21
67 71 0.16
67 74 0.177
68 74 0.549
68 70 0.119
68 69 0.009
68 72 0.183
68 71 0.121
69 74 0.747
69 70 0.233
69 71 0.191
69 73 0.162
70 73 0.669
70 72 0.149
70 71 0.176
70 74 0.126
71 72 0.171
71 73 0.146
72 74 0.179
72 73 0.133
73 74 0.328
