0 9 0.825
0 32 0.671
0 68 0.701
0 25 0.994
0 36 0.838
0 34 0.567
0 45 0.701
0 38 0.854
0 12 0.656
0 52 0.515
0 59 0.58
0 56 0.134
0 8 0.162
0 10 0.09
0 13 0.156
0 14 0.107
0 16 0.149
0 22 0.159
0 28 0.156
0 65 0.188
0 17 0.16
0 24 0.174
0 40 0.105
0 43 0.119
0 47 0.161
0 51 0.136
0 69 0.085
0 74 0.158
0 4 0.113
0 19 0.145
0 29 0.152
0 41 0.218
0 63 0.148
0 72 0.142
0 73 0.171
1 66 0.851
1 3 0.929
1 4 0.647
1 65 0.761
1 68 0.963
1 7 0.957
1 30 0.506
1 40 0.59
1 44 0.582
1 5 0.567
1 48 0.18
1 9 0.127
1 47 0.19
1 43 0.198
1 51 0.167
1 35 0.164
1 37 0.092
1 6 0.211
1 18 0.153
1 19 0.109
1 25 0.152
1 46 0.183
1 53 0.071
1 57 0.122
1 67 0.185
2 61 0.893
2 55 0.797
2 52 0.627
2 23 0.892
2 8 0.606
2 18 0.664
2 15 0.9
2 44 0.662
2 39 0.577
2 41 1
2 63 1
2 29 0.764
2 19 0.553
2 69 0.654
2 5 0.559
2 6 0.128
2 11 0.208
2 42 0.157
2 45 0.137
2 53 0.166
2 72 0.203
2 16 0.203
2 17 0.149
2 24 0.124
2 32 0.152
2 51 0.164
2 58 0.085
2 59 0.139
2 62 0.18
2 66 0.143
2 73 0.128
3 30 1
3 35 0.842
3 53 0.547
3 74 0.858
3 68 0.569
3 71 0.192
3 46 0.152
3 56 0.108
3 8 0.163
3 11 0.134
3 39 0.16
3 54 0.128
3 70 0.157
3 5 0.172
3 6 0.173
3 16 0.11
3 21 0.145
3 24 0.133
3 36 0.149
3 38 0.216
3 43 0.193
3 44 0.116
3 45 0.137
3 51 0.106
3 55 0.213
3 64 0.147
3 72 0.17
4 32 1
4 21 0.701
4 63 0.701
4 31 0.759
4 19 0.839
4 15 1
4 58 0.634
4 42 0.721
4 43 0.106
4 27 0.137
4 61 0.169
4 65 0.138
4 47 0.172
4 18 0.156
4 30 0.149
4 53 0.196
4 5 0.1
4 25 0.092
4 36 0.194
4 67 0.221
4 11 0.134
4 14 0.203
4 20 0.163
4 26 0.151
4 34 0.15
4 45 0.15
4 46 0.093
4 48 0.138
4 55 0.155
4 60 0.127
4 66 0.132
4 69 0.162
4 73 0.135
5 45 0.969
5 55 0.624
5 19 0.879
5 29 1
5 16 0.758
5 72 0.879
5 54 0.72
5 63 0.137
5 47 0.149
5 10 0.126
5 14 0.175
5 46 0.181
5 71 0.151
5 27 0.181
5 35 0.089
5 42 0.188
5 18 0.131
5 30 0.162
5 37 0.17
5 40 0.163
5 50 0.159
5 52 0.161
5 67 0.134
6 10 0.581
6 38 0.764
6 71 0.987
6 16 0.829
6 18 0.705
6 44 0.596
6 28 0.82
6 26 0.509
6 46 0.526
6 22 0.148
6 19 0.174
6 32 0.144
6 52 0.134
6 7 0.183
6 20 0.07
6 40 0.151
6 42 0.187
6 49 0.102
6 61 0.206
6 62 0.187
6 74 0.189
6 11 0.173
6 14 0.149
6 15 0.142
6 33 0.126
6 53 0.216
6 54 0.141
6 65 0.148
6 66 0.104
7 26 0.747
7 64 0.896
7 50 1
7 49 1
7 71 0.742
7 14 0.745
7 53 0.84
7 65 0.501
7 55 0.61
7 57 0.66
7 40 1
7 23 0.845
7 41 0.574
7 19 0.522
7 38 0.134
7 48 0.174
7 63 0.146
7 22 0.119
7 59 0.192
7 11 0.161
7 24 0.154
7 25 0.125
7 28 0.187
7 30 0.213
7 31 0.154
7 45 0.171
7 51 0.128
7 58 0.131
7 66 0.134
7 70 0.151
8 71 0.825
8 13 0.813
8 41 0.985
8 11 1
8 43 0.957
8 9 0.898
8 15 0.571
8 49 0.889
8 58 0.916
8 70 0.68
8 27 0.926
8 23 0.57
8 25 0.14
8 56 0.141
8 40 0.172
8 60 0.156
8 67 0.127
8 16 0.136
8 19 0.15
8 28 0.147
8 32 0.185
8 50 0.144
8 51 0.144
8 73 0.136
8 31 0.152
8 39 0.205
8 63 0.183
8 65 0.165
9 11 0.888
9 57 0.968
9 69 0.769
9 15 0.728
9 44 0.579
9 10 1
9 61 0.754
9 59 0.709
9 24 0.802
9 27 0.777
9 73 0.192
9 14 0.221
9 65 0.144
9 23 0.106
9 20 0.138
9 22 0.116
9 46 0.16
9 63 0.116
9 68 0.144
9 12 0.155
9 30 0.202
9 35 0.137
9 36 0.122
9 58 0.139
9 62 0.142
9 72 0.139
10 56 0.852
10 50 0.92
10 72 1
10 25 1
10 41 0.834
10 64 0.511
10 65 0.836
10 53 0.62
10 70 0.948
10 55 0.741
10 39 0.572
10 42 0.176
10 37 0.176
10 62 0.153
10 21 0.155
10 49 0.133
10 20 0.197
10 31 0.128
10 48 0.168
10 57 0.204
10 58 0.186
10 66 0.143
10 71 0.173
11 13 0.553
11 42 0.768
11 44 0.886
11 17 0.944
11 31 0.906
11 37 0.75
11 22 0.616
11 24 0.549
11 51 0.719
11 54 0.132
11 70 0.12
11 15 0.18
11 45 0.193
11 57 0.112
11 23 0.157
11 41 0.168
11 43 0.151
11 53 0.184
11 56 0.196
11 30 0.118
11 46 0.149
11 55 0.179
11 58 0.161
11 59 0.132
11 62 0.121
11 65 0.152
11 16 0.174
11 20 0.205
11 26 0.16
11 47 0.167
11 49 0.123
11 64 0.153
11 68 0.157
11 74 0.151
12 72 0.931
12 17 0.725
12 29 0.789
12 61 0.917
12 56 0.808
12 64 0.783
12 14 0.573
12 40 0.545
12 31 0.591
12 13 0.514
12 32 0.164
12 35 0.158
12 41 0.128
12 48 0.11
12 50 0.138
12 33 0.062
12 49 0.164
12 57 0.125
12 68 0.112
12 69 0.119
12 16 0.076
12 21 0.114
12 27 0.114
12 36 0.163
12 44 0.101
12 52 0.129
12 53 0.14
12 55 0.192
12 59 0.107
12 66 0.129
13 25 0.748
13 43 0.559
13 71 0.699
13 17 0.906
13 66 0.701
13 27 0.558
13 42 0.551
13 73 0.506
13 28 0.717
13 64 0.129
13 40 0.153
13 50 0.187
13 21 0.109
13 37 0.123
13 62 0.135
13 44 0.142
13 31 0.128
13 34 0.136
13 45 0.156
13 49 0.136
13 57 0.132
14 16 0.6
14 66 0.808
14 53 0.872
14 42 0.942
14 15 0.855
14 22 0.826
14 45 0.507
14 20 0.182
14 58 0.137
14 74 0.162
14 18 0.178
14 36 0.146
14 38 0.137
14 46 0.147
14 61 0.162
14 62 0.148
14 65 0.101
14 68 0.109
15 45 1
15 30 1
15 66 0.87
15 71 0.817
15 70 0.661
15 62 0.613
15 55 0.128
15 28 0.183
15 19 0.111
15 52 0.146
15 31 0.103
15 57 0.167
15 25 0.106
15 41 0.21
15 56 0.151
15 65 0.173
15 18 0.18
15 24 0.137
15 29 0.176
15 47 0.215
15 48 0.159
15 54 0.155
16 49 0.837
16 63 0.926
16 51 0.977
16 43 0.547
16 67 0.953
16 69 0.843
16 24 0.165
16 36 0.074
16 59 0.197
16 25 0.184
16 30 0.178
16 32 0.141
16 40 0.134
16 48 0.193
16 54 0.124
16 71 0.159
16 74 0.21
16 19 0.14
16 27 0.155
16 47 0.184
17 26 0.768
17 66 0.803
17 56 1
17 36 0.716
17 27 0.558
17 52 0.517
17 65 0.58
17 42 0.107
17 51 0.172
17 22 0.141
17 25 0.126
17 43 0.135
17 53 0.188
17 21 0.128
17 44 0.166
17 50 0.159
17 55 0.156
17 61 0.178
17 32 0.152
17 47 0.114
17 23 0.108
17 37 0.188
17 58 0.133
17 67 0.114
17 72 0.126
18 60 1
18 62 0.765
18 68 0.721
18 61 0.597
18 58 0.749
18 59 0.809
18 23 0.881
18 54 0.701
18 35 0.601
18 66 0.563
18 43 0.195
18 65 0.171
18 32 0.173
18 24 0.131
18 42 0.167
18 45 0.158
18 28 0.157
18 37 0.171
18 40 0.148
18 48 0.158
18 53 0.138
18 69 0.121
18 70 0.115
18 71 0.117
19 71 0.817
19 22 0.938
19 38 0.786
19 43 0.754
19 66 0.856
19 26 0.881
19 47 0.888
19 23 0.888
19 30 0.703
19 32 0.96
19 34 0.616
19 28 0.617
19 41 0.168
19 51 0.16
19 29 0.157
19 20 0.172
19 35 0.122
19 39 0.183
19 45 0.164
19 46 0.129
19 49 0.151
19 56 0.189
19 61 0.174
19 64 0.202
20 61 0.774
20 47 0.876
20 21 0.528
20 57 0.654
20 36 0.795
20 71 0.918
20 74 0.71
20 51 0.75
20 55 0.507
20 29 0.577
20 63 0.886
20 70 0.709
20 68 0.748
20 48 0.833
20 40 0.638
20 30 0.682
20 34 0.586
20 43 0.144
20 38 0.138
20 59 0.136
20 33 0.09
20 41 0.166
20 53 0.16
20 22 0.165
20 23 0.113
20 24 0.143
20 28 0.138
20 32 0.116
20 35 0.141
20 42 0.129
20 49 0.168
20 52 0.15
21 65 1
21 32 1
21 37 0.846
21 39 1
21 74 0.983
21 31 0.909
21 28 0.691
21 40 1
21 73 0.823
21 57 0.663
21 47 0.543
21 51 0.141
21 62 0.129
21 30 0.127
21 61 0.128
21 23 0.159
21 35 0.144
21 49 0.168
21 53 0.106
21 63 0.189
21 72 0.1
22 67 0.739
22 39 0.808
22 27 0.545
22 63 0.77
22 35 0.9
22 28 0.68
22 34 0.68
22 59 0.677
22 36 0.541
22 57 0.519
22 42 0.133
22 69 0.125
22 32 0.157
22 48 0.162
22 56 0.155
22 58 0.118
22 64 0.109
22 65 0.153
22 68 0.147
22 70 0.139
23 28 1
23 53 1
23 59 0.63
23 55 0.849
23 48 0.619
23 52 0.72
23 33 0.82
23 42 0.652
23 73 0.114
23 32 0.121
23 41 0.181
23 60 0.177
23 71 0.176
23 31 0.195
23 39 0.168
23 57 0.102
23 66 0.171
23 67 0.135
23 69 0.186
24 61 0.78
24 50 0.99
24 47 0.779
24 65 0.583
24 27 0.738
24 53 0.602
24 62 0.906
24 55 0.57
24 64 0.634
24 31 1
24 29 0.105
24 34 0.181
24 42 0.118
24 72 0.13
24 26 0.153
24 36 0.124
24 44 0.199
24 58 0.142
24 68 0.106
24 73 0.146
25 49 0.808
25 37 0.764
25 50 0.612
25 38 0.865
25 41 0.617
25 57 0.88
25 72 0.769
25 45 0.563
25 27 0.588
25 51 0.204
25 65 0.075
25 26 0.123
25 32 0.137
25 39 0.157
25 43 0.118
25 47 0.198
25 52 0.111
25 63 0.133
25 70 0.175
25 48 0.166
25 64 0.238
25 69 0.14
26 71 0.754
26 60 0.561
26 43 0.871
26 35 0.702
26 64 0.606
26 62 0.142
26 28 0.143
26 39 0.141
26 49 0.161
26 74 0.083
26 33 0.141
26 36 0.114
26 53 0.14
26 27 0.145
26 31 0.136
26 37 0.167
26 59 0.127
26 67 0.09
26 73 0.142
27 52 0.535
27 35 0.61
27 55 0.845
27 46 0.956
27 65 0.741
27 58 0.595
27 42 1
27 69 0.766
27 68 0.156
27 28 0.128
27 56 0.162
27 73 0.128
27 31 0.176
27 64 0.175
28 63 0.834
28 58 0.854
28 31 0.581
28 73 0.682
28 46 0.173
28 34 0.167
28 56 0.192
28 30 0.097
28 52 0.157
28 53 0.139
28 65 0.153
28 39 0.102
28 40 0.121
28 42 0.133
28 49 0.187
28 74 0.196
29 59 1
29 52 0.756
29 53 0.676
29 60 0.661
29 33 0.976
29 36 0.173
29 37 0.142
29 39 0.161
29 41 0.145
29 57 0.191
29 63 0.138
29 65 0.153
29 67 0.133
29 71 0.139
30 59 0.677
30 64 1
30 65 0.866
30 61 0.856
30 67 0.563
30 53 0.884
30 74 0.514
30 69 0.627
30 48 0.658
30 34 0.163
30 36 0.189
30 46 0.19
30 54 0.166
30 58 0.175
30 71 0.202
30 32 0.162
30 33 0.176
30 39 0.195
30 40 0.094
30 42 0.178
30 43 0.113
30 49 0.163
30 55 0.186
30 57 0.16
30 70 0.168
30 73 0.142
31 57 0.835
31 58 0.838
31 51 0.693
31 38 0.735
31 45 0.564
31 48 0.143
31 49 0.187
31 56 0.141
31 34 0.145
31 47 0.118
31 50 0.161
31 35 0.13
31 52 0.124
31 59 0.135
32 36 0.899
32 49 0.791
32 64 0.584
32 37 0.566
32 43 0.203
32 56 0.125
32 60 0.149
32 41 0.117
32 42 0.133
32 55 0.112
32 59 0.182
32 74 0.131
33 41 0.627
33 44 0.711
33 60 0.871
33 40 0.579
33 54 0.66
33 62 0.694
33 71 0.149
33 51 0.152
33 49 0.127
33 74 0.147
33 42 0.145
33 56 0.184
33 64 0.158
33 69 0.171
34 72 0.856
34 60 0.649
34 65 1
34 74 0.938
34 48 0.954
34 56 0.85
34 68 0.616
34 45 0.195
34 61 0.174
34 40 0.144
34 38 0.132
34 43 0.117
34 49 0.151
34 51 0.227
34 52 0.108
35 61 1
35 52 0.691
35 74 0.875
35 45 0.52
35 37 0.938
35 44 0.187
35 62 0.083
35 47 0.153
35 55 0.122
35 46 0.141
35 57 0.126
35 36 0.163
35 38 0.18
36 44 0.917
36 45 1
36 52 0.832
36 70 0.992
36 71 0.845
36 59 0.506
36 47 0.618
36 69 0.92
36 65 0.776
36 68 0.519
36 54 0.162
36 55 0.186
36 60 0.191
36 39 0.179
36 41 0.18
36 48 0.189
36 64 0.121
36 72 0.203
37 70 0.903
37 52 0.864
37 66 0.706
37 38 0.566
37 74 0.795
37 45 0.837
37 54 0.808
37 60 0.105
37 68 0.089
37 41 0.161
37 42 0.207
37 58 0.112
37 73 0.16
37 69 0.161
37 43 0.151
37 53 0.152
37 61 0.132
38 66 0.985
38 57 1
38 42 1
38 71 0.546
38 70 0.865
38 39 0.546
38 44 0.587
38 54 0.141
38 64 0.115
38 41 0.166
38 65 0.156
38 67 0.158
38 72 0.214
39 65 0.591
39 44 0.603
39 43 0.094
39 48 0.084
39 52 0.136
39 62 0.159
39 42 0.153
39 60 0.122
39 71 0.187
39 73 0.126
39 74 0.079
39 54 0.133
39 55 0.121
39 56 0.159
39 67 0.145
40 42 0.787
40 54 0.664
40 69 0.534
40 44 0.157
40 63 0.193
40 46 0.163
40 47 0.097
40 53 0.194
40 59 0.136
41 42 0.779
41 53 0.545
41 48 0.727
41 67 0.177
41 73 0.17
41 64 0.134
41 43 0.168
41 56 0.147
41 63 0.137
41 65 0.139
42 44 1
42 63 1
42 47 0.132
42 43 0.093
42 55 0.161
42 45 0.186
42 51 0.21
42 50 0.146
42 57 0.128
42 60 0.145
43 65 0.896
43 45 0.955
43 72 0.652
43 44 0.188
43 46 0.15
43 50 0.147
43 52 0.176
43 58 0.12
43 68 0.119
43 62 0.184
43 64 0.157
43 66 0.139
44 48 0.84
44 60 0.159
44 62 0.133
44 55 0.212
44 56 0.186
44 47 0.205
44 64 0.159
44 69 0.115
45 48 0.564
45 47 0.533
45 59 1
45 53 0.693
45 66 0.666
45 73 0.166
45 46 0.193
45 55 0.198
45 49 0.156
45 54 0.194
45 62 0.119
45 63 0.13
46 70 0.831
46 53 0.556
46 57 0.181
46 60 0.197
46 50 0.203
46 52 0.148
46 58 0.157
46 63 0.161
47 50 0.792
47 61 0.545
47 66 0.677
47 49 0.7
47 59 0.93
47 51 0.53
47 65 0.813
47 73 0.583
47 64 0.533
47 48 0.139
47 72 0.134
47 52 0.183
47 53 0.13
47 62 0.157
47 70 0.146
48 74 0.722
48 57 0.823
48 58 0.525
48 64 0.123
48 65 0.173
48 72 0.118
48 49 0.095
48 53 0.122
48 60 0.169
49 66 0.885
49 52 0.758
49 63 0.119
49 67 0.105
49 53 0.15
49 65 0.154
49 59 0.16
49 69 0.175
49 70 0.218
50 53 0.663
50 52 0.936
50 51 0.179
50 57 0.115
50 61 0.215
50 66 0.17
50 70 0.17
50 72 0.134
50 73 0.148
51 74 0.924
51 62 0.772
51 52 0.18
51 66 0.114
51 70 0.121
51 55 0.184
51 58 0.194
51 72 0.13
51 73 0.112
51 59 0.143
52 67 0.757
52 53 0.877
52 72 1.0
52 54 0.682
52 57 0.64
52 64 0.565
52 56 0.141
52 66 0.187
53 57 0.905
53 66 0.66
53 68 0.663
53 62 0.966
53 56 0.515
53 73 0.129
53 64 0.148
53 54 0.122
53 63 0.13
53 70 0.143
54 73 0.981
54 70 0.519
54 60 0.154
54 65 0.163
54 66 0.157
55 56 0.938
55 71 0.695
55 69 0.116
55 72 0.114
55 59 0.116
55 64 0.135
56 64 0.855
56 71 0.976
56 74 0.094
56 69 0.152
56 57 0.15
56 72 0.145
56 67 0.135
57 65 0.528
57 64 0.161
57 63 0.129
57 70 0.115
58 64 0.727
58 74 0.963
58 65 0.691
58 69 0.171
58 67 0.174
58 59 0.153
58 60 0.18
58 66 0.159
58 70 0.141
58 72 0.172
59 60 0.974
59 74 0.071
59 63 0.138
59 73 0.084
60 61 1
60 63 0.648
60 64 0.984
60 62 0.553
60 69 0.205
60 70 0.155
61 70 0.944
61 63 0.184
61 66 0.16
61 69 0.144
62 66 1
62 70 0.589
62 69 0.503
62 65 0.167
62 74 0.17
62 72 0.128
63 67 0.674
63 74 0.575
63 64 0.122
63 68 0.175
64 72 0.809
64 70 1
64 73 0.546
64 65 0.118
64 69 0.115
65 69 0.789
65 71 0.562
65 70 0.15
65 66 0.175
65 73 0.161
66 69 0.796
67 68 0.505
67 70 0.138
67 73 0.172
68 72 1
68 70 1
68 69 0.594
68 74 0.162
69 72 0.815
69 71 0.143
69 74 0.138
70 74 0.76
70 71 0.808
70 73 0.657
72 74 0.129
