0 32 0.843
0 25 0.944
0 36 0.457
0 38 0.898
0 54 0.512
0 18 0.048
0 21 0.131
0 35 0.27
0 41 0.21
0 62 0.167
0 71 0.233
0 1 0.134
0 6 0.174
0 8 0.166
0 9 0.2
0 11 0.137
0 13 0.097
0 29 0.155
0 30 0.159
0 33 0.161
0 34 0.169
0 37 0.184
0 43 0.132
0 44 0.14
0 46 0.152
0 48 0.16
0 49 0.181
0 52 0.185
0 53 0.137
0 56 0.108
0 57 0.165
0 60 0.161
0 61 0.133
0 65 0.134
0 67 0.122
0 69 0.197
0 70 0.165
0 74 0.157
1 30 1
1 40 0.931
1 58 0.847
1 14 0.599
1 4 0.254
1 56 0.251
1 48 0.255
1 61 0.235
1 34 0.188
1 38 0.13
1 46 0.315
1 69 0.322
1 3 0.145
1 7 0.135
1 12 0.171
1 13 0.156
1 15 0.122
1 16 0.193
1 20 0.136
1 23 0.195
1 25 0.097
1 27 0.141
1 28 0.158
1 31 0.201
1 35 0.141
1 37 0.137
1 39 0.157
1 41 0.182
1 44 0.166
1 45 0.169
1 51 0.092
1 53 0.191
1 54 0.208
1 55 0.173
1 57 0.123
1 60 0.133
1 68 0.134
1 70 0.147
1 71 0.195
1 72 0.136
1 73 0.17
2 61 0.97
2 23 0.934
2 44 0.725
2 41 0.561
2 63 0.508
2 29 0.994
2 6 0.325
2 5 0.222
2 17 0.098
2 28 0.358
2 33 0.118
2 4 0.136
2 9 0.247
2 22 0.093
2 49 0.188
2 56 0.142
2 62 0.103
2 8 0.142
2 10 0.187
2 13 0.174
2 15 0.15
2 16 0.207
2 20 0.133
2 26 0.145
2 27 0.112
2 32 0.155
2 36 0.124
2 37 0.167
2 43 0.107
2 45 0.138
2 47 0.166
2 50 0.151
2 51 0.193
2 53 0.187
2 57 0.13
2 68 0.178
2 70 0.123
2 71 0.207
2 74 0.115
3 30 0.631
3 68 0.716
3 23 0.159
3 49 0.101
3 17 0.079
3 58 0.057
3 8 0.144
3 12 0.113
3 13 0.014
3 18 0.131
3 25 0.217
3 31 0.18
3 47 0.171
3 54 0.199
3 57 0.249
3 64 0.072
3 69 0.15
3 72 0.374
3 5 0.159
3 11 0.146
3 15 0.125
3 22 0.079
3 26 0.16
3 29 0.157
3 35 0.11
3 36 0.117
3 42 0.2
3 48 0.121
3 52 0.167
3 55 0.151
3 60 0.121
3 61 0.146
3 66 0.155
3 73 0.134
4 32 0.809
4 21 0.87
4 15 0.815
4 42 1
4 24 0.105
4 50 0.164
4 51 0.247
4 10 0.227
4 18 0.105
4 54 0.144
4 56 0.051
4 69 0.349
4 7 0.113
4 8 0.153
4 14 0.17
4 16 0.148
4 17 0.131
4 25 0.186
4 29 0.177
4 30 0.162
4 34 0.17
4 39 0.13
4 40 0.107
4 43 0.058
4 45 0.172
4 46 0.04
4 48 0.188
4 53 0.163
4 55 0.141
4 57 0.085
4 61 0.133
4 65 0.166
5 45 0.925
5 55 0.855
5 29 0.767
5 16 1
5 72 0.87
5 66 1
5 39 0.947
5 63 0.765
5 18 1
5 33 0.316
5 20 0.165
5 25 0.026
5 31 0.065
5 34 0.068
5 44 0.108
5 49 0.136
5 52 0.328
5 54 0.2
5 6 0.184
5 7 0.168
5 9 0.238
5 11 0.148
5 12 0.113
5 21 0.136
5 23 0.039
5 27 0.207
5 40 0.169
5 42 0.157
5 51 0.158
5 67 0.18
5 73 0.089
6 26 0.952
6 36 0.345
6 15 0.214
6 21 0.194
6 72 0.133
6 14 0.186
6 31 0.109
6 32 0.032
6 39 0.174
6 43 0.079
6 73 0.041
6 16 0.144
6 19 0.184
6 20 0.126
6 24 0.175
6 35 0.126
6 38 0.145
6 42 0.136
6 46 0.164
6 47 0.157
6 48 0.136
6 51 0.132
6 58 0.166
6 59 0.193
6 60 0.182
6 61 0.153
6 63 0.169
6 67 0.148
6 74 0.149
7 26 1
7 64 1
7 50 0.935
7 49 0.59
7 55 0.603
7 23 1
7 65 0.037
7 8 0.207
7 9 0.101
7 10 0.114
7 18 0.072
7 53 0.294
7 62 0.316
7 14 0.126
7 16 0.148
7 17 0.127
7 20 0.154
7 30 0.145
7 33 0.112
7 39 0.172
7 40 0.186
7 41 0.121
7 42 0.15
7 47 0.155
7 48 0.104
7 61 0.172
7 66 0.108
7 67 0.105
7 68 0.167
7 70 0.17
7 73 0.228
8 43 0.61
8 49 0.791
8 70 0.742
8 27 0.897
8 63 0.854
8 64 0.769
8 48 0.259
8 10 0.345
8 22 0.119
8 66 0.058
8 69 0.295
8 9 0.213
8 12 0.125
8 16 0.103
8 20 0.158
8 21 0.137
8 24 0.138
8 26 0.148
8 29 0.115
8 31 0.149
8 36 0.119
8 37 0.094
8 42 0.121
8 46 0.156
8 51 0.128
8 54 0.189
8 55 0.15
8 56 0.173
8 60 0.141
8 67 0.148
9 57 0.825
9 10 0.76
9 58 0.189
9 17 0.166
9 20 0.22
9 23 0.183
9 44 0.207
9 51 0.234
9 64 0.22
9 11 0.197
9 12 0.149
9 16 0.138
9 24 0.112
9 25 0.111
9 27 0.151
9 28 0.152
9 34 0.154
9 35 0.204
9 37 0.134
9 38 0.114
9 39 0.189
9 40 0.154
9 42 0.178
9 43 0.153
9 45 0.165
9 48 0.109
9 52 0.139
9 56 0.135
9 59 0.159
9 61 0.198
9 65 0.155
9 67 0.109
9 68 0.167
9 69 0.205
9 70 0.168
9 72 0.194
9 74 0.123
10 56 0.866
10 72 0.731
10 40 0.496
10 73 0.443
10 59 0.394
10 35 0.288
10 43 0.071
10 13 0.153
10 15 0.166
10 23 0.093
10 26 0.106
10 39 0.141
10 42 0.171
10 49 0.107
10 50 0.057
10 51 0.111
10 60 0.134
10 61 0.113
10 65 0.158
11 44 0.888
11 31 0.555
11 64 1
11 28 0.935
11 38 0.754
11 65 0.655
11 14 0.515
11 35 0.204
11 54 0.211
11 12 0.155
11 15 0.132
11 42 0.123
11 47 0.172
11 49 0.265
11 69 0.228
11 13 0.145
11 17 0.162
11 19 0.138
11 21 0.155
11 23 0.135
11 24 0.199
11 27 0.127
11 29 0.197
11 33 0.182
11 36 0.098
11 37 0.123
11 39 0.113
11 43 0.127
11 45 0.158
11 48 0.121
11 50 0.127
11 51 0.142
11 52 0.177
11 55 0.133
11 58 0.107
11 61 0.113
11 62 0.14
11 67 0.117
11 68 0.16
11 71 0.177
12 56 0.536
12 15 0.54
12 39 0.496
12 58 0.091
12 14 0.202
12 18 0.144
12 28 0.127
12 29 0.206
12 30 0.076
12 38 0.187
12 49 0.245
12 73 0.157
12 74 0.049
12 13 0.157
12 17 0.133
12 19 0.151
12 20 0.137
12 21 0.144
12 22 0.144
12 24 0.139
12 34 0.13
12 41 0.158
12 44 0.078
12 47 0.134
12 48 0.137
12 52 0.199
12 54 0.143
12 61 0.158
12 62 0.075
12 66 0.119
12 67 0.183
12 70 0.113
12 71 0.201
13 17 0.811
13 28 1
13 34 0.137
13 66 0.105
13 15 0.133
13 21 0.139
13 32 0.201
13 36 0.201
13 46 0.215
13 48 0.201
13 62 0.06
13 64 0.127
13 70 0.283
13 14 0.157
13 16 0.173
13 25 0.157
13 26 0.213
13 29 0.15
13 30 0.17
13 33 0.182
13 35 0.129
13 38 0.136
13 40 0.096
13 44 0.146
13 45 0.142
13 49 0.191
13 52 0.146
13 55 0.124
13 57 0.107
13 59 0.125
13 60 0.122
13 63 0.141
13 65 0.129
13 71 0.122
13 72 0.143
14 42 0.96
14 15 0.754
14 34 0.854
14 32 0.155
14 18 0.137
14 31 0.143
14 30 0.081
14 33 0.183
14 36 0.065
14 51 0.063
14 56 0.2
14 70 0.199
14 17 0.203
14 19 0.154
14 21 0.2
14 24 0.16
14 26 0.174
14 27 0.144
14 39 0.164
14 40 0.112
14 41 0.146
14 44 0.201
14 45 0.147
14 47 0.151
14 48 0.176
14 49 0.154
14 52 0.113
14 53 0.144
14 55 0.194
14 58 0.169
14 59 0.156
14 60 0.133
14 64 0.146
14 67 0.125
15 30 0.66
15 45 0.135
15 72 0.252
15 37 0.324
15 52 0.138
15 67 0.144
15 73 0.051
15 16 0.144
15 20 0.08
15 21 0.17
15 24 0.129
15 33 0.17
15 34 0.136
15 35 0.119
15 38 0.148
15 51 0.129
15 53 0.132
15 55 0.131
15 59 0.084
15 64 0.172
15 68 0.131
15 69 0.205
16 67 1
16 69 0.848
16 72 1
16 20 0.207
16 18 0.329
16 22 0.118
16 41 0.144
16 43 0.083
16 47 0.336
16 49 0.118
16 17 0.129
16 21 0.2
16 24 0.146
16 28 0.149
16 29 0.073
16 31 0.149
16 35 0.125
16 37 0.127
16 42 0.136
16 46 0.182
16 50 0.136
16 53 0.168
16 54 0.217
16 56 0.158
16 58 0.163
16 60 0.176
16 66 0.139
16 68 0.214
16 73 0.151
17 66 0.906
17 65 0.532
17 64 0.509
17 46 0.148
17 49 0.356
17 54 0.113
17 47 0.233
17 53 0.232
17 57 0.17
17 69 0.155
17 18 0.134
17 19 0.163
17 25 0.162
17 27 0.152
17 28 0.191
17 29 0.102
17 30 0.137
17 32 0.15
17 33 0.125
17 34 0.131
17 35 0.147
17 39 0.19
17 40 0.14
17 48 0.183
17 50 0.115
17 52 0.138
17 60 0.2
17 63 0.125
17 67 0.165
17 71 0.104
17 74 0.168
18 62 0.582
18 58 0.661
18 59 0.773
18 69 0.913
18 21 0.834
18 20 0.501
18 45 0.255
18 27 0.119
18 31 0.221
18 35 0.093
18 40 0.151
18 46 0.244
18 61 0.214
18 19 0.176
18 25 0.154
18 29 0.106
18 30 0.213
18 34 0.149
18 36 0.202
18 38 0.191
18 42 0.156
18 50 0.141
18 51 0.172
18 52 0.149
18 54 0.145
18 55 0.137
18 56 0.138
18 57 0.189
18 65 0.163
18 68 0.221
18 71 0.19
18 73 0.142
19 43 0.907
19 66 0.678
19 23 1
19 64 0.551
19 28 0.203
19 34 0.115
19 44 0.124
19 59 0.058
19 61 0.069
19 65 0.133
19 71 0.17
19 22 0.16
19 24 0.165
19 27 0.118
19 29 0.195
19 31 0.143
19 32 0.136
19 35 0.156
19 37 0.172
19 38 0.057
19 45 0.201
19 46 0.163
19 48 0.208
19 49 0.137
19 51 0.189
19 57 0.179
19 58 0.123
19 60 0.154
19 62 0.155
19 67 0.175
19 70 0.113
19 72 0.116
20 74 0.93
20 29 0.95
20 63 0.563
20 70 1
20 48 0.63
20 40 0.771
20 59 0.121
20 69 0.183
20 27 0.12
20 36 0.025
20 56 0.053
20 57 0.265
20 72 0.1
20 22 0.111
20 23 0.188
20 25 0.138
20 30 0.166
20 31 0.104
20 34 0.151
20 37 0.138
20 41 0.14
20 44 0.188
20 45 0.116
20 52 0.125
20 60 0.105
20 61 0.18
20 62 0.193
20 64 0.162
21 65 0.622
21 37 1
21 28 1
21 57 0.594
21 22 0.817
21 30 0.629
21 44 0.682
21 59 0.15
21 69 0.334
21 72 0.013
21 74 0.135
21 23 0.131
21 24 0.177
21 32 0.116
21 34 0.129
21 35 0.104
21 36 0.146
21 38 0.111
21 39 0.175
21 42 0.158
21 43 0.187
21 46 0.163
21 55 0.154
21 56 0.146
21 61 0.105
21 68 0.147
22 39 0.88
22 59 0.79
22 46 0.183
22 23 0.198
22 40 0.078
22 29 0.188
22 34 0.136
22 55 0.259
22 66 0.106
22 26 0.13
22 30 0.119
22 32 0.18
22 36 0.089
22 44 0.141
22 51 0.151
22 54 0.142
22 56 0.169
22 58 0.151
22 63 0.133
22 64 0.11
22 70 0.168
22 71 0.156
22 74 0.173
23 53 0.93
23 46 0.62
23 54 0.42
23 33 0.173
23 40 0.161
23 24 0.067
23 31 0.167
23 48 0.22
23 51 0.045
23 52 0.297
23 63 0.146
23 72 0.167
23 28 0.143
23 30 0.157
23 32 0.132
23 34 0.169
23 36 0.153
23 38 0.196
23 41 0.112
23 42 0.12
23 47 0.157
23 50 0.054
23 55 0.173
23 56 0.179
23 59 0.134
23 60 0.099
23 62 0.135
23 65 0.131
23 67 0.156
23 69 0.192
23 70 0.126
23 73 0.16
24 61 0.773
24 62 1
24 55 0.907
24 64 0.942
24 31 0.363
24 33 0.454
24 25 0.319
24 32 0.336
24 53 0.182
24 65 0.088
24 68 0.159
24 27 0.16
24 35 0.213
24 40 0.185
24 41 0.113
24 42 0.143
24 45 0.149
24 46 0.168
24 49 0.152
24 50 0.122
24 51 0.098
24 52 0.174
24 66 0.143
24 70 0.148
24 71 0.201
24 72 0.12
25 49 1
25 38 1
25 63 0.285
25 45 0.212
25 59 0.072
25 26 0.159
25 51 0.318
25 52 0.349
25 74 0.074
25 27 0.116
25 28 0.159
25 35 0.17
25 36 0.135
25 44 0.19
25 47 0.177
25 48 0.153
25 54 0.166
25 55 0.146
25 61 0.117
25 65 0.17
25 70 0.175
25 71 0.1
26 43 0.632
26 50 0.237
26 44 0.118
26 64 0.183
26 29 0.145
26 62 0.048
26 65 0.121
26 71 0.126
26 28 0.178
26 30 0.102
26 33 0.201
26 34 0.173
26 37 0.128
26 39 0.129
26 41 0.105
26 46 0.158
26 49 0.179
26 56 0.155
26 58 0.147
26 59 0.153
26 69 0.135
26 74 0.204
27 67 0.122
27 41 0.138
27 49 0.134
27 60 0.098
27 29 0.191
27 30 0.141
27 32 0.154
27 33 0.163
27 42 0.168
27 46 0.137
27 53 0.181
27 55 0.157
27 58 0.16
27 66 0.128
27 71 0.158
27 73 0.174
28 58 0.823
28 60 0.985
28 59 1
28 31 0.182
28 32 0.172
28 47 0.192
28 62 0.103
28 54 0.273
28 56 0.356
28 29 0.153
28 30 0.209
28 35 0.103
28 37 0.201
28 42 0.212
28 43 0.151
28 44 0.151
28 49 0.158
28 51 0.114
28 53 0.199
28 65 0.097
28 71 0.09
29 53 0.88
29 73 0.415
29 36 0.075
29 44 0.178
29 37 0.12
29 40 0.053
29 41 0.105
29 43 0.183
29 45 0.151
29 48 0.114
29 49 0.13
29 50 0.177
29 54 0.13
29 55 0.166
29 56 0.165
29 59 0.184
29 61 0.115
29 63 0.164
29 65 0.173
29 67 0.143
29 69 0.121
29 74 0.185
30 37 0.627
30 50 0.751
30 59 0.001
30 48 0.259
30 54 0.049
30 65 0.199
30 32 0.161
30 35 0.168
30 36 0.094
30 39 0.156
30 42 0.154
30 47 0.173
30 49 0.131
30 52 0.103
30 55 0.155
30 60 0.124
30 68 0.116
30 72 0.115
30 74 0.11
31 57 0.633
31 58 0.565
31 38 0.874
31 42 0.13
31 44 0.262
31 53 0.123
31 60 0.093
31 71 0.311
31 32 0.203
31 33 0.21
31 37 0.143
31 39 0.122
31 41 0.15
31 43 0.126
31 47 0.148
31 49 0.152
31 51 0.131
31 54 0.169
31 55 0.182
31 56 0.172
31 62 0.163
31 66 0.112
31 69 0.161
31 70 0.113
31 72 0.102
32 37 0.951
32 46 0.333
32 53 0.156
32 62 0.224
32 63 0.024
32 34 0.154
32 35 0.085
32 38 0.145
32 39 0.179
32 40 0.156
32 43 0.153
32 45 0.188
32 47 0.169
32 49 0.159
32 54 0.129
32 55 0.161
32 58 0.139
32 60 0.102
32 65 0.1
32 67 0.166
33 42 0.138
33 44 0.243
33 48 0.096
33 72 0.107
33 35 0.2
33 36 0.125
33 38 0.096
33 39 0.145
33 46 0.188
33 49 0.142
33 50 0.137
33 54 0.148
33 61 0.12
33 64 0.212
33 67 0.188
33 69 0.203
33 74 0.174
34 65 0.836
34 74 0.656
34 60 0.088
34 62 0.083
34 52 0.146
34 58 0.057
34 35 0.125
34 38 0.115
34 43 0.146
34 46 0.153
34 48 0.12
34 51 0.072
34 57 0.127
34 59 0.157
34 63 0.151
34 64 0.151
34 67 0.117
34 69 0.169
34 72 0.121
35 74 0.826
35 67 0.534
35 73 0.653
35 44 0.348
35 63 0.097
35 48 0.269
35 60 0.151
35 61 0.2
35 69 0.111
35 39 0.112
35 41 0.153
35 42 0.197
35 43 0.194
35 45 0.179
35 52 0.168
35 56 0.145
35 57 0.129
35 59 0.191
35 65 0.162
35 66 0.128
35 70 0.166
36 71 1
36 69 0.968
36 56 0.844
36 68 0.901
36 47 0.322
36 49 0.343
36 39 0.107
36 48 0.128
36 51 0.102
36 53 0.139
36 55 0.16
36 59 0.131
36 66 0.208
36 67 0.147
36 70 0.166
36 72 0.174
36 74 0.144
37 52 0.685
37 66 0.858
37 45 0.552
37 69 0.862
37 40 0.116
37 57 0.143
37 59 0.243
37 62 0.076
37 72 0.139
37 74 0.08
37 43 0.165
37 50 0.129
37 54 0.143
37 60 0.152
37 61 0.143
37 63 0.125
37 68 0.117
37 70 0.09
37 73 0.138
38 39 0.637
38 42 0.208
38 51 0.128
38 52 0.044
38 63 0.333
38 40 0.139
38 43 0.156
38 47 0.098
38 48 0.145
38 55 0.143
38 56 0.209
38 64 0.163
38 65 0.163
38 66 0.124
38 67 0.157
38 71 0.224
38 72 0.096
38 74 0.115
39 68 0.914
39 41 0.218
39 45 0.054
39 48 0.197
39 50 0.236
39 63 0.322
39 73 0.143
39 43 0.13
39 46 0.093
39 47 0.081
39 49 0.177
39 51 0.186
39 53 0.202
39 54 0.152
39 56 0.141
39 57 0.115
39 60 0.13
39 61 0.179
39 62 0.139
39 65 0.202
39 67 0.14
39 71 0.106
40 54 1
40 69 0.707
40 74 0.901
40 52 0.926
40 41 0.244
40 60 0.123
40 67 0.178
40 48 0.124
40 50 0.061
40 51 0.158
40 58 0.106
40 59 0.138
40 64 0.107
40 68 0.152
40 70 0.145
40 72 0.116
40 73 0.16
41 42 0.71
41 46 0.112
41 44 0.194
41 48 0.175
41 50 0.126
41 55 0.2
41 56 0.138
41 60 0.228
41 67 0.194
41 71 0.131
42 44 1
42 68 0.172
42 43 0.13
42 53 0.16
42 59 0.108
42 61 0.154
42 62 0.205
42 63 0.119
42 65 0.048
42 67 0.122
42 69 0.099
42 70 0.214
42 72 0.183
42 73 0.164
43 65 0.69
43 72 0.75
43 51 0.586
43 45 0.234
43 53 0.108
43 44 0.16
43 49 0.204
43 54 0.174
43 56 0.18
43 57 0.154
43 58 0.158
43 59 0.149
43 61 0.145
43 63 0.138
43 73 0.171
44 49 0.292
44 50 0.144
44 51 0.163
44 54 0.083
44 62 0.25
44 47 0.141
44 48 0.119
44 55 0.176
44 57 0.142
44 58 0.109
44 66 0.191
44 68 0.142
44 71 0.143
44 72 0.183
44 73 0.167
45 59 0.726
45 53 1
45 64 0.159
45 55 0.167
45 58 0.122
45 62 0.162
45 63 0.111
45 66 0.104
45 67 0.124
45 68 0.185
45 72 0.176
46 47 0.016
46 50 0.081
46 57 0.103
46 58 0.04
46 62 0.008
46 69 0.183
46 48 0.15
46 51 0.174
46 53 0.102
46 55 0.162
46 56 0.164
46 66 0.184
46 68 0.146
47 50 0.692
47 62 0.871
47 52 0.067
47 72 0.088
47 53 0.164
47 54 0.115
47 56 0.137
47 57 0.175
47 58 0.117
47 64 0.112
47 67 0.137
47 69 0.117
47 70 0.17
47 71 0.165
48 62 0.001
48 74 0.359
48 53 0.153
48 56 0.164
48 61 0.144
48 68 0.179
48 70 0.109
48 72 0.14
48 73 0.114
49 66 0.812
49 52 1
49 74 0.135
49 61 0.237
49 72 0.157
49 55 0.11
49 64 0.205
49 68 0.157
49 50 0.074
49 51 0.171
49 56 0.142
49 59 0.115
49 63 0.138
49 65 0.136
50 52 0.542
50 74 0.019
50 61 0.074
50 54 0.191
50 57 0.151
50 68 0.133
50 69 0.139
50 70 0.194
50 73 0.132
51 72 0.06
51 57 0.17
51 60 0.182
51 67 0.067
51 74 0.131
51 52 0.175
51 53 0.145
51 54 0.129
51 63 0.108
51 65 0.193
51 68 0.189
52 53 0.928
52 56 0.073
52 59 0.181
52 66 0.125
52 54 0.116
52 55 0.088
52 69 0.141
52 72 0.181
52 74 0.161
53 57 0.908
53 66 0.336
53 56 0.047
53 68 0.111
53 59 0.153
53 60 0.192
53 63 0.133
53 64 0.143
53 65 0.152
53 67 0.18
53 69 0.167
53 74 0.137
54 73 0.756
54 71 0.57
54 59 0.046
54 56 0.124
54 57 0.128
54 58 0.133
54 70 0.154
54 72 0.14
55 63 0.064
55 58 0.144
55 60 0.137
55 67 0.161
55 68 0.131
56 64 0.824
56 71 0.661
56 63 0.016
56 62 0.183
56 58 0.122
56 60 0.147
56 65 0.201
56 66 0.183
56 69 0.182
56 70 0.144
57 71 0.031
57 73 0.084
57 58 0.163
57 59 0.19
57 61 0.135
57 64 0.128
57 66 0.174
57 69 0.123
57 72 0.177
58 64 0.702
58 74 0.944
58 71 0.854
58 73 0.123
58 72 0.377
58 61 0.174
58 65 0.076
58 66 0.156
58 67 0.164
58 70 0.151
59 60 1
59 63 0.096
59 66 0.261
59 61 0.12
59 67 0.15
59 73 0.162
60 61 0.759
60 63 0.864
60 67 0.047
60 69 0.172
60 72 0.091
60 65 0.119
60 68 0.115
61 67 0.144
61 68 0.162
61 69 0.164
61 72 0.124
61 73 0.214
61 74 0.11
62 66 0.945
62 74 0.799
62 72 0.151
63 67 0.126
63 70 0.118
63 72 0.137
64 72 0.689
64 70 0.746
64 74 0.198
64 66 0.162
64 71 0.104
65 69 0.653
65 67 0.858
65 66 0.127
66 69 0.735
66 70 0.157
66 71 0.095
66 72 0.124
66 73 0.093
66 74 0.137
67 68 0.035
67 69 0.123
67 70 0.173
68 72 0.637
68 70 0.673
69 72 0.727
69 70 0.132
69 73 0.141
69 74 0.162
70 71 0.807
70 73 1
70 74 0.138
71 73 0.118
72 74 0.91
72 73 0.154
