0 32 0.928
0 25 0.651
0 38 1
0 14 0.438
0 7 0.081
0 28 0.15
0 27 0.567
0 56 0.4
0 58 0.603
0 70 0.254
0 5 0.221
0 13 0.184
0 26 0.283
0 42 0.347
0 44 0.401
0 6 0.246
0 12 0.028
0 15 0.132
0 62 0.286
0 3 0.132
0 8 0.162
0 10 0.263
0 20 0.149
0 21 0.074
0 23 0.216
0 30 0.072
0 55 0.012
0 43 0.24
0 71 0.121
0 74 0.203
0 24 0.653
0 47 0.146
0 54 0.139
0 72 0.158
0 2 0.346
0 4 0.241
0 1 0.053
0 63 0.304
0 39 0.016
0 61 0.038
0 9 0.227
0 11 0.14
0 37 0.178
0 41 0.073
0 45 0.113
0 46 0.156
0 48 0.123
0 67 0.17
0 73 0.086
0 16 0.146
0 17 0.122
0 31 0.104
0 35 0.179
0 49 0.111
0 50 0.101
0 51 0.189
0 52 0.173
0 60 0.174
0 64 0.179
0 65 0.173
0 68 0.143
1 30 0.608
1 40 1
1 58 0.801
1 14 0.671
1 45 0.36
1 53 0.243
1 57 0.145
1 21 0.26
1 24 0.053
1 13 0.238
1 23 0.34
1 25 0.61
1 41 0.228
1 64 0.36
1 65 0.113
1 10 0.147
1 26 0.36
1 29 0.185
1 44 0.155
1 49 0.3
1 59 0.048
1 68 0.28
1 7 0.041
1 67 0.079
1 11 0.07
1 17 0.204
1 4 0.003
1 16 0.39
1 34 0.453
1 35 0.136
1 5 0.223
1 18 0.201
1 46 0.603
1 3 0.37
1 19 0.198
1 20 0.089
1 28 0.162
1 32 0.015
1 43 0.155
1 47 0.447
1 66 0.213
1 71 0.217
1 55 0.096
1 60 0.151
1 61 0.1
1 15 0.11
1 31 0.168
1 37 0.166
1 63 0.217
1 69 0.178
1 8 0.146
1 22 0.214
1 27 0.126
1 36 0.112
1 56 0.168
1 38 0.114
1 39 0.259
1 50 0.231
1 72 0.119
1 2 0.144
1 9 0.152
1 42 0.14
1 73 0.166
1 12 0.131
1 62 0.192
1 74 0.11
2 61 0.914
2 23 1
2 44 0.893
2 63 0.661
2 29 0.801
2 6 0.415
2 9 0.613
2 3 0.055
2 12 0.02
2 17 0.267
2 19 0.486
2 37 0.323
2 48 0.151
2 8 0.418
2 24 0.478
2 42 0.158
2 50 0.125
2 7 0.357
2 28 0.382
2 70 0.159
2 27 0.169
2 15 0.212
2 21 0.218
2 36 0.122
2 40 0.408
2 31 0.492
2 46 0.068
2 47 0.138
2 49 0.276
2 57 0.157
2 68 0.353
2 16 0.145
2 51 0.155
2 56 0.402
2 73 0.111
2 4 0.194
2 13 0.141
2 32 0.18
2 34 0.197
2 45 0.461
2 53 0.024
2 55 0.12
2 71 0.236
2 11 0.18
2 14 0.202
2 18 0.061
2 30 0.088
2 35 0.128
2 59 0.177
2 65 0.3
2 26 0.123
2 5 0.113
2 20 0.098
2 38 0.199
2 54 0.141
2 58 0.158
2 62 0.135
2 66 0.131
2 72 0.101
3 30 0.839
3 14 0.348
3 19 0.147
3 7 0.392
3 8 0.076
3 9 0.296
3 36 0.065
3 46 0.259
3 15 0.226
3 33 0.111
3 48 0.115
3 51 0.005
3 58 0.117
3 6 0.205
3 21 0.214
3 69 0.195
3 18 0.028
3 22 0.179
3 37 0.091
3 63 0.248
3 10 0.39
3 32 0.252
3 38 0.272
3 24 0.385
3 41 0.178
3 47 0.106
3 17 0.238
3 52 0.132
3 73 0.093
3 31 0.142
3 50 0.144
3 5 0.017
3 13 0.096
3 25 0.143
3 29 0.285
3 61 0.174
3 64 0.03
3 66 0.068
3 67 0.261
3 72 0.285
3 16 0.225
3 28 0.188
3 35 0.193
3 39 0.15
3 60 0.097
3 65 0.197
3 70 0.08
3 12 0.109
3 23 0.091
3 26 0.152
3 42 0.185
3 44 0.169
3 34 0.206
3 40 0.134
3 43 0.083
3 45 0.174
3 49 0.158
3 53 0.147
3 56 0.133
3 59 0.179
3 62 0.19
4 32 0.85
4 21 1
4 15 1
4 42 0.856
4 10 0.078
4 44 0.055
4 45 0.315
4 58 0.17
4 61 0.113
4 71 0.461
4 28 0.301
4 29 0.506
4 62 0.13
4 64 0.132
4 73 0.034
4 33 0.2
4 50 0.236
4 43 0.268
4 55 0.317
4 60 0.496
4 13 0.301
4 16 0.239
4 72 0.364
4 49 0.041
4 54 0.113
4 6 0.036
4 36 0.065
4 9 0.181
4 20 0.393
4 24 0.217
4 59 0.067
4 66 0.082
4 11 0.502
4 23 0.169
4 39 0.227
4 56 0.258
4 57 0.18
4 27 0.142
4 63 0.127
4 5 0.249
4 7 0.138
4 8 0.213
4 19 0.196
4 22 0.138
4 34 0.107
4 35 0.122
4 52 0.144
4 53 0.154
4 12 0.206
4 14 0.12
4 17 0.13
4 25 0.113
4 26 0.179
4 30 0.117
4 31 0.128
4 38 0.204
4 47 0.144
4 70 0.155
5 55 1
5 29 0.894
5 16 0.998
5 72 0.781
5 66 1
5 39 0.873
5 18 0.794
5 71 0.175
5 74 0.098
5 57 0.439
5 31 0.292
5 19 0.306
5 22 0.353
5 61 0.026
5 32 0.037
5 46 0.36
5 49 0.365
5 10 0.059
5 11 0.344
5 38 0.146
5 58 0.118
5 21 0.185
5 28 0.1
5 13 0.404
5 42 0.131
5 9 0.137
5 35 0.22
5 8 0.227
5 41 0.161
5 50 0.03
5 56 0.124
5 59 0.132
5 69 0.297
5 15 0.19
5 33 0.029
5 34 0.174
5 48 0.128
5 54 0.124
5 67 0.36
5 68 0.103
5 6 0.128
5 17 0.164
5 25 0.158
5 27 0.121
5 43 0.139
5 63 0.158
5 70 0.163
5 12 0.157
5 20 0.167
5 23 0.184
5 52 0.199
5 65 0.148
6 26 0.989
6 20 0.173
6 15 0.07
6 28 0.588
6 62 0.059
6 71 0.137
6 34 0.187
6 47 0.234
6 16 0.018
6 44 0.256
6 70 0.382
6 40 0.403
6 43 0.165
6 55 0.092
6 63 0.207
6 73 0.213
6 25 0.22
6 59 0.421
6 45 0.292
6 74 0.079
6 30 0.2
6 35 0.311
6 61 0.376
6 66 0.129
6 31 0.007
6 53 0.133
6 72 0.165
6 21 0.214
6 48 0.337
6 69 0.174
6 7 0.357
6 11 0.254
6 19 0.057
6 23 0.18
6 27 0.116
6 46 0.106
6 50 0.136
6 9 0.208
6 18 0.298
6 24 0.133
6 29 0.043
6 54 0.2
6 56 0.161
6 64 0.151
6 39 0.141
6 57 0.14
6 58 0.316
6 65 0.157
6 22 0.164
6 37 0.182
6 52 0.166
7 26 1
7 64 0.893
7 50 0.56
7 23 0.757
7 31 0.077
7 14 0.127
7 18 0.109
7 24 0.225
7 42 0.128
7 47 0.249
7 52 0.462
7 60 0.111
7 69 0.234
7 22 0.315
7 46 0.182
7 67 0.059
7 71 0.369
7 38 0.19
7 58 0.59
7 62 0.329
7 39 0.155
7 43 0.122
7 72 0.178
7 29 0.048
7 41 0.168
7 53 0.121
7 59 0.097
7 17 0.111
7 66 0.054
7 10 0.05
7 33 0.09
7 61 0.139
7 68 0.025
7 74 0.103
7 37 0.12
7 45 0.186
7 65 0.152
7 19 0.042
7 40 0.16
7 48 0.144
7 21 0.148
7 28 0.196
7 57 0.109
7 63 0.161
7 8 0.216
7 11 0.219
7 12 0.134
7 20 0.179
7 30 0.051
7 56 0.145
7 70 0.12
7 9 0.162
7 16 0.119
7 34 0.13
7 35 0.101
7 44 0.154
7 54 0.138
7 55 0.124
8 43 0.678
8 49 0.594
8 70 0.946
8 27 0.834
8 63 0.78
8 64 0.89
8 57 0.123
8 73 0.126
8 9 0.133
8 28 0.196
8 58 0.251
8 13 0.301
8 31 0.222
8 34 0.352
8 21 0.218
8 24 0.025
8 35 0.036
8 39 0.044
8 65 0.386
8 55 0.253
8 30 0.094
8 53 0.086
8 60 0.159
8 23 0.093
8 40 0.178
8 10 0.014
8 45 0.372
8 46 0.166
8 15 0.124
8 19 0.17
8 25 0.052
8 52 0.254
8 54 0.357
8 22 0.167
8 47 0.164
8 14 0.075
8 29 0.045
8 17 0.125
8 51 0.147
8 68 0.096
8 72 0.357
8 74 0.132
8 26 0.098
8 33 0.132
8 36 0.156
8 37 0.13
8 38 0.028
8 50 0.169
8 61 0.295
8 67 0.123
8 71 0.128
8 11 0.201
8 32 0.174
8 48 0.137
9 57 0.715
9 10 0.869
9 71 0.21
9 12 0.244
9 16 0.163
9 20 0.39
9 26 0.343
9 15 0.3
9 24 0.478
9 47 0.341
9 49 0.305
9 30 0.036
9 34 0.045
9 41 0.203
9 70 0.145
9 74 0.066
9 14 0.113
9 28 0.486
9 29 0.254
9 11 0.027
9 18 0.062
9 27 0.191
9 52 0.165
9 60 0.397
9 67 0.245
9 23 0.197
9 54 0.136
9 17 0.138
9 21 0.099
9 31 0.056
9 50 0.045
9 37 0.138
9 42 0.289
9 39 0.007
9 48 0.038
9 62 0.128
9 25 0.118
9 55 0.12
9 32 0.175
9 38 0.1
9 40 0.077
9 44 0.201
9 45 0.167
9 56 0.108
9 36 0.143
9 46 0.271
9 19 0.139
9 43 0.159
9 53 0.151
9 65 0.125
9 66 0.127
9 68 0.118
9 72 0.161
10 56 0.809
10 72 0.34
10 40 0.737
10 73 0.731
10 59 0.31
10 34 0.53
10 27 0.269
10 30 0.686
10 41 0.065
10 44 0.097
10 46 0.03
10 50 0.303
10 13 0.354
10 23 0.714
10 24 0.279
10 49 0.351
10 52 0.263
10 54 0.511
10 12 0.205
10 14 0.299
10 55 0.019
10 17 0.023
10 19 0.184
10 74 0.336
10 45 0.005
10 57 0.471
10 32 0.382
10 38 0.031
10 70 0.007
10 15 0.467
10 16 0.201
10 21 0.073
10 47 0.257
10 39 0.157
10 42 0.201
10 65 0.192
10 69 0.11
10 22 0.31
10 36 0.184
10 64 0.126
10 71 0.124
10 25 0.183
10 35 0.121
10 63 0.203
10 67 0.131
10 68 0.034
10 20 0.034
10 31 0.156
10 43 0.153
10 53 0.147
10 58 0.122
10 61 0.165
10 26 0.123
10 28 0.155
10 62 0.209
11 44 0.783
11 31 0.447
11 64 0.686
11 28 0.879
11 38 0.874
11 65 0.602
11 14 0.926
11 12 0.433
11 19 0.087
11 33 0.227
11 35 0.171
11 69 0.215
11 71 0.239
11 32 0.179
11 22 0.261
11 46 0.277
11 63 0.583
11 34 0.228
11 56 0.124
11 62 0.315
11 42 0.062
11 18 0.057
11 49 0.186
11 21 0.106
11 37 0.082
11 47 0.155
11 48 0.104
11 58 0.202
11 61 0.168
11 73 0.391
11 24 0.18
11 25 0.186
11 30 0.16
11 40 0.131
11 52 0.348
11 57 0.045
11 60 0.069
11 27 0.068
11 55 0.164
11 68 0.179
11 23 0.135
11 51 0.109
11 53 0.192
11 59 0.075
11 72 0.189
11 13 0.126
11 15 0.115
11 16 0.193
11 20 0.107
11 26 0.109
11 39 0.061
11 45 0.161
11 66 0.108
12 56 0.643
12 15 0.57
12 47 0.118
12 58 0.213
12 73 0.451
12 17 0.142
12 27 0.123
12 51 0.449
12 45 0.326
12 70 0.114
12 62 0.37
12 21 0.122
12 25 0.325
12 14 0.123
12 43 0.259
12 60 0.302
12 48 0.109
12 54 0.039
12 26 0.182
12 31 0.124
12 35 0.152
12 68 0.24
12 39 0.11
12 42 0.055
12 64 0.18
12 67 0.169
12 72 0.239
12 22 0.168
12 49 0.176
12 55 0.181
12 63 0.144
12 37 0.136
12 50 0.151
12 41 0.303
12 61 0.291
12 29 0.167
12 33 0.166
12 46 0.095
12 57 0.328
12 71 0.194
12 13 0.157
12 18 0.111
12 19 0.161
12 23 0.124
12 24 0.176
12 28 0.124
12 30 0.105
12 38 0.098
12 52 0.156
12 65 0.137
12 66 0.148
12 69 0.153
12 74 0.144
13 17 0.868
13 28 1
13 69 0.26
13 46 0.011
13 51 0.312
13 52 0.049
13 68 0.274
13 54 0.161
13 16 0.125
13 21 0.192
13 24 0.053
13 30 0.348
13 33 0.11
13 62 0.285
13 70 0.105
13 72 0.153
13 15 0.063
13 63 0.287
13 61 0.219
13 20 0.199
13 39 0.129
13 49 0.16
13 14 0.443
13 19 0.312
13 47 0.153
13 18 0.274
13 31 0.126
13 66 0.154
13 27 0.129
13 36 0.037
13 64 0.06
13 32 0.194
13 34 0.085
13 42 0.143
13 44 0.104
13 53 0.162
13 56 0.07
13 45 0.144
13 55 0.154
13 60 0.287
13 65 0.135
13 73 0.229
13 22 0.155
13 23 0.173
13 35 0.131
13 57 0.102
13 67 0.183
13 71 0.187
14 42 0.607
14 15 1
14 34 0.731
14 62 0.039
14 71 0.502
14 73 0.477
14 35 0.2
14 39 0.283
14 49 0.307
14 18 0.183
14 54 0.21
14 63 0.096
14 70 0.044
14 58 0.016
14 74 0.553
14 36 0.221
14 23 0.043
14 46 0.148
14 47 0.187
14 19 0.135
14 65 0.13
14 67 0.209
14 53 0.115
14 57 0.049
14 64 0.358
14 69 0.387
14 16 0.07
14 21 0.101
14 43 0.226
14 48 0.111
14 61 0.06
14 24 0.173
14 33 0.172
14 37 0.152
14 22 0.117
14 25 0.12
14 38 0.134
14 56 0.275
14 26 0.154
14 41 0.202
14 51 0.094
14 52 0.218
14 68 0.191
14 72 0.131
14 20 0.154
14 27 0.083
14 17 0.119
14 30 0.145
14 31 0.215
14 32 0.101
14 44 0.138
14 45 0.126
14 66 0.167
15 30 0.568
15 37 0.236
15 16 0.453
15 73 0.299
15 23 0.376
15 46 0.19
15 51 0.046
15 70 0.584
15 38 0.229
15 26 0.207
15 56 0.371
15 57 0.193
15 48 0.113
15 72 0.203
15 27 0.206
15 39 0.207
15 63 0.124
15 66 0.283
15 69 0.212
15 22 0.294
15 28 0.023
15 67 0.101
15 25 0.175
15 52 0.17
15 54 0.101
15 19 0.148
15 44 0.123
15 17 0.176
15 21 0.118
15 31 0.202
15 53 0.12
15 68 0.022
15 18 0.21
15 24 0.164
15 29 0.014
15 33 0.062
15 36 0.354
15 55 0.161
15 58 0.159
15 61 0.135
15 65 0.166
15 34 0.043
15 40 0.139
15 43 0.217
15 45 0.191
15 74 0.224
15 20 0.164
15 62 0.141
15 64 0.149
15 71 0.13
16 67 0.906
16 69 0.794
16 72 0.977
16 18 0.535
16 71 0.24
16 21 0.228
16 43 0.301
16 27 0.172
16 33 0.155
16 59 0.465
16 17 0.293
16 24 0.091
16 46 0.167
16 19 0.192
16 44 0.15
16 73 0.138
16 68 0.319
16 70 0.213
16 22 0.03
16 41 0.122
16 49 0.051
16 50 0.174
16 28 0.159
16 31 0.141
16 42 0.215
16 62 0.144
16 20 0.116
16 32 0.207
16 40 0.052
16 57 0.183
16 65 0.179
16 74 0.317
16 23 0.081
16 29 0.193
16 34 0.094
16 37 0.178
16 39 0.111
16 54 0.01
16 58 0.095
16 60 0.056
16 36 0.131
16 45 0.197
16 47 0.137
16 61 0.125
16 26 0.118
16 35 0.166
16 48 0.202
16 53 0.174
16 55 0.169
17 66 0.721
17 65 0.798
17 33 0.335
17 56 0.072
17 42 0.2
17 30 0.384
17 39 0.697
17 43 0.095
17 57 0.082
17 22 0.151
17 47 0.195
17 53 0.542
17 34 0.116
17 38 0.144
17 44 0.148
17 69 0.091
17 24 0.014
17 26 0.28
17 27 0.231
17 50 0.004
17 59 0.069
17 31 0.154
17 37 0.387
17 55 0.24
17 71 0.068
17 32 0.09
17 36 0.212
17 45 0.319
17 72 0.022
17 73 0.162
17 20 0.115
17 23 0.232
17 58 0.077
17 61 0.244
17 64 0.128
17 40 0.183
17 48 0.16
17 70 0.173
17 54 0.284
17 62 0.144
17 63 0.29
17 74 0.13
17 19 0.137
17 35 0.188
17 41 0.168
17 46 0.117
17 52 0.178
17 67 0.115
18 62 0.595
18 58 0.649
18 59 0.68
18 69 0.987
18 21 0.551
18 20 0.472
18 29 0.027
18 25 0.483
18 47 0.298
18 52 0.12
18 67 0.089
18 35 0.029
18 46 0.019
18 56 0.198
18 72 0.02
18 74 0.534
18 53 0.122
18 37 0.166
18 51 0.428
18 43 0.14
18 64 0.094
18 23 0.135
18 31 0.124
18 36 0.076
18 41 0.207
18 73 0.146
18 48 0.192
18 54 0.249
18 27 0.147
18 30 0.067
18 33 0.276
18 39 0.155
18 55 0.069
18 65 0.118
18 68 0.143
18 26 0.014
18 44 0.346
18 45 0.181
18 60 0.168
18 19 0.193
18 34 0.293
18 42 0.259
18 38 0.137
18 71 0.145
18 24 0.197
18 28 0.179
18 40 0.176
18 61 0.157
18 66 0.11
19 43 1
19 66 0.781
19 23 0.926
19 24 0.464
19 54 0.552
19 39 0.07
19 74 0.489
19 36 0.191
19 21 0.193
19 34 0.438
19 41 0.121
19 64 0.082
19 61 0.367
19 73 0.035
19 28 0.135
19 30 0.374
19 32 0.165
19 57 0.349
19 46 0.452
19 27 0.145
19 60 0.139
19 68 0.383
19 70 0.342
19 20 0.109
19 22 0.074
19 45 0.171
19 56 0.34
19 52 0.156
19 58 0.194
19 51 0.125
19 55 0.085
19 69 0.141
19 72 0.132
19 31 0.147
19 38 0.095
19 42 0.114
19 44 0.153
19 47 0.209
19 62 0.062
19 26 0.158
19 35 0.12
19 37 0.078
19 48 0.111
19 53 0.184
19 59 0.203
19 67 0.18
20 74 0.961
20 29 0.559
20 63 0.474
20 70 0.737
20 48 0.449
20 40 0.564
20 39 0.124
20 66 0.217
20 47 0.313
20 26 0.065
20 30 0.259
20 36 0.008
20 51 0.046
20 57 0.305
20 67 0.356
20 37 0.153
20 53 0.319
20 54 0.44
20 69 0.222
20 21 0.419
20 60 0.065
20 71 0.146
20 72 0.21
20 34 0.172
20 61 0.174
20 24 0.297
20 46 0.294
20 58 0.105
20 59 0.166
20 22 0.179
20 49 0.045
20 68 0.146
20 35 0.046
20 45 0.171
20 52 0.17
20 56 0.134
20 64 0.193
20 28 0.109
20 62 0.158
20 25 0.199
20 38 0.14
20 50 0.163
20 65 0.157
21 37 1
21 28 0.635
21 57 0.717
21 22 0.945
21 44 0.853
21 61 0.114
21 49 0.03
21 50 0.099
21 54 0.289
21 70 0.476
21 24 0.228
21 52 0.113
21 30 0.149
21 45 0.515
21 33 0.424
21 69 0.031
21 31 0.316
21 65 0.204
21 68 0.086
21 41 0.083
21 72 0.157
21 36 0.107
21 39 0.177
21 47 0.288
21 58 0.157
21 67 0.057
21 23 0.128
21 40 0.064
21 42 0.009
21 60 0.175
21 73 0.065
21 27 0.197
21 53 0.078
21 56 0.294
21 63 0.196
21 66 0.165
21 71 0.268
21 25 0.145
21 55 0.132
21 62 0.183
21 74 0.137
21 26 0.15
21 29 0.115
21 35 0.175
21 43 0.17
21 46 0.155
21 59 0.118
22 39 0.518
22 59 0.734
22 25 0.216
22 53 0.119
22 67 0.094
22 50 0.081
22 60 0.124
22 61 0.139
22 72 0.127
22 26 0.003
22 65 0.146
22 66 0.152
22 33 0.056
22 73 0.185
22 74 0.196
22 32 0.047
22 69 0.446
22 24 0.029
22 54 0.067
22 57 0.178
22 70 0.133
22 28 0.141
22 27 0.382
22 49 0.49
22 56 0.127
22 23 0.156
22 34 0.056
22 31 0.162
22 38 0.169
22 43 0.07
22 44 0.121
22 55 0.157
22 62 0.123
22 35 0.179
22 40 0.095
22 42 0.161
22 45 0.174
22 64 0.057
22 71 0.114
22 36 0.158
22 37 0.101
22 41 0.12
22 46 0.173
22 48 0.159
22 68 0.129
23 53 0.957
23 46 0.425
23 54 0.609
23 38 0.204
23 45 0.143
23 70 0.265
23 49 0.15
23 64 0.335
23 25 0.237
23 26 0.251
23 39 0.134
23 60 0.054
23 56 0.386
23 35 0.109
23 36 0.151
23 37 0.28
23 40 0.254
23 30 0.237
23 72 0.091
23 41 0.395
23 67 0.121
23 28 0.159
23 42 0.204
23 24 0.114
23 31 0.249
23 43 0.149
23 62 0.054
23 65 0.217
23 51 0.196
23 52 0.096
23 73 0.14
23 74 0.082
23 29 0.153
23 32 0.204
23 33 0.115
23 55 0.105
23 71 0.059
23 27 0.131
23 34 0.125
23 44 0.151
23 58 0.152
23 63 0.14
23 68 0.151
24 61 0.615
24 62 0.924
24 55 1
24 64 0.62
24 31 0.486
24 46 0.139
24 43 0.118
24 49 0.03
24 53 0.151
24 59 0.253
24 70 0.254
24 28 0.331
24 36 0.276
24 32 0.011
24 40 0.111
24 52 0.013
24 60 0.274
24 66 0.269
24 71 0.002
24 45 0.428
24 58 0.035
24 57 0.257
24 68 0.213
24 47 0.05
24 65 0.409
24 69 0.133
24 33 0.101
24 38 0.145
24 48 0.145
24 51 0.08
24 63 0.37
24 67 0.501
24 26 0.54
24 41 0.343
24 50 0.16
24 72 0.127
24 34 0.135
24 54 0.073
24 73 0.128
24 27 0.228
24 39 0.222
24 56 0.145
25 49 0.789
25 38 0.67
25 51 0.493
25 33 0.342
25 46 0.053
25 50 0.226
25 52 0.005
25 71 0.163
25 65 0.426
25 44 0.111
25 53 0.166
25 43 0.442
25 58 0.086
25 39 0.281
25 61 0.04
25 64 0.206
25 55 0.047
25 69 0.056
25 37 0.079
25 63 0.101
25 29 0.15
25 60 0.053
25 28 0.323
25 32 0.395
25 34 0.147
25 35 0.224
25 45 0.176
25 74 0.355
25 36 0.214
25 67 0.175
25 30 0.16
25 70 0.161
25 72 0.157
25 40 0.011
25 59 0.074
25 57 0.141
25 62 0.137
25 26 0.111
25 48 0.137
25 66 0.15
25 68 0.121
25 73 0.111
26 43 0.684
26 48 0.11
26 63 0.211
26 45 0.408
26 52 0.115
26 65 0.212
26 44 0.26
26 29 0.223
26 32 0.426
26 54 0.384
26 40 0.259
26 27 0.174
26 30 0.118
26 42 0.367
26 62 0.245
26 67 0.238
26 69 0.322
26 73 0.242
26 38 0.47
26 46 0.162
26 56 0.025
26 68 0.447
26 49 0.208
26 74 0.275
26 28 0.162
26 33 0.472
26 57 0.191
26 58 0.161
26 66 0.106
26 47 0.118
26 34 0.2
26 37 0.163
26 50 0.174
26 59 0.174
26 60 0.129
26 61 0.157
26 72 0.167
27 69 0.387
27 53 0.098
27 55 0.108
27 28 0.256
27 52 0.187
27 60 0.237
27 65 0.538
27 38 0.552
27 68 0.419
27 70 0.243
27 62 0.241
27 40 0.244
27 31 0.088
27 45 0.304
27 54 0.291
27 32 0.257
27 47 0.185
27 43 0.144
27 56 0.22
27 44 0.131
27 49 0.221
27 73 0.186
27 30 0.091
27 35 0.283
27 36 0.128
27 48 0.151
27 61 0.227
27 66 0.143
27 71 0.079
27 50 0.134
27 58 0.162
27 59 0.127
27 67 0.14
27 72 0.08
28 58 0.856
28 60 0.896
28 59 1
28 47 0.07
28 56 0.38
28 69 0.098
28 40 0.345
28 71 0.383
28 34 0.277
28 49 0.128
28 36 0.175
28 67 0.302
28 55 0.183
28 48 0.032
28 50 0.239
28 63 0.353
28 29 0.106
28 31 0.222
28 68 0.387
28 72 0.055
28 44 0.308
28 43 0.149
28 46 0.088
28 32 0.137
28 33 0.126
28 45 0.232
28 61 0.116
28 73 0.043
28 35 0.12
28 39 0.128
28 42 0.102
28 70 0.081
28 30 0.146
28 37 0.165
28 41 0.147
28 52 0.173
28 53 0.119
28 54 0.16
28 66 0.189
28 74 0.183
29 53 1
29 73 0.438
29 33 0.445
29 45 0.111
29 63 0.376
29 57 0.028
29 59 0.19
29 67 0.206
29 37 0.24
29 50 0.478
29 47 0.337
29 43 0.32
29 46 0.111
29 55 0.214
29 31 0.174
29 51 0.198
29 42 0.007
29 52 0.106
29 70 0.158
29 38 0.224
29 56 0.242
29 66 0.406
29 71 0.163
29 44 0.118
29 41 0.074
29 48 0.105
29 60 0.219
29 69 0.148
29 74 0.12
29 30 0.228
29 36 0.168
29 64 0.077
29 58 0.122
29 62 0.149
29 65 0.171
29 54 0.064
29 61 0.149
29 68 0.185
30 50 0.744
30 36 0.27
30 39 0.408
30 56 0.146
30 35 0.092
30 37 0.214
30 44 0.032
30 48 0.13
30 62 0.333
30 43 0.12
30 69 0.296
30 31 0.176
30 64 0.156
30 66 0.361
30 41 0.355
30 34 0.019
30 52 0.137
30 55 0.529
30 71 0.026
30 73 0.145
30 40 0.219
30 46 0.271
30 60 0.157
30 33 0.15
30 65 0.274
30 54 0.354
30 32 0.111
30 47 0.009
30 61 0.168
30 63 0.181
30 67 0.16
30 72 0.166
30 38 0.134
30 58 0.141
30 59 0.171
30 68 0.117
30 70 0.197
30 74 0.045
30 42 0.138
30 45 0.189
31 57 0.844
31 58 0.624
31 38 0.859
31 49 0.173
31 40 0.248
31 46 0.078
31 56 0.227
31 65 0.225
31 70 0.264
31 34 0.171
31 39 0.243
31 51 0.136
31 61 0.088
31 53 0.239
31 41 0.26
31 45 0.145
31 63 0.155
31 66 0.133
31 68 0.142
31 35 0.136
31 42 0.462
31 55 0.347
31 59 0.2
31 64 0.04
31 32 0.105
31 33 0.359
31 44 0.092
31 71 0.293
31 74 0.146
31 67 0.164
31 73 0.174
31 37 0.148
31 43 0.109
31 50 0.14
31 60 0.201
31 69 0.149
32 37 1
32 68 0.288
32 41 0.268
32 60 0.428
32 70 0.15
32 46 0.516
32 65 0.107
32 72 0.059
32 34 0.198
32 69 0.134
32 54 0.068
32 74 0.02
32 44 0.145
32 49 0.274
32 63 0.378
32 36 0.164
32 47 0.124
32 51 0.333
32 53 0.202
32 55 0.181
32 57 0.319
32 58 0.357
32 40 0.192
32 61 0.157
32 62 0.239
32 33 0.135
32 39 0.17
32 45 0.241
32 35 0.126
32 48 0.144
32 66 0.254
32 43 0.201
32 50 0.16
32 52 0.181
32 56 0.164
32 64 0.172
32 73 0.123
33 35 0.712
33 34 0.278
33 62 0.145
33 58 0.124
33 52 0.019
33 70 0.104
33 71 0.22
33 41 0.093
33 47 0.144
33 69 0.164
33 72 0.121
33 39 0.219
33 48 0.307
33 66 0.471
33 67 0.269
33 37 0.031
33 50 0.201
33 51 0.181
33 54 0.196
33 38 0.194
33 40 0.15
33 44 0.272
33 45 0.096
33 46 0.153
33 55 0.177
33 56 0.194
33 65 0.194
33 36 0.164
33 59 0.142
33 60 0.167
33 61 0.158
33 64 0.154
33 68 0.161
33 74 0.159
34 65 0.924
34 66 0.297
34 68 0.404
34 39 0.507
34 52 0.185
34 53 0.032
34 57 0.441
34 60 0.162
34 55 0.103
34 56 0.422
34 69 0.407
34 37 0.233
34 64 0.323
34 41 0.267
34 48 0.135
34 38 0.115
34 40 0.167
34 43 0.101
34 44 0.135
34 70 0.004
34 54 0.103
34 72 0.197
34 49 0.221
34 63 0.23
34 71 0.279
34 73 0.159
34 50 0.152
34 51 0.287
34 58 0.302
34 62 0.152
34 36 0.195
34 42 0.169
34 46 0.188
34 47 0.19
34 35 0.166
34 61 0.126
35 74 0.638
35 73 0.273
35 49 0.103
35 42 0.273
35 55 0.488
35 56 0.261
35 38 0.263
35 53 0.128
35 61 0.088
35 62 0.533
35 63 0.252
35 66 0.324
35 40 0.035
35 68 0.116
35 72 0.178
35 60 0.778
35 44 0.133
35 64 0.284
35 69 0.106
35 41 0.158
35 47 0.065
35 51 0.217
35 70 0.245
35 46 0.296
35 50 0.124
35 52 0.107
35 71 0.204
35 45 0.228
35 54 0.176
35 57 0.169
35 67 0.15
35 37 0.143
35 58 0.132
35 59 0.136
36 71 0.61
36 69 0.851
36 56 1
36 68 0.837
36 47 0.291
36 52 0.092
36 65 0.53
36 39 0.309
36 48 0.171
36 66 0.469
36 73 0.185
36 55 0.283
36 70 0.125
36 72 0.188
36 49 0.082
36 50 0.175
36 54 0.18
36 58 0.113
36 63 0.175
36 38 0.234
36 43 0.193
36 44 0.187
36 51 0.176
36 60 0.136
36 61 0.27
36 64 0.296
36 67 0.165
36 42 0.011
36 46 0.16
36 62 0.11
36 41 0.16
36 59 0.143
37 52 1
37 66 0.806
37 48 0.171
37 58 0.018
37 45 0.259
37 49 0.376
37 54 0.126
37 61 0.012
37 70 0.362
37 59 0.175
37 65 0.321
37 68 0.53
37 46 0.484
37 60 0.187
37 42 0.22
37 43 0.004
37 62 0.168
37 55 0.137
37 64 0.137
37 72 0.094
37 40 0.198
37 53 0.138
37 67 0.136
37 44 0.344
37 74 0.169
37 50 0.045
37 38 0.119
37 39 0.15
37 41 0.213
38 39 0.493
38 43 0.117
38 53 0.088
38 57 0.181
38 64 0.23
38 67 0.172
38 68 0.227
38 40 0.313
38 48 0.35
38 71 0.301
38 54 0.273
38 69 0.548
38 50 0.28
38 42 0.078
38 55 0.188
38 61 0.169
38 65 0.144
38 74 0.217
38 52 0.168
38 47 0.113
38 45 0.141
38 56 0.196
38 59 0.221
38 62 0.188
38 72 0.209
38 46 0.173
38 51 0.162
38 44 0.19
38 49 0.147
38 60 0.147
38 63 0.105
38 73 0.137
39 68 0.825
39 48 0.244
39 49 0.27
39 61 0.205
39 67 0.197
39 46 0.311
39 47 0.223
39 74 0.052
39 41 0.595
39 53 0.146
39 56 0.126
39 50 0.131
39 65 0.086
39 40 0.113
39 60 0.362
39 62 0.193
39 69 0.093
39 42 0.307
39 64 0.453
39 70 0.131
39 63 0.157
39 45 0.115
39 55 0.143
39 57 0.146
39 73 0.185
39 44 0.182
39 51 0.153
39 54 0.284
39 59 0.192
39 58 0.138
40 54 0.642
40 69 0.585
40 74 1
40 52 0.84
40 49 0.463
40 66 0.588
40 68 0.021
40 43 0.207
40 46 0.236
40 47 0.71
40 62 0.021
40 44 0.251
40 45 0.115
40 71 0.055
40 50 0.067
40 60 0.022
40 70 0.15
40 42 0.141
40 59 0.107
40 64 0.057
40 41 0.197
40 51 0.066
40 56 0.187
40 61 0.318
40 58 0.143
40 57 0.179
40 63 0.102
40 65 0.168
40 72 0.164
40 73 0.119
40 48 0.165
41 42 0.922
41 52 0.661
41 60 0.12
41 71 0.473
41 54 0.271
41 49 0.148
41 72 0.086
41 44 0.257
41 43 0.047
41 74 0.099
41 51 0.194
41 59 0.126
41 65 0.147
41 66 0.101
41 70 0.163
41 48 0.097
41 55 0.198
41 56 0.06
41 58 0.13
41 46 0.134
41 50 0.202
41 53 0.1
41 67 0.154
41 68 0.128
41 73 0.16
42 44 1
42 45 0.768
42 60 0.47
42 65 0.193
42 61 0.078
42 72 0.307
42 64 0.086
42 71 0.376
42 69 0.153
42 73 0.167
42 54 0.163
42 62 0.151
42 68 0.23
42 70 0.193
42 74 0.354
42 63 0.154
42 47 0.076
42 53 0.118
42 56 0.162
42 66 0.082
42 67 0.16
42 50 0.145
42 51 0.154
42 48 0.098
42 49 0.142
42 55 0.18
42 57 0.16
43 65 0.908
43 72 1
43 51 0.453
43 61 0.179
43 63 0.654
43 71 0.025
43 44 0.282
43 49 0.037
43 70 0.334
43 74 0.135
43 52 0.132
43 58 0.153
43 59 0.158
43 53 0.077
43 60 0.138
43 66 0.313
43 73 0.203
43 64 0.178
43 67 0.108
43 46 0.204
43 48 0.17
43 50 0.126
43 57 0.136
43 69 0.202
44 72 0.197
44 65 0.175
44 47 0.103
44 59 0.343
44 69 0.661
44 54 0.135
44 49 0.228
44 53 0.256
44 46 0.158
44 55 0.228
44 58 0.185
44 68 0.072
44 45 0.154
44 60 0.399
44 61 0.13
44 70 0.243
44 56 0.126
44 63 0.209
44 64 0.045
44 74 0.13
44 51 0.166
44 52 0.18
44 62 0.167
44 66 0.165
45 59 0.801
45 53 0.807
45 67 0.371
45 68 0.381
45 72 0.339
45 56 0.121
45 48 0.385
45 55 0.32
45 63 0.424
45 71 0.206
45 73 0.202
45 52 0.056
45 57 0.165
45 46 0.154
45 49 0.24
45 61 0.048
45 62 0.108
45 65 0.31
45 70 0.149
45 47 0.143
45 50 0.138
45 51 0.159
45 54 0.125
45 58 0.156
45 60 0.124
45 64 0.141
45 74 0.184
46 54 0.657
46 74 0.527
46 47 0.23
46 49 0.28
46 60 0.553
46 57 0.126
46 50 0.045
46 59 0.459
46 67 0.302
46 58 0.151
46 65 0.279
46 66 0.102
46 53 0.063
46 51 0.144
46 62 0.129
46 63 0.225
46 70 0.124
46 55 0.121
46 56 0.183
46 69 0.161
46 64 0.199
46 72 0.148
46 73 0.148
47 50 1
47 62 0.848
47 48 0.184
47 53 0.377
47 55 0.25
47 68 0.558
47 58 0.122
47 66 0.333
47 67 0.025
47 63 0.233
47 65 0.105
47 49 0.325
47 60 0.311
47 52 0.221
47 59 0.143
47 73 0.159
47 51 0.155
47 61 0.208
47 69 0.148
47 57 0.124
47 64 0.141
47 70 0.147
47 71 0.178
47 72 0.169
48 51 0.182
48 61 0.139
48 57 0.072
48 64 0.188
48 67 0.369
48 68 0.269
48 69 0.169
48 72 0.145
48 56 0.288
48 58 0.369
48 62 0.123
48 54 0.399
48 60 0.172
48 70 0.111
48 52 0.183
48 49 0.13
48 73 0.05
48 55 0.121
48 63 0.219
48 65 0.139
48 66 0.13
48 50 0.129
48 53 0.103
48 59 0.149
49 66 1
49 52 0.704
49 55 0.304
49 67 0.079
49 73 0.193
49 60 0.225
49 59 0.321
49 54 0.159
49 56 0.302
49 64 0.226
49 50 0.441
49 53 0.125
49 63 0.245
49 69 0.094
49 57 0.15
49 72 0.01
49 51 0.175
49 58 0.172
49 62 0.171
49 68 0.321
49 74 0.141
49 65 0.143
50 52 0.516
50 57 0.12
50 74 0.144
50 63 0.187
50 67 0.281
50 65 0.156
50 58 0.31
50 64 0.33
50 60 0.025
50 68 0.162
50 72 0.164
50 55 0.179
50 62 0.263
50 73 0.265
50 71 0.081
50 54 0.081
50 70 0.083
50 69 0.187
50 51 0.135
50 61 0.145
51 55 0.366
51 69 0.263
51 70 0.133
51 60 0.16
51 61 0.193
51 64 0.146
51 65 0.231
51 57 0.072
51 72 0.019
51 71 0.288
51 54 0.023
51 59 0.164
51 62 0.13
51 52 0.147
51 66 0.13
51 68 0.06
51 53 0.422
51 56 0.178
51 67 0.122
51 73 0.158
51 63 0.148
51 74 0.16
52 53 0.913
52 68 0.039
52 58 0.245
52 60 0.214
52 61 0.061
52 71 0.371
52 74 0.178
52 64 0.168
52 55 0.043
52 66 0.031
52 65 0.061
52 70 0.269
52 57 0.113
52 62 0.166
52 67 0.091
52 72 0.066
52 73 0.062
52 54 0.16
52 56 0.13
52 63 0.135
52 69 0.13
53 57 0.919
53 63 0.494
53 74 0.086
53 61 0.155
53 68 0.431
53 72 0.11
53 73 0.25
53 69 0.313
53 60 0.095
53 70 0.054
53 71 0.534
53 59 0.098
53 58 0.167
53 64 0.15
53 65 0.116
53 54 0.163
53 67 0.165
53 56 0.18
53 62 0.176
54 73 0.85
54 60 0.103
54 57 0.134
54 64 0.33
54 70 0.124
54 66 0.248
54 69 0.108
54 55 0.08
54 56 0.264
54 67 0.246
54 59 0.128
54 71 0.236
54 58 0.116
54 63 0.171
54 68 0.146
55 56 0.32
55 74 0.233
55 67 0.299
55 70 0.479
55 69 0.346
55 60 0.121
55 72 0.209
55 73 0.056
55 61 0.256
55 63 0.172
55 68 0.177
55 65 0.193
55 58 0.089
55 66 0.128
55 71 0.162
56 64 1
56 74 0.537
56 58 0.062
56 62 0.278
56 59 0.364
56 70 0.193
56 61 0.186
56 60 0.164
56 71 0.144
56 57 0.183
56 68 0.157
56 69 0.161
57 66 0.334
57 74 0.072
57 61 0.183
57 64 0.171
57 73 0.143
57 59 0.143
57 58 0.012
57 68 0.235
57 71 0.375
57 67 0.262
57 62 0.185
57 63 0.077
57 70 0.19
57 60 0.158
57 69 0.187
58 64 0.423
58 74 1
58 71 0.658
58 59 0.257
58 61 0.258
58 72 0.489
58 62 0.373
58 73 0.223
58 67 0.138
58 69 0.137
58 60 0.128
58 63 0.182
58 66 0.151
58 65 0.154
59 60 0.983
59 71 0.095
59 69 0.212
59 73 0.312
59 66 0.076
59 67 0.283
59 74 0.231
59 63 0.183
59 72 0.115
59 61 0.208
59 62 0.153
59 64 0.105
59 68 0.128
59 70 0.21
60 61 0.736
60 63 0.853
60 62 0.012
60 65 0.606
60 69 0.258
60 72 0.008
60 68 0.132
60 67 0.112
60 64 0.078
60 66 0.021
60 73 0.018
60 74 0.061
60 70 0.207
61 66 0.253
61 74 0.082
61 69 0.052
61 73 0.225
61 65 0.01
61 68 0.249
61 72 0.161
61 71 0.224
61 63 0.139
61 64 0.134
61 70 0.109
62 66 0.957
62 74 0.945
62 63 0.284
62 72 0.556
62 71 0.137
62 69 0.163
62 73 0.156
62 65 0.294
62 64 0.143
62 67 0.159
63 70 0.567
63 67 0.105
63 66 0.184
63 71 0.144
63 65 0.276
63 68 0.082
63 73 0.1
63 74 0.184
64 72 0.906
64 70 0.569
64 73 0.159
64 74 0.103
64 65 0.338
64 67 0.128
64 68 0.147
64 71 0.154
64 66 0.181
64 69 0.154
65 69 0.762
65 67 0.859
65 74 0.417
65 71 0.102
65 68 0.682
65 72 0.133
65 66 0.214
66 69 0.751
66 71 0.134
66 73 0.18
66 68 0.275
66 67 0.16
66 70 0.155
67 70 0.091
67 69 0.144
67 71 0.114
67 72 0.098
68 72 0.449
68 74 0.304
68 69 0.21
68 70 0.219
68 71 0.107
68 73 0.173
69 72 0.546
69 70 0.222
69 71 0.16
69 73 0.21
70 71 0.59
70 73 1
70 72 0.351
70 74 0.125
71 73 0.196
72 74 0.93
72 73 0.194
73 74 0.391
