0 32 0.8
0 25 0.62
0 38 1
0 14 0.438
0 7 0.081
0 27 0.567
0 58 0.63
0 5 0.221
0 26 0.28
0 42 0.321
0 6 0.287
0 15 0.132
0 62 0.286
0 3 0.132
0 8 0.162
0 23 0.05
0 30 0.089
0 43 0.24
0 71 0.135
0 74 0.524
0 24 0.653
0 54 0.181
0 72 0.158
0 2 0.304
0 63 0.299
0 39 0.016
0 61 0.176
0 9 0.279
0 11 0.209
0 37 0.178
0 41 0.073
0 45 0.113
0 48 0.123
0 67 0.17
0 73 0.119
0 16 0.051
0 17 0.122
0 35 0.179
0 49 0.156
0 51 0.22
0 52 0.048
0 60 0.341
0 64 0.179
0 65 0.173
0 68 0.143
0 1 0.147
0 18 0.149
0 22 0.127
0 29 0.173
0 33 0.135
0 36 0.185
0 66 0.008
0 69 0.135
0 10 0.125
0 13 0.113
0 31 0.132
0 34 0.198
0 53 0.146
0 59 0.127
1 30 0.671
1 40 1
1 58 0.801
1 14 0.691
1 45 0.354
1 53 0.243
1 21 0.513
1 24 0.053
1 23 0.271
1 25 0.293
1 41 0.378
1 65 0.275
1 10 0.16
1 26 0.279
1 29 0.172
1 49 0.3
1 59 0.048
1 11 0.07
1 17 0.08
1 4 0.003
1 16 0.39
1 34 0.303
1 5 0.223
1 18 0.201
1 46 0.554
1 3 0.478
1 20 0.075
1 32 0.008
1 43 0.165
1 71 0.179
1 55 0.166
1 60 0.151
1 61 0.062
1 15 0.11
1 31 0.263
1 37 0.166
1 69 0.25
1 22 0.205
1 27 0.126
1 56 0.168
1 38 0.205
1 39 0.23
1 50 0.231
1 72 0.119
1 2 0.144
1 9 0.152
1 42 0.14
1 73 0.166
1 62 0.244
1 48 0.156
1 70 0.141
1 12 0.102
1 19 0.115
2 61 1
2 23 1
2 44 0.893
2 63 0.502
2 29 0.801
2 9 0.567
2 3 0.109
2 12 0.02
2 17 0.267
2 19 0.371
2 37 0.405
2 48 0.285
2 8 0.418
2 24 0.436
2 42 0.13
2 50 0.165
2 28 0.6
2 70 0.159
2 21 0.218
2 36 0.265
2 40 0.408
2 31 0.431
2 46 0.04
2 47 0.138
2 49 0.201
2 57 0.157
2 68 0.353
2 51 0.055
2 56 0.573
2 73 0.111
2 4 0.294
2 13 0.213
2 32 0.18
2 34 0.179
2 45 0.411
2 11 0.18
2 14 0.202
2 30 0.09
2 35 0.128
2 59 0.177
2 65 0.3
2 26 0.123
2 5 0.113
2 20 0.087
2 54 0.141
2 62 0.135
2 66 0.131
2 10 0.17
2 41 0.302
2 52 0.12
2 53 0.137
2 60 0.165
2 74 0.117
2 18 0.173
2 22 0.079
2 25 0.156
2 27 0.136
2 43 0.158
2 64 0.147
2 69 0.115
2 71 0.157
3 30 0.839
3 14 0.379
3 19 0.354
3 7 0.283
3 9 0.296
3 36 0.065
3 46 0.259
3 15 0.226
3 48 0.115
3 6 0.233
3 21 0.098
3 69 0.292
3 18 0.028
3 22 0.179
3 37 0.12
3 63 0.18
3 38 0.228
3 24 0.434
3 41 0.178
3 47 0.32
3 17 0.238
3 73 0.093
3 31 0.176
3 50 0.209
3 5 0.052
3 13 0.096
3 25 0.143
3 29 0.097
3 61 0.265
3 64 0.03
3 66 0.068
3 72 0.362
3 28 0.216
3 35 0.078
3 39 0.15
3 65 0.197
3 70 0.039
3 12 0.109
3 23 0.073
3 26 0.152
3 42 0.184
3 34 0.206
3 43 0.249
3 45 0.012
3 49 0.158
3 53 0.147
3 56 0.133
3 59 0.179
3 62 0.19
3 4 0.215
3 8 0.075
3 11 0.176
3 20 0.177
3 55 0.166
3 71 0.179
3 27 0.161
3 32 0.141
3 40 0.17
3 60 0.113
3 68 0.092
4 32 0.933
4 21 1
4 15 1
4 42 0.856
4 10 0.112
4 45 0.424
4 61 0.011
4 71 0.461
4 28 0.304
4 29 0.506
4 62 0.13
4 50 0.33
4 43 0.292
4 55 0.317
4 13 0.358
4 16 0.343
4 49 0.041
4 54 0.113
4 6 0.187
4 36 0.065
4 9 0.208
4 11 0.502
4 23 0.231
4 39 0.291
4 56 0.258
4 57 0.18
4 27 0.256
4 63 0.127
4 5 0.249
4 7 0.138
4 19 0.514
4 22 0.138
4 35 0.122
4 52 0.144
4 17 0.184
4 25 0.268
4 26 0.179
4 30 0.117
4 38 0.034
4 47 0.17
4 70 0.155
4 40 0.19
4 41 0.103
4 65 0.139
4 67 0.198
4 74 0.25
4 8 0.201
4 18 0.114
4 34 0.143
4 48 0.164
4 51 0.211
4 59 0.147
4 68 0.119
4 69 0.181
5 55 1
5 29 0.84
5 16 0.998
5 72 0.566
5 66 1
5 39 0.873
5 18 0.794
5 71 0.175
5 57 0.343
5 31 0.292
5 19 0.429
5 46 0.36
5 49 0.273
5 11 0.344
5 38 0.12
5 58 0.158
5 21 0.163
5 28 0.057
5 13 0.404
5 42 0.13
5 9 0.155
5 35 0.22
5 8 0.227
5 50 0.03
5 56 0.036
5 59 0.175
5 69 0.297
5 15 0.19
5 34 0.174
5 48 0.192
5 54 0.124
5 67 0.36
5 68 0.103
5 6 0.128
5 17 0.254
5 25 0.158
5 27 0.121
5 43 0.226
5 63 0.424
5 70 0.163
5 12 0.157
5 23 0.184
5 14 0.118
5 30 0.171
5 32 0.141
5 33 0.106
5 36 0.098
5 40 0.167
5 45 0.199
5 47 0.166
5 51 0.15
5 73 0.162
5 26 0.181
5 41 0.199
5 53 0.198
5 62 0.135
5 74 0.142
6 26 0.989
6 15 0.07
6 28 0.588
6 71 0.137
6 47 0.234
6 16 0.018
6 44 0.14
6 70 0.382
6 40 0.419
6 43 0.165
6 55 0.098
6 63 0.472
6 73 0.213
6 25 0.22
6 59 0.225
6 45 0.309
6 74 0.175
6 30 0.162
6 35 0.131
6 61 0.376
6 66 0.092
6 31 0.092
6 53 0.07
6 21 0.371
6 69 0.174
6 7 0.357
6 11 0.254
6 23 0.042
6 27 0.165
6 46 0.106
6 50 0.287
6 9 0.076
6 24 0.133
6 29 0.043
6 56 0.139
6 64 0.223
6 39 0.141
6 65 0.157
6 22 0.227
6 37 0.368
6 52 0.25
6 8 0.107
6 10 0.141
6 13 0.131
6 14 0.142
6 17 0.195
6 20 0.179
6 38 0.118
6 49 0.164
6 67 0.141
6 68 0.172
6 32 0.135
6 33 0.137
6 34 0.117
6 36 0.147
6 41 0.092
6 48 0.199
6 54 0.194
6 58 0.084
6 62 0.152
7 26 1
7 64 0.84
7 50 0.56
7 23 0.845
7 31 0.08
7 18 0.109
7 24 0.225
7 52 0.523
7 60 0.111
7 69 0.234
7 22 0.315
7 46 0.182
7 67 0.216
7 71 0.377
7 38 0.159
7 58 0.59
7 62 0.329
7 39 0.012
7 43 0.111
7 29 0.114
7 41 0.002
7 53 0.121
7 17 0.133
7 10 0.116
7 68 0.025
7 74 0.103
7 19 0.21
7 48 0.133
7 21 0.148
7 28 0.112
7 63 0.141
7 8 0.582
7 11 0.219
7 12 0.035
7 20 0.4
7 56 0.155
7 70 0.325
7 35 0.193
7 44 0.068
7 54 0.137
7 55 0.124
7 15 0.117
7 27 0.108
7 30 0.169
7 34 0.161
7 36 0.126
7 49 0.145
7 73 0.133
7 9 0.176
7 32 0.247
7 33 0.157
7 45 0.115
7 61 0.187
7 65 0.166
8 43 0.542
8 49 0.594
8 70 0.946
8 27 0.791
8 63 0.919
8 64 0.804
8 57 0.109
8 73 0.126
8 9 0.133
8 28 0.196
8 58 0.24
8 13 0.523
8 31 0.222
8 34 0.273
8 21 0.128
8 35 0.036
8 65 0.351
8 53 0.086
8 23 0.182
8 40 0.321
8 10 0.014
8 45 0.372
8 46 0.166
8 19 0.17
8 25 0.052
8 52 0.254
8 54 0.499
8 22 0.172
8 47 0.238
8 29 0.23
8 17 0.081
8 51 0.191
8 68 0.042
8 72 0.357
8 74 0.132
8 26 0.098
8 36 0.156
8 37 0.182
8 50 0.272
8 61 0.104
8 71 0.128
8 11 0.201
8 32 0.333
8 48 0.137
8 18 0.162
8 20 0.123
8 24 0.251
8 41 0.138
8 42 0.178
8 44 0.18
8 59 0.135
8 14 0.175
8 16 0.092
8 38 0.18
8 56 0.115
8 69 0.166
9 57 0.809
9 10 0.813
9 71 0.207
9 20 0.146
9 26 0.287
9 15 0.3
9 47 0.532
9 30 0.031
9 34 0.078
9 41 0.216
9 70 0.145
9 74 0.14
9 14 0.202
9 29 0.327
9 11 0.141
9 52 0.165
9 60 0.446
9 67 0.177
9 23 0.184
9 54 0.097
9 17 0.228
9 21 0.099
9 31 0.056
9 42 0.289
9 39 0.007
9 48 0.038
9 62 0.128
9 25 0.145
9 55 0.013
9 32 0.147
9 40 0.077
9 44 0.201
9 36 0.193
9 46 0.271
9 19 0.139
9 43 0.06
9 53 0.151
9 66 0.127
9 68 0.118
9 72 0.161
9 22 0.117
9 50 0.115
9 51 0.127
9 58 0.227
9 63 0.12
9 69 0.261
9 73 0.143
9 35 0.138
9 38 0.16
9 64 0.097
10 56 0.611
10 72 0.34
10 40 0.699
10 73 0.731
10 34 0.53
10 27 0.269
10 30 0.686
10 41 0.065
10 44 0.097
10 46 0.03
10 50 0.285
10 13 0.292
10 23 0.714
10 24 0.218
10 49 0.351
10 52 0.307
10 54 0.667
10 17 0.023
10 45 0.005
10 57 0.354
10 15 0.609
10 39 0.188
10 42 0.201
10 69 0.317
10 22 0.31
10 36 0.184
10 64 0.126
10 35 0.121
10 63 0.063
10 67 0.131
10 20 0.034
10 31 0.153
10 43 0.205
10 53 0.147
10 58 0.124
10 61 0.134
10 28 0.155
10 11 0.119
10 37 0.154
10 51 0.164
10 12 0.224
10 14 0.157
10 18 0.119
10 21 0.125
10 26 0.148
10 29 0.144
10 32 0.163
10 38 0.169
10 55 0.155
10 60 0.141
10 66 0.114
10 74 0.118
11 44 0.768
11 31 0.4
11 64 0.728
11 28 0.879
11 38 0.874
11 65 0.615
11 14 0.926
11 12 0.433
11 19 0.158
11 33 0.227
11 35 0.171
11 69 0.215
11 71 0.349
11 32 0.179
11 22 0.256
11 63 0.583
11 34 0.228
11 56 0.124
11 62 0.424
11 18 0.057
11 49 0.36
11 21 0.106
11 48 0.036
11 58 0.202
11 61 0.168
11 73 0.343
11 25 0.186
11 30 0.009
11 40 0.131
11 52 0.144
11 57 0.045
11 60 0.069
11 27 0.068
11 23 0.019
11 51 0.187
11 59 0.014
11 72 0.189
11 13 0.126
11 16 0.193
11 20 0.095
11 26 0.109
11 45 0.344
11 66 0.108
11 36 0.195
11 50 0.116
11 54 0.165
11 17 0.182
11 24 0.102
11 29 0.155
11 39 0.166
11 41 0.142
11 46 0.13
11 47 0.135
11 53 0.103
11 68 0.198
11 70 0.199
12 56 0.643
12 15 0.57
12 47 0.17
12 58 0.213
12 73 0.545
12 51 0.676
12 45 0.326
12 70 0.114
12 62 0.429
12 21 0.122
12 25 0.325
12 14 0.123
12 43 0.211
12 60 0.231
12 48 0.041
12 54 0.091
12 35 0.302
12 68 0.274
12 39 0.11
12 64 0.18
12 67 0.169
12 72 0.239
12 22 0.168
12 49 0.105
12 55 0.181
12 63 0.121
12 50 0.305
12 41 0.303
12 29 0.11
12 33 0.166
12 57 0.328
12 71 0.292
12 18 0.111
12 19 0.161
12 23 0.039
12 24 0.176
12 28 0.124
12 30 0.234
12 52 0.175
12 66 0.148
12 69 0.153
12 74 0.158
12 20 0.168
12 40 0.121
12 44 0.176
12 59 0.13
12 13 0.132
12 16 0.186
12 31 0.156
12 34 0.143
12 37 0.169
12 38 0.101
12 61 0.177
12 65 0.111
13 17 0.868
13 28 0.646
13 69 0.173
13 46 0.011
13 51 0.425
13 52 0.089
13 68 0.178
13 54 0.161
13 16 0.225
13 24 0.171
13 33 0.11
13 62 0.341
13 15 0.063
13 63 0.363
13 20 0.199
13 39 0.129
13 14 0.443
13 19 0.341
13 47 0.384
13 18 0.274
13 31 0.126
13 66 0.055
13 27 0.129
13 36 0.037
13 64 0.07
13 32 0.194
13 42 0.143
13 44 0.234
13 56 0.07
13 55 0.117
13 73 0.508
13 22 0.155
13 23 0.054
13 35 0.131
13 67 0.397
13 37 0.083
13 43 0.128
13 50 0.042
13 58 0.15
13 59 0.145
13 74 0.157
13 26 0.188
13 29 0.149
13 38 0.218
13 48 0.13
13 65 0.172
14 42 0.628
14 15 1
14 34 0.731
14 71 0.502
14 73 0.378
14 35 0.175
14 39 0.216
14 49 0.254
14 18 0.183
14 54 0.202
14 63 0.096
14 70 0.044
14 58 0.213
14 74 0.57
14 36 0.238
14 23 0.096
14 46 0.148
14 47 0.187
14 19 0.148
14 65 0.13
14 67 0.209
14 53 0.115
14 57 0.049
14 69 0.387
14 16 0.068
14 21 0.219
14 43 0.164
14 48 0.203
14 61 0.027
14 24 0.173
14 33 0.221
14 37 0.165
14 22 0.117
14 25 0.12
14 38 0.134
14 26 0.154
14 41 0.202
14 51 0.094
14 52 0.218
14 68 0.14
14 72 0.131
14 27 0.083
14 30 0.145
14 31 0.215
14 32 0.101
14 44 0.095
14 45 0.155
14 66 0.167
14 28 0.176
14 29 0.192
14 40 0.096
14 50 0.178
14 55 0.156
14 59 0.105
14 56 0.132
14 62 0.2
14 64 0.197
15 30 0.568
15 37 0.236
15 16 0.453
15 73 0.299
15 23 0.376
15 51 0.114
15 70 0.584
15 38 0.229
15 26 0.207
15 56 0.371
15 57 0.362
15 48 0.197
15 72 0.291
15 27 0.206
15 39 0.207
15 63 0.124
15 66 0.333
15 69 0.391
15 22 0.294
15 28 0.102
15 67 0.058
15 25 0.175
15 54 0.101
15 19 0.091
15 44 0.123
15 17 0.176
15 21 0.118
15 53 0.159
15 68 0.022
15 24 0.164
15 33 0.251
15 36 0.407
15 55 0.161
15 61 0.135
15 65 0.166
15 34 0.043
15 40 0.139
15 74 0.188
15 20 0.164
15 32 0.211
15 35 0.066
15 47 0.173
15 59 0.162
15 60 0.145
15 41 0.204
15 45 0.128
15 46 0.154
15 71 0.132
16 67 0.906
16 69 0.636
16 72 0.934
16 18 0.535
16 71 0.271
16 21 0.217
16 43 0.301
16 27 0.172
16 33 0.155
16 59 0.628
16 19 0.192
16 44 0.12
16 73 0.138
16 68 0.313
16 70 0.213
16 22 0.183
16 50 0.174
16 28 0.297
16 31 0.055
16 20 0.107
16 40 0.112
16 57 0.183
16 74 0.317
16 23 0.081
16 29 0.193
16 34 0.094
16 37 0.175
16 39 0.111
16 54 0.167
16 60 0.224
16 45 0.322
16 47 0.145
16 61 0.125
16 26 0.118
16 35 0.165
16 48 0.041
16 53 0.209
16 55 0.169
16 24 0.086
16 30 0.171
16 51 0.26
16 66 0.133
16 38 0.146
16 56 0.107
17 66 0.585
17 65 0.81
17 33 0.378
17 56 0.041
17 42 0.353
17 30 0.384
17 39 0.697
17 57 0.082
17 22 0.031
17 47 0.072
17 53 0.542
17 34 0.116
17 38 0.012
17 44 0.148
17 26 0.226
17 27 0.083
17 37 0.387
17 55 0.24
17 36 0.212
17 45 0.371
17 73 0.134
17 20 0.164
17 23 0.232
17 58 0.065
17 61 0.244
17 64 0.244
17 48 0.24
17 70 0.173
17 54 0.301
17 62 0.129
17 19 0.22
17 35 0.188
17 41 0.168
17 52 0.178
17 67 0.115
17 29 0.167
17 49 0.183
17 59 0.145
17 68 0.123
17 74 0.26
17 32 0.147
17 43 0.154
17 46 0.241
17 50 0.137
17 60 0.154
17 69 0.188
17 72 0.138
18 62 0.708
18 58 0.649
18 59 0.68
18 69 0.987
18 21 0.59
18 20 0.526
18 29 0.085
18 25 0.483
18 47 0.298
18 52 0.12
18 35 0.029
18 46 0.019
18 56 0.198
18 74 0.518
18 37 0.166
18 51 0.458
18 43 0.14
18 64 0.064
18 23 0.107
18 36 0.042
18 73 0.146
18 48 0.322
18 54 0.227
18 30 0.067
18 33 0.57
18 45 0.181
18 60 0.208
18 19 0.193
18 34 0.431
18 42 0.259
18 71 0.201
18 24 0.077
18 22 0.146
18 50 0.12
18 28 0.142
18 31 0.146
18 39 0.121
18 41 0.155
18 63 0.147
18 67 0.146
18 70 0.181
19 43 1
19 66 0.781
19 23 0.912
19 24 0.464
19 54 0.451
19 39 0.07
19 74 0.489
19 36 0.191
19 21 0.193
19 34 0.438
19 41 0.393
19 64 0.082
19 61 0.373
19 73 0.035
19 28 0.135
19 30 0.374
19 32 0.187
19 57 0.491
19 46 0.345
19 27 0.259
19 60 0.139
19 45 0.171
19 56 0.288
19 52 0.122
19 58 0.27
19 55 0.254
19 72 0.132
19 31 0.147
19 38 0.095
19 42 0.217
19 44 0.153
19 47 0.401
19 62 0.062
19 26 0.22
19 48 0.111
19 53 0.184
19 59 0.155
19 67 0.198
19 49 0.155
19 63 0.127
19 65 0.136
19 71 0.173
19 20 0.169
19 22 0.134
19 25 0.183
19 40 0.178
19 70 0.109
20 74 0.961
20 29 0.559
20 63 0.443
20 70 0.737
20 40 0.564
20 39 0.124
20 47 0.313
20 30 0.171
20 36 0.008
20 57 0.305
20 67 0.325
20 53 0.335
20 54 0.598
20 69 0.222
20 21 0.419
20 60 0.065
20 71 0.146
20 34 0.146
20 61 0.391
20 46 0.267
20 22 0.013
20 49 0.045
20 68 0.146
20 35 0.041
20 45 0.171
20 52 0.17
20 56 0.134
20 28 0.197
20 62 0.122
20 25 0.216
20 38 0.14
20 65 0.092
20 23 0.186
20 26 0.187
20 27 0.119
20 32 0.198
20 33 0.126
20 41 0.165
20 42 0.112
20 43 0.176
20 51 0.137
20 73 0.028
20 24 0.128
20 31 0.112
20 50 0.178
20 55 0.17
20 66 0.227
20 72 0.156
21 37 1
21 28 0.635
21 57 0.709
21 22 0.907
21 44 0.582
21 61 0.253
21 49 0.03
21 50 0.099
21 54 0.094
21 24 0.315
21 52 0.113
21 45 0.515
21 33 0.446
21 69 0.031
21 31 0.316
21 65 0.125
21 68 0.106
21 41 0.081
21 72 0.157
21 36 0.039
21 39 0.177
21 47 0.288
21 58 0.129
21 67 0.174
21 23 0.128
21 60 0.175
21 56 0.248
21 66 0.165
21 71 0.268
21 25 0.145
21 62 0.148
21 74 0.2
21 26 0.15
21 29 0.115
21 35 0.104
21 46 0.079
21 59 0.118
21 32 0.133
21 34 0.177
21 48 0.123
21 51 0.168
21 64 0.179
21 38 0.171
21 42 0.148
21 53 0.138
21 55 0.148
21 63 0.172
21 73 0.15
22 39 0.421
22 59 0.7
22 25 0.216
22 61 0.085
22 72 0.3
22 65 0.108
22 66 0.152
22 73 0.309
22 74 0.188
22 32 0.047
22 69 0.446
22 24 0.057
22 54 0.067
22 57 0.031
22 70 0.046
22 27 0.382
22 49 0.568
22 56 0.015
22 23 0.156
22 31 0.229
22 38 0.039
22 55 0.263
22 62 0.123
22 35 0.219
22 42 0.093
22 45 0.174
22 64 0.057
22 36 0.167
22 37 0.101
22 48 0.318
22 68 0.17
22 29 0.149
22 63 0.15
22 26 0.19
22 30 0.141
22 33 0.141
22 34 0.137
22 41 0.128
22 43 0.16
22 58 0.114
22 60 0.17
23 53 0.957
23 46 0.351
23 54 0.609
23 38 0.204
23 45 0.143
23 70 0.275
23 49 0.141
23 25 0.237
23 26 0.12
23 39 0.134
23 60 0.054
23 35 0.189
23 37 0.321
23 40 0.254
23 30 0.296
23 72 0.091
23 67 0.185
23 28 0.177
23 42 0.135
23 31 0.272
23 43 0.149
23 51 0.196
23 52 0.278
23 73 0.117
23 29 0.093
23 32 0.293
23 33 0.115
23 55 0.013
23 71 0.227
23 27 0.061
23 34 0.125
23 44 0.377
23 58 0.152
23 63 0.14
23 68 0.23
23 47 0.158
23 61 0.003
23 74 0.161
23 48 0.135
23 56 0.104
23 59 0.179
24 61 0.603
24 62 0.958
24 55 1
24 64 0.62
24 31 0.486
24 46 0.139
24 43 0.046
24 49 0.03
24 53 0.428
24 59 0.306
24 70 0.362
24 36 0.202
24 40 0.111
24 52 0.013
24 60 0.274
24 66 0.269
24 71 0.002
24 45 0.347
24 68 0.213
24 47 0.05
24 65 0.503
24 33 0.101
24 38 0.068
24 48 0.139
24 51 0.08
24 63 0.37
24 67 0.501
24 26 0.54
24 41 0.343
24 50 0.16
24 72 0.127
24 54 0.382
24 73 0.05
24 27 0.279
24 39 0.222
24 56 0.145
24 29 0.127
24 69 0.117
24 74 0.248
24 28 0.166
24 30 0.137
24 32 0.196
24 35 0.133
24 37 0.156
25 49 0.789
25 38 0.67
25 51 0.493
25 33 0.233
25 46 0.053
25 50 0.313
25 52 0.041
25 65 0.493
25 44 0.136
25 53 0.166
25 43 0.442
25 39 0.176
25 61 0.141
25 64 0.206
25 37 0.047
25 63 0.423
25 29 0.15
25 32 0.395
25 34 0.147
25 35 0.179
25 45 0.25
25 36 0.214
25 67 0.175
25 72 0.339
25 62 0.137
25 48 0.137
25 66 0.15
25 68 0.072
25 73 0.111
25 27 0.157
25 31 0.168
25 54 0.001
25 56 0.157
25 57 0.127
25 59 0.173
25 70 0.184
26 43 0.684
26 45 0.378
26 52 0.115
26 29 0.235
26 32 0.526
26 54 0.472
26 40 0.259
26 27 0.047
26 30 0.224
26 42 0.367
26 62 0.245
26 67 0.301
26 69 0.322
26 73 0.108
26 38 0.601
26 56 0.025
26 68 0.447
26 74 0.315
26 28 0.162
26 57 0.191
26 58 0.161
26 66 0.395
26 47 0.006
26 37 0.163
26 50 0.306
26 59 0.168
26 60 0.132
26 61 0.157
26 72 0.143
26 31 0.129
26 39 0.141
26 41 0.239
26 48 0.167
26 51 0.044
26 53 0.325
26 55 0.162
26 34 0.184
26 65 0.154
26 70 0.136
27 55 0.108
27 28 0.256
27 60 0.391
27 65 0.538
27 38 0.621
27 68 0.483
27 70 0.045
27 40 0.244
27 31 0.118
27 54 0.196
27 32 0.32
27 47 0.229
27 43 0.407
27 56 0.22
27 73 0.186
27 30 0.044
27 35 0.283
27 36 0.128
27 61 0.227
27 66 0.007
27 71 0.156
27 50 0.134
27 58 0.162
27 59 0.127
27 67 0.187
27 72 0.219
27 34 0.179
27 57 0.122
27 63 0.146
27 39 0.13
27 44 0.179
27 46 0.151
27 48 0.12
27 49 0.184
27 52 0.162
27 53 0.167
27 64 0.106
28 58 0.856
28 60 1
28 59 1
28 47 0.07
28 69 0.098
28 40 0.345
28 71 0.14
28 34 0.278
28 49 0.128
28 36 0.175
28 55 0.112
28 50 0.239
28 29 0.106
28 31 0.222
28 68 0.387
28 43 0.149
28 46 0.088
28 32 0.137
28 33 0.126
28 45 0.232
28 61 0.116
28 35 0.12
28 39 0.128
28 42 0.102
28 70 0.081
28 37 0.146
28 41 0.147
28 53 0.195
28 54 0.16
28 74 0.253
28 51 0.18
28 57 0.157
28 64 0.123
28 65 0.271
28 44 0.124
28 62 0.121
28 63 0.205
28 73 0.203
29 53 1
29 73 0.447
29 33 0.415
29 45 0.046
29 63 0.376
29 59 0.19
29 67 0.165
29 37 0.339
29 43 0.189
29 46 0.319
29 55 0.214
29 51 0.198
29 52 0.106
29 56 0.242
29 66 0.491
29 71 0.057
29 44 0.073
29 41 0.074
29 48 0.215
29 60 0.219
29 69 0.148
29 74 0.052
29 30 0.201
29 36 0.211
29 58 0.182
29 62 0.088
29 54 0.064
29 68 0.217
29 34 0.173
29 49 0.103
29 70 0.149
29 72 0.15
29 32 0.137
29 61 0.138
29 64 0.141
30 50 0.744
30 36 0.38
30 39 0.553
30 56 0.146
30 35 0.092
30 44 0.032
30 48 0.13
30 43 0.194
30 69 0.275
30 31 0.176
30 64 0.156
30 66 0.376
30 41 0.355
30 34 0.036
30 52 0.137
30 55 0.629
30 71 0.081
30 73 0.187
30 40 0.219
30 60 0.057
30 33 0.176
30 65 0.336
30 47 0.1
30 61 0.108
30 63 0.181
30 67 0.198
30 72 0.066
30 38 0.134
30 58 0.141
30 59 0.32
30 68 0.024
30 70 0.278
30 74 0.045
30 42 0.138
30 45 0.189
30 49 0.168
30 51 0.158
30 46 0.153
30 57 0.191
31 57 0.844
31 58 0.624
31 38 0.859
31 46 0.078
31 56 0.183
31 65 0.225
31 70 0.264
31 34 0.171
31 39 0.243
31 51 0.057
31 61 0.088
31 53 0.239
31 41 0.26
31 45 0.145
31 63 0.241
31 42 0.462
31 55 0.347
31 59 0.134
31 64 0.04
31 32 0.267
31 44 0.092
31 71 0.273
31 74 0.146
31 67 0.168
31 73 0.174
31 37 0.178
31 43 0.109
31 50 0.14
31 60 0.201
31 69 0.149
31 52 0.152
31 72 0.208
31 35 0.183
31 36 0.202
31 48 0.165
31 54 0.146
31 62 0.241
31 66 0.169
32 37 1
32 68 0.288
32 41 0.269
32 60 0.428
32 70 0.164
32 46 0.578
32 65 0.149
32 34 0.266
32 69 0.134
32 54 0.068
32 74 0.02
32 44 0.136
32 49 0.274
32 63 0.378
32 47 0.133
32 51 0.333
32 53 0.188
32 55 0.181
32 58 0.357
32 40 0.192
32 61 0.242
32 62 0.239
32 33 0.135
32 39 0.256
32 45 0.355
32 48 0.144
32 66 0.096
32 43 0.19
32 50 0.041
32 52 0.198
32 56 0.044
32 73 0.262
32 38 0.177
32 42 0.152
32 36 0.137
32 57 0.189
32 67 0.143
32 71 0.125
32 72 0.183
33 35 0.474
33 70 0.141
33 71 0.22
33 41 0.093
33 69 0.049
33 39 0.292
33 48 0.349
33 66 0.33
33 37 0.065
33 50 0.282
33 51 0.483
33 38 0.194
33 40 0.379
33 44 0.272
33 45 0.096
33 46 0.153
33 55 0.29
33 56 0.202
33 65 0.173
33 36 0.164
33 59 0.142
33 60 0.167
33 61 0.204
33 64 0.154
33 68 0.11
33 74 0.159
33 49 0.137
33 34 0.146
33 42 0.126
33 43 0.116
33 47 0.173
33 57 0.182
33 58 0.18
34 65 0.924
34 66 0.367
34 68 0.404
34 39 0.687
34 52 0.185
34 53 0.032
34 57 0.441
34 60 0.228
34 69 0.407
34 37 0.332
34 41 0.267
34 48 0.207
34 43 0.101
34 44 0.135
34 70 0.004
34 72 0.28
34 49 0.226
34 63 0.374
34 73 0.159
34 50 0.152
34 51 0.287
34 58 0.302
34 62 0.182
34 36 0.137
34 46 0.188
34 47 0.177
34 35 0.011
34 61 0.202
34 45 0.232
34 59 0.022
34 38 0.205
34 42 0.162
34 54 0.167
34 64 0.146
34 74 0.114
35 74 0.68
35 73 0.273
35 49 0.103
35 38 0.263
35 53 0.128
35 62 0.533
35 66 0.324
35 40 0.035
35 68 0.31
35 72 0.178
35 60 0.756
35 64 0.306
35 47 0.027
35 51 0.137
35 70 0.245
35 46 0.445
35 50 0.018
35 71 0.204
35 45 0.227
35 54 0.244
35 67 0.351
35 37 0.07
35 58 0.199
35 59 0.136
35 36 0.134
35 39 0.133
35 43 0.164
35 48 0.133
35 57 0.17
36 71 0.61
36 69 0.877
36 56 1
36 68 0.727
36 65 0.53
36 39 0.405
36 66 0.571
36 73 0.33
36 72 0.263
36 49 0.082
36 50 0.175
36 54 0.18
36 58 0.224
36 63 0.175
36 38 0.28
36 43 0.193
36 44 0.187
36 60 0.161
36 61 0.147
36 67 0.175
36 42 0.011
36 46 0.184
36 62 0.237
36 37 0.218
36 40 0.154
36 45 0.14
36 48 0.144
36 55 0.177
36 57 0.165
36 74 0.163
37 52 1
37 66 0.792
37 48 0.232
37 58 0.018
37 45 0.259
37 49 0.38
37 54 0.202
37 61 0.039
37 70 0.362
37 59 0.175
37 68 0.579
37 46 0.484
37 60 0.187
37 43 0.192
37 62 0.42
37 55 0.137
37 64 0.175
37 72 0.09
37 40 0.198
37 53 0.044
37 67 0.339
37 44 0.344
37 74 0.021
37 39 0.15
37 41 0.213
37 56 0.268
37 71 0.177
37 50 0.173
37 51 0.149
37 63 0.145
37 69 0.11
37 73 0.174
38 39 0.56
38 43 0.117
38 53 0.088
38 57 0.181
38 64 0.23
38 67 0.098
38 68 0.203
38 48 0.35
38 71 0.263
38 54 0.289
38 69 0.548
38 50 0.173
38 42 0.134
38 65 0.144
38 74 0.217
38 52 0.168
38 47 0.134
38 45 0.141
38 56 0.409
38 59 0.221
38 62 0.383
38 46 0.004
38 51 0.166
38 44 0.19
38 49 0.159
38 60 0.147
38 73 0.137
38 63 0.124
38 66 0.187
39 68 0.825
39 48 0.095
39 49 0.377
39 61 0.163
39 67 0.287
39 47 0.264
39 41 0.595
39 53 0.146
39 56 0.126
39 65 0.086
39 60 0.503
39 62 0.193
39 69 0.086
39 42 0.297
39 64 0.4
39 70 0.258
39 63 0.186
39 55 0.143
39 57 0.028
39 73 0.185
39 44 0.13
39 54 0.289
39 59 0.192
39 66 0.304
39 71 0.128
39 46 0.169
39 52 0.152
39 72 0.203
39 74 0.193
40 54 0.642
40 69 0.524
40 74 1
40 52 0.814
40 49 0.207
40 66 0.588
40 43 0.082
40 46 0.236
40 47 0.536
40 44 0.2
40 71 0.055
40 60 0.022
40 70 0.15
40 59 0.107
40 64 0.003
40 51 0.066
40 56 0.187
40 61 0.352
40 58 0.143
40 57 0.218
40 65 0.168
40 72 0.164
40 73 0.119
40 48 0.249
40 53 0.144
40 63 0.09
40 42 0.171
40 45 0.222
40 50 0.13
40 55 0.193
40 67 0.123
40 68 0.184
41 42 0.922
41 52 0.661
41 60 0.12
41 54 0.271
41 44 0.257
41 43 0.014
41 74 0.099
41 51 0.194
41 65 0.16
41 70 0.163
41 48 0.123
41 55 0.161
41 58 0.13
41 46 0.136
41 50 0.049
41 53 0.039
41 67 0.136
41 68 0.295
41 73 0.201
41 61 0.139
41 62 0.139
41 63 0.122
41 64 0.177
41 45 0.162
41 47 0.174
41 57 0.151
41 69 0.141
42 44 0.878
42 45 0.768
42 60 0.366
42 65 0.193
42 72 0.36
42 71 0.308
42 69 0.153
42 73 0.167
42 54 0.246
42 62 0.151
42 68 0.23
42 70 0.193
42 74 0.395
42 63 0.154
42 47 0.104
42 53 0.246
42 56 0.162
42 66 0.185
42 67 0.16
42 50 0.171
42 49 0.142
42 55 0.054
42 57 0.16
42 52 0.13
42 58 0.147
42 43 0.127
42 64 0.096
43 65 0.942
43 72 1
43 51 0.453
43 61 0.179
43 63 0.654
43 44 0.201
43 70 0.344
43 74 0.089
43 52 0.132
43 58 0.244
43 59 0.158
43 53 0.097
43 60 0.138
43 66 0.313
43 73 0.249
43 64 0.115
43 67 0.108
43 48 0.169
43 50 0.183
43 57 0.136
43 69 0.246
43 45 0.166
43 54 0.168
43 62 0.207
43 68 0.122
43 46 0.173
43 71 0.145
44 47 0.151
44 59 0.343
44 69 0.661
44 54 0.02
44 53 0.256
44 55 0.208
44 68 0.072
44 45 0.154
44 60 0.382
44 61 0.13
44 70 0.317
44 63 0.217
44 52 0.18
44 62 0.344
44 67 0.12
44 73 0.195
44 74 0.155
44 50 0.163
44 66 0.112
44 71 0.205
44 72 0.17
45 59 0.695
45 53 1
45 67 0.315
45 72 0.508
45 48 0.367
45 55 0.32
45 63 0.47
45 71 0.145
45 73 0.202
45 52 0.3
45 57 0.165
45 46 0.112
45 62 0.108
45 70 0.287
45 47 0.143
45 51 0.159
45 58 0.029
45 60 0.287
45 64 0.141
45 74 0.268
45 69 0.185
45 54 0.12
45 56 0.194
46 54 0.545
46 74 0.527
46 47 0.291
46 49 0.046
46 57 0.167
46 50 0.073
46 59 0.459
46 67 0.302
46 58 0.329
46 65 0.346
46 51 0.144
46 63 0.298
46 70 0.137
46 72 0.333
46 73 0.205
46 48 0.139
46 52 0.124
46 55 0.15
46 56 0.093
46 64 0.139
46 71 0.147
47 50 1
47 62 0.848
47 53 0.377
47 55 0.25
47 68 0.512
47 66 0.333
47 67 0.025
47 65 0.13
47 49 0.325
47 60 0.311
47 52 0.217
47 51 0.283
47 61 0.208
47 64 0.195
47 70 0.239
47 71 0.311
47 72 0.188
47 54 0.135
47 56 0.155
47 73 0.151
47 74 0.249
47 57 0.155
47 69 0.106
48 57 0.072
48 64 0.09
48 67 0.548
48 68 0.269
48 72 0.145
48 56 0.393
48 58 0.369
48 54 0.49
48 60 0.172
48 70 0.111
48 55 0.056
48 63 0.22
48 65 0.139
48 66 0.13
48 50 0.129
48 53 0.103
48 59 0.024
48 49 0.162
48 69 0.16
48 71 0.145
48 73 0.265
48 74 0.165
48 52 0.156
49 66 1
49 52 0.704
49 55 0.304
49 73 0.049
49 59 0.321
49 54 0.159
49 64 0.226
49 50 0.529
49 53 0.072
49 63 0.375
49 69 0.094
49 57 0.15
49 51 0.175
49 58 0.172
49 74 0.141
49 65 0.258
49 67 0.168
49 72 0.155
50 52 0.479
50 57 0.12
50 63 0.118
50 58 0.45
50 64 0.33
50 68 0.117
50 72 0.329
50 55 0.179
50 73 0.265
50 71 0.046
50 54 0.156
50 70 0.227
50 69 0.187
50 51 0.272
50 61 0.177
50 56 0.151
50 59 0.121
50 66 0.148
50 53 0.116
50 60 0.151
50 62 0.172
51 55 0.402
51 69 0.263
51 70 0.133
51 60 0.16
51 61 0.339
51 65 0.535
51 57 0.072
51 71 0.288
51 54 0.155
51 59 0.164
51 62 0.13
51 52 0.147
51 68 0.06
51 53 0.422
51 73 0.247
51 63 0.148
51 74 0.064
51 66 0.165
52 53 0.913
52 58 0.3
52 60 0.214
52 61 0.061
52 74 0.178
52 64 0.232
52 66 0.031
52 57 0.113
52 67 0.091
52 72 0.145
52 73 0.062
52 54 0.16
52 56 0.048
52 63 0.135
52 69 0.13
52 59 0.193
52 70 0.171
53 57 0.795
53 74 0.006
53 68 0.431
53 72 0.11
53 73 0.319
53 69 0.253
53 60 0.095
53 70 0.054
53 71 0.513
53 59 0.085
53 58 0.077
53 64 0.15
53 65 0.116
53 54 0.134
53 67 0.165
53 56 0.18
53 62 0.335
53 55 0.177
53 61 0.165
54 73 0.85
54 60 0.103
54 57 0.262
54 64 0.33
54 70 0.172
54 66 0.248
54 69 0.387
54 56 0.389
54 67 0.246
54 59 0.11
54 71 0.225
54 58 0.116
54 68 0.114
54 61 0.095
54 74 0.187
54 65 0.123
55 56 0.32
55 74 0.233
55 67 0.299
55 70 0.651
55 69 0.383
55 60 0.072
55 72 0.209
55 73 0.056
55 61 0.282
55 63 0.239
55 68 0.177
55 65 0.112
55 58 0.257
55 66 0.2
55 71 0.162
55 64 0.064
56 64 1
56 74 0.698
56 58 0.143
56 62 0.41
56 61 0.186
56 60 0.164
56 71 0.144
56 57 0.183
56 68 0.167
56 63 0.311
56 67 0.12
56 73 0.301
56 72 0.216
57 66 0.209
57 74 0.162
57 73 0.143
57 59 0.404
57 58 0.241
57 68 0.137
57 71 0.456
57 67 0.262
57 62 0.311
57 70 0.19
57 60 0.245
57 69 0.162
57 72 0.169
57 64 0.151
57 65 0.146
58 74 1
58 71 0.658
58 61 0.258
58 72 0.368
58 62 0.373
58 73 0.348
58 60 0.128
58 63 0.182
58 66 0.064
58 65 0.154
58 70 0.133
59 60 0.983
59 69 0.103
59 73 0.295
59 66 0.22
59 67 0.219
59 63 0.183
59 61 0.208
59 62 0.153
59 64 0.109
59 68 0.111
59 70 0.139
59 65 0.118
59 74 0.137
60 61 0.724
60 63 0.853
60 62 0.012
60 65 0.606
60 69 0.227
60 72 0.008
60 64 0.099
60 66 0.021
60 74 0.061
60 70 0.207
60 71 0.144
60 73 0.135
61 66 0.35
61 74 0.18
61 69 0.052
61 73 0.148
61 65 0.01
61 68 0.153
61 71 0.224
61 63 0.139
61 64 0.134
61 70 0.091
61 62 0.159
61 72 0.195
62 66 0.957
62 74 0.883
62 63 0.261
62 72 0.556
62 69 0.123
62 73 0.156
62 65 0.113
62 64 0.157
62 68 0.158
63 70 0.42
63 67 0.105
63 66 0.132
63 71 0.192
63 65 0.276
63 73 0.117
63 74 0.184
63 64 0.115
63 69 0.139
63 68 0.152
64 72 1
64 70 0.662
64 73 0.272
64 74 0.012
64 65 0.21
64 67 0.095
64 68 0.147
64 71 0.154
64 66 0.181
65 69 0.762
65 67 1
65 71 0.102
65 68 0.739
65 66 0.214
65 70 0.13
65 72 0.155
66 69 0.862
66 71 0.134
66 73 0.18
66 68 0.276
66 70 0.155
66 74 0.123
67 69 0.109
67 71 0.329
67 73 0.148
67 74 0.166
68 72 0.449
68 74 0.304
68 69 0.21
68 70 0.094
68 71 0.2
68 73 0.173
69 72 0.546
69 71 0.105
69 73 0.21
69 70 0.151
70 71 0.312
70 73 0.998
70 72 0.351
70 74 0.125
71 74 0.154
72 74 0.658
72 73 0.159
73 74 0.188
