0 55 1
0 36 0.814
0 39 0.737
0 34 0.538
0 65 0.666
0 10 0.86
0 30 0.698
0 2 0.168
0 56 0.163
0 13 0.152
0 25 0.155
0 66 0.163
0 33 0.163
0 37 0.137
0 57 0.183
0 3 0.148
0 15 0.102
0 16 0.183
0 45 0.148
0 53 0.124
0 62 0.19
0 73 0.156
0 1 0.137
0 5 0.117
0 17 0.112
0 38 0.118
0 40 0.162
0 43 0.147
0 59 0.173
0 61 0.191
0 68 0.176
0 72 0.085
0 74 0.172
1 70 0.959
1 2 1
1 56 0.666
1 10 0.514
1 6 0.718
1 64 0.604
1 8 0.765
1 4 0.733
1 68 0.582
1 40 0.182
1 69 0.189
1 32 0.161
1 39 0.086
1 7 0.182
1 22 0.116
1 46 0.18
1 66 0.165
1 20 0.162
1 43 0.219
1 51 0.168
1 60 0.154
1 61 0.179
1 67 0.199
1 11 0.176
1 12 0.155
1 19 0.206
1 21 0.181
1 34 0.169
1 37 0.162
1 38 0.124
1 42 0.122
1 48 0.168
1 50 0.169
1 62 0.145
1 63 0.13
1 74 0.169
2 47 0.724
2 67 0.611
2 20 1
2 52 0.779
2 7 0.533
2 57 0.803
2 59 0.532
2 74 1
2 33 0.913
2 56 0.694
2 6 0.676
2 11 0.51
2 24 0.132
2 19 0.121
2 3 0.1
2 12 0.098
2 22 0.115
2 44 0.192
2 4 0.136
2 9 0.153
2 26 0.154
2 50 0.17
2 55 0.149
2 60 0.136
2 62 0.152
2 65 0.152
2 13 0.131
2 14 0.114
2 21 0.102
2 23 0.114
2 27 0.138
2 28 0.127
2 29 0.144
2 30 0.135
2 31 0.166
2 37 0.152
2 46 0.152
2 53 0.17
2 58 0.14
2 71 0.175
2 73 0.199
3 71 0.712
3 70 0.936
3 25 0.637
3 41 0.783
3 13 0.737
3 15 0.501
3 8 0.802
3 61 0.145
3 23 0.229
3 51 0.15
3 64 0.194
3 14 0.085
3 72 0.197
3 18 0.14
3 6 0.162
3 7 0.168
3 16 0.158
3 19 0.186
3 21 0.135
3 44 0.142
3 55 0.108
3 58 0.173
3 4 0.199
3 34 0.19
3 35 0.165
3 37 0.091
3 45 0.14
3 46 0.139
3 47 0.147
3 67 0.132
3 73 0.123
3 74 0.193
4 41 1
4 61 0.637
4 6 0.952
4 7 1
4 15 0.965
4 39 0.959
4 42 0.774
4 14 0.54
4 11 0.563
4 47 0.752
4 66 0.52
4 52 0.146
4 60 0.22
4 72 0.136
4 5 0.126
4 32 0.149
4 56 0.162
4 68 0.167
4 30 0.151
4 34 0.15
4 36 0.18
4 40 0.127
4 48 0.168
4 54 0.167
4 59 0.231
4 70 0.154
4 74 0.159
4 8 0.099
4 9 0.142
4 12 0.174
4 16 0.156
4 18 0.135
4 23 0.137
4 25 0.129
4 26 0.136
4 28 0.165
4 29 0.092
4 45 0.216
4 46 0.106
4 51 0.123
4 55 0.104
4 62 0.146
4 67 0.153
5 6 0.786
5 72 0.586
5 13 0.9
5 65 0.533
5 67 0.738
5 35 0.563
5 54 0.149
5 10 0.152
5 26 0.105
5 31 0.144
5 40 0.159
5 56 0.139
5 58 0.15
5 39 0.115
5 61 0.152
5 9 0.176
5 14 0.141
5 34 0.218
5 42 0.181
5 51 0.189
5 57 0.149
5 60 0.146
5 15 0.166
5 21 0.153
5 22 0.122
5 28 0.086
5 29 0.152
5 30 0.19
5 37 0.119
5 41 0.178
5 43 0.132
5 48 0.145
5 62 0.181
5 64 0.206
5 68 0.149
6 29 0.858
6 30 0.797
6 28 0.766
6 67 0.175
6 12 0.084
6 10 0.1
6 18 0.159
6 32 0.152
6 36 0.159
6 41 0.159
6 46 0.141
6 47 0.161
6 51 0.172
6 61 0.195
6 63 0.186
6 7 0.108
6 8 0.196
6 13 0.161
6 16 0.169
6 22 0.129
6 27 0.123
6 39 0.135
6 40 0.196
6 49 0.164
6 54 0.146
6 58 0.218
6 60 0.156
6 62 0.17
6 65 0.169
6 66 0.159
7 63 0.856
7 26 0.905
7 18 1
7 17 1
7 65 0.588
7 58 0.506
7 21 0.596
7 60 0.976
7 57 0.776
7 41 0.136
7 27 0.122
7 31 0.124
7 43 0.169
7 56 0.142
7 71 0.17
7 25 0.111
7 35 0.167
7 46 0.096
7 48 0.172
7 62 0.087
7 12 0.17
7 16 0.188
7 19 0.134
7 32 0.205
7 40 0.16
7 44 0.184
7 51 0.107
7 52 0.19
7 55 0.106
7 59 0.141
7 66 0.115
7 67 0.136
8 24 0.993
8 52 0.758
8 39 1
8 46 0.923
8 11 0.632
8 70 0.692
8 16 0.716
8 27 0.088
8 13 0.192
8 72 0.227
8 9 0.183
8 17 0.174
8 37 0.139
8 55 0.128
8 62 0.156
8 15 0.159
8 22 0.126
8 25 0.217
8 28 0.114
8 29 0.097
8 30 0.14
8 33 0.18
8 38 0.178
8 43 0.119
8 54 0.207
8 57 0.15
8 60 0.18
8 61 0.104
8 67 0.168
8 73 0.142
8 74 0.192
9 42 1
9 46 0.637
9 52 0.826
9 58 0.762
9 24 0.897
9 14 0.606
9 21 0.674
9 60 0.689
9 11 0.531
9 22 0.631
9 27 0.681
9 18 0.672
9 69 0.715
9 71 0.183
9 37 0.177
9 38 0.131
9 57 0.119
9 13 0.186
9 41 0.205
9 48 0.138
9 67 0.158
9 35 0.159
9 45 0.102
9 74 0.192
9 12 0.102
9 15 0.158
9 23 0.182
9 31 0.14
9 32 0.099
9 49 0.157
9 50 0.194
9 56 0.151
9 61 0.155
9 63 0.111
9 66 0.139
10 50 0.94
10 43 0.814
10 15 0.889
10 56 0.729
10 14 0.761
10 19 0.531
10 52 0.657
10 44 0.117
10 11 0.122
10 18 0.162
10 26 0.172
10 39 0.19
10 72 0.139
10 13 0.152
10 30 0.093
10 40 0.171
10 45 0.129
10 49 0.16
10 57 0.097
10 62 0.133
10 22 0.131
10 23 0.154
10 32 0.127
10 41 0.116
10 42 0.126
10 51 0.199
10 60 0.16
10 64 0.196
10 65 0.159
10 66 0.142
10 71 0.161
11 54 0.674
11 23 0.636
11 61 0.882
11 24 0.529
11 56 0.784
11 59 0.931
11 69 0.596
11 14 0.51
11 68 0.158
11 29 0.165
11 39 0.137
11 49 0.183
11 57 0.125
11 37 0.125
11 40 0.204
11 43 0.167
11 60 0.181
11 71 0.136
11 12 0.13
11 18 0.134
11 22 0.161
11 28 0.12
11 30 0.171
11 35 0.102
11 41 0.171
11 42 0.13
11 53 0.146
11 58 0.19
11 62 0.176
11 65 0.156
11 66 0.157
11 73 0.18
11 74 0.176
12 65 0.907
12 28 0.782
12 57 0.509
12 61 0.501
12 66 0.674
12 29 0.696
12 13 0.966
12 15 0.528
12 50 0.585
12 70 0.196
12 73 0.102
12 44 0.155
12 52 0.167
12 64 0.151
12 14 0.219
12 22 0.151
12 32 0.119
12 54 0.066
12 17 0.188
12 19 0.204
12 24 0.148
12 25 0.201
12 35 0.105
12 43 0.18
12 47 0.136
12 55 0.2
13 16 0.882
13 37 0.666
13 56 0.727
13 69 0.552
13 19 0.569
13 24 0.143
13 68 0.123
13 34 0.167
13 38 0.12
13 59 0.146
13 32 0.127
13 36 0.143
13 42 0.16
13 54 0.152
13 62 0.108
13 71 0.175
13 18 0.177
13 23 0.156
13 27 0.135
13 41 0.167
13 47 0.136
13 48 0.149
13 55 0.103
13 57 0.179
13 66 0.149
13 70 0.104
13 72 0.179
13 73 0.174
13 74 0.185
14 73 0.905
14 27 0.52
14 60 0.698
14 19 0.869
14 64 0.683
14 50 0.58
14 61 0.784
14 40 0.067
14 65 0.126
14 18 0.133
14 24 0.16
14 35 0.196
14 17 0.174
14 28 0.188
14 39 0.154
14 45 0.173
14 53 0.117
14 58 0.191
14 15 0.182
14 16 0.16
14 22 0.135
14 23 0.184
14 25 0.175
14 33 0.147
14 38 0.143
14 41 0.072
14 43 0.16
14 48 0.143
14 54 0.142
14 57 0.13
14 62 0.17
14 63 0.165
14 68 0.116
14 74 0.165
15 33 0.844
15 39 0.676
15 65 0.66
15 69 0.514
15 68 0.13
15 24 0.151
15 36 0.119
15 71 0.184
15 30 0.165
15 34 0.122
15 48 0.099
15 57 0.144
15 60 0.16
15 67 0.134
15 73 0.161
15 21 0.146
15 23 0.147
15 26 0.151
15 29 0.128
15 41 0.179
15 43 0.093
15 49 0.163
15 50 0.134
15 52 0.214
15 56 0.154
15 58 0.101
16 19 0.793
16 32 0.716
16 47 0.155
16 50 0.161
16 24 0.15
16 27 0.13
16 41 0.13
16 49 0.113
16 53 0.171
16 67 0.119
16 22 0.149
16 34 0.163
16 40 0.182
16 43 0.091
16 44 0.158
16 46 0.128
16 48 0.128
16 51 0.173
16 54 0.203
16 55 0.12
16 57 0.179
16 59 0.192
16 61 0.181
16 64 0.15
16 69 0.159
16 70 0.125
17 71 0.976
17 42 0.705
17 61 0.757
17 53 0.507
17 70 0.508
17 44 0.633
17 58 0.501
17 51 0.113
17 56 0.174
17 40 0.133
17 62 0.156
17 18 0.107
17 19 0.154
17 23 0.205
17 25 0.126
17 26 0.184
17 31 0.178
17 33 0.093
17 41 0.149
17 43 0.138
17 46 0.144
17 57 0.114
17 64 0.149
17 21 0.116
17 29 0.146
17 32 0.154
17 34 0.182
17 35 0.185
17 38 0.143
17 39 0.148
17 45 0.145
17 50 0.186
17 59 0.161
17 63 0.105
18 73 0.686
18 66 0.685
18 72 0.934
18 29 0.604
18 68 0.553
18 56 0.583
18 47 0.55
18 48 0.572
18 59 0.519
18 45 0.13
18 50 0.179
18 69 0.143
18 70 0.115
18 71 0.088
18 22 0.173
18 32 0.122
18 38 0.134
18 52 0.172
18 53 0.164
18 74 0.141
18 21 0.214
18 30 0.13
18 31 0.188
18 39 0.155
18 40 0.116
18 41 0.162
18 44 0.18
18 55 0.17
19 26 0.757
19 73 0.861
19 46 0.846
19 28 0.609
19 43 0.649
19 57 0.13
19 58 0.087
19 74 0.159
19 42 0.171
19 51 0.146
19 27 0.133
19 24 0.133
19 37 0.122
19 45 0.163
19 49 0.153
19 63 0.108
19 65 0.202
19 68 0.19
19 72 0.122
20 63 1
20 46 1
20 22 0.648
20 47 0.615
20 45 0.69
20 51 0.677
20 55 0.094
20 23 0.098
20 24 0.108
20 48 0.165
20 65 0.141
20 73 0.158
20 21 0.158
20 53 0.154
20 66 0.121
20 70 0.116
20 29 0.154
20 32 0.197
20 33 0.15
20 40 0.141
20 42 0.139
20 49 0.137
20 59 0.106
20 60 0.163
20 61 0.157
20 64 0.214
20 68 0.159
20 69 0.163
21 62 1
21 23 0.953
21 46 0.715
21 36 0.5
21 52 0.502
21 51 0.519
21 35 0.575
21 53 0.104
21 58 0.123
21 67 0.118
21 33 0.145
21 24 0.185
21 30 0.148
21 38 0.209
21 39 0.21
21 47 0.181
21 56 0.187
21 26 0.175
21 27 0.125
21 28 0.1
21 29 0.121
21 34 0.126
21 42 0.115
21 43 0.142
21 48 0.109
21 50 0.151
21 59 0.154
21 60 0.158
21 64 0.165
21 71 0.141
21 72 0.188
21 74 0.113
22 33 0.769
22 35 0.649
22 46 0.555
22 64 0.77
22 27 0.843
22 49 0.504
22 41 0.646
22 32 0.532
22 26 0.661
22 58 0.62
22 63 0.534
22 61 0.202
22 30 0.14
22 39 0.162
22 55 0.149
22 60 0.179
22 71 0.179
22 24 0.117
22 28 0.129
22 36 0.14
22 43 0.16
22 45 0.196
22 52 0.165
22 62 0.168
22 66 0.14
22 70 0.133
22 73 0.112
22 74 0.151
23 66 0.769
23 70 0.73
23 60 0.595
23 39 0.683
23 24 0.756
23 28 0.142
23 34 0.186
23 44 0.194
23 49 0.154
23 63 0.161
23 26 0.144
23 27 0.148
23 54 0.136
23 56 0.082
23 61 0.202
23 33 0.149
23 35 0.2
23 37 0.121
23 38 0.165
23 43 0.163
23 46 0.19
23 50 0.135
23 57 0.118
23 58 0.107
23 62 0.135
23 74 0.205
24 48 0.786
24 72 0.6
24 34 1
24 44 1
24 37 0.71
24 51 0.162
24 70 0.168
24 53 0.156
24 38 0.213
24 69 0.167
24 71 0.13
24 27 0.184
24 40 0.18
24 54 0.12
24 59 0.098
24 67 0.161
24 26 0.185
24 30 0.186
24 31 0.159
24 32 0.136
24 33 0.138
24 41 0.17
24 55 0.212
24 58 0.182
24 60 0.154
24 63 0.173
25 70 0.911
25 59 0.848
25 72 0.742
25 31 0.685
25 48 0.775
25 60 0.65
25 28 0.185
25 29 0.132
25 52 0.135
25 43 0.161
25 49 0.136
25 56 0.109
25 58 0.161
25 62 0.166
25 27 0.143
25 36 0.127
25 38 0.138
25 42 0.158
25 44 0.171
25 51 0.1
25 61 0.152
26 47 0.986
26 50 0.962
26 67 0.693
26 46 0.698
26 35 0.51
26 57 0.706
26 36 0.513
26 30 0.185
26 41 0.132
26 42 0.2
26 51 0.152
26 34 0.142
26 63 0.177
26 66 0.169
26 29 0.157
26 33 0.139
26 38 0.098
26 39 0.19
26 44 0.136
26 52 0.178
26 56 0.126
26 64 0.099
26 68 0.127
26 69 0.142
26 70 0.141
27 44 0.858
27 61 0.864
27 35 0.832
27 39 0.612
27 30 0.657
27 28 0.14
27 34 0.181
27 46 0.148
27 65 0.128
27 29 0.153
27 31 0.186
27 32 0.204
27 33 0.143
27 48 0.12
27 55 0.19
27 64 0.112
27 67 0.196
27 72 0.138
27 38 0.137
27 41 0.142
27 50 0.102
27 51 0.158
27 53 0.131
27 57 0.076
27 66 0.107
27 69 0.204
27 70 0.157
28 64 1
28 46 0.711
28 49 0.6
28 62 0.878
28 31 0.732
28 55 0.183
28 30 0.16
28 50 0.146
28 51 0.157
28 47 0.117
28 54 0.124
28 72 0.179
28 45 0.175
28 57 0.206
28 63 0.122
29 58 0.567
29 64 0.839
29 39 0.533
29 44 0.646
29 38 0.543
29 33 0.192
29 69 0.171
29 60 0.14
29 73 0.198
29 30 0.121
29 40 0.163
29 53 0.12
29 65 0.185
29 37 0.183
29 45 0.064
29 47 0.179
29 51 0.173
29 56 0.11
29 63 0.15
29 66 0.163
29 71 0.175
29 72 0.2
30 59 0.969
30 43 0.812
30 64 0.707
30 41 0.504
30 49 0.504
30 60 0.153
30 66 0.145
30 31 0.143
30 33 0.106
30 56 0.154
30 62 0.155
30 65 0.161
30 71 0.168
30 32 0.194
30 36 0.113
30 45 0.133
30 47 0.122
30 52 0.122
30 54 0.077
30 58 0.164
30 61 0.164
30 70 0.175
30 74 0.212
31 64 0.897
31 37 0.555
31 47 0.849
31 42 0.699
31 59 0.582
31 35 0.208
31 40 0.109
31 52 0.167
31 66 0.161
31 70 0.167
31 74 0.204
31 36 0.161
31 41 0.132
31 44 0.122
31 68 0.123
31 71 0.156
31 38 0.192
31 46 0.076
31 73 0.169
32 43 0.862
32 67 0.896
32 62 0.542
32 35 0.887
32 63 0.565
32 61 0.521
32 38 0.105
32 40 0.128
32 52 0.19
32 55 0.144
32 60 0.177
32 34 0.151
32 36 0.122
32 39 0.165
32 54 0.104
32 56 0.13
32 57 0.171
32 58 0.09
32 69 0.176
32 72 0.169
32 73 0.126
32 74 0.145
33 36 1
33 69 0.597
33 46 0.738
33 60 0.598
33 58 0.714
33 53 0.544
33 65 0.642
33 38 0.115
33 40 0.22
33 51 0.165
33 63 0.053
33 68 0.115
33 73 0.146
33 45 0.146
33 48 0.138
33 54 0.162
33 59 0.117
33 62 0.113
33 64 0.129
33 66 0.199
33 70 0.178
33 72 0.146
34 57 0.617
34 48 0.829
34 50 0.58
34 51 0.152
34 54 0.159
34 68 0.103
34 42 0.101
34 46 0.12
34 58 0.151
34 61 0.115
34 65 0.213
34 35 0.17
34 39 0.221
34 45 0.112
34 55 0.141
34 66 0.141
34 67 0.16
34 72 0.142
34 73 0.225
35 69 0.941
35 60 1
35 55 0.644
35 74 0.8
35 47 0.668
35 46 0.985
35 45 0.51
35 48 0.115
35 40 0.118
35 38 0.214
35 50 0.197
35 52 0.133
35 39 0.171
35 42 0.179
35 61 0.128
35 68 0.121
35 37 0.135
35 56 0.099
35 65 0.163
35 67 0.218
36 37 0.826
36 47 0.609
36 39 0.75
36 54 0.576
36 71 0.537
36 44 0.168
36 43 0.162
36 45 0.134
36 48 0.132
36 56 0.177
36 61 0.161
36 68 0.151
36 74 0.159
36 40 0.132
36 50 0.169
36 52 0.196
36 53 0.129
36 70 0.13
36 73 0.134
37 48 0.813
37 51 1
37 39 0.615
37 45 1
37 70 0.593
37 40 0.585
37 43 0.593
37 66 0.763
37 41 0.119
37 58 0.165
37 50 0.116
37 59 0.124
37 60 0.159
37 61 0.152
37 64 0.13
37 71 0.174
37 73 0.106
37 38 0.184
37 47 0.098
37 49 0.168
37 67 0.169
37 68 0.128
38 53 0.545
38 74 0.527
38 42 0.239
38 41 0.132
38 59 0.161
38 61 0.196
38 62 0.127
38 69 0.129
38 48 0.086
38 51 0.208
38 52 0.169
38 54 0.161
38 56 0.137
38 60 0.128
38 63 0.143
38 66 0.149
38 68 0.13
38 70 0.174
39 68 0.892
39 62 0.995
39 50 0.668
39 45 0.829
39 70 0.568
39 72 0.964
39 67 0.159
39 54 0.121
39 60 0.12
39 47 0.215
39 52 0.148
39 65 0.121
39 43 0.156
39 57 0.108
39 58 0.181
39 66 0.111
39 40 0.11
39 41 0.139
39 49 0.126
39 53 0.171
39 63 0.187
39 64 0.199
39 69 0.185
39 73 0.16
40 44 1
40 62 1
40 69 0.702
40 47 0.681
40 61 0.804
40 54 0.744
40 59 0.935
40 46 0.191
40 68 0.147
40 50 0.166
40 53 0.174
40 71 0.163
40 74 0.076
40 48 0.164
40 57 0.11
40 41 0.13
40 43 0.186
40 51 0.128
40 52 0.18
40 63 0.141
40 72 0.155
41 45 0.816
41 64 0.542
41 61 0.533
41 62 0.537
41 44 0.161
41 54 0.161
41 53 0.158
41 65 0.174
41 72 0.145
41 46 0.159
41 42 0.152
41 49 0.147
41 50 0.123
41 51 0.128
41 52 0.138
41 56 0.19
42 44 0.553
42 67 0.532
42 59 0.512
42 46 0.551
42 50 0.154
42 51 0.123
42 45 0.139
42 49 0.151
42 58 0.131
42 70 0.145
42 73 0.141
42 48 0.14
42 52 0.153
42 53 0.129
42 56 0.131
42 57 0.167
42 61 0.122
42 63 0.156
42 66 0.198
42 69 0.126
42 72 0.098
42 74 0.206
43 45 0.945
43 56 0.597
43 52 0.805
43 65 0.217
43 54 0.14
43 63 0.163
43 66 0.169
43 68 0.159
43 49 0.14
43 51 0.205
43 55 0.174
43 71 0.16
43 73 0.148
43 47 0.162
43 64 0.134
43 67 0.182
43 69 0.177
43 72 0.199
44 52 1
44 53 0.706
44 61 1
44 65 0.864
44 60 0.954
44 67 0.553
44 74 0.176
44 51 0.159
44 57 0.177
44 69 0.181
44 72 0.207
44 45 0.175
44 49 0.091
44 50 0.21
44 54 0.19
44 55 0.125
44 59 0.164
44 62 0.131
44 63 0.176
45 50 0.596
45 59 0.529
45 57 0.155
45 49 0.163
45 70 0.183
45 69 0.083
45 51 0.177
45 46 0.146
45 52 0.1
45 53 0.196
45 55 0.222
45 60 0.144
45 61 0.171
45 63 0.173
45 64 0.142
45 67 0.231
46 54 0.82
46 56 0.533
46 51 0.563
46 66 0.172
46 64 0.121
46 67 0.165
46 72 0.111
46 47 0.168
46 49 0.146
46 50 0.165
46 59 0.127
46 65 0.136
46 70 0.142
46 74 0.157
47 53 0.67
47 50 0.598
47 61 0.179
47 54 0.17
47 66 0.162
47 68 0.1
47 49 0.11
47 52 0.164
47 55 0.107
47 59 0.146
47 67 0.071
47 71 0.218
47 72 0.173
47 74 0.139
48 73 0.52
48 67 0.162
48 62 0.172
48 53 0.121
48 72 0.179
48 57 0.156
48 65 0.149
48 68 0.156
48 70 0.154
48 71 0.174
49 63 0.534
49 66 0.785
49 59 0.549
49 55 0.2
49 69 0.112
49 61 0.163
49 64 0.143
49 72 0.136
49 52 0.129
49 70 0.133
49 54 0.126
49 68 0.118
49 71 0.07
50 53 0.679
50 73 0.808
50 57 0.797
50 59 0.537
50 70 0.118
50 54 0.179
50 64 0.144
50 74 0.134
50 61 0.124
50 51 0.165
50 52 0.218
50 56 0.16
50 58 0.192
50 63 0.084
50 68 0.197
50 72 0.169
51 61 0.777
51 62 0.532
51 55 0.773
51 67 0.183
51 72 0.174
51 63 0.17
51 53 0.12
51 57 0.142
51 60 0.166
51 64 0.153
51 70 0.142
51 56 0.125
51 74 0.161
52 70 0.534
52 60 0.151
52 53 0.173
52 56 0.177
52 67 0.187
52 68 0.163
52 55 0.164
52 57 0.139
52 59 0.214
52 65 0.133
52 66 0.166
52 69 0.178
52 72 0.165
53 64 0.586
53 55 1
53 68 0.755
53 66 0.841
53 59 0.642
53 63 0.131
53 56 0.2
53 74 0.158
53 58 0.162
53 60 0.173
53 65 0.164
53 69 0.136
53 71 0.172
54 72 1
54 63 0.163
54 67 0.135
54 55 0.118
54 58 0.131
54 61 0.123
54 66 0.167
54 70 0.142
55 59 0.894
55 60 0.122
55 71 0.131
55 56 0.167
55 67 0.179
55 57 0.149
55 63 0.176
55 65 0.134
55 73 0.089
56 62 0.685
56 65 0.736
56 71 0.56
56 67 0.208
56 66 0.122
56 72 0.122
56 57 0.136
56 69 0.151
56 74 0.201
57 70 0.788
57 66 0.712
57 60 1
57 63 0.154
57 58 0.16
57 61 0.111
57 62 0.187
57 64 0.12
57 65 0.137
57 72 0.108
57 74 0.161
58 74 0.753
58 62 0.995
58 73 0.536
58 60 0.746
58 70 0.701
58 59 0.161
58 67 0.127
58 64 0.152
58 66 0.138
59 61 0.628
59 69 0.852
59 72 0.156
59 62 0.154
59 73 0.176
59 60 0.224
60 72 1
60 66 0.652
60 62 0.14
60 63 0.223
60 64 0.15
60 73 0.113
60 74 0.176
61 69 0.519
61 73 0.795
61 62 0.096
61 63 0.139
61 65 0.166
61 68 0.162
61 71 0.123
62 72 0.599
62 69 0.558
62 63 0.089
62 68 0.117
63 65 0.169
63 68 0.142
63 70 0.097
64 74 0.145
64 66 0.185
64 72 0.138
64 67 0.116
64 70 0.167
64 71 0.16
65 72 0.128
65 67 0.136
65 74 0.188
66 67 0.164
66 69 0.162
66 70 0.149
66 73 0.14
66 74 0.127
67 73 0.674
67 70 0.103
67 71 0.171
68 74 0.113
69 74 0.724
69 70 0.165
69 73 0.151
70 71 0.166
71 72 1.0
71 73 0.531
71 74 0.131
72 73 0.199
73 74 0.15
