0 32 0.947
0 58 1
0 24 0.822
0 40 0.981
0 37 0.822
0 52 0.594
0 35 0.665
0 10 0.675
0 18 0.749
0 39 0.848
0 20 0.866
0 12 0.616
0 60 0.807
0 9 0.67
0 42 0.84
0 43 0.674
0 71 0.99
0 19 0.973
0 47 0.233
0 56 0.545
0 4 0.508
0 31 0.41
0 67 0.372
0 13 0.215
0 62 0.731
0 63 0.311
0 16 0.27
0 53 0.409
0 21 0.564
0 23 0.603
0 30 0.588
0 69 0.248
0 3 0.071
0 6 0.298
0 38 0.711
0 51 0.469
0 61 0.469
0 46 0.271
0 33 0.392
0 34 0.191
0 48 0.274
0 50 0.242
0 54 0.22
0 1 0.026
0 29 0.189
0 55 0.323
0 64 0.312
0 73 0.086
0 11 0.14
0 22 0.308
0 57 0.186
0 65 0.267
0 68 0.198
0 72 0.22
0 8 0.106
0 14 0.128
0 28 0.126
0 70 0.156
1 40 0.973
1 32 0.764
1 5 0.985
1 42 0.67
1 57 0.858
1 54 1
1 64 0.682
1 61 0.701
1 13 0.591
1 48 0.683
1 11 0.866
1 74 0.301
1 39 0.779
1 7 0.548
1 12 0.538
1 26 0.494
1 50 0.106
1 25 0.162
1 8 0.53
1 18 0.265
1 24 0.532
1 30 0.644
1 51 0.278
1 27 0.067
1 52 0.717
1 58 0.528
1 60 0.735
1 17 0.214
1 43 0.635
1 49 0.32
1 47 0.704
1 29 0.424
1 6 0.593
1 14 0.231
1 20 0.076
1 36 0.249
1 55 0.133
1 65 0.192
1 16 0.042
1 45 0.223
1 56 0.292
1 62 0.404
1 66 0.048
1 10 0.178
1 44 0.119
1 33 0.106
1 59 0.153
1 68 0.086
1 70 0.166
2 28 0.877
2 68 0.906
2 56 0.652
2 54 0.826
2 74 0.554
2 63 1
2 69 0.998
2 39 0.668
2 59 0.743
2 30 0.619
2 58 1
2 45 0.558
2 62 0.867
2 35 0.962
2 22 1
2 52 0.004
2 38 0.699
2 67 0.456
2 19 0.518
2 57 0.654
2 5 0.039
2 31 0.997
2 70 0.434
2 17 0.633
2 47 0.208
2 73 0.291
2 6 0.879
2 23 0.036
2 29 0.632
2 3 0.397
2 53 0.822
2 65 0.439
2 21 0.573
2 55 0.377
2 10 0.166
2 61 0.259
2 43 0.132
2 66 0.442
2 40 0.085
2 72 0.429
2 11 0.293
2 26 0.317
2 20 0.277
2 48 0.094
2 64 0.114
2 71 0.179
2 9 0.168
2 16 0.127
2 18 0.106
2 33 0.169
2 36 0.181
2 41 0.116
2 13 0.152
2 27 0.163
2 46 0.151
2 49 0.165
3 62 0.838
3 14 0.703
3 10 1
3 4 0.874
3 13 1
3 41 1
3 64 1
3 68 1
3 72 0.56
3 54 0.714
3 17 0.653
3 19 0.786
3 9 0.692
3 35 0.583
3 43 0.917
3 66 0.62
3 11 0.154
3 30 0.243
3 63 0.233
3 58 0.45
3 42 0.081
3 56 0.644
3 60 0.751
3 48 0.91
3 55 0.092
3 67 0.246
3 27 0.608
3 44 0.301
3 8 0.441
3 39 0.231
3 25 0.113
3 20 0.035
3 24 0.305
3 31 0.037
3 38 0.132
3 51 0.455
3 70 0.266
3 5 0.195
3 36 0.209
3 47 0.28
3 23 0.189
3 34 0.004
3 40 0.095
3 45 0.157
3 52 0.215
3 53 0.072
3 71 0.148
3 12 0.109
3 59 0.137
3 73 0.145
4 28 0.774
4 18 0.881
4 46 0.726
4 53 0.787
4 64 0.714
4 19 0.989
4 29 0.698
4 40 0.573
4 6 0.989
4 17 0.26
4 42 0.642
4 54 0.938
4 23 0.759
4 71 0.613
4 39 0.387
4 20 0.771
4 14 0.251
4 37 0.692
4 35 0.221
4 12 0.598
4 27 0.681
4 66 0.914
4 9 0.665
4 60 1
4 15 0.204
4 45 0.711
4 11 0.337
4 65 0.332
4 32 0.233
4 13 0.2
4 16 0.37
4 34 0.28
4 70 0.454
4 8 0.111
4 10 0.257
4 72 0.064
4 25 0.287
4 43 0.113
4 57 0.171
4 55 0.157
4 67 0.259
4 73 0.154
4 5 0.094
4 22 0.127
4 24 0.135
4 36 0.17
4 61 0.097
4 63 0.147
5 29 0.977
5 72 0.636
5 66 0.7
5 39 0.955
5 18 0.617
5 20 0.315
5 14 0.931
5 45 0.866
5 62 0.699
5 64 0.871
5 27 0.751
5 50 0.789
5 52 1
5 21 0.926
5 35 0.774
5 38 0.399
5 11 0.757
5 59 0.549
5 73 0.784
5 9 0.337
5 70 0.537
5 49 0.937
5 16 0.826
5 19 0.524
5 25 0.677
5 26 0.631
5 44 0.753
5 10 0.112
5 60 0.1
5 65 0.38
5 57 0.096
5 8 0.247
5 41 0.198
5 67 0.246
5 43 0.191
5 48 0.418
5 33 0.141
5 34 0.054
5 22 0.095
5 47 0.056
5 51 0.153
5 31 0.245
5 32 0.12
5 37 0.347
5 55 0.158
5 71 0.004
5 7 0.18
5 40 0.141
5 42 0.139
5 46 0.154
5 53 0.177
5 61 0.18
5 69 0.156
6 28 0.409
6 17 0.642
6 71 0.804
6 20 0.755
6 43 0.499
6 74 0.756
6 22 0.3
6 44 0.674
6 16 0.994
6 21 0.105
6 62 0.747
6 36 0.67
6 50 0.749
6 66 0.139
6 35 0.966
6 70 0.998
6 46 0.992
6 31 0.498
6 47 0.576
6 63 1
6 72 0.887
6 58 0.699
6 39 0.535
6 57 0.651
6 67 0.323
6 51 0.384
6 41 0.542
6 26 0.085
6 42 0.27
6 32 0.312
6 23 0.013
6 48 0.658
6 56 0.343
6 68 0.219
6 73 0.333
6 8 0.033
6 29 0.208
6 33 0.238
6 13 0.292
6 55 0.136
6 9 0.183
6 10 0.131
6 27 0.166
6 12 0.269
6 14 0.145
6 18 0.029
6 19 0.296
6 34 0.075
6 69 0.311
6 11 0.201
6 45 0.098
6 52 0.206
6 53 0.136
6 65 0.171
7 50 0.319
7 8 0.708
7 72 0.774
7 15 0.752
7 36 1
7 57 0.552
7 21 0.933
7 49 0.967
7 62 0.453
7 66 0.856
7 52 0.577
7 35 0.6
7 63 0.969
7 41 0.172
7 54 0.838
7 27 0.571
7 68 0.249
7 70 0.243
7 33 0.636
7 53 0.09
7 61 0.405
7 11 0.344
7 24 0.191
7 31 0.687
7 9 0.181
7 55 0.312
7 56 0.063
7 23 0.555
7 39 0.352
7 64 0.082
7 71 0.043
7 18 0.279
7 37 0.529
7 58 0.057
7 67 0.286
7 30 0.224
7 32 0.189
7 46 0.117
7 51 0.002
7 74 0.143
7 26 0.051
7 29 0.1
7 34 0.133
7 40 0.117
7 42 0.243
7 43 0.269
7 65 0.14
7 69 0.173
7 14 0.188
7 17 0.123
7 19 0.171
7 60 0.179
8 63 0.634
8 64 0.417
8 19 1
8 54 0.687
8 51 0.503
8 43 0.222
8 56 1
8 14 0.858
8 48 0.851
8 66 0.802
8 11 0.409
8 38 0.189
8 62 1.0
8 24 0.736
8 29 0.237
8 52 0.56
8 35 0.643
8 18 0.435
8 44 0.806
8 59 0.655
8 13 0.424
8 17 0.119
8 26 0.141
8 9 0.389
8 41 0.374
8 69 0.1
8 16 0.023
8 28 0.011
8 10 0.298
8 34 0.36
8 22 0.015
8 33 0.573
8 47 0.257
8 58 0.213
8 73 0.432
8 42 0.013
8 45 0.521
8 53 0.354
8 65 0.47
8 20 0.151
8 31 0.349
8 32 0.219
8 50 0.02
8 61 0.217
8 15 0.207
8 25 0.045
8 27 0.127
8 30 0.167
8 36 0.178
8 39 0.179
8 71 0.179
8 12 0.128
8 21 0.129
8 40 0.225
9 57 0.868
9 10 0.826
9 12 1
9 59 0.506
9 46 0.548
9 58 0.934
9 44 0.228
9 16 0.24
9 20 0.431
9 23 0.908
9 71 0.962
9 13 1
9 34 1
9 27 0.585
9 49 0.327
9 26 1
9 29 0.701
9 63 0.603
9 35 0.764
9 73 0.291
9 65 0.197
9 19 0.775
9 11 0.361
9 45 1
9 42 0.25
9 17 0.069
9 30 0.161
9 51 0.357
9 40 0.117
9 61 0.171
9 22 0.071
9 31 0.417
9 41 0.437
9 50 0.388
9 56 0.182
9 37 0.399
9 52 0.091
9 74 0.19
9 15 0.02
9 53 0.085
9 67 0.11
9 25 0.091
9 54 0.16
9 60 0.109
9 64 0.167
10 40 0.936
10 30 0.991
10 54 0.557
10 45 1
10 36 0.815
10 17 0.871
10 19 0.524
10 22 0.973
10 31 0.665
10 64 0.639
10 69 0.676
10 12 1
10 24 0.851
10 48 0.943
10 13 0.917
10 43 0.715
10 52 0.855
10 56 0.469
10 65 0.817
10 49 0.564
10 51 0.483
10 72 1
10 26 0.811
10 41 0.501
10 15 0.455
10 47 0.295
10 46 0.304
10 53 0.1
10 68 0.168
10 70 0.006
10 73 0.616
10 57 0.237
10 11 0.192
10 27 0.093
10 67 0.128
10 16 0.45
10 18 0.093
10 35 0.259
10 38 0.418
10 74 0.316
10 20 0.229
10 23 0.18
10 32 0.218
10 50 0.396
10 58 0.151
10 59 0.164
10 60 0.325
10 21 0.134
10 28 0.159
10 33 0.094
10 34 0.196
10 37 0.145
10 39 0.138
10 61 0.177
11 38 0.812
11 14 1
11 71 0.593
11 20 0.766
11 30 1
11 62 0.965
11 65 0.234
11 29 0.656
11 57 0.581
11 73 0.763
11 45 0.796
11 32 0.78
11 42 0.906
11 26 0.648
11 50 0.932
11 43 0.821
11 46 0.372
11 69 0.049
11 39 0.688
11 52 0.695
11 63 0.212
11 13 0.902
11 36 0.342
11 21 0.656
11 22 0.363
11 64 0.118
11 48 0.475
11 23 0.021
11 31 0.505
11 17 0.431
11 47 0.108
11 51 0.263
11 66 0.531
11 33 0.253
11 49 0.224
11 44 0.125
11 58 0.172
11 16 0.138
11 24 0.217
11 41 0.241
11 59 0.143
11 74 0.234
11 53 0.223
11 56 0.107
11 54 0.156
11 55 0.142
11 61 0.2
11 67 0.178
11 68 0.213
12 56 0.638
12 20 0.58
12 68 0.738
12 26 0.423
12 48 0.66
12 58 0.875
12 18 1
12 25 0.91
12 71 0.922
12 35 0.971
12 47 0.587
12 57 0.497
12 23 0.225
12 31 0.28
12 42 0.404
12 53 0.541
12 54 0.097
12 39 0.327
12 63 0.132
12 69 0.255
12 27 0.465
12 43 0.223
12 51 0.204
12 55 0.216
12 70 0.442
12 14 0.321
12 24 0.219
12 16 0.204
12 34 0.131
12 44 0.114
12 45 0.003
12 50 0.127
12 60 0.043
12 65 0.057
12 13 0.16
12 29 0.147
12 32 0.185
12 33 0.158
12 36 0.146
12 40 0.178
12 62 0.118
12 73 0.159
13 62 0.479
13 73 0.313
13 32 0.909
13 53 0.799
13 40 0.239
13 67 0.473
13 56 0.747
13 27 0.663
13 71 1
13 60 0.657
13 16 0.783
13 66 0.894
13 14 0.644
13 17 0.745
13 28 0.285
13 29 0.525
13 69 0.115
13 57 0.513
13 51 0.423
13 63 0.548
13 25 0.297
13 54 0.252
13 34 0.056
13 41 0.134
13 22 0.558
13 39 0.378
13 42 0.285
13 30 0.795
13 19 0.406
13 35 0.413
13 43 0.326
13 45 0.217
13 70 0.072
13 24 0.192
13 55 0.133
13 18 0.244
13 74 0.161
13 20 0.141
13 48 0.244
13 26 0.073
13 38 0.068
13 47 0.012
13 50 0.118
13 64 0.153
13 21 0.141
13 23 0.145
13 49 0.168
13 52 0.149
14 15 0.699
14 60 0.814
14 30 0.239
14 72 0.45
14 65 0.869
14 18 0.728
14 31 0.966
14 63 0.762
14 16 0.611
14 43 0.91
14 54 0.912
14 33 0.932
14 59 0.668
14 27 0.698
14 68 0.661
14 66 0.55
14 64 0.849
14 73 0.848
14 45 0.119
14 74 0.442
14 37 0.605
14 49 0.211
14 34 0.243
14 46 0.505
14 62 0.168
14 21 0.572
14 52 0.065
14 44 0.308
14 17 0.109
14 35 0.198
14 40 0.111
14 55 0.524
14 57 0.205
14 36 0.107
14 67 0.274
14 70 0.079
14 29 0.131
14 32 0.139
14 39 0.131
14 51 0.106
15 61 1
15 32 0.863
15 39 0.718
15 59 0.906
15 43 0.357
15 46 0.675
15 18 1
15 41 0.474
15 65 1
15 57 0.58
15 52 0.548
15 38 0.373
15 47 0.537
15 67 0.533
15 34 0.227
15 63 0.154
15 17 0.059
15 50 0.629
15 72 0.206
15 73 0.282
15 28 0.089
15 51 0.192
15 58 0.278
15 60 0.098
15 70 0.641
15 21 0.478
15 25 0.095
15 42 0.204
15 71 0.482
15 22 0.2
15 33 0.166
15 53 0.12
15 23 0.066
15 69 0.146
15 45 0.254
15 55 0.019
15 24 0.112
15 35 0.07
15 44 0.195
15 49 0.107
15 56 0.215
15 66 0.123
15 40 0.185
15 54 0.132
15 62 0.12
15 68 0.116
16 67 1
16 72 0.827
16 43 0.537
16 36 0.288
16 25 0.861
16 50 0.832
16 33 0.84
16 48 0.759
16 65 0.849
16 41 0.982
16 39 0.749
16 37 0.627
16 31 0.813
16 32 0.964
16 46 0.659
16 58 0.625
16 47 0.604
16 63 0.273
16 38 0.518
16 20 0.564
16 19 0.399
16 60 0.59
16 18 0.552
16 54 0.351
16 56 0.642
16 24 0.301
16 70 0.527
16 29 0.104
16 71 0.286
16 21 0.125
16 34 0.339
16 64 0.18
16 51 0.166
16 61 0.114
16 22 0.256
16 26 0.277
16 42 0.099
16 55 0.09
16 74 0.123
16 27 0.136
16 28 0.165
16 45 0.175
17 65 0.419
17 42 0.72
17 27 0.562
17 25 0.169
17 36 1
17 68 0.91
17 54 0.782
17 62 0.533
17 48 0.86
17 35 0.934
17 29 0.994
17 30 0.188
17 44 0.904
17 40 0.946
17 33 0.394
17 73 0.27
17 31 0.13
17 32 0.245
17 55 0.561
17 66 0.135
17 52 0.112
17 58 0.146
17 63 0.13
17 18 0.276
17 38 0.281
17 39 0.197
17 56 0.388
17 64 0.116
17 70 0.09
17 22 0.257
17 23 0.259
17 41 0.381
17 51 0.247
17 74 0.209
17 19 0.027
17 34 0.14
17 45 0.237
17 49 0.333
17 53 0.133
17 59 0.211
17 60 0.04
17 21 0.098
17 50 0.18
17 57 0.103
17 67 0.159
18 58 1
18 69 0.954
18 23 0.484
18 61 0.913
18 70 0.964
18 74 1
18 32 0.308
18 73 0.553
18 40 0.618
18 44 0.576
18 72 0.722
18 28 0.7
18 21 0.3
18 22 0.288
18 59 0.47
18 71 0.264
18 62 0.588
18 30 0.7
18 31 0.352
18 36 0.369
18 29 0.277
18 33 0.296
18 39 0.687
18 60 0.545
18 66 0.054
18 34 0.309
18 48 0.146
18 67 0.311
18 24 0.264
18 45 0.319
18 53 0.161
18 63 0.175
18 27 0.246
18 50 0.169
18 19 0.108
18 68 0.168
18 25 0.101
18 26 0.196
18 35 0.209
18 38 0.202
18 41 0.161
18 43 0.196
18 54 0.198
18 55 0.153
18 65 0.12
19 43 1
19 52 1
19 31 0.635
19 27 1
19 38 0.915
19 21 0.499
19 60 0.854
19 57 0.8
19 58 0.934
19 29 0.761
19 47 1
19 62 0.519
19 25 0.732
19 51 0.72
19 26 0.687
19 70 0.512
19 50 0.693
19 28 0.187
19 24 0.668
19 32 0.521
19 34 0.391
19 53 0.155
19 64 0.208
19 71 0.514
19 23 0.069
19 68 0.76
19 42 0.154
19 46 0.025
19 54 0.221
19 63 0.075
19 48 0.157
19 74 0.417
19 30 0.123
19 35 0.283
19 39 0.187
19 67 0.103
19 73 0.222
19 33 0.154
19 36 0.195
19 44 0.187
19 56 0.195
19 61 0.209
19 69 0.121
20 74 0.474
20 70 0.674
20 37 1
20 68 0.768
20 34 0.623
20 51 0.632
20 48 0.749
20 55 0.963
20 28 0.639
20 49 0.642
20 50 0.383
20 54 1
20 61 0.605
20 47 0.794
20 69 0.173
20 35 0.559
20 29 0.652
20 66 0.646
20 42 0.376
20 53 0.044
20 58 0.363
20 30 0.06
20 40 0.456
20 59 0.027
20 45 0.065
20 24 0.461
20 25 0.462
20 26 0.059
20 43 0.061
20 56 0.31
20 23 0.342
20 31 0.246
20 36 0.318
20 38 0.084
20 62 0.015
20 21 0.154
20 22 0.073
20 33 0.051
20 44 0.132
20 46 0.241
20 63 0.118
20 65 0.277
20 67 0.129
20 39 0.153
20 52 0.133
20 71 0.145
21 44 0.921
21 48 0.667
21 72 0.842
21 68 0.43
21 66 1
21 26 0.537
21 34 0.907
21 67 0.81
21 39 0.818
21 40 0.865
21 43 0.219
21 42 0.553
21 56 0.436
21 32 0.2
21 25 0.422
21 37 0.569
21 36 0.121
21 38 0.053
21 71 0.062
21 47 0.143
21 58 0.205
21 53 0.36
21 65 0.313
21 69 0.448
21 45 0.537
21 57 0.257
21 49 0.106
21 73 0.215
21 22 0.161
21 59 0.314
21 74 0.024
21 33 0.03
21 51 0.103
21 60 0.2
21 61 0.217
22 49 0.508
22 67 0.349
22 51 0.906
22 24 1
22 33 0.99
22 39 0.372
22 55 0.514
22 68 0.137
22 31 0.533
22 52 0.391
22 47 0.695
22 23 0.911
22 25 0.576
22 54 0.999
22 66 0.428
22 65 0.696
22 71 0.212
22 35 1
22 45 0.438
22 48 0.777
22 62 0.602
22 57 0.311
22 40 0.364
22 28 0.373
22 34 0.437
22 26 0.433
22 63 0.05
22 73 0.073
22 74 0.29
22 27 0.515
22 30 0.494
22 44 0.148
22 32 0.238
22 61 0.238
22 70 0.168
22 37 0.051
22 64 0.267
22 72 0.276
22 36 0.188
22 42 0.196
22 46 0.143
22 59 0.162
23 53 0.894
23 54 0.557
23 59 0.102
23 46 0.833
23 31 0.907
23 74 0.549
23 35 0.666
23 55 0.633
23 47 0.498
23 27 0.161
23 66 0.794
23 72 0.651
23 60 0.74
23 40 0.394
23 73 0.296
23 28 0.326
23 33 0.092
23 39 0.537
23 49 0.257
23 24 0.289
23 30 0.316
23 37 0.048
23 71 0.178
23 68 0.415
23 26 0.121
23 50 0.372
23 36 0.157
23 51 0.106
23 25 0.078
23 38 0.014
23 41 0.332
23 43 0.142
23 48 0.077
23 29 0.111
23 45 0.147
23 62 0.163
23 63 0.166
23 67 0.196
24 55 0.408
24 64 0.542
24 67 0.669
24 54 0.557
24 56 0.05
24 39 0.566
24 70 0.561
24 74 0.492
24 49 0.376
24 57 0.413
24 69 0.317
24 33 0.235
24 48 0.532
24 38 0.215
24 30 0.055
24 53 0.028
24 63 0.162
24 43 0.145
24 52 0.165
24 45 0.126
24 31 0.339
24 35 0.321
24 40 0.269
24 25 0.041
24 60 0.103
24 29 0.216
24 34 0.161
24 41 0.139
24 44 0.146
24 46 0.197
24 68 0.139
25 50 0.923
25 54 0.868
25 56 1
25 30 0.549
25 45 0.986
25 40 0.557
25 36 0.962
25 59 0.213
25 42 1
25 57 0.842
25 63 1
25 27 0.855
25 55 1
25 51 0.347
25 33 0.239
25 64 0.244
25 69 0.139
25 37 0.869
25 60 0.732
25 62 0.023
25 65 0.75
25 31 0.037
25 66 0.558
25 32 0.47
25 35 0.11
25 61 0.382
25 70 0.145
25 72 0.238
25 29 0.162
25 38 0.287
25 41 0.198
25 52 0.085
25 34 0.233
25 73 0.196
25 48 0.111
25 49 0.178
25 68 0.084
25 71 0.134
25 74 0.137
26 38 0.561
26 69 0.778
26 52 0.624
26 51 0.857
26 58 0.621
26 30 0.491
26 41 0.77
26 34 0.908
26 46 0.594
26 47 0.768
26 50 0.78
26 29 0.946
26 36 0.91
26 49 0.971
26 64 0.326
26 67 0.531
26 60 0.801
26 43 0.126
26 66 0.441
26 44 0.269
26 39 0.134
26 42 0.101
26 70 0.165
26 45 0.089
26 68 0.17
26 31 0.035
26 54 0.121
26 56 0.143
26 57 0.044
26 73 0.172
26 28 0.099
26 33 0.174
26 35 0.258
26 48 0.113
26 71 0.105
26 40 0.166
26 61 0.105
26 63 0.165
26 72 0.147
27 28 0.983
27 68 0.301
27 42 0.668
27 46 0.921
27 71 1
27 59 0.862
27 72 0.919
27 57 0.876
27 66 0.137
27 54 0.366
27 67 0.585
27 58 0.675
27 31 0.458
27 39 0.739
27 61 0.11
27 70 0.418
27 32 0.072
27 65 0.067
27 69 0.709
27 29 0.661
27 64 0.474
27 30 0.355
27 44 0.671
27 74 0.423
27 34 0.112
27 56 0.035
27 40 0.275
27 36 0.073
27 38 0.117
27 45 0.283
27 63 0.229
27 47 0.187
27 50 0.121
27 35 0.135
27 48 0.133
27 52 0.163
27 53 0.145
27 55 0.157
27 73 0.141
28 59 0.852
28 34 0.585
28 45 0.918
28 72 0.964
28 67 0.874
28 74 0.57
28 61 0.541
28 36 0.813
28 46 0.297
28 44 0.372
28 71 0.603
28 73 0.425
28 41 0.16
28 54 0.177
28 68 0.323
28 42 0.246
28 47 0.247
28 48 0.131
28 51 0.245
28 52 0.188
28 35 0.14
28 39 0.116
28 69 0.111
28 29 0.291
28 55 0.254
28 64 0.042
28 30 0.141
28 43 0.115
28 56 0.171
28 60 0.167
28 63 0.151
28 66 0.168
29 53 0.723
29 69 0.808
29 49 0.76
29 55 0.64
29 38 0.696
29 47 0.467
29 30 0.896
29 40 0.914
29 74 0.967
29 68 0.714
29 71 0.564
29 41 0.149
29 43 0.443
29 50 0.81
29 52 0.621
29 67 0.419
29 32 0.104
29 48 0.125
29 72 0.542
29 42 0.179
29 33 0.268
29 45 0.179
29 58 0.146
29 37 0.272
29 59 0.233
29 31 0.169
29 34 0.158
29 44 0.195
29 60 0.168
29 61 0.176
29 65 0.093
29 73 0.173
30 39 0.971
30 74 0.862
30 44 0.69
30 53 0.418
30 71 0.827
30 56 1
30 51 0.946
30 69 0.113
30 40 0.991
30 36 0.038
30 32 0.36
30 60 0.463
30 45 0.354
30 31 0.456
30 64 0.249
30 73 0.313
30 48 0.113
30 34 0.568
30 52 0.388
30 33 0.597
30 61 0.232
30 54 0.402
30 55 0.01
30 63 0.157
30 43 0.204
30 47 0.045
30 62 0.35
30 38 0.204
30 41 0.199
30 50 0.124
30 65 0.15
30 68 0.156
30 72 0.232
31 57 0.952
31 38 0.906
31 64 0.934
31 61 0.86
31 60 0.596
31 59 0.155
31 58 0.877
31 63 0.878
31 36 0.907
31 71 0.814
31 33 0.547
31 34 0.136
31 39 0.01
31 41 0.264
31 51 0.603
31 55 0.103
31 68 0.433
31 72 0.275
31 49 0.312
31 73 0.501
31 47 0.077
31 67 0.034
31 69 0.336
31 37 0.218
31 42 0.224
31 48 0.115
31 50 0.174
31 56 0.155
31 62 0.112
31 74 0.19
32 37 0.215
32 34 0.969
32 44 0.779
32 33 0.515
32 65 0.773
32 64 1
32 58 0.576
32 52 1
32 62 1
32 49 0.61
32 57 0.139
32 72 0.541
32 38 0.454
32 56 0.458
32 40 0.596
32 41 0.427
32 61 1
32 53 0.515
32 48 0.224
32 54 0.286
32 66 0.115
32 39 0.393
32 43 0.19
32 60 0.055
32 68 0.445
32 35 0.099
32 50 0.123
32 59 0.189
32 63 0.105
32 73 0.144
32 36 0.167
32 42 0.152
32 45 0.148
32 51 0.173
32 55 0.204
32 70 0.151
32 74 0.182
33 40 0.873
33 50 0.644
33 37 0.913
33 45 0.873
33 59 0.548
33 72 0.275
33 74 0.947
33 39 0.735
33 36 0.649
33 65 0.44
33 52 0.623
33 34 0.572
33 48 0.172
33 35 0.423
33 46 0.219
33 55 0.304
33 62 0.184
33 42 0.375
33 44 0.167
33 53 0.013
33 70 0.25
33 51 0.202
33 69 0.201
33 73 0.386
33 41 0.16
33 54 0.147
33 58 0.114
33 64 0.121
33 67 0.184
34 66 0.254
34 62 0.71
34 47 1
34 70 0.935
34 64 0.721
34 41 0.589
34 40 0.904
34 57 0.449
34 38 0.478
34 52 0.62
34 56 0.673
34 37 0.485
34 68 0.318
34 36 0.233
34 51 0.31
34 42 0.356
34 67 0.113
34 35 0.177
34 71 0.159
34 43 0.182
34 46 0.179
34 60 0.134
34 39 0.004
34 59 0.019
34 49 0.215
34 58 0.003
34 45 0.118
34 72 0.209
34 73 0.174
35 62 0.792
35 57 0.734
35 69 0.066
35 42 0.825
35 56 1
35 39 0.834
35 73 1
35 70 0.646
35 74 0.67
35 53 0.454
35 61 0.941
35 54 0.496
35 66 0.022
35 46 0.698
35 44 0.336
35 47 0.106
35 67 0.668
35 40 0.387
35 63 0.123
35 65 0.069
35 72 0.234
35 37 0.197
35 55 0.233
35 59 0.151
35 41 0.107
35 38 0.162
35 50 0.138
35 51 0.109
35 60 0.153
35 71 0.111
36 56 0.783
36 68 0.63
36 74 0.976
36 41 0.892
36 50 1
36 40 0.622
36 70 1
36 54 0.731
36 69 0.12
36 65 0.597
36 64 0.193
36 72 0.374
36 62 0.445
36 38 0.269
36 39 0.441
36 37 0.322
36 47 0.31
36 59 0.284
36 63 0.16
36 42 0.041
36 51 0.047
36 71 0.246
36 44 0.358
36 66 0.112
36 46 0.098
36 60 0.216
36 73 0.322
36 48 0.053
36 49 0.167
36 52 0.191
36 58 0.116
37 52 0.759
37 66 0.638
37 64 0.893
37 50 0.957
37 55 0.621
37 48 0.847
37 51 1
37 69 0.785
37 59 0.517
37 67 0.628
37 54 0.043
37 44 0.106
37 63 0.139
37 68 0.271
37 70 0.598
37 57 0.391
37 61 0.373
37 71 0.281
37 60 0.15
37 42 0.38
37 53 0.133
37 39 0.206
37 65 0.188
37 72 0.196
37 73 0.127
37 41 0.15
37 62 0.16
38 65 0.801
38 61 0.935
38 66 0.625
38 49 0.755
38 57 0.91
38 60 1
38 39 0.534
38 54 0.34
38 72 0.387
38 43 0.335
38 51 0.3
38 56 0.244
38 64 0.016
38 69 0.214
38 59 0.362
38 47 0.675
38 50 0.185
38 58 0.031
38 71 0.067
38 40 0.239
38 45 0.063
38 62 0.209
38 67 0.25
38 46 0.197
38 63 0.158
38 74 0.195
39 68 0.505
39 49 1
39 56 0.972
39 64 0.921
39 40 1
39 41 0.738
39 47 0.696
39 52 0.895
39 62 0.881
39 53 0.986
39 69 0.373
39 60 1
39 70 0.563
39 42 0.349
39 73 0.524
39 48 0.335
39 61 0.573
39 72 0.318
39 59 0.066
39 63 0.118
39 46 0.098
39 65 0.23
39 54 0.091
39 66 0.093
39 67 0.453
39 50 0.157
39 57 0.16
39 58 0.121
40 69 0.438
40 52 0.992
40 72 1
40 43 0.992
40 50 0.829
40 42 0.715
40 67 0.427
40 44 0.87
40 46 0.596
40 51 0.868
40 58 0.86
40 64 0.968
40 62 0.955
40 55 0.623
40 56 0.515
40 47 0.761
40 65 0.516
40 41 0.247
40 53 0.262
40 59 0.425
40 73 0.441
40 48 0.192
40 71 0.017
41 42 0.442
41 46 0.811
41 51 0.946
41 70 0.798
41 45 0.88
41 53 0.15
41 62 0.863
41 47 0.673
41 56 0.282
41 63 0.727
41 59 0.903
41 69 0.466
41 68 0.51
41 49 0.243
41 74 0.026
41 60 0.457
41 61 0.039
41 57 0.232
41 71 0.089
41 73 0.22
41 44 0.282
41 67 0.024
41 48 0.062
41 52 0.096
41 54 0.146
41 50 0.179
41 55 0.114
41 66 0.145
41 72 0.188
42 45 0.737
42 65 0.856
42 46 0.888
42 52 0.857
42 57 1
42 70 0.473
42 59 0.91
42 60 0.812
42 58 0.047
42 47 0.906
42 56 0.745
42 55 0.59
42 51 0.222
42 48 0.816
42 61 0.145
42 71 0.059
42 74 0.086
42 54 0.297
42 44 0.32
42 66 0.31
42 53 0.165
42 64 0.083
42 69 0.116
42 49 0.118
42 62 0.197
42 67 0.166
43 65 0.331
43 71 0.584
43 57 0.516
43 58 0.863
43 51 0.733
43 73 0.678
43 61 0.503
43 62 0.668
43 68 0.43
43 72 0.52
43 52 0.288
43 53 0.163
43 60 0.297
43 45 0.197
43 50 0.448
43 66 0.311
43 70 0.185
43 55 0.196
43 59 0.087
43 64 0.001
43 46 0.257
43 48 0.153
43 54 0.113
43 44 0.147
43 69 0.157
44 58 1
44 74 0.825
44 54 0.744
44 47 0.614
44 64 0.638
44 61 0.852
44 49 0.193
44 63 0.441
44 71 0.235
44 51 0.584
44 65 0.425
44 48 0.626
44 67 0.163
44 53 0.855
44 73 0.417
44 57 0.731
44 52 0.069
44 68 0.246
44 70 0.045
44 55 0.16
44 59 0.105
44 72 0.095
44 60 0.136
45 53 0.997
45 60 0.547
45 54 0.621
45 62 0.737
45 49 0.367
45 68 1
45 65 0.53
45 55 0.719
45 66 0.555
45 67 0.317
45 50 0.525
45 57 0.24
45 56 0.03
45 73 0.056
45 74 0.042
45 70 0.121
45 71 0.401
45 61 0.224
45 64 0.374
45 48 0.124
45 52 0.128
45 59 0.143
46 54 0.746
46 58 0.733
46 74 0.538
46 49 0.413
46 71 0.739
46 50 0.877
46 59 0.591
46 60 0.67
46 66 0.841
46 47 0.56
46 63 1
46 72 0.852
46 68 0.293
46 62 0.565
46 48 0.351
46 55 0.506
46 65 0.318
46 56 0.216
46 52 0.177
46 57 0.137
47 62 0.963
47 66 0.503
47 67 0.807
47 55 0.688
47 56 0.524
47 63 0.769
47 51 0.584
47 65 0.997
47 49 0.14
47 69 0.348
47 50 0.293
47 70 0.471
47 59 0.229
47 61 0.604
47 64 0.359
47 57 0.403
47 48 0.357
47 52 0.24
47 60 0.113
47 68 0.168
47 53 0.09
47 72 0.347
47 74 0.193
47 71 0.138
48 67 0.674
48 56 0.938
48 51 0.669
48 72 1
48 49 0.674
48 62 0.792
48 70 0.562
48 50 0.592
48 52 0.363
48 68 0.597
48 54 0.337
48 63 0.169
48 73 0.332
48 65 0.151
48 57 0.18
48 69 0.059
48 59 0.001
48 60 0.174
48 74 0.103
48 55 0.152
48 64 0.172
49 63 0.9
49 54 0.474
49 59 0.064
49 68 0.786
49 60 0.542
49 53 0.751
49 72 0.532
49 67 0.507
49 50 0.773
49 66 0.4
49 65 0.061
49 62 0.506
49 70 0.267
49 69 0.127
49 51 0.144
49 57 0.367
49 71 0.22
49 58 0.283
49 56 0.152
50 52 0.791
50 64 0.908
50 66 0.804
50 61 1
50 58 0.75
50 71 0.741
50 54 0.478
50 59 0.044
50 56 0.519
50 67 0.393
50 72 0.135
50 68 0.448
50 69 0.342
50 53 0.321
50 62 0.394
50 74 0.132
50 55 0.117
50 65 0.178
50 73 0.205
51 57 0.129
51 58 0.471
51 56 0.636
51 53 0.572
51 66 0.816
51 69 0.481
51 54 0.34
51 52 0.457
51 72 0.247
51 65 0.267
51 74 0.717
51 68 0.063
51 67 0.173
51 73 0.297
51 59 0.18
51 60 0.161
51 71 0.167
52 70 0.26
52 66 0.817
52 60 1
52 69 0.16
52 71 0.389
52 55 0.613
52 59 0.5
52 72 0.751
52 67 0.346
52 54 0.212
52 58 0.211
52 68 0.143
52 62 0.068
52 74 0.058
52 56 0.189
52 65 0.032
52 57 0.171
52 61 0.129
52 64 0.172
53 70 0.865
53 58 0.578
53 55 0.46
53 68 0.372
53 59 0.397
53 54 0.761
53 57 0.777
53 67 0.04
53 56 0.181
53 71 0.107
53 65 0.133
53 72 0.549
53 73 0.151
53 64 0.113
53 74 0.187
54 73 0.754
54 56 0.75
54 64 0.682
54 59 0.817
54 58 0.404
54 70 1
54 62 0.924
54 67 0.595
54 63 0.923
54 55 0.38
54 61 0.153
54 72 0.139
54 74 0.15
55 59 0.844
55 68 1
55 61 0.821
55 70 0.323
55 60 0.357
55 67 0.289
55 69 0.251
55 66 0.316
55 62 0.783
55 65 0.71
55 57 0.202
55 71 0.145
55 74 0.285
55 56 0.125
55 73 0.171
56 63 1.0
56 62 0.981
56 71 0.576
56 66 0.469
56 72 0.222
56 73 0.098
56 65 0.327
56 70 0.69
56 60 0.251
56 61 0.208
56 59 0.376
56 74 0.075
56 68 0.179
57 60 0.791
57 64 0.837
57 68 0.655
57 73 0.484
57 67 0.324
57 71 0.641
57 74 0.158
57 72 0.627
57 59 0.244
57 70 0.172
57 69 0.323
57 58 0.205
57 63 0.193
58 74 0.743
58 71 1
58 61 0.881
58 67 0.759
58 65 1
58 66 0.405
58 72 0.509
58 60 1
58 73 0.555
58 69 0.163
58 62 0.1
58 68 0.004
58 64 0.201
59 60 0.661
59 68 1
59 64 0.859
59 71 0.566
59 62 0.084
59 73 0.792
59 63 0.401
59 66 0.673
59 72 0.118
59 70 0.475
59 65 0.171
59 67 0.13
59 74 0.097
60 61 0.755
60 70 0.159
60 65 0.547
60 69 0.41
60 68 0.499
60 62 0.581
60 73 0.926
60 67 0.052
60 74 0.058
60 71 0.029
60 66 0.084
60 72 0.162
61 63 0.773
61 71 1
61 74 0.683
61 69 0.731
61 67 0.61
61 62 0.723
61 64 0.031
61 68 0.258
61 72 0.417
61 70 0.156
62 66 0.665
62 74 0.776
62 72 1
62 70 0.73
62 63 0.243
62 71 0.538
62 69 0.172
63 73 0.224
63 69 0.107
63 65 0.409
63 74 0.583
63 66 0.089
63 67 0.315
63 71 0.239
63 72 0.57
63 68 0.185
63 70 0.147
64 72 0.735
64 74 0.627
64 66 0.598
64 69 1
64 70 0.518
64 67 0.297
65 69 0.888
65 67 0.877
65 73 0.379
65 66 1
65 70 0.245
65 74 0.109
65 71 0.139
66 68 0.705
66 74 0.963
66 69 0.859
66 71 0.658
66 67 0.316
66 72 0.275
67 74 0.682
67 71 0.564
67 69 0.387
67 68 0.045
67 73 0.032
67 72 0.187
68 71 0.942
68 69 1
68 73 1
68 72 0.357
68 74 0.075
68 70 0.123
69 72 0.248
69 70 0.088
69 73 0.567
69 74 0.138
70 73 0.555
70 71 0.756
70 72 0.166
71 72 0.718
71 73 0.828
71 74 0.279
72 74 0.979
72 73 0.035
73 74 0.101
