0 32 1
0 58 0.966
0 24 0.935
0 40 0.981
0 37 0.649
0 52 0.554
0 35 0.643
0 10 0.604
0 18 0.79
0 39 0.778
0 20 0.738
0 12 0.596
0 60 0.807
0 9 0.787
0 42 0.805
0 43 0.655
0 71 1
0 19 0.973
0 56 0.545
0 4 0.508
0 13 0.139
0 62 0.81
0 63 0.186
0 16 0.297
0 53 0.288
0 21 0.558
0 23 0.568
0 30 0.538
0 69 0.15
0 3 0.124
0 6 0.118
0 38 0.689
0 61 0.36
0 46 0.153
0 34 0.164
0 48 0.312
0 50 0.396
0 29 0.069
0 55 0.215
0 64 0.386
0 73 0.094
0 11 0.271
0 22 0.308
0 57 0.203
0 68 0.23
0 72 0.104
0 8 0.204
0 28 0.126
0 70 0.041
0 17 0.181
0 27 0.128
0 49 0.129
0 59 0.163
1 40 1
1 32 0.861
1 5 0.911
1 42 0.777
1 57 0.841
1 54 0.92
1 64 0.65
1 61 0.649
1 13 0.767
1 48 0.683
1 11 0.932
1 74 0.12
1 39 0.709
1 7 0.546
1 12 0.697
1 26 0.502
1 50 0.026
1 25 0.152
1 8 0.561
1 18 0.313
1 24 0.609
1 30 0.52
1 51 0.322
1 27 0.085
1 52 0.597
1 58 0.465
1 60 0.9
1 17 0.321
1 43 0.635
1 49 0.413
1 47 0.802
1 29 0.392
1 6 0.513
1 14 0.253
1 20 0.106
1 36 0.318
1 55 0.249
1 65 0.065
1 16 0.309
1 45 0.166
1 62 0.245
1 10 0.104
1 44 0.092
1 33 0.325
1 59 0.175
1 70 0.201
1 21 0.175
1 23 0.157
1 34 0.19
1 37 0.131
1 38 0.151
1 66 0.079
1 67 0.155
2 28 0.822
2 68 0.932
2 56 0.658
2 54 0.826
2 74 0.717
2 63 1
2 69 0.967
2 39 0.737
2 59 0.899
2 30 0.711
2 58 0.848
2 45 0.344
2 62 0.95
2 35 0.848
2 22 0.858
2 38 0.687
2 67 0.446
2 19 0.47
2 57 0.654
2 5 0.046
2 31 0.846
2 70 0.318
2 17 0.661
2 47 0.051
2 73 0.334
2 6 0.893
2 23 0.036
2 29 0.574
2 3 0.397
2 53 0.743
2 65 0.379
2 55 0.357
2 10 0.114
2 61 0.163
2 43 0.066
2 66 0.442
2 40 0.135
2 72 0.377
2 11 0.481
2 26 0.42
2 20 0.28
2 48 0.136
2 64 0.16
2 71 0.046
2 9 0.165
2 16 0.204
2 18 0.158
2 33 0.339
2 13 0.134
2 27 0.127
2 46 0.151
2 49 0.167
2 7 0.141
2 8 0.121
2 12 0.161
2 34 0.17
2 37 0.111
2 44 0.143
2 52 0.193
3 62 0.864
3 14 0.632
3 10 1
3 4 1
3 13 1
3 41 1
3 64 0.968
3 68 1
3 72 0.674
3 54 0.716
3 17 0.69
3 19 0.761
3 9 0.607
3 35 0.584
3 43 0.917
3 66 0.64
3 11 0.071
3 30 0.214
3 63 0.148
3 58 0.427
3 56 0.667
3 60 0.652
3 48 0.818
3 55 0.141
3 67 0.282
3 27 0.572
3 44 0.302
3 8 0.514
3 39 0.211
3 25 0.12
3 24 0.235
3 31 0.066
3 38 0.123
3 51 0.455
3 70 0.234
3 5 0.148
3 36 0.226
3 47 0.132
3 23 0.338
3 34 0.043
3 40 0.016
3 52 0.369
3 71 0.148
3 12 0.119
3 59 0.071
3 73 0.162
3 7 0.148
3 20 0.132
3 21 0.167
3 22 0.14
3 32 0.151
3 33 0.174
3 46 0.167
3 69 0.172
4 28 0.639
4 18 0.84
4 46 0.631
4 53 0.694
4 64 0.761
4 19 1
4 29 0.763
4 40 0.496
4 6 0.993
4 17 0.377
4 42 0.744
4 54 0.889
4 23 0.878
4 71 0.596
4 20 0.642
4 14 0.208
4 37 0.797
4 35 0.261
4 12 0.513
4 27 0.809
4 66 0.914
4 9 0.665
4 60 0.949
4 15 0.277
4 45 0.647
4 11 0.369
4 65 0.457
4 13 0.2
4 16 0.352
4 34 0.41
4 8 0.111
4 25 0.179
4 43 0.112
4 57 0.229
4 55 0.012
4 67 0.504
4 5 0.032
4 36 0.148
4 61 0.141
4 63 0.149
4 21 0.2
4 31 0.187
4 52 0.126
4 74 0.177
5 29 1
5 72 0.592
5 66 0.602
5 39 0.861
5 18 0.675
5 20 0.315
5 14 0.813
5 45 0.993
5 62 0.514
5 64 0.912
5 27 0.76
5 50 0.836
5 52 0.953
5 21 0.851
5 35 0.86
5 38 0.491
5 11 0.908
5 59 0.462
5 73 0.573
5 9 0.461
5 70 0.631
5 49 0.871
5 16 0.839
5 19 0.694
5 25 0.708
5 26 0.548
5 44 0.824
5 10 0.151
5 60 0.1
5 65 0.408
5 57 0.276
5 8 0.29
5 41 0.198
5 67 0.175
5 43 0.057
5 48 0.352
5 33 0.145
5 34 0.068
5 22 0.002
5 47 0.056
5 51 0.346
5 37 0.327
5 55 0.143
5 71 0.004
5 7 0.18
5 40 0.04
5 42 0.071
5 46 0.039
5 53 0.186
5 61 0.23
5 13 0.159
5 15 0.164
5 17 0.125
5 23 0.119
5 28 0.145
5 36 0.156
5 54 0.178
5 68 0.161
5 69 0.157
5 74 0.185
6 28 0.256
6 17 0.527
6 71 0.804
6 20 0.712
6 43 0.435
6 74 0.66
6 22 0.35
6 44 0.537
6 16 0.709
6 21 0.179
6 62 0.811
6 36 0.785
6 50 0.879
6 66 0.107
6 35 0.966
6 70 0.932
6 46 1
6 31 0.518
6 47 0.64
6 63 1
6 72 0.807
6 58 0.725
6 39 0.652
6 57 0.608
6 51 0.175
6 41 0.446
6 26 0.004
6 42 0.285
6 32 0.523
6 48 0.658
6 56 0.302
6 68 0.203
6 73 0.406
6 29 0.21
6 33 0.421
6 13 0.272
6 55 0.134
6 9 0.009
6 27 0.268
6 12 0.377
6 14 0.035
6 19 0.37
6 34 0.068
6 11 0.126
6 45 0.024
6 52 0.177
6 53 0.272
6 65 0.168
6 49 0.135
6 60 0.14
6 64 0.153
7 50 0.297
7 8 0.752
7 72 0.774
7 15 0.679
7 36 1
7 57 0.475
7 21 0.909
7 49 1
7 62 0.434
7 66 0.926
7 52 0.781
7 35 0.6
7 63 1
7 41 0.101
7 54 0.753
7 27 0.628
7 68 0.254
7 70 0.21
7 33 0.483
7 53 0.116
7 61 0.501
7 11 0.413
7 24 0.213
7 31 0.743
7 9 0.425
7 55 0.264
7 56 0.077
7 23 0.535
7 18 0.27
7 37 0.529
7 58 0.074
7 67 0.266
7 30 0.127
7 32 0.017
7 51 0.024
7 74 0.148
7 26 0.174
7 29 0.085
7 34 0.208
7 42 0.045
7 43 0.254
7 65 0.059
7 14 0.159
7 19 0.018
7 60 0.193
7 16 0.19
7 22 0.144
7 45 0.141
7 59 0.179
8 63 0.546
8 64 0.437
8 19 1
8 54 0.775
8 51 0.402
8 43 0.222
8 56 1
8 14 0.88
8 48 0.712
8 66 0.621
8 11 0.465
8 62 1
8 24 0.7
8 29 0.288
8 52 0.572
8 35 0.755
8 18 0.547
8 44 0.802
8 59 0.628
8 13 0.385
8 9 0.077
8 41 0.414
8 69 0.1
8 16 0.133
8 28 0.011
8 10 0.274
8 34 0.442
8 22 0.015
8 33 0.523
8 47 0.227
8 58 0.213
8 73 0.558
8 53 0.383
8 65 0.574
8 31 0.353
8 32 0.262
8 50 0.041
8 61 0.457
8 15 0.137
8 25 0.059
8 30 0.213
8 36 0.261
8 39 0.39
8 71 0.169
8 12 0.18
8 40 0.227
8 26 0.19
8 37 0.156
8 38 0.141
8 49 0.187
8 57 0.148
8 72 0.189
9 57 0.843
9 10 0.886
9 12 1
9 59 0.506
9 46 0.684
9 58 0.81
9 44 0.319
9 16 0.144
9 20 0.331
9 23 0.952
9 71 1
9 13 1
9 34 0.961
9 27 0.627
9 49 0.367
9 26 0.77
9 29 0.461
9 63 0.458
9 35 0.764
9 73 0.283
9 65 0.12
9 19 0.806
9 11 0.318
9 45 1
9 42 0.431
9 17 0.203
9 30 0.161
9 51 0.246
9 40 0.188
9 61 0.025
9 31 0.417
9 41 0.346
9 50 0.267
9 56 0.183
9 37 0.498
9 52 0.171
9 74 0.423
9 15 0.041
9 67 0.072
9 25 0.084
9 54 0.308
9 60 0.025
9 64 0.03
9 18 0.162
9 24 0.114
9 28 0.144
9 32 0.117
9 55 0.196
10 40 1
10 30 1
10 54 0.518
10 45 0.943
10 36 0.815
10 17 0.943
10 19 0.524
10 22 0.891
10 31 0.665
10 64 0.652
10 69 0.709
10 12 1
10 24 0.851
10 48 0.943
10 13 0.798
10 43 0.64
10 52 1
10 65 0.639
10 49 0.639
10 51 0.483
10 72 0.942
10 26 0.856
10 41 0.469
10 15 0.417
10 46 0.237
10 68 0.169
10 73 0.648
10 57 0.384
10 11 0.059
10 27 0.321
10 67 0.164
10 16 0.268
10 18 0.124
10 35 0.228
10 74 0.425
10 20 0.135
10 23 0.218
10 50 0.329
10 58 0.203
10 59 0.195
10 60 0.3
10 21 0.179
10 33 0.094
10 34 0.192
10 37 0.145
10 39 0.048
10 61 0.056
10 25 0.097
10 29 0.171
10 42 0.186
10 66 0.174
10 70 0.176
10 71 0.143
11 38 0.865
11 14 1
11 71 0.578
11 20 0.727
11 30 0.986
11 62 0.952
11 65 0.219
11 29 0.733
11 57 0.533
11 73 0.676
11 45 0.839
11 32 0.786
11 42 0.898
11 26 0.524
11 50 0.795
11 43 0.946
11 46 0.285
11 69 0.061
11 39 0.52
11 52 0.7
11 63 0.209
11 13 0.949
11 21 0.616
11 64 0.118
11 48 0.345
11 31 0.44
11 17 0.415
11 51 0.45
11 66 0.432
11 49 0.209
11 58 0.231
11 24 0.125
11 41 0.241
11 59 0.19
11 74 0.234
11 53 0.258
11 56 0.06
11 54 0.025
11 55 0.221
11 67 0.193
11 68 0.213
11 18 0.157
11 19 0.133
11 23 0.171
11 25 0.153
11 27 0.118
11 35 0.119
11 72 0.13
12 56 0.846
12 20 0.493
12 68 0.592
12 26 0.43
12 48 0.652
12 58 0.828
12 18 1
12 25 1
12 71 0.91
12 35 0.822
12 47 0.598
12 57 0.561
12 23 0.087
12 31 0.122
12 42 0.343
12 53 0.456
12 39 0.361
12 63 0.053
12 69 0.255
12 27 0.264
12 43 0.146
12 51 0.291
12 55 0.209
12 70 0.512
12 14 0.321
12 24 0.021
12 16 0.263
12 34 0.266
12 44 0.182
12 50 0.252
12 65 0.131
12 29 0.189
12 32 0.291
12 33 0.146
12 36 0.055
12 40 0.161
12 62 0.074
12 73 0.184
12 15 0.13
12 17 0.173
12 30 0.104
12 37 0.166
12 38 0.147
12 45 0.136
12 66 0.121
13 62 0.547
13 73 0.376
13 32 0.974
13 53 0.824
13 40 0.138
13 67 0.324
13 56 0.741
13 27 0.681
13 71 1
13 60 0.666
13 16 0.617
13 66 0.923
13 14 0.628
13 17 0.838
13 28 0.274
13 29 0.56
13 69 0.088
13 57 0.67
13 51 0.4
13 63 0.522
13 25 0.297
13 54 0.252
13 34 0.032
13 41 0.137
13 22 0.558
13 39 0.412
13 42 0.27
13 30 0.679
13 19 0.253
13 35 0.375
13 43 0.405
13 45 0.224
13 24 0.085
13 55 0.133
13 18 0.165
13 74 0.161
13 20 0.113
13 48 0.171
13 26 0.153
13 47 0.086
13 64 0.171
13 21 0.072
13 23 0.206
13 49 0.162
13 52 0.107
13 15 0.186
13 31 0.174
13 33 0.165
13 36 0.156
13 38 0.145
13 58 0.114
13 59 0.148
13 61 0.119
13 72 0.166
14 15 0.728
14 60 0.777
14 30 0.244
14 72 0.423
14 65 0.762
14 18 0.862
14 31 0.947
14 63 0.791
14 16 0.706
14 43 1
14 54 0.967
14 33 1
14 59 0.628
14 27 0.631
14 68 0.711
14 66 0.382
14 64 0.971
14 73 0.795
14 45 0.119
14 74 0.341
14 37 0.529
14 34 0.327
14 46 0.505
14 62 0.327
14 21 0.524
14 52 0.063
14 44 0.163
14 17 0.143
14 40 0.313
14 55 0.505
14 57 0.201
14 36 0.127
14 67 0.237
14 70 0.079
14 32 0.078
14 39 0.279
14 51 0.048
14 19 0.084
14 20 0.168
14 25 0.168
14 28 0.168
14 29 0.165
14 47 0.106
14 56 0.165
14 58 0.159
15 61 0.821
15 32 0.853
15 39 0.953
15 59 0.901
15 43 0.43
15 46 0.713
15 18 0.955
15 41 0.552
15 65 0.993
15 57 0.517
15 52 0.423
15 38 0.329
15 47 0.592
15 67 0.533
15 63 0.198
15 50 0.735
15 72 0.17
15 73 0.121
15 28 0.263
15 51 0.122
15 70 0.635
15 21 0.562
15 25 0.099
15 42 0.154
15 71 0.62
15 33 0.243
15 53 0.23
15 23 0.262
15 69 0.146
15 45 0.254
15 24 0.149
15 44 0.214
15 49 0.146
15 56 0.137
15 66 0.019
15 40 0.357
15 68 0.118
15 26 0.122
15 27 0.146
15 36 0.177
15 48 0.141
15 55 0.161
15 60 0.139
15 64 0.128
16 67 1
16 72 0.822
16 43 0.537
16 25 0.877
16 50 0.777
16 33 1
16 48 0.793
16 65 0.787
16 41 0.894
16 39 0.659
16 37 0.627
16 31 0.706
16 32 0.964
16 46 0.753
16 58 0.625
16 47 0.783
16 63 0.199
16 38 0.428
16 20 0.582
16 19 0.432
16 60 0.59
16 18 0.672
16 54 0.517
16 56 0.686
16 24 0.256
16 70 0.485
16 29 0.229
16 71 0.258
16 34 0.452
16 64 0.07
16 22 0.299
16 26 0.417
16 55 0.065
16 74 0.058
16 27 0.174
16 21 0.154
16 23 0.188
16 49 0.164
16 51 0.175
16 52 0.148
16 53 0.155
16 59 0.133
16 61 0.142
16 69 0.117
17 65 0.36
17 42 0.854
17 27 0.712
17 25 0.145
17 36 1
17 68 0.98
17 54 0.739
17 48 1
17 35 0.792
17 29 0.955
17 30 0.055
17 44 0.783
17 40 0.899
17 33 0.439
17 73 0.28
17 31 0.088
17 55 0.395
17 66 0.077
17 52 0.127
17 58 0.045
17 63 0.086
17 18 0.276
17 38 0.178
17 39 0.32
17 56 0.438
17 64 0.075
17 70 0.007
17 22 0.253
17 23 0.375
17 74 0.317
17 19 0.057
17 34 0.115
17 45 0.209
17 49 0.465
17 53 0.136
17 59 0.34
17 60 0.058
17 21 0.098
17 50 0.149
17 57 0.096
17 67 0.37
17 61 0.178
18 58 0.81
18 69 0.973
18 23 0.475
18 61 0.876
18 70 0.992
18 74 0.972
18 32 0.217
18 73 0.468
18 40 0.579
18 44 0.576
18 72 0.491
18 28 0.644
18 21 0.41
18 22 0.427
18 59 0.47
18 71 0.086
18 62 0.664
18 30 0.664
18 31 0.461
18 36 0.377
18 29 0.399
18 33 0.221
18 39 0.584
18 60 0.704
18 34 0.357
18 48 0.234
18 67 0.253
18 24 0.264
18 45 0.447
18 63 0.315
18 27 0.103
18 50 0.456
18 68 0.094
18 25 0.101
18 26 0.141
18 35 0.301
18 38 0.155
18 41 0.28
18 43 0.12
18 54 0.271
18 55 0.139
18 65 0.128
18 42 0.101
18 64 0.186
18 66 0.158
19 43 0.873
19 52 0.931
19 31 0.559
19 27 1
19 38 0.752
19 21 0.41
19 60 0.696
19 57 0.759
19 58 0.932
19 29 0.822
19 47 1
19 62 0.564
19 25 0.724
19 51 0.72
19 26 0.803
19 70 0.487
19 50 0.79
19 28 0.253
19 24 0.781
19 32 0.48
19 34 0.534
19 64 0.13
19 71 0.448
19 68 0.76
19 42 0.001
19 46 0.02
19 54 0.455
19 48 0.187
19 74 0.354
19 30 0.107
19 35 0.339
19 39 0.208
19 67 0.179
19 73 0.278
19 33 0.185
19 36 0.195
19 44 0.075
19 56 0.06
19 61 0.026
19 69 0.218
19 20 0.193
19 22 0.135
19 37 0.11
19 45 0.139
19 49 0.136
20 74 0.496
20 70 0.67
20 37 0.853
20 68 0.805
20 34 0.623
20 51 0.63
20 48 0.674
20 55 1
20 28 0.751
20 49 0.779
20 50 0.31
20 54 0.99
20 61 0.605
20 47 0.791
20 69 0.245
20 35 0.646
20 29 0.679
20 66 0.701
20 42 0.236
20 53 0.154
20 58 0.363
20 40 0.436
20 45 0.073
20 24 0.198
20 25 0.462
20 26 0.059
20 56 0.272
20 23 0.314
20 31 0.269
20 36 0.512
20 38 0.199
20 21 0.154
20 33 0.248
20 44 0.132
20 46 0.222
20 63 0.118
20 65 0.277
20 39 0.112
20 71 0.326
20 41 0.193
20 62 0.102
20 64 0.164
20 72 0.105
21 44 0.95
21 48 0.876
21 72 0.888
21 68 0.465
21 66 0.877
21 26 0.277
21 34 0.898
21 67 0.8
21 39 0.897
21 40 0.71
21 43 0.219
21 42 0.717
21 56 0.543
21 32 0.21
21 25 0.472
21 37 0.587
21 36 0.263
21 71 0.046
21 47 0.143
21 58 0.012
21 65 0.19
21 69 0.448
21 45 0.557
21 57 0.257
21 49 0.071
21 73 0.192
21 22 0.271
21 59 0.461
21 33 0.052
21 51 0.124
21 60 0.208
21 61 0.104
21 28 0.152
21 31 0.081
21 35 0.155
21 38 0.192
21 41 0.187
21 55 0.157
21 62 0.118
21 74 0.142
22 49 0.508
22 67 0.476
22 51 1
22 24 0.895
22 33 0.974
22 39 0.387
22 55 0.514
22 68 0.303
22 31 0.424
22 52 0.263
22 47 0.775
22 23 0.924
22 25 0.409
22 54 1
22 66 0.164
22 65 0.777
22 71 0.216
22 35 1
22 45 0.439
22 48 0.927
22 62 0.646
22 57 0.283
22 40 0.316
22 28 0.436
22 34 0.264
22 26 0.433
22 63 0.094
22 73 0.015
22 74 0.336
22 27 0.418
22 44 0.256
22 32 0.238
22 70 0.178
22 64 0.203
22 72 0.28
22 36 0.229
22 42 0.031
22 46 0.034
22 59 0.261
22 69 0.192
23 53 0.883
23 54 0.757
23 59 0.058
23 46 0.86
23 31 0.957
23 74 0.592
23 35 0.592
23 55 0.633
23 47 0.555
23 27 0.06
23 66 0.97
23 72 0.7
23 60 0.643
23 40 0.317
23 73 0.182
23 28 0.313
23 33 0.146
23 39 0.453
23 49 0.365
23 24 0.289
23 30 0.272
23 71 0.17
23 68 0.332
23 26 0.225
23 50 0.38
23 36 0.009
23 51 0.02
23 38 0.108
23 41 0.171
23 43 0.117
23 29 0.069
23 62 0.047
23 63 0.166
23 67 0.102
23 34 0.16
23 37 0.107
23 56 0.12
23 64 0.183
23 69 0.138
24 55 0.372
24 64 0.542
24 67 0.653
24 54 0.557
24 39 0.525
24 70 0.624
24 74 0.471
24 49 0.401
24 57 0.252
24 69 0.195
24 33 0.159
24 48 0.497
24 38 0.261
24 63 0.367
24 43 0.297
24 52 0.228
24 45 0.126
24 31 0.445
24 35 0.172
24 40 0.322
24 60 0.084
24 29 0.201
24 34 0.267
24 41 0.088
24 44 0.043
24 46 0.197
24 68 0.239
24 28 0.179
24 30 0.124
24 37 0.135
24 50 0.147
24 56 0.151
24 58 0.159
24 71 0.095
25 50 0.842
25 54 0.896
25 56 0.992
25 30 0.48
25 45 0.963
25 40 0.442
25 36 0.816
25 59 0.27
25 42 1
25 57 0.923
25 63 1
25 27 0.703
25 55 1
25 51 0.396
25 33 0.289
25 64 0.046
25 37 0.81
25 60 0.732
25 62 0.034
25 65 0.838
25 31 0.279
25 66 0.678
25 32 0.458
25 35 0.11
25 61 0.343
25 70 0.002
25 72 0.289
25 29 0.187
25 41 0.202
25 52 0.054
25 34 0.13
25 73 0.173
25 48 0.062
25 49 0.178
25 71 0.014
25 74 0.16
25 28 0.126
25 39 0.163
25 47 0.203
26 38 0.521
26 69 0.868
26 52 0.608
26 51 0.729
26 58 0.647
26 30 0.431
26 41 0.635
26 34 1
26 46 0.695
26 47 0.96
26 50 0.947
26 29 0.952
26 36 0.724
26 49 1
26 64 0.256
26 67 0.431
26 60 0.861
26 43 0.201
26 66 0.316
26 44 0.08
26 42 0.186
26 45 0.047
26 68 0.193
26 54 0.185
26 56 0.199
26 57 0.135
26 73 0.162
26 28 0.099
26 33 0.174
26 35 0.269
26 48 0.237
26 71 0.055
26 40 0.304
26 61 0.141
26 63 0.277
26 72 0.123
26 53 0.16
26 55 0.173
27 28 0.983
27 68 0.491
27 46 0.832
27 71 1
27 59 0.862
27 72 1
27 57 0.982
27 66 0.015
27 54 0.36
27 67 0.625
27 58 0.656
27 31 0.532
27 39 0.714
27 61 0.042
27 70 0.432
27 65 0.067
27 69 0.586
27 29 0.638
27 64 0.401
27 30 0.355
27 44 0.68
27 74 0.344
27 34 0.231
27 40 0.275
27 36 0.079
27 38 0.081
27 45 0.324
27 63 0.216
27 47 0.224
27 50 0.121
27 35 0.192
27 48 0.003
27 52 0.211
27 53 0.028
27 55 0.139
27 51 0.167
27 56 0.15
27 62 0.15
28 59 1
28 34 0.727
28 45 0.848
28 72 1
28 67 0.979
28 74 0.587
28 61 0.514
28 36 0.749
28 46 0.301
28 44 0.372
28 71 0.642
28 73 0.566
28 41 0.27
28 54 0.189
28 68 0.306
28 42 0.254
28 47 0.303
28 48 0.146
28 35 0.274
28 39 0.094
28 69 0.259
28 29 0.474
28 55 0.325
28 43 0.207
28 56 0.203
28 60 0.203
28 63 0.439
28 66 0.151
28 62 0.105
28 70 0.156
29 53 0.627
29 69 0.896
29 49 0.831
29 55 0.64
29 38 0.564
29 47 0.304
29 30 1
29 40 0.799
29 74 1
29 68 0.846
29 71 0.454
29 41 0.034
29 43 0.445
29 50 0.802
29 52 0.921
29 67 0.417
29 32 0.034
29 48 0.245
29 72 0.552
29 42 0.179
29 33 0.182
29 45 0.241
29 58 0.146
29 37 0.254
29 59 0.228
29 31 0.375
29 34 0.15
29 44 0.234
29 60 0.071
29 61 0.042
29 73 0.226
29 36 0.143
29 46 0.187
29 51 0.143
29 56 0.162
30 39 1
30 74 0.955
30 44 0.674
30 53 0.405
30 71 0.662
30 56 0.994
30 51 1
30 69 0.065
30 40 0.781
30 60 0.416
30 45 0.341
30 31 0.613
30 64 0.315
30 73 0.32
30 48 0.1
30 34 0.727
30 33 0.635
30 61 0.248
30 54 0.274
30 55 0.095
30 63 0.262
30 43 0.153
30 62 0.361
30 38 0.406
30 41 0.239
30 68 0.241
30 72 0.083
30 36 0.175
30 37 0.165
30 47 0.165
30 49 0.15
30 67 0.125
31 57 0.924
31 38 0.995
31 64 0.834
31 61 0.892
31 60 0.546
31 59 0.032
31 58 0.974
31 63 0.865
31 36 0.798
31 71 0.95
31 33 0.547
31 34 0.033
31 39 0.19
31 41 0.293
31 51 0.695
31 55 0.01
31 68 0.464
31 72 0.369
31 49 0.23
31 73 0.469
31 47 0.087
31 67 0.164
31 69 0.347
31 37 0.203
31 42 0.287
31 50 0.015
31 56 0.008
31 62 0.305
31 74 0.201
31 32 0.085
31 46 0.139
31 65 0.222
31 70 0.198
32 37 0.184
32 34 0.885
32 44 0.779
32 33 0.46
32 65 0.912
32 64 1
32 58 0.514
32 52 1
32 62 0.922
32 49 0.424
32 57 0.067
32 72 0.59
32 38 0.571
32 56 0.42
32 40 0.443
32 41 0.494
32 61 0.888
32 53 0.592
32 48 0.208
32 54 0.274
32 39 0.462
32 43 0.163
32 60 0.22
32 68 0.457
32 35 0.003
32 50 0.038
32 59 0.091
32 63 0.067
32 73 0.153
32 36 0.15
32 42 0.169
32 51 0.291
32 55 0.234
32 70 0.081
32 74 0.313
32 69 0.153
33 40 0.851
33 50 0.553
33 37 1
33 45 0.762
33 59 0.529
33 72 0.474
33 74 0.928
33 39 0.62
33 36 0.573
33 65 0.409
33 52 0.511
33 34 0.523
33 48 0.076
33 35 0.372
33 46 0.18
33 55 0.339
33 42 0.489
33 44 0.151
33 69 0.236
33 41 0.088
33 54 0.225
33 58 0.114
33 67 0.198
33 38 0.152
33 49 0.134
33 57 0.176
33 60 0.188
33 68 0.185
34 66 0.355
34 62 0.524
34 47 0.994
34 70 1
34 64 0.721
34 41 0.639
34 40 0.963
34 57 0.412
34 38 0.436
34 52 0.858
34 56 0.654
34 37 0.444
34 68 0.365
34 36 0.086
34 51 0.459
34 42 0.344
34 67 0.118
34 35 0.111
34 71 0.117
34 43 0.103
34 46 0.197
34 60 0.117
34 59 0.041
34 58 0.01
34 45 0.01
34 72 0.209
34 44 0.129
34 50 0.133
34 54 0.169
34 61 0.199
34 65 0.138
35 62 0.83
35 57 0.845
35 69 0.066
35 42 0.74
35 56 1
35 39 0.725
35 73 1
35 70 0.584
35 74 0.712
35 53 0.316
35 61 1
35 54 0.499
35 66 0.022
35 46 0.57
35 44 0.231
35 47 0.027
35 67 0.614
35 40 0.37
35 37 0.304
35 55 0.279
35 50 0.26
35 51 0.092
35 60 0.158
35 71 0.083
35 45 0.119
35 48 0.193
35 49 0.17
36 56 0.906
36 68 0.63
36 74 0.976
36 41 0.892
36 50 0.96
36 40 0.635
36 70 1
36 54 0.877
36 69 0.272
36 65 0.662
36 64 0.07
36 72 0.406
36 62 0.497
36 38 0.116
36 39 0.566
36 37 0.319
36 59 0.336
36 63 0.139
36 42 0.066
36 71 0.348
36 44 0.358
36 66 0.215
36 46 0.046
36 60 0.216
36 73 0.26
36 48 0.031
36 52 0.055
36 58 0.245
36 55 0.17
36 57 0.153
37 52 0.679
37 66 0.628
37 64 0.924
37 50 0.95
37 55 0.507
37 48 1
37 51 0.955
37 69 0.7
37 59 0.5
37 67 0.764
37 44 0.204
37 63 0.135
37 68 0.299
37 70 0.578
37 57 0.443
37 61 0.456
37 71 0.139
37 60 0.195
37 42 0.372
37 53 0.154
37 65 0.288
37 72 0.349
37 73 0.065
37 41 0.155
37 62 0.335
37 40 0.1
37 43 0.165
37 46 0.112
37 47 0.152
37 49 0.156
37 74 0.172
38 65 0.891
38 61 1
38 66 0.676
38 49 0.784
38 57 0.864
38 60 1
38 39 0.616
38 54 0.444
38 72 0.341
38 43 0.302
38 51 0.156
38 56 0.362
38 64 0.042
38 69 0.23
38 59 0.362
38 47 0.616
38 50 0.194
38 71 0.222
38 40 0.276
38 45 0.074
38 62 0.365
38 67 0.208
38 74 0.136
38 44 0.155
38 58 0.166
38 70 0.153
39 68 0.822
39 49 0.964
39 56 1
39 64 0.862
39 40 1
39 41 0.723
39 47 0.76
39 52 1
39 62 0.897
39 53 1
39 69 0.31
39 60 0.892
39 70 0.422
39 42 0.336
39 73 0.715
39 48 0.446
39 61 0.48
39 72 0.142
39 59 0.055
39 63 0.158
39 46 0.149
39 65 0.383
39 66 0.19
39 50 0.157
39 57 0.454
39 58 0.084
39 44 0.148
39 55 0.124
39 71 0.124
40 69 0.466
40 52 1
40 72 1
40 43 0.724
40 50 0.829
40 42 0.715
40 67 0.428
40 44 0.87
40 46 0.532
40 51 0.868
40 58 0.784
40 64 0.925
40 62 0.799
40 55 0.611
40 56 0.562
40 47 0.712
40 65 0.423
40 41 0.282
40 53 0.165
40 59 0.425
40 73 0.288
40 48 0.257
40 71 0.052
40 45 0.158
40 57 0.108
40 60 0.173
40 61 0.117
40 68 0.098
40 74 0.158
41 42 0.434
41 46 0.937
41 51 0.952
41 70 0.846
41 45 0.923
41 53 0.215
41 62 0.993
41 47 0.772
41 56 0.296
41 63 0.777
41 59 1
41 69 0.419
41 68 0.497
41 49 0.243
41 74 0.017
41 60 0.362
41 61 0.039
41 57 0.232
41 71 0.253
41 73 0.449
41 44 0.2
41 48 0.029
41 52 0.238
41 54 0.123
41 50 0.29
41 55 0.028
41 66 0.145
41 72 0.267
41 58 0.13
42 45 0.793
42 65 0.93
42 46 0.888
42 52 0.923
42 57 0.984
42 70 0.566
42 59 0.91
42 60 0.812
42 47 0.927
42 56 0.867
42 55 0.56
42 51 0.135
42 48 0.78
42 61 0.133
42 74 0.231
42 54 0.132
42 44 0.386
42 66 0.22
42 53 0.129
42 64 0.068
42 69 0.093
42 49 0.164
42 62 0.163
42 67 0.395
42 43 0.146
42 63 0.155
42 72 0.119
43 71 0.671
43 57 0.59
43 58 0.864
43 51 0.772
43 73 0.728
43 61 0.53
43 62 0.776
43 72 0.52
43 52 0.288
43 53 0.099
43 60 0.189
43 45 0.142
43 50 0.329
43 66 0.265
43 70 0.284
43 55 0.337
43 59 0.255
43 64 0.025
43 46 0.333
43 48 0.153
43 54 0.137
43 44 0.134
43 69 0.152
43 63 0.13
43 67 0.142
44 58 0.795
44 74 0.67
44 54 0.779
44 47 0.588
44 64 0.711
44 61 0.904
44 49 0.118
44 63 0.722
44 71 0.235
44 51 0.798
44 48 0.668
44 67 0.16
44 53 0.861
44 73 0.549
44 57 0.76
44 52 0.061
44 68 0.222
44 55 0.392
44 59 0.01
44 72 0.138
44 60 0.082
45 53 1
45 60 0.62
45 54 0.69
45 62 0.805
45 49 0.511
45 68 1
45 65 0.608
45 55 0.792
45 66 0.501
45 67 0.269
45 57 0.133
45 56 0.061
45 73 0.128
45 74 0.033
45 70 0.093
45 71 0.401
45 61 0.377
45 52 0.161
45 59 0.148
45 46 0.113
45 51 0.123
45 69 0.176
46 54 0.566
46 58 0.725
46 74 0.772
46 49 0.503
46 71 0.791
46 50 0.859
46 59 0.633
46 60 0.616
46 66 0.849
46 63 1
46 72 0.995
46 68 0.192
46 62 0.375
46 48 0.433
46 55 0.245
46 65 0.322
46 56 0.113
46 52 0.239
46 57 0.057
46 64 0.149
46 67 0.136
47 62 0.917
47 66 0.251
47 67 0.845
47 55 0.807
47 56 0.607
47 63 0.975
47 65 0.977
47 49 0.257
47 69 0.354
47 70 0.435
47 59 0.359
47 61 0.708
47 64 0.248
47 57 0.606
47 48 0.39
47 52 0.186
47 60 0.055
47 68 0.067
47 53 0.186
47 72 0.499
47 74 0.064
47 71 0.061
47 58 0.153
48 67 0.913
48 56 0.98
48 51 0.703
48 72 1
48 49 0.63
48 62 0.712
48 70 0.588
48 50 0.675
48 52 0.444
48 68 0.597
48 54 0.431
48 63 0.24
48 73 0.332
48 65 0.098
48 57 0.229
48 60 0.163
48 74 0.077
48 64 0.098
49 63 0.949
49 54 0.502
49 59 0.073
49 68 0.846
49 60 0.497
49 53 0.88
49 72 0.662
49 67 0.407
49 50 0.967
49 66 0.42
49 65 0.087
49 62 0.359
49 70 0.246
49 69 0.113
49 51 0.053
49 57 0.354
49 71 0.099
49 58 0.277
49 56 0.152
49 64 0.19
50 52 0.88
50 64 0.987
50 66 0.804
50 61 0.96
50 58 0.682
50 71 0.757
50 54 0.634
50 59 0.218
50 56 0.314
50 67 0.533
50 72 0.103
50 68 0.461
50 69 0.342
50 53 0.249
50 62 0.428
50 74 0.132
50 55 0.073
50 65 0.137
50 73 0.237
51 57 0.129
51 58 0.438
51 56 0.694
51 53 0.582
51 66 0.954
51 69 0.521
51 54 0.208
51 52 0.308
51 72 0.197
51 65 0.318
51 74 0.768
51 68 0.175
51 67 0.3
51 73 0.297
51 59 0.417
51 60 0.162
51 62 0.135
51 70 0.163
52 66 0.725
52 60 1
52 69 0.008
52 55 0.949
52 59 0.621
52 72 0.798
52 54 0.205
52 68 0.123
52 62 0.039
52 74 0.222
52 56 0.111
52 57 0.157
52 61 0.196
52 64 0.261
52 65 0.149
53 70 0.919
53 58 0.469
53 55 0.418
53 68 0.414
53 59 0.381
53 54 0.761
53 57 0.777
53 67 0.04
53 56 0.251
53 71 0.116
53 65 0.291
53 72 0.47
53 73 0.17
53 64 0.238
53 74 0.208
54 73 0.898
54 56 0.846
54 64 0.807
54 59 0.743
54 70 0.925
54 62 0.806
54 67 0.595
54 63 0.979
54 55 0.38
54 61 0.089
54 72 0.09
54 74 0.131
54 60 0.167
54 65 0.165
55 59 0.834
55 68 1
55 61 0.718
55 60 0.495
55 69 0.233
55 62 0.697
55 65 0.639
55 57 0.273
55 71 0.089
55 74 0.121
55 73 0.171
55 64 0.091
56 63 1
56 62 0.907
56 71 0.496
56 66 0.514
56 72 0.196
56 73 0.126
56 65 0.417
56 70 0.642
56 60 0.24
56 61 0.104
56 59 0.449
56 74 0.035
56 68 0.179
57 60 0.723
57 64 0.705
57 68 0.886
57 73 0.44
57 67 0.183
57 71 0.735
57 74 0.12
57 72 0.595
57 59 0.259
57 70 0.192
57 69 0.247
57 58 0.1
57 63 0.172
57 62 0.227
57 66 0.111
58 74 0.549
58 71 1
58 61 0.854
58 67 0.868
58 65 1
58 66 0.417
58 72 0.509
58 60 1
58 73 0.555
58 69 0.159
58 62 0.034
59 60 0.602
59 68 1
59 64 0.884
59 71 0.551
59 62 0.127
59 73 0.592
59 63 0.394
59 66 0.679
59 72 0.154
59 70 0.484
59 65 0.261
59 67 0.264
59 61 0.146
59 69 0.083
60 61 0.915
60 70 0.227
60 65 0.592
60 69 0.534
60 68 0.607
60 62 0.644
60 73 0.994
60 67 0.023
60 74 0.129
60 66 0.084
60 72 0.052
60 71 0.208
61 63 0.749
61 71 1
61 74 0.604
61 69 0.703
61 67 0.761
61 62 0.627
61 64 0.008
61 68 0.225
61 72 0.455
61 70 0.156
62 66 0.672
62 74 0.591
62 72 1
62 70 0.765
62 63 0.141
62 71 0.464
62 69 0.147
62 64 0.13
62 65 0.154
62 68 0.137
63 73 0.227
63 69 0.096
63 65 0.406
63 74 0.461
63 66 0.198
63 67 0.28
63 71 0.144
63 72 0.624
63 68 0.188
63 70 0.179
64 72 0.674
64 74 0.61
64 66 0.497
64 69 0.953
64 70 0.585
64 67 0.236
64 71 0.163
65 69 0.903
65 67 0.853
65 73 0.41
65 66 0.808
65 70 0.283
65 74 0.376
65 68 0.128
66 68 0.753
66 74 1
66 69 0.897
66 71 0.769
66 67 0.316
66 70 0.156
67 74 0.682
67 71 0.474
67 69 0.369
67 68 0.135
67 73 0.094
67 72 0.187
67 70 0.185
68 71 0.962
68 69 1
68 73 0.962
68 72 0.583
68 74 0.078
68 70 0.033
69 72 0.319
69 70 0.168
69 73 0.606
69 74 0.045
70 73 0.555
70 71 0.755
70 72 0.218
71 72 0.74
71 73 0.676
71 74 0.199
72 74 0.963
72 73 0.113
