0 32 0.924
0 40 0.97
0 39 0.622
0 20 0.557
0 60 0.875
0 9 0.681
0 42 0.881
0 43 1
0 71 0.557
0 19 0.788
0 56 0.688
0 21 0.933
0 30 1
0 65 0.334
0 44 0.119
0 70 0.172
0 7 0.114
0 8 0.213
0 25 0.291
0 34 0.146
0 62 0.028
0 17 0.143
0 26 0.108
0 37 0.169
0 66 0.18
1 32 1
1 5 0.69
1 57 0.985
1 54 0.886
1 61 0.741
1 13 0.664
1 8 0.706
1 30 1
1 52 0.72
1 43 0.926
1 47 0.959
1 38 0.033
1 11 0.413
1 37 0.232
1 58 0.138
1 18 0.177
1 20 0.253
1 40 0.412
1 7 0.161
1 63 0.176
1 67 0.17
2 74 0.672
2 63 0.66
2 39 0.698
2 59 0.702
2 30 0.966
2 58 0.933
2 62 1
2 35 0.91
2 38 0.429
2 6 0.921
2 29 0.888
2 53 1
2 21 0.651
2 33 0.162
2 49 0.091
2 7 0.219
2 8 0.122
2 14 0.114
2 40 0.179
2 55 0.112
2 66 0.128
2 72 0.172
3 62 0.853
3 14 0.965
3 4 0.579
3 13 0.829
3 68 1
3 54 0.649
3 35 0.988
3 43 0.983
3 66 0.553
3 56 1
3 8 0.678
3 51 1
3 23 0.593
3 58 0.845
3 53 0.066
3 21 0.179
3 52 0.192
3 12 0.074
3 36 0.142
3 41 0.124
3 69 0.17
4 28 1
4 64 0.716
4 19 0.953
4 40 1
4 6 1
4 37 0.898
4 27 0.954
4 60 0.773
4 73 0.15
4 49 0.205
4 17 0.108
4 21 0.103
4 41 0.068
4 62 0.055
4 15 0.175
4 20 0.143
4 24 0.119
4 31 0.078
4 65 0.17
4 71 0.123
5 45 0.698
5 62 0.54
5 64 0.655
5 50 0.762
5 52 0.452
5 21 0.798
5 35 0.99
5 11 0.717
5 70 0.783
5 49 0.938
5 16 0.861
5 19 0.936
5 44 0.685
5 41 0.219
5 40 0.157
5 66 0.248
5 6 0.088
5 51 0.295
5 12 0.4
5 34 0.014
5 38 0.081
5 60 0.184
5 68 0.128
5 36 0.18
5 48 0.136
5 65 0.168
6 71 0.859
6 74 1
6 62 0.972
6 36 0.587
6 50 0.941
6 35 0.862
6 70 1
6 46 0.737
6 58 0.782
6 39 0.92
6 32 0.984
6 48 0.714
6 43 0.519
6 10 0.33
6 63 0.013
6 22 0.362
6 45 0.257
6 61 0.388
6 13 0.121
6 14 0.132
6 30 0.143
6 52 0.124
6 64 0.191
7 50 0.647
7 8 0.668
7 72 0.808
7 15 0.935
7 36 1
7 21 0.97
7 49 0.754
7 66 0.848
7 52 0.698
7 27 0.707
7 31 1
7 58 0.015
7 16 0.377
7 25 0.155
7 18 0.18
7 34 0.33
7 46 0.116
7 12 0.117
7 39 0.148
7 55 0.209
7 56 0.161
7 67 0.174
7 70 0.178
8 19 0.741
8 54 0.631
8 43 0.593
8 56 0.831
8 14 0.82
8 66 0.667
8 62 0.65
8 52 0.945
8 35 0.964
8 59 1
8 61 0.487
8 74 0.297
8 10 0.192
8 51 0.166
8 18 0.19
8 24 0.165
8 67 0.187
8 70 0.172
8 71 0.149
8 72 0.161
9 57 0.763
9 10 0.902
9 12 0.875
9 59 0.703
9 46 0.948
9 58 0.881
9 13 1
9 26 0.691
9 35 0.588
9 19 0.77
9 45 0.91
9 37 0.952
9 60 0.112
9 66 0.297
9 21 0.152
9 62 0.229
10 30 1
10 36 0.528
10 64 0.834
10 69 0.823
10 12 0.904
10 48 0.837
10 13 0.98
10 43 0.783
10 52 0.897
10 65 0.705
10 49 0.868
10 41 1
10 15 0.758
10 73 0.728
10 74 0.574
10 27 0.116
10 72 0.129
10 32 0.08
10 44 0.161
10 53 0.103
11 38 0.717
11 14 0.877
11 71 0.605
11 62 0.622
11 29 1
11 45 0.89
11 42 1
11 39 0.908
11 52 0.981
11 13 0.915
11 21 0.744
11 18 0.222
11 41 0.133
11 26 0.094
11 37 0.149
11 58 0.16
11 67 0.146
12 56 1
12 18 0.841
12 25 1
12 71 1
12 35 0.735
12 63 0.623
12 37 0.169
12 64 0.065
12 74 0.122
12 29 0.171
12 45 0.087
12 51 0.138
13 32 1
13 53 0.945
13 27 0.729
13 71 0.832
13 60 0.782
13 17 0.806
13 29 0.861
13 63 0.841
13 39 0.138
13 25 0.169
13 54 0.112
13 58 0.289
13 64 0.18
13 16 0.143
13 18 0.133
13 23 0.131
13 30 0.153
13 49 0.222
13 59 0.22
13 73 0.176
14 60 0.727
14 18 0.899
14 31 0.55
14 16 0.69
14 43 1
14 54 0.745
14 33 0.92
14 59 1
14 68 0.99
14 64 1
14 73 0.764
14 39 1
14 20 0.016
14 17 0.276
14 71 0.28
14 21 0.122
14 27 0.137
14 53 0.11
15 61 0.785
15 32 0.649
15 18 0.682
15 65 1
15 70 0.733
15 31 0.131
15 38 0.056
15 51 0.174
15 35 0.148
15 36 0.107
15 39 0.16
15 48 0.207
15 50 0.125
16 67 0.688
16 72 0.912
16 33 0.957
16 41 1
16 39 0.731
16 37 0.912
16 32 0.651
16 47 0.838
16 20 0.764
16 18 0.691
16 54 0.739
16 53 0.696
16 71 0.224
16 24 0.126
16 60 0.207
17 42 0.584
17 27 1
17 68 0.89
17 54 0.958
17 29 0.773
17 44 0.562
17 22 0.164
17 59 0.147
17 60 0.164
17 63 0.264
17 51 0.337
17 57 0.123
17 58 0.144
17 74 0.123
18 58 1
18 69 0.727
18 34 1
18 40 0.883
18 59 0.822
18 42 0.136
18 49 0.175
18 54 0.188
18 24 0.139
18 36 0.205
18 62 0.154
18 66 0.175
18 68 0.107
19 43 0.695
19 52 0.619
19 27 0.921
19 29 1
19 25 0.845
19 50 0.697
19 24 0.844
19 71 0.962
19 68 0.822
19 64 1
19 56 1
19 67 0.229
19 21 0.145
19 40 0.184
20 37 0.789
20 48 0.719
20 55 0.986
20 54 1
20 61 1
20 35 0.939
20 66 0.76
20 40 0.863
20 30 0.356
20 34 0.371
20 52 0.257
20 59 0.245
20 31 0.165
20 43 0.128
20 44 0.102
21 44 0.821
21 48 0.962
21 72 0.92
21 68 0.9
21 66 0.869
21 39 1
21 40 0.957
21 59 0.569
21 35 0.127
21 41 0.167
21 26 0.184
21 63 0.145
21 67 0.2
21 71 0.151
21 74 0.098
22 51 0.912
22 47 0.855
22 23 0.865
22 54 0.812
22 35 0.736
22 48 0.933
22 72 0.554
22 53 0.426
22 45 0.16
22 25 0.235
22 43 0.254
22 70 0.067
22 26 0.198
22 27 0.108
22 32 0.148
22 61 0.113
22 73 0.116
23 54 1
23 31 0.992
23 55 1
23 66 0.932
23 72 0.502
23 68 0.461
23 74 0.251
23 57 0.06
23 70 0.108
23 24 0.137
23 27 0.172
23 30 0.123
23 61 0.177
23 65 0.132
23 73 0.12
24 70 0.775
24 33 0.695
24 43 0.707
24 37 0.071
24 49 0.218
24 73 0.17
24 26 0.092
24 28 0.153
24 29 0.171
24 34 0.082
24 38 0.139
24 50 0.118
24 52 0.133
24 53 0.139
24 57 0.117
24 71 0.179
25 54 0.607
25 45 0.683
25 36 1
25 42 0.935
25 63 0.618
25 37 0.97
25 65 0.868
25 67 0.208
25 26 0.149
25 57 0.113
25 58 0.098
25 71 0.198
26 38 0.882
26 69 0.578
26 50 0.897
26 36 0.748
26 60 0.939
26 31 0.175
26 73 0.193
26 56 0.146
26 64 0.132
26 66 0.155
26 74 0.189
27 28 0.538
27 46 0.717
27 71 0.962
27 59 1
27 72 0.616
27 58 0.781
27 44 0.934
27 62 0.929
27 43 0.467
27 66 0.068
27 33 0.119
27 34 0.154
27 50 0.162
28 59 0.703
28 34 0.727
28 72 0.993
28 67 1
28 74 0.773
28 36 0.899
28 73 0.884
28 52 0.753
28 61 0.632
28 50 0.083
28 48 0.134
28 66 0.155
28 70 0.185
29 69 0.905
29 49 0.925
29 55 0.775
29 38 0.834
29 30 0.83
29 74 0.996
29 68 0.999
29 50 0.626
29 52 0.541
29 45 0.551
29 62 0.389
29 57 0.253
29 73 0.187
29 37 0.154
29 47 0.157
30 44 0.933
30 56 1
30 40 0.713
30 34 0.555
30 46 0.239
30 35 0.161
30 57 0.14
30 62 0.09
30 63 0.22
30 67 0.13
30 68 0.119
30 74 0.143
31 38 1
31 58 0.92
31 36 0.832
31 71 0.889
31 51 0.881
31 56 0.161
31 61 0.207
31 44 0.123
31 45 0.17
32 34 0.66
32 65 1
32 64 0.771
32 52 0.79
32 62 0.536
32 72 0.639
32 61 1
32 59 0.2
32 58 0.086
32 67 0.244
32 70 0.061
32 36 0.146
32 74 0.141
33 40 0.896
33 37 0.938
33 59 0.699
33 72 0.946
33 74 0.976
33 39 0.695
33 71 0.12
33 52 0.228
33 42 0.137
33 46 0.139
34 47 0.764
34 40 0.619
34 52 0.786
34 56 0.74
34 61 0.238
34 60 0.175
34 65 0.12
35 62 0.832
35 42 0.929
35 61 0.888
35 54 0.07
35 37 0.077
35 47 0.176
35 51 0.145
36 68 0.742
36 74 0.773
36 41 0.895
36 50 1
36 70 0.626
36 65 0.671
36 71 1
36 45 0.08
36 39 0.318
36 43 0.18
36 67 0.032
36 64 0.122
37 64 0.817
37 50 1
37 48 0.675
37 51 0.907
37 69 0.889
37 67 0.702
37 68 0.969
37 45 0.145
37 49 0.149
37 66 0.165
38 49 0.808
38 57 0.986
38 41 0.19
38 43 0.078
38 51 0.144
38 59 0.253
38 53 0.094
38 64 0.168
39 49 1
39 56 0.562
39 40 0.951
39 41 0.871
39 47 0.94
39 52 0.736
39 62 1
39 60 1
39 68 0.265
39 72 0.046
39 59 0.201
40 69 0.789
40 52 0.9
40 43 0.798
40 42 1
40 44 0.875
40 51 0.8
40 64 1
40 62 0.879
40 55 0.967
40 56 0.922
40 60 0.052
41 46 0.589
41 51 0.881
41 70 0.962
41 62 0.736
41 63 0.833
41 68 1
41 60 0.539
41 56 0.153
41 66 0.158
41 55 0.037
41 57 0.355
41 43 0.178
41 53 0.174
41 72 0.183
41 74 0.155
42 45 0.963
42 46 0.727
42 52 0.905
42 57 0.893
42 59 1
42 60 0.663
42 48 0.298
42 43 0.67
42 73 0.399
42 68 0.156
43 58 0.91
43 51 0.875
43 72 0.981
43 67 0.143
43 48 0.214
44 58 0.861
44 64 0.985
44 61 0.907
44 51 0.899
44 53 0.944
44 45 0.842
44 57 0.705
44 48 0.251
44 67 0.117
44 68 0.189
44 56 0.177
45 54 0.6
45 62 0.786
45 68 0.667
45 65 0.898
45 55 0.847
45 48 0.184
45 57 0.169
45 61 0.181
46 58 0.423
46 49 0.691
46 71 0.866
46 50 0.719
46 66 0.566
46 62 0.053
46 70 0.15
46 55 0.148
47 62 1
47 67 0.543
47 65 0.567
47 59 0.628
47 61 0.73
47 48 0.827
47 54 0.146
47 57 0.161
47 70 0.153
48 67 0.402
48 56 0.662
48 72 0.669
48 49 0.695
48 50 0.455
48 58 0.191
48 62 0.231
48 64 0.304
48 60 0.106
48 70 0.195
49 60 0.993
49 53 0.783
49 55 0.216
49 68 0.172
49 72 0.148
50 52 0.896
50 66 0.641
50 61 0.93
50 54 0.912
50 53 0.153
50 65 0.128
51 56 1
51 53 1
51 66 0.71
51 59 0.582
51 55 0.49
52 66 0.649
52 60 1
52 55 0.98
52 59 0.887
52 72 0.913
52 74 1
52 57 0.256
53 54 0.941
53 66 0.111
54 73 0.668
54 64 0.875
54 70 0.841
54 63 1
54 62 0.787
54 65 0.05
55 59 0.697
55 68 0.644
55 69 0.217
55 70 0.105
56 63 1
56 62 0.977
56 59 0.95
56 74 0.898
56 73 0.181
56 57 0.175
56 65 0.198
57 60 0.855
57 68 0.663
58 61 0.81
58 67 0.855
58 65 0.973
58 60 0.627
58 70 0.299
58 63 0.189
59 64 0.811
59 73 0.573
59 74 0.697
59 69 0.211
59 61 0.198
60 61 0.976
60 62 0.85
60 73 0.719
61 74 1
61 69 0.756
62 72 0.796
62 68 0.355
62 71 0.203
62 69 0.157
63 72 0.869
63 68 0.156
63 74 0.14
64 69 0.91
64 74 0.168
65 69 0.481
65 67 0.823
65 73 1
65 72 0.173
65 70 0.157
65 71 0.162
66 68 1
66 74 1
66 69 0.879
66 71 1
66 67 0.566
67 70 0.179
68 71 0.725
68 69 0.511
68 72 0.816
70 71 0.847
71 72 0.83
71 73 1
71 74 0.12
72 74 0.89
