0 10 1
0 47 0.903
0 72 0.475
0 4 0.096
0 17 0.252
0 63 0.356
0 2 0.084
0 7 0.015
0 18 0.227
0 23 0.105
0 24 0.114
0 30 0.172
0 36 0.019
0 45 0.076
0 46 0.186
0 48 0.148
0 51 0.148
0 55 0.184
0 64 0.096
0 66 0.191
0 69 0.107
0 3 0.143
0 6 0.134
0 8 0.139
0 9 0.133
0 12 0.122
0 16 0.087
0 19 0.125
0 22 0.114
0 28 0.175
0 31 0.075
0 34 0.141
0 35 0.142
0 38 0.102
0 41 0.187
0 42 0.104
0 43 0.201
0 49 0.196
0 54 0.194
0 59 0.148
0 60 0.106
0 61 0.183
0 62 0.128
0 65 0.203
0 67 0.109
0 68 0.131
0 71 0.11
1 49 0.636
1 58 0.872
1 47 0.851
1 20 0.405
1 37 0.03
1 52 0.121
1 5 0.272
1 18 0.125
1 41 0.209
1 66 0.132
1 67 0.003
1 6 0.231
1 8 0.118
1 16 0.091
1 19 0.13
1 28 0.138
1 33 0.185
1 44 0.132
1 46 0.148
1 54 0.134
1 64 0.125
1 2 0.162
1 3 0.142
1 11 0.121
1 13 0.174
1 15 0.176
1 17 0.163
1 22 0.133
1 23 0.194
1 24 0.171
1 25 0.181
1 26 0.185
1 40 0.166
1 48 0.163
1 50 0.138
1 51 0.157
1 53 0.14
1 55 0.116
1 56 0.185
1 57 0.179
1 59 0.106
1 61 0.141
1 62 0.112
1 68 0.112
1 69 0.141
1 71 0.168
1 72 0.127
2 11 0.786
2 55 0.724
2 44 1
2 24 0.671
2 19 1
2 59 0.807
2 21 0.937
2 33 0.885
2 6 0.785
2 32 0.513
2 5 0.259
2 61 0.008
2 38 0.225
2 14 0.08
2 20 0.201
2 30 0.129
2 35 0.293
2 40 0.125
2 56 0.146
2 70 0.17
2 74 0.134
2 3 0.118
2 4 0.116
2 9 0.165
2 10 0.157
2 12 0.151
2 13 0.177
2 25 0.151
2 28 0.207
2 31 0.186
2 34 0.121
2 36 0.147
2 37 0.138
2 42 0.159
2 46 0.15
2 50 0.174
2 51 0.127
2 57 0.147
2 60 0.149
2 62 0.149
2 64 0.195
2 65 0.153
2 66 0.101
2 67 0.159
2 68 0.151
2 69 0.168
2 72 0.112
2 73 0.154
3 54 0.828
3 19 0.978
3 50 0.719
3 28 1
3 37 1
3 38 0.656
3 45 0.726
3 20 0.278
3 42 0.04
3 44 0.095
3 5 0.166
3 17 0.003
3 18 0.228
3 24 0.158
3 31 0.189
3 35 0.019
3 39 0.219
3 51 0.154
3 61 0.146
3 64 0.165
3 65 0.303
3 4 0.164
3 9 0.14
3 10 0.149
3 12 0.158
3 14 0.084
3 15 0.196
3 16 0.106
3 22 0.174
3 27 0.096
3 29 0.144
3 30 0.175
3 32 0.17
3 34 0.118
3 36 0.148
3 41 0.19
3 47 0.14
3 48 0.131
3 55 0.169
3 57 0.188
3 63 0.095
3 66 0.183
3 67 0.137
3 72 0.174
3 73 0.142
4 23 0.546
4 19 0.596
4 45 0.783
4 51 1.0
4 11 1
4 61 0.793
4 17 1
4 27 0.258
4 40 0.06
4 72 0.33
4 6 0.227
4 20 0.123
4 24 0.042
4 30 0.104
4 33 0.146
4 52 0.184
4 59 0.206
4 60 0.139
4 69 0.151
4 70 0.126
4 74 0.084
4 7 0.116
4 8 0.135
4 9 0.146
4 10 0.162
4 12 0.168
4 14 0.181
4 15 0.156
4 16 0.178
4 18 0.143
4 26 0.18
4 28 0.123
4 29 0.144
4 31 0.123
4 35 0.107
4 36 0.157
4 37 0.131
4 42 0.131
4 46 0.155
4 47 0.187
4 50 0.161
4 55 0.193
4 62 0.109
4 64 0.074
4 65 0.139
4 66 0.095
4 67 0.12
4 68 0.121
5 12 0.901
5 15 0.175
5 30 0.268
5 62 0.112
5 64 0.167
5 8 0.404
5 18 0.08
5 23 0.119
5 31 0.26
5 46 0.108
5 47 0.109
5 51 0.175
5 68 0.141
5 69 0.177
5 6 0.131
5 7 0.17
5 10 0.121
5 13 0.166
5 14 0.178
5 17 0.174
5 20 0.135
5 21 0.183
5 22 0.19
5 24 0.176
5 25 0.126
5 26 0.119
5 27 0.142
5 33 0.206
5 35 0.135
5 36 0.087
5 37 0.174
5 40 0.161
5 42 0.09
5 44 0.157
5 45 0.179
5 50 0.202
5 52 0.146
5 56 0.138
5 57 0.139
5 58 0.132
5 59 0.128
5 61 0.131
5 67 0.176
5 70 0.154
5 71 0.148
5 72 0.145
5 73 0.163
6 66 0.86
6 63 1
6 12 0.02
6 38 0.385
6 21 0.167
6 42 0.312
6 46 0.199
6 10 0.208
6 13 0.142
6 19 0.151
6 36 0.155
6 44 0.254
6 45 0.165
6 57 0.092
6 64 0.154
6 11 0.199
6 14 0.163
6 15 0.157
6 18 0.157
6 20 0.122
6 25 0.161
6 26 0.147
6 27 0.087
6 28 0.095
6 29 0.194
6 34 0.168
6 41 0.196
6 43 0.167
6 47 0.192
6 48 0.193
6 49 0.149
6 50 0.127
6 51 0.127
6 56 0.161
6 59 0.136
6 61 0.178
6 62 0.152
6 65 0.163
6 67 0.18
6 70 0.187
6 71 0.184
6 73 0.162
6 74 0.152
7 36 1
7 56 0.797
7 58 0.808
7 71 0.838
7 55 0.627
7 61 0.927
7 25 0.147
7 47 0.135
7 26 0.256
7 29 0.115
7 30 0.16
7 53 0.077
7 64 0.162
7 14 0.166
7 17 0.092
7 20 0.24
7 33 0.01
7 40 0.211
7 41 0.02
7 50 0.167
7 65 0.365
7 8 0.156
7 9 0.138
7 10 0.131
7 12 0.165
7 13 0.128
7 15 0.134
7 16 0.152
7 19 0.154
7 21 0.116
7 24 0.136
7 28 0.106
7 38 0.135
7 39 0.101
7 42 0.152
7 48 0.179
7 49 0.152
7 54 0.19
7 60 0.154
7 62 0.16
7 68 0.07
7 69 0.13
7 72 0.131
7 73 0.184
7 74 0.165
8 51 0.893
8 74 0.674
8 42 0.602
8 43 0.217
8 36 0.294
8 12 0.144
8 22 0.224
8 44 0.152
8 69 0.206
8 26 0.114
8 39 0.164
8 47 0.103
8 49 0.112
8 70 0.189
8 14 0.184
8 15 0.122
8 18 0.16
8 24 0.153
8 32 0.179
8 41 0.147
8 45 0.149
8 46 0.152
8 48 0.112
8 53 0.164
8 54 0.124
8 55 0.116
8 57 0.164
8 59 0.111
8 60 0.138
8 62 0.152
8 63 0.192
8 64 0.166
8 65 0.139
8 67 0.126
8 68 0.108
8 71 0.129
9 52 0.527
9 25 1
9 21 0.814
9 16 0.871
9 48 0.554
9 29 0.012
9 17 0.277
9 34 0.123
9 46 0.28
9 10 0.189
9 11 0.051
9 18 0.21
9 20 0.199
9 28 0.096
9 36 0.102
9 44 0.154
9 74 0.157
9 12 0.132
9 13 0.206
9 19 0.111
9 23 0.16
9 26 0.17
9 30 0.132
9 31 0.176
9 32 0.161
9 37 0.14
9 38 0.12
9 41 0.164
9 42 0.209
9 43 0.154
9 49 0.145
9 50 0.155
9 54 0.102
9 55 0.124
9 56 0.165
9 57 0.116
9 61 0.182
9 65 0.139
9 66 0.096
9 67 0.188
9 70 0.141
9 71 0.101
9 72 0.205
9 73 0.137
10 56 0.955
10 74 0.864
10 70 0.894
10 17 0.97
10 38 0.616
10 72 0.283
10 18 0.001
10 54 0.167
10 65 0.039
10 13 0.33
10 26 0.166
10 32 0.146
10 45 0.162
10 61 0.118
10 62 0.219
10 73 0.004
10 11 0.151
10 12 0.134
10 14 0.133
10 15 0.14
10 16 0.118
10 19 0.165
10 21 0.119
10 22 0.137
10 23 0.115
10 27 0.128
10 28 0.119
10 29 0.192
10 34 0.159
10 36 0.262
10 37 0.164
10 39 0.131
10 40 0.173
10 43 0.145
10 44 0.166
10 48 0.108
10 49 0.209
10 50 0.108
10 53 0.181
10 60 0.139
10 66 0.222
10 71 0.123
11 24 0.906
11 35 0.877
11 14 0.977
11 63 0.802
11 21 0.894
11 12 1
11 39 0.84
11 27 0.172
11 29 0.124
11 34 0.221
11 40 0.2
11 45 0.206
11 30 0.024
11 44 0.138
11 48 0.159
11 52 0.234
11 18 0.141
11 20 0.171
11 26 0.124
11 28 0.129
11 31 0.173
11 32 0.073
11 33 0.08
11 37 0.113
11 38 0.136
11 42 0.187
11 43 0.103
11 53 0.133
11 54 0.181
11 55 0.131
11 56 0.144
11 57 0.169
11 60 0.103
11 62 0.168
11 67 0.187
11 69 0.093
11 71 0.135
11 73 0.168
11 74 0.134
12 50 1
12 27 0.849
12 26 0.803
12 72 0.618
12 44 0.542
12 35 0.192
12 60 0.107
12 61 0.06
12 32 0.077
12 54 0.157
12 66 0.183
12 67 0.312
12 71 0.115
12 13 0.182
12 15 0.131
12 37 0.147
12 49 0.229
12 14 0.097
12 16 0.156
12 17 0.15
12 18 0.15
12 19 0.133
12 20 0.173
12 21 0.124
12 23 0.152
12 25 0.132
12 30 0.115
12 31 0.145
12 33 0.151
12 36 0.128
12 38 0.142
12 39 0.152
12 40 0.185
12 43 0.116
12 45 0.164
12 46 0.147
12 47 0.174
12 48 0.19
12 51 0.116
12 55 0.17
12 57 0.173
12 59 0.134
12 62 0.193
12 64 0.15
12 68 0.108
13 50 0.63
13 29 0.156
13 44 0.779
13 56 0.072
13 18 0.144
13 41 0.069
13 70 0.125
13 21 0.099
13 43 0.2
13 59 0.293
13 61 0.043
13 63 0.164
13 14 0.107
13 15 0.215
13 16 0.146
13 19 0.113
13 26 0.172
13 27 0.168
13 30 0.151
13 32 0.152
13 34 0.118
13 38 0.061
13 46 0.084
13 47 0.105
13 48 0.142
13 52 0.157
13 55 0.136
13 58 0.144
13 64 0.166
13 66 0.133
13 67 0.131
13 68 0.16
13 69 0.172
13 71 0.244
13 72 0.18
13 73 0.156
14 50 0.965
14 32 0.823
14 48 0.219
14 24 0.012
14 38 0.135
14 17 0.31
14 15 0.161
14 22 0.249
14 27 0.132
14 39 0.055
14 40 0.067
14 52 0.027
14 62 0.207
14 66 0.098
14 68 0.151
14 16 0.137
14 18 0.102
14 20 0.173
14 26 0.138
14 28 0.135
14 29 0.138
14 30 0.24
14 33 0.162
14 34 0.139
14 35 0.135
14 36 0.174
14 41 0.176
14 45 0.129
14 46 0.176
14 47 0.114
14 51 0.141
14 53 0.129
14 58 0.12
14 61 0.102
14 63 0.122
14 64 0.168
14 67 0.123
14 69 0.141
14 71 0.181
14 72 0.172
15 37 0.667
15 62 0.388
15 31 1.0
15 16 0.797
15 43 1
15 29 0.586
15 17 0.219
15 33 0.212
15 38 0.154
15 50 0.346
15 53 0.205
15 22 0.166
15 23 0.21
15 35 0.193
15 40 0.322
15 41 0.141
15 45 0.081
15 51 0.114
15 55 0.129
15 63 0.151
15 65 0.008
15 70 0.185
15 73 0.323
15 18 0.205
15 20 0.137
15 25 0.183
15 26 0.187
15 28 0.14
15 30 0.157
15 39 0.124
15 46 0.153
15 54 0.152
15 56 0.136
15 57 0.187
15 59 0.158
15 61 0.111
15 67 0.161
15 69 0.144
15 71 0.132
15 72 0.128
15 74 0.157
16 47 0.716
16 28 0.127
16 58 0.116
16 73 0.167
16 20 0.073
16 21 0.255
16 23 0.207
16 24 0.215
16 25 0.079
16 31 0.163
16 33 0.286
16 36 0.066
16 40 0.181
16 46 0.158
16 56 0.057
16 57 0.191
16 60 0.089
16 69 0.192
16 19 0.171
16 22 0.133
16 30 0.114
16 37 0.142
16 41 0.079
16 43 0.121
16 49 0.156
16 50 0.211
16 51 0.124
16 54 0.195
16 55 0.121
16 61 0.16
16 63 0.147
16 66 0.157
16 67 0.176
16 71 0.161
17 22 0.431
17 48 0.584
17 32 0.858
17 62 0.729
17 71 0.098
17 61 0.222
17 38 0.224
17 57 0.1
17 25 0.152
17 27 0.19
17 30 0.171
17 36 0.17
17 39 0.122
17 43 0.227
17 46 0.169
17 55 0.189
17 64 0.301
17 65 0.161
17 69 0.15
17 70 0.162
17 18 0.171
17 21 0.173
17 23 0.129
17 24 0.147
17 28 0.124
17 29 0.158
17 31 0.166
17 34 0.157
17 37 0.161
17 40 0.14
17 41 0.193
17 44 0.16
17 45 0.12
17 47 0.12
17 49 0.201
17 52 0.153
17 53 0.154
17 54 0.143
17 59 0.15
17 66 0.146
18 38 0.941
18 43 0.448
18 40 0.866
18 23 0.612
18 25 0.105
18 27 0.002
18 56 0.151
18 63 0.104
18 20 0.137
18 21 0.162
18 22 0.249
18 28 0.155
18 29 0.319
18 35 0.205
18 57 0.046
18 61 0.121
18 72 0.131
18 31 0.139
18 33 0.177
18 34 0.16
18 36 0.171
18 37 0.176
18 42 0.158
18 46 0.161
18 48 0.155
18 50 0.108
18 51 0.129
18 52 0.209
18 58 0.108
18 62 0.178
18 64 0.078
18 65 0.158
18 66 0.122
18 69 0.125
18 71 0.135
19 40 0.696
19 29 0.729
19 74 0.508
19 23 0.907
19 64 0.258
19 25 0.105
19 62 0.176
19 27 0.096
19 37 0.114
19 41 0.192
19 43 0.028
19 44 0.127
19 51 0.143
19 54 0.159
19 56 0.114
19 20 0.137
19 22 0.14
19 32 0.106
19 34 0.147
19 45 0.112
19 47 0.205
19 58 0.157
19 61 0.168
19 68 0.167
19 69 0.144
19 70 0.128
19 72 0.133
20 49 0.734
20 74 0.771
20 53 0.643
20 26 0.07
20 21 0.517
20 61 0.197
20 64 0.4
20 22 0.175
20 23 0.114
20 25 0.072
20 41 0.06
20 47 0.001
20 55 0.113
20 57 0.188
20 59 0.245
20 66 0.229
20 71 0.169
20 28 0.133
20 29 0.137
20 30 0.167
20 33 0.127
20 35 0.184
20 36 0.101
20 37 0.178
20 42 0.128
20 45 0.165
20 46 0.091
20 50 0.185
20 54 0.132
20 56 0.118
20 62 0.146
20 63 0.113
20 67 0.103
20 68 0.174
20 70 0.13
20 73 0.107
21 44 0.875
21 56 0.144
21 31 0.226
21 26 0.141
21 34 0.192
21 47 0.311
21 53 0.138
21 24 0.142
21 25 0.126
21 29 0.154
21 30 0.197
21 32 0.15
21 33 0.15
21 42 0.153
21 43 0.165
21 45 0.177
21 46 0.177
21 50 0.146
21 52 0.146
21 57 0.143
21 58 0.165
21 60 0.153
21 61 0.092
21 62 0.206
21 63 0.168
21 64 0.138
21 68 0.129
21 70 0.125
21 71 0.202
21 72 0.184
22 51 0.854
22 63 0.727
22 41 0.749
22 33 0.55
22 58 0.06
22 25 0.126
22 73 0.042
22 40 0.311
22 66 0.036
22 23 0.174
22 42 0.292
22 52 0.159
22 53 0.099
22 57 0.174
22 61 0.141
22 65 0.142
22 68 0.141
22 69 0.044
22 70 0.112
22 72 0.231
22 24 0.181
22 26 0.173
22 27 0.164
22 31 0.158
22 34 0.138
22 36 0.133
22 37 0.146
22 43 0.098
22 49 0.184
22 50 0.151
22 60 0.098
22 74 0.079
23 70 0.777
23 35 0.808
23 57 0.161
23 29 0.167
23 34 0.231
23 38 0.145
23 39 0.232
23 31 0.15
23 41 0.227
23 65 0.1
23 69 0.069
23 72 0.086
23 28 0.16
23 42 0.215
23 47 0.069
23 60 0.075
23 61 0.124
23 24 0.185
23 32 0.186
23 33 0.135
23 36 0.107
23 43 0.164
23 44 0.153
23 50 0.146
23 52 0.138
23 53 0.131
23 55 0.171
23 56 0.146
23 58 0.158
23 62 0.151
23 64 0.135
23 66 0.137
23 67 0.154
23 68 0.17
23 71 0.178
24 51 0.709
24 64 0.87
24 25 0.924
24 28 0.793
24 40 0.572
24 67 0.309
24 29 0.247
24 30 0.196
24 33 0.168
24 36 0.145
24 44 0.45
24 48 0.167
24 73 0.159
24 26 0.163
24 32 0.13
24 34 0.144
24 37 0.125
24 38 0.146
24 41 0.15
24 42 0.127
24 43 0.122
24 45 0.144
24 49 0.167
24 50 0.218
24 54 0.156
24 65 0.135
24 68 0.122
24 74 0.147
25 74 0.931
25 64 0.606
25 53 0.193
25 56 0.208
25 65 0.203
25 28 0.095
25 30 0.217
25 36 0.255
25 37 0.125
25 45 0.174
25 46 0.178
25 29 0.222
25 31 0.158
25 33 0.163
25 35 0.147
25 39 0.202
25 43 0.107
25 44 0.166
25 48 0.128
25 51 0.102
25 52 0.136
25 59 0.195
25 60 0.184
25 68 0.179
25 70 0.169
25 71 0.181
25 72 0.132
26 35 0.607
26 54 0.823
26 39 0.226
26 64 0.215
26 70 0.225
26 36 0.103
26 45 0.192
26 48 0.156
26 52 0.354
26 55 0.139
26 59 0.229
26 65 0.16
26 73 0.076
26 27 0.131
26 28 0.153
26 29 0.176
26 30 0.157
26 31 0.192
26 33 0.128
26 34 0.17
26 37 0.126
26 38 0.137
26 44 0.122
26 46 0.125
26 49 0.154
26 50 0.178
26 57 0.143
26 58 0.185
26 61 0.117
26 62 0.14
26 63 0.149
26 66 0.175
26 68 0.158
26 69 0.201
26 72 0.16
26 74 0.173
27 54 0.957
27 66 0.547
27 30 0.087
27 56 0.253
27 70 0.259
27 35 0.219
27 38 0.182
27 41 0.074
27 52 0.338
27 59 0.145
27 64 0.158
27 28 0.15
27 33 0.197
27 34 0.128
27 36 0.162
27 39 0.172
27 40 0.102
27 43 0.189
27 45 0.153
27 47 0.188
27 49 0.167
27 51 0.118
27 57 0.136
27 58 0.164
27 60 0.21
27 62 0.117
27 63 0.158
27 65 0.139
27 68 0.197
27 69 0.133
27 72 0.143
27 73 0.14
28 34 1
28 44 0.613
28 61 0.252
28 41 0.202
28 33 0.066
28 45 0.186
28 48 0.23
28 60 0.153
28 67 0.198
28 68 0.123
28 72 0.123
28 30 0.168
28 31 0.178
28 37 0.185
28 38 0.137
28 49 0.17
28 53 0.128
28 54 0.19
28 55 0.112
28 57 0.11
28 63 0.18
28 65 0.139
28 66 0.12
28 69 0.143
28 71 0.136
28 74 0.105
29 72 0.8
29 59 0.26
29 68 0.27
29 31 0.429
29 43 0.328
29 54 0.124
29 64 0.134
29 65 0.179
29 30 0.214
29 34 0.119
29 35 0.114
29 38 0.159
29 41 0.153
29 42 0.224
29 44 0.143
29 46 0.121
29 47 0.151
29 48 0.12
29 51 0.214
29 56 0.19
29 57 0.168
29 60 0.158
29 61 0.161
29 63 0.134
29 67 0.183
29 69 0.142
29 70 0.135
29 71 0.189
29 74 0.184
30 32 0.395
30 41 1
30 63 0.75
30 60 0.144
30 33 0.099
30 37 0.189
30 52 0.26
30 38 0.171
30 45 0.071
30 64 0.171
30 73 0.148
30 31 0.135
30 34 0.151
30 35 0.14
30 39 0.118
30 40 0.101
30 43 0.116
30 49 0.128
30 54 0.154
30 55 0.174
30 57 0.147
30 59 0.164
30 61 0.169
30 66 0.117
30 67 0.118
30 69 0.168
30 70 0.159
30 71 0.183
31 44 0.171
31 67 0.157
31 34 0.137
31 35 0.153
31 38 0.269
31 39 0.209
31 41 0.176
31 58 0.152
31 66 0.399
31 37 0.119
31 40 0.106
31 42 0.12
31 45 0.121
31 46 0.145
31 47 0.164
31 49 0.164
31 50 0.164
31 53 0.15
31 55 0.154
31 56 0.198
31 57 0.046
31 59 0.139
31 60 0.126
31 63 0.191
31 65 0.147
31 68 0.17
31 69 0.182
31 71 0.136
31 72 0.196
32 67 1
32 50 0.717
32 38 0.804
32 68 0.781
32 34 0.42
32 43 0.149
32 45 0.134
32 46 0.01
32 48 0.266
32 59 0.081
32 66 0.331
32 70 0.072
32 35 0.119
32 36 0.176
32 39 0.076
32 42 0.164
32 44 0.18
32 47 0.185
32 49 0.157
32 51 0.204
32 53 0.185
32 54 0.12
32 56 0.128
32 58 0.167
32 62 0.117
32 69 0.194
32 72 0.18
32 73 0.147
33 35 0.578
33 40 0.622
33 46 0.197
33 62 0.262
33 47 0.103
33 48 0.179
33 50 0.068
33 57 0.166
33 43 0.231
33 52 0.141
33 61 0.209
33 65 0.188
33 73 0.137
33 38 0.121
33 39 0.145
33 44 0.169
33 49 0.167
33 53 0.158
33 54 0.172
33 58 0.14
33 59 0.203
33 60 0.158
33 64 0.129
33 66 0.128
33 67 0.156
33 68 0.127
33 70 0.169
33 71 0.139
33 72 0.112
33 74 0.174
34 45 0.88
34 48 1
34 60 0.107
34 37 0.206
34 58 0.282
34 46 0.072
34 66 0.103
34 54 0.169
34 61 0.124
34 63 0.182
34 72 0.076
34 74 0.126
34 35 0.204
34 36 0.137
34 43 0.162
34 49 0.178
34 50 0.163
34 51 0.14
34 53 0.123
34 62 0.098
34 67 0.102
34 68 0.136
34 69 0.14
34 70 0.153
34 71 0.146
35 49 0.717
35 73 0.069
35 36 0.115
35 51 0.309
35 63 0.167
35 71 0.148
35 38 0.099
35 39 0.146
35 42 0.106
35 47 0.092
35 48 0.162
35 50 0.126
35 52 0.181
35 53 0.124
35 54 0.151
35 55 0.181
35 57 0.128
35 58 0.179
35 59 0.132
35 60 0.186
35 61 0.152
35 62 0.117
35 64 0.114
35 66 0.12
35 68 0.154
35 69 0.105
35 70 0.121
35 74 0.159
36 56 0.212
36 74 0.307
36 64 0.123
36 57 0.266
36 39 0.057
36 40 0.191
36 42 0.218
36 43 0.249
36 46 0.08
36 52 0.18
36 69 0.182
36 71 0.144
36 37 0.167
36 38 0.154
36 41 0.171
36 45 0.177
36 47 0.163
36 48 0.191
36 49 0.187
36 50 0.161
36 54 0.14
36 59 0.193
36 61 0.097
36 62 0.159
36 66 0.217
36 73 0.143
37 48 0.809
37 45 0.98
37 73 0.657
37 40 0.106
37 38 0.174
37 39 0.198
37 55 0.104
37 57 0.156
37 58 0.064
37 70 0.25
37 72 0.203
37 43 0.188
37 44 0.119
37 46 0.134
37 47 0.164
37 49 0.208
37 50 0.101
37 51 0.182
37 52 0.134
37 53 0.118
37 54 0.152
37 56 0.135
37 61 0.105
37 62 0.174
37 63 0.154
37 64 0.13
37 65 0.133
37 66 0.17
37 69 0.155
37 71 0.209
37 74 0.193
38 53 1
38 69 0.694
38 68 0.836
38 43 0.072
38 71 0.035
38 55 0.018
38 64 0.245
38 73 0.008
38 52 0.254
38 65 0.135
38 66 0.272
38 42 0.161
38 44 0.188
38 48 0.149
38 49 0.157
38 51 0.139
38 54 0.189
38 57 0.157
38 59 0.16
38 60 0.123
38 62 0.142
38 63 0.18
38 70 0.127
38 72 0.143
39 44 0.59
39 43 0.245
39 57 0.17
39 59 0.081
39 71 0.295
39 42 0.159
39 54 0.16
39 61 0.049
39 63 0.17
39 47 0.106
39 48 0.164
39 50 0.161
39 51 0.117
39 55 0.163
39 56 0.147
39 60 0.193
39 62 0.179
39 64 0.192
39 66 0.153
39 68 0.148
39 70 0.175
39 73 0.202
40 42 0.644
40 72 0.272
40 44 0.171
40 71 0.138
40 73 0.148
40 74 0.267
40 45 0.169
40 47 0.186
40 51 0.178
40 53 0.163
40 54 0.105
40 56 0.157
40 59 0.159
40 61 0.157
40 62 0.172
40 63 0.097
40 64 0.141
40 66 0.106
40 69 0.132
41 46 0.542
41 65 0.978
41 58 0.649
41 52 0.195
41 66 0.145
41 67 0.121
41 48 0.169
41 54 0.266
41 57 0.131
41 64 0.18
41 44 0.137
41 47 0.206
41 50 0.179
41 53 0.142
41 55 0.212
41 59 0.147
41 60 0.128
41 61 0.158
41 62 0.099
41 68 0.144
41 69 0.16
41 71 0.168
41 73 0.105
42 47 0.897
42 62 0.52
42 56 0.785
42 54 0.518
42 67 0.034
42 51 0.271
42 55 0.264
42 59 0.162
42 71 0.185
42 50 0.2
42 52 0.215
42 58 0.13
42 43 0.158
42 44 0.198
42 45 0.188
42 46 0.097
42 49 0.112
42 60 0.188
42 63 0.146
42 66 0.166
42 70 0.172
42 72 0.159
42 74 0.094
43 74 0.88
43 54 0.528
43 59 0.19
43 61 0.348
43 51 0.248
43 52 0.138
43 55 0.17
43 63 0.137
43 68 0.131
43 71 0.35
43 47 0.179
43 49 0.151
43 53 0.134
43 57 0.134
43 60 0.161
43 62 0.134
43 65 0.155
43 66 0.186
43 70 0.202
43 72 0.153
43 73 0.164
44 55 0.806
44 53 0.015
44 72 0.137
44 47 0.358
44 49 0.197
44 50 0.151
44 52 0.118
44 56 0.161
44 59 0.152
44 60 0.181
44 62 0.14
44 63 0.114
44 64 0.166
44 65 0.117
44 66 0.102
44 68 0.097
44 69 0.209
44 70 0.223
45 67 0.943
45 68 0.819
45 50 0.781
45 52 0.04
45 53 0.148
45 49 0.223
45 64 0.163
45 46 0.134
45 47 0.17
45 48 0.155
45 55 0.195
45 56 0.13
45 59 0.128
45 63 0.131
45 65 0.177
45 69 0.14
45 70 0.179
45 72 0.112
45 73 0.183
45 74 0.154
46 50 1
46 65 0.201
46 58 0.084
46 62 0.198
46 64 0.014
46 70 0.181
46 51 0.146
46 55 0.166
46 56 0.123
46 57 0.206
46 59 0.106
46 61 0.132
46 68 0.171
46 71 0.165
46 72 0.144
46 73 0.092
47 50 0.909
47 49 0.262
47 52 0.388
47 55 0.145
47 63 0.162
47 66 0.202
47 53 0.178
47 54 0.156
47 56 0.107
47 58 0.099
47 64 0.15
47 67 0.136
47 68 0.153
47 69 0.158
47 70 0.136
48 69 0.926
48 70 0.791
48 51 0.19
48 67 0.142
48 52 0.133
48 59 0.163
48 64 0.152
48 72 0.266
48 49 0.179
48 53 0.092
48 56 0.149
48 58 0.211
48 60 0.183
48 62 0.135
48 66 0.117
48 68 0.131
48 73 0.18
49 73 1
49 66 0.843
49 65 0.517
49 62 0.302
49 64 0.117
49 74 0.157
49 50 0.133
49 54 0.17
49 56 0.123
49 57 0.159
49 61 0.145
49 71 0.167
50 59 0.848
50 70 0.314
50 51 0.167
50 62 0.26
50 66 0.011
50 69 0.099
50 53 0.174
50 56 0.136
50 58 0.201
50 64 0.148
50 67 0.157
50 74 0.179
51 62 0.666
51 56 0.931
51 58 0.279
51 53 0.165
51 54 0.108
51 57 0.205
51 59 0.187
51 60 0.117
51 61 0.177
51 64 0.113
51 65 0.173
51 67 0.154
51 69 0.097
51 70 0.16
51 71 0.156
51 72 0.132
51 73 0.126
51 74 0.141
52 66 0.933
52 55 0.697
52 56 0.145
52 57 0.158
52 58 0.124
52 68 0.09
52 54 0.099
52 59 0.11
52 60 0.153
52 61 0.135
52 63 0.113
52 65 0.115
52 72 0.117
52 73 0.144
53 60 0.108
53 57 0.309
53 58 0.184
53 55 0.138
53 71 0.21
53 56 0.182
53 59 0.135
53 61 0.087
53 62 0.179
53 64 0.154
53 65 0.154
53 66 0.124
53 69 0.145
53 73 0.179
53 74 0.1
54 72 0.841
54 66 0.866
54 69 0.445
54 57 0.117
54 55 0.274
54 68 0.107
54 56 0.156
54 58 0.17
54 60 0.176
54 61 0.15
54 62 0.13
54 64 0.149
54 65 0.121
54 70 0.183
54 73 0.192
55 56 0.567
55 71 0.261
55 59 0.233
55 68 0.208
55 61 0.187
55 58 0.118
55 62 0.183
55 70 0.132
55 72 0.151
55 73 0.156
56 64 0.207
56 63 0.246
56 66 0.35
56 67 0.147
56 69 0.347
56 72 0.204
56 57 0.15
56 58 0.124
56 59 0.077
56 60 0.16
56 71 0.147
56 74 0.114
57 74 1
57 72 0.703
57 59 0.959
57 62 0.666
57 60 0.176
57 65 0.295
57 73 0.108
57 61 0.192
57 63 0.125
57 67 0.179
57 68 0.107
57 70 0.126
57 71 0.148
58 74 1
58 71 0.917
58 72 1
58 65 0.105
58 70 0.125
58 73 0.229
58 60 0.116
58 62 0.158
58 63 0.162
58 66 0.167
58 68 0.222
59 61 0.843
59 67 1
59 60 0.125
59 64 0.337
59 70 0.176
59 62 0.132
59 63 0.166
59 66 0.107
59 68 0.144
59 69 0.185
59 72 0.154
59 73 0.112
59 74 0.165
60 73 0.239
60 61 0.133
60 62 0.191
60 63 0.189
60 64 0.137
60 66 0.191
60 67 0.126
60 70 0.17
60 71 0.174
60 72 0.119
60 74 0.146
61 71 0.976
61 64 0.722
61 68 1
61 67 0.126
61 66 0.15
61 74 0.197
61 63 0.165
61 65 0.146
61 69 0.132
61 72 0.147
62 65 0.496
62 73 0.08
62 74 0.132
62 63 0.089
62 64 0.161
62 66 0.16
62 68 0.147
62 70 0.171
63 69 0.031
63 72 0.123
63 74 0.142
63 65 0.142
63 67 0.093
63 68 0.113
63 73 0.199
64 72 0.719
64 65 0.553
64 67 0.13
64 71 0.164
64 70 0.093
64 73 0.153
64 74 0.116
65 72 0.252
65 69 0.065
65 67 0.149
65 71 0.183
65 74 0.15
66 74 1
66 67 0.13
66 69 0.132
66 71 0.155
66 73 0.149
67 73 0.236
67 69 0.107
67 72 0.176
68 74 0.63
68 70 0.155
68 72 0.174
68 73 0.071
69 74 0.159
70 74 0.114
71 73 0.157
71 72 0.142
71 74 0.132
73 74 0.195
