0 20 1
0 56 0.609
0 54 0.7
0 29 0.186
0 28 0.204
0 53 0.195
0 1 0.142
0 2 0.108
0 7 0.165
0 8 0.128
0 9 0.108
0 10 0.203
0 11 0.133
0 24 0.167
0 25 0.127
0 27 0.149
0 31 0.171
0 34 0.146
0 36 0.136
0 40 0.156
0 42 0.148
0 43 0.1
0 45 0.169
0 47 0.159
0 50 0.144
0 58 0.098
0 59 0.141
1 36 0.924
1 45 0.893
1 12 0.77
1 28 0.626
1 57 1
1 9 0.843
1 17 0.654
1 10 0.172
1 19 0.16
1 25 0.152
1 40 0.236
1 5 0.187
1 8 0.214
1 15 0.164
1 24 0.19
1 30 0.169
1 31 0.231
1 33 0.157
1 34 0.188
1 37 0.198
1 41 0.12
1 47 0.132
1 50 0.166
1 51 0.096
1 52 0.168
2 5 0.786
2 10 0.658
2 12 1
2 46 0.807
2 24 0.974
2 39 0.894
2 40 0.14
2 44 0.18
2 53 0.1
2 3 0.088
2 7 0.135
2 9 0.163
2 15 0.121
2 20 0.169
2 23 0.113
2 25 0.12
2 28 0.159
2 32 0.156
2 33 0.155
2 35 0.156
2 37 0.143
2 38 0.153
2 42 0.121
2 49 0.143
2 52 0.132
2 56 0.135
2 59 0.109
3 30 1
3 25 0.673
3 52 0.55
3 56 0.82
3 48 0.783
3 6 0.613
3 44 0.103
3 5 0.204
3 17 0.148
3 31 0.168
3 7 0.191
3 13 0.154
3 15 0.147
3 16 0.119
3 19 0.12
3 22 0.163
3 23 0.139
3 29 0.125
3 33 0.155
3 34 0.17
3 37 0.108
3 39 0.142
3 43 0.068
3 45 0.117
3 51 0.139
4 43 0.72
4 22 0.89
4 12 0.992
4 39 0.683
4 35 0.166
4 50 0.112
4 6 0.122
4 13 0.117
4 17 0.218
4 29 0.114
4 33 0.189
4 52 0.159
4 54 0.155
4 7 0.102
4 10 0.153
4 11 0.175
4 18 0.088
4 20 0.118
4 21 0.207
4 24 0.139
4 25 0.159
4 26 0.091
4 30 0.16
4 32 0.125
4 41 0.154
4 42 0.131
4 47 0.206
4 51 0.113
4 53 0.21
4 56 0.167
5 16 0.91
5 10 0.566
5 40 0.95
5 8 0.734
5 42 0.592
5 17 0.165
5 26 0.122
5 37 0.184
5 44 0.177
5 51 0.154
5 6 0.156
5 11 0.155
5 14 0.087
5 20 0.145
5 22 0.146
5 29 0.125
5 32 0.142
5 36 0.134
5 47 0.177
5 48 0.206
5 49 0.167
5 50 0.146
5 57 0.1
6 16 0.983
6 14 0.67
6 40 1
6 32 0.925
6 54 1
6 15 0.137
6 19 0.171
6 30 0.147
6 37 0.201
6 25 0.127
6 26 0.082
6 27 0.153
6 34 0.153
6 35 0.126
6 36 0.156
6 42 0.192
6 51 0.091
6 55 0.146
6 56 0.126
7 47 1
7 56 0.896
7 39 0.626
7 38 0.236
7 8 0.122
7 11 0.143
7 13 0.121
7 15 0.131
7 17 0.178
7 19 0.073
7 22 0.187
7 25 0.122
7 27 0.177
7 28 0.128
7 29 0.184
7 53 0.142
8 22 0.874
8 47 0.614
8 49 0.841
8 51 0.988
8 16 0.135
8 20 0.144
8 9 0.178
8 11 0.149
8 28 0.186
8 29 0.165
8 34 0.144
8 36 0.178
8 38 0.216
8 43 0.168
8 45 0.171
8 46 0.132
8 48 0.11
8 52 0.152
8 53 0.185
9 26 0.715
9 23 0.862
9 40 0.603
9 59 0.577
9 24 0.168
9 25 0.029
9 22 0.131
9 29 0.16
9 30 0.136
9 50 0.095
9 54 0.147
9 15 0.113
9 18 0.209
9 28 0.19
9 31 0.092
9 37 0.159
9 38 0.14
9 41 0.106
9 42 0.136
9 44 0.104
9 45 0.18
9 46 0.169
9 48 0.148
9 53 0.196
9 55 0.113
10 11 0.91
10 29 1
10 52 0.626
10 54 0.124
10 13 0.164
10 14 0.157
10 15 0.168
10 16 0.133
10 19 0.145
10 20 0.115
10 24 0.109
10 25 0.162
10 30 0.174
10 31 0.177
10 32 0.174
10 33 0.134
10 35 0.165
10 36 0.139
10 40 0.101
10 43 0.159
10 47 0.132
10 50 0.106
10 53 0.131
10 55 0.111
10 56 0.186
10 58 0.134
11 44 0.704
11 40 0.759
11 39 0.765
11 21 0.164
11 12 0.165
11 13 0.119
11 23 0.177
11 26 0.228
11 50 0.176
11 14 0.144
11 17 0.162
11 18 0.195
11 20 0.132
11 24 0.135
11 28 0.15
11 53 0.156
11 55 0.16
11 57 0.171
12 41 0.906
12 39 0.61
12 37 0.174
12 38 0.179
12 58 0.159
12 13 0.183
12 18 0.189
12 20 0.145
12 23 0.118
12 24 0.106
12 30 0.141
12 31 0.123
12 33 0.121
12 36 0.159
12 45 0.204
12 47 0.15
12 54 0.14
12 56 0.146
12 59 0.175
13 25 0.868
13 59 0.809
13 27 0.112
13 19 0.166
13 49 0.083
13 28 0.154
13 30 0.136
13 33 0.159
13 38 0.124
13 39 0.167
13 45 0.122
13 48 0.18
13 53 0.113
13 55 0.129
13 58 0.157
14 17 1
14 35 0.748
14 52 0.777
14 20 1
14 39 0.14
14 50 0.125
14 23 0.185
14 24 0.151
14 25 0.253
14 27 0.159
14 31 0.199
14 37 0.131
14 43 0.137
14 46 0.13
14 47 0.12
14 54 0.1
15 37 0.54
15 31 0.874
15 28 0.855
15 30 0.985
15 56 0.836
15 32 0.133
15 53 0.146
15 58 0.137
15 16 0.14
15 19 0.124
15 21 0.213
15 22 0.131
15 25 0.164
15 26 0.188
15 34 0.183
15 47 0.188
15 52 0.123
15 54 0.178
15 57 0.135
16 25 0.939
16 42 0.763
16 48 0.814
16 20 0.153
16 36 0.197
16 19 0.091
16 22 0.19
16 24 0.152
16 54 0.168
16 21 0.173
16 26 0.15
16 28 0.107
16 30 0.122
16 32 0.111
16 33 0.157
16 39 0.151
16 40 0.111
16 44 0.187
16 47 0.197
16 49 0.136
16 50 0.178
16 56 0.175
16 58 0.159
16 59 0.164
17 30 0.587
17 56 0.149
17 31 0.114
17 59 0.146
17 20 0.112
17 22 0.146
17 26 0.107
17 29 0.063
17 32 0.115
17 33 0.167
17 35 0.15
17 39 0.149
17 40 0.111
17 46 0.123
17 49 0.116
17 54 0.173
17 58 0.135
18 59 0.573
18 19 1
18 41 0.976
18 33 0.115
18 46 0.073
18 20 0.165
18 21 0.165
18 22 0.158
18 23 0.138
18 25 0.116
18 29 0.164
18 30 0.155
18 31 0.166
18 34 0.176
18 35 0.173
18 37 0.113
18 39 0.175
18 42 0.147
18 47 0.155
18 48 0.182
18 53 0.189
18 56 0.135
19 57 1
19 38 0.934
19 51 0.751
19 41 0.692
19 32 0.171
19 48 0.123
19 25 0.139
19 20 0.142
19 21 0.137
19 30 0.156
19 33 0.131
19 34 0.185
19 40 0.154
19 42 0.186
19 46 0.141
19 55 0.166
19 56 0.156
19 58 0.165
20 27 0.873
20 22 0.69
20 52 0.989
20 21 0.137
20 32 0.114
20 46 0.088
20 54 0.31
20 25 0.119
20 29 0.165
20 33 0.161
20 34 0.144
20 36 0.137
20 48 0.218
20 50 0.124
20 51 0.136
20 55 0.144
20 57 0.126
20 58 0.14
20 59 0.142
21 36 0.99
21 27 0.997
21 51 0.733
21 25 0.188
21 28 0.165
21 37 0.157
21 22 0.13
21 23 0.136
21 24 0.127
21 26 0.175
21 29 0.132
21 38 0.19
21 41 0.105
21 42 0.119
21 46 0.13
21 55 0.094
21 57 0.186
22 50 0.646
22 39 0.646
22 23 0.129
22 27 0.18
22 28 0.175
22 36 0.098
22 41 0.143
22 42 0.145
22 44 0.171
22 45 0.178
22 47 0.198
22 49 0.139
22 52 0.179
22 56 0.157
22 58 0.125
22 59 0.14
23 43 0.884
23 26 0.892
23 52 0.149
23 28 0.148
23 34 0.138
23 35 0.235
23 36 0.19
23 38 0.182
23 44 0.112
23 48 0.107
23 50 0.15
23 51 0.209
23 53 0.149
24 39 1
24 36 0.557
24 43 0.896
24 41 0.177
24 25 0.166
24 26 0.156
24 30 0.141
24 31 0.111
24 37 0.153
24 38 0.113
24 42 0.157
24 46 0.156
24 50 0.126
24 51 0.154
24 53 0.125
24 54 0.153
24 59 0.127
25 44 0.625
25 43 0.798
25 35 0.94
25 54 0.822
25 28 0.169
25 30 0.105
25 27 0.157
25 36 0.171
25 40 0.134
25 45 0.155
25 46 0.149
25 53 0.177
25 55 0.152
25 57 0.16
25 58 0.145
26 35 1
26 49 0.854
26 36 0.633
26 44 0.752
26 47 0.176
26 42 0.15
26 43 0.148
26 51 0.183
26 30 0.129
26 31 0.156
26 32 0.126
26 33 0.159
26 34 0.151
26 37 0.144
26 39 0.108
26 45 0.15
26 46 0.184
26 48 0.143
26 52 0.172
26 53 0.188
27 31 0.773
27 40 0.749
27 56 1
27 45 1
27 35 0.179
27 29 0.175
27 33 0.171
27 41 0.155
27 44 0.155
27 47 0.187
27 48 0.149
27 52 0.132
27 53 0.105
27 58 0.163
28 54 0.879
28 44 0.821
28 34 0.6
28 36 0.132
28 40 0.178
28 43 0.172
28 46 0.118
28 47 0.138
28 48 0.117
28 51 0.198
28 55 0.11
28 58 0.154
29 43 0.59
29 42 0.833
29 37 0.103
29 38 0.129
29 53 0.149
29 33 0.131
29 35 0.158
29 39 0.174
29 44 0.208
29 47 0.176
29 48 0.164
29 54 0.149
29 56 0.174
29 57 0.199
29 59 0.141
30 41 0.994
30 40 0.614
30 31 0.145
30 34 0.115
30 59 0.122
30 35 0.149
30 39 0.085
30 45 0.11
30 54 0.168
30 55 0.166
30 57 0.163
31 33 0.934
31 57 0.601
31 32 0.17
31 37 0.215
31 34 0.114
31 36 0.119
31 41 0.15
31 43 0.072
31 47 0.184
31 49 0.155
31 51 0.169
31 52 0.081
31 53 0.206
31 55 0.185
31 56 0.154
31 59 0.151
32 35 0.148
32 39 0.169
32 45 0.145
32 58 0.135
32 34 0.179
32 36 0.134
32 38 0.142
32 43 0.129
32 50 0.178
32 51 0.149
32 52 0.149
32 53 0.136
32 56 0.088
32 59 0.165
33 49 0.74
33 54 0.955
33 59 1
33 39 0.142
33 34 0.147
33 36 0.117
33 42 0.103
33 43 0.114
33 44 0.12
33 47 0.162
33 57 0.185
33 58 0.2
34 40 0.677
34 42 0.865
34 46 0.112
34 53 0.098
34 57 0.172
34 37 0.15
34 48 0.213
34 54 0.144
35 58 0.752
35 43 0.141
35 39 0.105
35 42 0.148
35 48 0.155
35 51 0.189
35 54 0.198
36 39 0.611
36 46 0.125
36 42 0.174
36 43 0.125
36 49 0.144
36 51 0.165
36 54 0.184
36 55 0.149
36 58 0.166
37 58 0.785
37 38 0.805
37 52 0.665
37 40 0.729
37 41 0.166
37 42 0.153
37 43 0.115
37 44 0.163
37 47 0.151
37 55 0.165
38 41 0.589
38 40 0.154
38 50 0.123
38 56 0.154
38 39 0.141
38 47 0.129
38 55 0.177
38 57 0.157
38 58 0.135
39 43 0.094
39 48 0.131
39 54 0.175
39 55 0.14
39 57 0.164
40 41 0.157
40 44 0.153
40 54 0.115
40 56 0.183
40 45 0.141
40 48 0.094
40 49 0.123
40 57 0.146
40 59 0.202
41 43 0.827
41 45 0.14
41 42 0.193
41 44 0.124
41 51 0.134
41 46 0.162
41 47 0.148
41 48 0.162
41 52 0.181
42 55 0.866
42 47 0.704
42 56 0.123
42 54 0.177
42 58 0.192
43 47 0.142
43 49 0.178
43 53 0.136
43 59 0.166
43 46 0.219
43 50 0.139
43 54 0.15
44 54 0.645
44 47 0.172
44 53 0.104
44 50 0.159
44 56 0.114
44 58 0.119
45 54 0.763
45 49 0.16
45 58 0.106
45 55 0.132
45 56 0.156
45 57 0.164
45 59 0.14
46 53 0.744
46 47 0.095
46 48 0.178
46 49 0.127
46 50 0.13
46 54 0.203
46 58 0.149
46 59 0.129
47 59 0.8
47 55 0.191
47 48 0.172
47 52 0.123
47 53 0.113
47 56 0.15
48 59 0.094
48 52 0.16
48 54 0.16
49 58 0.111
49 50 0.15
49 51 0.131
49 53 0.135
49 57 0.192
50 55 1
50 51 0.189
50 57 0.161
51 53 0.183
51 56 0.194
51 57 0.16
51 58 0.192
52 53 0.154
52 56 0.152
52 58 0.139
53 59 0.301
53 54 0.155
53 56 0.182
53 57 0.257
53 58 0.143
54 56 1
54 59 0.127
55 57 0.916
56 57 0.136
56 59 0.171
