0 47 0.999
0 34 0.65
0 13 0.761
0 1 1
0 30 0.844
0 21 0.781
0 15 1
0 39 0.892
0 43 0.866
0 38 0.114
0 4 0.182
0 9 0.182
0 10 0.143
0 16 0.126
0 29 0.119
0 33 0.156
0 40 0.138
0 48 0.138
0 55 0.098
1 19 1
1 42 0.99
1 51 0.866
1 18 0.648
1 9 0.865
1 36 0.075
1 3 0.169
1 14 0.095
1 16 0.157
1 17 0.133
1 26 0.149
1 54 0.133
2 39 0.716
2 38 0.806
2 3 0.123
2 29 0.143
2 5 0.175
2 10 0.127
2 13 0.12
2 20 0.146
2 21 0.11
2 30 0.138
2 33 0.123
2 57 0.173
2 58 0.188
3 24 0.779
3 26 0.967
3 48 0.513
3 18 0.197
3 28 0.131
3 14 0.146
3 16 0.176
3 34 0.126
3 45 0.102
3 54 0.118
3 56 0.147
4 27 0.944
4 30 1
4 10 0.96
4 8 0.961
4 11 0.178
4 22 0.219
4 12 0.106
4 24 0.127
4 39 0.169
4 40 0.104
5 44 0.659
5 19 0.892
5 14 0.167
5 35 0.128
5 37 0.162
5 30 0.159
5 45 0.162
5 46 0.145
5 56 0.132
6 23 0.982
6 49 0.831
6 7 0.902
6 32 0.151
6 10 0.15
6 11 0.166
6 12 0.171
6 13 0.169
6 14 0.178
6 18 0.165
6 19 0.174
6 20 0.127
6 21 0.155
6 29 0.168
6 41 0.182
6 48 0.152
6 51 0.087
6 53 0.181
7 11 0.765
7 44 0.979
7 59 0.746
7 10 1
7 20 1
7 45 0.608
7 13 0.211
7 53 0.13
7 54 0.147
7 17 0.173
7 19 0.219
7 27 0.165
7 28 0.196
7 43 0.155
7 46 0.177
7 47 0.109
7 48 0.147
8 46 0.772
8 45 1
8 56 0.661
8 12 0.106
8 9 0.163
8 13 0.135
8 16 0.156
8 28 0.121
8 52 0.172
9 45 0.577
9 48 0.839
9 22 0.782
9 57 0.151
9 31 0.16
9 14 0.131
9 25 0.133
9 26 0.106
9 27 0.131
9 30 0.157
9 38 0.146
10 52 1
10 50 0.844
10 32 0.599
10 33 0.182
10 15 0.149
10 17 0.139
10 31 0.175
10 35 0.162
10 40 0.109
10 41 0.109
10 49 0.13
10 58 0.131
11 13 0.817
11 48 0.755
11 20 0.775
11 54 0.865
11 23 1
11 31 0.65
11 21 0.174
11 25 0.159
11 27 0.185
11 32 0.113
11 38 0.096
11 39 0.168
12 48 0.839
12 46 1
12 56 0.881
12 25 0.884
12 18 0.73
12 30 0.147
12 17 0.107
12 21 0.146
12 24 0.193
12 34 0.133
12 39 0.169
13 14 0.88
13 52 0.683
13 15 0.763
13 28 0.794
13 55 0.93
13 21 0.173
13 56 0.128
13 35 0.192
13 44 0.143
13 49 0.142
13 50 0.184
14 25 1
14 58 0.748
14 50 0.852
14 19 0.149
14 20 0.272
14 24 0.142
14 27 0.129
14 32 0.123
14 35 0.185
14 48 0.126
14 49 0.112
14 54 0.161
14 55 0.151
14 56 0.151
15 16 0.158
15 25 0.252
15 31 0.219
15 28 0.098
15 30 0.155
15 32 0.124
15 47 0.161
15 52 0.086
15 53 0.113
15 55 0.119
16 25 0.774
16 36 0.685
16 38 0.557
16 21 0.16
16 35 0.193
16 59 0.224
16 22 0.131
16 34 0.124
16 47 0.106
16 57 0.192
17 37 1
17 58 0.973
17 47 0.798
17 19 0.837
17 27 0.176
17 33 0.139
17 34 0.191
17 41 0.161
17 57 0.093
18 43 0.514
18 42 1
18 22 0.763
18 40 0.858
18 21 0.148
18 29 0.169
18 47 0.166
18 49 0.166
18 58 0.133
19 57 0.875
19 28 1
19 32 0.946
19 36 0.545
19 58 0.359
19 23 0.145
19 33 0.189
19 38 0.141
19 43 0.119
19 59 0.136
20 28 0.706
20 53 0.823
20 52 0.561
20 44 0.947
20 56 0.747
20 27 0.672
20 34 0.102
20 25 0.165
20 30 0.168
20 31 0.195
20 33 0.159
20 41 0.168
21 49 0.61
21 59 1
21 32 0.809
21 52 0.716
21 36 0.828
21 27 0.095
21 37 0.157
21 46 0.104
21 48 0.151
21 31 0.171
21 58 0.164
22 34 0.676
22 31 0.136
22 25 0.123
22 40 0.244
22 46 0.179
23 55 0.109
23 58 0.104
23 30 0.137
23 33 0.16
23 46 0.113
23 47 0.171
24 52 0.814
24 25 0.206
24 41 0.155
25 48 1
25 52 0.964
25 56 0.117
25 36 0.114
25 39 0.104
25 42 0.143
25 46 0.152
25 51 0.169
25 54 0.205
26 47 1
26 36 0.96
26 33 0.132
26 38 0.137
26 41 0.146
26 55 0.136
26 56 0.156
27 30 0.648
27 39 0.812
27 54 0.746
27 28 0.142
27 44 0.142
27 45 0.16
27 46 0.152
27 51 0.156
28 37 0.656
28 32 0.891
28 39 0.143
28 43 0.091
28 51 0.165
29 36 0.882
29 31 0.835
29 42 0.675
29 32 0.849
29 54 0.799
29 40 0.789
29 44 0.141
29 49 0.18
29 51 0.182
30 59 0.728
30 50 0.943
30 52 0.803
30 44 0.136
30 53 0.16
30 54 0.15
30 57 0.142
31 48 0.821
31 54 0.864
31 47 0.98
31 50 1
31 37 1
31 44 0.78
31 42 0.161
31 32 0.115
31 43 0.144
31 49 0.168
31 53 0.161
31 56 0.137
32 41 1
32 57 0.878
32 56 0.949
32 33 0.915
32 35 0.133
32 36 0.149
32 39 0.158
32 45 0.109
32 47 0.136
32 49 0.168
33 42 0.789
33 57 1
33 35 0.177
33 34 0.061
33 38 0.135
33 44 0.15
33 51 0.181
33 58 0.116
34 45 0.938
34 50 0.557
34 36 0.172
34 44 0.142
34 46 0.169
34 57 0.144
35 53 1
35 49 0.551
35 52 0.159
35 36 0.158
35 39 0.144
35 41 0.132
35 48 0.15
35 56 0.142
35 57 0.127
36 44 0.812
36 59 0.548
36 49 0.675
36 38 0.152
36 52 0.143
36 53 0.153
36 58 0.131
37 40 0.835
37 55 1
37 44 0.107
37 53 0.134
38 56 0.944
38 43 0.821
38 44 0.205
38 40 0.147
39 50 0.768
39 52 0.695
39 45 0.797
39 48 0.13
39 43 0.186
39 44 0.088
40 47 0.554
40 59 0.73
40 49 0.193
40 51 0.124
40 52 0.13
40 53 0.15
41 45 1
41 49 0.63
41 44 0.181
41 51 0.147
42 53 0.774
42 56 0.789
42 46 0.179
42 47 0.096
42 52 0.147
43 48 0.196
43 52 0.183
43 55 0.089
44 52 0.964
44 47 0.169
44 49 0.139
44 50 0.099
44 57 0.127
44 58 0.17
45 50 0.859
45 47 0.106
45 57 0.142
46 56 0.927
46 51 0.125
47 58 0.635
47 48 0.199
47 57 0.209
48 51 1
48 56 0.12
49 59 0.562
50 52 0.168
50 57 0.139
51 54 0.154
51 52 0.181
51 53 0.149
52 54 0.132
52 53 0.138
52 56 0.161
53 54 0.163
53 59 0.126
54 56 0.116
55 56 0.779
56 59 0.516
57 59 0.173
