0 47 1
0 13 0.694
0 1 1
0 30 0.946
0 21 0.728
0 15 0.859
0 39 0.769
0 43 0.86
0 7 0.126
0 32 0.137
0 5 0.209
0 6 0.197
0 9 0.164
0 14 0.102
0 16 0.153
0 17 0.112
0 28 0.18
0 29 0.184
0 33 0.166
0 34 0.219
0 35 0.206
0 36 0.134
0 38 0.151
0 40 0.137
0 45 0.132
0 46 0.1
0 51 0.156
0 57 0.143
0 58 0.106
1 19 0.765
1 42 0.689
1 18 0.868
1 9 0.761
1 39 0.198
1 3 0.138
1 6 0.16
1 7 0.117
1 8 0.114
1 10 0.152
1 20 0.134
1 24 0.175
1 26 0.186
1 27 0.143
1 33 0.146
1 34 0.164
1 36 0.117
1 37 0.152
1 38 0.166
1 40 0.138
1 41 0.12
1 44 0.198
1 48 0.146
1 49 0.125
1 50 0.128
1 51 0.139
1 54 0.155
1 56 0.145
1 57 0.189
1 59 0.141
2 39 1
2 30 0.115
2 20 0.169
2 3 0.144
2 5 0.168
2 9 0.201
2 11 0.169
2 16 0.139
2 25 0.141
2 27 0.159
2 29 0.158
2 32 0.178
2 36 0.142
2 37 0.147
2 41 0.205
2 42 0.13
2 43 0.163
2 44 0.105
2 46 0.124
2 47 0.15
2 48 0.175
2 55 0.162
2 56 0.143
2 58 0.135
3 24 0.678
3 26 0.532
3 48 0.221
3 11 0.085
3 18 0.202
3 4 0.18
3 6 0.127
3 8 0.153
3 9 0.186
3 13 0.175
3 15 0.103
3 19 0.155
3 22 0.139
3 31 0.106
3 33 0.184
3 34 0.134
3 35 0.084
3 37 0.14
3 38 0.163
3 39 0.15
3 42 0.135
3 44 0.207
3 50 0.175
3 54 0.123
3 56 0.125
3 57 0.157
3 59 0.196
4 27 0.877
4 10 0.618
4 8 0.879
4 23 0.169
4 45 0.139
4 5 0.138
4 13 0.161
4 14 0.137
4 20 0.202
4 22 0.158
4 24 0.158
4 25 0.196
4 29 0.124
4 30 0.209
4 31 0.196
4 34 0.149
4 35 0.184
4 38 0.138
4 40 0.099
4 41 0.191
4 42 0.149
4 44 0.156
4 48 0.126
4 50 0.15
4 53 0.143
4 55 0.156
4 56 0.152
4 57 0.144
5 44 0.727
5 19 0.937
5 28 0.152
5 34 0.164
5 43 0.124
5 9 0.122
5 12 0.138
5 13 0.118
5 14 0.15
5 17 0.131
5 18 0.134
5 26 0.123
5 29 0.101
5 32 0.143
5 41 0.119
5 46 0.137
5 47 0.146
5 49 0.163
5 50 0.176
5 53 0.141
5 55 0.179
5 56 0.212
5 59 0.173
6 23 0.988
6 49 0.701
6 7 1
6 31 0.124
6 48 0.144
6 9 0.152
6 13 0.132
6 14 0.15
6 16 0.167
6 19 0.176
6 20 0.104
6 22 0.107
6 24 0.183
6 25 0.146
6 28 0.207
6 30 0.139
6 34 0.159
6 35 0.183
6 37 0.133
6 39 0.154
6 40 0.141
6 43 0.129
6 46 0.149
6 50 0.205
6 51 0.139
6 53 0.151
6 54 0.202
6 55 0.148
6 58 0.132
6 59 0.152
7 11 0.667
7 44 1
7 59 0.661
7 10 0.846
7 20 0.824
7 13 0.165
7 41 0.15
7 12 0.197
7 14 0.12
7 15 0.176
7 16 0.127
7 19 0.111
7 27 0.152
7 28 0.178
7 30 0.171
7 31 0.171
7 32 0.164
7 36 0.146
7 37 0.131
7 40 0.209
7 42 0.167
7 45 0.15
7 48 0.162
7 50 0.137
7 51 0.149
7 52 0.08
7 53 0.095
7 56 0.231
8 46 0.898
8 45 0.827
8 34 0.18
8 44 0.205
8 9 0.111
8 15 0.129
8 18 0.176
8 29 0.109
8 31 0.129
8 32 0.122
8 33 0.132
8 35 0.165
8 43 0.164
8 47 0.169
8 48 0.155
8 51 0.121
8 52 0.21
8 53 0.057
8 54 0.175
8 58 0.112
8 59 0.138
9 48 0.778
9 22 0.703
9 53 0.15
9 56 0.171
9 10 0.156
9 12 0.184
9 13 0.147
9 17 0.172
9 21 0.167
9 23 0.163
9 26 0.19
9 30 0.153
9 31 0.131
9 36 0.112
9 42 0.134
9 44 0.2
9 49 0.167
9 50 0.178
9 58 0.123
10 52 1
10 50 0.902
10 36 0.13
10 42 0.173
10 12 0.171
10 16 0.2
10 17 0.134
10 19 0.16
10 20 0.164
10 24 0.128
10 28 0.217
10 29 0.169
10 30 0.13
10 34 0.159
10 37 0.131
10 38 0.148
10 39 0.177
10 40 0.155
10 44 0.151
10 47 0.084
10 49 0.171
10 54 0.17
10 56 0.133
10 57 0.143
10 58 0.145
11 20 0.781
11 54 0.716
11 23 0.632
11 47 0.123
11 57 0.185
11 14 0.146
11 15 0.156
11 18 0.188
11 19 0.105
11 21 0.137
11 24 0.157
11 25 0.156
11 26 0.159
11 30 0.141
11 31 0.167
11 33 0.194
11 39 0.077
11 43 0.219
11 50 0.13
11 51 0.162
11 55 0.126
11 56 0.115
12 48 0.833
12 46 0.836
12 18 1
12 25 0.121
12 35 0.121
12 40 0.133
12 53 0.131
12 13 0.184
12 14 0.135
12 15 0.181
12 17 0.142
12 22 0.108
12 27 0.113
12 30 0.121
12 38 0.174
12 39 0.123
12 43 0.117
12 44 0.177
12 45 0.14
12 51 0.144
12 54 0.21
12 56 0.095
12 59 0.148
13 14 0.862
13 52 0.895
13 15 1
13 28 0.593
13 55 0.972
13 38 0.164
13 42 0.351
13 54 0.152
13 16 0.149
13 17 0.155
13 20 0.147
13 23 0.139
13 31 0.185
13 33 0.207
13 36 0.211
13 39 0.146
13 40 0.223
13 41 0.145
13 43 0.109
13 44 0.146
13 45 0.121
13 46 0.223
13 47 0.141
13 53 0.176
13 56 0.107
13 57 0.137
13 58 0.196
14 25 0.928
14 58 0.766
14 50 1
14 17 0.17
14 15 0.126
14 20 0.166
14 42 0.125
14 47 0.178
14 16 0.167
14 18 0.119
14 22 0.189
14 24 0.139
14 28 0.189
14 34 0.151
14 35 0.124
14 36 0.166
14 37 0.152
14 39 0.168
14 40 0.18
14 41 0.172
14 44 0.142
14 45 0.106
14 48 0.125
14 53 0.129
15 16 0.144
15 18 0.151
15 20 0.143
15 21 0.143
15 23 0.102
15 29 0.139
15 30 0.119
15 32 0.171
15 34 0.089
15 35 0.202
15 36 0.148
15 39 0.134
15 47 0.143
15 49 0.126
16 25 0.813
16 38 0.616
16 56 0.19
16 22 0.132
16 30 0.135
16 32 0.097
16 34 0.155
16 36 0.191
16 37 0.126
16 39 0.161
16 40 0.172
16 41 0.135
16 44 0.133
16 45 0.152
16 46 0.129
16 49 0.153
16 50 0.131
16 51 0.206
16 54 0.123
16 58 0.164
16 59 0.118
17 37 0.909
17 58 0.732
17 47 0.886
17 19 0.68
17 21 0.152
17 22 0.143
17 26 0.143
17 27 0.112
17 28 0.185
17 30 0.172
17 33 0.177
17 39 0.172
17 40 0.153
17 42 0.116
17 43 0.162
17 44 0.13
17 45 0.127
17 46 0.143
17 48 0.141
17 49 0.1
17 50 0.165
17 54 0.201
17 57 0.182
18 42 1
18 22 0.842
18 40 0.75
18 47 0.148
18 19 0.165
18 20 0.13
18 21 0.156
18 25 0.158
18 27 0.171
18 33 0.156
18 35 0.17
18 38 0.073
18 41 0.165
18 44 0.211
18 46 0.092
18 50 0.148
18 52 0.162
18 53 0.174
19 57 1
19 28 0.683
19 32 0.999
19 41 0.193
19 42 0.234
19 51 0.112
19 20 0.099
19 23 0.155
19 25 0.168
19 31 0.18
19 33 0.128
19 36 0.156
19 37 0.158
19 40 0.167
19 43 0.158
19 44 0.097
19 45 0.109
19 46 0.161
19 50 0.14
19 52 0.204
19 54 0.134
19 55 0.146
19 58 0.17
19 59 0.146
20 53 0.828
20 44 0.869
20 56 0.59
20 27 0.956
20 30 0.243
20 25 0.122
20 26 0.144
20 32 0.094
20 33 0.202
20 35 0.144
20 36 0.177
20 52 0.2
20 54 0.166
20 55 0.183
20 57 0.149
20 58 0.123
21 59 1
21 32 0.638
21 36 0.697
21 58 0.16
21 23 0.13
21 25 0.156
21 41 0.202
21 42 0.152
21 43 0.13
21 47 0.163
21 48 0.128
21 50 0.168
21 51 0.142
21 52 0.154
21 54 0.153
21 55 0.152
21 57 0.094
22 34 0.697
22 23 0.203
22 25 0.113
22 26 0.12
22 27 0.144
22 31 0.132
22 32 0.165
22 41 0.11
22 43 0.143
22 44 0.106
22 45 0.192
22 49 0.177
22 50 0.162
22 51 0.144
22 56 0.194
22 57 0.18
22 58 0.174
22 59 0.168
23 33 0.132
23 51 0.175
23 24 0.156
23 26 0.209
23 30 0.151
23 36 0.078
23 38 0.134
23 40 0.133
23 41 0.136
23 44 0.159
23 45 0.119
23 46 0.164
23 55 0.173
24 45 0.133
24 53 0.195
24 25 0.121
24 26 0.169
24 27 0.112
24 31 0.174
24 32 0.19
24 34 0.173
24 39 0.15
24 47 0.139
24 50 0.128
24 51 0.08
24 52 0.156
24 56 0.123
24 57 0.155
25 48 0.677
25 52 0.543
25 30 0.145
25 33 0.177
25 35 0.144
25 26 0.152
25 28 0.165
25 29 0.201
25 32 0.112
25 34 0.152
25 39 0.122
25 40 0.152
25 42 0.068
25 43 0.155
25 45 0.152
25 53 0.212
25 55 0.123
25 58 0.172
25 59 0.166
26 47 0.77
26 36 0.718
26 27 0.157
26 31 0.216
26 32 0.218
26 33 0.162
26 34 0.201
26 35 0.086
26 37 0.1
26 41 0.134
26 42 0.09
26 43 0.109
26 44 0.175
26 45 0.179
26 48 0.209
26 49 0.139
26 50 0.159
26 51 0.144
26 53 0.108
26 56 0.174
26 57 0.146
26 58 0.173
27 30 1
27 39 1
27 54 0.851
27 58 0.113
27 28 0.238
27 29 0.227
27 31 0.165
27 35 0.12
27 36 0.124
27 37 0.182
27 40 0.139
27 42 0.139
27 44 0.157
27 46 0.139
27 56 0.12
27 57 0.173
27 59 0.084
28 37 0.784
28 32 0.989
28 41 0.178
28 52 0.132
28 29 0.174
28 30 0.131
28 34 0.146
28 35 0.151
28 36 0.209
28 39 0.116
28 42 0.185
28 43 0.156
28 45 0.143
28 47 0.147
28 50 0.168
28 51 0.101
28 53 0.14
28 54 0.153
28 55 0.154
29 31 0.618
29 42 0.763
29 54 0.508
29 40 0.701
29 41 0.152
29 34 0.162
29 33 0.141
29 36 0.122
29 38 0.164
29 44 0.135
29 49 0.161
29 53 0.175
29 56 0.139
29 58 0.141
29 59 0.151
30 52 0.971
30 36 0.146
30 31 0.146
30 33 0.196
30 35 0.149
30 42 0.148
30 43 0.11
30 44 0.152
30 46 0.134
30 49 0.149
30 51 0.184
30 53 0.136
30 57 0.097
30 59 0.127
31 48 0.872
31 54 0.923
31 47 0.545
31 50 0.999
31 37 0.951
31 44 0.928
31 52 0.121
31 59 0.055
31 33 0.146
31 34 0.194
31 36 0.132
31 38 0.158
31 39 0.175
31 41 0.175
31 42 0.187
31 51 0.117
31 56 0.139
32 41 0.896
32 57 1
32 56 0.968
32 33 0.772
32 42 0.154
32 47 0.174
32 35 0.137
32 39 0.161
32 49 0.169
32 50 0.134
32 58 0.156
33 57 0.891
33 55 0.08
33 54 0.176
33 34 0.124
33 35 0.135
33 36 0.142
33 37 0.119
33 38 0.141
33 41 0.136
33 42 0.175
33 44 0.128
33 46 0.162
33 47 0.169
33 48 0.162
33 50 0.124
33 51 0.199
33 56 0.123
34 45 1
34 47 0.119
34 50 0.167
34 57 0.196
34 37 0.155
34 38 0.106
34 41 0.194
34 43 0.148
34 48 0.185
34 51 0.163
34 55 0.11
34 59 0.163
35 53 0.747
35 39 0.128
35 42 0.14
35 46 0.092
35 57 0.08
35 58 0.209
36 44 0.564
36 49 0.882
36 50 0.2
36 54 0.294
36 37 0.146
36 38 0.171
36 39 0.156
36 43 0.11
36 46 0.178
36 47 0.185
36 55 0.196
36 59 0.134
37 40 0.96
37 55 0.944
37 41 0.154
37 46 0.165
37 48 0.141
37 52 0.173
37 58 0.108
38 56 0.79
38 43 0.79
38 54 0.161
38 44 0.12
38 45 0.144
38 46 0.15
38 47 0.117
38 49 0.204
38 51 0.103
38 55 0.085
38 58 0.176
39 50 0.71
39 45 1
39 44 0.201
39 40 0.16
39 41 0.139
39 42 0.119
39 43 0.187
39 47 0.117
39 49 0.147
39 54 0.141
40 47 0.638
40 48 0.156
40 41 0.124
40 42 0.139
40 43 0.123
40 44 0.155
40 46 0.201
40 49 0.167
40 51 0.065
40 52 0.122
40 54 0.15
40 55 0.11
40 57 0.195
40 59 0.131
41 45 0.965
41 49 0.806
41 56 0.129
41 46 0.169
41 48 0.151
41 50 0.143
41 51 0.15
41 52 0.153
41 55 0.134
41 57 0.203
41 58 0.209
42 53 0.781
42 56 0.764
42 55 0.118
42 46 0.173
42 47 0.153
42 49 0.165
42 58 0.125
42 59 0.219
43 45 0.154
43 46 0.172
43 48 0.159
43 53 0.113
43 54 0.107
43 59 0.177
44 52 0.593
44 45 0.155
44 46 0.129
44 48 0.198
44 50 0.121
44 56 0.138
44 58 0.188
45 48 0.093
45 50 0.132
45 51 0.098
45 57 0.162
46 56 1
46 53 0.142
46 57 0.148
46 59 0.155
47 58 0.645
47 48 0.179
47 49 0.086
47 51 0.117
47 57 0.123
47 59 0.09
48 51 0.606
48 55 0.192
48 50 0.177
48 52 0.131
48 54 0.104
48 57 0.105
48 58 0.171
49 59 0.716
49 50 0.171
49 51 0.184
49 52 0.12
50 57 0.348
50 51 0.153
50 52 0.207
50 58 0.149
50 59 0.175
51 54 0.186
51 56 0.161
52 53 0.129
52 55 0.142
52 58 0.186
53 54 0.163
53 56 0.195
53 58 0.144
53 59 0.244
54 56 0.175
55 59 0.148
56 57 0.136
56 59 0.173
56 58 0.095
57 59 0.152
58 59 0.164
