0 47 1.0
0 13 0.765
0 1 0.988
0 30 0.737
0 21 0.769
0 15 0.611
0 39 0.575
0 43 1
0 2 0.203
0 10 0.131
0 17 0.166
0 28 0.202
0 33 0.188
0 4 0.18
0 6 0.173
0 9 0.113
0 18 0.148
0 19 0.186
0 23 0.172
0 25 0.15
0 26 0.156
0 29 0.13
0 34 0.168
0 36 0.111
0 40 0.174
0 42 0.12
0 44 0.142
0 45 0.121
0 46 0.165
0 55 0.155
0 56 0.172
0 58 0.151
0 59 0.125
1 19 0.933
1 42 0.852
1 18 0.669
1 9 0.772
1 21 0.562
1 11 0.227
1 38 0.141
1 47 0.119
1 2 0.144
1 3 0.101
1 7 0.107
1 10 0.176
1 17 0.165
1 20 0.147
1 23 0.155
1 25 0.171
1 33 0.137
1 34 0.146
1 37 0.14
1 40 0.15
1 48 0.186
1 51 0.18
1 57 0.143
2 39 0.9
2 32 0.165
2 7 0.147
2 10 0.108
2 20 0.129
2 31 0.148
2 34 0.097
2 37 0.149
2 49 0.164
2 4 0.183
2 5 0.187
2 6 0.118
2 8 0.154
2 12 0.137
2 13 0.084
2 15 0.205
2 17 0.133
2 18 0.204
2 21 0.122
2 22 0.162
2 23 0.083
2 27 0.19
2 35 0.136
2 36 0.176
2 46 0.16
2 47 0.077
2 50 0.174
2 51 0.215
2 54 0.154
2 56 0.147
2 57 0.149
2 58 0.165
3 24 0.517
3 11 0.187
3 26 0.17
3 52 0.199
3 8 0.138
3 10 0.085
3 12 0.171
3 13 0.131
3 18 0.154
3 20 0.129
3 22 0.137
3 23 0.154
3 25 0.178
3 28 0.134
3 29 0.184
3 30 0.113
3 32 0.159
3 33 0.153
3 35 0.136
3 36 0.145
3 40 0.147
3 41 0.133
3 43 0.147
3 44 0.171
3 46 0.111
3 47 0.146
3 49 0.118
3 50 0.112
3 51 0.19
3 53 0.152
3 54 0.168
3 55 0.147
4 27 0.877
4 8 0.752
4 14 0.177
4 22 0.133
4 30 0.185
4 43 0.179
4 6 0.089
4 10 0.152
4 12 0.088
4 13 0.12
4 16 0.15
4 18 0.148
4 21 0.181
4 23 0.158
4 34 0.192
4 38 0.081
4 41 0.184
4 42 0.185
4 47 0.143
4 48 0.158
4 49 0.155
4 50 0.109
4 53 0.204
4 54 0.187
4 55 0.117
4 56 0.158
4 57 0.175
4 58 0.15
5 44 0.534
5 19 0.926
5 20 0.099
5 42 0.078
5 8 0.168
5 15 0.116
5 23 0.143
5 47 0.094
5 6 0.182
5 9 0.127
5 10 0.157
5 12 0.167
5 18 0.19
5 24 0.175
5 25 0.094
5 29 0.179
5 31 0.156
5 33 0.13
5 34 0.162
5 37 0.175
5 39 0.14
5 46 0.14
5 49 0.174
5 51 0.148
5 52 0.194
5 53 0.093
5 55 0.124
6 23 0.988
6 49 0.773
6 7 1
6 13 0.18
6 59 0.059
6 18 0.184
6 26 0.132
6 40 0.11
6 55 0.167
6 11 0.171
6 12 0.15
6 15 0.146
6 16 0.187
6 17 0.196
6 19 0.17
6 21 0.134
6 28 0.186
6 29 0.222
6 30 0.121
6 32 0.107
6 33 0.146
6 37 0.148
6 41 0.165
6 42 0.125
6 44 0.172
6 51 0.204
6 52 0.173
6 57 0.14
7 11 0.667
7 44 0.941
7 59 0.598
7 10 0.889
7 20 0.898
7 18 0.198
7 28 0.118
7 30 0.192
7 40 0.147
7 15 0.206
7 16 0.146
7 19 0.129
7 24 0.126
7 25 0.096
7 26 0.179
7 27 0.128
7 31 0.219
7 32 0.227
7 35 0.168
7 36 0.143
7 38 0.124
7 41 0.156
7 42 0.203
7 45 0.142
7 50 0.143
7 52 0.075
7 54 0.199
7 55 0.163
7 56 0.153
7 58 0.149
8 46 0.75
8 45 0.733
8 44 0.147
8 13 0.173
8 16 0.331
8 55 0.074
8 56 0.176
8 57 0.148
8 10 0.125
8 12 0.193
8 18 0.161
8 19 0.222
8 20 0.124
8 21 0.155
8 25 0.169
8 28 0.159
8 31 0.126
8 32 0.129
8 37 0.182
8 41 0.12
8 42 0.135
8 43 0.153
8 52 0.115
8 53 0.123
8 58 0.178
9 48 0.779
9 22 0.789
9 26 0.156
9 10 0.079
9 17 0.149
9 40 0.142
9 49 0.104
9 55 0.112
9 12 0.103
9 14 0.138
9 15 0.175
9 16 0.169
9 18 0.168
9 19 0.132
9 20 0.125
9 23 0.157
9 24 0.109
9 27 0.121
9 31 0.17
9 32 0.133
9 33 0.1
9 35 0.15
9 39 0.143
9 41 0.204
9 42 0.195
9 43 0.162
9 44 0.148
9 47 0.154
9 50 0.137
9 52 0.119
9 53 0.142
9 54 0.16
9 56 0.186
9 57 0.185
9 58 0.197
10 52 0.852
10 50 0.557
10 37 0.17
10 18 0.12
10 29 0.104
10 30 0.153
10 33 0.17
10 46 0.244
10 12 0.154
10 13 0.175
10 17 0.155
10 22 0.149
10 25 0.141
10 27 0.084
10 28 0.184
10 31 0.166
10 49 0.14
10 57 0.191
11 20 0.688
11 54 0.843
11 23 0.683
11 16 0.18
11 45 0.168
11 12 0.134
11 14 0.137
11 17 0.156
11 21 0.135
11 27 0.142
11 28 0.163
11 29 0.139
11 30 0.146
11 31 0.057
11 32 0.137
11 34 0.155
11 35 0.144
11 39 0.169
11 42 0.182
11 43 0.127
11 47 0.154
11 50 0.159
11 51 0.192
11 52 0.156
11 53 0.127
11 59 0.16
12 48 0.612
12 46 0.867
12 18 1
12 43 0.146
12 16 0.142
12 17 0.113
12 28 0.157
12 39 0.159
12 54 0.166
12 55 0.195
12 15 0.166
12 20 0.112
12 22 0.123
12 24 0.129
12 26 0.143
12 35 0.152
12 37 0.2
12 40 0.18
12 42 0.197
12 44 0.149
12 45 0.172
12 49 0.15
12 52 0.165
12 56 0.168
12 57 0.207
13 14 0.618
13 52 0.609
13 15 0.897
13 55 1
13 29 0.191
13 27 0.225
13 38 0.138
13 44 0.055
13 17 0.216
13 19 0.153
13 20 0.153
13 22 0.158
13 23 0.18
13 25 0.169
13 26 0.166
13 30 0.182
13 34 0.158
13 39 0.133
13 41 0.161
13 42 0.184
13 43 0.201
13 47 0.075
13 48 0.106
13 49 0.161
13 51 0.191
13 53 0.201
13 56 0.182
13 59 0.183
14 25 1
14 58 0.535
14 50 0.973
14 45 0.172
14 16 0.143
14 20 0.126
14 23 0.141
14 40 0.172
14 21 0.172
14 22 0.133
14 24 0.171
14 27 0.188
14 29 0.163
14 33 0.16
14 34 0.128
14 37 0.134
14 38 0.12
14 42 0.163
14 43 0.151
14 44 0.205
14 48 0.162
14 51 0.144
14 53 0.196
14 54 0.161
14 55 0.133
14 56 0.177
15 36 0.11
15 54 0.082
15 56 0.182
15 35 0.136
15 58 0.167
15 16 0.15
15 17 0.098
15 21 0.176
15 22 0.147
15 23 0.169
15 25 0.148
15 27 0.129
15 32 0.181
15 37 0.173
15 40 0.129
15 41 0.185
15 43 0.136
15 44 0.109
15 46 0.161
15 51 0.166
15 53 0.174
15 55 0.16
15 57 0.146
15 59 0.14
16 25 0.79
16 38 0.589
16 31 0.198
16 36 0.134
16 47 0.169
16 17 0.193
16 20 0.19
16 21 0.13
16 22 0.182
16 23 0.099
16 27 0.119
16 28 0.187
16 32 0.207
16 33 0.076
16 34 0.136
16 35 0.123
16 40 0.144
16 41 0.125
16 43 0.192
16 46 0.111
16 51 0.152
16 52 0.167
16 55 0.156
16 57 0.075
17 37 0.743
17 58 0.623
17 47 1
17 44 0.122
17 35 0.122
17 32 0.143
17 33 0.166
17 51 0.119
17 18 0.141
17 19 0.141
17 23 0.153
17 24 0.134
17 31 0.203
17 36 0.132
17 40 0.173
17 41 0.112
17 42 0.153
17 48 0.166
17 52 0.151
17 54 0.161
17 57 0.155
17 59 0.108
18 42 0.872
18 22 0.885
18 40 0.958
18 51 0.047
18 24 0.197
18 27 0.173
18 28 0.176
18 29 0.144
18 32 0.177
18 33 0.139
18 41 0.133
18 47 0.089
18 48 0.149
18 50 0.17
18 52 0.182
18 53 0.177
18 55 0.132
18 58 0.186
18 59 0.168
19 57 0.843
19 28 0.607
19 32 0.894
19 37 0.146
19 22 0.149
19 23 0.148
19 24 0.105
19 29 0.137
19 30 0.095
19 34 0.12
19 35 0.129
19 36 0.164
19 38 0.128
19 39 0.105
19 43 0.158
19 45 0.198
19 46 0.182
19 47 0.111
19 48 0.126
19 49 0.159
19 51 0.182
19 52 0.168
19 53 0.166
19 54 0.133
19 58 0.17
20 53 0.638
20 44 0.964
20 27 0.825
20 32 0.016
20 29 0.151
20 47 0.121
20 50 0.137
20 23 0.14
20 25 0.189
20 26 0.138
20 28 0.097
20 30 0.207
20 31 0.158
20 34 0.173
20 35 0.177
20 36 0.174
20 42 0.098
20 45 0.156
20 48 0.155
20 49 0.164
20 52 0.177
20 56 0.134
21 59 1
21 32 0.857
21 36 0.899
21 24 0.109
21 44 0.128
21 25 0.03
21 26 0.162
21 29 0.159
21 31 0.147
21 33 0.084
21 35 0.156
21 37 0.133
21 38 0.154
21 39 0.126
21 41 0.176
21 42 0.124
21 45 0.117
21 47 0.113
21 48 0.157
21 51 0.148
21 55 0.182
21 56 0.156
22 34 0.743
22 52 0.165
22 26 0.144
22 54 0.149
22 23 0.198
22 28 0.114
22 29 0.157
22 33 0.141
22 35 0.176
22 36 0.184
22 37 0.144
22 40 0.213
22 41 0.134
22 42 0.118
22 43 0.148
22 45 0.144
22 46 0.152
22 47 0.151
22 49 0.17
22 50 0.117
22 55 0.176
22 58 0.15
23 34 0.081
23 44 0.124
23 25 0.082
23 26 0.125
23 27 0.117
23 28 0.134
23 35 0.156
23 39 0.168
23 43 0.158
23 50 0.144
23 53 0.135
23 55 0.125
23 56 0.192
23 57 0.142
24 56 0.17
24 42 0.161
24 44 0.163
24 45 0.243
24 48 0.152
24 25 0.163
24 27 0.11
24 30 0.174
24 32 0.142
24 34 0.153
24 35 0.127
24 36 0.143
24 37 0.131
24 39 0.141
24 40 0.147
24 47 0.144
24 50 0.096
24 53 0.161
24 59 0.096
25 48 0.927
25 52 0.633
25 44 0.15
25 28 0.148
25 31 0.11
25 37 0.113
25 29 0.144
25 41 0.148
25 51 0.173
25 53 0.16
25 54 0.162
25 57 0.153
25 58 0.119
26 47 0.704
26 36 0.711
26 37 0.148
26 49 0.17
26 28 0.124
26 30 0.134
26 31 0.162
26 33 0.181
26 35 0.127
26 38 0.129
26 39 0.102
26 40 0.133
26 43 0.094
26 52 0.14
26 54 0.106
26 56 0.141
27 30 1
27 39 0.795
27 54 1
27 33 0.051
27 31 0.216
27 32 0.176
27 34 0.115
27 38 0.127
27 46 0.178
27 49 0.192
27 50 0.119
27 51 0.184
27 53 0.175
27 55 0.18
28 37 0.963
28 32 0.902
28 31 0.171
28 59 0.12
28 33 0.167
28 34 0.129
28 35 0.183
28 41 0.149
28 42 0.147
28 46 0.127
28 47 0.181
28 48 0.161
28 51 0.137
28 55 0.183
28 56 0.154
29 31 0.61
29 42 0.906
29 40 0.804
29 55 0.109
29 46 0.132
29 58 0.122
29 33 0.182
29 36 0.13
29 37 0.15
29 39 0.102
29 41 0.189
29 43 0.158
29 44 0.179
29 45 0.191
29 48 0.133
29 49 0.145
29 51 0.149
29 52 0.17
29 54 0.182
29 56 0.132
29 59 0.116
30 52 1
30 31 0.161
30 33 0.167
30 43 0.118
30 46 0.17
30 47 0.125
30 50 0.14
30 36 0.109
30 37 0.112
30 39 0.139
30 45 0.189
30 48 0.166
30 49 0.129
30 53 0.131
30 54 0.065
31 48 1
31 54 0.805
31 47 0.522
31 50 0.95
31 37 0.949
31 44 1
31 35 0.262
31 38 0.123
31 43 0.187
31 56 0.136
31 33 0.144
31 34 0.214
31 36 0.17
31 40 0.129
31 46 0.128
31 51 0.159
31 53 0.185
31 57 0.156
32 41 0.753
32 57 1
32 56 0.822
32 33 0.726
32 50 0.201
32 42 0.18
32 44 0.165
32 46 0.112
32 51 0.146
32 52 0.127
33 57 0.813
33 35 0.114
33 38 0.142
33 41 0.156
33 58 0.151
33 36 0.135
33 37 0.101
33 39 0.112
33 40 0.137
33 42 0.17
33 43 0.197
33 44 0.159
33 45 0.148
33 46 0.146
33 48 0.158
33 50 0.154
33 54 0.2
34 45 1
34 41 0.141
34 55 0.189
34 35 0.108
34 37 0.213
34 38 0.155
34 39 0.106
34 42 0.19
34 43 0.094
34 46 0.171
34 47 0.192
34 48 0.139
34 51 0.158
34 52 0.148
34 54 0.173
34 56 0.164
34 57 0.147
35 53 0.681
35 37 0.141
35 38 0.163
35 54 0.111
35 58 0.127
35 40 0.107
35 41 0.179
35 42 0.084
35 44 0.107
35 46 0.158
35 52 0.064
35 55 0.132
35 56 0.141
36 49 0.948
36 39 0.18
36 40 0.115
36 41 0.12
36 43 0.121
36 45 0.161
36 46 0.126
36 47 0.156
36 48 0.163
36 50 0.148
36 53 0.117
36 54 0.148
36 56 0.134
36 57 0.123
36 58 0.172
36 59 0.145
37 40 0.964
37 55 0.677
37 51 0.12
37 56 0.33
37 38 0.097
37 46 0.221
37 48 0.158
37 52 0.169
37 39 0.157
37 42 0.142
37 45 0.153
37 54 0.14
37 57 0.137
37 58 0.193
37 59 0.181
38 56 0.881
38 43 0.729
38 42 0.148
38 44 0.129
38 39 0.133
38 49 0.13
38 50 0.158
39 50 0.93
39 45 0.714
39 46 0.132
39 44 0.134
39 54 0.141
39 56 0.139
39 43 0.191
39 47 0.142
39 49 0.136
39 51 0.134
39 52 0.201
39 57 0.13
39 59 0.107
40 45 0.108
40 41 0.139
40 43 0.096
40 50 0.208
40 51 0.186
40 52 0.114
40 54 0.09
40 56 0.129
40 59 0.135
41 45 1
41 49 0.711
41 53 0.113
41 42 0.13
41 44 0.116
41 46 0.137
41 47 0.17
41 54 0.175
41 56 0.138
41 58 0.132
41 59 0.072
42 53 0.734
42 56 0.669
42 45 0.11
42 55 0.194
42 47 0.144
42 51 0.219
42 52 0.194
42 57 0.134
42 59 0.101
43 57 0.135
43 44 0.164
43 45 0.205
43 47 0.132
43 59 0.142
43 46 0.158
43 48 0.128
43 49 0.157
43 50 0.115
43 51 0.139
43 52 0.194
43 54 0.155
43 58 0.148
44 57 0.288
44 49 0.143
44 59 0.138
44 48 0.139
44 50 0.174
44 56 0.178
44 58 0.116
45 57 0.116
45 46 0.221
45 47 0.146
45 51 0.146
45 53 0.183
45 54 0.153
45 59 0.166
46 56 1
46 48 0.129
46 49 0.146
46 50 0.183
46 54 0.14
47 56 0.173
47 55 0.128
47 59 0.165
47 50 0.176
47 53 0.151
47 57 0.126
47 58 0.124
48 51 0.587
48 58 0.122
48 53 0.194
48 54 0.149
48 55 0.141
48 56 0.198
48 59 0.099
49 59 0.674
49 58 0.104
49 53 0.125
49 55 0.158
50 52 0.129
50 53 0.135
50 54 0.17
51 52 0.149
51 54 0.133
51 56 0.118
51 57 0.125
51 58 0.166
52 55 0.152
52 56 0.157
52 57 0.18
52 58 0.125
52 59 0.148
53 57 0.174
53 58 0.184
54 55 0.152
54 57 0.167
54 59 0.15
55 59 0.167
56 57 0.14
