0 12 0.246
0 23 0.255
0 30 0.199
0 2 0.134
0 10 0.141
0 15 0.135
0 16 0.165
0 17 0.151
0 20 0.161
0 21 0.205
0 27 0.204
0 43 0.162
0 48 0.167
0 58 0.123
1 36 0.832
1 45 0.836
1 12 0.902
1 9 0.861
1 46 0.628
1 14 0.069
1 38 0.044
1 11 0.1
1 18 0.135
1 26 0.172
1 28 0.117
1 30 0.139
1 39 0.169
1 58 0.145
2 10 0.737
2 46 1
2 24 1
2 39 0.696
2 8 0.184
2 38 0.153
2 52 0.122
2 3 0.141
2 6 0.112
2 12 0.116
2 13 0.207
2 28 0.184
2 37 0.158
2 48 0.12
2 53 0.162
2 58 0.137
3 30 0.625
3 56 0.774
3 48 1
3 6 0.734
3 4 0.146
3 7 0.172
3 25 0.112
3 28 0.162
3 46 0.128
3 55 0.136
4 43 1
4 22 0.903
4 56 0.767
4 46 0.401
4 59 0.171
4 9 0.131
4 16 0.155
4 5 0.148
4 26 0.155
4 29 0.164
5 16 0.818
5 8 0.789
5 42 0.998
5 18 0.284
5 25 0.109
5 7 0.222
5 36 0.167
5 58 0.104
5 11 0.146
5 21 0.194
5 24 0.183
5 26 0.123
5 28 0.142
5 30 0.172
5 46 0.12
5 51 0.192
5 59 0.182
6 40 1
6 26 0.092
6 43 0.201
6 59 0.213
6 22 0.117
6 23 0.2
6 36 0.18
6 56 0.141
6 12 0.146
6 18 0.179
6 21 0.189
6 31 0.17
6 33 0.139
6 37 0.176
6 51 0.168
6 55 0.152
7 47 0.97
7 17 0.212
7 19 0.16
7 26 0.112
7 28 0.041
7 12 0.226
7 15 0.162
7 16 0.137
7 25 0.152
7 27 0.147
7 34 0.115
7 42 0.114
7 43 0.172
7 56 0.136
7 58 0.114
7 59 0.163
8 49 1
8 51 1
8 17 0.179
8 57 0.076
8 58 0.095
8 13 0.185
8 16 0.13
8 19 0.16
8 25 0.111
8 30 0.192
8 32 0.147
8 35 0.14
8 36 0.115
8 47 0.164
8 50 0.142
8 54 0.137
9 26 0.882
9 40 0.915
9 17 0.118
9 37 0.112
9 10 0.112
9 13 0.152
9 18 0.148
9 20 0.139
9 42 0.167
9 47 0.136
9 56 0.148
10 13 0.156
10 20 0.14
10 23 0.167
10 26 0.139
10 29 0.133
10 30 0.232
10 37 0.106
10 46 0.16
10 52 0.16
10 59 0.15
11 40 1
11 53 0.187
11 14 0.121
11 16 0.172
11 26 0.169
11 30 0.148
11 34 0.13
11 41 0.137
11 47 0.128
11 50 0.128
11 52 0.17
11 55 0.165
11 56 0.17
11 59 0.118
12 43 0.041
12 45 0.189
12 55 0.138
12 21 0.143
12 22 0.121
12 23 0.228
12 26 0.196
12 28 0.144
12 41 0.155
12 42 0.13
12 52 0.213
12 53 0.126
12 54 0.208
13 25 0.929
13 58 0.197
13 17 0.015
13 26 0.165
13 20 0.144
13 23 0.148
13 28 0.144
13 30 0.152
13 31 0.114
13 36 0.117
13 44 0.169
13 51 0.185
14 52 0.695
14 43 0.091
14 49 0.146
14 24 0.161
14 27 0.132
14 39 0.14
15 31 1
15 30 0.726
15 56 1
15 18 0.257
15 27 0.06
15 51 0.212
15 19 0.196
15 20 0.194
15 35 0.13
15 43 0.173
15 47 0.09
15 53 0.133
16 25 0.743
16 44 0.037
16 29 0.145
16 40 0.149
16 45 0.198
16 53 0.179
16 56 0.153
17 30 1
17 29 0.111
17 32 0.416
17 33 0.126
17 38 0.145
17 18 0.146
17 22 0.141
17 25 0.156
17 45 0.128
17 48 0.185
18 19 1
18 41 0.871
18 24 0.071
18 33 0.013
18 35 0.103
18 40 0.148
18 54 0.136
18 58 0.105
19 38 1
19 41 0.859
19 42 0.191
19 20 0.19
19 21 0.131
19 24 0.146
19 33 0.122
19 39 0.15
19 50 0.159
19 55 0.157
19 59 0.156
20 52 0.875
20 50 0.273
20 26 0.174
20 34 0.137
20 37 0.195
20 46 0.159
20 57 0.121
20 59 0.134
21 27 0.829
21 41 0.071
21 33 0.017
21 26 0.171
21 35 0.146
21 36 0.111
21 54 0.136
22 50 1
22 43 0.123
22 23 0.148
22 27 0.126
22 38 0.16
22 40 0.169
22 49 0.175
22 53 0.151
23 51 0.172
23 31 0.169
23 36 0.16
23 38 0.167
23 46 0.135
23 49 0.108
24 39 0.372
24 43 0.848
24 41 0.098
24 28 0.174
24 29 0.085
24 33 0.122
24 49 0.172
24 56 0.196
25 35 0.973
25 36 0.13
25 46 0.127
26 49 0.808
26 30 0.173
26 37 0.061
26 39 0.227
26 51 0.118
26 54 0.161
26 34 0.141
26 44 0.129
26 45 0.151
26 50 0.182
26 52 0.116
27 56 0.576
27 45 1
27 41 0.171
27 33 0.116
27 35 0.161
27 39 0.14
27 40 0.172
27 54 0.209
27 55 0.178
27 58 0.124
28 44 0.968
28 33 0.099
28 34 0.198
28 37 0.111
28 43 0.177
28 47 0.121
28 50 0.12
28 54 0.178
29 35 0.146
29 40 0.111
29 30 0.165
29 43 0.135
29 44 0.136
29 45 0.144
29 46 0.204
29 54 0.182
29 57 0.139
30 41 0.917
30 37 0.989
30 43 0.115
30 50 0.25
30 31 0.112
30 38 0.14
30 45 0.136
30 57 0.172
30 58 0.124
31 45 0.117
31 53 0.179
31 56 0.215
31 33 0.148
31 37 0.147
31 40 0.148
31 46 0.103
31 48 0.145
31 51 0.113
32 43 0.161
32 39 0.153
32 40 0.112
32 41 0.217
32 54 0.203
33 49 0.824
33 54 0.652
33 59 1
33 42 0.171
33 40 0.102
34 40 1
34 42 0.951
34 49 0.126
34 57 0.181
34 46 0.133
34 50 0.182
34 58 0.203
35 36 0.932
35 39 0.523
35 51 0.12
35 47 0.111
35 48 0.165
35 49 0.208
35 50 0.161
36 39 0.716
36 45 0.31
36 50 0.165
36 43 0.118
36 46 0.122
36 48 0.161
36 51 0.162
36 54 0.106
36 59 0.158
37 41 0.109
37 38 0.143
37 42 0.129
37 46 0.134
37 49 0.196
37 53 0.095
38 40 0.165
38 43 0.016
38 44 0.079
38 46 0.186
38 54 0.051
38 59 0.224
38 45 0.124
38 55 0.137
39 46 0.042
39 41 0.161
39 48 0.185
39 54 0.19
40 41 0.752
40 52 0.108
41 43 0.901
41 51 0.109
41 47 0.135
41 59 0.197
42 44 0.256
42 59 0.163
43 44 0.143
43 48 0.135
43 54 0.161
43 58 0.152
44 54 0.844
44 48 0.116
45 52 0.321
45 53 0.133
45 55 0.154
45 59 0.149
46 53 0.319
46 57 0.176
46 48 0.106
47 54 0.093
47 52 0.147
47 57 0.141
47 58 0.122
48 59 0.075
48 50 0.162
50 51 0.154
50 53 0.183
50 55 0.139
50 57 0.135
51 52 0.156
52 57 0.149
53 59 0.132
54 57 0.324
56 58 0.126
57 59 0.154
