0 30 0.315
0 33 0.129
0 36 0.279
0 22 0.128
0 26 0.171
0 42 0.16
0 44 0.072
1 36 0.889
1 45 1
1 12 0.966
1 9 0.957
1 26 0.05
1 58 0.206
1 8 0.15
1 55 0.088
1 2 0.157
1 16 0.173
1 17 0.144
1 23 0.166
1 25 0.155
1 27 0.158
1 32 0.157
1 47 0.16
1 53 0.092
1 54 0.1
2 10 0.972
2 46 0.956
2 24 1
2 39 0.757
2 4 0.181
2 22 0.134
2 40 0.156
2 50 0.229
2 29 0.181
2 51 0.163
3 30 0.671
3 56 0.85
3 48 0.956
3 6 0.713
3 8 0.206
3 13 0.319
3 59 0.297
3 11 0.162
3 15 0.147
3 19 0.127
3 22 0.161
3 26 0.152
3 49 0.135
4 43 1
4 22 0.798
4 56 0.657
4 46 0.62
4 9 0.15
4 8 0.053
4 17 0.183
4 34 0.154
4 52 0.169
4 10 0.114
4 13 0.163
4 31 0.154
4 54 0.153
4 57 0.186
5 16 0.704
5 8 0.859
5 42 1
5 51 0.094
5 17 0.151
5 33 0.18
5 50 0.147
5 38 0.202
5 41 0.111
5 47 0.11
5 49 0.148
5 52 0.143
5 57 0.146
6 40 0.929
6 13 0.168
6 42 0.089
6 44 0.179
6 50 0.127
6 12 0.103
6 16 0.093
6 20 0.174
6 27 0.165
6 52 0.175
6 57 0.119
6 58 0.193
7 47 0.97
7 19 0.16
7 43 0.172
7 58 0.077
7 30 0.255
7 32 0.187
7 46 0.129
7 13 0.135
7 20 0.169
7 28 0.154
7 35 0.195
7 40 0.177
7 44 0.186
8 49 1
8 51 0.996
8 35 0.118
8 12 0.124
8 26 0.074
8 34 0.111
8 9 0.141
8 10 0.19
8 15 0.113
8 28 0.123
8 39 0.168
8 48 0.148
9 26 1
9 40 1
9 13 0.366
9 57 0.011
9 15 0.178
9 36 0.167
9 37 0.182
9 44 0.21
9 45 0.098
9 52 0.162
9 53 0.179
10 23 0.167
10 46 0.151
10 17 0.203
10 35 0.155
10 42 0.183
10 49 0.115
10 13 0.166
10 21 0.155
10 33 0.145
10 40 0.149
10 43 0.159
11 40 0.922
11 41 0.231
11 20 0.185
11 12 0.175
11 15 0.073
11 19 0.17
11 33 0.145
11 35 0.1
11 46 0.159
11 58 0.159
12 28 0.09
12 32 0.073
12 39 0.308
12 46 0.199
12 15 0.11
12 24 0.132
12 30 0.183
12 44 0.127
12 48 0.125
12 51 0.137
12 58 0.16
13 25 1
13 30 0.336
13 31 0.08
13 17 0.13
13 18 0.145
13 19 0.155
13 27 0.142
13 36 0.186
13 38 0.129
13 46 0.105
13 49 0.143
13 50 0.153
13 57 0.07
14 52 0.694
14 19 0.153
14 30 0.126
14 32 0.148
14 42 0.07
14 20 0.165
14 24 0.145
14 26 0.15
14 28 0.138
14 38 0.176
14 49 0.16
14 53 0.163
15 31 0.973
15 30 0.771
15 56 0.905
15 35 0.094
15 21 0.052
15 58 0.102
15 59 0.219
15 19 0.208
15 23 0.145
15 37 0.141
15 38 0.166
15 41 0.162
16 25 0.668
16 56 0.153
16 18 0.118
16 24 0.146
16 28 0.173
16 23 0.131
16 29 0.154
16 46 0.194
16 50 0.154
16 53 0.178
16 54 0.149
17 30 1
17 58 0.161
17 19 0.203
17 23 0.114
17 46 0.122
17 55 0.159
18 19 1
18 41 0.592
18 21 0.163
18 25 0.157
18 31 0.174
18 33 0.09
18 36 0.159
18 42 0.154
18 46 0.218
19 38 0.983
19 41 0.849
19 42 0.152
19 39 0.15
19 20 0.223
19 26 0.153
19 33 0.12
19 34 0.175
19 47 0.172
19 49 0.132
19 59 0.187
20 52 0.799
20 59 0.162
20 55 0.2
20 24 0.139
20 29 0.134
20 35 0.18
20 41 0.15
20 50 0.131
21 27 0.848
21 57 0.046
21 31 0.174
21 34 0.162
21 35 0.151
21 48 0.16
21 56 0.179
22 50 1
22 49 0.187
22 53 0.216
22 34 0.182
22 37 0.19
22 45 0.182
22 55 0.087
22 29 0.094
22 31 0.159
22 32 0.171
22 38 0.176
22 44 0.11
22 57 0.17
23 31 0.185
23 59 0.246
23 24 0.149
23 29 0.145
23 34 0.17
23 35 0.178
23 38 0.13
23 50 0.139
23 54 0.154
23 58 0.175
24 43 0.848
24 40 0.213
24 28 0.19
24 30 0.125
24 32 0.21
24 34 0.159
24 35 0.172
24 38 0.166
24 39 0.11
24 45 0.108
25 35 0.737
25 33 0.121
25 40 0.167
25 42 0.102
25 50 0.148
26 49 0.738
26 44 0.185
26 50 0.154
26 58 0.161
26 27 0.174
26 30 0.115
26 36 0.172
27 45 0.839
27 28 0.111
27 34 0.088
27 35 0.155
27 38 0.2
28 44 1
28 47 0.144
28 31 0.197
28 39 0.14
29 34 0.126
29 36 0.202
29 47 0.116
29 49 0.179
29 57 0.145
29 58 0.138
29 59 0.167
30 41 0.99
30 37 0.866
30 42 0.07
30 51 0.175
30 31 0.144
30 38 0.162
30 43 0.112
30 46 0.13
30 49 0.201
31 45 0.041
31 40 0.341
31 58 0.147
32 35 0.132
32 51 0.114
32 55 0.182
33 49 0.801
33 54 0.733
33 59 1
33 34 0.159
34 40 1
34 42 1
34 45 0.089
34 53 0.204
34 54 0.178
35 36 0.847
35 39 0.707
35 42 0.092
35 56 0.149
36 39 0.77
36 45 0.543
36 53 0.326
36 58 0.164
36 41 0.093
36 42 0.125
36 47 0.179
36 54 0.152
37 42 0.166
37 49 0.329
37 40 0.176
37 45 0.178
37 51 0.323
37 41 0.123
37 52 0.147
38 39 0.13
38 45 0.187
38 49 0.133
38 50 0.112
38 52 0.141
38 56 0.143
39 41 0.178
39 54 0.186
39 43 0.184
39 44 0.107
39 45 0.145
39 49 0.18
40 41 0.735
40 42 0.126
40 43 0.145
40 45 0.138
40 48 0.122
40 50 0.121
40 59 0.152
41 43 1
41 54 0.18
41 42 0.155
41 45 0.161
41 50 0.138
41 55 0.162
41 57 0.108
42 49 0.14
42 50 0.153
42 54 0.133
43 47 0.27
43 53 0.176
43 46 0.181
43 49 0.192
43 51 0.126
43 54 0.182
43 58 0.146
44 54 0.868
44 51 0.156
44 46 0.104
44 49 0.155
44 52 0.16
44 57 0.168
45 59 0.254
45 47 0.133
45 48 0.165
47 54 0.081
47 56 0.138
47 57 0.165
48 52 0.131
49 58 0.158
50 53 0.12
50 56 0.136
50 59 0.155
51 53 0.172
51 54 0.169
51 58 0.19
52 53 0.209
52 54 0.154
52 58 0.102
53 55 0.175
53 57 0.14
54 55 0.187
54 56 0.154
55 59 0.106
56 59 0.21
57 58 0.258
