0 47 0.866
0 1 0.862
0 21 0.73
0 43 0.964
0 7 0.091
0 19 0.013
0 28 0.021
0 45 0.147
0 10 0.185
0 14 0.184
0 20 0.154
0 35 0.088
0 52 0.116
0 58 0.171
1 19 1
1 42 0.987
1 26 0.964
1 33 0.28
1 35 0.417
1 37 0.175
1 57 0.209
1 7 0.148
1 11 0.092
1 25 0.098
1 30 0.171
1 32 0.181
1 39 0.127
1 52 0.114
2 39 0.694
2 18 0.388
2 7 0.154
2 15 0.206
2 6 0.141
2 12 0.162
2 26 0.186
2 29 0.155
2 30 0.168
2 34 0.157
2 42 0.146
2 45 0.179
2 46 0.176
2 52 0.15
2 57 0.158
3 24 1
3 19 0.149
3 35 0.142
3 41 0.265
3 50 0.165
3 10 0.208
3 11 0.157
3 22 0.188
3 29 0.141
3 32 0.148
3 33 0.164
3 55 0.157
3 56 0.155
3 58 0.187
4 27 0.572
4 38 0.384
4 12 0.021
4 23 0.159
4 33 0.188
4 39 0.185
4 43 0.188
4 46 0.132
4 48 0.054
4 11 0.145
4 24 0.106
4 52 0.15
5 19 1
5 7 0.026
5 21 0.199
5 31 0.223
5 42 0.199
5 6 0.147
5 17 0.203
5 18 0.139
5 20 0.125
5 22 0.176
5 26 0.134
5 36 0.115
5 37 0.136
5 50 0.169
5 51 0.114
5 54 0.146
6 23 1
6 7 0.818
6 15 0.176
6 8 0.11
6 11 0.121
6 18 0.138
6 26 0.209
6 29 0.141
6 38 0.109
6 39 0.18
6 44 0.123
6 46 0.151
6 50 0.189
6 54 0.129
7 11 0.689
7 44 0.758
7 59 1
7 10 0.988
7 20 1
7 17 0.208
7 22 0.218
7 16 0.111
7 34 0.266
7 41 0.291
7 50 0.198
7 15 0.185
7 18 0.159
7 19 0.19
7 26 0.141
7 27 0.125
7 37 0.183
7 47 0.167
7 49 0.188
7 52 0.189
7 54 0.149
8 46 0.898
8 45 0.921
8 36 0.271
8 28 0.112
8 14 0.199
8 25 0.071
8 9 0.162
8 17 0.181
8 18 0.105
8 20 0.181
8 21 0.152
8 33 0.124
8 37 0.122
8 39 0.136
8 47 0.089
8 52 0.207
8 58 0.165
9 48 0.815
9 24 0.099
9 31 0.178
9 14 0.188
9 59 0.188
9 11 0.139
9 35 0.165
9 41 0.144
9 42 0.151
9 44 0.183
10 52 1
10 46 0.994
10 12 0.288
10 38 0.067
10 15 0.143
10 19 0.217
10 31 0.146
10 40 0.13
10 47 0.167
11 54 0.532
11 27 0.007
11 29 0.167
11 34 0.173
11 58 0.27
11 16 0.112
11 19 0.173
11 22 0.13
11 33 0.109
11 40 0.157
11 46 0.19
11 48 0.172
11 49 0.159
11 52 0.143
11 55 0.114
12 18 0.647
12 43 0.1
12 46 0.099
12 23 0.128
12 31 0.111
12 36 0.173
12 49 0.148
12 56 0.196
12 30 0.19
12 32 0.133
12 39 0.165
12 40 0.2
12 51 0.153
12 57 0.131
13 18 0.056
13 28 0.154
13 56 0.128
13 17 0.209
13 39 0.159
13 50 0.148
13 59 0.153
14 25 0.783
14 58 0.944
14 50 0.772
14 27 0.14
14 16 0.179
14 24 0.165
14 37 0.137
14 40 0.185
14 45 0.187
14 46 0.105
14 51 0.167
14 54 0.098
15 16 0.147
15 19 0.165
15 20 0.169
15 26 0.112
15 33 0.171
15 36 0.173
15 37 0.162
15 42 0.178
15 48 0.163
15 49 0.118
15 59 0.18
16 38 0.44
16 30 0.149
16 27 0.163
16 46 0.15
16 48 0.222
16 53 0.106
16 58 0.137
17 47 0.769
17 20 0.102
17 22 0.246
17 24 0.142
17 26 0.165
17 27 0.152
17 35 0.113
17 39 0.16
17 43 0.199
17 46 0.198
17 49 0.134
17 50 0.127
17 56 0.129
17 57 0.19
17 58 0.196
18 22 0.603
18 40 0.676
18 39 0.128
18 41 0.191
18 25 0.015
18 46 0.137
18 42 0.187
18 44 0.166
18 48 0.188
18 51 0.184
18 52 0.159
18 53 0.166
18 55 0.143
19 32 0.735
19 26 0.166
19 28 0.108
19 31 0.149
19 42 0.112
19 45 0.194
19 47 0.177
19 50 0.145
19 53 0.168
20 44 0.511
20 27 0.872
20 40 0.293
20 47 0.035
20 52 0.152
20 28 0.18
20 37 0.123
20 39 0.108
21 59 0.539
21 41 0.166
21 27 0.136
21 35 0.115
21 54 0.171
21 56 0.165
22 49 0.13
22 35 0.173
22 29 0.161
22 32 0.151
22 41 0.161
22 54 0.169
23 47 0.325
23 39 0.227
23 51 0.145
23 55 0.146
23 34 0.135
23 36 0.111
23 37 0.129
23 50 0.135
23 52 0.175
23 54 0.182
23 57 0.181
23 58 0.181
24 51 0.031
24 35 0.13
24 36 0.079
24 37 0.218
24 39 0.182
24 48 0.175
24 49 0.158
24 53 0.198
24 54 0.193
25 29 0.259
25 55 0.148
25 26 0.115
25 46 0.13
25 53 0.15
25 56 0.156
25 59 0.118
26 47 0.993
26 36 0.72
26 37 0.144
26 45 0.107
27 30 0.692
27 39 1
27 54 1
27 42 0.157
27 45 0.232
27 29 0.154
27 51 0.1
28 37 1
28 35 0.116
28 40 0.218
28 34 0.133
28 36 0.095
28 43 0.194
28 44 0.126
28 48 0.129
28 49 0.204
28 54 0.163
28 57 0.164
29 42 0.821
29 40 0.654
29 45 0.166
29 31 0.178
29 32 0.172
29 49 0.138
29 55 0.227
29 56 0.162
29 57 0.145
29 58 0.125
30 36 0.02
30 51 0.094
30 42 0.115
30 57 0.112
31 48 0.715
31 54 0.833
31 50 0.993
31 37 0.976
31 34 0.111
31 40 0.106
31 36 0.197
31 38 0.187
31 44 0.167
32 41 0.72
32 57 0.996
32 56 0.959
32 34 0.195
32 39 0.168
32 52 0.157
32 51 0.152
32 59 0.152
33 57 0.962
33 43 0.836
33 44 0.246
33 40 0.136
33 36 0.167
33 54 0.138
34 45 0.621
34 49 0.184
34 37 0.102
34 42 0.169
34 52 0.126
34 55 0.162
35 36 0.12
35 45 0.233
35 41 0.15
35 47 0.127
35 49 0.118
35 59 0.172
36 49 0.994
36 38 0.023
36 47 0.109
36 56 0.175
37 55 0.892
37 44 0.043
37 57 0.149
37 42 0.113
37 48 0.195
37 51 0.225
37 53 0.222
38 56 0.837
38 43 1
38 50 0.114
38 49 0.173
38 58 0.089
39 50 0.677
39 41 0.099
39 44 0.169
39 48 0.138
40 45 0.105
40 48 0.171
40 53 0.111
40 59 0.141
41 45 0.495
41 49 0.839
41 42 0.143
41 55 0.165
42 46 0.655
42 48 0.679
42 54 0.09
42 50 0.154
42 59 0.113
43 51 0.153
43 54 0.14
43 57 0.125
43 58 0.182
44 53 0.14
44 59 0.131
45 58 0.094
45 47 0.179
45 48 0.122
45 52 0.185
45 55 0.108
46 56 1
46 59 0.158
47 50 0.143
47 54 0.129
48 50 0.158
48 51 0.189
49 58 0.145
50 57 0.115
51 59 0.521
51 53 0.135
51 55 0.156
51 56 0.153
51 57 0.157
52 55 0.143
52 53 0.123
52 57 0.134
52 59 0.133
53 55 0.205
53 56 0.15
54 55 0.1
56 57 0.275
