0 34 0.71
0 49 0.23
0 55 0.418
0 3 0.48
0 13 0.733
0 47 0.74
0 14 0.832
0 40 0.576
0 2 0.233
0 12 0.19
0 8 0.572
0 37 0.172
0 5 0.991
0 36 0.376
0 52 0.263
0 27 0.43
0 45 0.168
0 33 0.208
0 46 0.163
0 43 0.56
0 9 0.363
0 48 0.409
0 25 0.744
0 30 0.516
0 26 0.413
0 42 0.177
0 11 0.271
0 16 0.15
0 18 0.306
0 20 0.104
0 31 0.239
0 6 0.152
0 32 0.262
0 44 0.066
0 53 0.375
0 57 0.186
0 38 0.147
0 41 0.126
0 15 0.138
0 19 0.15
0 21 0.14
0 22 0.15
0 56 0.188
0 58 0.105
1 19 0.932
1 25 0.918
1 29 0.283
1 20 0.748
1 6 1
1 55 1
1 3 0.728
1 17 0.885
1 34 0.853
1 48 0.607
1 5 0.721
1 21 0.663
1 26 0.731
1 39 1
1 10 0.593
1 15 0.973
1 51 1
1 38 0.077
1 56 1
1 22 0.639
1 47 0.61
1 49 0.262
1 37 0.223
1 52 0.61
1 58 0.358
1 45 0.31
1 30 0.13
1 54 0.222
1 44 0.217
1 53 0.255
1 40 0.307
1 57 0.091
1 32 0.42
1 59 0.218
1 46 0.189
1 24 0.12
1 35 0.24
1 50 0.078
1 11 0.171
1 23 0.037
1 28 0.022
1 43 0.131
1 4 0.183
1 7 0.145
1 9 0.172
1 18 0.123
2 13 0.122
2 14 0.559
2 44 0.614
2 4 0.993
2 49 0.583
2 35 1
2 55 0.854
2 24 0.52
2 48 0.138
2 33 1
2 46 0.129
2 36 0.637
2 7 0.328
2 6 0.406
2 8 0.153
2 9 0.122
2 26 0.284
2 11 0.425
2 18 0.15
2 5 0.008
2 22 0.412
2 31 0.15
2 51 0.406
2 56 0.378
2 3 0.201
2 12 0.512
2 34 0.49
2 32 0.351
2 52 0.309
2 20 0.355
2 29 0.16
2 50 0.093
2 54 0.163
2 28 0.211
2 30 0.056
2 37 0.138
2 43 0.257
2 45 0.1
2 16 0.154
2 17 0.173
2 21 0.106
2 38 0.187
2 57 0.153
2 58 0.152
3 30 0.51
3 31 0.873
3 39 1
3 25 1
3 36 0.869
3 18 0.77
3 8 1
3 11 0.674
3 26 0.934
3 57 0.929
3 33 0.675
3 19 0.855
3 32 0.912
3 56 0.91
3 44 0.675
3 21 0.11
3 46 0.843
3 9 0.128
3 16 0.298
3 55 0.448
3 14 0.181
3 54 0.146
3 48 0.252
3 28 0.756
3 17 0.373
3 50 0.544
3 6 0.377
3 24 0.098
3 49 0.23
3 45 0.043
3 47 0.127
3 34 0.062
3 43 0.128
3 53 0.099
3 13 0.213
3 20 0.063
3 29 0.132
3 38 0.182
3 40 0.185
3 7 0.177
3 10 0.147
3 15 0.157
3 22 0.111
3 59 0.148
4 27 0.654
4 8 0.118
4 17 0.601
4 19 0.892
4 36 0.632
4 51 0.576
4 16 0.252
4 24 0.199
4 57 0.673
4 54 1
4 29 0.567
4 44 0.069
4 26 0.042
4 59 0.098
4 15 0.166
4 12 0.374
4 13 0.585
4 22 0.079
4 33 0.171
4 31 0.133
4 45 0.163
4 47 0.255
4 5 0.215
4 30 0.352
4 50 0.082
4 18 0.388
4 39 0.172
4 49 0.193
4 40 0.284
4 43 0.131
4 53 0.207
4 55 0.254
4 56 0.147
4 6 0.364
4 21 0.235
4 32 0.082
4 11 0.141
4 14 0.164
4 20 0.195
4 34 0.181
4 42 0.137
4 46 0.139
5 16 0.941
5 35 0.466
5 7 0.933
5 14 1
5 45 0.473
5 28 0.747
5 37 0.997
5 23 0.737
5 47 0.272
5 39 1
5 50 0.472
5 6 0.796
5 56 0.806
5 20 0.858
5 34 0.248
5 55 0.185
5 10 0.518
5 41 0.654
5 52 0.278
5 11 0.648
5 59 0.065
5 24 0.412
5 18 0.33
5 15 0.101
5 22 0.055
5 26 0.123
5 8 0.001
5 32 0.269
5 13 0.213
5 25 0.201
5 49 0.068
5 9 0.098
5 19 0.209
5 17 0.14
5 21 0.094
5 31 0.121
5 33 0.158
5 53 0.162
5 57 0.121
6 11 0.569
6 28 0.774
6 30 0.053
6 20 0.822
6 59 0.668
6 17 0.717
6 22 0.275
6 21 0.854
6 35 0.14
6 24 0.319
6 46 0.423
6 52 0.756
6 32 0.104
6 34 0.749
6 8 0.55
6 38 0.85
6 39 0.813
6 56 0.069
6 48 0.451
6 57 0.375
6 45 0.47
6 27 0.385
6 49 0.091
6 23 0.252
6 15 0.209
6 41 0.216
6 25 0.51
6 26 0.147
6 42 0.262
6 16 0.12
6 31 0.244
6 44 0.204
6 50 0.203
6 58 0.034
6 13 0.135
6 40 0.046
6 53 0.101
6 9 0.158
6 12 0.122
6 19 0.134
6 33 0.127
6 51 0.142
6 54 0.146
6 55 0.131
7 11 0.881
7 44 0.558
7 14 0.524
7 12 0.93
7 48 0.067
7 43 0.601
7 37 0.702
7 23 1
7 27 1
7 26 1
7 22 0.872
7 31 0.304
7 17 1
7 56 0.716
7 41 0.684
7 46 0.286
7 51 0.645
7 54 0.74
7 57 0.601
7 24 0.322
7 20 0.152
7 58 0.195
7 30 0.158
7 35 0.1
7 38 0.506
7 40 0.087
7 42 0.291
7 28 0.226
7 39 0.207
7 19 0.129
7 25 0.161
7 29 0.19
7 33 0.191
7 55 0.117
7 13 0.136
7 15 0.16
7 16 0.185
7 32 0.11
7 47 0.196
7 49 0.107
7 53 0.178
7 59 0.142
8 45 1
8 35 0.699
8 20 0.864
8 41 0.658
8 15 0.521
8 48 0.681
8 12 0.519
8 42 0.593
8 57 0.441
8 53 0.725
8 50 0.822
8 59 0.097
8 49 0.929
8 34 0.038
8 31 0.513
8 32 0.345
8 58 0.092
8 11 0.439
8 14 0.465
8 39 0.443
8 26 0.181
8 54 0.543
8 52 0.193
8 10 0.29
8 13 0.272
8 21 0.257
8 9 0.163
8 23 0.38
8 43 0.144
8 44 0.165
8 51 0.017
8 25 0.345
8 27 0.168
8 30 0.254
8 36 0.304
8 55 0.092
8 56 0.231
8 17 0.14
8 18 0.142
8 28 0.19
8 40 0.128
9 37 1
9 36 1
9 39 1
9 38 0.922
9 53 0.488
9 21 0.777
9 12 0.67
9 59 0.949
9 43 0.793
9 45 0.864
9 50 0.496
9 14 0.858
9 42 0.163
9 57 0.245
9 17 0.441
9 26 0.184
9 31 0.263
9 10 0.37
9 20 0.188
9 22 0.196
9 32 0.239
9 35 0.14
9 55 0.117
9 41 0.143
9 13 0.133
9 15 0.046
9 44 0.311
9 11 0.202
9 30 0.135
9 49 0.046
9 56 0.072
9 58 0.225
9 18 0.132
9 23 0.168
9 24 0.157
9 25 0.136
9 33 0.185
9 34 0.118
9 51 0.117
10 52 0.597
10 46 0.483
10 25 0.815
10 53 0.634
10 45 0.4
10 44 0.497
10 11 0.564
10 20 0.322
10 48 0.432
10 39 0.899
10 38 0.701
10 51 0.7
10 54 0.533
10 26 0.553
10 42 0.77
10 12 0.535
10 27 0.238
10 40 0.518
10 55 0.403
10 24 0.119
10 36 0.424
10 43 0.267
10 41 0.175
10 32 0.597
10 49 0.155
10 13 0.077
10 19 0.033
10 34 0.152
10 18 0.187
10 15 0.182
10 16 0.187
10 23 0.288
10 28 0.087
10 29 0.164
10 47 0.244
10 56 0.128
10 57 0.011
10 31 0.199
10 17 0.148
10 22 0.18
10 50 0.117
11 54 0.922
11 13 0.537
11 26 0.604
11 30 0.697
11 21 0.875
11 52 1
11 41 0.335
11 18 0.703
11 32 0.982
11 16 0.434
11 25 0.636
11 23 0.526
11 51 0.715
11 57 0.702
11 15 0.606
11 33 0.544
11 36 0.163
11 47 0.717
11 14 0.684
11 48 0.728
11 29 0.294
11 50 0.513
11 40 0.327
11 31 0.262
11 53 0.758
11 59 0.592
11 20 0.17
11 27 0.262
11 35 0.265
11 43 0.48
11 58 0.655
11 12 0.139
11 22 0.066
11 49 0.264
11 24 0.323
11 34 0.253
11 44 0.347
11 17 0.073
11 45 0.228
11 28 0.158
11 39 0.126
11 46 0.161
12 35 0.654
12 32 1
12 48 0.752
12 26 0.457
12 45 0.977
12 21 0.794
12 27 0.174
12 16 0.945
12 36 0.371
12 37 0.945
12 33 0.21
12 25 0.356
12 31 0.622
12 59 0.789
12 15 0.334
12 20 0.195
12 40 0.322
12 56 0.101
12 24 0.057
12 47 0.143
12 13 0.272
12 42 0.103
12 18 0.268
12 28 0.101
12 54 0.266
12 19 0.045
12 41 0.137
12 53 0.122
12 55 0.051
12 29 0.098
12 38 0.352
12 43 0.158
12 44 0.052
12 50 0.202
12 22 0.132
12 30 0.14
12 39 0.099
12 57 0.176
13 21 0.816
13 26 0.793
13 28 0.95
13 59 0.758
13 20 0.614
13 23 1
13 37 1
13 55 0.449
13 51 1
13 29 0.24
13 39 0.755
13 53 0.198
13 43 0.531
13 44 0.481
13 57 0.616
13 15 0.347
13 17 0.681
13 31 0.153
13 46 0.284
13 54 0.067
13 56 0.211
13 35 0.244
13 41 0.143
13 18 0.05
13 16 0.065
13 47 0.16
13 24 0.047
13 38 0.399
13 27 0.213
13 42 0.209
13 45 0.078
13 25 0.161
13 33 0.23
13 36 0.129
13 48 0.164
13 49 0.16
13 50 0.175
13 52 0.124
14 24 0.651
14 46 0.739
14 52 0.928
14 49 0.79
14 59 0.478
14 47 0.943
14 30 0.873
14 21 0.361
14 25 0.984
14 44 0.597
14 38 0.906
14 50 0.808
14 55 1
14 32 0.174
14 22 0.071
14 27 0.115
14 54 0.271
14 56 0.644
14 37 0.299
14 26 0.391
14 34 0.184
14 16 0.32
14 53 0.119
14 36 0.074
14 48 0.17
14 28 0.42
14 29 0.203
14 33 0.038
14 31 0.183
14 39 0.182
14 51 0.249
14 17 0.12
14 23 0.198
14 35 0.155
14 45 0.116
15 35 0.713
15 44 0.597
15 37 0.565
15 20 0.765
15 59 0.857
15 31 1
15 33 0.958
15 47 0.243
15 42 0.94
15 34 0.738
15 52 1
15 38 0.885
15 43 0.41
15 26 0.112
15 36 0.449
15 48 0.408
15 17 0.598
15 21 0.414
15 24 0.525
15 16 0.025
15 23 0.606
15 41 0.238
15 27 0.168
15 49 0.312
15 46 0.155
15 40 0.01
15 19 0.036
15 28 0.134
15 54 0.284
15 55 0.064
15 57 0.125
15 29 0.186
15 53 0.086
16 41 1
16 56 0.971
16 43 0.736
16 45 1
16 37 0.496
16 50 0.952
16 42 0.552
16 47 0.422
16 17 0.687
16 29 0.493
16 44 0.569
16 18 0.829
16 59 0.887
16 38 0.7
16 40 0.198
16 58 0.455
16 23 0.517
16 26 0.532
16 27 0.14
16 22 0.457
16 53 0.652
16 21 0.111
16 25 0.524
16 39 0.215
16 24 0.342
16 28 0.044
16 49 0.28
16 55 0.175
16 20 0.151
16 30 0.167
16 33 0.201
16 34 0.124
17 38 0.947
17 45 0.681
17 50 0.953
17 59 0.727
17 33 0.198
17 34 0.61
17 56 0.312
17 35 0.578
17 30 0.725
17 41 0.189
17 57 0.143
17 58 0.4
17 37 0.13
17 25 0.414
17 23 0.51
17 40 0.087
17 31 0.276
17 22 0.454
17 27 0.4
17 43 0.386
17 36 0.212
17 55 0.132
17 19 0.035
17 28 0.092
17 52 0.145
17 18 0.185
17 21 0.157
17 24 0.182
17 32 0.153
17 39 0.115
17 53 0.113
18 56 0.77
18 29 0.631
18 47 0.777
18 20 0.497
18 48 0.692
18 38 0.932
18 21 0.898
18 28 0.98
18 19 1
18 23 0.317
18 59 0.682
18 50 0.665
18 24 0.265
18 27 0.552
18 40 0.08
18 30 0.314
18 46 0.164
18 22 0.162
18 39 0.497
18 44 0.45
18 34 0.112
18 37 0.315
18 31 0.076
18 51 0.272
18 58 0.124
18 26 0.155
18 41 0.11
18 57 0.009
18 25 0.261
18 32 0.206
18 42 0.015
18 45 0.158
18 53 0.319
18 54 0.18
18 55 0.148
18 35 0.155
18 36 0.154
18 49 0.114
19 38 0.826
19 44 0.508
19 51 0.409
19 46 0.977
19 22 0.864
19 20 0.508
19 59 0.7
19 29 0.88
19 53 0.25
19 37 0.711
19 41 0.729
19 21 0.574
19 42 0.19
19 32 0.331
19 47 0.523
19 43 0.261
19 56 0.228
19 23 0.311
19 35 0.295
19 52 0.343
19 30 0.081
19 33 0.416
19 45 0.247
19 48 0.169
19 49 0.009
19 50 0.237
19 39 0.072
19 54 0.145
19 24 0.153
19 26 0.149
19 31 0.137
19 57 0.112
20 24 0.889
20 23 0.611
20 30 0.788
20 29 0.784
20 26 1
20 35 1
20 51 0.823
20 25 0.698
20 55 0.528
20 33 0.53
20 56 0.578
20 48 0.495
20 39 0.897
20 52 0.168
20 27 0.112
20 32 0.252
20 40 0.088
20 45 0.373
20 47 0.116
20 50 0.088
20 43 0.044
20 53 0.206
20 38 0.236
20 59 0.171
20 36 0.151
20 44 0.264
20 58 0.126
20 28 0.137
20 34 0.206
20 42 0.143
20 49 0.126
20 54 0.149
21 42 0.833
21 41 1
21 44 0.642
21 43 0.986
21 38 0.762
21 24 0.486
21 54 0.727
21 53 0.87
21 33 0.592
21 28 0.078
21 40 0.722
21 39 0.213
21 27 0.416
21 35 0.663
21 37 0.548
21 36 0.156
21 22 0.526
21 26 0.343
21 55 0.282
21 57 0.361
21 34 0.288
21 50 0.341
21 47 0.047
21 48 0.149
21 49 0.196
21 52 0.078
21 59 0.314
21 23 0.182
21 31 0.118
21 32 0.103
21 46 0.131
22 39 0.921
22 37 1
22 44 0.861
22 23 0.592
22 50 0.932
22 26 0.649
22 32 0.732
22 58 0.324
22 33 0.275
22 36 0.189
22 46 0.585
22 30 0.625
22 59 0.266
22 25 0.677
22 28 0.046
22 43 0.103
22 48 0.367
22 56 0.179
22 40 0.223
22 45 0.255
22 34 0.104
22 35 0.169
22 42 0.266
22 53 0.265
22 57 0.258
22 24 0.117
22 27 0.122
22 47 0.093
22 51 0.157
22 52 0.138
22 55 0.166
23 31 0.704
23 57 1
23 51 0.566
23 35 0.222
23 55 0.784
23 37 0.839
23 54 0.336
23 49 0.063
23 32 0.656
23 46 0.05
23 53 0.268
23 52 0.128
23 36 0.17
23 41 0.362
23 40 0.363
23 47 0.346
23 25 0.15
23 28 0.285
23 39 0.128
23 56 0.129
23 58 0.148
23 26 0.162
23 30 0.103
23 38 0.191
23 42 0.136
23 43 0.142
24 42 0.582
24 43 1
24 35 0.993
24 40 1
24 25 0.733
24 45 0.624
24 29 0.048
24 48 0.941
24 39 0.624
24 58 0.694
24 55 0.105
24 52 0.39
24 53 0.336
24 47 0.796
24 33 0.283
24 57 0.18
24 38 0.113
24 46 0.206
24 30 0.425
24 26 0.248
24 50 0.203
24 34 0.435
24 41 0.218
24 27 0.121
24 31 0.091
24 51 0.222
24 32 0.159
24 36 0.163
24 56 0.129
25 46 0.612
25 51 0.66
25 49 0.338
25 43 0.291
25 56 0.68
25 47 0.577
25 45 0.372
25 33 0.043
25 39 0.395
25 31 0.062
25 36 0.292
25 52 0.277
25 55 0.234
25 26 0.563
25 38 0.204
25 50 0.446
25 29 0.004
25 41 0.158
25 40 0.224
25 48 0.122
25 53 0.097
25 57 0.258
25 58 0.222
25 28 0.165
25 35 0.106
25 42 0.167
25 54 0.152
25 59 0.17
26 47 0.916
26 43 1
26 48 0.382
26 59 0.35
26 50 0.822
26 45 0.201
26 57 0.282
26 58 0.3
26 35 0.515
26 37 0.423
26 30 0.114
26 39 0.656
26 46 0.343
26 27 0.547
26 38 0.198
26 31 0.254
26 29 0.009
26 56 0.322
26 28 0.123
26 52 0.38
26 40 0.165
26 36 0.179
26 53 0.263
26 33 0.174
26 44 0.142
26 51 0.181
27 39 1
27 54 0.727
27 43 0.099
27 41 0.911
27 46 1
27 29 0.444
27 35 0.823
27 31 0.456
27 53 0.282
27 51 0.428
27 36 0.507
27 32 0.431
27 47 0.325
27 58 0.392
27 38 0.118
27 28 0.13
27 49 0.262
27 57 0.124
27 30 0.023
27 40 0.118
27 34 0.167
27 45 0.127
27 50 0.204
27 55 0.201
28 37 0.837
28 31 0.802
28 41 1
28 47 0.538
28 55 0.962
28 33 0.676
28 48 0.501
28 29 0.129
28 38 0.271
28 56 0.522
28 44 0.392
28 58 0.28
28 32 0.192
28 36 0.38
28 50 0.186
28 51 0.321
28 34 0.305
28 42 0.228
28 43 0.062
28 53 0.369
28 54 0.357
28 57 0.268
28 35 0.15
28 39 0.017
28 59 0.135
29 42 0.738
29 30 0.871
29 59 0.897
29 46 0.659
29 40 0.461
29 35 0.716
29 32 0.215
29 36 0.362
29 50 0.105
29 53 0.494
29 58 0.285
29 44 0.063
29 45 0.065
29 38 0.187
29 31 0.583
29 49 0.171
29 51 0.267
29 52 0.231
29 55 0.267
29 56 0.056
29 39 0.21
29 48 0.176
30 57 0.801
30 53 0.922
30 40 0.577
30 34 0.61
30 33 0.971
30 49 0.672
30 58 0.541
30 38 0.769
30 50 0.155
30 52 0.732
30 42 0.881
30 47 0.979
30 39 0.601
30 32 0.538
30 43 0.577
30 48 0.238
30 35 0.491
30 45 0.137
30 37 0.541
30 46 0.283
30 56 0.385
30 31 0.118
30 54 0.153
30 59 0.196
31 50 0.275
31 37 0.594
31 38 0.641
31 43 0.677
31 59 0.812
31 53 0.461
31 54 0.439
31 57 1
31 34 0.944
31 42 0.177
31 58 0.822
31 49 0.235
31 41 0.551
31 44 0.346
31 48 0.367
31 36 0.107
31 46 0.108
31 51 0.161
31 55 0.168
32 57 0.721
32 42 0.983
32 55 0.18
32 37 0.454
32 52 0.807
32 59 0.276
32 56 0.819
32 54 0.698
32 38 0.324
32 45 0.184
32 34 0.29
32 39 0.115
32 41 0.274
32 33 0.259
32 46 0.148
32 50 0.004
32 35 0.172
32 40 0.181
32 51 0.174
32 58 0.281
32 44 0.173
32 47 0.196
32 53 0.13
33 38 0.655
33 51 0.81
33 54 0.301
33 40 0.983
33 37 0.828
33 48 0.732
33 42 1
33 53 1
33 35 0.257
33 55 0.376
33 57 0.32
33 50 0.464
33 36 0.847
33 39 0.296
33 46 0.422
33 43 0.415
33 34 0.249
33 41 0.192
33 47 0.159
33 56 0.027
33 58 0.281
33 44 0.319
33 49 0.179
33 45 0.142
33 52 0.081
34 54 0.885
34 57 1
34 48 0.717
34 42 0.586
34 46 0.917
34 53 0.869
34 49 0.809
34 45 0.007
34 50 0.1
34 56 0.203
34 37 0.416
34 40 0.314
34 47 0.366
34 36 0.141
34 38 0.12
34 59 0.154
34 35 0.18
34 41 0.099
34 43 0.179
35 43 0.59
35 42 0.632
35 40 0.928
35 59 0.762
35 48 0.751
35 54 1
35 36 0.486
35 39 0.277
35 58 0.045
35 55 0.292
35 56 0.118
35 57 0.4
35 38 0.336
35 52 0.277
35 45 0.183
35 46 0.102
36 49 0.989
36 45 0.736
36 53 0.605
36 54 0.552
36 41 0.461
36 57 0.468
36 43 0.285
36 44 0.016
36 48 0.362
36 51 0.046
36 37 0.282
36 40 0.18
36 56 0.341
36 46 0.172
36 55 0.159
37 42 0.687
37 51 0.657
37 58 0.656
37 40 0.128
37 57 0.107
37 43 0.301
37 44 0.619
37 38 0.402
37 49 0.092
37 47 0.206
37 59 0.421
37 45 0.156
37 48 0.184
37 52 0.399
37 56 0.11
37 39 0.157
37 41 0.089
37 50 0.117
37 53 0.161
37 54 0.174
38 43 0.911
38 57 0.662
38 59 0.91
38 44 0.449
38 52 0.595
38 54 0.181
38 56 0.858
38 48 0.271
38 47 0.307
38 50 0.245
38 53 0.42
38 55 0.198
38 42 0.157
38 51 0.107
38 41 0.193
38 49 0.118
38 40 0.166
38 58 0.133
39 41 0.824
39 45 0.813
39 53 0.432
39 43 0.028
39 42 0.095
39 49 0.152
39 54 0.351
39 50 0.343
39 55 0.324
39 46 0.223
39 51 0.02
39 59 0.373
39 47 0.009
39 57 0.113
39 58 0.237
39 44 0.178
39 48 0.11
39 56 0.156
40 49 0.937
40 46 1
40 57 0.983
40 54 0.588
40 52 0.404
40 51 0.688
40 53 0.572
40 43 0.125
40 42 0.289
40 50 0.142
40 58 0.136
40 55 0.306
40 44 0.009
41 57 0.721
41 53 0.525
41 45 0.96
41 59 0.123
41 46 0.081
41 56 0.385
41 51 0.545
41 49 0.54
41 50 0.507
41 43 0.139
41 44 0.004
41 47 0.028
41 52 0.203
41 42 0.116
41 48 0.044
41 54 0.151
42 56 0.628
42 50 0.686
42 59 0.852
42 51 1
42 49 0.692
42 57 0.42
42 52 0.539
42 48 0.013
42 45 0.049
42 46 0.165
42 58 0.108
43 57 0.901
43 48 0.028
43 50 0.485
43 46 0.476
43 47 0.494
43 51 0.525
43 53 0.306
43 59 0.578
43 45 0.092
43 49 0.071
43 55 0.119
43 56 0.198
43 58 0.177
43 52 0.165
44 46 0.832
44 54 0.915
44 56 0.25
44 53 0.387
44 59 0.776
44 50 0.375
44 48 0.172
44 57 0.154
44 58 0.342
44 51 0.138
44 45 0.149
45 51 0.94
45 55 0.927
45 46 0.733
45 54 0.804
45 47 0.116
45 57 0.501
45 50 0.226
45 48 0.136
45 53 0.149
45 59 0.156
46 54 0.787
46 47 0.276
46 53 0.578
46 50 0.794
46 58 0.254
46 48 0.148
46 59 0.011
46 49 0.035
46 56 0.115
46 55 0.162
47 48 0.772
47 57 0.128
47 55 0.333
47 54 0.412
47 56 0.459
47 50 0.492
47 52 0.182
47 53 0.168
47 59 0.415
47 51 0.189
47 49 0.305
48 49 1
48 57 0.35
48 51 0.751
48 53 0.193
48 52 0.071
48 54 0.086
48 59 0.188
48 56 0.181
49 55 0.548
49 54 0.699
49 50 0.583
49 53 0.232
49 58 0.299
49 52 0.139
49 57 0.113
50 55 0.834
50 57 0.951
50 54 0.654
50 51 0.223
50 58 0.277
50 52 0.065
50 53 0.119
51 55 0.435
51 58 0.601
51 53 0.485
51 57 0.193
51 52 0.487
51 56 0.149
51 54 0.085
51 59 0.161
52 59 0.076
52 55 0.623
52 57 0.505
52 56 0.229
52 58 0.448
52 54 0.135
52 53 0.092
53 59 0.585
53 57 0.467
53 56 0.265
53 58 0.007
53 54 0.105
54 59 0.519
54 56 0.166
54 55 0.178
54 58 0.464
55 58 0.276
55 56 0.123
56 58 0.284
56 59 0.574
57 59 0.734
57 58 0.069
58 59 0.183
