0 5 0.837
0 36 1
0 15 1
0 17 0.831
0 26 0.73
0 35 0.781
0 20 0.722
0 28 0.447
0 9 0.154
0 22 0.12
0 30 0.127
0 34 0.064
0 56 0.319
0 21 0.165
0 29 0.151
0 50 0.053
0 51 0.236
0 1 0.134
0 6 0.161
0 7 0.165
0 12 0.196
0 19 0.149
0 23 0.139
0 27 0.143
0 37 0.156
0 41 0.151
0 45 0.134
0 49 0.212
0 52 0.125
0 53 0.151
0 57 0.173
1 48 0.538
1 10 0.771
1 51 1
1 22 0.637
1 28 1
1 29 0.645
1 4 0.855
1 23 0.698
1 30 0.057
1 53 0.085
1 44 0.151
1 3 0.092
1 5 0.389
1 25 0.186
1 7 0.149
1 8 0.211
1 9 0.156
1 14 0.102
1 24 0.163
1 26 0.188
1 27 0.14
1 31 0.173
1 36 0.129
1 41 0.132
1 45 0.165
1 56 0.173
2 4 0.918
2 33 0.977
2 23 0.904
2 38 0.707
2 51 0.858
2 59 0.916
2 20 0.718
2 27 0.008
2 12 0.33
2 18 0.175
2 31 0.285
2 43 0.044
2 11 0.129
2 54 0.081
2 55 0.18
2 8 0.113
2 16 0.197
2 19 0.245
2 24 0.115
2 25 0.096
2 28 0.135
2 29 0.166
2 42 0.159
2 45 0.186
2 48 0.208
2 49 0.146
2 56 0.181
2 58 0.099
3 25 0.72
3 36 0.618
3 26 0.978
3 57 0.286
3 19 0.909
3 17 0.879
3 13 0.603
3 10 1
3 6 0.865
3 18 0.65
3 47 0.504
3 54 0.535
3 53 0.457
3 15 0.14
3 29 0.012
3 56 0.18
3 9 0.165
3 11 0.114
3 12 0.17
3 23 0.103
3 30 0.199
3 32 0.119
3 34 0.146
3 37 0.092
3 41 0.173
3 43 0.149
3 46 0.182
3 50 0.154
3 58 0.164
4 19 0.921
4 52 0.624
4 56 0.724
4 10 0.951
4 51 0.713
4 36 0.911
4 49 0.405
4 7 0.075
4 58 0.441
4 24 0.161
4 30 0.187
4 31 0.122
4 14 0.124
4 17 0.151
4 23 0.192
4 32 0.147
4 39 0.095
4 41 0.141
4 42 0.131
4 53 0.152
4 57 0.127
4 59 0.129
5 23 0.916
5 39 0.825
5 6 0.86
5 41 0.574
5 44 0.766
5 8 0.761
5 13 0.368
5 19 0.194
5 25 0.142
5 27 0.234
5 31 0.228
5 56 0.181
5 57 0.188
5 58 0.171
5 59 0.138
5 20 0.185
5 34 0.201
5 35 0.136
5 53 0.129
6 28 0.681
6 20 0.556
6 41 1
6 26 0.909
6 14 0.661
6 40 0.813
6 45 1
6 47 0.999
6 33 0.866
6 17 0.748
6 57 0.115
6 27 0.394
6 38 0.482
6 53 0.263
6 58 0.145
6 8 0.142
6 15 0.17
6 18 0.103
6 23 0.097
6 24 0.162
6 29 0.158
6 30 0.095
6 35 0.128
6 37 0.131
6 50 0.102
6 52 0.143
6 56 0.174
7 37 0.701
7 23 0.672
7 22 0.814
7 17 0.552
7 56 1
7 46 1
7 19 0.679
7 40 0.762
7 13 0.672
7 50 0.725
7 21 0.039
7 35 0.028
7 36 0.422
7 11 0.151
7 30 0.286
7 34 0.315
7 8 0.099
7 9 0.128
7 10 0.124
7 12 0.141
7 14 0.115
7 16 0.127
7 24 0.147
7 25 0.161
7 39 0.106
7 41 0.143
7 48 0.134
7 49 0.168
7 51 0.13
7 52 0.139
8 49 0.924
8 52 0.795
8 14 0.617
8 19 0.175
8 31 0.27
8 45 0.122
8 48 0.361
8 9 0.182
8 11 0.203
8 18 0.078
8 20 0.254
8 32 0.267
8 35 0.313
8 42 0.177
8 50 0.181
8 56 0.195
8 57 0.086
8 10 0.205
8 12 0.177
8 21 0.089
8 22 0.189
8 23 0.122
8 25 0.096
8 30 0.103
8 36 0.167
8 59 0.152
9 36 1
9 43 0.979
9 51 0.865
9 29 0.805
9 45 0.848
9 55 0.366
9 10 0.385
9 22 0.194
9 23 0.149
9 28 0.063
9 46 0.142
9 54 0.095
9 11 0.136
9 12 0.122
9 14 0.174
9 18 0.16
9 19 0.195
9 30 0.103
9 32 0.204
9 33 0.111
9 37 0.135
9 40 0.122
9 50 0.162
9 57 0.126
10 46 1
10 40 0.671
10 32 0.928
10 14 0.529
10 30 0.936
10 17 0.888
10 26 0.731
10 22 0.735
10 45 0.596
10 52 0.296
10 54 0.181
10 11 0.181
10 12 0.204
10 24 0.111
10 38 0.035
10 39 0.155
10 13 0.116
10 19 0.137
10 21 0.137
10 27 0.107
10 28 0.161
10 29 0.142
10 31 0.162
10 33 0.169
10 34 0.142
10 37 0.141
10 41 0.115
10 44 0.157
10 47 0.163
10 48 0.187
10 53 0.16
10 57 0.095
11 32 0.965
11 57 0.924
11 36 0.724
11 53 0.794
11 59 0.489
11 12 0.776
11 27 0.885
11 19 0.739
11 26 0.455
11 42 0.387
11 13 0.098
11 17 0.059
11 20 0.111
11 54 0.12
11 16 0.15
11 21 0.197
11 23 0.142
11 24 0.184
11 37 0.143
11 39 0.161
11 40 0.153
11 47 0.128
11 49 0.111
11 50 0.133
11 55 0.118
11 56 0.168
12 32 0.919
12 14 1
12 19 0.629
12 52 0.139
12 27 0.192
12 33 0.128
12 39 0.267
12 23 0.095
12 36 0.237
12 43 0.309
12 13 0.139
12 16 0.144
12 17 0.127
12 22 0.158
12 24 0.161
12 25 0.18
12 34 0.166
12 35 0.104
12 37 0.153
12 44 0.152
12 46 0.161
12 53 0.136
12 54 0.106
12 58 0.11
13 23 0.772
13 37 1
13 17 0.9
13 33 1
13 51 0.602
13 14 0.123
13 26 0.027
13 56 0.148
13 59 0.133
13 15 0.156
13 16 0.202
13 22 0.155
13 28 0.167
13 32 0.108
13 36 0.145
13 45 0.155
14 24 1
14 38 0.819
14 36 0.742
14 53 0.589
14 41 0.78
14 51 0.568
14 26 0.031
14 44 0.097
14 22 0.13
14 39 0.204
14 46 0.198
14 57 0.344
14 15 0.124
14 16 0.093
14 19 0.187
14 25 0.116
14 27 0.145
14 31 0.141
14 35 0.161
14 37 0.147
14 40 0.164
14 48 0.201
14 52 0.174
15 33 0.891
15 48 0.871
15 28 0.708
15 57 0.518
15 36 0.666
15 37 0.071
15 18 0.172
15 22 0.136
15 51 0.219
15 26 0.18
15 31 0.135
15 32 0.125
15 34 0.156
15 35 0.158
15 39 0.154
15 40 0.181
15 42 0.149
15 43 0.153
15 53 0.179
15 54 0.158
15 55 0.153
15 58 0.143
16 41 0.704
16 43 0.531
16 44 0.736
16 59 0.776
16 23 0.799
16 25 0.756
16 49 0.797
16 28 0.086
16 27 0.202
16 32 0.13
16 36 0.006
16 39 0.154
16 53 0.206
16 29 0.137
16 34 0.127
16 35 0.215
16 58 0.151
17 23 0.671
17 31 0.95
17 36 0.869
17 39 0.997
17 54 0.811
17 53 0.196
17 59 0.118
17 19 0.139
17 24 0.138
17 49 0.229
17 18 0.132
17 21 0.179
17 26 0.176
17 28 0.145
17 34 0.148
17 35 0.133
17 37 0.176
17 43 0.209
17 50 0.198
17 55 0.159
17 58 0.152
18 29 0.702
18 20 0.895
18 48 0.952
18 21 0.89
18 28 0.618
18 19 1
18 23 0.71
18 59 0.865
18 24 0.973
18 25 0.943
18 36 1
18 45 0.641
18 26 0.13
18 40 0.262
18 44 0.189
18 54 0.219
18 58 0.148
18 22 0.099
18 27 0.166
18 32 0.163
18 43 0.106
18 47 0.163
18 51 0.092
18 52 0.157
18 56 0.139
19 22 0.846
19 58 0.638
19 39 0.991
19 50 0.601
19 41 0.094
19 26 0.093
19 23 0.172
19 25 0.128
19 27 0.166
19 34 0.106
19 40 0.13
19 45 0.131
19 51 0.099
19 53 0.136
19 56 0.161
19 57 0.144
20 35 0.706
20 56 0.782
20 45 1
20 37 0.58
20 31 1
20 54 0.558
20 47 0.902
20 28 0.068
20 34 0.238
20 42 0.128
20 50 0.261
20 57 0.271
20 27 0.147
20 21 0.147
20 22 0.155
20 24 0.148
20 25 0.161
20 26 0.224
20 32 0.18
20 33 0.224
20 36 0.157
20 51 0.163
20 52 0.153
20 55 0.167
20 59 0.146
21 38 0.759
21 33 0.957
21 40 1
21 37 0.501
21 52 1
21 23 0.665
21 42 0.999
21 50 0.627
21 51 0.825
21 55 0.186
21 27 0.149
21 22 0.24
21 25 0.143
21 26 0.154
21 41 0.139
21 44 0.129
21 49 0.105
21 58 0.18
21 59 0.119
22 23 0.97
22 30 1
22 25 0.602
22 42 0.901
22 52 0.922
22 54 0.93
22 47 0.78
22 27 0.189
22 29 0.131
22 31 0.135
22 38 0.158
22 43 0.144
22 51 0.201
22 24 0.149
22 28 0.138
22 44 0.116
22 45 0.127
22 49 0.141
23 51 0.944
23 55 0.726
23 52 0.797
23 26 0.974
23 41 0.325
23 24 0.143
23 34 0.117
23 42 0.149
23 45 0.168
24 40 0.544
24 32 0.798
24 41 0.698
24 42 0.949
24 34 0.547
24 46 0.135
24 26 0.149
24 28 0.157
24 36 0.092
24 38 0.165
24 45 0.183
24 52 0.113
24 53 0.192
24 57 0.126
24 59 0.167
25 51 0.835
25 39 0.641
25 50 0.753
25 38 0.712
25 28 0.169
25 31 0.159
25 54 0.132
25 26 0.131
25 29 0.131
25 35 0.167
25 37 0.115
25 42 0.162
25 44 0.135
25 45 0.158
25 46 0.206
25 47 0.109
25 49 0.17
25 55 0.15
26 48 0.838
26 28 0.849
26 53 0.622
26 38 0.026
26 42 0.317
26 27 0.185
26 30 0.124
26 32 0.16
26 35 0.15
26 37 0.159
26 44 0.132
26 45 0.155
26 52 0.16
26 57 0.181
26 59 0.16
27 39 1
27 54 0.892
27 41 1
27 50 1
27 44 0.672
27 34 0.725
27 49 0.06
27 52 0.216
27 45 0.254
27 32 0.127
27 46 0.213
27 48 0.195
27 51 0.15
27 55 0.114
27 56 0.175
27 58 0.101
28 41 0.639
28 55 0.507
28 48 0.976
28 29 0.694
28 56 0.949
28 58 0.767
28 40 0.977
28 45 0.806
28 46 0.319
28 53 0.307
28 31 0.137
28 39 0.158
28 51 0.144
28 59 0.099
29 55 0.582
29 45 0.207
29 37 0.176
29 40 0.147
29 42 0.093
29 32 0.192
29 34 0.162
29 35 0.116
29 36 0.149
29 38 0.106
29 44 0.173
29 46 0.104
29 48 0.162
29 49 0.133
29 51 0.144
30 57 1
30 40 0.933
30 38 0.942
30 42 0.724
30 59 0.786
30 44 0.655
30 50 1
30 39 0.78
30 49 0.196
30 55 0.344
30 33 0.157
30 41 0.119
30 58 0.125
30 32 0.168
30 36 0.128
30 37 0.144
30 45 0.195
30 48 0.117
31 43 1
31 57 0.704
31 34 0.873
31 49 0.938
31 46 1
31 51 0.863
31 35 0.977
31 59 0.808
31 52 0.109
31 42 0.201
31 54 0.105
31 58 0.148
31 37 0.097
31 38 0.215
31 39 0.149
31 40 0.111
31 48 0.191
31 50 0.109
32 56 0.727
32 40 0.826
32 58 0.986
32 43 1.0
32 45 0.945
32 37 0.982
32 53 0.806
32 49 0.216
32 36 0.386
32 42 0.04
32 50 0.166
32 38 0.088
32 48 0.171
32 55 0.127
32 57 0.145
32 59 0.148
33 40 0.889
33 37 0.743
33 42 0.959
33 36 1
33 54 0.345
33 35 0.132
33 41 0.19
33 49 0.101
33 51 0.147
33 59 0.185
34 48 0.595
34 46 0.963
34 53 1
34 49 1
34 39 0.876
34 42 0.144
34 43 0.215
34 51 0.238
34 37 0.198
34 44 0.14
34 50 0.172
34 55 0.217
34 57 0.171
34 59 0.155
35 40 0.949
35 36 0.971
35 50 0.849
35 58 0.899
35 43 0.666
35 49 0.381
35 48 0.046
35 55 0.015
35 39 0.159
35 42 0.14
35 51 0.158
35 52 0.113
35 54 0.165
35 57 0.089
35 59 0.159
36 45 0.789
36 41 1
36 39 0.148
36 49 0.159
36 43 0.159
36 44 0.179
36 50 0.14
36 51 0.159
36 52 0.126
36 56 0.146
37 58 0.75
37 54 0.563
37 50 0.218
37 52 0.077
37 39 0.167
37 40 0.109
37 42 0.159
37 43 0.142
37 51 0.182
37 55 0.136
37 56 0.172
38 43 0.974
38 59 1
38 44 0.51
38 52 0.911
38 42 0.771
38 39 0.824
38 55 0.118
38 41 0.176
38 47 0.108
38 49 0.109
38 56 0.173
39 56 1
39 57 0.869
39 55 0.695
39 42 0.116
39 44 0.149
39 45 0.152
39 46 0.177
39 52 0.127
40 57 0.908
40 54 0.767
40 59 0.891
40 41 0.526
40 52 0.106
40 42 0.227
40 44 0.178
40 49 0.124
40 46 0.158
40 47 0.141
40 53 0.162
41 46 0.78
41 55 0.981
41 54 0.116
41 44 0.347
41 45 0.136
41 51 0.171
41 56 0.16
41 57 0.092
41 58 0.132
42 59 0.771
42 44 0.962
42 57 0.253
42 48 0.171
42 51 0.149
42 53 0.136
42 55 0.163
42 58 0.182
43 59 0.798
43 56 0.673
43 44 0.186
43 46 0.16
43 49 0.08
43 51 0.183
43 45 0.104
43 48 0.106
43 57 0.148
44 59 0.511
44 51 0.924
44 53 0.175
44 48 0.107
44 55 0.153
45 51 0.925
45 46 1
45 57 0.69
45 50 0.887
45 52 0.146
45 47 0.146
45 55 0.149
45 58 0.125
46 53 0.59
46 50 0.781
46 51 0.868
46 54 0.845
46 48 0.093
46 55 0.169
47 55 0.634
47 49 0.143
47 53 0.216
47 56 0.177
47 48 0.171
47 50 0.172
47 52 0.189
47 57 0.109
47 58 0.152
47 59 0.172
48 56 0.996
48 52 1
48 50 0.67
48 54 0.132
48 49 0.176
48 53 0.149
48 55 0.167
48 59 0.123
49 56 0.749
49 51 0.82
49 50 0.97
49 58 0.191
49 55 0.146
50 55 0.87
50 57 0.13
50 51 0.148
50 53 0.18
50 54 0.153
50 58 0.188
51 57 0.875
51 52 0.846
51 54 0.962
51 55 0.147
52 57 0.922
52 55 0.403
52 59 0.071
52 53 0.154
53 59 0.634
53 57 0.7
54 56 0.094
54 59 0.11
55 56 0.673
55 58 0.155
57 58 0.02
