0 33 0.862
0 17 0.584
0 9 0.513
0 5 0.136
0 44 0.159
0 56 0.162
0 2 0.155
0 4 0.097
0 6 0.242
0 7 0.179
0 11 0.109
0 12 0.155
0 14 0.119
0 18 0.163
0 19 0.158
0 24 0.232
0 25 0.129
0 26 0.087
0 29 0.202
0 30 0.118
0 31 0.117
0 35 0.102
0 36 0.146
0 38 0.14
0 39 0.128
0 41 0.12
0 42 0.132
0 48 0.117
0 50 0.183
0 51 0.15
0 52 0.143
0 53 0.119
0 54 0.174
0 57 0.201
0 59 0.137
1 31 0.768
1 20 0.915
1 28 0.645
1 24 0.154
1 2 0.164
1 3 0.093
1 6 0.133
1 9 0.117
1 11 0.167
1 12 0.161
1 13 0.145
1 15 0.179
1 16 0.196
1 17 0.112
1 18 0.118
1 23 0.166
1 27 0.163
1 29 0.087
1 34 0.153
1 35 0.206
1 36 0.138
1 38 0.131
1 45 0.12
1 46 0.162
1 49 0.186
1 52 0.183
1 54 0.148
1 56 0.151
1 57 0.185
1 58 0.134
2 40 0.893
2 5 0.679
2 27 0.21
2 10 0.134
2 11 0.115
2 14 0.165
2 3 0.174
2 6 0.136
2 7 0.144
2 16 0.186
2 17 0.135
2 20 0.145
2 22 0.12
2 23 0.138
2 24 0.145
2 25 0.165
2 28 0.186
2 29 0.124
2 31 0.133
2 34 0.148
2 41 0.159
2 42 0.227
2 43 0.16
2 46 0.151
2 47 0.133
2 48 0.114
2 49 0.158
2 50 0.118
2 52 0.151
2 53 0.133
2 56 0.122
2 58 0.119
3 17 0.757
3 34 0.719
3 56 0.131
3 4 0.129
3 5 0.129
3 11 0.174
3 18 0.139
3 22 0.17
3 23 0.184
3 24 0.205
3 25 0.123
3 27 0.13
3 30 0.162
3 32 0.141
3 35 0.166
3 36 0.209
3 39 0.131
3 40 0.125
3 42 0.222
3 43 0.114
3 44 0.14
3 45 0.077
3 46 0.109
3 48 0.147
3 49 0.167
3 51 0.158
3 53 0.135
3 55 0.114
3 58 0.163
4 42 0.876
4 57 1
4 11 0.858
4 7 0.169
4 5 0.121
4 6 0.15
4 15 0.185
4 16 0.152
4 18 0.125
4 21 0.142
4 25 0.176
4 27 0.157
4 28 0.096
4 30 0.181
4 31 0.211
4 32 0.132
4 33 0.14
4 35 0.18
4 37 0.103
4 38 0.167
4 40 0.204
4 43 0.144
4 46 0.161
4 47 0.166
4 48 0.166
4 49 0.17
4 50 0.145
4 51 0.148
4 52 0.233
4 55 0.182
4 56 0.172
4 59 0.131
5 53 0.849
5 18 0.184
5 41 0.154
5 6 0.172
5 7 0.172
5 8 0.173
5 14 0.157
5 23 0.051
5 25 0.14
5 29 0.116
5 31 0.172
5 32 0.12
5 36 0.141
5 38 0.153
5 39 0.146
5 42 0.149
5 44 0.162
5 46 0.126
5 47 0.159
5 48 0.112
5 52 0.163
5 57 0.192
5 58 0.085
6 50 0.715
6 13 0.09
6 26 0.157
6 37 0.17
6 9 0.159
6 14 0.131
6 15 0.131
6 17 0.148
6 19 0.145
6 20 0.202
6 22 0.081
6 23 0.156
6 29 0.152
6 30 0.179
6 31 0.143
6 33 0.173
6 35 0.188
6 36 0.15
6 38 0.111
6 47 0.158
6 48 0.162
6 52 0.184
6 53 0.143
6 54 0.184
6 56 0.144
6 57 0.131
6 58 0.15
7 13 0.912
7 15 0.501
7 46 0.603
7 26 0.163
7 48 0.099
7 8 0.112
7 9 0.174
7 11 0.136
7 12 0.172
7 18 0.174
7 19 0.146
7 20 0.161
7 21 0.094
7 23 0.168
7 24 0.13
7 27 0.136
7 28 0.141
7 29 0.125
7 30 0.158
7 33 0.157
7 34 0.117
7 38 0.129
7 42 0.125
7 47 0.151
7 50 0.114
7 53 0.138
7 54 0.129
7 58 0.145
8 50 1
8 56 0.862
8 40 0.908
8 15 0.616
8 52 0.539
8 32 0.539
8 23 0.813
8 28 0.151
8 9 0.169
8 29 0.175
8 30 0.178
8 45 0.161
8 49 0.113
8 58 0.134
8 10 0.125
8 11 0.156
8 12 0.165
8 14 0.17
8 18 0.191
8 22 0.133
8 37 0.169
8 39 0.201
8 43 0.137
8 47 0.141
8 48 0.111
8 51 0.147
8 54 0.128
8 57 0.12
9 47 1
9 11 0.188
9 12 0.119
9 13 0.134
9 16 0.137
9 17 0.163
9 19 0.172
9 25 0.164
9 26 0.191
9 27 0.097
9 30 0.163
9 31 0.127
9 32 0.136
9 40 0.081
9 41 0.187
9 42 0.165
9 46 0.137
9 55 0.148
9 56 0.142
9 59 0.132
10 11 0.121
10 33 0.195
10 39 0.173
10 46 0.157
10 13 0.162
10 17 0.123
10 22 0.118
10 26 0.177
10 28 0.052
10 30 0.14
10 35 0.157
10 37 0.14
10 43 0.106
10 44 0.123
10 47 0.101
10 48 0.145
10 50 0.154
10 52 0.116
10 54 0.108
10 56 0.11
11 48 1
11 54 0.909
11 16 0.17
11 27 0.093
11 31 0.104
11 35 0.137
11 53 0.119
11 13 0.106
11 14 0.192
11 21 0.147
11 22 0.13
11 23 0.184
11 25 0.139
11 29 0.171
11 30 0.18
11 32 0.155
11 33 0.151
11 34 0.199
11 36 0.146
11 39 0.141
11 41 0.146
11 44 0.14
11 46 0.203
11 49 0.102
11 52 0.179
11 58 0.153
12 34 0.801
12 24 1
12 44 1
12 51 0.649
12 23 0.719
12 14 0.123
12 16 0.18
12 17 0.196
12 19 0.138
12 25 0.129
12 28 0.119
12 29 0.083
12 31 0.209
12 36 0.113
12 40 0.122
12 42 0.151
12 43 0.138
12 45 0.147
12 50 0.151
12 52 0.168
12 53 0.167
12 56 0.098
12 57 0.032
12 58 0.149
13 15 0.937
13 29 1
13 30 1
13 36 0.686
13 31 0.112
13 59 0.134
13 14 0.123
13 18 0.142
13 22 0.159
13 23 0.151
13 25 0.143
13 26 0.173
13 28 0.138
13 33 0.158
13 34 0.155
13 37 0.136
13 39 0.151
13 42 0.175
13 43 0.13
13 44 0.175
13 46 0.198
13 47 0.18
13 48 0.154
13 49 0.146
13 56 0.146
13 57 0.177
14 20 0.957
14 15 0.151
14 18 0.149
14 19 0.184
14 22 0.173
14 26 0.146
14 27 0.214
14 33 0.144
14 36 0.196
14 42 0.153
14 44 0.132
14 47 0.13
14 48 0.14
14 54 0.144
14 57 0.172
14 59 0.112
15 38 0.875
15 22 0.195
15 59 0.197
15 16 0.13
15 17 0.12
15 19 0.167
15 23 0.126
15 24 0.191
15 25 0.159
15 27 0.152
15 37 0.161
15 39 0.17
15 40 0.153
15 43 0.127
15 44 0.154
15 45 0.117
15 47 0.168
15 51 0.103
15 53 0.139
15 54 0.112
15 55 0.193
15 58 0.116
16 56 0.593
16 46 0.587
16 34 0.141
16 39 0.203
16 42 0.108
16 17 0.13
16 18 0.153
16 19 0.148
16 20 0.178
16 21 0.118
16 22 0.111
16 24 0.132
16 25 0.156
16 27 0.178
16 28 0.162
16 29 0.149
16 33 0.15
16 35 0.162
16 43 0.148
16 48 0.136
16 49 0.14
16 50 0.099
16 55 0.191
16 59 0.188
17 19 0.134
17 21 0.173
17 23 0.095
17 24 0.148
17 26 0.175
17 30 0.146
17 33 0.174
17 34 0.138
17 38 0.15
17 42 0.148
17 45 0.148
17 53 0.144
17 55 0.179
17 56 0.192
17 58 0.096
17 59 0.104
18 30 0.966
18 45 1
18 54 0.771
18 37 0.753
18 25 0.156
18 28 0.163
18 19 0.196
18 22 0.128
18 23 0.148
18 24 0.158
18 26 0.178
18 27 0.207
18 31 0.168
18 32 0.147
18 33 0.141
18 36 0.094
18 38 0.177
18 39 0.163
18 40 0.151
18 41 0.146
18 48 0.122
18 50 0.132
18 51 0.151
18 52 0.187
18 56 0.164
18 58 0.197
18 59 0.18
19 36 0.149
19 57 0.114
19 20 0.127
19 25 0.176
19 27 0.145
19 28 0.134
19 29 0.178
19 32 0.186
19 33 0.147
19 35 0.12
19 38 0.147
19 39 0.224
19 40 0.195
19 44 0.18
19 47 0.138
19 48 0.153
19 50 0.115
19 51 0.151
19 59 0.15
20 25 0.689
20 34 0.144
20 22 0.157
20 23 0.145
20 28 0.109
20 29 0.109
20 39 0.096
20 40 0.164
20 44 0.128
20 46 0.183
20 47 0.156
20 48 0.097
20 49 0.139
20 57 0.153
20 58 0.151
21 31 0.691
21 54 0.725
21 39 0.555
21 23 0.15
21 25 0.153
21 30 0.196
21 32 0.195
21 33 0.167
21 41 0.15
21 43 0.173
21 44 0.144
21 49 0.137
21 50 0.173
21 51 0.125
21 52 0.129
21 53 0.182
21 56 0.099
21 59 0.115
22 55 0.914
22 40 1
22 52 0.93
22 26 0.161
22 34 0.141
22 44 0.138
22 25 0.145
22 27 0.172
22 29 0.077
22 30 0.125
22 32 0.143
22 35 0.178
22 37 0.131
22 41 0.17
22 42 0.177
22 49 0.1
22 50 0.188
22 51 0.144
22 54 0.139
22 59 0.136
23 49 0.809
23 40 0.79
23 32 0.656
23 31 0.137
23 38 0.143
23 26 0.134
23 28 0.14
23 33 0.059
23 35 0.156
23 36 0.163
23 39 0.133
23 43 0.1
23 53 0.101
23 55 0.145
23 56 0.139
24 47 0.598
24 39 0.797
24 55 0.616
24 25 0.145
24 26 0.118
24 28 0.203
24 29 0.122
24 30 0.137
24 33 0.125
24 34 0.156
24 35 0.156
24 40 0.132
24 41 0.086
24 42 0.239
24 44 0.141
24 48 0.153
24 49 0.173
24 50 0.159
24 51 0.084
24 52 0.152
24 53 0.146
24 56 0.169
24 59 0.191
25 49 0.977
25 57 0.861
25 52 1
25 55 0.725
25 27 0.136
25 43 0.192
25 45 0.232
25 47 0.143
25 26 0.166
25 28 0.189
25 33 0.167
25 34 0.172
25 36 0.14
25 37 0.178
25 39 0.137
25 40 0.149
25 41 0.125
25 42 0.154
25 46 0.152
25 51 0.103
25 53 0.196
25 54 0.152
25 56 0.124
25 58 0.168
26 52 0.732
26 47 0.19
26 49 0.182
26 56 0.104
26 28 0.141
26 31 0.158
26 33 0.059
26 34 0.165
26 35 0.167
26 36 0.203
26 38 0.18
26 39 0.246
26 40 0.171
26 42 0.165
26 48 0.167
26 51 0.16
26 53 0.156
26 54 0.139
26 55 0.172
27 41 0.123
27 53 0.135
27 30 0.148
27 31 0.133
27 35 0.164
27 37 0.16
27 38 0.15
27 42 0.166
27 44 0.157
27 50 0.188
27 51 0.152
27 55 0.162
28 36 1
28 48 0.158
28 30 0.152
28 32 0.166
28 33 0.109
28 34 0.112
28 38 0.172
28 39 0.121
28 40 0.188
28 41 0.13
28 42 0.152
28 43 0.132
28 44 0.157
28 46 0.155
28 47 0.2
28 53 0.147
28 56 0.153
28 57 0.113
28 58 0.146
28 59 0.15
29 38 1
29 47 0.15
29 52 0.152
29 36 0.159
29 41 0.161
29 44 0.146
29 46 0.101
29 48 0.18
29 49 0.087
29 53 0.1
29 55 0.188
29 57 0.18
29 58 0.14
30 48 0.943
30 42 0.153
30 33 0.137
30 37 0.149
30 39 0.155
30 41 0.173
30 44 0.115
30 47 0.127
30 51 0.189
30 52 0.134
30 54 0.172
30 55 0.168
30 58 0.165
30 59 0.175
31 54 0.809
31 36 0.583
31 38 0.208
31 48 0.151
31 32 0.152
31 34 0.126
31 46 0.127
31 47 0.145
31 50 0.133
31 51 0.147
31 52 0.185
31 56 0.141
32 52 0.507
32 34 0.165
32 38 0.152
32 35 0.156
32 37 0.148
32 40 0.126
32 41 0.161
32 44 0.153
32 46 0.147
32 55 0.132
32 56 0.115
32 57 0.148
32 58 0.208
33 53 0.925
33 54 0.799
33 39 0.654
33 35 0.144
33 36 0.137
33 42 0.167
33 44 0.114
33 45 0.071
33 48 0.156
33 51 0.134
33 57 0.187
34 48 0.837
34 44 0.165
34 35 0.14
34 36 0.183
34 37 0.154
34 40 0.136
34 41 0.154
34 42 0.184
34 43 0.176
34 50 0.138
34 52 0.146
34 55 0.157
34 56 0.188
34 57 0.159
34 58 0.173
35 47 0.952
35 40 0.663
35 45 0.8
35 38 0.529
35 39 0.188
35 42 0.171
35 44 0.118
35 46 0.152
35 48 0.177
35 49 0.188
35 51 0.131
35 52 0.196
35 53 0.129
35 54 0.191
36 50 0.138
36 38 0.191
36 39 0.183
36 41 0.107
36 42 0.144
36 44 0.16
36 45 0.096
36 46 0.155
36 52 0.137
36 53 0.182
36 56 0.17
36 58 0.11
37 43 0.723
37 50 0.836
37 39 0.081
37 40 0.167
37 41 0.145
37 42 0.146
37 46 0.232
37 47 0.158
37 48 0.137
37 49 0.18
37 51 0.141
37 53 0.16
37 54 0.128
37 55 0.144
37 56 0.142
37 57 0.164
37 58 0.131
38 39 0.196
38 45 0.192
38 47 0.207
38 48 0.142
38 50 0.142
38 58 0.139
39 40 0.134
39 41 0.147
39 42 0.199
39 43 0.16
39 44 0.115
39 45 0.188
39 46 0.088
39 47 0.143
39 50 0.184
39 51 0.15
39 53 0.125
39 54 0.212
39 55 0.155
39 57 0.161
40 59 0.872
40 44 0.879
40 41 0.194
40 42 0.129
40 43 0.165
40 45 0.124
40 49 0.153
40 50 0.171
40 53 0.177
40 54 0.147
40 55 0.087
40 58 0.14
41 52 0.968
41 42 0.143
41 44 0.144
41 47 0.147
41 50 0.146
41 51 0.162
41 54 0.151
41 55 0.197
41 57 0.15
41 58 0.159
41 59 0.079
42 53 0.733
42 49 0.181
42 44 0.163
42 47 0.156
42 50 0.2
42 51 0.139
42 52 0.197
42 56 0.149
42 59 0.153
43 55 1
43 48 0.646
43 45 0.126
43 47 0.161
43 50 0.208
43 54 0.208
43 56 0.165
43 59 0.165
44 51 0.082
44 45 0.169
44 47 0.187
44 52 0.124
44 53 0.188
44 54 0.141
44 55 0.204
44 59 0.15
45 47 0.132
45 51 0.093
45 53 0.119
45 55 0.177
46 49 0.714
46 54 0.661
46 47 0.145
46 48 0.131
46 52 0.185
46 53 0.102
46 55 0.143
46 58 0.102
46 59 0.195
47 57 0.829
47 50 0.198
47 52 0.151
47 56 0.147
47 59 0.109
48 57 0.845
48 49 0.117
48 50 0.129
48 51 0.203
48 52 0.137
48 55 0.137
48 56 0.13
48 58 0.147
49 50 0.168
49 53 0.153
49 55 0.128
49 56 0.187
49 57 0.097
49 58 0.154
49 59 0.197
50 59 0.636
50 53 0.14
50 54 0.18
50 55 0.121
50 56 0.168
50 57 0.176
51 57 0.693
51 55 0.893
51 54 0.148
52 54 0.118
52 55 0.169
52 56 0.158
52 57 0.094
52 59 0.193
53 54 0.201
53 55 0.146
53 59 0.151
55 56 0.114
55 59 0.175
56 57 0.176
