0 33 0.816
0 9 0.534
0 4 0.183
0 21 0.173
0 22 0.428
0 25 0.166
0 59 0.089
0 5 0.174
0 6 0.174
0 7 0.109
0 10 0.186
0 16 0.199
0 19 0.15
0 24 0.165
0 26 0.147
0 34 0.151
0 38 0.157
0 45 0.092
0 46 0.16
0 47 0.116
0 56 0.221
1 31 0.52
1 20 0.768
1 28 0.635
1 7 0.138
1 17 0.127
1 30 0.318
1 4 0.123
1 5 0.12
1 10 0.159
1 13 0.17
1 15 0.158
1 26 0.095
1 36 0.096
1 40 0.133
1 43 0.179
1 45 0.189
1 46 0.126
1 47 0.182
1 54 0.118
1 59 0.12
2 40 1
2 5 0.541
2 50 0.028
2 15 0.022
2 38 0.145
2 7 0.099
2 8 0.156
2 9 0.138
2 12 0.132
2 17 0.158
2 21 0.164
2 22 0.142
2 26 0.102
2 27 0.157
2 33 0.131
2 34 0.155
2 37 0.166
2 39 0.107
2 41 0.145
2 47 0.077
2 52 0.108
2 54 0.128
2 55 0.197
2 57 0.204
2 58 0.137
3 17 0.674
3 34 0.924
3 24 0.194
3 30 0.155
3 4 0.129
3 5 0.2
3 8 0.121
3 9 0.103
3 10 0.125
3 12 0.106
3 16 0.139
3 18 0.146
3 20 0.201
3 22 0.126
3 23 0.133
3 31 0.15
3 33 0.116
3 35 0.155
3 37 0.157
3 39 0.153
3 47 0.157
3 58 0.22
4 42 0.827
4 57 0.891
4 11 0.889
4 23 0.136
4 47 0.16
4 56 0.143
4 5 0.113
4 9 0.155
4 12 0.118
4 18 0.062
4 21 0.134
4 22 0.162
4 25 0.149
4 28 0.107
4 29 0.181
4 38 0.158
4 45 0.193
4 48 0.072
4 50 0.155
4 54 0.163
4 55 0.118
4 59 0.117
5 53 0.557
5 41 0.15
5 23 0.149
5 29 0.177
5 45 0.094
5 55 0.135
5 6 0.162
5 10 0.141
5 11 0.193
5 12 0.149
5 19 0.155
5 27 0.135
5 31 0.191
5 32 0.168
5 36 0.162
5 38 0.158
5 39 0.162
5 49 0.157
5 52 0.186
5 57 0.136
5 58 0.168
6 50 0.724
6 34 0.192
6 39 0.186
6 40 0.331
6 49 0.108
6 7 0.123
6 8 0.204
6 13 0.12
6 17 0.171
6 19 0.199
6 23 0.144
6 25 0.143
6 43 0.169
6 45 0.126
6 46 0.153
6 47 0.18
6 53 0.101
7 13 0.887
7 15 0.594
7 46 0.503
7 11 0.172
7 37 0.151
7 23 0.125
7 25 0.165
7 30 0.096
7 31 0.158
7 38 0.142
7 44 0.139
7 50 0.128
7 51 0.125
7 53 0.15
7 55 0.156
7 58 0.142
7 59 0.19
8 50 1
8 56 0.814
8 40 0.889
8 52 0.549
8 25 0.18
8 12 0.089
8 18 0.196
8 19 0.062
8 31 0.163
8 53 0.123
8 57 0.105
8 9 0.146
8 23 0.151
8 24 0.147
8 33 0.166
8 34 0.248
8 35 0.116
8 41 0.127
8 43 0.174
8 54 0.103
9 47 1
9 12 0.143
9 21 0.218
9 26 0.135
9 57 0.209
9 10 0.123
9 15 0.112
9 16 0.195
9 17 0.176
9 19 0.145
9 23 0.182
9 24 0.15
9 25 0.111
9 32 0.142
9 34 0.117
9 36 0.161
9 37 0.14
9 41 0.195
9 43 0.112
9 44 0.149
9 45 0.156
9 46 0.177
9 51 0.092
9 53 0.147
9 58 0.145
10 22 0.149
10 29 0.042
10 45 0.171
10 51 0.222
10 53 0.2
10 21 0.167
10 25 0.129
10 27 0.141
10 28 0.178
10 32 0.132
10 34 0.193
10 35 0.172
10 38 0.151
10 47 0.143
10 50 0.145
10 57 0.195
10 58 0.121
11 48 0.849
11 54 0.684
11 14 0.158
11 23 0.181
11 26 0.144
11 31 0.163
11 53 0.126
11 12 0.114
11 13 0.129
11 19 0.21
11 20 0.215
11 32 0.144
11 41 0.174
11 47 0.128
11 50 0.174
11 55 0.181
11 56 0.108
11 58 0.138
12 34 0.754
12 24 1
12 44 1
12 51 0.993
12 22 0.326
12 56 0.472
12 20 0.166
12 29 0.183
12 15 0.211
12 17 0.15
12 18 0.165
12 27 0.185
12 45 0.17
12 48 0.129
12 50 0.187
12 53 0.121
12 54 0.188
13 15 1
13 29 1
13 30 0.754
13 33 0.13
13 55 0.179
13 18 0.161
13 19 0.124
13 31 0.132
13 39 0.176
13 41 0.151
13 46 0.175
13 47 0.124
13 48 0.178
13 49 0.157
13 50 0.191
13 51 0.141
13 56 0.186
13 57 0.127
14 20 1
14 16 0.109
14 25 0.123
14 37 0.179
14 54 0.292
14 15 0.139
14 17 0.153
14 22 0.186
14 28 0.168
14 30 0.147
14 35 0.144
14 40 0.116
14 41 0.167
14 42 0.153
14 46 0.124
14 48 0.11
14 52 0.151
14 55 0.174
15 38 1
15 39 0.134
15 50 0.162
15 17 0.168
15 19 0.174
15 25 0.158
15 31 0.196
15 32 0.116
15 34 0.139
15 41 0.138
15 42 0.186
15 44 0.125
15 45 0.18
15 48 0.201
15 51 0.172
15 53 0.105
15 54 0.123
15 58 0.17
16 56 0.464
16 46 0.718
16 59 0.263
16 21 0.131
16 36 0.174
16 51 0.128
16 20 0.155
16 24 0.171
16 26 0.149
16 27 0.118
16 38 0.178
16 43 0.112
16 50 0.137
16 55 0.127
16 57 0.153
17 28 0.127
17 33 0.172
17 47 0.133
17 52 0.051
17 54 0.201
17 56 0.118
17 21 0.152
17 26 0.162
17 27 0.163
17 31 0.133
17 34 0.168
17 37 0.17
17 38 0.153
17 44 0.162
17 50 0.118
17 59 0.166
18 30 0.906
18 45 0.844
18 54 0.524
18 37 0.881
18 38 0.187
18 53 0.256
18 20 0.207
18 22 0.144
18 23 0.081
18 24 0.115
18 25 0.135
18 31 0.125
18 33 0.134
18 34 0.134
18 43 0.111
18 57 0.12
19 50 0.132
19 22 0.147
19 24 0.16
19 26 0.135
19 32 0.111
19 35 0.125
19 39 0.128
19 43 0.149
19 46 0.18
19 58 0.143
20 25 0.423
20 24 0.097
20 37 0.162
20 49 0.13
20 51 0.246
20 21 0.182
20 22 0.132
20 23 0.141
20 36 0.094
20 38 0.155
20 41 0.158
20 43 0.148
20 46 0.105
20 47 0.105
20 48 0.171
20 54 0.174
21 31 0.852
21 54 0.776
21 39 0.749
21 41 0.134
21 46 0.273
21 30 0.141
21 34 0.134
21 35 0.074
21 36 0.176
21 37 0.178
21 47 0.141
21 51 0.132
21 53 0.143
21 56 0.192
22 55 0.868
22 40 0.899
22 52 0.858
22 32 0.215
22 34 0.13
22 41 0.125
22 44 0.154
22 46 0.157
22 47 0.142
22 48 0.201
22 50 0.101
22 51 0.169
22 53 0.147
22 57 0.116
23 49 0.695
23 40 0.696
23 32 0.684
23 47 0.17
23 33 0.155
23 26 0.147
23 27 0.156
23 30 0.116
23 31 0.146
23 35 0.187
23 36 0.183
23 37 0.096
23 43 0.161
23 48 0.107
23 50 0.167
23 54 0.189
24 39 0.693
24 55 0.759
24 40 0.13
24 53 0.112
24 35 0.181
24 43 0.165
24 47 0.14
24 50 0.201
24 56 0.155
25 49 0.861
25 57 0.793
25 52 1
25 55 0.782
25 44 0.119
25 59 0.126
25 27 0.177
25 32 0.176
25 34 0.19
25 38 0.172
25 39 0.121
25 43 0.097
25 53 0.159
25 58 0.134
26 52 0.688
26 35 0.126
26 46 0.087
26 28 0.152
26 34 0.143
26 36 0.16
26 39 0.194
26 40 0.11
26 41 0.133
26 42 0.131
26 49 0.189
26 57 0.158
27 36 0.087
27 37 0.116
27 49 0.181
27 28 0.219
27 29 0.161
27 31 0.169
27 34 0.078
27 38 0.166
27 39 0.141
27 50 0.1
27 54 0.186
27 56 0.15
27 58 0.137
28 36 1
28 32 0.336
28 29 0.178
28 30 0.159
28 38 0.134
28 43 0.128
28 44 0.128
28 48 0.16
28 49 0.107
28 51 0.139
28 55 0.161
28 56 0.148
28 57 0.136
28 58 0.145
29 38 0.967
29 41 0.141
29 32 0.138
29 33 0.135
29 35 0.149
29 44 0.105
29 46 0.135
29 47 0.11
29 51 0.118
29 54 0.155
29 55 0.121
29 58 0.132
30 48 1.0
30 45 0.195
30 59 0.154
30 31 0.147
30 33 0.132
30 34 0.128
30 37 0.108
30 40 0.128
30 42 0.151
30 46 0.138
30 51 0.121
30 56 0.15
31 54 0.637
31 32 0.136
31 37 0.14
31 39 0.181
31 43 0.134
31 48 0.162
31 50 0.186
31 51 0.163
31 57 0.072
31 58 0.126
31 59 0.156
32 54 0.09
32 33 0.15
32 35 0.209
32 38 0.163
32 39 0.131
32 45 0.164
32 47 0.12
32 48 0.152
33 53 0.924
33 54 0.632
33 39 0.558
33 38 0.18
33 34 0.157
33 37 0.157
33 42 0.147
33 43 0.162
33 44 0.143
33 45 0.127
33 46 0.143
33 47 0.111
33 51 0.206
33 57 0.118
33 58 0.185
34 48 0.751
34 37 0.127
34 58 0.062
34 36 0.14
34 38 0.179
34 39 0.165
34 42 0.18
34 47 0.16
34 57 0.103
35 47 0.606
35 40 0.726
35 45 1
35 57 0.09
35 42 0.135
35 51 0.136
35 55 0.171
36 43 0.158
36 45 0.119
36 49 0.164
36 50 0.114
36 51 0.141
36 53 0.159
37 43 0.746
37 50 0.717
37 46 0.038
37 49 0.288
37 38 0.165
37 45 0.155
37 55 0.132
37 57 0.164
38 59 0.165
38 40 0.177
38 42 0.139
38 47 0.156
38 51 0.166
38 52 0.173
38 57 0.143
39 48 0.041
39 41 0.186
39 49 0.145
39 50 0.218
39 51 0.182
39 52 0.176
39 57 0.165
40 59 0.841
40 44 0.822
40 46 0.188
40 50 0.166
40 56 0.306
40 48 0.185
40 54 0.154
41 52 0.887
41 47 0.27
41 51 0.211
41 42 0.11
41 43 0.212
41 45 0.166
41 46 0.162
41 49 0.157
41 58 0.095
42 53 0.799
42 57 0.108
42 45 0.127
42 49 0.135
42 50 0.203
42 56 0.134
43 55 1
43 48 0.851
43 44 0.103
43 46 0.126
43 49 0.192
43 54 0.154
43 59 0.186
44 51 0.223
44 47 0.157
44 52 0.122
44 54 0.153
44 56 0.139
44 58 0.141
45 48 0.144
45 50 0.146
45 55 0.111
45 56 0.09
46 49 0.748
46 54 0.61
46 48 0.188
46 50 0.144
46 52 0.179
46 56 0.166
46 57 0.189
46 58 0.11
47 57 0.989
47 54 0.03
47 50 0.149
47 51 0.129
47 59 0.152
48 57 0.58
48 49 0.155
48 51 0.095
48 55 0.086
48 59 0.187
49 56 0.155
50 59 0.708
50 53 0.131
50 56 0.176
51 57 0.707
51 55 1
51 52 0.079
51 58 0.1
51 53 0.199
51 59 0.08
52 55 0.13
52 57 0.133
52 59 0.204
53 58 0.13
53 55 0.156
53 57 0.098
53 59 0.136
54 55 0.138
54 58 0.189
55 58 0.124
57 58 0.113
