0 33 0.896
0 25 0.07
0 1 0.159
0 7 0.167
0 10 0.223
0 12 0.133
0 13 0.13
0 29 0.129
0 32 0.132
0 39 0.166
0 42 0.169
0 43 0.169
0 44 0.119
0 51 0.205
0 54 0.191
0 58 0.129
1 20 0.651
1 28 0.66
1 21 0.049
1 29 0.119
1 6 0.195
1 24 0.122
1 7 0.16
1 8 0.09
1 10 0.149
1 11 0.089
1 15 0.159
1 19 0.136
1 30 0.102
1 32 0.102
1 34 0.192
1 44 0.138
1 46 0.092
1 50 0.165
1 52 0.196
1 59 0.131
2 40 0.814
2 11 0.697
2 25 0.127
2 10 0.006
2 19 0.172
2 3 0.127
2 5 0.148
2 6 0.112
2 14 0.198
2 15 0.121
2 16 0.184
2 18 0.194
2 22 0.144
2 26 0.135
2 28 0.098
2 29 0.134
2 39 0.184
2 42 0.156
2 45 0.104
2 51 0.183
2 54 0.15
2 57 0.176
3 17 0.919
3 34 0.912
3 57 0.038
3 21 0.152
3 7 0.159
3 8 0.124
3 9 0.166
3 10 0.149
3 12 0.178
3 18 0.112
3 23 0.126
3 25 0.101
3 30 0.134
3 35 0.204
3 39 0.187
3 44 0.154
3 45 0.14
3 46 0.139
3 47 0.117
3 49 0.177
3 50 0.172
3 52 0.144
3 53 0.22
3 54 0.144
3 55 0.184
3 59 0.117
4 57 0.849
4 11 0.976
4 36 0.703
4 27 0.146
4 9 0.172
4 42 0.171
4 44 0.136
4 10 0.137
4 19 0.136
4 22 0.159
4 23 0.173
4 26 0.1
4 31 0.119
4 33 0.171
4 43 0.133
4 45 0.161
4 48 0.113
4 49 0.172
5 10 0.143
5 12 0.363
5 36 0.167
5 42 0.166
5 53 0.191
5 17 0.164
5 21 0.154
5 22 0.131
5 23 0.147
5 25 0.135
5 26 0.132
5 27 0.122
5 28 0.167
5 38 0.109
5 43 0.137
5 55 0.195
5 57 0.171
5 58 0.139
6 50 0.753
6 12 0.233
6 13 0.147
6 14 0.148
6 17 0.107
6 21 0.163
6 22 0.15
6 23 0.196
6 25 0.182
6 29 0.142
6 30 0.162
6 33 0.162
6 34 0.129
6 35 0.166
6 41 0.111
6 42 0.163
6 43 0.113
6 46 0.136
6 47 0.15
6 48 0.12
6 54 0.181
6 58 0.126
7 13 0.954
7 40 0.142
7 15 0.001
7 56 0.164
7 10 0.273
7 36 0.129
7 9 0.156
7 19 0.169
7 20 0.172
7 29 0.193
7 31 0.151
7 34 0.146
7 41 0.167
7 42 0.158
7 45 0.097
7 46 0.19
7 57 0.192
7 58 0.121
8 50 0.979
8 56 0.954
8 18 0.139
8 40 0.178
8 9 0.122
8 12 0.156
8 15 0.133
8 16 0.114
8 22 0.116
8 29 0.168
8 30 0.154
8 31 0.203
8 32 0.175
8 33 0.156
8 34 0.177
8 36 0.161
8 37 0.151
8 39 0.134
8 45 0.122
8 48 0.103
8 52 0.15
8 53 0.132
8 58 0.144
9 47 0.863
9 10 0.155
9 17 0.261
9 13 0.12
9 14 0.19
9 15 0.143
9 20 0.141
9 21 0.213
9 28 0.155
9 29 0.11
9 33 0.205
9 35 0.16
9 44 0.133
9 45 0.166
9 46 0.138
9 57 0.14
9 59 0.164
10 24 0.013
10 37 0.185
10 45 0.13
10 13 0.194
10 16 0.186
10 17 0.208
10 18 0.132
10 28 0.145
10 30 0.109
10 31 0.178
10 34 0.144
10 35 0.214
10 36 0.184
10 39 0.132
10 40 0.169
10 43 0.168
10 50 0.114
10 52 0.16
10 54 0.145
10 55 0.193
11 48 0.735
11 12 0.111
11 37 0.163
11 20 0.152
11 23 0.138
11 25 0.172
11 29 0.039
11 31 0.187
11 33 0.161
11 38 0.151
11 41 0.157
11 43 0.121
11 52 0.128
11 57 0.178
12 24 0.846
12 44 1
12 51 0.81
12 42 1
12 17 0.043
12 34 0.294
12 46 0.162
12 14 0.043
12 15 0.198
12 25 0.157
12 26 0.144
12 27 0.157
12 28 0.203
12 31 0.124
12 36 0.135
12 40 0.149
12 53 0.138
12 59 0.098
13 15 0.929
13 30 0.692
13 26 0.135
13 42 0.13
13 17 0.174
13 21 0.1
13 24 0.152
13 28 0.161
13 34 0.098
13 35 0.185
13 38 0.142
13 49 0.102
13 52 0.098
13 59 0.12
14 20 1
14 16 0.144
14 19 0.136
14 21 0.208
14 23 0.135
14 27 0.15
14 28 0.153
14 29 0.143
14 31 0.14
14 34 0.096
14 35 0.156
14 38 0.203
14 43 0.185
14 45 0.203
14 46 0.174
14 48 0.153
14 53 0.119
14 55 0.139
14 56 0.206
14 59 0.158
15 38 0.743
15 37 0.153
15 53 0.205
15 34 0.011
15 39 0.13
15 26 0.158
15 27 0.168
15 32 0.147
15 43 0.161
15 45 0.153
15 48 0.158
15 49 0.128
15 58 0.127
16 56 0.524
16 46 0.664
16 18 0.179
16 21 0.199
16 22 0.107
16 23 0.188
16 27 0.115
16 32 0.136
16 33 0.131
16 34 0.149
16 36 0.176
16 42 0.165
16 44 0.163
16 47 0.094
16 59 0.167
17 26 0.156
17 47 0.18
17 48 0.21
17 49 0.139
17 20 0.133
17 22 0.088
17 25 0.186
17 28 0.14
17 29 0.15
17 33 0.181
17 38 0.121
17 39 0.135
17 44 0.078
17 51 0.134
17 52 0.122
17 53 0.125
17 58 0.131
18 30 0.682
18 45 1
18 37 0.687
18 26 0.154
18 27 0.097
18 21 0.199
18 25 0.185
18 29 0.134
18 33 0.164
18 36 0.177
18 39 0.171
18 41 0.143
18 50 0.121
18 51 0.121
18 52 0.141
18 53 0.129
19 51 0.228
19 42 0.186
19 21 0.126
19 25 0.125
19 28 0.067
19 30 0.163
19 35 0.16
19 36 0.141
19 37 0.127
19 38 0.142
19 39 0.151
19 45 0.153
19 59 0.136
20 23 0.122
20 30 0.133
20 45 0.122
20 56 0.201
20 24 0.172
20 26 0.1
20 31 0.158
20 34 0.137
20 37 0.105
20 39 0.164
20 54 0.132
21 31 1
21 54 0.673
21 34 0.126
21 23 0.192
21 48 0.129
21 24 0.141
21 28 0.142
21 33 0.148
21 35 0.172
21 38 0.163
21 39 0.139
21 43 0.15
21 52 0.148
21 56 0.144
21 57 0.19
21 59 0.152
22 55 0.979
22 40 0.919
22 37 0.147
22 49 0.01
22 53 0.14
22 23 0.158
22 24 0.127
22 28 0.142
22 29 0.158
22 30 0.188
22 31 0.125
22 32 0.224
22 34 0.133
22 39 0.113
22 41 0.138
22 46 0.174
22 51 0.09
22 52 0.144
22 58 0.142
23 49 0.804
23 40 0.791
23 32 0.568
23 42 0.128
23 51 0.358
23 57 0.131
23 26 0.17
23 29 0.171
23 36 0.132
23 43 0.158
23 45 0.2
23 53 0.14
23 58 0.183
24 39 0.644
24 55 0.895
24 33 0.202
24 27 0.173
24 31 0.108
24 36 0.144
24 45 0.177
24 46 0.168
24 49 0.142
24 53 0.078
25 49 0.83
25 57 0.609
25 52 0.927
25 55 0.696
25 28 0.135
25 31 0.159
25 33 0.151
25 37 0.152
25 42 0.181
25 43 0.137
25 45 0.182
26 43 0.168
26 46 0.155
26 31 0.228
26 37 0.16
26 41 0.132
26 45 0.127
26 52 0.203
27 49 0.052
27 28 0.156
27 29 0.179
27 32 0.127
27 38 0.071
27 43 0.256
27 31 0.222
27 33 0.149
27 36 0.119
27 37 0.173
27 41 0.129
27 42 0.092
27 45 0.145
27 46 0.163
27 48 0.153
27 51 0.129
27 55 0.144
27 56 0.185
27 57 0.143
27 59 0.081
28 31 0.174
28 43 0.198
28 33 0.196
28 35 0.111
28 42 0.13
28 50 0.158
28 54 0.102
28 56 0.151
28 57 0.115
28 58 0.108
29 38 1
29 39 0.124
29 55 0.186
29 56 0.166
29 31 0.196
29 33 0.152
29 35 0.178
29 36 0.128
29 37 0.124
29 41 0.131
29 44 0.171
29 47 0.151
29 48 0.147
29 54 0.133
30 48 1
30 50 0.156
30 38 0.134
30 39 0.141
30 41 0.138
30 54 0.145
30 58 0.192
30 59 0.184
31 54 0.913
31 44 0.598
31 58 0.288
31 32 0.209
31 33 0.089
31 39 0.163
31 41 0.184
31 46 0.154
31 47 0.186
31 52 0.159
31 53 0.188
31 56 0.191
32 47 0.143
32 51 0.141
32 33 0.155
32 37 0.152
32 38 0.145
32 41 0.084
32 45 0.149
32 46 0.159
32 48 0.188
32 55 0.192
32 59 0.18
33 53 0.761
33 39 0.779
33 52 0.074
33 48 0.072
33 54 0.095
33 56 0.161
33 35 0.16
33 37 0.142
33 43 0.113
33 57 0.192
33 58 0.165
34 41 0.094
34 53 0.156
34 39 0.177
34 45 0.135
34 46 0.139
34 48 0.187
34 57 0.183
35 38 0.144
35 42 0.125
35 46 0.199
35 47 0.087
35 48 0.179
35 49 0.172
36 40 0.174
36 52 0.127
36 55 0.16
36 58 0.153
37 43 0.791
37 38 0.155
37 44 0.198
37 45 0.166
37 46 0.169
37 48 0.157
37 49 0.159
37 54 0.178
37 55 0.159
37 58 0.11
38 39 0.12
38 41 0.141
38 46 0.168
38 52 0.129
38 53 0.112
39 44 0.301
39 42 0.155
39 40 0.137
39 45 0.182
39 47 0.13
39 50 0.136
39 51 0.15
40 59 0.654
40 44 1
40 42 0.121
40 43 0.127
40 45 0.135
40 58 0.131
40 47 0.165
40 51 0.194
40 52 0.106
40 53 0.172
41 52 0.823
41 42 0.184
41 43 0.174
41 50 0.122
41 54 0.167
41 55 0.153
42 53 0.609
42 44 0.145
42 52 0.163
42 45 0.178
42 47 0.112
42 50 0.139
42 55 0.131
42 56 0.18
42 58 0.162
43 55 0.846
43 48 0.987
43 57 0.21
43 59 0.163
43 45 0.164
43 46 0.13
43 49 0.115
43 50 0.193
43 51 0.177
43 52 0.162
43 53 0.178
43 54 0.162
43 56 0.165
44 56 0.298
44 47 0.189
44 51 0.089
44 54 0.127
44 55 0.191
44 58 0.149
45 50 0.108
45 55 0.176
45 57 0.112
45 58 0.16
46 49 0.812
46 48 0.1
46 58 0.095
46 51 0.17
46 47 0.097
46 54 0.175
46 57 0.118
46 59 0.261
47 57 0.757
47 52 0.139
47 50 0.123
47 53 0.146
47 56 0.155
48 57 0.752
48 53 0.104
48 58 0.118
49 54 0.152
49 56 0.171
50 59 0.639
50 51 0.158
50 52 0.174
50 53 0.119
51 55 0.855
51 52 0.135
51 57 0.217
51 58 0.218
52 57 0.168
52 53 0.157
52 58 0.191
52 59 0.184
53 58 0.31
56 59 0.132
