0 33 0.793
0 28 0.24
0 46 0.225
0 26 0.221
0 35 0.233
0 50 0.236
0 55 0.133
0 1 0.18
0 2 0.135
0 3 0.137
0 8 0.148
0 15 0.178
0 17 0.098
0 19 0.208
0 20 0.131
0 21 0.17
0 24 0.176
0 31 0.075
0 32 0.187
0 34 0.102
0 37 0.164
0 38 0.144
0 39 0.153
0 43 0.121
0 51 0.148
0 56 0.104
0 58 0.136
1 20 0.858
1 12 0.138
1 39 0.231
1 44 0.199
1 59 0.148
1 2 0.146
1 4 0.132
1 7 0.157
1 8 0.125
1 11 0.179
1 13 0.172
1 15 0.198
1 21 0.192
1 22 0.133
1 23 0.157
1 25 0.107
1 33 0.189
1 34 0.155
1 38 0.156
1 40 0.193
1 41 0.149
1 42 0.138
1 46 0.186
1 47 0.193
1 48 0.141
1 54 0.146
2 11 0.875
2 54 0.193
2 14 0.176
2 19 0.399
2 23 0.131
2 40 0.113
2 41 0.174
2 3 0.101
2 8 0.162
2 10 0.121
2 12 0.149
2 13 0.138
2 17 0.17
2 18 0.181
2 21 0.174
2 24 0.201
2 27 0.151
2 29 0.154
2 31 0.177
2 34 0.123
2 37 0.116
2 39 0.195
2 42 0.16
2 46 0.176
2 48 0.134
2 49 0.103
2 50 0.18
2 51 0.102
2 53 0.134
3 17 1
3 34 0.146
3 58 0.189
3 6 0.214
3 8 0.137
3 9 0.115
3 10 0.156
3 12 0.142
3 13 0.129
3 15 0.14
3 16 0.155
3 20 0.126
3 22 0.113
3 25 0.129
3 36 0.177
3 37 0.174
3 38 0.111
3 41 0.142
3 45 0.091
3 47 0.151
3 48 0.162
3 51 0.188
3 54 0.145
3 56 0.187
3 59 0.169
4 36 0.689
4 5 0.184
4 10 0.204
4 25 0.209
4 52 0.204
4 12 0.117
4 16 0.2
4 19 0.173
4 24 0.164
4 33 0.16
4 34 0.164
4 35 0.099
4 37 0.152
4 38 0.196
4 39 0.088
4 54 0.109
4 55 0.168
5 23 0.129
5 36 0.304
5 22 0.17
5 30 0.135
5 31 0.017
5 8 0.106
5 15 0.18
5 18 0.132
5 19 0.147
5 26 0.203
5 27 0.177
5 28 0.121
5 34 0.174
5 35 0.138
5 41 0.135
5 44 0.162
5 45 0.122
5 47 0.168
5 49 0.152
5 50 0.155
5 54 0.153
5 58 0.116
5 59 0.11
6 29 0.228
6 33 0.247
6 35 0.315
6 10 0.157
6 11 0.173
6 20 0.232
6 22 0.185
6 23 0.148
6 24 0.174
6 27 0.177
6 28 0.161
6 30 0.162
6 39 0.195
6 41 0.165
6 44 0.148
6 45 0.121
6 46 0.195
6 49 0.167
6 52 0.116
6 53 0.134
6 55 0.158
6 56 0.087
6 58 0.142
7 13 0.653
7 20 0.531
7 25 0.269
7 30 0.174
7 33 0.104
7 37 0.136
7 47 0.11
7 8 0.127
7 17 0.134
7 29 0.165
7 31 0.173
7 32 0.111
7 36 0.176
7 39 0.136
7 43 0.137
7 45 0.181
7 53 0.137
7 56 0.128
7 57 0.16
8 50 1
8 26 0.128
8 28 0.258
8 29 0.375
8 39 0.142
8 40 0.399
8 11 0.206
8 19 0.115
8 24 0.178
8 25 0.154
8 33 0.171
8 38 0.08
8 44 0.162
8 51 0.15
8 52 0.166
8 54 0.116
8 56 0.105
8 57 0.126
8 58 0.114
9 47 1
9 18 0.151
9 24 0.048
9 37 0.238
9 14 0.121
9 15 0.107
9 16 0.216
9 17 0.132
9 19 0.137
9 21 0.172
9 22 0.049
9 25 0.171
9 27 0.21
9 28 0.144
9 31 0.156
9 32 0.096
9 33 0.127
9 34 0.136
9 36 0.086
9 38 0.164
9 39 0.164
9 44 0.167
9 50 0.134
9 56 0.211
10 58 0.149
10 46 0.158
10 14 0.181
10 21 0.148
10 30 0.114
10 36 0.167
10 37 0.13
10 41 0.118
10 42 0.17
10 43 0.118
10 44 0.159
10 51 0.187
10 53 0.136
10 57 0.208
10 59 0.152
11 48 0.549
11 23 0.137
11 50 0.282
11 14 0.144
11 21 0.163
11 27 0.146
11 39 0.131
11 40 0.169
11 41 0.169
11 44 0.091
11 45 0.154
11 46 0.072
11 51 0.191
11 59 0.156
12 24 0.791
12 51 0.681
12 42 0.684
12 18 0.204
12 37 0.226
12 57 0.187
12 17 0.166
12 27 0.164
12 30 0.132
12 32 0.185
12 33 0.145
12 36 0.13
12 39 0.186
12 41 0.089
12 43 0.104
12 46 0.162
12 47 0.169
12 55 0.17
13 30 0.899
13 57 0.106
13 15 0.228
13 17 0.072
13 28 0.208
13 31 0.156
13 33 0.133
13 41 0.224
13 49 0.302
13 52 0.143
13 22 0.122
13 34 0.152
13 35 0.176
13 37 0.152
13 39 0.173
13 40 0.134
13 43 0.104
13 44 0.143
13 45 0.144
13 47 0.141
13 51 0.169
13 53 0.119
14 20 1
14 50 0.307
14 21 0.028
14 38 0.212
14 41 0.137
14 17 0.176
14 22 0.136
14 25 0.111
14 26 0.143
14 27 0.192
14 28 0.158
14 29 0.146
14 30 0.147
14 32 0.129
14 35 0.158
14 37 0.166
14 39 0.136
14 44 0.128
14 47 0.163
14 51 0.157
14 54 0.171
14 57 0.149
14 58 0.139
14 59 0.156
15 48 0.538
15 16 0.024
15 41 0.034
15 52 0.121
15 20 0.124
15 21 0.166
15 24 0.174
15 26 0.117
15 31 0.132
15 33 0.117
15 34 0.166
15 35 0.157
15 38 0.16
15 40 0.143
15 43 0.18
15 45 0.182
15 50 0.119
15 57 0.129
15 58 0.154
15 59 0.151
16 21 0.08
16 27 0.235
16 42 0.198
16 43 0.301
16 59 0.155
16 17 0.142
16 18 0.141
16 20 0.141
16 22 0.179
16 26 0.134
16 28 0.125
16 32 0.194
16 36 0.137
16 38 0.215
16 39 0.16
16 41 0.177
16 44 0.124
16 45 0.173
16 46 0.132
16 48 0.174
16 50 0.138
16 56 0.181
16 57 0.154
17 20 0.372
17 48 0.381
17 26 0.027
17 29 0.248
17 35 0.201
17 40 0.233
17 56 0.173
17 18 0.156
17 22 0.127
17 25 0.179
17 30 0.202
17 32 0.156
17 34 0.129
17 36 0.138
17 37 0.134
17 38 0.162
17 41 0.119
17 44 0.206
17 46 0.169
17 52 0.165
17 54 0.146
18 30 0.891
18 45 0.611
18 34 0.092
18 55 0.177
18 24 0.332
18 25 0.047
18 19 0.121
18 20 0.146
18 22 0.161
18 23 0.132
18 27 0.117
18 33 0.165
18 35 0.119
18 39 0.102
18 50 0.154
18 53 0.094
18 56 0.173
18 58 0.182
19 21 0.097
19 28 0.224
19 30 0.144
19 24 0.132
19 27 0.175
19 32 0.145
19 38 0.183
19 39 0.125
19 44 0.11
19 52 0.21
19 53 0.076
19 56 0.131
20 30 0.124
20 32 0.179
20 44 0.186
20 46 0.184
20 35 0.145
20 38 0.144
20 40 0.177
20 41 0.158
20 42 0.183
20 45 0.152
20 48 0.162
20 49 0.164
20 50 0.169
21 31 0.82
21 55 0.343
21 23 0.092
21 29 0.249
21 33 0.177
21 37 0.348
21 39 0.281
21 42 0.194
21 22 0.138
21 25 0.118
21 27 0.125
21 32 0.179
21 34 0.125
21 36 0.145
21 44 0.146
21 47 0.154
21 52 0.137
22 55 1
22 40 0.916
22 23 0.147
22 49 0.071
22 58 0.237
22 24 0.107
22 27 0.18
22 29 0.146
22 33 0.138
22 35 0.132
22 36 0.186
22 39 0.189
22 42 0.135
22 43 0.102
22 44 0.177
22 50 0.152
22 52 0.106
22 54 0.171
22 57 0.187
22 59 0.194
23 49 0.771
23 40 0.936
23 32 0.809
23 33 0.233
23 26 0.124
23 41 0.226
23 51 0.22
23 53 0.106
23 24 0.106
23 29 0.123
23 31 0.139
23 34 0.212
23 35 0.152
23 37 0.152
23 38 0.096
23 39 0.143
23 44 0.165
23 47 0.16
23 52 0.161
23 55 0.137
23 56 0.14
24 39 0.537
24 37 0.226
24 44 0.28
24 25 0.179
24 27 0.149
24 30 0.104
24 35 0.163
24 41 0.165
24 43 0.152
24 47 0.165
24 51 0.169
24 52 0.11
24 56 0.191
24 59 0.142
25 49 1
25 52 0.629
25 39 0.251
25 45 0.132
25 51 0.231
25 28 0.145
25 29 0.111
25 33 0.162
25 34 0.153
25 37 0.133
25 40 0.117
25 41 0.18
25 43 0.104
25 44 0.17
25 50 0.191
25 55 0.152
25 56 0.097
25 58 0.162
26 42 0.19
26 29 0.131
26 30 0.115
26 32 0.153
26 33 0.192
26 34 0.112
26 36 0.108
26 37 0.124
26 38 0.162
26 44 0.122
26 49 0.123
26 50 0.121
26 51 0.146
26 54 0.152
26 55 0.132
26 58 0.132
27 35 0.128
27 58 0.059
27 29 0.152
27 32 0.148
27 33 0.182
27 34 0.171
27 37 0.115
27 38 0.121
27 39 0.147
27 44 0.144
27 47 0.129
27 48 0.137
27 51 0.145
27 52 0.171
27 53 0.124
27 56 0.156
28 32 0.17
28 43 0.317
28 46 0.154
28 55 0.115
28 30 0.137
28 34 0.143
28 37 0.164
28 38 0.154
28 40 0.125
28 45 0.172
28 48 0.181
28 51 0.194
28 52 0.169
28 56 0.154
28 58 0.18
28 59 0.174
29 38 0.704
29 35 0.123
29 36 0.082
29 37 0.179
29 39 0.149
29 42 0.146
29 43 0.159
29 44 0.145
29 45 0.164
29 46 0.144
29 47 0.188
29 56 0.142
30 47 0.232
30 35 0.116
30 57 0.243
30 31 0.146
30 32 0.181
30 36 0.114
30 39 0.199
30 44 0.111
30 48 0.108
30 51 0.096
30 52 0.138
30 59 0.106
31 54 0.624
31 53 0.176
31 55 0.128
31 32 0.152
31 33 0.154
31 36 0.156
31 38 0.084
31 42 0.15
31 43 0.118
31 45 0.13
31 47 0.187
31 49 0.124
31 59 0.133
32 46 0.224
32 51 0.204
32 34 0.157
32 35 0.15
32 36 0.17
32 37 0.168
32 45 0.185
32 47 0.121
32 49 0.181
32 55 0.136
32 56 0.135
33 52 0.317
33 34 0.18
33 35 0.158
33 36 0.122
33 38 0.155
33 41 0.143
33 42 0.13
33 44 0.169
33 45 0.179
33 46 0.159
34 36 0.129
34 52 0.122
34 58 0.178
34 37 0.194
34 41 0.158
34 46 0.146
34 47 0.143
34 48 0.074
34 50 0.165
34 53 0.153
34 54 0.144
35 58 0.211
35 41 0.181
35 42 0.142
35 49 0.138
35 52 0.183
35 59 0.112
36 51 0.256
36 43 0.135
36 53 0.334
36 38 0.081
36 40 0.213
36 41 0.145
36 46 0.177
36 54 0.131
36 59 0.159
37 43 0.64
37 53 0.225
37 39 0.144
37 40 0.141
37 42 0.141
37 44 0.174
37 45 0.14
37 49 0.137
37 50 0.105
37 52 0.195
37 55 0.138
37 56 0.143
37 57 0.124
38 48 0.137
38 50 0.127
38 51 0.17
38 54 0.152
38 55 0.192
38 56 0.182
38 57 0.174
38 58 0.175
38 59 0.154
39 41 0.033
39 42 0.241
39 45 0.121
39 53 0.01
39 46 0.228
39 56 0.158
39 44 0.158
39 48 0.088
39 52 0.136
39 57 0.108
40 59 0.596
40 44 0.681
40 42 0.12
40 46 0.118
40 55 0.157
41 56 0.104
41 57 0.293
41 42 0.151
41 44 0.153
41 49 0.113
41 50 0.147
41 52 0.124
41 58 0.153
42 47 0.128
42 51 0.171
42 56 0.138
42 58 0.126
43 55 0.615
43 48 0.671
43 46 0.186
43 56 0.129
43 44 0.126
43 50 0.159
43 51 0.168
43 52 0.147
43 53 0.2
43 54 0.142
43 57 0.159
44 55 0.189
44 45 0.028
44 49 0.299
44 48 0.133
44 51 0.165
44 56 0.135
44 59 0.154
45 48 0.303
45 51 0.09
45 52 0.096
45 54 0.146
45 55 0.133
45 57 0.204
45 59 0.132
46 55 0.21
46 48 0.094
46 50 0.221
46 58 0.156
46 59 0.109
47 55 0.126
47 48 0.153
47 49 0.143
47 51 0.145
47 53 0.08
47 54 0.123
47 59 0.132
48 57 0.863
48 54 0.096
48 55 0.12
49 50 0.196
49 51 0.216
49 55 0.162
50 59 0.611
50 55 0.772
50 54 0.159
50 57 0.18
50 58 0.198
51 55 0.597
51 52 0.055
51 59 0.033
51 57 0.158
51 58 0.166
52 59 0.194
53 55 0.143
53 57 0.187
54 57 0.152
54 56 0.2
55 58 0.151
56 57 0.097
56 59 0.138
57 59 0.166
