0 21 1
1 25 0.699
1 47 0.002
2 39 0.952
3 7 0.973
3 51 0.813
3 25 0.675
4 41 0.823
4 33 0.884
4 6 0.22
4 21 0.117
5 28 0.62
5 47 0.768
5 18 0.103
7 11 1
7 59 0.869
8 56 0.441
9 12 0.687
10 27 0.929
10 52 0.596
11 19 0.881
11 51 0.549
13 15 0.074
14 39 0.891
15 32 0.595
16 25 0.563
17 37 0.115
19 29 0.153
20 42 0.349
20 22 0.509
21 49 0.152
23 35 0.154
23 56 0.144
24 57 0.557
25 51 0.779
26 39 0.289
30 32 0.844
30 59 0.569
30 43 0.414
30 50 0.128
31 48 0.914
31 37 0.116
31 54 0.158
34 45 0.413
36 55 0.944
36 53 0.558
38 56 0.242
39 46 0.287
40 59 1
41 51 0.346
44 53 0.578
45 48 0.602
58 59 0.054
