0 22 0.679
0 47 0.925
0 34 1
0 13 0.767
0 1 0.885
0 30 1
0 21 0.973
0 15 0.928
0 28 0.675
0 39 0.659
0 43 0.606
0 14 0.134
0 3 0.146
0 33 0.14
0 35 0.157
0 54 0.135
0 8 0.18
0 19 0.115
0 31 0.128
0 41 0.163
0 51 0.176
0 9 0.185
0 18 0.166
0 32 0.12
0 52 0.123
0 20 0.203
0 23 0.172
0 25 0.167
0 27 0.167
0 36 0.194
0 38 0.114
0 40 0.116
0 44 0.155
0 49 0.144
0 56 0.088
0 59 0.128
1 19 1
1 42 0.838
1 51 0.744
1 18 0.722
1 9 0.892
1 28 0.143
1 31 0.17
1 21 0.129
1 26 0.149
1 27 0.178
1 33 0.185
1 38 0.103
1 52 0.176
1 53 0.14
1 3 0.181
1 5 0.16
1 7 0.129
1 14 0.167
1 23 0.141
1 29 0.13
1 34 0.145
1 47 0.155
1 56 0.146
1 6 0.219
1 20 0.147
1 24 0.166
1 35 0.151
1 39 0.175
1 48 0.154
1 55 0.141
2 39 0.916
2 58 0.578
2 38 0.675
2 22 0.8
2 54 0.59
2 18 0.512
2 26 0.527
2 37 0.126
2 47 0.136
2 56 0.13
2 15 0.107
2 23 0.141
2 29 0.17
2 34 0.172
2 43 0.162
2 49 0.118
2 7 0.136
2 17 0.132
2 25 0.167
2 28 0.104
2 30 0.195
2 3 0.13
2 4 0.15
2 5 0.188
2 10 0.087
2 12 0.131
2 21 0.178
2 24 0.144
2 45 0.138
2 48 0.145
2 51 0.167
2 8 0.104
2 14 0.161
2 31 0.125
2 35 0.098
2 40 0.132
2 44 0.093
2 46 0.11
2 52 0.196
3 24 1
3 26 0.953
3 48 0.634
3 28 0.162
3 56 0.159
3 9 0.087
3 11 0.154
3 10 0.217
3 36 0.202
3 37 0.156
3 38 0.15
3 50 0.239
3 51 0.149
3 15 0.203
3 25 0.149
3 39 0.14
3 45 0.119
3 58 0.162
3 8 0.122
3 12 0.205
3 13 0.111
3 22 0.158
3 44 0.189
3 54 0.114
3 5 0.156
3 17 0.174
3 18 0.19
3 21 0.179
3 23 0.115
3 27 0.258
3 29 0.18
3 33 0.175
3 34 0.109
3 35 0.16
3 41 0.113
3 42 0.153
3 46 0.17
3 47 0.172
4 27 0.857
4 56 0.541
4 30 1
4 10 0.892
4 8 0.861
4 48 0.552
4 28 0.608
4 54 0.525
4 21 0.519
4 24 0.123
4 26 0.146
4 17 0.118
4 7 0.192
4 40 0.153
4 58 0.154
4 31 0.152
4 34 0.173
4 44 0.13
4 6 0.177
4 9 0.145
4 25 0.132
4 45 0.159
4 50 0.15
4 51 0.105
4 13 0.119
4 19 0.11
4 33 0.165
4 35 0.154
4 38 0.172
4 52 0.114
4 53 0.101
4 57 0.107
5 44 0.726
5 19 1
5 56 0.548
5 25 0.11
5 10 0.113
5 15 0.122
5 18 0.146
5 36 0.161
5 8 0.21
5 32 0.225
5 40 0.165
5 48 0.168
5 50 0.172
5 13 0.218
5 16 0.144
5 20 0.136
5 22 0.197
5 24 0.152
5 26 0.104
5 27 0.142
5 33 0.1
5 39 0.185
5 43 0.125
5 45 0.197
5 47 0.181
5 49 0.118
5 59 0.092
6 23 0.581
6 17 0.548
6 49 0.579
6 48 0.696
6 7 0.52
6 55 0.155
6 33 0.143
6 39 0.108
6 8 0.118
6 22 0.165
6 58 0.19
6 10 0.116
6 18 0.142
6 30 0.083
6 51 0.164
6 25 0.194
6 26 0.08
6 40 0.138
6 11 0.127
6 12 0.139
6 13 0.224
6 19 0.184
6 31 0.125
6 32 0.15
6 34 0.167
6 38 0.168
6 41 0.134
6 42 0.14
6 44 0.13
6 50 0.189
6 53 0.154
6 54 0.201
7 11 0.943
7 44 0.727
7 59 1
7 57 0.978
7 10 0.683
7 20 0.776
7 47 0.524
7 45 0.541
7 8 0.135
7 12 0.145
7 30 0.206
7 39 0.17
7 34 0.163
7 38 0.126
7 58 0.135
7 23 0.154
7 28 0.138
7 32 0.113
7 33 0.167
7 35 0.167
7 50 0.092
7 17 0.184
7 18 0.127
7 26 0.168
7 27 0.15
7 40 0.176
7 41 0.163
7 42 0.114
7 43 0.148
7 46 0.106
7 51 0.187
7 55 0.099
7 56 0.127
8 46 0.962
8 45 0.553
8 28 0.778
8 56 0.597
8 55 0.666
8 31 0.127
8 10 0.128
8 25 0.146
8 14 0.104
8 23 0.156
8 39 0.162
8 26 0.154
8 33 0.104
8 54 0.155
8 16 0.144
8 27 0.159
8 29 0.157
8 44 0.109
8 52 0.112
8 58 0.113
8 9 0.143
8 11 0.158
8 22 0.154
8 30 0.129
8 34 0.126
8 35 0.175
8 40 0.121
8 49 0.11
8 50 0.116
8 51 0.156
9 45 0.561
9 48 1
9 22 0.723
9 26 0.585
9 16 0.111
9 40 0.123
9 51 0.128
9 10 0.099
9 11 0.112
9 23 0.131
9 46 0.199
9 50 0.119
9 19 0.178
9 56 0.175
9 59 0.169
9 28 0.125
9 31 0.179
9 34 0.105
9 35 0.128
9 38 0.161
9 53 0.103
9 55 0.139
9 57 0.108
9 25 0.148
9 27 0.139
9 36 0.097
9 47 0.13
9 54 0.094
10 52 0.998
10 50 0.952
10 18 0.833
10 41 0.119
10 44 0.192
10 21 0.066
10 17 0.127
10 43 0.086
10 49 0.079
10 57 0.138
10 13 0.108
10 14 0.162
10 27 0.174
10 32 0.184
10 35 0.121
10 36 0.18
10 39 0.157
10 42 0.159
10 53 0.125
10 15 0.141
10 19 0.173
10 23 0.126
10 28 0.131
10 29 0.116
10 37 0.122
10 38 0.179
10 46 0.141
10 51 0.133
10 55 0.139
11 13 0.84
11 48 0.92
11 20 0.797
11 54 0.905
11 23 0.857
11 31 0.67
11 30 0.135
11 59 0.141
11 42 0.149
11 15 0.184
11 49 0.125
11 26 0.144
11 32 0.187
11 38 0.148
11 39 0.16
11 51 0.15
11 53 0.199
11 58 0.113
11 16 0.172
11 19 0.205
11 45 0.103
11 46 0.171
11 47 0.158
11 17 0.116
11 21 0.166
11 24 0.169
11 28 0.16
11 34 0.12
11 56 0.165
12 48 0.581
12 46 1
12 56 0.861
12 35 0.787
12 25 0.88
12 18 0.753
12 38 0.623
12 54 0.115
12 47 0.088
12 59 0.131
12 58 0.164
12 16 0.132
12 49 0.156
12 20 0.119
12 57 0.169
12 21 0.163
12 43 0.18
12 42 0.142
12 52 0.135
12 17 0.17
12 22 0.138
12 26 0.17
12 29 0.143
12 36 0.093
12 15 0.11
12 28 0.144
12 34 0.139
12 41 0.153
12 50 0.157
13 14 0.791
13 52 0.936
13 42 0.55
13 36 0.718
13 15 0.971
13 28 0.781
13 55 0.732
13 46 0.199
13 53 0.161
13 54 0.098
13 17 0.153
13 29 0.147
13 31 0.177
13 34 0.163
13 39 0.089
13 50 0.158
13 19 0.158
13 26 0.204
13 30 0.159
13 33 0.082
13 40 0.111
13 49 0.161
13 51 0.166
14 43 0.859
14 29 0.595
14 25 0.921
14 58 0.58
14 50 0.736
14 34 0.209
14 36 0.179
14 23 0.151
14 55 0.119
14 33 0.108
14 45 0.162
14 48 0.129
14 53 0.146
14 15 0.131
14 24 0.095
14 27 0.183
14 38 0.144
14 42 0.197
14 46 0.189
14 17 0.164
14 19 0.096
14 21 0.203
14 31 0.125
14 32 0.095
14 39 0.166
14 52 0.097
14 59 0.136
15 59 0.17
15 41 0.133
15 16 0.119
15 53 0.191
15 26 0.165
15 40 0.155
15 48 0.114
15 20 0.158
15 37 0.137
15 56 0.128
15 17 0.094
15 22 0.153
15 25 0.152
15 27 0.151
15 31 0.146
15 32 0.184
15 34 0.217
15 57 0.151
15 21 0.177
15 23 0.211
15 28 0.166
15 38 0.182
15 43 0.118
15 47 0.123
15 49 0.151
15 58 0.172
16 25 0.975
16 36 0.751
16 38 0.678
16 24 0.142
16 42 0.187
16 46 0.141
16 45 0.194
16 48 0.128
16 56 0.177
16 57 0.188
16 33 0.14
16 29 0.122
16 31 0.151
16 52 0.174
16 26 0.172
16 32 0.144
16 35 0.113
16 37 0.169
16 39 0.15
16 43 0.163
16 47 0.132
16 50 0.182
16 53 0.133
16 55 0.172
16 58 0.15
17 37 0.933
17 58 0.904
17 47 0.959
17 19 0.733
17 36 0.528
17 26 0.157
17 34 0.167
17 59 0.177
17 48 0.143
17 33 0.169
17 41 0.126
17 43 0.171
17 46 0.131
17 32 0.159
17 44 0.148
17 56 0.175
17 20 0.158
17 21 0.202
17 28 0.121
17 40 0.154
17 49 0.166
17 18 0.121
17 22 0.172
17 23 0.135
17 24 0.099
17 29 0.211
17 31 0.123
17 39 0.182
17 53 0.096
17 57 0.139
18 43 0.756
18 42 0.775
18 22 0.983
18 36 0.724
18 40 0.806
18 20 0.137
18 28 0.224
18 35 0.161
18 53 0.18
18 31 0.162
18 41 0.18
18 21 0.159
18 25 0.143
18 26 0.179
18 30 0.186
18 44 0.131
18 48 0.137
18 24 0.196
18 46 0.152
18 49 0.172
18 52 0.14
18 54 0.202
18 55 0.184
18 56 0.137
18 58 0.164
18 23 0.156
18 37 0.194
18 38 0.18
18 39 0.187
18 45 0.152
18 50 0.155
18 59 0.166
19 57 1
19 28 0.997
19 47 0.635
19 32 0.566
19 36 0.571
19 42 0.126
19 52 0.221
19 46 0.14
19 48 0.137
19 29 0.156
19 39 0.135
19 24 0.145
19 26 0.148
19 35 0.142
19 44 0.13
19 55 0.113
19 56 0.123
19 59 0.191
19 20 0.177
19 23 0.154
19 30 0.15
19 37 0.108
19 38 0.17
19 49 0.138
19 51 0.171
20 28 0.925
20 53 0.896
20 52 0.861
20 44 1
20 56 0.653
20 27 0.827
20 59 0.13
20 25 0.135
20 39 0.118
20 29 0.164
20 46 0.151
20 48 0.148
20 22 0.166
20 23 0.136
20 30 0.148
20 31 0.157
20 35 0.133
20 37 0.139
20 38 0.192
20 41 0.087
20 57 0.148
21 49 0.743
21 48 0.778
21 59 1
21 32 1
21 46 0.61
21 38 0.598
21 37 0.572
21 52 0.669
21 36 0.641
21 45 0.144
21 22 0.174
21 30 0.098
21 33 0.144
21 35 0.112
21 43 0.176
21 50 0.125
21 24 0.144
21 25 0.17
21 31 0.147
21 39 0.199
21 40 0.152
21 41 0.183
21 42 0.175
21 51 0.17
22 34 0.809
22 57 0.167
22 25 0.097
22 48 0.136
22 54 0.142
22 24 0.121
22 33 0.157
22 50 0.179
22 28 0.117
22 30 0.152
22 52 0.17
22 53 0.158
22 56 0.15
22 31 0.161
22 36 0.177
22 43 0.126
22 44 0.166
22 46 0.182
23 57 0.523
23 41 0.142
23 24 0.174
23 27 0.103
23 29 0.126
23 47 0.104
23 53 0.179
23 54 0.171
23 55 0.133
23 56 0.101
23 37 0.148
23 42 0.142
23 45 0.122
23 46 0.114
23 25 0.18
23 28 0.153
23 31 0.179
23 34 0.129
23 40 0.161
23 50 0.147
23 52 0.148
23 59 0.195
24 52 0.806
24 46 0.136
24 55 0.183
24 38 0.117
24 32 0.215
24 34 0.168
24 54 0.135
24 36 0.143
24 50 0.153
24 33 0.102
24 58 0.136
24 25 0.103
24 27 0.099
24 29 0.131
24 30 0.101
24 41 0.101
24 42 0.184
24 48 0.242
24 51 0.144
24 57 0.145
25 48 1
25 45 0.612
25 52 1
25 42 0.109
25 47 0.106
25 56 0.096
25 55 0.153
25 59 0.157
25 29 0.155
25 41 0.153
25 46 0.147
25 53 0.181
25 54 0.099
25 30 0.172
25 31 0.126
25 39 0.144
25 49 0.087
25 50 0.182
26 47 0.988
26 36 0.631
26 42 0.087
26 29 0.173
26 38 0.146
26 28 0.159
26 31 0.11
26 50 0.202
26 51 0.098
26 37 0.225
26 41 0.133
26 27 0.142
26 32 0.166
26 43 0.151
26 45 0.103
26 48 0.161
26 52 0.189
26 54 0.211
26 59 0.169
27 30 0.724
27 39 0.819
27 54 0.903
27 33 0.153
27 31 0.103
27 34 0.173
27 37 0.125
27 40 0.093
27 50 0.156
27 52 0.126
27 56 0.113
27 32 0.146
27 36 0.169
27 38 0.138
27 41 0.151
27 57 0.145
27 59 0.151
28 37 0.634
28 32 1
28 52 0.647
28 57 0.106
28 44 0.193
28 39 0.139
28 45 0.153
28 49 0.093
28 50 0.137
28 58 0.202
28 33 0.145
28 35 0.188
28 41 0.181
28 43 0.21
28 46 0.154
28 47 0.149
28 53 0.149
28 54 0.155
28 55 0.152
29 36 0.649
29 31 1
29 42 0.872
29 32 0.687
29 54 0.7
29 49 0.56
29 30 0.538
29 40 0.574
29 57 0.118
29 48 0.133
29 34 0.162
29 51 0.127
29 53 0.146
29 37 0.16
29 52 0.161
29 59 0.157
29 38 0.134
29 45 0.167
29 47 0.201
29 58 0.193
30 59 0.794
30 50 0.693
30 52 0.869
30 42 0.159
30 35 0.174
30 43 0.144
30 46 0.149
30 53 0.132
30 31 0.166
30 36 0.144
30 39 0.088
30 48 0.183
30 51 0.169
31 48 0.673
31 54 1
31 47 1
31 59 0.772
31 50 1
31 37 0.845
31 44 0.834
31 55 0.189
31 43 0.136
31 52 0.166
31 34 0.172
31 32 0.185
31 33 0.141
31 36 0.067
31 39 0.132
31 40 0.137
31 42 0.102
31 46 0.186
31 51 0.055
31 53 0.13
31 56 0.128
32 41 0.667
32 57 0.795
32 56 1
32 33 0.844
32 52 0.174
32 53 0.132
32 37 0.152
32 39 0.13
32 46 0.15
32 45 0.19
32 34 0.171
32 49 0.163
32 55 0.094
32 58 0.164
32 38 0.18
32 42 0.121
32 51 0.141
32 59 0.16
33 42 0.868
33 57 1
33 38 0.147
33 35 0.195
33 39 0.122
33 41 0.185
33 43 0.125
33 52 0.131
33 37 0.133
33 44 0.157
33 48 0.118
33 51 0.195
33 54 0.177
33 59 0.137
34 45 0.898
34 50 0.652
34 35 0.637
34 37 0.135
34 57 0.183
34 44 0.135
34 46 0.166
34 58 0.137
34 41 0.193
34 43 0.13
34 53 0.174
34 54 0.154
34 36 0.104
34 39 0.135
35 51 0.671
35 53 0.949
35 49 0.533
35 36 0.198
35 44 0.177
35 55 0.121
35 56 0.149
35 39 0.161
35 50 0.178
35 52 0.218
35 37 0.128
35 38 0.158
35 41 0.138
36 44 1
36 59 0.654
36 49 0.736
36 57 0.709
36 37 0.128
36 38 0.193
36 39 0.153
36 48 0.151
36 54 0.17
36 40 0.156
36 47 0.167
36 53 0.127
37 40 0.789
37 55 1
37 56 0.571
37 46 0.123
37 41 0.148
37 58 0.073
37 38 0.193
37 42 0.157
37 47 0.105
37 51 0.174
37 53 0.191
37 57 0.132
37 52 0.118
37 54 0.143
37 59 0.196
38 56 1
38 43 0.887
38 50 0.146
38 41 0.173
38 47 0.171
38 52 0.175
38 55 0.126
38 54 0.146
38 42 0.136
38 48 0.125
38 40 0.138
38 46 0.156
38 49 0.134
38 51 0.178
38 57 0.144
39 50 0.681
39 52 0.628
39 45 0.576
39 43 0.105
39 58 0.14
39 59 0.18
39 53 0.142
39 40 0.161
39 51 0.164
39 54 0.183
39 57 0.092
40 41 0.675
40 47 0.564
40 59 0.843
40 51 0.126
40 44 0.124
40 53 0.087
40 48 0.183
40 50 0.1
40 52 0.168
40 54 0.16
40 55 0.15
40 56 0.096
41 45 0.805
41 49 0.602
41 47 0.802
41 55 0.119
41 59 0.204
41 43 0.21
41 50 0.13
41 58 0.155
41 46 0.136
41 48 0.157
42 53 0.981
42 56 0.966
42 49 0.186
42 44 0.147
42 45 0.133
42 48 0.177
42 52 0.168
42 55 0.167
42 43 0.171
42 46 0.142
42 47 0.143
43 51 0.678
43 52 0.169
43 55 0.202
43 47 0.175
43 54 0.162
43 53 0.135
43 44 0.157
44 52 0.752
44 57 0.14
44 56 0.182
44 47 0.13
44 48 0.137
44 54 0.164
44 55 0.185
44 46 0.158
44 49 0.139
44 45 0.125
44 50 0.164
44 53 0.172
45 50 0.756
45 47 0.172
45 54 0.168
45 58 0.129
45 56 0.175
45 59 0.133
45 52 0.099
45 55 0.146
45 57 0.188
46 56 0.965
46 50 0.152
46 51 0.201
46 52 0.16
46 54 0.123
46 55 0.135
46 58 0.137
47 58 0.671
47 50 0.574
47 53 0.665
47 56 0.122
47 49 0.159
47 55 0.139
47 51 0.143
47 54 0.122
47 59 0.205
48 55 0.816
48 51 0.942
48 59 0.52
48 53 0.161
48 54 0.135
48 58 0.143
48 49 0.176
48 50 0.176
48 56 0.122
48 57 0.155
49 53 0.726
49 59 0.63
49 52 0.123
49 56 0.128
49 50 0.155
49 51 0.12
49 57 0.127
49 58 0.179
50 58 0.163
50 59 0.157
50 57 0.22
50 54 0.18
51 57 0.121
51 53 0.123
51 56 0.175
51 59 0.124
52 59 0.123
52 55 0.202
52 58 0.076
53 56 0.128
53 55 0.08
53 59 0.128
53 54 0.128
53 58 0.127
54 57 0.114
54 58 0.132
54 55 0.222
54 56 0.13
54 59 0.17
55 56 0.792
55 58 0.134
55 59 0.166
56 59 0.861
56 58 0.183
56 57 0.14
57 59 0.15
58 59 0.141
