0 20 0.935
0 56 0.605
0 2 0.586
0 24 0.514
0 54 0.997
0 14 0.155
0 11 0.197
0 34 0.128
0 22 0.149
0 43 0.165
0 6 0.201
0 10 0.158
0 13 0.139
0 29 0.171
0 35 0.168
0 42 0.092
0 46 0.135
0 55 0.187
0 3 0.154
0 4 0.16
0 7 0.163
0 8 0.18
0 12 0.165
0 16 0.15
0 17 0.133
0 21 0.168
0 27 0.167
0 30 0.136
0 47 0.091
0 48 0.211
0 50 0.184
0 53 0.126
0 57 0.154
0 58 0.193
0 59 0.136
1 36 0.735
1 45 0.621
1 12 0.701
1 23 0.585
1 28 0.627
1 58 0.694
1 44 0.678
1 55 0.722
1 57 0.931
1 9 0.593
1 17 0.897
1 2 0.594
1 3 0.169
1 38 0.123
1 48 0.104
1 32 0.103
1 56 0.141
1 20 0.151
1 43 0.159
1 24 0.124
1 31 0.115
1 39 0.215
1 46 0.155
1 51 0.137
1 5 0.16
1 10 0.158
1 18 0.146
1 19 0.103
1 21 0.134
1 22 0.109
1 34 0.136
1 41 0.149
1 50 0.138
1 52 0.173
1 53 0.177
2 5 0.873
2 16 0.865
2 10 1
2 12 0.965
2 27 0.671
2 46 0.713
2 24 0.666
2 22 0.519
2 39 0.983
2 58 0.144
2 20 0.188
2 37 0.172
2 49 0.134
2 9 0.173
2 13 0.154
2 42 0.178
2 50 0.167
2 53 0.132
2 3 0.08
2 8 0.152
2 11 0.177
2 32 0.149
2 34 0.151
2 35 0.169
2 43 0.132
2 45 0.175
2 56 0.164
2 59 0.137
2 17 0.155
2 18 0.117
2 30 0.176
2 33 0.12
2 51 0.184
3 30 0.817
3 25 0.934
3 35 0.515
3 52 0.868
3 56 0.817
3 48 0.76
3 55 0.781
3 6 0.648
3 27 0.647
3 15 0.161
3 39 0.206
3 16 0.178
3 37 0.148
3 5 0.137
3 34 0.16
3 40 0.151
3 41 0.195
3 44 0.132
3 4 0.121
3 8 0.115
3 9 0.163
3 12 0.134
3 14 0.154
3 17 0.18
3 18 0.112
3 22 0.181
3 32 0.114
3 36 0.151
3 38 0.136
3 42 0.161
3 43 0.122
3 49 0.09
3 50 0.116
3 58 0.076
4 43 0.814
4 47 0.881
4 22 0.758
4 12 1
4 46 0.522
4 39 0.526
4 40 0.162
4 34 0.133
4 7 0.18
4 14 0.16
4 17 0.142
4 20 0.159
4 26 0.18
4 42 0.145
4 10 0.127
4 28 0.199
4 36 0.136
4 38 0.121
4 51 0.155
4 59 0.194
4 6 0.201
4 8 0.1
4 15 0.137
4 19 0.199
4 23 0.205
4 25 0.093
4 27 0.138
4 37 0.186
4 52 0.138
4 53 0.163
4 56 0.173
4 57 0.122
4 58 0.144
5 16 1
5 10 0.507
5 40 0.866
5 8 0.863
5 42 0.686
5 48 0.55
5 47 0.164
5 11 0.098
5 56 0.169
5 31 0.111
5 45 0.189
5 32 0.186
5 36 0.185
5 17 0.143
5 41 0.161
5 44 0.165
5 7 0.217
5 22 0.172
5 25 0.129
5 26 0.141
5 29 0.172
5 30 0.138
5 34 0.155
5 39 0.152
5 46 0.125
5 55 0.178
5 58 0.171
5 59 0.143
6 16 1
6 14 0.725
6 40 0.734
6 32 0.929
6 54 0.945
6 15 0.197
6 50 0.134
6 52 0.172
6 20 0.178
6 23 0.143
6 43 0.157
6 51 0.171
6 42 0.189
6 18 0.16
6 24 0.127
6 26 0.19
6 35 0.156
6 49 0.121
6 56 0.142
6 7 0.142
6 10 0.117
6 11 0.105
6 12 0.132
6 19 0.13
6 21 0.132
6 28 0.11
6 29 0.19
6 30 0.164
6 31 0.148
6 45 0.139
6 47 0.18
6 57 0.109
7 47 0.965
7 56 0.713
7 39 0.761
7 58 0.185
7 10 0.157
7 44 0.179
7 23 0.126
7 26 0.187
7 28 0.162
7 57 0.163
7 11 0.145
7 15 0.159
7 18 0.156
7 21 0.114
7 32 0.139
7 36 0.094
7 37 0.212
7 45 0.182
7 49 0.118
7 53 0.117
7 54 0.205
7 12 0.191
7 16 0.197
7 19 0.145
7 20 0.132
7 29 0.241
7 30 0.189
7 38 0.173
7 42 0.21
7 51 0.14
7 52 0.155
8 22 0.595
8 47 0.605
8 49 0.695
8 51 0.915
8 57 0.15
8 53 0.079
8 43 0.139
8 23 0.113
8 36 0.113
8 37 0.183
8 12 0.152
8 50 0.169
8 10 0.182
8 15 0.128
8 16 0.123
8 18 0.136
8 24 0.185
8 25 0.147
8 29 0.159
8 32 0.169
8 35 0.129
8 39 0.143
8 44 0.136
8 45 0.116
8 46 0.133
8 52 0.119
8 54 0.176
8 58 0.166
9 26 0.76
9 23 1
9 40 0.658
9 59 0.682
9 16 0.183
9 38 0.183
9 14 0.106
9 55 0.124
9 22 0.178
9 24 0.145
9 28 0.155
9 33 0.144
9 39 0.141
9 43 0.148
9 12 0.134
9 13 0.139
9 15 0.159
9 27 0.161
9 29 0.158
9 31 0.163
9 41 0.176
9 42 0.15
9 44 0.145
9 17 0.177
9 18 0.124
9 32 0.142
9 34 0.09
9 45 0.18
9 47 0.137
9 53 0.127
9 56 0.112
9 57 0.167
10 11 0.854
10 29 1
10 52 0.555
10 24 0.228
10 40 0.171
10 19 0.16
10 37 0.167
10 48 0.154
10 17 0.166
10 25 0.219
10 44 0.175
10 23 0.135
10 32 0.097
10 34 0.138
10 38 0.232
10 46 0.168
10 12 0.196
10 16 0.15
10 18 0.16
10 21 0.117
10 22 0.148
10 28 0.118
10 47 0.21
10 51 0.175
10 54 0.186
10 56 0.21
11 44 1
11 40 0.871
11 39 0.712
11 30 0.186
11 12 0.174
11 25 0.129
11 32 0.152
11 31 0.137
11 54 0.201
11 13 0.131
11 45 0.166
11 58 0.147
11 15 0.112
11 19 0.125
11 23 0.09
11 24 0.136
11 34 0.154
11 41 0.153
11 43 0.192
11 48 0.115
11 14 0.218
11 17 0.164
11 22 0.127
11 33 0.154
11 42 0.148
11 49 0.21
11 51 0.168
11 55 0.135
11 56 0.122
12 41 1
12 39 0.527
12 35 0.14
12 22 0.119
12 28 0.147
12 30 0.136
12 38 0.09
12 42 0.133
12 25 0.154
12 27 0.141
12 34 0.153
12 37 0.139
12 43 0.159
12 44 0.097
12 45 0.176
12 48 0.165
12 31 0.156
12 32 0.183
12 50 0.168
12 52 0.178
12 53 0.158
12 57 0.158
12 58 0.152
12 59 0.127
13 25 0.947
13 59 0.766
13 51 0.13
13 21 0.147
13 38 0.131
13 47 0.161
13 19 0.184
13 26 0.136
13 29 0.198
13 33 0.164
13 34 0.132
13 39 0.178
13 42 0.179
13 45 0.18
13 15 0.147
13 24 0.14
13 28 0.135
13 35 0.096
13 40 0.131
14 17 1
14 35 0.586
14 52 0.798
14 22 0.589
14 20 0.756
14 45 0.159
14 58 0.164
14 23 0.162
14 47 0.158
14 56 0.169
14 48 0.166
14 19 0.23
14 28 0.146
14 33 0.146
14 37 0.156
14 41 0.173
14 51 0.148
14 27 0.178
14 31 0.137
14 38 0.157
14 39 0.153
14 46 0.189
14 49 0.179
14 53 0.159
14 54 0.178
14 57 0.177
15 37 0.646
15 31 0.779
15 28 0.524
15 52 0.573
15 30 0.985
15 56 0.702
15 50 0.568
15 43 0.528
15 39 0.191
15 24 0.2
15 40 0.163
15 34 0.112
15 45 0.163
15 47 0.147
15 33 0.109
15 55 0.175
15 58 0.151
15 23 0.136
15 48 0.112
15 59 0.211
15 17 0.162
15 20 0.157
15 21 0.125
15 25 0.153
15 26 0.183
15 46 0.163
15 49 0.129
16 25 0.626
16 21 0.779
16 40 0.599
16 42 0.944
16 35 0.519
16 48 0.65
16 29 0.165
16 51 0.124
16 26 0.183
16 23 0.163
16 27 0.165
16 34 0.149
16 20 0.128
16 24 0.182
16 33 0.177
16 45 0.147
16 47 0.134
16 56 0.11
16 57 0.118
16 18 0.134
16 30 0.192
16 32 0.167
16 37 0.172
16 49 0.18
16 50 0.17
16 52 0.125
16 59 0.082
17 30 0.59
17 37 0.594
17 49 0.143
17 19 0.209
17 55 0.166
17 34 0.218
17 35 0.115
17 46 0.189
17 21 0.167
17 52 0.157
17 58 0.182
17 18 0.104
17 20 0.194
17 25 0.122
17 29 0.181
17 31 0.186
17 32 0.128
17 33 0.186
17 36 0.142
17 50 0.184
17 51 0.125
18 59 0.552
18 57 0.67
18 19 1
18 26 0.562
18 41 1
18 22 0.568
18 25 0.197
18 32 0.181
18 47 0.128
18 56 0.149
18 48 0.125
18 21 0.176
18 39 0.127
18 40 0.153
18 42 0.188
18 44 0.137
18 55 0.141
18 20 0.104
18 23 0.159
18 24 0.095
18 28 0.185
18 31 0.163
18 33 0.132
18 34 0.135
18 36 0.141
18 37 0.144
18 45 0.184
18 51 0.149
18 54 0.144
19 57 1
19 38 1
19 51 0.839
19 41 0.823
19 24 0.604
19 30 0.19
19 43 0.179
19 44 0.198
19 36 0.146
19 40 0.19
19 28 0.123
19 42 0.199
19 49 0.15
19 50 0.211
19 20 0.152
19 27 0.169
19 35 0.139
19 52 0.107
19 53 0.114
19 21 0.199
19 23 0.113
19 26 0.144
19 29 0.177
19 33 0.12
19 34 0.112
19 37 0.145
19 45 0.139
19 59 0.162
20 27 0.517
20 22 0.776
20 52 1
20 26 0.551
20 44 0.189
20 31 0.148
20 42 0.112
20 46 0.183
20 24 0.154
20 28 0.198
20 38 0.149
20 56 0.13
20 57 0.188
20 21 0.164
20 23 0.143
20 25 0.098
20 29 0.115
20 30 0.187
20 35 0.119
20 41 0.174
20 43 0.113
20 49 0.131
20 51 0.138
20 53 0.145
20 58 0.183
21 36 0.888
21 27 0.824
21 38 0.597
21 51 0.694
21 59 0.149
21 29 0.156
21 43 0.198
21 49 0.122
21 25 0.178
21 45 0.188
21 56 0.111
21 28 0.165
21 32 0.158
21 58 0.137
21 22 0.115
21 35 0.176
21 37 0.194
21 46 0.158
21 53 0.161
21 54 0.181
21 57 0.197
22 50 0.628
22 39 0.667
22 25 0.533
22 35 0.143
22 27 0.105
22 28 0.094
22 54 0.152
22 57 0.178
22 33 0.174
22 38 0.149
22 46 0.211
22 48 0.182
22 42 0.152
22 45 0.13
22 51 0.096
22 36 0.229
22 41 0.122
22 43 0.156
22 44 0.11
22 47 0.159
22 55 0.196
22 56 0.182
22 58 0.141
23 43 0.887
23 26 0.688
23 41 0.148
23 55 0.161
23 32 0.094
23 51 0.141
23 25 0.17
23 35 0.173
23 37 0.131
23 42 0.137
23 48 0.141
23 29 0.158
23 33 0.142
23 44 0.169
23 47 0.146
23 49 0.207
23 50 0.111
23 59 0.114
23 30 0.141
23 31 0.146
23 39 0.122
23 40 0.175
23 52 0.163
23 54 0.11
23 57 0.117
23 58 0.175
24 39 1
24 36 0.717
24 43 0.621
24 57 0.128
24 35 0.094
24 27 0.12
24 50 0.111
24 29 0.164
24 33 0.133
24 48 0.155
24 25 0.168
24 31 0.122
24 34 0.179
24 37 0.17
24 38 0.169
24 41 0.111
24 47 0.172
24 59 0.133
24 26 0.146
24 28 0.137
24 30 0.19
24 42 0.144
24 46 0.122
24 49 0.164
25 44 0.662
25 43 0.775
25 35 0.791
25 54 1
25 26 0.696
25 33 0.191
25 39 0.138
25 45 0.175
25 55 0.152
25 28 0.121
25 46 0.135
25 56 0.146
25 27 0.118
25 31 0.163
25 32 0.167
25 38 0.116
25 48 0.172
25 49 0.166
25 51 0.187
25 53 0.128
25 58 0.192
25 59 0.154
26 35 0.969
26 49 0.878
26 36 0.922
26 44 0.832
26 58 0.16
26 47 0.156
26 46 0.157
26 48 0.165
26 52 0.135
26 55 0.133
26 57 0.161
26 31 0.148
26 34 0.128
26 37 0.16
26 39 0.183
26 40 0.143
26 51 0.129
26 56 0.171
27 31 1
27 40 0.985
27 56 1
27 45 0.988
27 46 0.16
27 41 0.201
27 50 0.197
27 29 0.146
27 39 0.139
27 48 0.176
27 51 0.129
27 59 0.178
27 28 0.195
27 47 0.169
27 52 0.155
27 53 0.174
27 55 0.089
27 58 0.175
28 54 0.946
28 44 1
28 34 0.955
28 49 0.093
28 36 0.167
28 37 0.119
28 40 0.133
28 42 0.168
28 52 0.18
28 56 0.145
28 30 0.165
28 38 0.157
28 39 0.144
28 51 0.159
28 59 0.163
29 43 0.927
29 42 0.986
29 30 0.181
29 34 0.136
29 55 0.181
29 53 0.196
29 45 0.141
29 35 0.144
29 37 0.123
29 38 0.169
29 58 0.17
29 32 0.159
29 33 0.166
29 46 0.135
29 49 0.183
30 32 0.622
30 41 0.86
30 40 0.505
30 52 0.174
30 59 0.178
30 43 0.107
30 57 0.118
30 36 0.083
30 46 0.133
30 55 0.221
30 38 0.143
30 50 0.138
31 33 0.738
31 57 0.539
31 42 0.198
31 46 0.116
31 54 0.15
31 55 0.156
31 32 0.121
31 47 0.165
31 59 0.148
31 35 0.194
31 38 0.157
31 40 0.13
31 48 0.13
31 53 0.172
31 34 0.183
31 36 0.158
31 41 0.149
31 43 0.157
31 44 0.118
31 56 0.167
32 42 0.157
32 44 0.133
32 35 0.143
32 46 0.154
32 50 0.137
32 47 0.105
32 52 0.117
32 59 0.118
32 39 0.148
32 57 0.159
32 33 0.206
32 41 0.152
32 45 0.147
32 53 0.151
32 55 0.183
32 58 0.209
33 49 0.677
33 54 0.991
33 59 0.783
33 47 0.176
33 50 0.122
33 56 0.124
33 53 0.123
33 34 0.173
33 35 0.119
33 37 0.167
33 39 0.087
33 40 0.189
33 44 0.16
33 46 0.058
33 52 0.142
34 40 0.886
34 42 0.517
34 54 0.571
34 51 0.155
34 57 0.144
34 58 0.199
34 45 0.12
34 47 0.133
34 49 0.132
34 55 0.127
34 46 0.138
34 52 0.139
34 56 0.142
34 35 0.21
34 36 0.155
34 39 0.12
34 41 0.151
34 48 0.124
34 53 0.09
34 59 0.154
35 58 0.912
35 48 0.154
35 40 0.162
35 38 0.096
35 43 0.187
35 54 0.118
35 56 0.16
35 36 0.136
35 37 0.114
35 46 0.114
35 49 0.098
35 55 0.155
35 57 0.147
36 39 0.62
36 59 0.715
36 49 0.501
36 41 0.087
36 44 0.153
36 45 0.15
36 46 0.165
36 52 0.152
36 53 0.125
36 38 0.165
36 48 0.153
36 57 0.122
37 58 0.947
37 38 0.805
37 52 0.55
37 40 0.912
37 47 0.167
37 51 0.186
37 53 0.103
37 50 0.135
37 55 0.165
37 41 0.122
37 42 0.158
37 49 0.158
37 48 0.158
38 41 0.719
38 46 0.182
38 51 0.078
38 40 0.16
38 47 0.12
38 55 0.161
38 42 0.168
38 48 0.151
38 50 0.12
38 53 0.117
38 54 0.142
38 56 0.119
39 59 0.597
39 51 0.145
39 56 0.133
39 52 0.194
39 53 0.128
39 54 0.13
39 42 0.134
39 40 0.145
39 45 0.134
39 46 0.187
39 47 0.21
39 58 0.147
39 41 0.197
39 48 0.164
39 55 0.18
40 49 0.086
40 50 0.182
40 52 0.187
40 47 0.179
40 41 0.082
40 46 0.151
40 51 0.146
40 42 0.12
40 44 0.18
40 58 0.145
41 43 0.815
41 44 0.679
41 48 0.137
41 51 0.174
41 53 0.179
41 42 0.116
41 46 0.134
41 49 0.109
41 54 0.178
41 55 0.126
41 57 0.151
41 47 0.186
41 52 0.134
41 58 0.071
41 59 0.187
42 55 0.645
42 47 0.67
42 50 0.151
42 56 0.169
42 53 0.208
42 44 0.116
42 51 0.152
42 54 0.174
42 58 0.136
43 49 0.113
43 51 0.139
43 57 0.165
43 44 0.154
43 54 0.179
44 54 0.716
44 50 0.104
44 58 0.187
44 49 0.167
44 47 0.148
44 51 0.184
44 45 0.182
44 48 0.086
44 52 0.136
44 56 0.161
44 57 0.187
44 59 0.165
45 54 0.559
45 47 0.503
45 56 0.178
45 59 0.134
45 46 0.146
45 55 0.149
45 58 0.179
46 53 0.693
46 57 0.215
46 56 0.153
46 52 0.186
46 51 0.112
46 50 0.163
46 55 0.105
47 59 0.74
47 58 0.134
47 54 0.134
47 55 0.138
47 56 0.16
47 51 0.106
48 56 0.168
48 50 0.185
48 55 0.099
49 52 0.148
49 57 0.151
49 58 0.185
49 56 0.124
50 55 0.936
50 58 0.524
50 59 0.167
50 52 0.157
50 51 0.167
50 53 0.19
50 54 0.126
50 56 0.203
51 55 0.146
51 52 0.148
51 53 0.162
51 58 0.16
51 59 0.162
52 58 0.12
52 59 0.147
53 54 0.173
53 58 0.172
53 56 0.134
53 55 0.134
54 56 0.796
54 57 0.198
54 59 0.129
55 57 0.9
55 59 0.099
55 56 0.131
56 59 0.203
57 59 0.175
57 58 0.125
58 59 0.151
