0 20 0.935
0 56 0.605
0 2 0.586
0 24 0.514
0 54 0.997
0 48 0.176
0 25 0.162
0 39 0.189
0 8 0.187
0 9 0.133
0 13 0.115
0 14 0.156
0 19 0.155
0 23 0.106
0 26 0.135
0 29 0.156
0 33 0.147
0 42 0.126
0 57 0.157
0 59 0.132
0 18 0.104
0 21 0.21
0 22 0.103
0 28 0.192
0 30 0.175
0 32 0.141
0 34 0.146
0 37 0.14
0 38 0.145
0 40 0.136
0 41 0.132
0 43 0.151
0 46 0.095
0 52 0.145
0 55 0.188
0 58 0.173
1 36 0.735
1 45 0.621
1 12 0.701
1 23 0.585
1 28 0.627
1 58 0.694
1 44 0.678
1 55 0.722
1 57 0.931
1 9 0.593
1 17 0.897
1 2 0.594
1 49 0.161
1 41 0.142
1 20 0.156
1 7 0.133
1 18 0.156
1 21 0.145
1 30 0.128
1 39 0.172
1 47 0.183
1 52 0.138
1 53 0.18
1 5 0.176
1 16 0.129
1 25 0.172
1 33 0.199
1 34 0.086
1 35 0.118
1 51 0.167
1 4 0.153
1 14 0.117
1 22 0.122
1 24 0.106
1 27 0.182
1 29 0.157
1 31 0.191
1 37 0.154
1 48 0.144
2 5 0.873
2 16 0.865
2 10 1
2 12 0.965
2 27 0.671
2 46 0.713
2 24 0.666
2 22 0.519
2 39 0.983
2 47 0.13
2 48 0.172
2 8 0.186
2 56 0.162
2 28 0.162
2 7 0.122
2 20 0.129
2 21 0.126
2 30 0.182
2 38 0.168
2 41 0.137
2 3 0.138
2 4 0.162
2 11 0.206
2 13 0.166
2 14 0.152
2 15 0.13
2 18 0.15
2 19 0.136
2 23 0.188
2 29 0.117
2 34 0.112
2 35 0.166
2 42 0.166
2 43 0.149
2 52 0.169
2 53 0.14
2 59 0.157
3 30 0.817
3 25 0.934
3 35 0.515
3 52 0.868
3 56 0.817
3 48 0.76
3 55 0.781
3 6 0.648
3 27 0.647
3 5 0.147
3 13 0.108
3 28 0.089
3 10 0.122
3 36 0.16
3 50 0.169
3 11 0.132
3 22 0.156
3 9 0.157
3 15 0.206
3 21 0.173
3 26 0.128
3 40 0.145
3 4 0.112
3 8 0.219
3 17 0.134
3 20 0.12
3 37 0.167
3 41 0.173
3 43 0.223
3 44 0.124
3 51 0.133
3 53 0.089
4 43 0.814
4 47 0.881
4 22 0.758
4 12 1
4 46 0.522
4 39 0.526
4 41 0.178
4 30 0.158
4 40 0.14
4 15 0.076
4 28 0.176
4 5 0.185
4 14 0.094
4 33 0.144
4 36 0.181
4 42 0.147
4 8 0.179
4 21 0.122
4 52 0.156
4 17 0.11
4 18 0.177
4 35 0.135
4 37 0.154
4 49 0.189
4 54 0.197
4 57 0.104
4 11 0.169
4 13 0.132
4 19 0.161
4 20 0.224
4 24 0.179
4 25 0.132
4 31 0.113
4 51 0.131
4 58 0.197
4 59 0.179
5 16 1
5 10 0.507
5 40 0.866
5 8 0.863
5 42 0.686
5 48 0.55
5 13 0.181
5 26 0.172
5 34 0.191
5 21 0.169
5 9 0.131
5 25 0.149
5 30 0.132
5 12 0.134
5 18 0.173
5 29 0.142
5 32 0.147
5 47 0.15
5 19 0.19
5 45 0.118
5 15 0.084
5 22 0.19
5 37 0.153
5 55 0.133
5 56 0.144
6 16 1
6 14 0.725
6 40 0.734
6 32 0.929
6 54 0.945
6 42 0.168
6 46 0.107
6 55 0.173
6 24 0.155
6 36 0.181
6 58 0.168
6 10 0.232
6 17 0.183
6 18 0.185
6 25 0.121
6 27 0.234
6 52 0.155
6 9 0.175
6 26 0.117
6 38 0.133
6 39 0.146
6 41 0.165
6 49 0.116
6 19 0.173
6 20 0.142
6 22 0.15
6 23 0.164
6 28 0.154
6 47 0.192
6 59 0.147
7 47 0.965
7 56 0.713
7 39 0.761
7 35 0.153
7 23 0.095
7 14 0.185
7 20 0.165
7 33 0.199
7 37 0.096
7 48 0.187
7 46 0.114
7 11 0.173
7 22 0.114
7 38 0.151
7 42 0.154
7 57 0.161
7 15 0.162
7 29 0.139
7 32 0.145
7 40 0.121
7 41 0.163
7 43 0.179
7 49 0.169
7 9 0.174
7 13 0.091
7 17 0.1
7 18 0.094
7 19 0.183
7 26 0.16
7 27 0.117
7 28 0.141
7 45 0.148
7 50 0.15
7 51 0.15
8 22 0.595
8 47 0.605
8 49 0.695
8 51 0.915
8 34 0.166
8 56 0.159
8 14 0.139
8 44 0.151
8 41 0.197
8 9 0.151
8 12 0.139
8 30 0.135
8 42 0.158
8 17 0.227
8 25 0.136
8 28 0.146
8 29 0.201
8 33 0.127
8 45 0.161
8 55 0.159
8 59 0.128
8 10 0.14
8 13 0.14
8 18 0.137
8 20 0.165
8 27 0.174
8 31 0.17
8 58 0.073
9 26 0.76
9 23 1
9 40 0.658
9 59 0.682
9 35 0.136
9 46 0.125
9 47 0.152
9 12 0.137
9 58 0.177
9 11 0.16
9 16 0.17
9 28 0.139
9 29 0.194
9 30 0.121
9 33 0.085
9 39 0.173
9 45 0.12
9 55 0.171
9 56 0.175
9 22 0.148
9 25 0.19
9 31 0.138
9 37 0.114
9 48 0.107
9 49 0.136
9 50 0.22
9 51 0.146
9 53 0.141
10 11 0.854
10 29 1
10 52 0.555
10 19 0.13
10 31 0.091
10 43 0.163
10 24 0.18
10 36 0.207
10 59 0.175
10 25 0.209
10 27 0.184
10 28 0.172
10 40 0.094
10 48 0.147
10 57 0.14
10 13 0.173
10 14 0.156
10 26 0.079
10 30 0.166
10 32 0.094
10 35 0.14
10 38 0.159
10 44 0.169
10 46 0.166
10 55 0.101
11 44 1
11 40 0.871
11 39 0.712
11 17 0.121
11 25 0.149
11 41 0.164
11 51 0.132
11 57 0.15
11 15 0.158
11 28 0.156
11 29 0.135
11 55 0.142
11 58 0.149
11 59 0.174
11 18 0.208
11 20 0.161
11 22 0.115
11 24 0.188
11 26 0.111
11 35 0.188
11 43 0.172
11 49 0.221
11 12 0.17
11 31 0.181
11 33 0.152
11 36 0.179
11 37 0.11
11 45 0.113
11 46 0.16
11 47 0.112
11 50 0.155
11 53 0.158
12 41 1
12 39 0.527
12 23 0.149
12 15 0.128
12 24 0.151
12 28 0.163
12 37 0.157
12 59 0.131
12 14 0.19
12 21 0.126
12 35 0.134
12 36 0.179
12 38 0.147
12 44 0.158
12 46 0.11
12 52 0.104
12 53 0.182
12 56 0.128
12 58 0.169
12 13 0.185
12 22 0.147
12 25 0.163
12 29 0.099
12 43 0.142
12 45 0.137
12 47 0.139
12 49 0.173
13 25 0.947
13 59 0.766
13 51 0.197
13 23 0.139
13 33 0.206
13 36 0.104
13 41 0.159
13 50 0.163
13 29 0.085
13 52 0.145
13 57 0.132
13 46 0.114
13 53 0.126
13 21 0.146
13 22 0.176
13 26 0.152
13 28 0.189
13 31 0.15
13 35 0.139
13 40 0.144
13 42 0.18
13 43 0.195
13 48 0.163
13 58 0.183
14 17 1
14 35 0.586
14 52 0.798
14 22 0.589
14 20 0.756
14 49 0.122
14 48 0.17
14 27 0.169
14 37 0.156
14 30 0.148
14 47 0.11
14 57 0.155
14 21 0.141
14 25 0.14
14 58 0.162
14 16 0.155
14 36 0.123
14 43 0.177
14 53 0.128
14 56 0.121
14 59 0.154
14 23 0.139
14 29 0.101
14 31 0.163
14 33 0.156
14 40 0.114
14 50 0.168
14 55 0.12
15 37 0.646
15 31 0.779
15 28 0.524
15 52 0.573
15 30 0.985
15 56 0.702
15 50 0.568
15 43 0.528
15 45 0.146
15 29 0.124
15 40 0.108
15 27 0.209
15 59 0.124
15 18 0.196
15 20 0.183
15 39 0.133
15 54 0.151
15 25 0.12
15 33 0.173
15 44 0.173
15 51 0.138
15 16 0.199
15 42 0.118
15 46 0.185
15 49 0.184
15 55 0.156
15 57 0.161
16 25 0.626
16 21 0.779
16 40 0.599
16 42 0.944
16 35 0.519
16 48 0.65
16 18 0.115
16 32 0.146
16 28 0.175
16 44 0.172
16 55 0.166
16 17 0.148
16 34 0.123
16 50 0.14
16 20 0.164
16 39 0.171
16 41 0.143
16 49 0.151
16 53 0.183
16 56 0.193
16 58 0.194
16 22 0.164
16 30 0.175
16 37 0.173
16 52 0.158
16 54 0.12
16 57 0.16
17 30 0.59
17 37 0.594
17 22 0.085
17 44 0.131
17 48 0.112
17 46 0.139
17 55 0.195
17 20 0.156
17 21 0.101
17 27 0.138
17 43 0.134
17 56 0.163
17 57 0.157
17 18 0.217
17 24 0.173
17 26 0.179
17 38 0.155
17 42 0.177
17 51 0.164
17 58 0.191
18 59 0.552
18 57 0.67
18 19 1
18 26 0.562
18 41 1
18 22 0.568
18 36 0.112
18 44 0.145
18 58 0.181
18 53 0.18
18 27 0.125
18 29 0.165
18 55 0.197
18 20 0.149
18 23 0.181
18 25 0.173
18 30 0.177
18 31 0.174
18 34 0.198
18 38 0.172
18 46 0.17
18 48 0.143
18 49 0.147
18 51 0.171
19 57 1
19 38 1
19 51 0.839
19 41 0.823
19 24 0.604
19 26 0.119
19 59 0.181
19 35 0.142
19 31 0.155
19 34 0.184
19 42 0.152
19 33 0.163
19 39 0.128
19 44 0.124
19 46 0.167
19 47 0.17
19 48 0.17
19 49 0.178
19 50 0.135
19 53 0.144
19 54 0.143
19 55 0.16
20 27 0.517
20 22 0.776
20 52 1
20 26 0.551
20 38 0.107
20 54 0.155
20 24 0.159
20 28 0.129
20 33 0.144
20 51 0.2
20 40 0.114
20 43 0.209
20 45 0.14
20 47 0.13
20 29 0.116
20 30 0.178
20 35 0.165
20 42 0.165
20 58 0.17
20 59 0.134
20 23 0.164
20 25 0.175
20 32 0.14
20 37 0.166
20 39 0.111
20 46 0.161
20 55 0.122
21 36 0.888
21 27 0.824
21 38 0.597
21 51 0.694
21 29 0.154
21 54 0.138
21 40 0.178
21 43 0.143
21 57 0.184
21 32 0.153
21 47 0.141
21 48 0.21
21 56 0.101
21 22 0.141
21 26 0.126
21 30 0.157
21 37 0.129
21 41 0.182
21 49 0.135
21 52 0.109
21 53 0.151
21 58 0.119
21 59 0.158
22 50 0.628
22 39 0.667
22 25 0.533
22 29 0.155
22 51 0.176
22 28 0.164
22 31 0.111
22 32 0.118
22 38 0.129
22 41 0.211
22 44 0.135
22 56 0.159
22 26 0.146
22 52 0.19
22 35 0.144
22 37 0.107
22 43 0.105
22 46 0.16
22 48 0.137
22 54 0.168
22 55 0.187
22 57 0.136
22 58 0.123
23 43 0.887
23 26 0.688
23 29 0.145
23 46 0.149
23 36 0.147
23 56 0.221
23 49 0.156
23 33 0.135
23 37 0.127
23 30 0.122
23 31 0.161
23 32 0.131
23 39 0.119
23 47 0.152
23 50 0.197
23 52 0.126
23 54 0.169
23 57 0.146
23 59 0.179
24 39 1
24 36 0.717
24 43 0.621
24 51 0.172
24 32 0.128
24 28 0.127
24 41 0.192
24 42 0.131
24 50 0.134
24 52 0.173
24 33 0.1
24 35 0.192
24 57 0.141
24 27 0.173
24 29 0.155
24 30 0.14
24 38 0.155
24 40 0.121
24 47 0.153
24 49 0.108
24 53 0.159
24 56 0.179
25 44 0.662
25 43 0.775
25 35 0.791
25 54 1
25 26 0.696
25 50 0.147
25 47 0.146
25 40 0.119
25 46 0.202
25 51 0.105
25 52 0.156
25 57 0.181
25 27 0.111
25 30 0.124
25 31 0.083
25 36 0.134
25 37 0.173
25 38 0.17
25 49 0.155
25 56 0.162
25 59 0.129
26 35 0.969
26 49 0.878
26 36 0.922
26 44 0.832
26 52 0.158
26 41 0.151
26 58 0.135
26 51 0.117
26 55 0.159
26 57 0.101
26 30 0.21
26 33 0.163
26 34 0.226
26 28 0.136
26 32 0.169
26 53 0.104
26 54 0.139
26 59 0.134
27 31 1
27 40 0.985
27 56 1
27 45 0.988
27 54 0.173
27 51 0.122
27 33 0.135
27 38 0.188
27 46 0.152
27 42 0.169
27 50 0.165
27 30 0.156
27 32 0.071
27 34 0.137
27 35 0.115
27 58 0.147
27 29 0.196
27 41 0.086
27 44 0.185
27 53 0.131
28 54 0.946
28 44 1
28 34 0.955
28 33 0.185
28 46 0.184
28 55 0.134
28 50 0.103
28 56 0.154
28 37 0.153
28 53 0.149
28 59 0.17
28 30 0.179
28 48 0.17
28 29 0.195
28 36 0.193
28 43 0.071
28 51 0.161
28 58 0.153
28 35 0.147
28 39 0.152
28 40 0.135
28 41 0.11
29 43 0.927
29 42 0.986
29 52 0.1
29 39 0.149
29 51 0.14
29 34 0.154
29 36 0.14
29 40 0.11
29 45 0.133
29 57 0.131
29 32 0.203
29 41 0.115
29 47 0.131
29 48 0.127
29 55 0.141
30 32 0.622
30 41 0.86
30 40 0.505
30 37 0.117
30 31 0.188
30 53 0.086
30 57 0.214
30 48 0.159
30 35 0.146
30 33 0.129
30 34 0.13
30 36 0.139
30 38 0.17
30 39 0.14
30 44 0.132
30 49 0.198
30 59 0.111
31 33 0.738
31 57 0.539
31 42 0.194
31 43 0.136
31 49 0.147
31 50 0.127
31 58 0.13
31 34 0.168
31 39 0.151
31 48 0.216
31 35 0.143
31 36 0.149
31 46 0.121
31 47 0.115
31 56 0.11
32 33 0.127
32 54 0.169
32 45 0.198
32 46 0.121
32 50 0.15
32 37 0.161
32 41 0.171
32 53 0.145
32 58 0.15
32 35 0.108
32 44 0.121
32 59 0.173
32 36 0.191
32 38 0.171
32 39 0.119
32 47 0.178
32 56 0.078
33 49 0.677
33 54 0.991
33 59 0.783
33 41 0.164
33 48 0.176
33 36 0.189
33 53 0.136
33 35 0.124
33 40 0.171
33 47 0.152
33 55 0.163
33 56 0.126
33 57 0.131
33 37 0.172
33 44 0.123
33 50 0.161
33 52 0.193
34 40 0.886
34 42 0.517
34 54 0.571
34 53 0.193
34 52 0.128
34 59 0.144
34 48 0.152
34 51 0.212
34 36 0.152
34 56 0.18
34 39 0.162
34 41 0.176
34 46 0.123
34 58 0.181
35 58 0.912
35 52 0.166
35 56 0.111
35 41 0.116
35 42 0.146
35 46 0.156
35 47 0.159
35 48 0.167
35 54 0.143
35 55 0.113
35 59 0.144
36 39 0.62
36 59 0.715
36 49 0.501
36 40 0.133
36 57 0.145
36 55 0.16
36 47 0.181
36 43 0.136
36 44 0.155
36 46 0.126
36 48 0.18
36 52 0.152
37 58 0.947
37 38 0.805
37 52 0.55
37 40 0.912
37 43 0.119
37 55 0.131
37 39 0.11
37 41 0.106
37 45 0.111
37 47 0.152
37 44 0.156
37 46 0.208
37 48 0.15
37 50 0.162
38 41 0.719
38 46 0.156
38 45 0.177
38 53 0.138
38 40 0.142
38 42 0.139
38 50 0.195
38 57 0.129
39 59 0.597
39 47 0.171
39 54 0.16
39 44 0.158
39 51 0.12
39 45 0.199
39 56 0.066
39 53 0.172
39 57 0.095
40 44 0.158
40 43 0.143
40 51 0.16
40 45 0.146
40 54 0.184
40 41 0.131
40 47 0.12
40 50 0.14
40 53 0.128
40 57 0.123
40 58 0.149
40 59 0.174
41 43 0.815
41 44 0.679
41 53 0.161
41 56 0.127
41 46 0.164
41 50 0.198
41 54 0.176
41 57 0.109
41 58 0.129
41 42 0.159
41 49 0.11
41 51 0.2
41 55 0.131
42 55 0.645
42 47 0.67
42 46 0.127
42 49 0.129
42 48 0.189
42 53 0.151
42 58 0.125
42 52 0.148
42 57 0.18
42 59 0.13
43 51 0.125
43 56 0.193
43 55 0.182
43 57 0.136
43 45 0.176
43 48 0.116
43 53 0.132
43 46 0.219
43 47 0.134
43 54 0.167
44 54 0.716
44 46 0.154
44 57 0.172
44 50 0.171
44 55 0.154
44 45 0.137
44 51 0.168
44 58 0.055
44 48 0.132
44 52 0.144
44 53 0.123
44 56 0.121
45 54 0.559
45 47 0.503
45 59 0.199
45 52 0.107
45 53 0.139
45 56 0.191
46 53 0.693
46 47 0.147
46 51 0.19
46 56 0.18
46 59 0.141
46 49 0.125
46 50 0.194
46 52 0.17
46 54 0.216
46 57 0.147
47 59 0.74
47 51 0.133
47 52 0.128
47 53 0.137
47 55 0.104
47 58 0.151
47 49 0.127
48 53 0.138
48 57 0.135
48 56 0.156
48 59 0.131
48 51 0.15
48 52 0.211
48 55 0.117
49 51 0.178
49 57 0.163
49 52 0.096
49 53 0.137
50 55 0.936
50 58 0.524
50 51 0.181
50 52 0.165
50 53 0.14
50 54 0.163
50 57 0.156
51 55 0.221
51 59 0.157
51 54 0.142
51 58 0.142
52 54 0.134
52 58 0.104
52 59 0.155
52 53 0.152
52 57 0.146
53 54 0.165
53 55 0.181
53 56 0.16
53 58 0.075
53 59 0.182
54 56 0.796
54 58 0.15
54 55 0.169
54 57 0.091
54 59 0.147
55 57 0.9
56 59 0.129
56 57 0.115
57 59 0.18
58 59 0.157
