0 37 0.736
0 50 0.89
0 96 0.961
0 24 0.362
0 53 0.087
0 89 0.308
0 97 0.347
0 8 0.15
0 14 0.393
0 31 0.287
0 64 0.24
0 83 0.381
0 5 0.621
0 26 0.248
0 27 0.11
0 36 0.599
0 40 0.209
0 43 0.282
0 58 0.33
0 59 0.124
0 62 0.15
0 65 0.132
0 72 0.429
0 84 0.249
0 90 0.057
0 94 0.298
0 9 0.112
0 10 0.003
0 16 0.514
0 17 0.122
0 19 0.397
0 20 0.271
0 23 0.607
0 25 0.347
0 32 0.039
0 34 0.128
0 46 0.189
0 51 0.218
0 52 0.549
0 55 0.425
0 57 0.316
0 63 0.091
0 70 0.173
0 74 0.651
0 79 0.323
0 80 0.053
0 82 0.071
0 91 0.219
0 98 0.188
0 13 0.148
0 33 0.255
0 69 0.03
0 93 0.094
0 41 0.254
0 87 0.428
0 7 0.382
0 11 0.256
0 44 0.221
0 18 0.124
0 67 0.589
0 60 0.268
0 92 0.174
0 22 0.266
0 30 0.147
0 6 0.253
0 3 0.183
0 12 0.186
0 21 0.463
0 28 0.145
0 29 0.18
0 39 0.429
0 76 0.477
0 71 0.166
0 81 0.427
0 54 0.191
0 38 0.256
0 95 0.186
0 99 0.063
0 1 0.265
0 75 0.125
0 78 0.219
0 61 0.238
0 15 0.176
0 47 0.062
0 35 0.243
0 73 0.205
0 42 0.126
0 85 0.196
0 88 0.141
0 48 0.202
0 45 0.154
0 56 0.488
0 66 0.081
0 77 0.242
0 86 0.234
0 4 0.103
0 68 0.224
0 49 0.118
1 9 1
1 24 0.982
1 35 0.718
1 37 0.831
1 42 0.908
1 43 0.933
1 49 1
1 51 0.871
1 52 0.812
1 56 0.648
1 68 0.696
1 78 0.333
1 3 0.119
1 57 0.306
1 60 0.311
1 76 0.378
1 12 0.223
1 38 0.529
1 87 0.544
1 98 0.247
1 14 0.315
1 15 0.194
1 18 0.281
1 23 0.032
1 33 0.442
1 45 0.193
1 46 0.085
1 61 0.191
1 63 0.171
1 71 0.443
1 84 0.479
1 86 0.46
1 90 0.442
1 96 0.417
1 2 0.202
1 4 0.223
1 6 0.337
1 13 0.441
1 17 0.17
1 25 0.108
1 26 0.57
1 28 0.572
1 31 0.667
1 36 0.103
1 39 0.186
1 41 0.179
1 48 0.443
1 58 0.468
1 59 0.282
1 62 0.1
1 65 0.293
1 66 0.084
1 67 0.368
1 70 0.728
1 72 0.036
1 73 0.424
1 79 0.261
1 82 0.085
1 88 0.134
1 89 0.23
1 91 0.391
1 20 0.135
1 22 0.508
1 94 0.136
1 95 0.469
1 99 0.79
1 53 0.333
1 11 0.351
1 55 0.157
1 69 0.446
1 29 0.25
1 44 0.304
1 83 0.299
1 8 0.368
1 97 0.149
1 50 0.278
1 10 0.316
1 30 0.229
1 93 0.493
1 7 0.181
1 16 0.306
1 40 0.252
1 21 0.326
1 47 0.158
1 81 0.323
1 77 0.317
1 92 0.059
1 64 0.067
1 80 0.297
1 34 0.029
1 32 0.047
1 19 0.067
1 54 0.245
1 27 0.185
1 74 0.187
1 75 0.081
1 85 0.167
1 5 0.193
2 18 0.788
2 20 0.543
2 24 0.469
2 32 0.705
2 44 0.309
2 45 0.703
2 48 0.704
2 51 0.688
2 59 0.867
2 64 0.844
2 68 0.96
2 69 0.703
2 75 0.967
2 82 0.52
2 86 0.522
2 95 0.688
2 15 0.254
2 98 0.346
2 8 0.36
2 12 0.274
2 19 0.075
2 30 0.126
2 56 0.268
2 67 0.094
2 73 0.099
2 85 0.296
2 96 0.583
2 4 0.283
2 10 0.604
2 11 0.334
2 26 0.103
2 28 0.712
2 36 0.113
2 39 0.136
2 50 0.206
2 52 0.182
2 77 0.169
2 84 0.198
2 91 0.094
2 99 0.105
2 3 0.469
2 9 0.208
2 13 0.13
2 14 0.411
2 17 0.084
2 22 0.133
2 29 0.336
2 33 0.419
2 35 0.401
2 37 0.195
2 38 0.114
2 40 0.543
2 41 0.296
2 47 0.415
2 60 0.24
2 62 0.005
2 81 0.439
2 88 0.031
2 93 0.334
2 97 0.368
2 66 0.218
2 80 0.151
2 63 0.449
2 58 0.335
2 23 0.126
2 25 0.067
2 76 0.146
2 65 0.221
2 72 0.625
2 55 0.002
2 90 0.347
2 21 0.203
2 5 0.187
2 34 0.519
2 7 0.282
2 16 0.224
2 87 0.388
2 78 0.046
2 71 0.118
2 79 0.157
2 89 0.315
2 31 0.178
2 46 0.081
2 83 0.046
2 74 0.388
2 70 0.13
2 42 0.056
2 61 0.136
2 94 0.169
2 6 0.179
2 43 0.113
2 53 0.204
2 27 0.127
2 49 0.136
2 54 0.16
2 57 0.158
3 6 0.746
3 40 0.438
3 50 0.746
3 51 0.569
3 54 0.331
3 65 0.142
3 7 0.152
3 15 0.432
3 38 0.096
3 46 0.485
3 47 0.207
3 66 0.393
3 67 0.403
3 69 0.039
3 78 0.246
3 79 0.309
3 4 0.108
3 16 0.63
3 21 0.18
3 26 0.169
3 29 0.483
3 43 0.344
3 44 0.466
3 56 0.138
3 68 0.167
3 90 0.273
3 95 0.366
3 96 0.118
3 97 0.472
3 5 0.235
3 8 0.543
3 10 0.209
3 12 0.337
3 17 0.311
3 19 0.424
3 30 0.157
3 31 0.37
3 37 0.25
3 39 0.437
3 52 0.06
3 57 0.216
3 60 0.363
3 73 0.205
3 76 0.144
3 84 0.195
3 85 0.239
3 86 0.239
3 89 0.198
3 91 0.204
3 93 0.233
3 14 0.483
3 23 0.206
3 48 0.197
3 72 0.375
3 80 0.144
3 59 0.409
3 32 0.169
3 33 0.385
3 63 0.013
3 20 0.026
3 87 0.333
3 22 0.145
3 58 0.22
3 9 0.313
3 94 0.553
3 74 0.277
3 13 0.182
3 35 0.055
3 53 0.138
3 49 0.251
3 88 0.019
3 34 0.157
3 64 0.279
3 70 0.202
3 83 0.256
3 11 0.335
3 77 0.096
3 61 0.158
3 92 0.052
3 99 0.222
3 25 0.089
3 27 0.122
3 28 0.102
3 41 0.182
3 42 0.289
3 71 0.242
3 98 0.126
3 24 0.125
3 55 0.12
3 75 0.214
3 81 0.208
3 36 0.17
3 62 0.161
3 18 0.165
3 45 0.119
3 82 0.178
4 7 0.589
4 28 0.534
4 46 0.765
4 57 0.809
4 59 1
4 62 0.567
4 68 1
4 80 0.901
4 82 0.522
4 92 0.565
4 27 0.102
4 52 0.612
4 14 0.325
4 23 0.262
4 42 0.329
4 47 0.481
4 65 0.16
4 88 0.324
4 95 0.37
4 6 0.366
4 16 0.301
4 17 0.145
4 24 0.127
4 43 0.261
4 63 0.142
4 76 0.503
4 84 0.168
4 94 0.034
4 96 0.474
4 8 0.409
4 9 0.098
4 10 0.096
4 11 0.272
4 13 0.372
4 15 0.042
4 18 0.718
4 21 0.159
4 30 0.283
4 32 0.133
4 40 0.442
4 44 0.338
4 45 0.042
4 50 0.58
4 55 0.343
4 58 0.434
4 60 0.185
4 72 0.362
4 73 0.122
4 75 0.36
4 78 0.235
4 89 0.244
4 90 0.121
4 91 0.127
4 26 0.099
4 37 0.183
4 54 0.103
4 97 0.213
4 81 0.398
4 85 0.137
4 93 0.389
4 48 0.171
4 74 0.382
4 22 0.42
4 64 0.334
4 87 0.026
4 12 0.276
4 35 0.044
4 19 0.055
4 25 0.193
4 5 0.104
4 66 0.17
4 31 0.341
4 33 0.319
4 86 0.064
4 99 0.08
4 36 0.542
4 49 0.336
4 38 0.187
4 39 0.37
4 41 0.293
4 67 0.139
4 71 0.295
4 56 0.063
4 70 0.233
4 51 0.077
4 69 0.381
4 61 0.115
4 53 0.331
4 20 0.348
4 79 0.406
4 83 0.125
4 98 0.098
4 34 0.173
4 77 0.093
4 29 0.159
5 17 0.622
5 43 0.868
5 50 0.732
5 52 0.558
5 59 0.884
5 64 1.0
5 68 0.284
5 81 1
5 85 1
5 89 0.834
5 99 0.885
5 40 0.438
5 46 0.062
5 51 0.559
5 60 0.177
5 62 0.521
5 82 0.346
5 11 0.321
5 27 0.221
5 63 0.18
5 71 0.388
5 73 0.064
5 75 0.265
5 80 0.206
5 7 0.37
5 10 0.569
5 13 0.121
5 14 0.344
5 15 0.608
5 16 0.482
5 21 0.328
5 25 0.319
5 26 0.313
5 28 0.015
5 29 0.368
5 33 0.389
5 36 0.267
5 39 0.182
5 55 0.142
5 61 0.328
5 69 0.023
5 70 0.921
5 90 0.203
5 93 0.289
5 95 0.107
5 35 0.266
5 44 0.23
5 57 0.121
5 88 0.639
5 67 0.173
5 65 0.043
5 58 0.028
5 9 0.038
5 24 0.363
5 37 0.083
5 49 0.27
5 83 0.508
5 8 0.166
5 18 0.269
5 30 0.202
5 45 0.383
5 48 0.106
5 79 0.09
5 54 0.565
5 41 0.003
5 53 0.336
5 76 0.427
5 84 0.333
5 86 0.18
5 20 0.159
5 38 0.294
5 31 0.295
5 47 0.179
5 56 0.192
5 87 0.091
5 91 0.454
5 32 0.28
5 92 0.228
5 96 0.1
5 19 0.039
5 98 0.309
5 12 0.199
5 94 0.043
5 77 0.301
5 42 0.108
5 22 0.265
5 34 0.263
5 97 0.065
5 74 0.106
5 72 0.325
5 23 0.237
5 66 0.121
5 6 0.068
5 78 0.15
6 10 0.818
6 20 0.952
6 24 0.882
6 49 0.782
6 52 0.526
6 58 0.823
6 64 0.576
6 66 0.872
6 88 0.83
6 27 0.338
6 22 0.109
6 74 0.605
6 78 0.459
6 35 0.415
6 84 0.385
6 86 0.22
6 96 0.19
6 19 0.574
6 30 0.141
6 32 0.081
6 42 0.338
6 67 0.41
6 97 0.282
6 98 0.19
6 17 0.206
6 18 0.12
6 23 0.236
6 31 0.361
6 37 0.423
6 40 0.501
6 44 0.15
6 46 0.277
6 65 0.224
6 68 0.073
6 69 0.215
6 79 0.174
6 80 0.21
6 83 0.277
6 90 0.352
6 92 0.31
6 94 0.318
6 26 0.165
6 36 0.395
6 39 0.33
6 45 0.074
6 50 0.314
6 59 0.45
6 89 0.416
6 16 0.082
6 51 0.229
6 14 0.158
6 81 0.076
6 29 0.344
6 33 0.16
6 8 0.145
6 72 0.463
6 21 0.355
6 76 0.07
6 71 0.082
6 12 0.617
6 53 0.079
6 41 0.138
6 93 0.243
6 43 0.069
6 57 0.081
6 11 0.245
6 38 0.349
6 54 0.035
6 25 0.169
6 77 0.12
6 73 0.34
6 13 0.009
6 87 0.282
6 91 0.19
6 48 0.1
6 62 0.589
6 34 0.119
6 47 0.197
6 99 0.294
6 61 0.426
6 56 0.057
6 75 0.219
6 9 0.302
6 60 0.337
6 28 0.173
6 63 0.029
6 95 0.103
6 15 0.168
6 82 0.183
6 55 0.135
6 7 0.191
6 85 0.154
6 70 0.11
7 12 0.956
7 27 0.954
7 28 0.801
7 44 0.427
7 51 0.79
7 58 1
7 64 0.501
7 69 1
7 71 1
7 97 0.082
7 30 0.436
7 14 0.541
7 53 0.32
7 61 0.161
7 85 0.848
7 9 0.258
7 10 0.056
7 21 0.591
7 34 0.444
7 43 0.313
7 45 0.432
7 50 0.148
7 54 0.065
7 59 0.009
7 78 0.169
7 86 0.386
7 87 0.122
7 88 0.378
7 92 0.014
7 94 0.119
7 15 0.16
7 17 0.238
7 20 0.184
7 25 0.214
7 26 0.465
7 31 0.25
7 36 0.357
7 38 0.186
7 41 0.109
7 47 0.173
7 49 0.211
7 60 0.191
7 62 0.376
7 70 0.538
7 73 0.276
7 79 0.58
7 83 0.267
7 19 0.467
7 24 0.42
7 40 0.36
7 52 0.531
7 74 0.391
7 98 0.249
7 13 0.116
7 11 0.211
7 23 0.178
7 76 0.362
7 35 0.262
7 55 0.366
7 18 0.203
7 72 0.282
7 46 0.088
7 91 0.378
7 65 0.343
7 96 0.139
7 42 0.185
7 67 0.519
7 48 0.428
7 56 0.199
7 57 0.112
7 8 0.077
7 33 0.237
7 99 0.355
7 39 0.075
7 75 0.06
7 37 0.1
7 66 0.161
7 77 0.061
7 29 0.194
7 93 0.23
7 68 0.136
7 95 0.23
7 22 0.204
7 16 0.174
7 32 0.112
7 63 0.148
7 80 0.107
7 82 0.286
7 90 0.195
7 84 0.254
7 89 0.133
7 81 0.074
8 12 0.633
8 42 0.827
8 44 0.613
8 45 0.803
8 47 0.671
8 51 0.974
8 54 0.81
8 84 0.85
8 90 0.455
8 99 0.991
8 41 0.172
8 16 0.232
8 48 0.476
8 50 0.273
8 11 0.486
8 39 0.192
8 46 0.43
8 56 0.382
8 66 0.29
8 86 0.443
8 88 0.461
8 95 0.158
8 98 0.313
8 10 0.329
8 18 0.17
8 19 0.091
8 20 0.275
8 22 0.33
8 25 0.443
8 32 0.21
8 36 0.165
8 37 0.223
8 43 0.256
8 52 0.351
8 55 0.274
8 60 0.452
8 61 0.155
8 62 0.448
8 65 0.156
8 68 0.543
8 71 0.397
8 73 0.068
8 77 0.348
8 78 0.131
8 82 0.14
8 83 0.418
8 85 0.059
8 15 0.138
8 29 0.323
8 34 0.057
8 93 0.389
8 9 0.221
8 96 0.201
8 89 0.195
8 74 0.224
8 79 0.25
8 30 0.257
8 69 0.125
8 24 0.217
8 53 0.038
8 80 0.232
8 59 0.056
8 49 0.173
8 57 0.181
8 75 0.288
8 21 0.298
8 76 0.168
8 58 0.313
8 64 0.098
8 72 0.129
8 87 0.264
8 23 0.319
8 67 0.041
8 63 0.101
8 26 0.236
8 70 0.157
8 81 0.112
8 92 0.103
8 31 0.257
8 35 0.37
8 97 0.122
8 91 0.043
8 94 0.115
8 28 0.106
8 17 0.219
8 38 0.144
8 27 0.156
8 13 0.159
8 14 0.116
8 40 0.025
8 33 0.171
9 24 0.884
9 36 0.687
9 43 0.915
9 58 0.804
9 60 0.399
9 61 0.678
9 70 1
9 71 0.415
9 78 0.987
9 82 0.802
9 86 0.938
9 39 0.289
9 62 0.154
9 11 0.17
9 23 0.29
9 15 0.239
9 16 0.193
9 30 0.278
9 75 0.353
9 76 0.073
9 90 0.103
9 10 0.169
9 12 0.434
9 14 0.437
9 18 0.37
9 19 0.181
9 28 0.312
9 31 0.617
9 42 0.282
9 48 0.327
9 52 0.637
9 55 0.424
9 59 0.155
9 85 0.459
9 91 0.161
9 95 0.234
9 17 0.513
9 20 0.319
9 22 0.209
9 25 0.46
9 26 0.326
9 29 0.331
9 40 0.309
9 49 0.566
9 53 0.451
9 57 0.403
9 63 0.601
9 67 0.157
9 72 0.251
9 81 0.419
9 83 0.126
9 84 0.124
9 88 0.228
9 89 0.123
9 93 0.396
9 96 0.166
9 97 0.501
9 99 0.404
9 41 0.122
9 45 0.16
9 64 0.396
9 27 0.377
9 79 0.185
9 92 0.294
9 38 0.284
9 32 0.045
9 35 0.041
9 50 0.391
9 34 0.419
9 98 0.725
9 87 0.065
9 69 0.026
9 21 0.088
9 77 0.469
9 46 0.191
9 74 0.241
9 66 0.049
9 94 0.347
9 44 0.159
9 13 0.219
9 65 0.245
9 51 0.155
9 68 0.099
9 73 0.153
9 56 0.18
9 37 0.153
9 33 0.115
9 47 0.194
9 54 0.163
9 80 0.17
10 11 0.759
10 12 0.127
10 16 0.475
10 25 0.721
10 47 0.651
10 49 0.903
10 52 0.799
10 62 0.888
10 70 1
10 85 0.992
10 89 0.767
10 97 0.931
10 99 0.836
10 75 0.277
10 44 0.317
10 15 0.199
10 38 0.426
10 29 0.439
10 35 0.059
10 53 0.222
10 59 0.405
10 65 0.371
10 74 0.031
10 13 0.524
10 17 0.1
10 18 0.539
10 20 0.107
10 23 0.197
10 26 0.141
10 27 0.089
10 30 0.126
10 33 0.13
10 36 0.195
10 39 0.094
10 45 0.187
10 50 0.365
10 56 0.118
10 60 0.131
10 67 0.128
10 68 0.198
10 71 0.344
10 72 0.089
10 82 0.317
10 86 0.344
10 88 0.339
10 90 0.432
10 91 0.129
10 92 0.211
10 94 0.112
10 98 0.449
10 24 0.281
10 41 0.038
10 48 0.234
10 57 0.008
10 61 0.54
10 19 0.455
10 80 0.182
10 42 0.124
10 73 0.25
10 87 0.439
10 96 0.153
10 21 0.082
10 31 0.441
10 77 0.12
10 81 0.109
10 95 0.273
10 28 0.179
10 46 0.169
10 69 0.172
10 14 0.135
10 51 0.284
10 34 0.189
10 55 0.121
10 93 0.125
10 83 0.088
10 22 0.186
10 63 0.309
10 37 0.157
10 58 0.141
10 32 0.236
10 66 0.058
10 78 0.123
10 79 0.07
10 40 0.134
10 84 0.224
10 76 0.172
10 43 0.129
10 64 0.136
11 20 0.466
11 22 0.88
11 31 0.781
11 38 1
11 46 0.547
11 52 0.636
11 68 0.322
11 80 0.818
11 62 0.279
11 76 0.265
11 59 0.317
11 71 0.334
11 13 0.297
11 45 0.284
11 47 0.357
11 48 0.306
11 61 0.485
11 67 0.764
11 72 0.23
11 75 0.154
11 90 0.178
11 26 0.292
11 30 0.165
11 33 0.621
11 35 0.177
11 40 0.115
11 41 0.113
11 42 0.288
11 53 0.415
11 54 0.152
11 58 0.517
11 64 0.093
11 66 0.114
11 70 0.356
11 81 0.35
11 82 0.254
11 84 0.522
11 86 0.236
11 87 0.203
11 89 0.155
11 91 0.399
11 96 0.302
11 97 0.319
11 98 0.47
11 99 0.253
11 18 0.07
11 43 0.33
11 56 0.395
11 57 0.297
11 73 0.344
11 92 0.043
11 37 0.062
11 88 0.071
11 14 0.282
11 12 0.005
11 78 0.255
11 94 0.345
11 36 0.101
11 24 0.046
11 60 0.315
11 55 0.323
11 74 0.121
11 77 0.063
11 16 0.128
11 19 0.158
11 49 0.053
11 28 0.186
11 65 0.358
11 69 0.253
11 79 0.459
11 29 0.416
11 85 0.259
11 39 0.133
11 15 0.156
11 23 0.122
11 32 0.133
11 83 0.017
11 27 0.189
11 93 0.215
11 51 0.212
11 17 0.048
11 44 0.292
11 34 0.31
11 25 0.279
11 63 0.303
11 50 0.189
11 95 0.207
11 21 0.168
12 14 0.461
12 33 0.782
12 36 0.446
12 58 0.964
12 72 0.687
12 86 0.763
12 88 0.811
12 90 0.994
12 96 1
12 93 0.41
12 95 0.566
12 18 0.249
12 62 0.455
12 75 0.028
12 87 0.727
12 16 0.281
12 21 0.399
12 49 0.161
12 60 0.241
12 70 0.006
12 73 0.665
12 78 0.226
12 13 0.497
12 15 0.242
12 17 0.537
12 20 0.363
12 27 0.268
12 28 0.225
12 35 0.227
12 40 0.162
12 46 0.111
12 50 0.22
12 59 0.13
12 61 0.391
12 68 0.469
12 74 0.657
12 79 0.349
12 81 0.155
12 83 0.241
12 97 0.177
12 98 0.23
12 22 0.563
12 26 0.287
12 34 0.258
12 41 0.39
12 43 0.315
12 53 0.286
12 55 0.009
12 66 0.153
12 69 0.21
12 71 0.181
12 76 0.251
12 77 0.079
12 80 0.037
12 85 0.237
12 94 0.095
12 24 0.274
12 39 0.37
12 42 0.504
12 44 0.302
12 52 0.335
12 99 0.093
12 51 0.354
12 64 0.434
12 82 0.602
12 84 0.328
12 30 0.527
12 57 0.387
12 67 0.021
12 29 0.312
12 63 0.195
12 45 0.024
12 19 0.511
12 91 0.027
12 65 0.201
12 38 0.329
12 48 0.173
12 92 0.137
12 47 0.072
12 32 0.087
12 37 0.081
12 25 0.022
12 54 0.027
12 23 0.073
12 31 0.298
12 56 0.061
12 89 0.123
13 40 0.534
13 43 0.644
13 48 0.916
13 53 0.378
13 55 0.944
13 59 0.529
13 62 0.64
13 70 0.696
13 79 0.983
13 81 0.817
13 41 0.257
13 84 0.379
13 44 0.187
13 47 0.252
13 74 0.122
13 77 0.101
13 86 0.609
13 90 0.302
13 98 0.17
13 23 0.232
13 25 0.09
13 30 0.405
13 31 0.184
13 39 0.558
13 49 0.375
13 78 0.089
13 82 0.527
13 87 0.527
13 89 0.044
13 14 0.154
13 16 0.489
13 26 0.408
13 32 0.41
13 36 0.335
13 42 0.547
13 45 0.048
13 50 0.056
13 52 0.281
13 54 0.4
13 56 0.408
13 58 0.153
13 64 0.207
13 66 0.281
13 68 0.306
13 76 0.007
13 80 0.398
13 85 0.077
13 91 0.32
13 92 0.386
13 96 0.322
13 99 0.21
13 21 0.504
13 24 0.284
13 60 0.159
13 72 0.337
13 19 0.181
13 61 0.244
13 46 0.44
13 37 0.309
13 88 0.128
13 20 0.316
13 27 0.291
13 63 0.144
13 71 0.445
13 94 0.198
13 97 0.204
13 18 0.199
13 28 0.252
13 38 0.289
13 51 0.246
13 83 0.408
13 22 0.272
13 33 0.241
13 34 0.259
13 15 0.389
13 69 0.183
13 29 0.197
13 65 0.248
13 17 0.242
13 57 0.138
13 73 0.012
13 75 0.088
13 93 0.229
13 67 0.336
13 95 0.14
13 35 0.121
14 27 0.622
14 32 0.72
14 48 0.334
14 63 0.851
14 66 0.486
14 71 0.916
14 76 0.67
14 78 0.65
14 84 0.896
14 86 0.613
14 30 0.035
14 51 0.046
14 56 0.309
14 17 0.456
14 18 0.254
14 35 0.577
14 60 0.394
14 64 0.35
14 89 0.212
14 26 0.245
14 28 0.246
14 39 0.393
14 44 0.224
14 46 0.178
14 47 0.229
14 57 0.35
14 58 0.103
14 59 0.302
14 65 0.247
14 73 0.104
14 79 0.062
14 85 0.103
14 87 0.405
14 16 0.345
14 20 0.211
14 40 0.313
14 41 0.078
14 42 0.132
14 53 0.352
14 54 0.33
14 61 0.119
14 67 0.463
14 68 0.166
14 70 0.437
14 72 0.286
14 74 0.192
14 75 0.312
14 77 0.2
14 81 0.116
14 82 0.441
14 90 0.332
14 91 0.694
14 93 0.497
14 94 0.052
14 98 0.383
14 21 0.276
14 38 0.246
14 45 0.184
14 97 0.242
14 36 0.212
14 50 0.306
14 55 0.068
14 96 0.374
14 24 0.444
14 49 0.163
14 31 0.248
14 95 0.214
14 80 0.42
14 25 0.263
14 15 0.184
14 88 0.18
14 23 0.061
14 29 0.183
14 99 0.287
14 69 0.235
14 83 0.324
14 52 0.017
14 22 0.051
14 43 0.117
14 62 0.194
14 92 0.279
14 19 0.168
14 34 0.1
14 37 0.203
14 33 0.172
15 17 0.756
15 23 0.887
15 32 0.769
15 33 0.951
15 48 0.698
15 77 0.971
15 79 0.676
15 80 0.665
15 98 0.964
15 50 0.24
15 24 0.46
15 37 0.24
15 45 0.418
15 22 0.445
15 34 0.207
15 44 0.21
15 84 0.335
15 26 0.259
15 30 0.189
15 41 0.033
15 43 0.09
15 46 0.151
15 47 0.034
15 49 0.134
15 52 0.358
15 55 0.334
15 68 0.366
15 71 0.264
15 82 0.287
15 85 0.604
15 88 0.295
15 92 0.377
15 94 0.212
15 96 0.332
15 19 0.154
15 25 0.123
15 27 0.416
15 29 0.379
15 35 0.288
15 38 0.045
15 39 0.566
15 42 0.996
15 56 0.28
15 57 0.477
15 59 0.372
15 60 0.202
15 61 0.103
15 65 0.321
15 69 0.462
15 87 0.384
15 90 0.174
15 99 0.32
15 21 0.2
15 53 0.171
15 54 0.282
15 73 0.214
15 74 0.24
15 91 0.503
15 31 0.314
15 62 0.394
15 93 0.131
15 18 0.18
15 51 0.441
15 64 0.403
15 28 0.298
15 78 0.079
15 66 0.01
15 67 0.168
15 70 0.187
15 75 0.034
15 76 0.132
15 36 0.317
15 72 0.316
15 83 0.178
15 81 0.208
15 97 0.244
15 20 0.108
15 16 0.141
15 63 0.181
15 40 0.126
15 95 0.255
15 86 0.258
15 89 0.159
15 58 0.154
16 22 0.819
16 41 0.834
16 44 0.956
16 45 0.935
16 92 0.848
16 96 0.139
16 58 0.196
16 64 0.173
16 23 0.371
16 63 0.013
16 85 0.284
16 93 0.451
16 97 0.354
16 24 0.218
16 29 0.269
16 38 0.307
16 40 0.237
16 47 0.645
16 49 0.104
16 50 0.16
16 51 0.198
16 70 0.127
16 84 0.184
16 18 0.334
16 19 0.265
16 26 0.21
16 27 0.35
16 36 0.179
16 42 0.201
16 43 0.18
16 55 0.323
16 61 0.509
16 62 0.316
16 67 0.354
16 68 0.286
16 71 0.505
16 74 0.241
16 79 0.28
16 80 0.226
16 81 0.144
16 82 0.269
16 83 0.264
16 86 0.158
16 87 0.48
16 90 0.165
16 91 0.257
16 94 0.512
16 95 0.095
16 76 0.31
16 72 0.232
16 75 0.172
16 89 0.042
16 35 0.155
16 46 0.172
16 73 0.361
16 20 0.363
16 31 0.132
16 21 0.191
16 33 0.355
16 56 0.129
16 32 0.221
16 88 0.142
16 28 0.07
16 99 0.068
16 78 0.343
16 37 0.37
16 77 0.038
16 39 0.195
16 48 0.357
16 60 0.12
16 17 0.148
16 59 0.278
16 34 0.217
16 66 0.093
16 57 0.072
16 69 0.168
16 30 0.172
16 25 0.248
16 52 0.132
16 54 0.136
16 53 0.197
16 65 0.181
17 18 0.618
17 26 0.798
17 47 0.409
17 56 0.798
17 59 0.728
17 65 0.345
17 78 0.819
17 80 0.861
17 81 0.582
17 84 0.819
17 88 0.108
17 30 0.224
17 75 0.289
17 27 0.306
17 31 0.568
17 45 0.377
17 85 0.007
17 22 0.273
17 25 0.181
17 40 0.124
17 42 0.105
17 43 0.299
17 49 0.253
17 51 0.293
17 53 0.228
17 55 0.025
17 57 0.457
17 64 0.241
17 72 0.322
17 76 0.283
17 79 0.156
17 19 0.223
17 21 0.19
17 33 0.526
17 36 0.322
17 41 0.616
17 44 0.239
17 46 0.161
17 52 0.411
17 54 0.255
17 61 0.512
17 62 0.377
17 66 0.17
17 67 0.076
17 68 0.554
17 69 0.118
17 74 0.388
17 83 0.563
17 89 0.126
17 93 0.017
17 95 0.398
17 99 0.109
17 35 0.272
17 39 0.22
17 48 0.182
17 87 0.356
17 96 0.38
17 92 0.18
17 97 0.35
17 34 0.4
17 50 0.185
17 98 0.179
17 94 0.117
17 82 0.17
17 32 0.066
17 90 0.358
17 20 0.004
17 91 0.225
17 86 0.068
17 60 0.257
17 71 0.215
17 38 0.265
17 29 0.147
17 77 0.129
17 37 0.227
17 58 0.152
17 28 0.141
17 73 0.08
17 63 0.162
17 24 0.17
17 23 0.145
17 70 0.061
18 30 0.984
18 31 0.845
18 45 0.667
18 56 0.534
18 74 1
18 79 0.754
18 97 0.813
18 61 0.18
18 26 0.329
18 33 0.183
18 55 0.268
18 67 0.503
18 99 0.187
18 41 0.635
18 71 0.036
18 83 0.55
18 94 0.245
18 20 0.158
18 23 0.337
18 24 0.239
18 25 0.181
18 29 0.159
18 36 0.314
18 38 0.094
18 43 0.156
18 46 0.355
18 50 0.211
18 51 0.523
18 52 0.103
18 60 0.153
18 64 0.156
18 65 0.088
18 70 0.412
18 72 0.348
18 82 0.345
18 84 0.25
18 85 0.34
18 86 0.369
18 87 0.202
18 92 0.032
18 95 0.482
18 21 0.271
18 42 0.058
18 57 0.277
18 59 0.392
18 78 0.175
18 80 0.19
18 89 0.665
18 93 0.467
18 98 0.331
18 19 0.327
18 58 0.264
18 53 0.074
18 63 0.459
18 49 0.377
18 68 0.465
18 76 0.542
18 44 0.16
18 75 0.369
18 22 0.537
18 32 0.171
18 88 0.175
18 35 0.091
18 81 0.129
18 90 0.409
18 39 0.273
18 91 0.186
18 28 0.183
18 40 0.349
18 73 0.103
18 96 0.059
18 37 0.221
18 47 0.219
18 62 0.068
18 34 0.216
18 66 0.363
18 69 0.216
18 27 0.051
18 48 0.125
18 54 0.181
18 77 0.142
19 21 0.898
19 26 0.57
19 31 0.566
19 37 0.979
19 38 0.985
19 48 0.956
19 56 0.796
19 58 1
19 75 0.64
19 68 0.193
19 76 0.286
19 78 0.319
19 24 0.22
19 25 0.376
19 29 0.262
19 51 0.453
19 54 0.375
19 57 0.472
19 88 0.54
19 91 0.001
19 92 0.552
19 97 0.457
19 28 0.279
19 30 0.262
19 34 0.342
19 41 0.058
19 52 0.459
19 63 0.329
19 90 0.195
19 20 0.013
19 45 0.345
19 46 0.227
19 50 0.041
19 53 0.027
19 66 0.202
19 67 0.454
19 69 0.211
19 74 0.206
19 82 0.304
19 83 0.169
19 86 0.51
19 95 0.168
19 96 0.088
19 98 0.218
19 23 0.336
19 40 0.456
19 59 0.418
19 62 0.41
19 93 0.146
19 79 0.238
19 81 0.16
19 94 0.229
19 84 0.064
19 64 0.167
19 49 0.158
19 71 0.033
19 65 0.47
19 39 0.21
19 70 0.046
19 80 0.424
19 73 0.272
19 60 0.044
19 77 0.308
19 42 0.144
19 35 0.13
19 85 0.08
19 33 0.183
19 61 0.177
19 99 0.299
19 22 0.073
19 27 0.178
19 89 0.07
19 55 0.041
19 47 0.076
19 36 0.207
19 44 0.218
19 72 0.116
19 43 0.146
19 87 0.189
20 28 0.765
20 33 0.948
20 45 0.995
20 73 0.863
20 77 0.836
20 30 0.241
20 36 0.451
20 74 0.314
20 59 0.319
20 66 0.204
20 25 0.375
20 29 0.431
20 38 0.333
20 42 0.705
20 51 0.02
20 53 0.275
20 67 0.491
20 69 0.721
20 81 0.274
20 82 0.295
20 83 0.602
20 85 0.221
20 34 0.507
20 40 0.547
20 41 0.328
20 46 0.316
20 48 0.276
20 49 0.369
20 56 0.585
20 61 0.031
20 63 0.285
20 64 0.223
20 65 0.206
20 75 0.153
20 78 0.108
20 84 0.23
20 88 0.488
20 94 0.136
20 97 0.469
20 98 0.381
20 62 0.111
20 91 0.419
20 92 0.167
20 32 0.134
20 58 0.155
20 79 0.16
20 89 0.221
20 99 0.27
20 57 0.271
20 55 0.078
20 72 0.178
20 50 0.294
20 52 0.287
20 24 0.383
20 23 0.316
20 68 0.304
20 35 0.277
20 21 0.115
20 44 0.209
20 80 0.126
20 87 0.32
20 31 0.054
20 26 0.449
20 27 0.113
20 90 0.362
20 37 0.156
20 39 0.087
20 93 0.267
20 60 0.025
20 43 0.336
20 70 0.016
20 54 0.249
20 95 0.171
20 76 0.18
20 86 0.207
20 22 0.343
20 71 0.164
20 47 0.277
20 96 0.142
21 36 0.97
21 40 0.862
21 42 0.514
21 63 0.875
21 75 0.86
21 76 0.67
21 81 0.841
21 87 0.575
21 88 0.767
21 92 0.755
21 83 0.305
21 57 0.637
21 35 0.56
21 43 0.516
21 44 0.423
21 53 0.525
21 55 0.179
21 58 0.127
21 65 0.376
21 71 0.268
21 74 0.136
21 85 0.417
21 90 0.398
21 96 0.311
21 99 0.357
21 22 0.261
21 23 0.123
21 24 0.277
21 32 0.234
21 39 0.138
21 41 0.035
21 49 0.126
21 51 0.611
21 54 0.36
21 59 0.425
21 66 0.24
21 68 0.227
21 77 0.301
21 78 0.188
21 82 0.414
21 97 0.178
21 62 0.139
21 84 0.492
21 95 0.424
21 56 0.504
21 72 0.091
21 28 0.377
21 48 0.155
21 50 0.621
21 64 0.145
21 45 0.078
21 61 0.085
21 70 0.321
21 93 0.227
21 60 0.068
21 91 0.155
21 33 0.236
21 79 0.21
21 89 0.01
21 30 0.182
21 80 0.049
21 69 0.246
21 27 0.225
21 46 0.055
21 52 0.217
21 38 0.146
21 31 0.159
21 67 0.198
21 26 0.227
21 98 0.209
21 34 0.072
21 94 0.228
21 25 0.313
21 47 0.07
21 29 0.222
21 37 0.2
21 73 0.17
21 86 0.173
22 26 0.694
22 27 0.892
22 29 0.799
22 32 0.277
22 37 0.986
22 46 1
22 48 0.957
22 53 0.757
22 61 0.899
22 62 0.897
22 92 0.749
22 75 0.157
22 38 0.335
22 52 0.095
22 93 0.127
22 49 0.071
22 91 0.354
22 24 0.533
22 31 0.178
22 64 0.309
22 76 0.11
22 84 0.256
22 87 0.451
22 96 0.172
22 25 0.139
22 28 0.279
22 30 0.185
22 34 0.304
22 35 0.322
22 36 0.309
22 39 0.005
22 41 0.3
22 43 0.581
22 58 0.441
22 59 0.284
22 66 0.531
22 68 0.2
22 79 0.349
22 81 0.139
22 88 0.208
22 90 0.019
22 94 0.129
22 95 0.484
22 23 0.333
22 44 0.413
22 45 0.182
22 67 0.156
22 70 0.287
22 73 0.402
22 86 0.45
22 40 0.213
22 51 0.182
22 83 0.095
22 85 0.19
22 97 0.139
22 78 0.166
22 60 0.13
22 98 0.021
22 33 0.135
22 89 0.189
22 71 0.367
22 65 0.395
22 50 0.099
22 77 0.251
22 69 0.045
22 54 0.183
22 55 0.049
22 80 0.327
22 42 0.114
22 63 0.345
22 74 0.21
22 57 0.071
22 72 0.256
22 47 0.131
22 82 0.181
22 99 0.122
22 56 0.155
23 40 0.672
23 50 0.6
23 54 0.93
23 55 0.727
23 58 0.692
23 60 0.351
23 66 0.786
23 78 0.488
23 99 0.528
23 92 0.201
23 75 0.262
23 25 0.136
23 28 0.049
23 33 0.75
23 47 0.396
23 61 0.062
23 70 0.421
23 77 0.091
23 87 0.38
23 96 0.466
23 98 0.063
23 24 0.055
23 26 0.405
23 27 0.19
23 30 0.103
23 34 0.21
23 35 0.225
23 36 0.13
23 37 0.262
23 38 0.329
23 42 0.344
23 43 0.528
23 44 0.44
23 45 0.009
23 53 0.216
23 64 0.017
23 68 0.204
23 73 0.316
23 74 0.184
23 90 0.424
23 95 0.217
23 46 0.712
23 49 0.194
23 57 0.032
23 76 0.072
23 81 0.233
23 86 0.386
23 89 0.304
23 79 0.417
23 67 0.364
23 32 0.18
23 41 0.503
23 52 0.557
23 71 0.284
23 93 0.121
23 51 0.122
23 62 0.132
23 80 0.128
23 85 0.004
23 72 0.117
23 59 0.133
23 88 0.228
23 48 0.111
23 83 0.299
23 63 0.412
23 56 0.169
23 97 0.287
23 82 0.192
23 94 0.218
23 31 0.24
23 39 0.25
23 65 0.173
23 91 0.152
23 69 0.264
23 84 0.056
23 29 0.159
24 33 0.964
24 35 0.803
24 42 0.9
24 51 0.673
24 56 0.443
24 57 0.805
24 58 0.546
24 61 0.484
24 79 0.741
24 94 0.689
24 50 0.283
24 45 0.265
24 68 0.305
24 91 0.597
24 29 0.213
24 40 0.304
24 59 0.415
24 65 0.251
24 67 0.237
24 72 0.14
24 73 0.223
24 90 0.221
24 26 0.236
24 27 0.346
24 37 0.364
24 41 0.775
24 43 0.247
24 49 0.074
24 54 0.038
24 55 0.272
24 63 0.36
24 66 0.234
24 71 0.295
24 78 0.321
24 80 0.124
24 88 0.206
24 95 0.461
24 97 0.214
24 98 0.263
24 99 0.034
24 70 0.254
24 75 0.438
24 86 0.29
24 47 0.33
24 53 0.426
24 62 0.682
24 69 0.205
24 82 0.234
24 81 0.208
24 85 0.012
24 48 0.274
24 64 0.19
24 34 0.274
24 31 0.346
24 74 0.039
24 32 0.349
24 36 0.302
24 77 0.083
24 76 0.169
24 38 0.461
24 25 0.113
24 89 0.135
24 93 0.123
24 46 0.179
24 30 0.165
24 87 0.141
24 44 0.117
24 52 0.196
24 84 0.096
24 83 0.098
24 92 0.141
24 28 0.15
24 39 0.1
24 60 0.189
24 96 0.22
25 36 0.995
25 51 0.648
25 52 0.511
25 59 0.921
25 60 0.883
25 62 0.797
25 87 0.758
25 95 0.659
25 55 0.272
25 43 0.349
25 45 0.293
25 53 0.225
25 61 0.129
25 68 0.247
25 78 0.099
25 84 0.411
25 26 0.295
25 34 0.202
25 37 0.183
25 49 0.264
25 76 0.249
25 27 0.484
25 28 0.136
25 30 0.406
25 32 0.362
25 38 0.125
25 40 0.136
25 41 0.533
25 50 0.251
25 57 0.186
25 63 0.449
25 65 0.307
25 66 0.287
25 70 0.252
25 85 0.418
25 92 0.358
25 94 0.247
25 33 0.15
25 73 0.438
25 90 0.284
25 96 0.219
25 97 0.137
25 98 0.241
25 58 0.238
25 91 0.594
25 99 0.232
25 48 0.392
25 69 0.485
25 83 0.169
25 56 0.173
25 86 0.095
25 74 0.393
25 72 0.137
25 29 0.203
25 47 0.126
25 93 0.132
25 46 0.236
25 75 0.108
25 77 0.206
25 80 0.158
25 35 0.198
25 89 0.211
25 67 0.037
25 81 0.221
25 44 0.157
25 64 0.203
25 88 0.135
25 82 0.152
25 39 0.223
25 79 0.07
25 31 0.246
25 54 0.127
25 42 0.086
25 71 0.085
26 31 0.654
26 46 0.654
26 47 0.784
26 57 0.756
26 70 0.501
26 76 0.349
26 61 0.439
26 74 0.439
26 85 0.052
26 33 0.343
26 34 0.588
26 51 0.139
26 64 0.156
26 75 0.242
26 77 0.345
26 90 0.571
26 94 0.591
26 95 0.335
26 41 0.066
26 43 0.246
26 50 0.378
26 54 0.163
26 27 0.275
26 29 0.131
26 39 0.551
26 40 0.009
26 42 0.57
26 44 0.184
26 45 0.205
26 48 0.319
26 49 0.253
26 52 0.005
26 56 0.151
26 59 0.056
26 62 0.174
26 67 0.321
26 68 0.038
26 69 0.252
26 71 0.276
26 78 0.363
26 79 0.283
26 82 0.402
26 88 0.271
26 93 0.142
26 99 0.212
26 72 0.311
26 86 0.062
26 89 0.366
26 97 0.177
26 32 0.163
26 81 0.154
26 60 0.258
26 28 0.076
26 58 0.212
26 35 0.217
26 73 0.175
26 30 0.094
26 91 0.149
26 63 0.063
26 98 0.005
26 37 0.12
26 36 0.038
26 53 0.24
26 66 0.143
26 87 0.079
26 84 0.294
26 38 0.275
26 65 0.001
26 83 0.083
26 80 0.153
26 96 0.176
26 92 0.076
26 55 0.183
27 52 0.442
27 75 0.846
27 79 0.614
27 92 0.877
27 96 0.253
27 32 0.777
27 36 0.165
27 41 0.467
27 53 0.144
27 55 0.487
27 57 0.246
27 63 0.237
27 71 0.194
27 72 0.095
27 76 0.301
27 84 0.272
27 98 0.317
27 29 0.204
27 31 0.12
27 46 0.278
27 51 0.046
27 58 0.563
27 65 0.135
27 86 0.06
27 97 0.247
27 37 0.368
27 39 0.275
27 43 0.385
27 45 0.208
27 49 0.359
27 50 0.452
27 56 0.511
27 59 0.15
27 61 0.123
27 66 0.327
27 73 0.373
27 77 0.224
27 88 0.133
27 94 0.446
27 95 0.098
27 28 0.167
27 30 0.124
27 42 0.368
27 99 0.52
27 62 0.092
27 85 0.59
27 44 0.674
27 47 0.006
27 83 0.464
27 40 0.12
27 35 0.6
27 80 0.125
27 48 0.313
27 89 0.046
27 34 0.35
27 91 0.198
27 82 0.112
27 60 0.304
27 81 0.249
27 78 0.3
27 74 0.363
27 93 0.082
27 70 0.07
27 69 0.094
27 87 0.103
27 67 0.248
27 54 0.051
27 90 0.124
27 68 0.153
27 33 0.125
27 38 0.124
27 64 0.117
28 30 0.483
28 36 0.91
28 50 0.815
28 66 0.976
28 73 0.93
28 74 0.983
28 81 0.815
28 84 1
28 89 0.928
28 94 0.303
28 95 0.792
28 32 0.308
28 42 0.419
28 63 0.648
28 70 0.425
28 78 0.061
28 92 0.258
28 57 0.276
28 33 0.163
28 34 0.43
28 38 0.213
28 41 0.302
28 56 0.086
28 67 0.069
28 68 0.205
28 96 0.664
28 35 0.106
28 37 0.146
28 40 0.279
28 43 0.21
28 46 0.372
28 51 0.212
28 52 0.42
28 53 0.441
28 54 0.07
28 71 0.039
28 72 0.026
28 79 0.204
28 88 0.182
28 98 0.446
28 29 0.216
28 39 0.19
28 55 0.026
28 59 0.05
28 49 0.477
28 44 0.114
28 90 0.52
28 61 0.306
28 45 0.338
28 83 0.186
28 86 0.224
28 75 0.077
28 93 0.169
28 65 0.078
28 69 0.056
28 76 0.61
28 82 0.295
28 31 0.053
28 58 0.041
28 60 0.355
28 62 0.23
28 97 0.399
28 87 0.322
28 91 0.186
28 47 0.295
28 80 0.356
28 99 0.078
28 64 0.084
28 85 0.154
28 48 0.16
28 77 0.018
29 36 0.65
29 44 0.752
29 49 1
29 54 0.551
29 61 0.921
29 62 0.779
29 73 0.737
29 83 0.65
29 74 0.17
29 43 0.486
29 79 0.57
29 41 0.45
29 50 0.336
29 65 0.505
29 33 0.336
29 56 0.281
29 77 0.167
29 85 0.084
29 89 0.472
29 91 0.374
29 94 0.141
29 31 0.305
29 38 0.39
29 39 0.043
29 42 0.208
29 45 0.303
29 46 0.427
29 66 0.266
29 68 0.377
29 70 0.281
29 78 0.172
29 81 0.7
29 84 0.057
29 88 0.084
29 97 0.18
29 40 0.525
29 64 0.311
29 71 0.146
29 95 0.608
29 60 0.02
29 57 0.26
29 55 0.079
29 96 0.379
29 76 0.355
29 99 0.238
29 80 0.335
29 75 0.283
29 34 0.312
29 90 0.77
29 47 0.495
29 72 0.359
29 98 0.251
29 30 0.15
29 35 0.297
29 37 0.303
29 82 0.038
29 87 0.115
29 51 0.331
29 63 0.291
29 53 0.104
29 67 0.154
29 48 0.231
29 93 0.242
29 52 0.182
29 32 0.208
29 92 0.108
29 59 0.168
29 69 0.145
29 86 0.108
30 31 0.788
30 34 0.919
30 40 0.732
30 41 0.9
30 42 0.703
30 46 0.667
30 52 0.625
30 78 0.539
30 83 0.805
30 86 0.829
30 91 0.686
30 92 0.873
30 99 0.797
30 96 0.209
30 35 0.412
30 44 0.265
30 45 0.108
30 47 0.541
30 55 0.66
30 77 0.252
30 94 0.344
30 97 0.341
30 36 0.252
30 43 0.106
30 50 0.405
30 51 0.122
30 59 0.16
30 60 0.214
30 61 0.353
30 64 0.159
30 65 0.061
30 70 0.095
30 73 0.333
30 76 0.766
30 84 0.413
30 90 0.412
30 93 0.09
30 98 0.187
30 48 0.491
30 53 0.495
30 54 0.261
30 95 0.201
30 66 0.469
30 68 0.48
30 49 0.156
30 81 0.393
30 37 0.053
30 72 0.308
30 89 0.551
30 38 0.197
30 58 0.1
30 74 0.06
30 75 0.235
30 39 0.313
30 56 0.171
30 71 0.108
30 80 0.011
30 82 0.105
30 85 0.09
30 88 0.346
30 32 0.295
30 33 0.014
30 69 0.247
30 62 0.162
30 67 0.196
30 79 0.165
30 63 0.09
30 57 0.128
30 87 0.207
31 46 0.897
31 71 0.898
31 73 0.798
31 78 0.77
31 90 0.986
31 93 1
31 77 0.319
31 97 0.644
31 41 0.061
31 34 0.319
31 45 0.278
31 58 0.141
31 61 0.638
31 70 0.441
31 74 0.132
31 86 0.377
31 92 0.351
31 98 0.227
31 40 0.479
31 44 0.115
31 52 0.237
31 56 0.218
31 85 0.012
31 95 0.348
31 39 0.048
31 42 0.364
31 51 0.084
31 62 0.17
31 66 0.173
31 69 0.2
31 79 0.334
31 83 0.421
31 89 0.375
31 47 0.233
31 49 0.125
31 59 0.051
31 63 0.427
31 84 0.145
31 96 0.128
31 82 0.173
31 99 0.252
31 35 0.316
31 75 0.18
31 36 0.053
31 81 0.986
31 72 0.535
31 76 0.212
31 65 0.229
31 60 0.104
31 48 0.447
31 53 0.084
31 57 0.072
31 64 0.083
31 67 0.362
31 54 0.313
31 38 0.427
31 37 0.013
31 87 0.188
31 91 0.081
31 68 0.283
31 88 0.013
31 43 0.239
31 50 0.201
31 94 0.08
31 80 0.153
31 33 0.139
31 55 0.193
31 32 0.169
32 36 0.453
32 38 0.534
32 71 0.876
32 73 0.511
32 89 0.724
32 94 0.824
32 49 0.34
32 50 0.307
32 39 0.488
32 58 0.362
32 66 0.279
32 98 0.086
32 44 0.134
32 52 0.229
32 72 0.493
32 76 0.34
32 86 0.133
32 88 0.12
32 90 0.131
32 93 0.15
32 97 0.126
32 33 0.404
32 45 0.076
32 47 0.025
32 54 0.178
32 56 0.1
32 61 0.325
32 65 0.285
32 68 0.151
32 74 0.302
32 79 0.496
32 87 0.182
32 91 0.47
32 92 0.422
32 96 0.062
32 41 0.628
32 43 0.309
32 84 0.341
32 42 0.219
32 51 0.225
32 35 0.441
32 55 0.146
32 78 0.173
32 82 0.136
32 53 0.542
32 37 0.161
32 80 0.199
32 62 0.127
32 83 0.426
32 64 0.103
32 99 0.223
32 34 0.058
32 63 0.259
32 57 0.123
32 70 0.155
32 59 0.132
32 75 0.361
32 77 0.049
32 40 0.156
32 60 0.079
32 46 0.07
32 48 0.119
32 95 0.193
32 67 0.117
32 69 0.152
32 85 0.151
32 81 0.157
33 40 0.356
33 41 0.82
33 55 0.857
33 58 0.798
33 64 0.867
33 81 0.997
33 87 0.917
33 93 0.281
33 60 0.168
33 67 0.275
33 38 0.337
33 88 0.001
33 34 0.147
33 50 0.338
33 52 0.361
33 35 0.303
33 44 0.117
33 48 0.483
33 54 0.388
33 57 0.431
33 61 0.221
33 68 0.216
33 72 0.565
33 78 0.513
33 79 0.746
33 80 0.164
33 82 0.572
33 84 0.391
33 90 0.496
33 91 0.454
33 94 0.235
33 95 0.286
33 96 0.075
33 97 0.477
33 98 0.479
33 66 0.369
33 73 0.027
33 83 0.114
33 46 0.244
33 76 0.349
33 47 0.194
33 59 0.176
33 62 0.231
33 37 0.42
33 75 0.273
33 99 0.21
33 53 0.111
33 63 0.333
33 74 0.256
33 36 0.079
33 86 0.291
33 42 0.453
33 70 0.069
33 71 0.162
33 77 0.208
33 39 0.124
33 49 0.179
33 51 0.197
33 43 0.193
33 56 0.261
33 45 0.045
33 65 0.147
33 85 0.15
33 69 0.154
33 92 0.291
33 89 0.161
34 49 0.439
34 56 0.697
34 62 0.859
34 91 1
34 95 1
34 99 0.997
34 97 0.461
34 52 0.416
34 71 0.451
34 36 0.134
34 40 0.542
34 41 0.253
34 42 0.296
34 45 0.357
34 51 0.157
34 53 0.174
34 54 0.369
34 55 0.365
34 59 0.147
34 75 0.227
34 82 0.206
34 35 0.072
34 39 0.324
34 46 0.252
34 47 0.063
34 50 0.484
34 60 0.299
34 64 0.079
34 68 0.428
34 79 0.628
34 80 0.411
34 87 0.098
34 88 0.223
34 92 0.061
34 96 0.453
34 98 0.255
34 58 0.094
34 83 0.403
34 86 0.335
34 65 0.265
34 69 0.183
34 66 0.487
34 72 0.099
34 85 0.372
34 90 0.355
34 63 0.115
34 84 0.488
34 43 0.173
34 77 0.44
34 89 0.236
34 76 0.147
34 78 0.129
34 48 0.194
34 38 0.095
34 81 0.126
34 70 0.232
34 57 0.218
34 61 0.14
34 73 0.259
34 93 0.035
34 37 0.142
34 94 0.291
34 74 0.156
34 44 0.182
34 67 0.124
35 38 0.696
35 51 0.813
35 61 0.627
35 62 0.858
35 66 0.728
35 69 0.954
35 72 0.322
35 96 0.441
35 50 0.485
35 79 0.308
35 76 0.325
35 83 0.345
35 37 0.217
35 39 0.718
35 42 0.419
35 43 0.157
35 48 0.223
35 54 0.365
35 58 0.151
35 70 0.121
35 78 0.131
35 82 0.208
35 86 0.493
35 88 0.332
35 47 0.518
35 52 0.096
35 60 0.076
35 63 0.365
35 71 0.162
35 73 0.444
35 80 0.292
35 87 0.422
35 89 0.161
35 90 0.224
35 91 0.244
35 99 0.26
35 46 0.042
35 74 0.299
35 97 0.208
35 55 0.19
35 44 0.358
35 75 0.135
35 67 0.193
35 59 0.354
35 98 0.394
35 41 0.049
35 36 0.095
35 65 0.447
35 93 0.158
35 94 0.537
35 81 0.281
35 92 0.289
35 45 0.273
35 56 0.346
35 77 0.112
35 85 0.202
35 49 0.262
35 64 0.313
35 95 0.089
35 68 0.102
35 57 0.043
35 40 0.107
35 84 0.193
35 53 0.132
36 44 0.842
36 55 0.713
36 62 0.857
36 84 1
36 91 0.755
36 94 0.855
36 48 0.058
36 57 0.082
36 79 0.424
36 42 0.122
36 46 0.175
36 64 0.214
36 65 0.299
36 80 0.913
36 88 0.179
36 97 0.158
36 45 0.208
36 59 0.277
36 66 0.155
36 68 0.427
36 70 0.403
36 71 0.176
36 75 0.417
36 78 0.133
36 92 0.457
36 93 0.326
36 96 0.301
36 39 0.318
36 41 0.888
36 72 0.383
36 73 0.474
36 89 0.053
36 98 0.314
36 77 0.267
36 58 0.24
36 47 0.064
36 54 0.018
36 99 0.281
36 69 0.295
36 74 0.287
36 95 0.431
36 50 0.7
36 83 0.162
36 86 0.306
36 43 0.419
36 38 0.022
36 52 0.211
36 63 0.054
36 81 0.266
36 56 0.099
36 40 0.009
36 82 0.196
36 87 0.158
36 90 0.316
36 49 0.272
36 67 0.177
36 60 0.09
36 61 0.142
36 76 0.103
36 85 0.085
36 37 0.179
36 53 0.237
36 51 0.147
37 47 0.879
37 60 0.664
37 61 0.328
37 68 0.351
37 95 0.467
37 99 0.696
37 41 0.396
37 46 0.102
37 86 0.099
37 93 0.066
37 55 0.48
37 57 0.542
37 64 0.468
37 73 0.391
37 78 0.165
37 92 0.454
37 43 0.184
37 45 0.273
37 48 0.112
37 49 0.3
37 50 0.369
37 51 0.103
37 53 0.35
37 54 0.286
37 62 0.109
37 63 0.505
37 67 0.51
37 72 0.192
37 81 0.266
37 82 0.509
37 84 0.091
37 85 0.086
37 88 0.058
37 89 0.226
37 96 0.314
37 98 0.2
37 65 0.38
37 69 0.304
37 77 0.297
37 94 0.142
37 97 0.256
37 66 0.309
37 52 0.204
37 75 0.178
37 59 0.448
37 87 0.329
37 83 0.541
37 90 0.333
37 70 0.221
37 38 0.187
37 79 0.211
37 74 0.421
37 71 0.152
37 42 0.046
37 91 0.256
37 76 0.093
37 56 0.255
37 58 0.218
37 80 0.126
37 39 0.3
37 44 0.138
37 40 0.116
38 44 0.531
38 48 0.656
38 52 0.756
38 56 0.183
38 57 0.992
38 64 0.076
38 79 1
38 81 0.829
38 51 0.394
38 77 0.399
38 49 0.132
38 59 0.387
38 65 0.199
38 67 0.111
38 71 0.237
38 73 0.332
38 80 0.337
38 83 0.276
38 90 0.429
38 92 0.209
38 94 0.395
38 95 0.744
38 47 0.065
38 50 0.635
38 69 0.083
38 70 0.048
38 78 0.038
38 82 0.214
38 84 0.47
38 86 0.042
38 87 0.58
38 93 0.28
38 97 0.267
38 99 0.082
38 66 0.125
38 68 0.437
38 63 0.155
38 85 0.413
38 88 0.347
38 89 0.198
38 96 0.187
38 40 0.099
38 98 0.12
38 62 0.374
38 76 0.269
38 58 0.165
38 42 0.065
38 75 0.208
38 53 0.311
38 41 0.152
38 39 0.205
38 74 0.17
38 43 0.303
38 55 0.032
38 60 0.14
38 54 0.21
38 61 0.076
38 46 0.184
38 72 0.204
38 91 0.156
38 45 0.176
39 41 0.52
39 53 0.93
39 60 0.894
39 86 0.782
39 99 0.7
39 49 0.307
39 46 0.593
39 51 0.048
39 56 0.39
39 71 0.337
39 91 0.468
39 93 0.04
39 98 0.191
39 54 0.628
39 58 0.474
39 68 0.067
39 72 0.517
39 76 0.249
39 85 0.233
39 90 0.56
39 45 0.09
39 47 0.25
39 50 0.096
39 52 0.124
39 57 0.394
39 59 0.08
39 63 0.378
39 64 0.454
39 67 0.253
39 73 0.109
39 74 0.18
39 75 0.26
39 79 0.225
39 81 0.383
39 82 0.279
39 88 0.284
39 94 0.409
39 97 0.143
39 44 0.07
39 55 0.241
39 69 0.222
39 78 0.376
39 83 0.534
39 66 0.443
39 70 0.41
39 65 0.263
39 89 0.173
39 48 0.081
39 80 0.387
39 40 0.219
39 92 0.356
39 87 0.107
39 62 0.292
39 43 0.273
39 84 0.145
39 42 0.122
39 95 0.131
39 77 0.154
39 61 0.154
40 46 0.82
40 48 1
40 62 0.339
40 74 0.694
40 75 0.471
40 78 0.754
40 82 0.947
40 86 1
40 87 0.664
40 90 0.904
40 61 0.217
40 97 0.079
40 47 0.013
40 95 0.167
40 96 0.411
40 53 0.176
40 69 0.262
40 57 0.452
40 63 0.561
40 71 0.348
40 80 0.131
40 83 0.586
40 93 0.263
40 42 0.129
40 43 0.462
40 44 0.316
40 45 0.703
40 54 0.246
40 55 0.351
40 56 0.232
40 60 0.292
40 67 0.44
40 73 0.198
40 76 0.069
40 79 0.338
40 88 0.309
40 91 0.43
40 94 0.114
40 49 0.227
40 51 0.264
40 52 0.214
40 41 0.096
40 65 0.366
40 99 0.64
40 64 0.083
40 70 0.172
40 68 0.295
40 59 0.175
40 50 0.182
40 58 0.109
40 66 0.208
40 72 0.272
40 89 0.073
40 92 0.215
40 85 0.262
40 81 0.221
40 98 0.222
41 47 0.763
41 75 0.902
41 84 0.473
41 86 0.991
41 87 0.455
41 98 0.779
41 52 0.263
41 66 0.09
41 72 0.544
41 74 0.762
41 97 0.11
41 42 0.382
41 45 0.131
41 57 0.281
41 59 0.378
41 79 0.361
41 82 0.457
41 48 0.289
41 49 0.198
41 51 0.219
41 54 0.157
41 55 0.502
41 61 0.543
41 68 0.48
41 69 0.083
41 71 0.32
41 76 0.246
41 77 0.137
41 83 0.433
41 88 0.04
41 60 0.274
41 43 0.223
41 73 0.311
41 96 0.196
41 56 0.265
41 64 0.304
41 70 0.303
41 80 0.207
41 53 0.416
41 44 0.407
41 63 0.457
41 78 0.163
41 91 0.229
41 46 0.165
41 90 0.068
41 95 0.115
41 89 0.191
41 67 0.393
41 62 0.132
41 93 0.323
41 92 0.165
41 81 0.286
41 85 0.032
41 99 0.187
41 58 0.312
41 50 0.062
41 65 0.351
41 94 0.135
42 44 0.696
42 49 0.598
42 52 0.771
42 57 0.764
42 68 0.622
42 77 0.715
42 78 0.789
42 93 0.762
42 56 0.107
42 58 0.351
42 55 0.71
42 75 0.118
42 95 0.337
42 46 0.219
42 62 0.232
42 66 0.179
42 74 0.754
42 80 0.276
42 86 0.261
42 87 0.244
42 98 0.279
42 47 0.292
42 59 0.176
42 61 0.198
42 64 0.314
42 67 0.436
42 83 0.623
42 84 0.239
42 85 0.143
42 89 0.016
42 90 0.058
42 96 0.162
42 53 0.206
42 72 0.237
42 99 0.266
42 48 0.195
42 51 0.266
42 69 0.446
42 71 0.041
42 79 0.22
42 88 0.105
42 70 0.171
42 45 0.553
42 92 0.095
42 94 0.044
42 76 0.397
42 91 0.169
42 97 0.166
42 60 0.286
42 65 0.183
42 82 0.026
42 54 0.013
42 50 0.183
42 73 0.154
42 63 0.117
42 43 0.205
42 81 0.174
43 46 0.95
43 61 0.94
43 65 0.751
43 89 0.435
43 96 0.9
43 48 0.483
43 53 0.308
43 55 0.206
43 56 0.391
43 95 0.37
43 73 0.305
43 79 0.039
43 99 0.023
43 54 0.177
43 63 0.191
43 72 0.255
43 75 0.577
43 77 0.053
43 80 0.152
43 92 0.215
43 45 0.427
43 47 0.144
43 49 0.224
43 51 0.577
43 52 0.339
43 64 0.173
43 67 0.364
43 74 0.491
43 78 0.432
43 83 0.068
43 84 0.396
43 85 0.211
43 87 0.029
43 91 0.205
43 94 0.16
43 98 0.212
43 62 0.158
43 59 0.184
43 50 0.079
43 97 0.03
43 66 0.361
43 44 0.073
43 58 0.092
43 71 0.365
43 82 0.154
43 57 0.268
43 76 0.164
43 81 0.194
43 68 0.117
43 70 0.097
43 88 0.194
43 93 0.218
43 60 0.174
43 90 0.201
43 86 0.162
43 69 0.103
44 46 0.698
44 75 0.691
44 90 0.885
44 53 0.138
44 68 0.345
44 69 0.347
44 76 0.487
44 87 0.351
44 54 0.332
44 63 0.39
44 71 0.13
44 85 0.396
44 99 0.148
44 45 0.075
44 48 0.12
44 52 0.1
44 56 0.029
44 57 0.269
44 60 0.36
44 62 0.106
44 65 0.143
44 73 0.109
44 74 0.381
44 80 0.244
44 89 0.116
44 94 0.532
44 96 0.223
44 97 0.349
44 82 0.219
44 83 0.045
44 79 0.108
44 95 0.253
44 47 0.067
44 86 0.12
44 58 0.172
44 70 0.113
44 93 0.04
44 67 0.503
44 84 0.265
44 64 0.119
44 92 0.223
44 55 0.073
44 72 0.443
44 77 0.077
44 59 0.084
44 66 0.042
44 88 0.083
44 78 0.215
44 81 0.298
44 91 0.099
44 61 0.158
44 50 0.13
44 98 0.153
44 51 0.176
45 51 0.941
45 55 0.46
45 56 1
45 61 0.779
45 71 1
45 96 0.611
45 98 0.885
45 48 0.334
45 85 0.661
45 94 0.447
45 68 0.223
45 73 0.207
45 79 0.216
45 80 0.134
45 81 0.409
45 90 0.186
45 46 0.394
45 49 0.098
45 50 0.521
45 59 0.416
45 63 0.383
45 65 0.189
45 72 0.079
45 76 0.273
45 78 0.227
45 83 0.127
45 88 0.359
45 91 0.274
45 93 0.304
45 97 0.234
45 99 0.429
45 77 0.51
45 95 0.317
45 84 0.104
45 53 0.512
45 58 0.191
45 70 0.106
45 57 0.096
45 54 0.38
45 69 0.258
45 87 0.067
45 67 0.107
45 89 0.164
45 92 0.2
45 64 0.361
45 60 0.198
45 62 0.427
45 86 0.304
45 75 0.408
45 82 0.315
45 66 0.214
45 52 0.079
45 47 0.029
45 74 0.198
46 57 0.778
46 62 0.569
46 75 0.79
46 78 0.435
46 87 0.576
46 89 0.371
46 90 0.286
46 92 0.644
46 70 0.546
46 61 0.108
46 93 0.168
46 94 0.083
46 52 0.15
46 64 0.187
46 72 0.271
46 80 0.774
46 85 0.416
46 91 0.19
46 97 0.402
46 53 0.186
46 68 0.393
46 84 0.173
46 88 0.144
46 48 0.362
46 49 0.414
46 59 0.271
46 60 0.082
46 63 0.346
46 65 0.161
46 69 0.07
46 74 0.287
46 83 0.33
46 95 0.599
46 55 0.35
46 58 0.157
46 77 0.07
46 86 0.5
46 99 0.151
46 79 0.358
46 56 0.339
46 54 0.066
46 47 0.285
46 67 0.212
46 98 0.187
46 73 0.083
46 66 0.355
46 82 0.115
46 71 0.295
46 81 0.262
46 76 0.203
46 96 0.133
46 51 0.158
46 50 0.166
47 60 0.761
47 79 0.438
47 88 0.919
47 97 0.294
47 68 0.258
47 71 0.551
47 81 0.581
47 82 0.13
47 50 0.267
47 51 0.282
47 59 0.187
47 62 0.444
47 69 0.339
47 77 0.287
47 90 0.209
47 99 0.093
47 52 0.384
47 53 0.174
47 55 0.154
47 58 0.212
47 65 0.528
47 70 0.346
47 74 0.209
47 75 0.356
47 76 0.213
47 80 0.427
47 83 0.544
47 87 0.464
47 92 0.541
47 94 0.358
47 98 0.182
47 64 0.162
47 89 0.137
47 95 0.238
47 54 0.298
47 93 0.455
47 63 0.6
47 57 0.375
47 78 0.038
47 67 0.187
47 85 0.167
47 91 0.269
47 96 0.458
47 49 0.056
47 72 0.099
47 73 0.205
47 86 0.042
47 56 0.121
47 66 0.053
47 61 0.148
47 84 0.129
48 62 0.937
48 66 0.697
48 70 0.945
48 72 0.528
48 79 0.996
48 82 0.705
48 88 0.925
48 76 0.28
48 69 0.457
48 50 0.428
48 63 0.417
48 60 0.283
48 83 0.024
48 87 0.189
48 51 0.166
48 53 0.597
48 54 0.108
48 57 0.191
48 58 0.521
48 61 0.265
48 65 0.253
48 73 0.61
48 74 0.377
48 75 0.529
48 78 0.421
48 81 0.23
48 84 0.097
48 85 0.169
48 86 0.328
48 93 0.305
48 96 0.457
48 98 0.135
48 92 0.054
48 90 0.303
48 91 0.184
48 77 0.098
48 95 0.344
48 68 0.084
48 89 0.127
48 67 0.126
48 94 0.164
48 80 0.117
48 52 0.234
48 56 0.156
48 59 0.055
48 49 0.172
48 55 0.229
48 97 0.132
48 99 0.159
48 64 0.174
48 71 0.165
49 56 0.97
49 57 0.671
49 61 0.706
49 63 0.737
49 64 0.507
49 73 0.831
49 81 0.962
49 87 0.519
49 90 0.671
49 60 0.626
49 78 0.535
49 84 0.236
49 86 0.125
49 92 0.289
49 93 0.517
49 94 0.293
49 50 0.395
49 52 0.098
49 53 0.512
49 58 0.286
49 59 0.084
49 62 0.278
49 70 0.452
49 75 0.416
49 76 0.096
49 79 0.267
49 82 0.094
49 89 0.459
49 95 0.399
49 97 0.311
49 69 0.551
49 91 0.149
49 68 0.407
49 98 0.153
49 99 0.192
49 96 0.011
49 77 0.347
49 80 0.252
49 55 0.111
49 67 0.272
49 65 0.317
49 66 0.03
49 83 0.329
49 72 0.176
49 74 0.353
49 71 0.119
49 51 0.106
49 88 0.159
49 54 0.073
49 85 0.155
50 52 0.817
50 53 0.614
50 57 0.394
50 74 0.631
50 75 0.818
50 81 0.67
50 87 0.553
50 54 0.092
50 73 0.262
50 70 0.209
50 91 0.193
50 59 0.467
50 60 0.274
50 64 0.208
50 67 0.211
50 69 0.266
50 98 0.283
50 63 0.09
50 65 0.124
50 68 0.203
50 71 0.344
50 72 0.606
50 79 0.285
50 82 0.387
50 85 0.201
50 86 0.358
50 90 0.24
50 92 0.438
50 94 0.637
50 95 0.303
50 97 0.06
50 61 0.114
50 80 0.187
50 83 0.106
50 99 0.208
50 77 0.294
50 58 0.199
50 93 0.087
50 51 0.738
50 78 0.25
50 84 0.273
50 88 0.158
50 76 0.097
50 96 0.233
50 55 0.263
50 62 0.15
50 56 0.21
50 89 0.088
50 66 0.156
51 53 0.549
51 56 1
51 78 0.66
51 89 0.925
51 99 0.213
51 66 0.087
51 72 0.088
51 75 0.086
51 83 0.363
51 85 0.23
51 58 0.081
51 60 0.127
51 63 0.764
51 65 0.224
51 77 0.245
51 81 0.277
51 92 0.039
51 97 0.129
51 52 0.34
51 54 0.277
51 59 0.168
51 61 0.305
51 64 0.441
51 71 0.341
51 76 0.063
51 88 0.258
51 95 0.402
51 57 0.324
51 67 0.46
51 79 0.204
51 80 0.374
51 87 0.354
51 91 0.276
51 69 0.548
51 96 0.097
51 68 0.352
51 90 0.234
51 74 0.088
51 94 0.153
51 82 0.183
51 98 0.361
51 62 0.21
51 70 0.328
51 55 0.252
51 93 0.094
51 84 0.303
51 73 0.116
51 86 0.149
52 63 0.997
52 76 0.753
52 83 0.581
52 54 0.352
52 62 0.083
52 81 0.311
52 97 0.275
52 57 0.163
52 66 0.228
52 71 0.237
52 86 0.587
52 88 0.223
52 92 0.106
52 94 0.633
52 96 0.259
52 53 0.252
52 60 0.381
52 67 0.125
52 74 0.178
52 77 0.656
52 87 0.308
52 89 0.352
52 90 0.164
52 91 0.52
52 93 0.148
52 84 0.357
52 99 0.596
52 72 0.251
52 65 0.553
52 68 0.024
52 85 0.068
52 64 0.342
52 73 0.26
52 98 0.25
52 58 0.171
52 75 0.174
52 95 0.376
52 55 0.198
52 79 0.5
52 82 0.242
52 78 0.201
52 56 0.033
52 70 0.138
52 69 0.15
52 80 0.141
52 61 0.166
53 64 0.648
53 77 0.988
53 78 0.921
53 85 0.255
53 62 0.251
53 66 0.349
53 87 0.387
53 59 0.165
53 65 0.156
53 71 0.437
53 88 0.166
53 90 0.276
53 93 0.124
53 60 0.188
53 67 0.309
53 73 0.388
53 76 0.187
53 92 0.166
53 94 0.072
53 96 0.112
53 97 0.193
53 61 0.392
53 75 0.044
53 81 0.236
53 83 0.528
53 79 0.223
53 80 0.827
53 86 0.172
53 56 0.124
53 82 0.188
53 84 0.104
53 95 0.286
53 91 0.107
53 72 0.221
53 89 0.291
53 74 0.293
53 58 0.154
53 98 0.088
53 57 0.128
53 99 0.046
53 55 0.207
53 63 0.092
53 68 0.264
53 69 0.177
53 54 0.243
53 70 0.149
54 57 0.948
54 67 0.831
54 70 0.597
54 71 0.781
54 76 0.694
54 77 0.965
54 86 0.608
54 98 0.865
54 83 0.178
54 65 0.067
54 89 0.235
54 58 0.239
54 63 0.229
54 66 0.217
54 73 0.198
54 68 0.274
54 79 0.098
54 99 0.205
54 64 0.344
54 78 0.282
54 81 0.121
54 82 0.068
54 91 0.086
54 92 0.386
54 97 0.225
54 59 0.661
54 62 0.301
54 75 0.505
54 96 0.136
54 85 0.409
54 74 0.146
54 84 0.719
54 94 0.213
54 56 0.094
54 69 0.437
54 88 0.188
54 90 0.158
54 60 0.061
54 95 0.284
54 87 0.002
54 72 0.12
54 80 0.085
54 55 0.196
54 93 0.206
54 61 0.118
55 59 0.763
55 63 0.686
55 69 0.493
55 74 0.746
55 83 1
55 89 0.692
55 94 0.963
55 60 0.613
55 72 0.276
55 57 0.348
55 66 0.413
55 77 0.253
55 65 0.23
55 82 0.181
55 96 0.094
55 73 0.246
55 79 0.186
55 98 0.387
55 81 0.247
55 95 0.12
55 90 0.072
55 64 0.235
55 93 0.228
55 56 0.167
55 62 0.253
55 85 0.521
55 91 0.199
55 86 0.073
55 75 0.203
55 99 0.295
55 70 0.239
55 71 0.26
55 61 0.139
55 67 0.234
55 68 0.366
55 88 0.272
55 58 0.201
55 84 0.168
55 80 0.079
55 87 0.062
55 97 0.247
55 92 0.156
55 76 0.165
55 78 0.171
56 57 0.644
56 59 0.556
56 62 0.967
56 67 0.962
56 70 0.882
56 76 1
56 83 0.739
56 94 1
56 75 0.191
56 86 0.405
56 90 0.378
56 58 0.192
56 68 0.134
56 79 0.32
56 99 0.189
56 63 0.194
56 69 0.214
56 80 0.62
56 81 0.285
56 84 0.368
56 91 0.15
56 92 0.09
56 93 0.218
56 96 0.629
56 72 0.202
56 78 0.04
56 95 0.48
56 64 0.208
56 88 0.256
56 97 0.241
56 65 0.148
56 87 0.382
56 98 0.403
56 60 0.018
56 66 0.325
56 77 0.184
56 74 0.306
56 82 0.193
56 85 0.462
56 71 0.415
56 73 0.126
56 89 0.151
56 61 0.151
57 67 0.998
57 68 0.829
57 71 1
57 76 0.917
57 92 0.966
57 94 0.843
57 99 0.415
57 58 0.042
57 93 0.162
57 82 0.121
57 87 0.355
57 65 0.604
57 83 0.376
57 85 0.112
57 86 0.403
57 95 0.229
57 59 0.006
57 62 0.52
57 63 0.374
57 70 0.334
57 73 0.3
57 74 0.243
57 77 0.245
57 80 0.202
57 81 0.27
57 84 0.349
57 89 0.536
57 90 0.175
57 96 0.415
57 97 0.194
57 64 0.244
57 66 0.426
57 61 0.204
57 88 0.362
57 78 0.224
57 60 0.533
57 91 0.34
57 79 0.111
57 72 0.202
57 98 0.329
57 75 0.17
57 69 0.175
58 59 0.736
58 62 0.734
58 63 0.961
58 64 0.752
58 75 1
58 78 0.66
58 92 0.887
58 95 0.778
58 73 0.215
58 68 0.264
58 98 0.185
58 65 0.24
58 69 0.334
58 82 0.262
58 84 0.088
58 99 0.358
58 60 0.177
58 72 0.638
58 76 0.395
58 70 0.353
58 71 0.282
58 77 0.157
58 81 0.118
58 86 0.08
58 88 0.199
58 90 0.276
58 91 0.19
58 96 0.209
58 97 0.154
58 87 0.225
58 66 0.215
58 89 0.331
58 94 0.156
58 80 0.533
58 74 0.399
58 83 0.263
58 61 0.236
58 79 0.274
58 67 0.191
58 93 0.112
58 85 0.1
59 95 0.672
59 97 0.606
59 69 0.251
59 76 0.21
59 60 0.076
59 62 0.27
59 65 0.093
59 75 0.301
59 81 0.745
59 82 0.271
59 85 0.297
59 93 0.445
59 70 0.106
59 71 0.138
59 77 0.148
59 78 0.023
59 84 0.303
59 86 0.203
59 88 0.32
59 67 0.103
59 74 0.413
59 94 0.084
59 98 0.377
59 79 0.226
59 89 0.423
59 80 0.279
59 68 0.304
59 92 0.111
59 61 0.481
59 91 0.139
59 63 0.34
59 66 0.122
59 90 0.128
59 83 0.251
59 87 0.105
59 96 0.12
59 99 0.024
59 73 0.178
59 64 0.178
59 72 0.143
60 61 0.672
60 62 0.754
60 66 0.946
60 79 0.656
60 86 0.74
60 89 0.731
60 98 0.281
60 75 0.224
60 73 0.413
60 85 0.145
60 88 0.209
60 96 0.521
60 67 0.238
60 69 0.044
60 70 0.705
60 71 0.568
60 72 0.002
60 74 0.081
60 78 0.498
60 80 0.065
60 83 0.526
60 84 0.401
60 91 0.268
60 77 0.197
60 90 0.237
60 76 0.441
60 87 0.041
60 65 0.175
60 97 0.045
60 81 0.287
60 93 0.386
60 63 0.178
60 82 0.095
60 95 0.171
60 64 0.067
60 99 0.172
60 94 0.232
60 68 0.126
60 92 0.204
61 62 0.616
61 72 0.491
61 79 0.55
61 88 0.909
61 98 0.281
61 66 0.01
61 69 0.202
61 83 0.42
61 85 0.206
61 94 0.024
61 63 0.321
61 67 0.575
61 68 0.225
61 70 0.156
61 73 0.269
61 74 0.23
61 82 0.336
61 89 0.694
61 95 0.174
61 71 0.349
61 87 0.275
61 64 0.359
61 97 0.48
61 78 0.117
61 92 0.264
61 80 0.276
61 81 0.388
61 99 0.572
61 76 0.172
61 96 0.06
61 93 0.185
61 86 0.046
61 84 0.263
61 75 0.176
61 90 0.307
61 65 0.154
61 91 0.18
61 77 0.143
62 68 0.515
62 77 0.896
62 82 0.991
62 97 0.751
62 91 0.062
62 66 0.567
62 94 0.185
62 72 0.526
62 74 0.582
62 75 0.355
62 76 0.337
62 79 0.284
62 81 0.157
62 85 0.326
62 86 0.272
62 87 0.274
62 88 0.148
62 93 0.257
62 98 0.24
62 63 0.374
62 65 0.484
62 70 0.073
62 80 0.404
62 83 0.526
62 71 0.146
62 99 0.123
62 67 0.331
62 73 0.463
62 78 0.297
62 92 0.065
62 96 0.285
62 95 0.096
62 90 0.294
62 84 0.109
62 69 0.074
62 64 0.068
62 89 0.127
63 72 0.924
63 89 0.838
63 83 0.255
63 64 0.145
63 94 0.292
63 68 0.416
63 71 0.141
63 73 0.071
63 74 0.543
63 75 0.309
63 85 0.23
63 88 0.127
63 91 0.564
63 65 0.151
63 69 0.334
63 70 0.222
63 76 0.293
63 78 0.358
63 81 0.246
63 87 0.278
63 98 0.379
63 79 0.379
63 93 0.142
63 99 0.322
63 67 0.528
63 95 0.119
63 77 0.05
63 84 0.082
63 66 0.156
63 96 0.123
63 80 0.084
63 90 0.049
63 82 0.198
63 86 0.318
63 97 0.049
63 92 0.169
64 65 0.709
64 66 0.861
64 67 0.818
64 71 0.964
64 86 0.949
64 97 0.883
64 73 0.161
64 81 0.32
64 69 0.351
64 79 0.46
64 85 0.112
64 70 0.247
64 72 0.383
64 75 0.281
64 80 0.518
64 91 0.102
64 93 0.303
64 94 0.186
64 95 0.064
64 88 0.117
64 90 0.099
64 83 0.278
64 87 0.163
64 84 0.251
64 78 0.007
64 74 0.179
64 77 0.222
64 68 0.216
64 98 0.176
64 96 0.11
64 82 0.231
64 76 0.098
64 92 0.194
64 89 0.144
64 99 0.209
65 79 0.843
65 87 0.661
65 97 0.882
65 84 0.126
65 71 0.234
65 94 0.086
65 70 0.207
65 73 0.007
65 75 0.238
65 92 0.269
65 80 0.324
65 82 0.344
65 86 0.014
65 90 0.146
65 95 0.1
65 99 0.061
65 72 0.074
65 77 0.695
65 98 0.747
65 89 0.248
65 85 0.645
65 76 0.546
65 81 0.343
65 83 0.384
65 96 0.454
65 91 0.235
65 93 0.187
65 69 0.286
65 74 0.298
65 88 0.257
65 67 0.356
65 68 0.233
65 66 0.136
66 78 0.63
66 88 0.693
66 71 0.132
66 99 0.071
66 76 0.528
66 81 0.48
66 69 0.233
66 86 0.052
66 89 0.327
66 90 0.123
66 91 0.264
66 93 0.335
66 70 0.271
66 73 0.412
66 77 0.42
66 85 0.609
66 92 0.175
66 97 0.325
66 72 0.23
66 68 0.312
66 75 0.163
66 94 0.209
66 67 0.197
66 96 0.769
66 74 0.328
66 79 0.227
66 80 0.424
66 82 0.356
66 83 0.179
66 87 0.106
66 84 0.235
66 98 0.111
66 95 0.208
67 69 0.356
67 80 0.092
67 96 0.915
67 99 0.671
67 77 0.496
67 94 0.239
67 73 0.175
67 89 0.328
67 71 0.283
67 76 0.252
67 85 0.208
67 88 0.148
67 90 0.18
67 97 0.091
67 72 0.291
67 74 0.123
67 79 0.133
67 84 0.67
67 86 0.325
67 91 0.483
67 92 0.318
67 93 0.315
67 95 0.065
67 75 0.466
67 87 0.156
67 70 0.221
67 81 0.101
67 83 0.113
67 78 0.135
67 68 0.146
67 82 0.16
67 98 0.207
68 81 0.957
68 83 1
68 92 0.961
68 86 0.411
68 70 0.246
68 75 0.255
68 77 0.042
68 80 0.179
68 93 0.163
68 94 0.306
68 72 0.22
68 73 0.23
68 89 0.341
68 90 0.263
68 91 0.17
68 88 0.195
68 99 0.16
68 69 0.067
68 78 0.314
68 79 0.451
68 97 0.203
68 82 0.26
68 98 0.042
68 85 0.212
68 74 0.359
68 87 0.241
68 76 0.256
68 71 0.201
68 84 0.154
68 95 0.216
68 96 0.118
69 74 0.822
69 75 1
69 82 0.819
69 86 0.39
69 98 0.724
69 96 0.528
69 90 0.299
69 72 0.397
69 88 0.043
69 92 0.274
69 97 0.017
69 76 0.357
69 77 0.236
69 87 0.196
69 95 0.292
69 79 0.435
69 99 0.176
69 78 0.285
69 89 0.343
69 80 0.302
69 85 0.285
69 93 0.297
69 91 0.317
69 94 0.118
69 83 0.224
69 84 0.126
69 70 0.136
69 71 0.082
69 81 0.127
70 87 0.552
70 91 0.374
70 99 0.279
70 71 0.115
70 82 0.272
70 88 0.239
70 89 0.408
70 77 0.211
70 81 0.161
70 94 0.286
70 96 0.369
70 72 0.511
70 75 0.198
70 79 0.37
70 80 0.157
70 83 0.341
70 84 0.293
70 85 0.082
70 92 0.344
70 93 0.099
70 97 0.376
70 74 0.12
70 76 0.299
70 90 0.081
70 78 0.111
70 73 0.028
70 95 0.139
70 86 0.242
70 98 0.143
71 83 0.844
71 99 0.925
71 76 0.06
71 82 0.115
71 88 0.313
71 90 0.323
71 94 0.248
71 95 0.159
71 97 0.175
71 72 0.123
71 73 0.154
71 81 0.278
71 84 0.106
71 89 0.811
71 98 0.186
71 91 0.048
71 93 0.091
71 74 0.073
71 78 0.313
71 92 0.4
71 96 0.18
71 86 0.128
71 80 0.139
71 85 0.051
71 87 0.233
71 75 0.314
71 79 0.13
71 77 0.15
72 87 0.991
72 93 0.903
72 97 0.623
72 74 0.297
72 84 0.451
72 80 0.136
72 98 0.117
72 73 0.436
72 81 0.311
72 82 0.231
72 83 0.385
72 85 0.383
72 90 0.244
72 91 0.533
72 99 0.268
72 89 0.239
72 94 0.089
72 95 0.124
72 88 0.417
72 96 0.342
72 76 0.355
72 75 0.081
72 92 0.225
72 86 0.389
72 78 0.266
72 77 0.3
72 79 0.169
73 76 0.599
73 83 0.764
73 93 0.901
73 96 0.459
73 75 0.05
73 77 0.418
73 87 0.665
73 88 0.578
73 74 0.442
73 78 0.123
73 85 0.013
73 91 0.062
73 99 0.631
73 92 0.295
73 97 0.149
73 81 0.219
73 90 0.086
73 86 0.053
73 84 0.07
73 94 0.09
73 82 0.126
73 98 0.313
73 95 0.238
73 80 0.064
73 89 0.14
73 79 0.203
74 79 1
74 81 1.0
74 84 0.58
74 90 0.731
74 98 1
74 86 0.141
74 76 0.13
74 78 0.393
74 80 0.261
74 77 0.282
74 91 0.512
74 94 0.294
74 95 0.084
74 83 0.398
74 97 0.434
74 85 0.279
74 82 0.096
74 89 0.295
74 93 0.429
74 99 0.46
74 75 0.053
74 92 0.402
74 88 0.196
74 96 0.17
74 87 0.149
75 82 0.441
75 95 0.817
75 83 0.399
75 91 0.077
75 80 0.019
75 81 0.066
75 94 0.294
75 84 0.195
75 85 0.181
75 86 0.209
75 88 0.169
75 99 0.068
75 92 0.575
75 96 0.07
75 87 0.035
75 93 0.364
75 89 0.264
75 76 0.215
75 77 0.118
75 78 0.21
75 79 0.038
75 98 0.16
75 90 0.136
75 97 0.145
76 87 0.361
76 94 0.866
76 99 0.819
76 81 0.218
76 84 0.233
76 93 0.804
76 83 0.383
76 89 0.129
76 95 0.491
76 98 0.252
76 79 0.236
76 80 0.195
76 82 0.086
76 85 0.394
76 86 0.417
76 88 0.1
76 91 0.43
76 96 0.091
76 90 0.398
76 92 0.289
76 97 0.327
76 78 0.095
76 77 0.039
77 78 1
77 89 0.89
77 91 0.792
77 96 0.609
77 97 0.941
77 82 0.256
77 81 0.14
77 88 0.254
77 83 0.213
77 86 0.259
77 87 0.383
77 94 0.423
77 85 0.205
77 84 0.353
77 93 0.501
77 95 0.104
77 79 0.108
77 99 0.302
77 80 0.26
77 98 0.333
77 90 0.096
78 80 0.35
78 81 0.244
78 85 0.902
78 88 0.545
78 93 0.776
78 94 0.256
78 79 0.485
78 82 0.253
78 90 0.244
78 91 0.575
78 96 0.809
78 84 0.137
78 86 0.272
78 89 0.322
78 95 0.362
78 98 0.604
78 99 0.305
78 97 0.263
78 83 0.502
78 92 0.098
78 87 0.193
79 80 0.911
79 87 0.88
79 88 1
79 97 0.967
79 98 0.885
79 99 0.611
79 81 0.051
79 82 0.258
79 92 0.227
79 83 0.369
79 89 0.53
79 90 0.22
79 91 0.266
79 96 0.134
79 95 0.822
79 85 0.19
79 84 0.448
79 93 0.276
79 94 0.387
79 86 0.187
80 82 0.979
80 87 0.79
80 89 0.541
80 98 0.641
80 96 0.44
80 99 0.102
80 92 0.2
80 93 0.439
80 95 0.593
80 84 0.422
80 88 0.384
80 85 0.3
80 86 0.315
80 97 0.135
80 91 0.145
80 83 0.134
80 90 0.124
80 94 0.035
80 81 0.169
81 84 0.394
81 83 0.43
81 87 0.358
81 90 0.308
81 94 0.157
81 96 0.346
81 89 0.686
81 88 0.155
81 95 0.398
81 91 0.191
81 97 0.192
81 85 0.508
81 99 0.045
81 93 0.282
81 98 0.406
81 86 0.099
81 82 0.214
82 93 0.927
82 97 0.621
82 99 0.408
82 85 0.398
82 91 0.507
82 83 0.271
82 92 0.62
82 87 0.285
82 88 0.087
82 86 0.255
82 96 0.315
82 89 0.069
82 95 0.104
82 98 0.045
82 90 0.185
82 84 0.053
82 94 0.153
83 92 0.703
83 93 1
83 94 0.459
83 91 0.321
83 96 0.112
83 97 0.637
83 98 0.465
83 88 0.052
83 95 0.601
83 89 0.244
83 99 0.467
83 90 0.092
83 87 0.241
83 85 0.353
83 86 0.107
83 84 0.184
84 87 0.88
84 94 0.628
84 90 0.16
84 95 0.201
84 97 0.351
84 86 0.165
84 88 0.137
84 91 0.451
84 96 0.375
84 98 0.258
84 93 0.084
84 89 0.115
84 99 0.1
84 92 0.235
84 85 0.164
85 96 0.724
85 88 0.189
85 90 0.246
85 92 0.311
85 97 0.32
85 91 0.263
85 93 0.512
85 95 0.378
85 98 0.294
85 87 0.253
85 94 0.052
85 86 0.156
85 89 0.132
85 99 0.025
86 94 0.209
86 88 0.391
86 91 0.136
86 93 0.361
86 97 0.191
86 87 0.422
86 96 0.135
86 98 0.3
86 89 0.039
86 95 0.172
86 99 0.315
86 92 0.292
86 90 0.247
87 97 0.866
87 95 0.15
87 98 0.298
87 91 0.414
87 94 0.372
87 96 0.14
87 88 0.025
87 93 0.038
87 92 0.007
87 90 0.152
87 99 0.173
87 89 0.168
88 96 0.35
88 94 0.217
88 90 0.452
88 92 0.273
88 95 0.047
88 97 0.553
88 98 0.176
88 99 0.296
88 91 0.278
88 89 0.15
88 93 0.183
89 95 0.477
89 96 0.885
89 90 0.045
89 92 0.357
89 93 0.216
89 91 0.375
89 94 0.244
89 98 0.264
89 99 0.155
89 97 0.152
90 99 0.677
90 91 0.263
90 93 0.115
90 96 0.163
90 92 0.18
90 98 0.399
90 94 0.37
90 95 0.222
90 97 0.132
91 92 0.665
91 94 0.257
91 93 0.112
91 96 0.353
91 97 0.26
91 98 0.319
91 99 0.528
91 95 0.138
92 93 0.698
92 96 0.687
92 97 0.054
92 94 0.01
92 98 0.282
92 95 0.159
92 99 0.363
93 96 0.736
93 99 0.943
93 94 0.067
93 95 0.119
93 97 0.457
93 98 0.54
94 96 0.933
94 99 0.662
94 97 0.297
94 98 0.082
94 95 0.253
95 99 0.997
95 96 0.617
95 98 0.131
95 97 0.42
96 98 0.047
96 97 0.206
96 99 0.249
97 98 0.313
97 99 0.08
98 99 0.243
