0 50 0.942
0 16 0.614
0 56 0.94
0 4 0.047
0 27 0.292
0 34 0.259
0 38 0.1
0 40 0.177
0 62 0.193
0 75 0.036
0 84 0.159
0 92 0.133
0 2 0.128
0 11 0.165
0 12 0.098
0 18 0.119
0 28 0.073
0 30 0.148
0 54 0.113
0 63 0.076
0 79 0.186
0 82 0.105
0 89 0.167
0 1 0.178
0 5 0.131
0 13 0.144
0 15 0.129
0 19 0.192
0 22 0.155
0 24 0.16
0 25 0.153
0 26 0.133
0 31 0.122
0 32 0.153
0 33 0.142
0 36 0.113
0 39 0.176
0 45 0.202
0 46 0.16
0 48 0.099
0 52 0.086
0 53 0.148
0 66 0.15
0 67 0.14
0 68 0.121
0 69 0.159
0 72 0.133
0 73 0.153
0 77 0.128
0 87 0.097
0 88 0.12
0 90 0.108
0 93 0.119
0 94 0.177
1 9 0.764
1 35 0.737
1 37 0.958
1 42 0.903
1 43 0.766
1 52 0.788
1 56 0.773
1 84 0.969
1 87 0.08
1 17 0.106
1 27 0.158
1 48 0.198
1 39 0.191
1 60 0.172
1 81 0.107
1 93 0.038
1 3 0.248
1 26 0.144
1 28 0.165
1 34 0.169
1 40 0.166
1 65 0.127
1 75 0.202
1 95 0.167
1 96 0.171
1 8 0.11
1 12 0.169
1 14 0.116
1 18 0.139
1 19 0.154
1 20 0.119
1 22 0.176
1 23 0.116
1 36 0.155
1 44 0.136
1 46 0.164
1 47 0.112
1 49 0.111
1 51 0.141
1 55 0.136
1 58 0.153
1 62 0.145
1 64 0.182
1 68 0.146
1 70 0.142
1 73 0.211
1 76 0.147
1 77 0.114
1 78 0.109
1 79 0.171
1 80 0.2
1 83 0.163
1 89 0.176
1 90 0.157
1 91 0.133
1 99 0.12
2 48 0.777
2 51 0.666
2 68 0.717
2 96 0.72
2 28 0.687
2 81 0.649
2 34 0.571
2 57 0.233
2 41 0.063
2 46 0.171
2 47 0.164
2 71 0.175
2 80 0.162
2 95 0.101
2 4 0.188
2 7 0.177
2 9 0.197
2 15 0.171
2 16 0.12
2 27 0.121
2 40 0.108
2 53 0.11
2 62 0.174
2 72 0.077
2 85 0.085
2 99 0.175
2 3 0.127
2 11 0.122
2 13 0.135
2 17 0.138
2 19 0.161
2 20 0.158
2 21 0.141
2 24 0.144
2 25 0.111
2 29 0.165
2 30 0.095
2 31 0.135
2 32 0.189
2 39 0.141
2 49 0.145
2 50 0.111
2 55 0.109
2 56 0.143
2 61 0.151
2 63 0.14
2 65 0.155
2 69 0.163
2 74 0.112
2 75 0.18
2 76 0.139
2 78 0.162
2 79 0.175
2 87 0.111
2 88 0.146
2 89 0.16
2 90 0.148
2 94 0.14
3 6 1
3 50 0.895
3 16 0.784
3 97 0.843
3 39 1
3 89 0.185
3 17 0.263
3 48 0.277
3 43 0.043
3 54 0.191
3 63 0.209
3 83 0.268
3 7 0.169
3 15 0.073
3 18 0.089
3 24 0.192
3 59 0.121
3 66 0.191
3 68 0.227
3 73 0.133
3 76 0.123
3 79 0.112
3 81 0.177
3 86 0.24
3 91 0.121
3 92 0.167
3 94 0.089
3 96 0.155
3 98 0.15
3 4 0.177
3 5 0.17
3 9 0.168
3 10 0.196
3 12 0.16
3 13 0.182
3 14 0.156
3 19 0.117
3 20 0.158
3 21 0.189
3 23 0.139
3 25 0.158
3 26 0.131
3 27 0.161
3 32 0.147
3 33 0.095
3 35 0.155
3 41 0.18
3 45 0.106
3 47 0.201
3 51 0.191
3 53 0.12
3 55 0.113
3 58 0.162
3 64 0.171
3 70 0.113
3 74 0.138
3 77 0.134
3 78 0.172
3 80 0.108
3 84 0.176
3 85 0.096
3 88 0.167
3 93 0.139
3 95 0.103
3 99 0.197
4 46 0.903
4 68 0.759
4 80 0.647
4 82 0.562
4 92 0.74
4 39 1
4 93 0.238
4 45 0.036
4 69 0.126
4 70 0.238
4 33 0.198
4 34 0.198
4 38 0.112
4 74 0.132
4 13 0.137
4 16 0.162
4 37 0.109
4 47 0.172
4 48 0.247
4 50 0.09
4 71 0.087
4 95 0.262
4 99 0.152
4 5 0.129
4 10 0.099
4 11 0.181
4 12 0.081
4 15 0.13
4 17 0.14
4 23 0.226
4 26 0.141
4 27 0.156
4 41 0.135
4 43 0.12
4 54 0.108
4 55 0.132
4 60 0.132
4 61 0.126
4 62 0.174
4 67 0.195
4 77 0.174
4 84 0.124
4 86 0.168
4 89 0.154
4 90 0.157
4 96 0.141
5 64 0.944
5 81 0.926
5 85 1
5 62 0.731
5 10 1
5 18 0.238
5 21 0.214
5 74 0.168
5 92 0.282
5 19 0.145
5 36 0.119
5 39 0.082
5 61 0.138
5 99 0.024
5 16 0.102
5 20 0.099
5 28 0.132
5 32 0.155
5 42 0.211
5 49 0.248
5 54 0.093
5 66 0.143
5 70 0.244
5 71 0.071
5 6 0.15
5 7 0.17
5 8 0.167
5 9 0.107
5 12 0.187
5 22 0.165
5 25 0.16
5 34 0.143
5 37 0.181
5 38 0.108
5 46 0.136
5 50 0.196
5 52 0.195
5 58 0.093
5 60 0.167
5 69 0.099
5 73 0.184
5 75 0.149
5 76 0.155
5 78 0.149
5 86 0.154
5 89 0.1
5 90 0.127
5 93 0.147
5 94 0.171
5 95 0.164
5 96 0.092
5 97 0.186
5 98 0.134
6 10 0.71
6 20 0.832
6 49 0.774
6 52 0.746
6 58 0.835
6 66 0.599
6 62 0.891
6 25 0.102
6 21 0.053
6 23 0.272
6 24 0.069
6 55 0.155
6 61 0.107
6 74 0.114
6 7 0.096
6 11 0.104
6 16 0.148
6 31 0.207
6 34 0.102
6 39 0.084
6 40 0.144
6 48 0.25
6 51 0.055
6 80 0.168
6 84 0.106
6 85 0.106
6 8 0.106
6 14 0.171
6 19 0.136
6 27 0.175
6 29 0.164
6 30 0.152
6 35 0.153
6 37 0.189
6 41 0.113
6 45 0.118
6 46 0.088
6 53 0.158
6 54 0.141
6 56 0.131
6 60 0.135
6 63 0.175
6 70 0.208
6 76 0.144
6 81 0.141
6 87 0.145
6 88 0.132
6 89 0.112
6 91 0.168
6 97 0.136
6 99 0.159
7 27 0.591
7 58 0.978
7 21 0.958
7 79 0.951
7 52 1
7 74 0.724
7 76 0.935
7 97 0.005
7 25 0.195
7 26 0.285
7 65 0.001
7 14 0.166
7 17 0.128
7 19 0.06
7 29 0.158
7 35 0.239
7 69 0.199
7 75 0.11
7 77 0.105
7 11 0.247
7 30 0.139
7 37 0.195
7 45 0.239
7 46 0.121
7 47 0.134
7 53 0.172
7 63 0.2
7 80 0.116
7 83 0.087
7 85 0.141
7 8 0.132
7 10 0.105
7 13 0.182
7 16 0.164
7 22 0.192
7 28 0.155
7 31 0.174
7 32 0.171
7 39 0.149
7 43 0.157
7 48 0.154
7 50 0.165
7 54 0.146
7 55 0.102
7 56 0.075
7 59 0.085
7 64 0.219
7 66 0.164
7 68 0.12
7 84 0.109
7 86 0.166
7 87 0.117
7 88 0.166
7 89 0.126
7 93 0.179
7 95 0.158
7 98 0.134
8 12 0.826
8 45 0.861
8 47 0.925
8 51 0.884
8 99 0.788
8 75 0.739
8 36 0.395
8 64 0.108
8 60 0.218
8 14 0.167
8 22 0.255
8 25 0.287
8 61 0.083
8 69 0.07
8 78 0.156
8 15 0.079
8 19 0.143
8 21 0.137
8 24 0.23
8 38 0.154
8 40 0.114
8 53 0.193
8 55 0.201
8 81 0.184
8 87 0.231
8 94 0.202
8 96 0.123
8 98 0.107
8 9 0.194
8 10 0.159
8 18 0.147
8 23 0.171
8 26 0.114
8 27 0.137
8 28 0.12
8 37 0.144
8 39 0.153
8 48 0.088
8 58 0.201
8 59 0.119
8 67 0.158
8 71 0.171
8 72 0.161
8 73 0.174
8 79 0.207
8 83 0.143
8 84 0.199
8 85 0.142
8 86 0.152
8 91 0.164
8 97 0.182
9 70 0.887
9 78 1
9 86 0.906
9 49 0.863
9 57 0.965
9 63 0.909
9 97 0.718
9 98 0.879
9 77 0.702
9 30 0.731
9 41 0.337
9 16 0.108
9 62 0.077
9 32 0.184
9 46 0.178
9 68 0.162
9 91 0.161
9 15 0.173
9 23 0.171
9 27 0.062
9 28 0.17
9 48 0.175
9 53 0.244
9 72 0.163
9 96 0.158
9 10 0.143
9 12 0.142
9 14 0.111
9 19 0.199
9 24 0.135
9 36 0.129
9 37 0.139
9 38 0.151
9 39 0.155
9 40 0.117
9 42 0.147
9 43 0.185
9 50 0.131
9 54 0.117
9 56 0.137
9 58 0.164
9 59 0.145
9 61 0.13
9 65 0.115
9 67 0.15
9 69 0.154
9 71 0.121
9 76 0.114
9 80 0.165
9 81 0.137
9 83 0.108
9 84 0.184
9 85 0.141
9 87 0.104
9 89 0.128
10 47 0.72
10 49 0.99
10 52 0.684
10 62 0.791
10 70 0.723
10 85 0.842
10 97 0.929
10 99 0.698
10 87 0.94
10 15 0.259
10 89 0.258
10 41 0.156
10 68 0.198
10 72 0.109
10 73 0.204
10 91 0.238
10 20 0.166
10 30 0.091
10 76 0.199
10 95 0.184
10 98 0.144
10 11 0.192
10 12 0.151
10 13 0.149
10 16 0.138
10 19 0.154
10 21 0.144
10 22 0.187
10 25 0.197
10 29 0.172
10 32 0.119
10 39 0.152
10 45 0.187
10 46 0.17
10 55 0.147
10 56 0.189
10 60 0.131
10 65 0.138
10 66 0.098
10 67 0.174
10 71 0.174
10 74 0.143
10 77 0.164
10 79 0.169
10 83 0.139
10 92 0.104
10 96 0.163
11 22 0.73
11 38 0.951
11 46 1
11 52 1
11 65 0.709
11 28 0.059
11 48 0.177
11 73 0.212
11 17 0.004
11 23 0.201
11 47 0.305
11 90 0.296
11 39 0.241
11 60 0.152
11 12 0.238
11 13 0.096
11 25 0.138
11 27 0.142
11 49 0.13
11 51 0.121
11 55 0.149
11 63 0.146
11 75 0.12
11 87 0.188
11 96 0.127
11 14 0.177
11 15 0.117
11 16 0.111
11 18 0.108
11 19 0.18
11 26 0.137
11 29 0.091
11 30 0.17
11 31 0.173
11 32 0.146
11 35 0.126
11 40 0.168
11 44 0.138
11 56 0.175
11 57 0.168
11 66 0.14
11 78 0.172
11 80 0.129
11 89 0.095
11 92 0.164
11 95 0.137
11 99 0.115
12 33 0.962
12 58 0.774
12 72 0.634
12 88 0.955
12 90 0.916
12 96 0.982
12 87 0.571
12 73 0.853
12 32 0.188
12 48 0.09
12 54 0.153
12 49 0.203
12 91 0.063
12 15 0.15
12 18 0.023
12 19 0.133
12 20 0.25
12 26 0.079
12 29 0.154
12 34 0.108
12 38 0.171
12 47 0.193
12 65 0.184
12 67 0.124
12 77 0.156
12 89 0.2
12 92 0.12
12 13 0.242
12 21 0.188
12 22 0.16
12 23 0.116
12 24 0.174
12 30 0.159
12 31 0.135
12 35 0.153
12 36 0.184
12 37 0.153
12 39 0.102
12 40 0.15
12 44 0.078
12 50 0.128
12 51 0.134
12 52 0.133
12 57 0.129
12 61 0.171
12 68 0.12
12 69 0.077
12 70 0.15
12 76 0.102
12 78 0.218
12 79 0.149
12 82 0.149
12 84 0.112
12 98 0.165
13 48 0.797
13 79 1
13 81 1
13 82 0.809
13 29 0.217
13 44 0.083
13 17 0.013
13 14 0.121
13 75 0.241
13 99 0.221
13 54 0.148
13 67 0.301
13 21 0.153
13 27 0.206
13 35 0.073
13 38 0.259
13 40 0.184
13 43 0.148
13 51 0.167
13 59 0.1
13 61 0.171
13 78 0.149
13 83 0.17
13 93 0.106
13 95 0.092
13 15 0.136
13 18 0.123
13 26 0.095
13 28 0.182
13 31 0.14
13 33 0.227
13 34 0.187
13 36 0.109
13 41 0.224
13 45 0.086
13 47 0.147
13 50 0.192
13 53 0.19
13 55 0.205
13 56 0.114
13 58 0.211
13 62 0.088
13 70 0.158
13 71 0.163
13 72 0.184
13 73 0.186
13 86 0.165
13 88 0.165
13 92 0.182
13 94 0.149
13 96 0.175
13 97 0.18
13 98 0.167
14 63 0.807
14 71 0.806
14 78 0.957
14 33 0.315
14 50 0.116
14 92 0.111
14 93 0.076
14 23 0.148
14 27 0.15
14 52 0.25
14 54 0.225
14 61 0.143
14 62 0.131
14 77 0.238
14 90 0.173
14 97 0.204
14 99 0.089
14 15 0.145
14 18 0.1
14 21 0.168
14 22 0.119
14 24 0.16
14 25 0.185
14 30 0.138
14 32 0.155
14 36 0.154
14 40 0.168
14 41 0.162
14 46 0.182
14 47 0.175
14 48 0.138
14 56 0.134
14 58 0.151
14 60 0.17
14 64 0.117
14 65 0.158
14 69 0.172
14 74 0.174
14 76 0.132
14 79 0.15
14 80 0.15
14 81 0.184
14 82 0.114
14 83 0.165
14 84 0.134
14 85 0.145
14 86 0.147
14 89 0.154
14 91 0.184
14 94 0.145
15 77 0.841
15 80 0.663
15 98 0.912
15 39 0.758
15 71 0.199
15 93 0.199
15 34 0.13
15 54 0.17
15 63 0.106
15 74 0.181
15 18 0.199
15 28 0.063
15 55 0.042
15 96 0.199
15 36 0.074
15 37 0.206
15 41 0.208
15 42 0.195
15 56 0.227
15 64 0.128
15 78 0.14
15 16 0.113
15 17 0.167
15 30 0.152
15 32 0.163
15 33 0.112
15 38 0.146
15 45 0.151
15 46 0.21
15 51 0.186
15 52 0.103
15 57 0.126
15 76 0.133
15 79 0.142
15 81 0.156
15 82 0.117
15 83 0.115
15 86 0.154
15 88 0.146
15 89 0.152
15 91 0.163
15 92 0.129
15 95 0.196
16 44 0.693
16 92 0.768
16 87 0.722
16 29 0.19
16 52 0.165
16 51 0.035
16 22 0.259
16 60 0.139
16 69 0.191
16 80 0.2
16 97 0.179
16 17 0.127
16 21 0.153
16 25 0.14
16 27 0.156
16 30 0.133
16 31 0.231
16 41 0.18
16 45 0.127
16 54 0.163
16 94 0.079
16 18 0.144
16 24 0.146
16 28 0.178
16 32 0.143
16 36 0.121
16 37 0.151
16 38 0.116
16 39 0.16
16 40 0.138
16 43 0.105
16 47 0.133
16 56 0.196
16 57 0.165
16 62 0.148
16 63 0.168
16 64 0.093
16 65 0.165
16 70 0.181
16 74 0.194
16 79 0.131
16 82 0.145
16 83 0.106
16 84 0.091
16 86 0.126
16 88 0.137
16 93 0.194
16 96 0.084
17 84 0.635
17 31 0.836
17 83 0.964
17 38 0.199
17 95 0.107
17 52 0.123
17 30 0.134
17 35 0.111
17 36 0.186
17 73 0.152
17 98 0.158
17 37 0.22
17 44 0.189
17 47 0.16
17 60 0.102
17 62 0.086
17 63 0.062
17 79 0.14
17 80 0.173
17 81 0.266
17 82 0.093
17 93 0.186
17 19 0.14
17 23 0.137
17 25 0.144
17 26 0.198
17 34 0.146
17 41 0.143
17 42 0.109
17 45 0.108
17 49 0.139
17 53 0.12
17 55 0.142
17 57 0.136
17 61 0.117
17 64 0.222
17 67 0.172
17 74 0.136
17 75 0.147
17 78 0.207
17 85 0.115
18 30 0.908
18 79 0.861
18 46 0.965
18 51 0.79
18 70 0.674
18 89 0.886
18 90 0.84
18 69 1.0
18 86 0.118
18 43 0.077
18 58 0.102
18 37 0.004
18 40 0.112
18 55 0.119
18 57 0.062
18 62 0.187
18 64 0.166
18 65 0.046
18 67 0.119
18 77 0.18
18 19 0.197
18 20 0.166
18 22 0.126
18 23 0.153
18 24 0.142
18 28 0.15
18 29 0.193
18 32 0.116
18 33 0.13
18 35 0.224
18 39 0.141
18 42 0.095
18 49 0.137
18 50 0.184
18 52 0.141
18 53 0.15
18 54 0.238
18 63 0.14
18 71 0.192
18 76 0.177
18 80 0.117
18 81 0.157
18 82 0.093
18 83 0.15
18 91 0.206
18 93 0.112
18 99 0.141
19 38 0.805
19 48 0.79
19 51 0.805
19 88 0.866
19 42 0.158
19 37 0.293
19 55 0.138
19 72 0.135
19 79 0.222
19 21 0.214
19 24 0.23
19 28 0.158
19 29 0.117
19 31 0.198
19 36 0.166
19 46 0.208
19 58 0.161
19 62 0.163
19 64 0.192
19 70 0.15
19 91 0.153
19 95 0.099
19 23 0.225
19 26 0.128
19 32 0.181
19 34 0.091
19 44 0.156
19 47 0.177
19 50 0.139
19 52 0.172
19 65 0.154
19 69 0.118
19 76 0.141
19 78 0.133
19 81 0.129
19 82 0.131
19 83 0.132
19 84 0.153
19 85 0.127
19 87 0.212
19 90 0.13
19 98 0.134
20 28 0.91
20 45 0.802
20 73 0.89
20 69 0.837
20 72 0.251
20 39 0.175
20 42 0.103
20 53 0.245
20 54 0.287
20 64 0.229
20 78 0.241
20 98 0.073
20 23 0.092
20 25 0.071
20 29 0.255
20 34 0.143
20 41 0.1
20 52 0.162
20 60 0.056
20 70 0.168
20 71 0.162
20 79 0.158
20 84 0.232
20 91 0.178
20 94 0.129
20 21 0.132
20 36 0.098
20 37 0.119
20 38 0.149
20 46 0.129
20 47 0.145
20 49 0.172
20 50 0.122
20 51 0.157
20 56 0.182
20 59 0.112
20 65 0.13
20 66 0.167
20 77 0.094
20 85 0.189
20 88 0.137
20 89 0.136
20 93 0.178
20 95 0.167
21 42 0.817
21 75 0.705
21 76 0.546
21 81 0.737
21 88 0.933
21 62 0.045
21 32 0.153
21 33 0.102
21 66 0.098
21 63 0.179
21 40 0.063
21 46 0.137
21 47 0.091
21 48 0.151
21 58 0.194
21 68 0.132
21 73 0.162
21 82 0.106
21 90 0.139
21 93 0.116
21 22 0.184
21 23 0.172
21 27 0.184
21 36 0.086
21 38 0.145
21 45 0.163
21 49 0.169
21 57 0.125
21 59 0.184
21 60 0.141
21 61 0.132
21 64 0.123
21 65 0.199
21 72 0.146
21 79 0.156
21 80 0.156
21 84 0.11
21 86 0.153
21 89 0.16
21 91 0.141
21 95 0.151
21 96 0.159
21 97 0.157
21 98 0.144
22 26 0.719
22 37 0.883
22 61 0.706
22 23 0.839
22 93 0.069
22 38 0.073
22 51 0.174
22 25 0.222
22 46 0.156
22 48 0.056
22 49 0.106
22 90 0.279
22 29 0.138
22 31 0.204
22 32 0.202
22 34 0.14
22 40 0.134
22 44 0.061
22 56 0.05
22 62 0.213
22 64 0.158
22 65 0.163
22 67 0.106
22 70 0.178
22 75 0.188
22 94 0.148
22 96 0.091
22 97 0.14
22 24 0.153
22 35 0.121
22 39 0.16
22 42 0.136
22 47 0.202
22 55 0.177
22 57 0.105
22 71 0.123
22 72 0.155
22 76 0.197
22 78 0.198
22 79 0.084
22 81 0.149
22 82 0.16
22 84 0.19
22 86 0.14
22 89 0.149
22 91 0.138
22 92 0.157
22 95 0.143
22 99 0.136
23 78 1
23 33 0.996
23 86 0.662
23 63 0.182
23 44 0.151
23 79 0.203
23 35 0.125
23 54 0.182
23 77 0.208
23 27 0.13
23 32 0.202
23 34 0.174
23 38 0.227
23 46 0.09
23 58 0.116
23 62 0.22
23 69 0.207
23 84 0.21
23 97 0.191
23 25 0.128
23 29 0.129
23 30 0.13
23 42 0.181
23 45 0.132
23 50 0.176
23 51 0.176
23 56 0.103
23 59 0.168
23 61 0.129
23 64 0.107
23 71 0.139
23 73 0.195
23 74 0.077
23 75 0.159
23 76 0.151
23 81 0.162
23 85 0.165
23 87 0.178
23 93 0.154
23 96 0.14
23 98 0.157
24 33 0.578
24 35 0.673
24 42 0.806
24 58 0.754
24 91 0.525
24 41 0.777
24 95 0.203
24 67 0.215
24 26 0.154
24 43 0.199
24 83 0.168
24 87 0.295
24 29 0.137
24 53 0.078
24 73 0.21
24 77 0.174
24 85 0.075
24 89 0.129
24 96 0.091
24 27 0.144
24 28 0.101
24 37 0.138
24 38 0.166
24 40 0.106
24 47 0.183
24 48 0.094
24 50 0.154
24 52 0.15
24 54 0.107
24 55 0.142
24 57 0.142
24 60 0.169
24 61 0.146
24 62 0.162
24 63 0.168
24 65 0.149
24 68 0.113
24 69 0.172
24 75 0.191
24 82 0.147
24 97 0.144
24 98 0.196
24 99 0.165
25 59 0.865
25 87 0.983
25 39 0.813
25 86 0.215
25 38 0.213
25 51 0.259
25 35 0.103
25 42 0.135
25 48 0.105
25 53 0.116
25 91 0.342
25 32 0.136
25 33 0.216
25 37 0.125
25 41 0.163
25 47 0.127
25 64 0.135
25 69 0.029
25 70 0.118
25 72 0.183
25 82 0.09
25 28 0.154
25 30 0.191
25 31 0.112
25 34 0.152
25 36 0.204
25 40 0.098
25 45 0.21
25 50 0.147
25 52 0.185
25 54 0.103
25 57 0.147
25 58 0.204
25 62 0.133
25 63 0.158
25 67 0.118
25 68 0.145
25 71 0.123
25 73 0.133
25 74 0.146
25 75 0.108
25 77 0.122
25 80 0.186
25 83 0.22
25 84 0.151
25 88 0.151
25 89 0.203
25 90 0.153
25 93 0.157
25 95 0.124
25 96 0.146
25 97 0.166
26 57 1
26 34 0.77
26 90 0.607
26 83 0.122
26 44 0.145
26 87 0.168
26 97 0.18
26 30 0.203
26 43 0.128
26 71 0.105
26 75 0.257
26 31 0.166
26 33 0.05
26 40 0.155
26 58 0.134
26 63 0.184
26 70 0.139
26 98 0.228
26 32 0.122
26 36 0.139
26 37 0.14
26 41 0.17
26 50 0.146
26 51 0.14
26 53 0.16
26 54 0.134
26 56 0.206
26 59 0.118
26 67 0.152
26 69 0.192
26 74 0.126
26 78 0.16
26 82 0.143
26 84 0.166
26 86 0.158
26 92 0.148
26 93 0.153
26 94 0.169
26 95 0.124
26 96 0.156
26 99 0.129
27 75 0.604
27 79 0.857
27 92 0.549
27 32 0.885
27 55 0.623
27 34 0.706
27 38 0.182
27 69 0.335
27 71 0.248
27 90 0.028
27 35 0.114
27 46 0.117
27 48 0.138
27 76 0.242
27 78 0.11
27 80 0.256
27 83 0.257
27 87 0.185
27 88 0.042
27 97 0.112
27 28 0.126
27 31 0.16
27 33 0.159
27 36 0.141
27 39 0.205
27 41 0.145
27 42 0.206
27 45 0.153
27 47 0.155
27 52 0.217
27 53 0.142
27 54 0.152
27 57 0.175
27 62 0.183
27 63 0.172
27 64 0.109
27 65 0.155
27 66 0.202
27 67 0.189
27 68 0.12
27 72 0.117
27 82 0.18
27 85 0.187
27 86 0.139
27 91 0.142
27 93 0.083
27 94 0.107
27 95 0.162
27 96 0.13
27 98 0.115
28 36 0.743
28 50 0.81
28 66 0.916
28 74 0.905
28 81 0.86
28 89 0.615
28 95 0.708
28 82 0.099
28 31 0.139
28 98 0.151
28 58 0.074
28 61 0.104
28 64 0.219
28 75 0.246
28 79 0.172
28 32 0.115
28 34 0.103
28 37 0.203
28 39 0.248
28 45 0.173
28 48 0.198
28 65 0.043
28 73 0.24
28 84 0.055
28 87 0.153
28 30 0.109
28 35 0.164
28 38 0.164
28 41 0.188
28 43 0.188
28 51 0.104
28 52 0.166
28 53 0.202
28 54 0.119
28 57 0.155
28 62 0.189
28 68 0.118
28 72 0.105
28 76 0.175
28 77 0.123
28 86 0.167
28 88 0.138
28 91 0.113
28 92 0.151
28 93 0.172
28 96 0.169
28 99 0.187
29 54 0.779
29 61 0.83
29 83 0.69
29 46 0.664
29 73 0.194
29 88 0.142
29 34 0.211
29 56 0.064
29 48 0.185
29 68 0.206
29 70 0.044
29 32 0.184
29 41 0.185
29 42 0.192
29 45 0.101
29 47 0.102
29 52 0.189
29 64 0.153
29 72 0.126
29 75 0.227
29 78 0.263
29 82 0.043
29 85 0.185
29 86 0.184
29 92 0.143
29 94 0.222
29 30 0.178
29 33 0.134
29 36 0.122
29 37 0.186
29 38 0.199
29 39 0.17
29 40 0.184
29 43 0.188
29 44 0.148
29 49 0.162
29 51 0.205
29 53 0.154
29 59 0.141
29 62 0.144
29 63 0.161
29 74 0.148
29 77 0.131
29 81 0.14
29 89 0.15
29 91 0.23
29 93 0.111
29 97 0.127
29 99 0.195
30 31 0.873
30 34 0.818
30 41 0.757
30 42 0.827
30 46 0.749
30 83 0.983
30 86 0.759
30 92 0.808
30 99 0.755
30 47 0.79
30 68 0.691
30 73 0.438
30 35 0.134
30 37 0.203
30 72 0.083
30 84 0.222
30 49 0.155
30 57 0.185
30 63 0.187
30 71 0.136
30 75 0.166
30 36 0.142
30 38 0.195
30 39 0.135
30 43 0.217
30 44 0.14
30 48 0.167
30 50 0.12
30 52 0.151
30 58 0.177
30 62 0.174
30 65 0.131
30 67 0.166
30 70 0.148
30 74 0.146
30 80 0.167
30 87 0.136
30 88 0.191
30 89 0.133
30 93 0.156
30 94 0.155
30 95 0.213
30 97 0.129
31 71 1
31 73 0.691
31 61 0.155
31 69 0.038
31 34 0.17
31 98 0.186
31 38 0.108
31 45 0.1
31 52 0.205
31 56 0.146
31 72 0.013
31 75 0.045
31 91 0.167
31 32 0.178
31 33 0.165
31 39 0.164
31 43 0.157
31 46 0.172
31 48 0.209
31 49 0.168
31 54 0.125
31 55 0.144
31 60 0.155
31 64 0.161
31 66 0.194
31 67 0.146
31 70 0.133
31 74 0.173
31 79 0.113
31 81 0.147
31 82 0.198
31 83 0.139
31 84 0.166
31 85 0.144
31 86 0.176
31 87 0.195
31 88 0.169
31 89 0.146
31 93 0.121
32 71 0.855
32 94 0.775
32 35 0.998
32 75 0.284
32 47 0.347
32 60 0.172
32 74 0.181
32 84 0.201
32 85 0.158
32 38 0.146
32 41 0.073
32 48 0.115
32 66 0.168
32 78 0.192
32 82 0.179
32 87 0.214
32 39 0.136
32 40 0.121
32 42 0.139
32 43 0.155
32 44 0.126
32 46 0.149
32 49 0.156
32 50 0.078
32 51 0.148
32 52 0.146
32 53 0.122
32 55 0.174
32 56 0.165
32 58 0.172
32 59 0.11
32 63 0.177
32 65 0.141
32 67 0.202
32 68 0.147
32 69 0.153
32 70 0.125
32 73 0.18
32 79 0.147
32 89 0.21
32 90 0.174
32 91 0.13
32 96 0.192
32 97 0.135
33 55 0.886
33 64 0.997
33 81 0.831
33 72 0.856
33 44 0.088
33 99 0.177
33 35 0.078
33 45 0.124
33 57 0.086
33 58 0.186
33 61 0.144
33 67 0.207
33 70 0.186
33 71 0.124
33 73 0.12
33 76 0.172
33 96 0.145
33 34 0.141
33 37 0.152
33 52 0.133
33 53 0.147
33 66 0.164
33 68 0.172
33 69 0.149
33 77 0.093
33 80 0.095
33 84 0.154
33 87 0.16
33 88 0.155
33 93 0.122
33 94 0.172
33 98 0.155
34 99 0.656
34 90 0.271
34 80 0.187
34 95 0.354
34 37 0.19
34 38 0.033
34 51 0.112
34 63 0.119
34 82 0.12
34 83 0.163
34 88 0.195
34 91 0.116
34 49 0.106
34 50 0.14
34 52 0.112
34 58 0.129
34 65 0.133
34 66 0.097
34 72 0.134
34 73 0.175
34 87 0.139
34 89 0.04
34 93 0.077
34 36 0.171
34 39 0.181
34 40 0.138
34 42 0.131
34 43 0.115
34 45 0.132
34 46 0.167
34 47 0.16
34 53 0.083
34 55 0.109
34 59 0.144
34 60 0.109
34 61 0.177
34 64 0.087
34 70 0.127
34 76 0.133
34 77 0.148
34 79 0.15
34 84 0.179
34 96 0.163
35 38 0.899
35 51 0.911
35 66 0.768
35 39 0.552
35 86 0.618
35 52 0.067
35 78 0.053
35 83 0.231
35 54 0.221
35 67 0.03
35 45 0.112
35 46 0.169
35 57 0.056
35 62 0.148
35 80 0.105
35 81 0.096
35 93 0.153
35 94 0.097
35 40 0.115
35 42 0.148
35 43 0.095
35 48 0.149
35 49 0.192
35 50 0.188
35 55 0.146
35 58 0.127
35 59 0.186
35 69 0.138
35 72 0.112
35 73 0.179
35 74 0.156
35 75 0.18
35 76 0.079
35 79 0.157
35 84 0.132
35 85 0.137
35 87 0.131
35 89 0.161
35 90 0.138
35 96 0.136
35 98 0.132
35 99 0.209
36 55 0.817
36 62 0.541
36 84 0.843
36 91 0.821
36 94 0.699
36 41 0.983
36 95 0.869
36 50 0.837
36 59 0.193
36 75 0.101
36 38 0.094
36 47 0.075
36 51 0.027
36 37 0.105
36 44 0.093
36 56 0.111
36 69 0.211
36 72 0.19
36 74 0.25
36 83 0.2
36 89 0.203
36 40 0.117
36 42 0.141
36 43 0.139
36 45 0.158
36 49 0.151
36 52 0.154
36 57 0.159
36 58 0.176
36 63 0.149
36 66 0.201
36 67 0.128
36 76 0.167
36 82 0.153
36 85 0.113
36 87 0.16
36 88 0.121
36 90 0.148
36 96 0.22
36 98 0.149
36 99 0.223
37 47 0.957
37 60 0.647
37 63 0.943
37 68 0.076
37 38 0.136
37 41 0.196
37 49 0.377
37 65 0.159
37 69 0.116
37 77 0.21
37 82 0.081
37 98 0.155
37 39 0.144
37 40 0.213
37 44 0.135
37 45 0.137
37 46 0.16
37 53 0.146
37 54 0.102
37 70 0.166
37 71 0.12
37 76 0.194
37 78 0.155
37 80 0.16
37 88 0.138
37 89 0.141
37 90 0.152
37 91 0.166
37 92 0.146
37 93 0.138
37 95 0.159
37 96 0.135
37 97 0.119
38 48 0.92
38 50 0.719
38 68 0.666
38 61 0.07
38 78 0.154
38 41 0.045
38 45 0.176
38 49 0.072
38 47 0.164
38 56 0.199
38 66 0.174
38 82 0.222
38 99 0.086
38 40 0.149
38 55 0.174
38 58 0.1
38 59 0.168
38 60 0.168
38 63 0.133
38 64 0.122
38 67 0.215
38 69 0.153
38 76 0.117
38 77 0.146
38 79 0.171
38 80 0.158
38 85 0.126
38 86 0.107
38 87 0.069
38 88 0.149
38 91 0.09
38 93 0.194
38 94 0.096
38 95 0.177
38 96 0.195
38 97 0.16
39 86 0.849
39 64 0.977
39 62 0.253
39 73 0.282
39 74 0.097
39 82 0.168
39 41 0.089
39 54 0.054
39 75 0.15
39 78 0.18
39 83 0.182
39 99 0.163
39 42 0.15
39 43 0.161
39 47 0.107
39 48 0.15
39 52 0.14
39 69 0.17
39 71 0.165
39 77 0.201
39 79 0.142
39 81 0.186
39 85 0.163
39 87 0.143
39 88 0.23
39 91 0.126
39 93 0.141
39 94 0.107
39 96 0.114
39 97 0.108
39 98 0.142
40 46 0.672
40 78 0.549
40 87 0.586
40 90 0.645
40 63 0.885
40 71 0.876
40 45 0.742
40 51 0.09
40 85 0.116
40 93 0.274
40 47 0.197
40 61 0.163
40 64 0.118
40 67 0.104
40 69 0.113
40 88 0.085
40 96 0.145
40 98 0.095
40 41 0.165
40 42 0.1
40 44 0.105
40 48 0.155
40 50 0.185
40 52 0.186
40 55 0.19
40 70 0.166
40 73 0.137
40 74 0.128
40 75 0.152
40 76 0.132
40 80 0.16
40 81 0.119
40 94 0.13
41 47 0.963
41 75 0.902
41 86 0.885
41 74 0.649
41 61 0.932
41 71 0.104
41 51 0.067
41 58 0.12
41 43 0.101
41 45 0.156
41 50 0.085
41 65 0.092
41 68 0.185
41 78 0.123
41 79 0.171
41 81 0.21
41 82 0.076
41 84 0.123
41 85 0.083
41 92 0.248
41 42 0.175
41 46 0.125
41 48 0.151
41 53 0.185
41 54 0.129
41 55 0.119
41 57 0.148
41 62 0.128
41 64 0.199
41 67 0.15
41 70 0.141
41 72 0.135
41 73 0.116
41 77 0.1
41 83 0.185
41 87 0.149
41 88 0.166
41 89 0.121
41 91 0.142
41 98 0.165
41 99 0.194
42 44 1
42 49 0.778
42 52 0.814
42 78 0.68
42 93 0.994
42 55 0.498
42 83 1
42 45 0.525
42 47 0.072
42 48 0.08
42 53 0.287
42 70 0.218
42 89 0.136
42 54 0.183
42 64 0.062
42 69 0.11
42 73 0.166
42 74 0.187
42 77 0.164
42 80 0.136
42 43 0.099
42 50 0.164
42 57 0.109
42 58 0.151
42 59 0.089
42 65 0.14
42 66 0.174
42 72 0.237
42 75 0.134
42 79 0.179
42 92 0.174
42 94 0.189
42 97 0.142
43 46 0.841
43 61 0.82
43 45 0.865
43 64 0.093
43 68 0.162
43 70 0.062
43 44 0.118
43 47 0.02
43 53 0.099
43 58 0.154
43 63 0.194
43 76 0.091
43 78 0.075
43 79 0.135
43 97 0.1
43 99 0.062
43 49 0.175
43 54 0.172
43 57 0.156
43 59 0.191
43 66 0.179
43 69 0.196
43 72 0.206
43 77 0.155
43 82 0.186
43 83 0.125
43 84 0.188
43 85 0.191
43 87 0.166
43 89 0.184
43 91 0.084
43 93 0.184
43 95 0.127
43 98 0.176
44 76 0.198
44 77 0.129
44 79 0.174
44 54 0.165
44 56 0.04
44 59 0.124
44 73 0.241
44 81 0.19
44 85 0.13
44 94 0.234
44 48 0.193
44 50 0.134
44 51 0.086
44 53 0.176
44 57 0.141
44 58 0.195
44 60 0.122
44 61 0.206
44 62 0.169
44 63 0.173
44 66 0.16
44 68 0.181
44 69 0.138
44 70 0.139
44 82 0.143
44 87 0.106
44 88 0.178
44 90 0.168
44 92 0.186
44 93 0.141
44 98 0.153
44 99 0.177
45 56 0.662
45 96 0.572
45 85 0.956
45 94 0.902
45 89 0.13
45 98 0.135
45 62 0.26
45 68 0.162
45 70 0.199
45 48 0.162
45 59 0.143
45 73 0.156
45 84 0.125
45 91 0.161
45 95 0.065
45 46 0.123
45 49 0.135
45 52 0.188
45 54 0.143
45 57 0.206
45 64 0.171
45 65 0.147
45 67 0.157
45 71 0.175
45 75 0.198
45 78 0.16
45 82 0.159
45 83 0.187
45 87 0.194
45 92 0.133
45 97 0.145
46 57 0.881
46 75 0.596
46 87 0.527
46 80 1
46 55 0.91
46 47 0.085
46 72 0.079
46 74 0.151
46 84 0.151
46 49 0.169
46 50 0.11
46 71 0.182
46 77 0.189
46 81 0.116
46 85 0.284
46 86 0.169
46 94 0.119
46 52 0.167
46 54 0.202
46 61 0.145
46 62 0.178
46 63 0.184
46 65 0.15
46 67 0.153
46 69 0.153
46 88 0.106
46 93 0.153
46 98 0.166
47 60 0.738
47 88 0.792
47 80 0.934
47 83 0.995
47 92 0.748
47 59 0.041
47 74 0.133
47 90 0.058
47 48 0.055
47 54 0.213
47 99 0.106
47 49 0.125
47 51 0.164
47 52 0.102
47 53 0.158
47 57 0.129
47 62 0.136
47 65 0.128
47 67 0.187
47 68 0.143
47 69 0.167
47 71 0.154
47 76 0.091
47 79 0.193
47 81 0.132
47 93 0.142
47 94 0.174
47 95 0.134
47 96 0.196
47 97 0.112
48 62 0.911
48 70 0.799
48 88 0.961
48 58 0.15
48 89 0.113
48 54 0.098
48 56 0.143
48 57 0.172
48 63 0.188
48 67 0.129
48 72 0.098
48 80 0.094
48 84 0.115
48 93 0.077
48 97 0.165
48 50 0.167
48 52 0.123
48 53 0.201
48 61 0.076
48 66 0.108
48 69 0.149
48 74 0.119
48 75 0.17
48 76 0.148
48 81 0.129
48 82 0.161
48 83 0.145
48 90 0.158
48 92 0.122
48 95 0.194
48 98 0.157
49 56 0.662
49 61 0.6
49 81 0.813
49 53 0.939
49 89 0.144
49 99 0.052
49 51 0.044
49 86 0.187
49 90 0.279
49 92 0.173
49 57 0.001
49 63 0.165
49 70 0.135
49 71 0.15
49 73 0.186
49 52 0.148
49 55 0.159
49 59 0.189
49 60 0.153
49 68 0.156
49 69 0.188
49 75 0.133
49 77 0.129
49 78 0.138
49 79 0.178
49 80 0.094
49 84 0.131
49 85 0.177
49 93 0.102
49 98 0.156
50 74 1
50 59 1
50 72 0.052
50 75 0.194
50 76 0.313
50 88 0.187
50 51 0.219
50 61 0.121
50 79 0.099
50 89 0.117
50 53 0.166
50 54 0.161
50 55 0.17
50 56 0.141
50 60 0.127
50 62 0.136
50 63 0.169
50 66 0.136
50 67 0.165
50 70 0.172
50 73 0.125
50 77 0.152
50 78 0.115
50 83 0.191
50 84 0.159
50 85 0.109
50 90 0.169
50 91 0.149
50 92 0.142
50 93 0.177
50 94 0.16
50 98 0.174
50 99 0.172
51 89 0.952
51 66 0.24
51 92 0.101
51 62 0.2
51 63 0.132
51 77 0.042
51 52 0.193
51 53 0.167
51 57 0.149
51 60 0.135
51 61 0.098
51 67 0.171
51 68 0.119
51 73 0.17
51 74 0.164
51 75 0.12
51 78 0.14
51 79 0.093
51 81 0.149
51 82 0.188
51 84 0.158
51 86 0.191
51 87 0.198
51 88 0.164
51 90 0.184
51 91 0.179
51 95 0.212
51 97 0.134
51 98 0.107
51 99 0.181
52 63 0.626
52 76 0.942
52 75 0.189
52 53 0.104
52 65 0.207
52 88 0.142
52 94 0.173
52 68 0.302
52 72 0.176
52 73 0.142
52 84 0.137
52 95 0.132
52 55 0.184
52 59 0.168
52 60 0.138
52 62 0.193
52 69 0.192
52 70 0.186
52 71 0.149
52 79 0.185
52 83 0.071
52 86 0.122
52 89 0.161
52 90 0.151
52 92 0.14
52 93 0.136
52 96 0.139
52 97 0.119
53 77 0.605
53 78 0.499
53 80 1
53 73 0.291
53 96 0.172
53 55 0.217
53 61 0.214
53 63 0.179
53 71 0.124
53 95 0.13
53 58 0.044
53 75 0.106
53 87 0.09
53 91 0.083
53 94 0.122
53 54 0.081
53 56 0.182
53 57 0.193
53 59 0.143
53 64 0.119
53 65 0.158
53 76 0.098
53 83 0.138
53 88 0.115
53 90 0.145
53 97 0.161
53 98 0.17
53 99 0.084
54 57 0.945
54 71 0.848
54 76 0.736
54 77 0.532
54 98 0.717
54 75 0.133
54 80 0.089
54 69 0.222
54 65 0.134
54 74 0.145
54 89 0.191
54 96 0.108
54 55 0.136
54 56 0.093
54 62 0.146
54 63 0.203
54 66 0.182
54 68 0.162
54 70 0.153
54 73 0.151
54 81 0.171
54 83 0.144
54 85 0.14
54 87 0.103
54 92 0.115
54 93 0.151
54 94 0.108
54 95 0.172
54 97 0.145
55 83 0.885
55 98 0.221
55 99 0.056
55 59 0.214
55 65 0.116
55 66 0.119
55 67 0.042
55 74 0.151
55 79 0.121
55 84 0.022
55 57 0.124
55 61 0.186
55 63 0.2
55 64 0.126
55 68 0.128
55 77 0.148
55 78 0.15
55 82 0.161
55 85 0.141
55 90 0.129
55 91 0.184
55 92 0.141
55 94 0.207
55 95 0.101
55 96 0.166
56 62 0.689
56 67 0.756
56 70 0.653
56 76 0.968
56 86 0.228
56 97 0.101
56 69 0.144
56 81 0.17
56 60 0.225
56 59 0.278
56 73 0.084
56 79 0.197
56 84 0.069
56 57 0.125
56 61 0.075
56 64 0.126
56 65 0.13
56 72 0.121
56 74 0.153
56 85 0.12
56 87 0.113
56 90 0.162
56 92 0.132
56 94 0.145
56 99 0.132
57 67 0.546
57 76 0.989
57 92 0.848
57 94 0.95
57 64 0.159
57 63 0.263
57 65 0.153
57 71 0.246
57 68 0.07
57 84 0.258
57 58 0.18
57 59 0.174
57 60 0.146
57 62 0.138
57 69 0.12
57 74 0.145
57 78 0.166
57 80 0.166
57 83 0.192
57 86 0.166
57 87 0.134
57 90 0.171
57 91 0.125
57 93 0.196
57 95 0.167
58 63 1
58 75 1
58 72 0.807
58 68 0.179
58 77 0.203
58 85 0.168
58 60 0.142
58 65 0.149
58 67 0.168
58 70 0.154
58 71 0.143
58 73 0.166
58 76 0.177
58 82 0.174
58 83 0.14
58 84 0.128
58 88 0.141
58 89 0.179
58 90 0.129
58 95 0.152
58 96 0.176
59 60 0.281
59 63 0.351
59 98 0.154
59 86 0.267
59 79 0.119
59 87 0.138
59 91 0.087
59 93 0.127
59 62 0.168
59 65 0.093
59 66 0.143
59 70 0.193
59 71 0.154
59 72 0.098
59 74 0.14
59 75 0.119
59 76 0.115
59 77 0.121
59 82 0.252
59 88 0.147
59 89 0.153
59 90 0.172
59 92 0.174
59 96 0.14
59 99 0.134
60 66 1
60 86 0.957
60 89 0.746
60 70 0.892
60 74 0.178
60 79 0.126
60 87 0.248
60 90 0.075
60 96 0.193
60 67 0.137
60 68 0.147
60 73 0.126
60 76 0.182
60 78 0.148
60 80 0.156
60 81 0.132
60 85 0.215
60 88 0.166
60 91 0.175
60 93 0.146
60 98 0.177
60 99 0.127
61 72 0.808
61 79 0.871
61 80 0.195
61 88 0.172
61 65 0.091
61 75 0.098
61 76 0.107
61 89 0.139
61 91 0.159
61 63 0.166
61 64 0.193
61 67 0.117
61 69 0.18
61 71 0.111
61 73 0.172
61 74 0.167
61 77 0.166
61 82 0.183
61 83 0.145
61 93 0.103
61 95 0.114
61 96 0.16
61 99 0.174
62 77 0.99
62 97 0.547
62 71 0.185
62 65 0.192
62 72 0.191
62 73 0.195
62 87 0.149
62 89 0.089
62 93 0.213
62 98 0.193
62 66 0.125
62 67 0.156
62 74 0.086
62 75 0.153
62 76 0.184
62 78 0.149
62 82 0.169
62 90 0.174
62 95 0.17
62 99 0.162
63 72 0.839
63 89 0.777
63 66 0.118
63 92 0.107
63 84 0.159
63 87 0.207
63 65 0.126
63 79 0.197
63 85 0.261
63 91 0.271
63 94 0.176
63 98 0.145
63 64 0.177
63 67 0.172
63 68 0.107
63 69 0.092
63 73 0.178
63 74 0.186
63 75 0.137
63 76 0.152
63 80 0.157
63 83 0.158
63 90 0.177
63 96 0.161
64 67 0.879
64 71 0.848
64 86 0.696
64 85 0.198
64 92 0.05
64 95 0.165
64 70 0.167
64 73 0.277
64 75 0.175
64 79 0.113
64 84 0.156
64 72 0.143
64 74 0.166
64 76 0.146
64 77 0.139
64 80 0.171
64 82 0.177
64 88 0.088
64 99 0.186
65 97 0.955
65 85 1
65 81 0.255
65 87 0.092
65 98 0.178
65 99 0.222
65 67 0.196
65 73 0.118
65 75 0.276
65 90 0.154
65 93 0.122
65 95 0.26
65 66 0.152
65 68 0.126
65 69 0.145
65 70 0.124
65 71 0.189
65 72 0.168
65 74 0.184
65 78 0.144
65 83 0.143
65 86 0.091
65 88 0.165
65 96 0.167
66 78 0.884
66 74 0.066
66 89 0.114
66 67 0.191
66 70 0.173
66 71 0.185
66 75 0.125
66 79 0.146
66 84 0.157
66 85 0.117
66 86 0.129
66 87 0.095
66 88 0.162
66 91 0.173
66 92 0.128
66 93 0.126
66 95 0.149
66 98 0.074
66 99 0.164
67 72 0.119
67 82 0.181
67 94 0.129
67 69 0.157
67 70 0.088
67 73 0.167
67 74 0.153
67 79 0.106
67 83 0.14
67 84 0.15
67 87 0.116
67 92 0.18
67 98 0.118
67 99 0.134
68 83 0.83
68 85 0.033
68 95 0.135
68 72 0.113
68 82 0.198
68 90 0.16
68 73 0.08
68 74 0.122
68 75 0.138
68 76 0.172
68 77 0.158
68 84 0.128
68 87 0.132
68 93 0.178
68 94 0.129
68 96 0.141
68 99 0.183
69 74 1
69 75 0.724
69 98 0.988
69 80 0.191
69 99 0.329
69 71 0.172
69 81 0.174
69 89 0.177
69 79 0.196
69 82 0.106
69 83 0.17
69 84 0.177
69 86 0.111
69 92 0.183
69 95 0.16
69 96 0.144
70 87 0.968
70 71 0.132
70 75 0.221
70 79 0.134
70 86 0.168
70 91 0.141
70 92 0.187
70 95 0.072
70 73 0.134
70 83 0.2
70 85 0.197
70 89 0.142
70 93 0.158
70 96 0.153
70 97 0.151
70 99 0.168
71 99 0.793
71 89 0.934
71 83 0.12
71 95 0.159
71 80 0.134
71 87 0.139
71 92 0.133
71 75 0.137
71 77 0.115
71 81 0.155
71 84 0.181
71 91 0.109
72 87 0.698
72 93 0.784
72 92 0.083
72 80 0.155
72 88 0.192
72 95 0.019
72 73 0.16
72 77 0.121
72 78 0.157
72 82 0.142
72 85 0.121
72 89 0.152
72 91 0.172
72 98 0.114
72 99 0.179
73 99 0.727
73 77 0.189
73 80 0.173
73 84 0.165
73 92 0.03
73 94 0.062
73 95 0.157
73 75 0.082
73 85 0.149
73 86 0.124
73 87 0.148
73 88 0.187
73 93 0.163
73 96 0.169
73 98 0.193
74 98 0.727
74 97 0.816
74 99 0.516
74 83 0.077
74 87 0.156
74 93 0.07
74 82 0.116
74 76 0.148
74 89 0.126
74 79 0.121
74 81 0.169
74 84 0.159
74 88 0.191
74 92 0.134
75 92 1
75 90 0.225
75 99 0.176
75 79 0.135
75 87 0.139
75 96 0.028
75 76 0.141
75 78 0.099
75 83 0.136
75 84 0.162
75 95 0.186
75 98 0.159
76 99 1
76 83 0.931
76 81 0.119
76 77 0.169
76 93 0.087
76 84 0.13
76 89 0.119
76 91 0.147
76 95 0.176
76 79 0.122
76 80 0.16
76 82 0.219
76 87 0.098
76 88 0.105
76 92 0.159
76 94 0.155
76 97 0.107
76 98 0.129
77 97 0.743
77 80 0.223
77 86 0.103
77 78 0.177
77 82 0.146
77 89 0.159
77 92 0.146
77 93 0.133
78 85 1
78 88 0.919
78 93 0.653
78 91 0.869
78 98 0.775
78 87 0.189
78 80 0.196
78 82 0.137
78 86 0.142
78 89 0.232
78 90 0.173
78 94 0.187
78 96 0.154
79 97 0.673
79 98 0.614
79 85 0.109
79 99 0.166
79 84 0.223
79 91 0.108
79 92 0.174
79 93 0.168
79 96 0.174
79 80 0.169
79 83 0.221
79 87 0.179
79 88 0.137
79 90 0.076
79 94 0.17
80 82 0.666
80 87 0.951
80 98 0.598
80 85 0.068
80 90 0.209
80 91 0.149
80 95 0.114
80 86 0.141
80 88 0.186
80 92 0.127
80 93 0.18
80 94 0.111
80 99 0.122
81 87 0.226
81 93 0.197
81 99 0.207
81 85 0.162
81 88 0.16
81 89 0.163
81 90 0.152
81 92 0.14
81 96 0.156
82 93 0.929
82 87 0.178
82 92 0.176
82 97 0.146
82 84 0.101
82 91 0.071
82 95 0.195
82 85 0.191
82 86 0.222
82 94 0.15
82 96 0.191
83 97 0.534
83 87 0.135
83 96 0.079
83 85 0.091
83 91 0.155
83 94 0.142
83 95 0.132
83 98 0.143
83 99 0.184
84 99 0.103
84 91 0.199
84 98 0.056
84 85 0.098
84 86 0.201
84 87 0.193
84 90 0.082
84 92 0.132
84 93 0.104
84 96 0.099
85 89 0.017
85 91 0.131
85 93 0.255
85 90 0.195
85 99 0.128
85 86 0.159
85 94 0.165
85 95 0.18
85 96 0.098
85 98 0.128
86 89 0.108
86 98 0.206
86 88 0.133
86 95 0.16
86 96 0.148
86 97 0.15
86 99 0.146
87 97 0.762
87 88 0.145
87 99 0.058
87 90 0.114
87 93 0.106
87 95 0.148
87 91 0.085
87 92 0.171
87 96 0.098
87 98 0.111
88 99 0.17
88 93 0.16
88 90 0.121
88 91 0.153
88 95 0.131
88 97 0.134
89 96 0.928
89 91 0.138
89 97 0.122
89 93 0.161
89 94 0.122
89 99 0.196
90 99 0.027
90 92 0.064
90 93 0.175
90 91 0.149
90 95 0.185
90 96 0.201
90 98 0.16
91 97 0.207
91 92 0.189
91 95 0.146
91 96 0.182
91 98 0.133
92 96 0.846
92 95 0.168
93 99 0.948
93 98 0.126
93 97 0.091
93 95 0.173
94 95 0.164
94 98 0.218
94 99 0.146
94 96 0.111
94 97 0.143
95 99 0.888
95 97 0.119
96 99 0.166
98 99 0.163
