0 29 0.878
0 50 0.664
0 67 0.998
0 96 0.782
0 34 0.885
0 94 0.854
0 1 0.501
0 43 0.664
0 70 0.18
0 18 0.281
0 48 0.263
0 28 0.142
0 90 0.206
0 65 0.122
0 31 0.086
0 66 0.116
0 68 0.094
0 86 0.16
0 87 0.077
0 11 0.11
0 54 0.148
0 89 0.082
0 14 0.143
0 21 0.208
0 24 0.239
0 37 0.153
0 57 0.152
0 61 0.204
0 88 0.14
0 17 0.081
0 19 0.2
0 55 0.188
0 62 0.188
0 64 0.077
0 81 0.088
0 83 0.244
0 10 0.104
0 22 0.16
0 23 0.152
0 33 0.141
0 35 0.136
0 49 0.116
0 74 0.126
0 76 0.149
0 77 0.143
0 78 0.118
0 79 0.104
1 14 0.84
1 35 0.812
1 43 0.767
1 49 0.862
1 54 0.593
1 71 0.611
1 83 0.579
1 87 0.968
1 75 0.085
1 37 0.105
1 38 0.069
1 47 0.226
1 82 0.055
1 5 0.084
1 11 0.221
1 92 0.198
1 3 0.257
1 4 0.225
1 28 0.194
1 29 0.003
1 44 0.183
1 8 0.198
1 20 0.127
1 32 0.072
1 34 0.146
1 64 0.021
1 78 0.212
1 95 0.21
1 24 0.17
1 58 0.137
1 79 0.222
1 89 0.121
1 91 0.156
2 7 0.653
2 18 0.835
2 20 0.862
2 48 0.927
2 51 1
2 58 0.945
2 60 0.882
2 75 0.801
2 95 0.898
2 45 0.762
2 56 0.399
2 96 0.8
2 22 0.603
2 35 0.258
2 37 0.334
2 44 0.129
2 81 0.171
2 21 0.206
2 17 0.116
2 26 0.274
2 31 0.207
2 41 0.223
2 3 0.069
2 28 0.074
2 39 0.033
2 40 0.021
2 46 0.112
2 68 0.173
2 82 0.101
2 97 0.22
2 25 0.109
2 34 0.131
2 76 0.146
2 98 0.094
2 99 0.108
2 6 0.193
2 10 0.129
2 16 0.148
2 30 0.11
2 54 0.152
2 55 0.121
2 59 0.154
2 62 0.136
2 69 0.141
2 84 0.147
2 87 0.18
2 89 0.216
2 94 0.107
3 6 0.767
3 40 0.676
3 49 1
3 50 0.972
3 51 0.973
3 32 0.867
3 17 0.226
3 16 0.208
3 81 0.284
3 19 0.243
3 34 0.21
3 31 0.176
3 8 0.239
3 38 0.122
3 53 0.075
3 85 0.083
3 15 0.118
3 21 0.255
3 25 0.216
3 36 0.233
3 41 0.289
3 55 0.097
3 70 0.066
3 95 0.054
3 7 0.218
3 10 0.169
3 52 0.178
3 57 0.103
3 77 0.151
3 11 0.144
3 20 0.138
3 39 0.156
3 46 0.114
3 58 0.155
3 65 0.119
3 72 0.212
3 75 0.173
3 80 0.14
3 82 0.158
3 84 0.086
3 96 0.128
4 10 1
4 69 0.64
4 80 0.985
4 90 0.925
4 63 0.2
4 36 0.311
4 75 0.152
4 9 0.134
4 18 0.095
4 47 0.294
4 51 0.175
4 35 0.327
4 72 0.32
4 73 0.254
4 78 0.28
4 50 0.176
4 57 0.077
4 58 0.225
4 67 0.136
4 71 0.076
4 94 0.121
4 97 0.134
4 62 0.18
4 70 0.094
4 82 0.091
4 12 0.203
4 15 0.22
4 16 0.13
4 22 0.135
4 38 0.077
4 39 0.203
4 68 0.104
4 89 0.096
4 14 0.176
4 21 0.056
4 23 0.183
4 26 0.148
4 32 0.172
4 43 0.168
4 45 0.131
4 60 0.133
4 81 0.16
4 88 0.154
4 91 0.19
5 17 0.584
5 54 0.864
5 68 0.629
5 13 0.857
5 14 0.094
5 64 0.068
5 78 0.223
5 87 0.194
5 9 0.165
5 42 0.264
5 53 0.205
5 62 0.248
5 70 0.185
5 31 0.241
5 33 0.226
5 46 0.241
5 50 0.029
5 60 0.111
5 63 0.219
5 83 0.344
5 6 0.177
5 10 0.136
5 21 0.199
5 38 0.176
5 55 0.173
5 74 0.149
5 99 0.164
5 8 0.048
5 15 0.103
5 18 0.118
5 22 0.199
5 26 0.133
5 27 0.134
5 28 0.171
5 34 0.175
5 36 0.181
5 52 0.166
5 58 0.151
5 75 0.105
5 84 0.168
6 16 0.603
6 50 1
6 78 0.97
6 70 0.417
6 39 0.152
6 11 0.205
6 51 0.006
6 96 0.157
6 44 0.055
6 48 0.239
6 29 0.134
6 58 0.056
6 19 0.101
6 26 0.124
6 28 0.15
6 54 0.026
6 62 0.138
6 71 0.08
6 76 0.287
6 79 0.258
6 91 0.304
6 94 0.117
6 38 0.124
6 46 0.177
6 47 0.117
6 60 0.153
6 61 0.104
6 73 0.284
6 81 0.169
6 85 0.201
6 86 0.133
6 18 0.128
6 35 0.159
6 43 0.187
6 49 0.087
6 53 0.154
6 55 0.15
6 69 0.147
6 80 0.11
6 87 0.142
6 90 0.139
7 12 0.722
7 28 0.929
7 61 1
7 39 0.383
7 40 0.51
7 57 0.188
7 52 0.213
7 78 0.068
7 74 0.267
7 37 0.158
7 60 0.214
7 75 0.151
7 9 0.217
7 11 0.284
7 14 0.119
7 23 0.189
7 85 0.271
7 21 0.163
7 29 0.158
7 35 0.046
7 51 0.079
7 88 0.038
7 15 0.143
7 32 0.177
7 34 0.154
7 54 0.144
7 67 0.177
7 77 0.105
8 47 0.818
8 65 0.696
8 84 0.732
8 87 0.856
8 90 1
8 17 0.881
8 70 0.287
8 11 0.07
8 93 0.212
8 38 0.346
8 72 0.113
8 77 0.262
8 15 0.125
8 35 0.028
8 52 0.155
8 55 0.241
8 67 0.046
8 76 0.23
8 79 0.203
8 98 0.105
8 26 0.143
8 18 0.138
8 34 0.201
8 40 0.301
8 43 0.144
8 51 0.19
8 92 0.165
8 14 0.153
8 19 0.163
8 20 0.183
8 29 0.161
8 53 0.14
8 75 0.147
8 80 0.151
8 85 0.181
9 43 0.784
9 65 0.534
9 35 1
9 20 0.864
9 66 0.263
9 72 0.151
9 10 0.172
9 40 0.168
9 62 0.145
9 63 0.086
9 84 0.354
9 21 0.095
9 39 0.172
9 54 0.151
9 81 0.064
9 14 0.187
9 17 0.196
9 22 0.193
9 41 0.209
9 78 0.179
9 95 0.204
9 16 0.172
9 25 0.121
9 26 0.16
9 36 0.134
9 50 0.181
9 60 0.07
9 61 0.147
9 83 0.114
9 94 0.134
9 96 0.123
9 98 0.148
10 14 0.665
10 16 1
10 25 0.589
10 85 0.968
10 29 0.969
10 95 0.721
10 18 0.031
10 17 0.312
10 22 0.281
10 33 0.102
10 48 0.325
10 79 0.224
10 54 0.212
10 75 0.025
10 91 0.187
10 87 0.059
10 34 0.119
10 83 0.113
10 39 0.204
10 67 0.075
10 72 0.192
10 84 0.288
10 32 0.122
10 37 0.124
10 52 0.16
10 68 0.17
10 73 0.083
10 15 0.139
10 36 0.126
10 58 0.167
10 61 0.16
10 62 0.134
10 81 0.127
10 96 0.15
10 97 0.099
11 20 1
11 31 0.946
11 38 0.924
11 68 1
11 80 0.737
11 78 0.21
11 12 0.564
11 13 0.243
11 16 0.241
11 73 0.17
11 24 0.11
11 67 0.007
11 98 0.121
11 21 0.235
11 51 0.237
11 66 0.072
11 58 0.108
11 72 0.154
11 83 0.106
11 86 0.079
11 19 0.273
11 55 0.191
11 29 0.211
11 54 0.092
11 61 0.162
11 71 0.123
11 85 0.178
11 96 0.236
11 18 0.164
11 22 0.155
11 26 0.191
11 32 0.16
11 36 0.137
11 43 0.116
11 45 0.16
11 53 0.146
11 79 0.127
11 82 0.162
11 90 0.148
12 14 0.959
12 18 0.971
12 50 0.861
12 72 0.96
12 76 0.954
12 88 0.946
12 96 0.618
12 77 0.101
12 40 0.14
12 26 0.055
12 31 0.289
12 51 0.222
12 78 0.25
12 80 0.101
12 39 0.239
12 42 0.194
12 49 0.109
12 55 0.212
12 65 0.064
12 81 0.23
12 60 0.252
12 62 0.22
12 85 0.202
12 87 0.168
12 89 0.125
12 98 0.136
12 17 0.176
12 24 0.166
12 29 0.193
12 36 0.126
12 44 0.173
12 53 0.11
12 59 0.118
12 67 0.134
13 59 0.919
13 67 0.772
13 70 0.653
13 94 1
13 29 0.263
13 80 0.147
13 37 0.188
13 20 0.026
13 79 0.215
13 39 0.185
13 42 0.109
13 45 0.134
13 32 0.078
13 36 0.078
13 52 0.133
13 72 0.121
13 69 0.197
13 14 0.147
13 22 0.214
13 27 0.245
13 33 0.165
13 50 0.096
13 51 0.15
13 56 0.146
13 61 0.134
13 63 0.178
13 73 0.131
13 81 0.2
13 97 0.218
13 98 0.164
13 15 0.184
13 41 0.115
13 44 0.187
13 46 0.114
13 49 0.088
13 60 0.16
13 66 0.119
13 74 0.133
13 92 0.134
14 32 0.633
14 48 0.817
14 66 0.974
14 84 1
14 86 0.818
14 31 0.595
14 37 0.798
14 38 0.831
14 54 0.584
14 34 0.571
14 95 0.032
14 77 0.161
14 99 0.042
14 18 0.04
14 78 0.122
14 53 0.069
14 59 0.15
14 16 0.134
14 42 0.127
14 47 0.04
14 57 0.162
14 58 0.142
14 62 0.25
14 67 0.141
14 69 0.208
14 76 0.211
14 30 0.143
14 33 0.146
14 44 0.145
14 49 0.144
14 68 0.123
14 83 0.125
15 79 0.554
15 83 0.415
15 22 0.174
15 44 0.052
15 59 0.081
15 27 0.171
15 65 0.251
15 78 0.244
15 87 0.116
15 32 0.09
15 95 0.256
15 17 0.283
15 20 0.147
15 37 0.095
15 41 0.206
15 86 0.142
15 89 0.088
15 92 0.318
15 97 0.032
15 39 0.092
15 47 0.218
15 56 0.152
15 63 0.169
15 98 0.193
15 18 0.163
15 26 0.131
15 30 0.186
15 54 0.119
15 55 0.21
15 58 0.153
15 61 0.174
15 67 0.111
15 72 0.074
15 77 0.153
15 80 0.16
15 82 0.167
16 22 1
16 26 0.784
16 40 0.721
16 44 1
16 45 0.755
16 88 0.607
16 51 0.79
16 69 0.603
16 20 0.04
16 58 0.051
16 74 0.262
16 78 0.107
16 37 0.13
16 60 0.223
16 91 0.177
16 35 0.305
16 43 0.334
16 57 0.161
16 81 0.091
16 24 0.24
16 48 0.157
16 62 0.204
16 77 0.194
16 84 0.067
16 94 0.068
16 99 0.053
16 17 0.094
16 41 0.161
16 49 0.217
16 52 0.054
16 75 0.241
16 79 0.13
16 89 0.136
16 18 0.157
16 30 0.16
16 33 0.207
16 50 0.132
16 56 0.145
16 59 0.093
16 64 0.138
16 82 0.155
16 87 0.141
16 96 0.158
17 26 0.952
17 47 0.712
17 59 1
17 79 0.677
17 62 0.635
17 42 0.391
17 28 0.573
17 20 0.518
17 55 0.332
17 87 0.266
17 69 0.226
17 22 0.194
17 32 0.168
17 43 0.235
17 54 0.294
17 65 0.23
17 37 0.031
17 77 0.314
17 80 0.11
17 91 0.165
17 70 0.105
17 21 0.04
17 25 0.079
17 33 0.142
17 44 0.171
17 58 0.132
17 74 0.221
17 81 0.188
17 95 0.218
17 29 0.183
17 30 0.108
17 36 0.116
17 45 0.025
17 49 0.167
17 50 0.143
17 56 0.068
17 66 0.148
17 68 0.183
17 86 0.155
17 96 0.109
17 27 0.118
17 53 0.159
17 67 0.144
17 85 0.148
17 88 0.134
17 93 0.106
17 94 0.085
18 56 1
18 74 0.64
18 93 0.909
18 84 0.687
18 49 0.698
18 72 0.844
18 34 0.003
18 33 0.098
18 87 0.121
18 25 0.246
18 64 0.217
18 69 0.158
18 96 0.196
18 40 0.104
18 65 0.15
18 99 0.153
18 30 0.185
18 48 0.231
18 21 0.084
18 22 0.205
18 38 0.152
18 43 0.123
18 57 0.147
18 58 0.117
18 59 0.075
18 66 0.227
18 75 0.172
18 79 0.101
18 90 0.147
18 92 0.178
18 19 0.194
18 24 0.211
18 44 0.158
18 50 0.174
18 55 0.157
18 77 0.172
18 78 0.19
18 83 0.114
18 86 0.101
18 89 0.117
19 79 0.706
19 47 0.959
19 75 0.136
19 61 0.154
19 87 0.396
19 70 0.056
19 46 0.074
19 55 0.132
19 44 0.005
19 35 0.206
19 45 0.201
19 51 0.13
19 86 0.182
19 30 0.158
19 58 0.24
19 59 0.113
19 99 0.12
19 34 0.111
19 56 0.185
19 69 0.066
19 72 0.153
19 95 0.104
19 24 0.139
19 31 0.141
19 40 0.188
19 41 0.171
19 48 0.128
19 64 0.151
19 71 0.147
19 92 0.111
19 93 0.125
20 45 0.966
20 67 0.859
20 73 0.854
20 77 0.971
20 79 0.805
20 94 1
20 60 0.053
20 31 0.202
20 84 0.151
20 76 0.216
20 43 0.194
20 92 0.332
20 65 0.046
20 37 0.283
20 62 0.253
20 46 0.084
20 59 0.148
20 61 0.113
20 66 0.179
20 78 0.133
20 95 0.117
20 24 0.067
20 28 0.173
20 38 0.147
20 48 0.224
20 51 0.115
20 85 0.059
20 87 0.128
20 90 0.095
20 55 0.134
20 82 0.181
20 88 0.201
20 89 0.152
20 97 0.173
21 26 0.746
21 75 0.594
21 81 0.567
21 88 0.81
21 47 0.182
21 28 0.162
21 51 0.094
21 84 0.084
21 24 0.306
21 56 0.083
21 91 0.338
21 41 0.189
21 46 0.27
21 23 0.198
21 39 0.128
21 42 0.126
21 55 0.122
21 62 0.094
21 67 0.251
21 87 0.1
21 90 0.146
21 97 0.012
21 59 0.165
21 71 0.11
21 73 0.21
21 83 0.096
21 89 0.076
21 31 0.198
21 49 0.16
21 53 0.111
21 57 0.126
21 82 0.151
21 86 0.137
21 96 0.176
21 98 0.18
22 48 0.615
22 49 0.878
22 82 0.677
22 35 0.885
22 27 0.211
22 88 0.097
22 47 0.133
22 97 0.082
22 28 0.047
22 65 0.242
22 67 0.082
22 34 0.191
22 53 0.236
22 58 0.203
22 62 0.171
22 29 0.174
22 40 0.191
22 73 0.073
22 85 0.17
22 94 0.176
22 30 0.147
22 45 0.15
22 55 0.123
22 63 0.014
22 75 0.153
22 77 0.138
22 78 0.12
22 25 0.143
22 43 0.173
22 68 0.156
22 70 0.164
22 76 0.158
22 81 0.117
22 87 0.117
22 93 0.119
23 58 0.95
23 99 0.847
23 48 0.964
23 38 0.15
23 26 0.185
23 31 0.221
23 77 0.044
23 42 0.213
23 57 0.138
23 60 0.043
23 79 0.051
23 37 0.332
23 28 0.203
23 30 0.131
23 92 0.139
23 24 0.094
23 59 0.19
23 73 0.113
23 40 0.131
23 53 0.139
23 54 0.171
23 75 0.175
23 89 0.135
23 96 0.147
24 51 1
24 57 0.933
24 60 0.639
24 84 1
24 91 0.171
24 77 0.148
24 85 0.303
24 31 0.187
24 45 0.03
24 27 0.22
24 47 0.114
24 83 0.047
24 26 0.199
24 39 0.106
24 41 0.069
24 74 0.042
24 28 0.217
24 40 0.236
24 71 0.278
24 90 0.149
24 36 0.123
24 87 0.176
24 95 0.122
24 98 0.102
24 37 0.12
24 43 0.025
24 49 0.047
24 54 0.059
24 58 0.143
24 66 0.241
24 89 0.046
24 92 0.097
24 32 0.182
24 33 0.18
24 44 0.174
24 59 0.099
24 64 0.11
24 75 0.12
24 80 0.203
24 82 0.15
25 27 0.714
25 59 0.819
25 66 0.613
25 87 0.976
25 88 0.261
25 33 0.107
25 35 0.283
25 68 0.097
25 77 0.134
25 44 0.09
25 28 0.114
25 30 0.179
25 45 0.166
25 49 0.134
25 94 0.222
25 72 0.085
25 83 0.123
25 92 0.123
25 97 0.181
25 31 0.162
25 37 0.137
25 43 0.166
25 65 0.173
25 71 0.13
25 73 0.155
25 81 0.127
25 98 0.122
26 31 0.812
26 69 0.946
26 87 0.956
26 62 0.101
26 43 0.161
26 47 0.305
26 77 0.171
26 80 0.179
26 83 0.031
26 94 0.082
26 35 0.185
26 44 0.141
26 60 0.101
26 64 0.134
26 82 0.228
26 98 0.116
26 99 0.217
26 41 0.116
26 42 0.125
26 45 0.105
26 46 0.188
26 88 0.118
26 91 0.157
26 30 0.137
26 33 0.142
26 39 0.172
26 48 0.192
26 50 0.166
26 65 0.151
26 68 0.194
26 74 0.162
26 95 0.154
27 28 0.87
27 79 0.966
27 32 0.873
27 81 0.996
27 33 0.565
27 54 0.165
27 72 0.075
27 31 0.071
27 53 0.119
27 89 0.13
27 42 0.051
27 67 0.151
27 80 0.116
27 84 0.109
27 49 0.132
27 59 0.165
27 64 0.158
27 76 0.133
27 78 0.171
27 96 0.16
27 36 0.142
27 38 0.188
27 46 0.175
27 47 0.194
27 58 0.123
27 63 0.167
27 65 0.132
27 66 0.152
27 77 0.167
27 88 0.116
27 92 0.204
27 94 0.195
28 50 0.643
28 64 0.861
28 96 0.855
28 77 0.802
28 85 0.819
28 40 0.969
28 39 0.309
28 97 0.114
28 45 0.323
28 33 0.241
28 52 0.284
28 74 0.269
28 92 0.139
28 93 0.191
28 31 0.138
28 65 0.165
28 69 0.144
28 29 0.108
28 34 0.179
28 42 0.102
28 48 0.179
28 51 0.233
28 62 0.147
28 63 0.154
28 66 0.202
28 76 0.109
28 87 0.141
28 89 0.123
28 90 0.154
29 85 0.792
29 44 0.882
29 88 0.183
29 91 0.346
29 57 0.057
29 92 0.234
29 58 0.327
29 69 0.111
29 79 0.193
29 84 0.169
29 89 0.272
29 95 0.155
29 35 0.141
29 66 0.132
29 76 0.227
29 80 0.108
29 87 0.082
29 65 0.169
29 68 0.126
29 93 0.233
29 46 0.165
29 50 0.15
29 63 0.147
29 70 0.185
29 73 0.097
29 86 0.136
29 97 0.148
30 42 0.662
30 83 0.887
30 86 0.918
30 96 0.547
30 88 0.79
30 68 0.249
30 41 0.244
30 52 0.303
30 99 0.12
30 33 0.069
30 58 0.22
30 39 0.296
30 93 0.152
30 48 0.111
30 54 0.224
30 59 0.141
30 62 0.186
30 65 0.053
30 71 0.167
30 77 0.268
30 80 0.126
30 81 0.224
30 94 0.222
30 35 0.185
30 50 0.161
30 53 0.178
30 87 0.182
30 90 0.163
30 92 0.143
31 46 1
31 71 0.729
31 73 0.968
31 75 0.925
31 90 0.77
31 93 0.719
31 98 0.928
31 39 0.206
31 53 0.15
31 65 0.26
31 68 0.145
31 52 0.143
31 54 0.079
31 41 0.133
31 44 0.175
31 55 0.279
31 59 0.126
31 35 0.158
31 49 0.154
31 63 0.109
31 81 0.131
31 85 0.186
31 88 0.087
31 89 0.253
31 77 0.162
31 82 0.064
31 84 0.138
31 94 0.106
31 95 0.048
31 99 0.175
31 34 0.195
31 47 0.153
31 58 0.126
31 70 0.133
31 74 0.123
31 79 0.136
31 83 0.121
31 86 0.178
32 36 0.647
32 73 0.973
32 80 0.938
32 75 0.308
32 87 0.178
32 67 0.216
32 94 0.209
32 39 0.162
32 56 0.138
32 68 0.218
32 83 0.154
32 89 0.217
32 90 0.139
32 91 0.189
32 99 0.139
32 43 0.182
32 50 0.146
32 55 0.134
32 61 0.186
32 74 0.187
32 78 0.13
32 81 0.103
32 93 0.171
32 96 0.146
32 97 0.157
33 47 0.664
33 99 0.95
33 60 0.332
33 77 0.116
33 79 0.093
33 59 0.23
33 63 0.119
33 80 0.293
33 34 0.222
33 39 0.169
33 44 0.219
33 71 0.11
33 88 0.327
33 66 0.139
33 72 0.17
33 73 0.165
33 94 0.101
33 43 0.174
33 64 0.106
33 67 0.129
33 69 0.236
33 75 0.198
33 90 0.125
33 36 0.165
33 40 0.151
33 46 0.196
33 49 0.141
33 53 0.188
33 56 0.144
33 70 0.171
33 91 0.17
34 55 0.931
34 58 0.941
34 72 0.899
34 98 0.918
34 69 0.952
34 93 0.083
34 87 0.196
34 99 0.139
34 60 0.065
34 70 0.035
34 46 0.118
34 73 0.23
34 38 0.166
34 43 0.118
34 56 0.229
34 81 0.045
34 88 0.308
34 95 0.149
34 40 0.136
34 48 0.182
34 62 0.137
34 67 0.209
34 74 0.153
34 89 0.129
34 35 0.145
34 36 0.176
34 49 0.087
34 57 0.157
34 65 0.14
34 66 0.117
34 90 0.165
35 38 0.844
35 61 1
35 72 0.968
35 90 0.869
35 99 0.785
35 52 0.828
35 56 0.085
35 70 0.193
35 44 0.114
35 98 0.092
35 69 0.166
35 83 0.206
35 80 0.235
35 46 0.108
35 57 0.172
35 62 0.138
35 95 0.122
35 96 0.118
35 36 0.119
35 45 0.158
35 48 0.163
35 86 0.172
35 91 0.135
35 97 0.133
36 94 0.57
36 85 0.708
36 71 0.897
36 54 0.769
36 73 0.57
36 81 0.654
36 43 0.592
36 75 0.015
36 80 0.162
36 63 0.04
36 66 0.152
36 68 0.174
36 86 0.215
36 98 0.169
36 53 0.212
36 59 0.048
36 67 0.103
36 69 0.155
36 76 0.208
36 89 0.15
36 92 0.195
36 93 0.22
36 42 0.16
36 46 0.187
36 51 0.193
36 55 0.105
36 57 0.14
36 58 0.148
36 74 0.155
36 87 0.153
36 88 0.16
37 39 0.614
37 60 1
37 77 0.741
37 42 0.866
37 76 0.888
37 41 0.009
37 51 0.087
37 58 0.218
37 64 0.066
37 81 0.237
37 55 0.15
37 96 0.112
37 38 0.177
37 47 0.145
37 52 0.2
37 59 0.078
37 66 0.08
37 68 0.196
37 72 0.137
37 80 0.168
37 89 0.132
37 44 0.143
37 45 0.143
37 48 0.174
37 56 0.159
37 69 0.163
37 78 0.133
37 82 0.177
37 85 0.182
37 97 0.139
38 48 0.888
38 80 0.844
38 43 0.853
38 95 1
38 51 0.416
38 79 0.294
38 67 0.221
38 44 0.095
38 70 0.109
38 94 0.212
38 69 0.152
38 41 0.088
38 78 0.177
38 64 0.093
38 84 0.148
38 39 0.157
38 45 0.165
38 52 0.194
38 56 0.124
38 61 0.147
38 65 0.177
38 66 0.14
38 77 0.064
38 83 0.156
39 51 0.817
39 53 0.795
39 86 0.883
39 99 0.947
39 74 0.773
39 62 0.902
39 81 0.159
39 71 0.025
39 59 0.098
39 67 0.316
39 73 0.11
39 82 0.223
39 43 0.129
39 45 0.149
39 49 0.128
39 57 0.191
39 58 0.142
39 63 0.178
39 68 0.133
39 79 0.133
39 87 0.079
40 48 1
40 78 0.855
40 82 0.844
40 86 0.843
40 87 0.733
40 90 0.74
40 80 0.652
40 69 0.332
40 81 0.414
40 50 0.132
40 66 0.17
40 94 0.169
40 46 0.122
40 62 0.178
40 70 0.168
40 84 0.063
40 45 0.145
40 59 0.092
40 75 0.111
40 79 0.1
40 91 0.113
40 96 0.139
40 44 0.139
40 64 0.173
40 68 0.181
40 72 0.209
40 74 0.198
40 76 0.137
40 95 0.176
41 46 0.62
41 47 0.615
41 84 0.806
41 82 0.779
41 48 0.266
41 75 0.164
41 45 0.125
41 76 0.154
41 42 0.11
41 72 0.218
41 44 0.129
41 52 0.175
41 79 0.129
41 83 0.098
41 86 0.072
41 91 0.181
41 99 0.174
41 59 0.188
41 65 0.155
41 81 0.169
41 87 0.165
42 62 0.858
42 54 0.353
42 85 0.044
42 82 0.189
42 89 0.13
42 96 0.09
42 56 0.4
42 83 0.142
42 43 0.067
42 74 0.109
42 92 0.044
42 94 0.221
42 48 0.071
42 50 0.045
42 53 0.226
42 59 0.068
42 72 0.21
42 81 0.102
42 86 0.115
42 46 0.131
42 47 0.15
42 52 0.109
42 57 0.122
42 64 0.147
42 76 0.152
42 80 0.149
42 84 0.205
43 46 0.929
43 61 0.786
43 72 0.851
43 73 0.105
43 50 0.08
43 80 0.337
43 63 0.362
43 79 0.307
43 60 0.236
43 76 0.3
43 98 0.111
43 53 0.063
43 69 0.228
43 75 0.23
43 82 0.229
43 44 0.196
43 58 0.112
43 59 0.115
43 65 0.152
43 78 0.157
43 92 0.21
43 96 0.154
43 77 0.176
43 81 0.139
43 91 0.161
43 94 0.102
43 95 0.168
44 59 0.886
44 47 1
44 69 0.882
44 91 0.108
44 45 0.142
44 56 0.182
44 61 0.214
44 79 0.023
44 82 0.32
44 62 0.279
44 94 0.234
44 71 0.269
44 83 0.084
44 89 0.182
44 90 0.052
44 68 0.134
44 80 0.214
44 92 0.244
44 97 0.174
44 57 0.133
44 60 0.138
44 66 0.112
44 73 0.158
44 81 0.149
44 95 0.13
44 96 0.135
44 98 0.17
45 84 0.816
45 98 0.878
45 57 0.147
45 97 0.047
45 83 0.137
45 61 0.217
45 47 0.218
45 52 0.184
45 65 0.156
45 73 0.156
45 80 0.16
45 96 0.115
45 99 0.142
45 48 0.146
45 51 0.195
45 54 0.146
45 63 0.138
45 68 0.19
45 70 0.148
45 75 0.159
45 79 0.171
45 88 0.121
45 90 0.165
45 94 0.135
46 62 0.99
46 78 0.803
46 92 1
46 63 0.897
46 75 0.958
46 83 0.382
46 60 0.301
46 81 0.128
46 85 0.004
46 54 0.158
46 98 0.095
46 57 0.153
46 66 0.215
46 74 0.175
46 94 0.002
46 50 0.115
46 56 0.175
46 61 0.072
46 80 0.193
46 93 0.165
46 48 0.116
46 53 0.187
46 72 0.188
46 79 0.12
46 86 0.182
46 88 0.092
46 95 0.115
46 96 0.172
47 60 0.614
47 80 0.889
47 94 0.085
47 61 0.239
47 86 0.137
47 73 0.199
47 81 0.056
47 68 0.124
47 72 0.25
47 98 0.094
47 53 0.186
47 55 0.097
47 58 0.197
47 64 0.104
47 65 0.206
47 78 0.133
47 95 0.108
47 51 0.196
47 67 0.072
47 70 0.139
47 75 0.132
47 62 0.144
47 63 0.138
47 74 0.148
47 97 0.126
48 52 0.992
48 88 0.648
48 92 0.6
48 58 0.834
48 71 0.111
48 78 0.089
48 69 0.075
48 72 0.313
48 93 0.113
48 51 0.073
48 64 0.128
48 74 0.243
48 81 0.091
48 49 0.051
48 53 0.153
48 61 0.069
48 83 0.088
48 89 0.13
48 95 0.207
48 96 0.168
48 97 0.149
48 56 0.182
48 66 0.166
48 68 0.139
48 70 0.192
48 75 0.179
48 77 0.125
48 99 0.131
49 56 0.619
49 87 0.643
49 64 0.167
49 55 0.218
49 86 0.196
49 58 0.166
49 90 0.15
49 72 0.188
49 77 0.1
49 81 0.194
49 84 0.158
49 85 0.201
49 88 0.088
49 63 0.129
49 68 0.16
50 92 0.267
50 86 0.094
50 88 0.263
50 62 0.125
50 87 0.255
50 97 0.222
50 61 0.288
50 72 0.274
50 83 0.106
50 93 0.041
50 54 0.148
50 56 0.162
50 57 0.196
50 60 0.122
50 75 0.153
50 78 0.137
50 82 0.125
50 84 0.168
50 91 0.15
50 99 0.141
51 73 0.628
51 93 0.738
51 52 0.234
51 56 0.13
51 70 0.043
51 81 0.202
51 82 0.064
51 96 0.076
51 54 0.14
51 59 0.181
51 71 0.25
51 99 0.241
51 57 0.094
51 65 0.167
51 66 0.176
51 89 0.218
51 79 0.18
51 83 0.124
52 60 0.901
52 65 0.648
52 75 0.382
52 67 0.25
52 76 0.132
52 57 0.316
52 84 0.202
52 74 0.113
52 82 0.186
52 54 0.109
52 56 0.129
52 66 0.159
52 59 0.11
52 73 0.175
52 79 0.127
52 91 0.077
52 92 0.193
52 97 0.157
52 62 0.09
52 63 0.143
52 87 0.164
52 94 0.133
52 98 0.201
53 69 0.575
53 77 0.923
53 97 0.773
53 83 0.11
53 74 0.319
53 70 0.202
53 88 0.112
53 95 0.096
53 58 0.209
53 72 0.249
53 92 0.096
53 93 0.094
53 62 0.241
53 63 0.1
53 68 0.024
53 73 0.13
53 94 0.139
53 59 0.143
53 60 0.115
53 64 0.168
53 82 0.146
53 87 0.159
53 91 0.1
54 57 0.692
54 91 0.643
54 68 0.062
54 93 0.175
54 72 0.075
54 56 0.255
54 59 0.1
54 74 0.205
54 82 0.097
54 98 0.245
54 61 0.14
54 69 0.24
54 71 0.182
54 85 0.243
54 96 0.202
54 67 0.151
54 70 0.153
54 76 0.165
54 80 0.149
54 83 0.137
54 92 0.136
55 59 1
55 58 1
55 91 0.638
55 72 0.544
55 65 0.284
55 81 0.253
55 74 0.064
55 77 0.158
55 60 0.067
55 63 0.137
55 75 0.109
55 82 0.086
55 85 0.12
55 88 0.145
55 56 0.131
55 70 0.203
55 71 0.165
55 80 0.137
55 95 0.091
56 59 0.835
56 60 0.889
56 62 1
56 67 0.923
56 61 0.55
56 81 0.193
56 66 0.12
56 85 0.341
56 97 0.106
56 77 0.009
56 84 0.176
56 88 0.121
56 58 0.168
56 69 0.171
56 83 0.191
56 98 0.154
57 58 0.527
57 99 0.887
57 74 0.801
57 76 0.604
57 96 0.022
57 90 0.382
57 69 0.145
57 71 0.153
57 82 0.163
57 93 0.242
57 62 0.281
57 89 0.215
57 68 0.178
57 65 0.118
57 81 0.156
57 92 0.168
57 63 0.143
57 64 0.169
57 72 0.134
57 79 0.128
57 83 0.122
57 87 0.157
57 88 0.174
58 78 0.744
58 95 0.546
58 97 0.917
58 59 0.335
58 62 0.132
58 71 0.192
58 88 0.112
58 98 0.091
58 84 0.124
58 85 0.147
58 93 0.113
58 91 0.118
58 99 0.133
58 60 0.176
58 61 0.144
58 68 0.14
58 72 0.166
58 96 0.217
59 96 0.852
59 74 0.831
59 99 0.09
59 63 0.121
59 71 0.267
59 79 0.184
59 77 0.124
59 78 0.208
59 62 0.153
59 64 0.133
59 76 0.107
59 94 0.13
60 61 0.478
60 66 0.58
60 65 0.186
60 97 0.143
60 74 0.12
60 76 0.253
60 64 0.293
60 85 0.174
60 67 0.034
60 70 0.097
60 72 0.052
60 92 0.153
60 68 0.267
60 81 0.175
60 88 0.216
60 93 0.216
60 63 0.184
60 71 0.119
60 75 0.213
60 77 0.271
60 89 0.155
60 91 0.124
60 99 0.216
61 64 0.698
61 68 0.888
61 79 0.903
61 99 0.544
61 94 0.077
61 71 0.02
61 63 0.079
61 70 0.129
61 62 0.22
61 74 0.15
61 85 0.128
61 65 0.155
61 67 0.116
61 72 0.176
61 81 0.168
61 82 0.093
61 91 0.183
61 96 0.173
61 97 0.085
61 77 0.16
61 83 0.188
61 86 0.137
61 87 0.16
61 89 0.158
61 92 0.148
62 77 0.981
62 82 1
62 87 0.579
62 91 0.239
62 78 0.119
62 65 0.105
62 89 0.175
62 72 0.253
62 73 0.108
62 76 0.18
62 97 0.115
62 70 0.189
62 81 0.136
63 93 0.609
63 68 0.879
63 78 0.738
63 83 0.861
63 84 0.126
63 99 0.14
63 77 0.219
63 98 0.204
63 64 0.161
63 85 0.202
63 87 0.046
63 70 0.098
63 73 0.107
63 91 0.108
63 96 0.17
63 69 0.18
63 75 0.149
63 76 0.156
63 82 0.134
63 86 0.148
63 89 0.127
64 71 0.987
64 83 0.483
64 72 0.138
64 74 0.236
64 65 0.134
64 67 0.179
64 69 0.075
64 95 0.144
64 98 0.12
64 70 0.141
64 82 0.108
64 86 0.242
64 76 0.193
64 79 0.084
64 87 0.162
64 91 0.171
65 89 0.831
65 71 0.153
65 74 0.248
65 83 0.124
65 69 0.073
65 81 0.178
65 75 0.096
65 85 0.265
65 79 0.199
65 80 0.062
65 99 0.129
65 73 0.155
65 77 0.163
65 87 0.102
65 94 0.176
65 97 0.036
65 98 0.214
65 82 0.145
65 95 0.187
66 77 0.111
66 88 0.295
66 67 0.237
66 71 0.05
66 78 0.146
66 87 0.045
66 99 0.313
66 68 0.135
66 74 0.166
66 79 0.134
66 90 0.112
66 96 0.22
66 69 0.197
66 75 0.184
66 76 0.173
66 91 0.125
67 69 0.755
67 94 0.281
67 95 0.139
67 99 0.145
67 90 0.194
67 77 0.26
67 83 0.126
67 86 0.124
67 79 0.182
67 72 0.166
67 74 0.152
67 75 0.114
67 87 0.117
67 96 0.123
68 92 0.856
68 79 0.908
68 88 0.152
68 96 0.024
68 69 0.08
68 71 0.26
68 75 0.188
68 82 0.116
68 94 0.169
68 70 0.186
68 84 0.204
68 90 0.184
68 99 0.107
69 77 0.924
69 82 1
69 85 0.865
69 98 0.921
69 97 0.066
69 79 0.183
69 71 0.264
69 86 0.097
69 92 0.175
69 95 0.148
69 78 0.141
69 80 0.223
70 99 0.447
70 76 0.261
70 73 0.223
70 81 0.259
70 89 0.189
70 94 0.153
70 98 0.273
70 72 0.178
70 85 0.125
70 90 0.049
70 71 0.107
70 88 0.114
70 92 0.138
70 97 0.122
70 84 0.119
70 93 0.182
71 81 0.827
71 97 0.743
71 92 0.237
71 73 0.196
71 74 0.263
71 90 0.103
71 91 0.202
71 72 0.136
71 75 0.144
71 80 0.133
71 88 0.151
72 87 0.868
72 97 0.963
72 85 0.058
72 77 0.237
72 95 0.232
72 94 0.105
72 96 0.184
72 82 0.182
72 92 0.148
72 93 0.098
72 99 0.056
72 73 0.203
72 79 0.116
72 75 0.175
72 88 0.157
73 76 0.892
73 83 0.979
73 93 0.802
73 97 0.188
73 84 0.103
73 87 0.098
73 85 0.097
73 96 0.15
73 78 0.153
74 81 0.892
74 90 1
74 88 0.831
74 75 0.13
74 76 0.166
74 99 0.188
74 91 0.076
74 92 0.143
74 78 0.192
74 79 0.171
74 80 0.124
74 94 0.151
74 98 0.179
75 87 1
75 84 1
75 91 0.96
75 96 0.028
75 76 0.217
75 83 0.27
75 79 0.139
75 80 0.174
75 85 0.303
75 90 0.175
75 93 0.172
75 98 0.089
75 82 0.191
75 97 0.138
75 99 0.102
76 81 0.874
76 86 0.223
76 94 0.197
76 79 0.077
76 97 0.08
76 84 0.113
76 87 0.065
76 92 0.225
76 82 0.16
76 98 0.163
76 99 0.15
77 91 0.636
77 98 0.96
77 92 0.628
77 93 0.035
77 83 0.151
77 85 0.076
77 84 0.111
77 88 0.148
78 85 0.956
78 80 0.137
78 87 0.163
78 83 0.003
78 81 0.189
78 89 0.188
78 91 0.15
78 92 0.206
79 94 0.042
79 80 0.15
79 99 0.179
79 87 0.102
79 90 0.133
79 97 0.195
79 98 0.162
79 82 0.112
79 84 0.191
80 87 0.967
80 88 0.031
80 90 0.14
80 95 0.331
80 82 0.134
80 89 0.247
80 84 0.132
80 81 0.147
80 91 0.124
80 92 0.137
80 96 0.106
80 97 0.154
81 84 0.525
81 83 0.969
81 89 0.518
81 93 0.26
81 85 0.183
81 99 0.123
81 82 0.175
81 91 0.088
81 90 0.099
81 92 0.148
82 90 0.715
82 86 0.985
82 97 0.302
82 89 0.147
82 94 0.257
82 91 0.213
82 92 0.15
82 99 0.183
83 94 0.845
83 97 0.181
83 85 0.111
83 92 0.189
83 87 0.114
83 90 0.175
83 91 0.127
84 88 0.412
84 85 0.167
84 94 0.312
84 96 0.216
84 98 0.171
84 90 0.118
84 91 0.148
85 96 0.658
85 95 0.225
85 92 0.139
85 93 0.268
85 90 0.172
85 91 0.119
86 92 0.15
86 98 0.206
86 96 0.141
86 90 0.193
86 89 0.147
87 92 1
87 97 0.766
87 99 0.112
87 88 0.039
87 98 0.058
87 95 0.163
88 89 0.155
88 95 0.089
89 98 0.212
89 93 0.083
89 97 0.19
89 92 0.169
89 99 0.106
90 99 0.663
90 94 0.043
90 91 0.215
90 98 0.141
90 93 0.197
90 95 0.158
90 92 0.139
91 95 0.093
91 97 0.012
91 96 0.149
91 98 0.166
92 99 0.205
92 97 0.213
92 96 0.157
93 96 0.934
93 97 0.245
94 95 0.089
94 98 0.271
94 99 0.214
95 97 0.184
95 98 0.133
96 98 0.157
