0 29 0.739
0 67 0.869
0 96 1
0 34 0.641
0 94 0.909
0 43 0.739
0 39 0.037
0 55 0.18
0 69 0.094
0 10 0.135
0 37 0.18
0 88 0.249
0 4 0.174
0 19 0.216
0 22 0.168
0 65 0.191
0 99 0.177
0 18 0.176
0 53 0.153
0 58 0.077
0 60 0.137
0 71 0.28
0 13 0.079
0 23 0.142
0 25 0.118
0 27 0.127
0 35 0.143
0 47 0.168
0 52 0.037
0 70 0.193
0 97 0.204
0 5 0.229
0 8 0.134
0 14 0.19
0 15 0.175
0 17 0.118
0 20 0.173
0 28 0.211
0 30 0.18
0 33 0.09
0 40 0.157
0 44 0.138
0 45 0.149
0 46 0.103
0 48 0.136
0 50 0.138
0 59 0.09
0 61 0.127
0 64 0.246
0 76 0.076
0 81 0.145
0 84 0.155
0 1 0.176
0 6 0.16
0 7 0.138
0 11 0.122
0 16 0.159
0 24 0.142
0 32 0.1
0 41 0.14
0 72 0.136
0 73 0.135
0 82 0.14
0 83 0.151
0 86 0.168
0 91 0.173
0 92 0.075
1 14 0.868
1 35 0.509
1 49 0.704
1 71 0.56
1 87 0.914
1 53 0.159
1 65 0.257
1 60 0.191
1 5 0.046
1 15 0.262
1 31 0.07
1 32 0.179
1 42 0.141
1 48 0.225
1 67 0.141
1 95 0.274
1 4 0.055
1 52 0.198
1 57 0.078
1 58 0.145
1 62 0.085
1 85 0.197
1 97 0.241
1 13 0.191
1 16 0.23
1 18 0.106
1 45 0.17
1 63 0.148
1 73 0.131
1 79 0.123
1 82 0.132
1 83 0.174
1 84 0.185
1 94 0.083
1 2 0.18
1 17 0.194
1 21 0.19
1 22 0.106
1 29 0.149
1 30 0.127
1 38 0.176
1 41 0.162
1 56 0.223
1 64 0.099
1 88 0.179
1 93 0.249
1 98 0.208
1 99 0.036
1 7 0.122
1 8 0.177
1 9 0.13
1 12 0.166
1 19 0.221
1 20 0.114
1 24 0.161
1 25 0.171
1 26 0.133
1 28 0.15
1 34 0.167
1 37 0.152
1 39 0.171
1 51 0.17
1 55 0.167
1 59 0.128
1 68 0.167
1 75 0.199
1 77 0.126
1 78 0.188
1 81 0.127
1 86 0.173
1 89 0.145
1 90 0.141
1 92 0.19
2 18 0.992
2 20 0.927
2 48 0.528
2 58 0.997
2 60 0.837
2 75 0.771
2 95 0.938
2 45 0.902
2 84 0.118
2 5 0.206
2 24 0.303
2 21 0.252
2 12 0.233
2 15 0.183
2 23 0.092
2 29 0.089
2 43 0.15
2 55 0.172
2 64 0.073
2 77 0.146
2 81 0.188
2 94 0.14
2 17 0.024
2 37 0.055
2 54 0.22
2 57 0.262
2 61 0.061
2 68 0.081
2 86 0.171
2 87 0.156
2 36 0.08
2 40 0.298
2 50 0.203
2 53 0.132
2 59 0.144
2 62 0.194
2 70 0.189
2 72 0.161
2 74 0.218
2 78 0.193
2 80 0.147
2 90 0.118
2 6 0.085
2 10 0.139
2 11 0.182
2 13 0.138
2 44 0.183
2 63 0.141
2 65 0.109
2 66 0.003
2 3 0.125
2 4 0.165
2 8 0.171
2 14 0.17
2 19 0.2
2 22 0.126
2 25 0.194
2 28 0.158
2 31 0.147
2 32 0.164
2 35 0.12
2 41 0.18
2 42 0.125
2 56 0.205
2 67 0.188
2 71 0.146
2 76 0.185
2 79 0.199
2 82 0.182
2 88 0.114
2 89 0.14
2 91 0.213
2 93 0.103
2 96 0.142
2 98 0.073
2 99 0.189
3 40 0.608
3 49 0.706
3 50 0.787
3 32 0.821
3 12 0.122
3 62 0.107
3 58 0.291
3 70 0.206
3 52 0.101
3 20 0.132
3 91 0.212
3 95 0.125
3 15 0.125
3 21 0.188
3 22 0.217
3 26 0.196
3 43 0.108
3 48 0.144
3 53 0.156
3 54 0.156
3 56 0.137
3 69 0.163
3 72 0.237
3 83 0.188
3 86 0.209
3 88 0.105
3 94 0.159
3 13 0.215
3 24 0.178
3 64 0.025
3 18 0.2
3 23 0.201
3 27 0.086
3 28 0.06
3 29 0.113
3 33 0.129
3 35 0.202
3 61 0.221
3 76 0.102
3 8 0.15
3 10 0.133
3 17 0.093
3 19 0.113
3 36 0.113
3 37 0.219
3 55 0.169
3 57 0.18
3 60 0.15
3 66 0.137
3 71 0.142
3 79 0.169
3 80 0.114
3 84 0.147
3 6 0.091
3 7 0.097
3 11 0.133
3 38 0.123
3 59 0.162
3 82 0.207
3 90 0.177
3 96 0.181
4 10 0.971
4 69 0.59
4 80 0.675
4 72 0.445
4 45 0.226
4 15 0.14
4 8 0.305
4 42 0.164
4 74 0.164
4 78 0.072
4 30 0.168
4 33 0.208
4 39 0.18
4 40 0.038
4 92 0.097
4 93 0.124
4 95 0.164
4 13 0.17
4 20 0.215
4 43 0.16
4 54 0.182
4 87 0.069
4 98 0.129
4 6 0.168
4 11 0.184
4 26 0.159
4 35 0.07
4 36 0.037
4 41 0.147
4 44 0.169
4 51 0.161
4 56 0.009
4 60 0.109
4 85 0.097
4 90 0.073
4 12 0.173
4 27 0.2
4 34 0.179
4 63 0.188
4 66 0.136
4 71 0.176
4 79 0.19
4 84 0.132
4 86 0.195
4 96 0.133
4 7 0.127
4 14 0.214
4 18 0.128
4 22 0.196
4 23 0.162
4 25 0.218
4 28 0.14
4 29 0.212
4 31 0.125
4 32 0.118
4 49 0.162
4 53 0.161
4 55 0.21
4 57 0.201
4 59 0.138
4 61 0.118
4 62 0.082
4 67 0.179
4 70 0.143
4 73 0.16
4 76 0.142
4 83 0.142
4 88 0.185
4 89 0.162
4 91 0.143
4 94 0.123
4 97 0.17
5 54 0.581
5 68 0.689
5 13 0.853
5 63 0.619
5 6 0.225
5 83 0.168
5 10 0.051
5 15 0.035
5 72 0.026
5 9 0.092
5 14 0.023
5 21 0.278
5 22 0.3
5 38 0.12
5 45 0.142
5 53 0.274
5 56 0.037
5 85 0.165
5 87 0.16
5 93 0.195
5 98 0.214
5 11 0.144
5 26 0.049
5 33 0.095
5 50 0.129
5 52 0.235
5 76 0.163
5 82 0.247
5 17 0.206
5 28 0.159
5 34 0.068
5 48 0.144
5 61 0.215
5 65 0.123
5 74 0.141
5 77 0.13
5 78 0.267
5 91 0.171
5 24 0.098
5 27 0.196
5 31 0.2
5 32 0.166
5 42 0.153
5 58 0.251
5 75 0.136
5 80 0.133
5 86 0.109
5 90 0.154
5 95 0.148
5 12 0.16
5 19 0.182
5 20 0.152
5 23 0.077
5 25 0.193
5 36 0.141
5 41 0.147
5 43 0.195
5 44 0.127
5 47 0.147
5 64 0.157
5 67 0.077
5 69 0.167
5 71 0.168
5 99 0.169
6 50 0.988
6 78 1
6 60 0.195
6 11 0.181
6 75 0.16
6 44 0.287
6 45 0.05
6 87 0.211
6 19 0.139
6 26 0.142
6 89 0.091
6 20 0.146
6 25 0.074
6 28 0.123
6 33 0.237
6 93 0.115
6 80 0.158
6 85 0.168
6 22 0.1
6 48 0.142
6 57 0.165
6 65 0.061
6 66 0.149
6 74 0.149
6 86 0.089
6 88 0.167
6 9 0.126
6 14 0.214
6 18 0.124
6 24 0.214
6 32 0.064
6 34 0.169
6 35 0.064
6 46 0.17
6 62 0.138
6 71 0.161
6 84 0.154
6 13 0.1
6 15 0.133
6 23 0.116
6 36 0.162
6 39 0.188
6 43 0.164
6 49 0.137
6 55 0.137
6 56 0.149
6 61 0.113
6 63 0.153
6 67 0.168
6 68 0.18
6 77 0.153
6 79 0.216
6 81 0.168
6 82 0.204
6 92 0.095
6 96 0.172
6 97 0.157
7 12 1
7 28 0.702
7 61 0.736
7 69 0.273
7 77 0.267
7 8 0.012
7 76 0.193
7 22 0.028
7 24 0.192
7 63 0.045
7 17 0.126
7 31 0.147
7 50 0.25
7 64 0.18
7 98 0.146
7 15 0.11
7 19 0.152
7 36 0.189
7 47 0.182
7 48 0.076
7 78 0.081
7 80 0.158
7 85 0.112
7 96 0.158
7 11 0.214
7 38 0.17
7 39 0.256
7 73 0.154
7 21 0.057
7 26 0.166
7 35 0.144
7 37 0.161
7 40 0.119
7 42 0.16
7 43 0.212
7 46 0.176
7 54 0.173
7 55 0.143
7 56 0.155
7 57 0.024
7 65 0.121
7 66 0.119
7 68 0.078
7 71 0.162
7 82 0.18
7 95 0.172
7 9 0.166
7 10 0.122
7 23 0.148
7 25 0.119
7 29 0.192
7 32 0.163
7 33 0.196
7 41 0.146
7 52 0.116
7 53 0.17
7 84 0.117
7 89 0.162
7 92 0.143
7 93 0.182
7 94 0.173
7 99 0.188
8 47 0.888
8 84 0.987
8 87 0.801
8 90 0.981
8 17 0.913
8 77 0.508
8 16 0.54
8 36 0.089
8 33 0.05
8 48 0.147
8 20 0.094
8 98 0.187
8 12 0.101
8 22 0.203
8 26 0.15
8 31 0.046
8 39 0.141
8 62 0.166
8 72 0.139
8 73 0.179
8 89 0.236
8 46 0.244
8 69 0.291
8 97 0.149
8 10 0.112
8 14 0.206
8 21 0.156
8 25 0.119
8 27 0.207
8 54 0.125
8 70 0.299
8 81 0.142
8 18 0.206
8 19 0.092
8 30 0.16
8 44 0.167
8 49 0.11
8 56 0.165
8 61 0.103
8 64 0.137
8 71 0.159
8 76 0.12
8 78 0.139
8 11 0.132
8 28 0.147
8 32 0.179
8 38 0.169
8 41 0.177
8 45 0.159
8 53 0.184
8 55 0.128
8 58 0.117
8 63 0.147
8 75 0.124
8 80 0.141
8 85 0.139
8 86 0.193
9 43 0.793
9 35 1
9 61 0.43
9 45 0.095
9 52 0.207
9 40 0.161
9 13 0.122
9 33 0.06
9 38 0.174
9 57 0.147
9 68 0.188
9 72 0.16
9 23 0.108
9 39 0.156
9 54 0.129
9 65 0.179
9 85 0.211
9 86 0.215
9 98 0.169
9 21 0.115
9 25 0.249
9 30 0.178
9 36 0.174
9 41 0.12
9 44 0.183
9 51 0.169
9 55 0.152
9 69 0.177
9 70 0.134
9 71 0.132
9 77 0.165
9 81 0.18
9 82 0.159
9 83 0.216
9 92 0.125
9 95 0.092
9 14 0.151
9 19 0.144
9 28 0.157
9 37 0.152
9 47 0.136
9 50 0.193
9 56 0.207
9 80 0.069
9 89 0.226
9 94 0.213
9 97 0.159
9 10 0.169
9 24 0.195
9 26 0.134
9 42 0.112
9 48 0.16
9 53 0.18
9 60 0.197
9 62 0.148
9 73 0.147
9 75 0.163
9 76 0.138
9 78 0.094
9 84 0.134
9 87 0.173
9 88 0.09
9 93 0.202
9 96 0.152
9 99 0.14
10 14 0.962
10 16 0.985
10 25 1
10 85 0.754
10 20 0.113
10 51 0.109
10 56 0.045
10 89 0.1
10 31 0.284
10 77 0.128
10 78 0.143
10 90 0.095
10 99 0.198
10 29 0.134
10 30 0.088
10 40 0.086
10 47 0.116
10 53 0.157
10 72 0.046
10 82 0.195
10 95 0.142
10 21 0.001
10 24 0.197
10 27 0.174
10 32 0.145
10 41 0.131
10 46 0.11
10 11 0.141
10 13 0.146
10 48 0.155
10 49 0.036
10 52 0.149
10 54 0.145
10 59 0.203
10 60 0.169
10 63 0.155
10 69 0.142
10 70 0.143
10 74 0.142
10 75 0.18
10 86 0.193
10 92 0.189
10 97 0.212
10 98 0.143
10 12 0.126
10 26 0.171
10 34 0.117
10 36 0.11
10 42 0.147
10 45 0.153
10 57 0.18
10 58 0.134
10 64 0.117
10 66 0.137
10 71 0.149
10 76 0.132
10 79 0.167
10 80 0.176
10 81 0.188
10 87 0.134
10 94 0.147
10 96 0.137
11 20 0.782
11 31 1
11 38 0.633
11 68 0.817
11 80 0.669
11 82 0.579
11 22 0.179
11 14 0.21
11 44 0.1
11 39 0.28
11 43 0.134
11 49 0.181
11 61 0.168
11 25 0.05
11 41 0.164
11 60 0.191
11 70 0.15
11 76 0.102
11 83 0.048
11 88 0.2
11 94 0.147
11 15 0.112
11 17 0.146
11 21 0.192
11 28 0.147
11 51 0.17
11 55 0.16
11 81 0.195
11 97 0.135
11 12 0.15
11 18 0.077
11 26 0.129
11 30 0.098
11 32 0.171
11 33 0.199
11 37 0.11
11 42 0.182
11 45 0.17
11 79 0.126
11 91 0.191
11 16 0.094
11 19 0.179
11 23 0.119
11 27 0.179
11 29 0.232
11 34 0.198
11 40 0.096
11 46 0.157
11 50 0.165
11 53 0.163
11 57 0.138
11 58 0.145
11 59 0.16
11 66 0.125
11 74 0.086
11 77 0.152
11 78 0.153
11 84 0.199
11 85 0.169
11 86 0.2
11 87 0.12
11 96 0.168
11 98 0.189
11 99 0.14
12 14 0.897
12 18 0.732
12 50 1
12 72 0.537
12 76 0.987
12 88 0.698
12 29 0.076
12 25 0.162
12 82 0.134
12 89 0.235
12 38 0.147
12 41 0.17
12 54 0.155
12 65 0.13
12 16 0.229
12 22 0.071
12 26 0.204
12 31 0.207
12 32 0.127
12 33 0.179
12 42 0.24
12 68 0.263
12 78 0.129
12 17 0.106
12 19 0.172
12 36 0.167
12 49 0.211
12 51 0.195
12 57 0.218
12 63 0.125
12 66 0.135
12 91 0.122
12 97 0.135
12 13 0.22
12 21 0.158
12 47 0.238
12 61 0.166
12 62 0.135
12 70 0.197
12 75 0.139
12 83 0.182
12 90 0.119
12 94 0.155
12 98 0.081
12 23 0.135
12 28 0.111
12 30 0.163
12 37 0.11
12 44 0.159
12 60 0.132
12 64 0.172
12 67 0.129
12 74 0.128
12 84 0.15
12 85 0.158
12 87 0.191
12 92 0.083
12 93 0.227
13 59 0.784
13 94 0.58
13 31 0.149
13 23 0.161
13 20 0.161
13 28 0.148
13 39 0.185
13 67 0.18
13 97 0.252
13 99 0.119
13 25 0.131
13 32 0.184
13 71 0.136
13 87 0.1
13 95 0.162
13 24 0.143
13 30 0.153
13 35 0.193
13 47 0.212
13 55 0.122
13 63 0.144
13 64 0.102
13 70 0.156
13 77 0.06
13 96 0.109
13 21 0.058
13 37 0.123
13 38 0.151
13 40 0.155
13 41 0.149
13 46 0.13
13 50 0.184
13 51 0.208
13 53 0.125
13 54 0.093
13 60 0.112
13 61 0.083
13 62 0.185
13 65 0.167
13 68 0.067
13 72 0.061
13 14 0.121
13 17 0.149
13 26 0.146
13 29 0.208
13 42 0.181
13 44 0.173
13 56 0.175
13 57 0.102
13 74 0.141
13 76 0.119
13 81 0.157
13 82 0.158
13 84 0.111
13 85 0.137
13 86 0.159
13 91 0.165
13 92 0.23
13 93 0.165
14 32 0.65
14 48 0.496
14 66 0.623
14 84 0.818
14 86 0.791
14 37 0.72
14 38 0.65
14 26 0.098
14 47 0.161
14 15 0.098
14 54 0.174
14 36 0.16
14 20 0.148
14 49 0.183
14 71 0.189
14 72 0.093
14 76 0.051
14 88 0.141
14 59 0.142
14 64 0.074
14 81 0.139
14 85 0.162
14 90 0.185
14 93 0.281
14 97 0.139
14 27 0.283
14 29 0.209
14 34 0.109
14 43 0.16
14 51 0.141
14 58 0.062
14 61 0.27
14 62 0.171
14 73 0.069
14 75 0.101
14 78 0.1
14 91 0.09
14 96 0.041
14 98 0.206
14 99 0.175
14 16 0.18
14 23 0.096
14 30 0.169
14 39 0.113
14 40 0.157
14 45 0.172
14 50 0.155
14 55 0.089
14 57 0.138
14 74 0.148
14 77 0.181
14 79 0.175
14 82 0.157
14 17 0.194
14 18 0.185
14 28 0.138
14 33 0.145
14 41 0.173
14 63 0.163
14 65 0.174
14 67 0.158
14 69 0.111
14 70 0.181
14 94 0.196
14 95 0.157
15 26 0.25
15 62 0.27
15 41 0.35
15 32 0.166
15 97 0.373
15 51 0.168
15 94 0.129
15 68 0.254
15 55 0.349
15 71 0.376
15 18 0.206
15 42 0.163
15 60 0.158
15 73 0.178
15 80 0.238
15 91 0.102
15 92 0.228
15 98 0.141
15 58 0.121
15 75 0.184
15 84 0.148
15 23 0.066
15 25 0.166
15 28 0.203
15 34 0.22
15 45 0.231
15 69 0.151
15 72 0.047
15 76 0.171
15 79 0.099
15 81 0.133
15 85 0.156
15 86 0.16
15 87 0.005
15 20 0.096
15 27 0.214
15 35 0.182
15 39 0.102
15 52 0.112
15 59 0.133
15 67 0.156
15 82 0.23
15 83 0.163
15 93 0.122
15 21 0.154
15 22 0.192
15 29 0.086
15 30 0.16
15 38 0.139
15 44 0.166
15 46 0.178
15 50 0.169
15 57 0.184
15 63 0.14
15 65 0.156
15 74 0.155
15 88 0.135
15 99 0.114
16 22 1
16 26 0.753
16 40 0.882
16 44 0.905
16 45 0.819
16 88 0.89
16 51 0.947
16 48 0.155
16 17 0.239
16 30 0.141
16 70 0.14
16 81 0.23
16 21 0.196
16 39 0.214
16 52 0.208
16 60 0.154
16 61 0.149
16 63 0.166
16 86 0.216
16 20 0.101
16 32 0.125
16 42 0.162
16 19 0.175
16 41 0.073
16 47 0.138
16 50 0.068
16 57 0.198
16 66 0.155
16 67 0.104
16 72 0.098
16 93 0.163
16 28 0.13
16 34 0.152
16 38 0.156
16 53 0.159
16 69 0.081
16 76 0.082
16 82 0.17
16 83 0.162
16 84 0.03
16 85 0.169
16 87 0.151
16 90 0.222
16 95 0.112
16 18 0.123
16 23 0.21
16 24 0.208
16 29 0.104
16 31 0.205
16 33 0.117
16 36 0.21
16 37 0.196
16 49 0.156
16 64 0.194
16 65 0.089
16 71 0.112
16 78 0.166
16 89 0.164
16 96 0.105
16 99 0.163
17 26 1
17 47 0.967
17 59 1.0
17 79 0.592
17 28 0.85
17 43 0.249
17 27 0.279
17 30 0.154
17 71 0.1
17 72 0.119
17 84 0.11
17 18 0.136
17 21 0.221
17 45 0.137
17 58 0.17
17 69 0.237
17 73 0.177
17 75 0.181
17 87 0.09
17 29 0.183
17 31 0.128
17 34 0.133
17 85 0.194
17 94 0.208
17 98 0.108
17 37 0.156
17 46 0.183
17 74 0.207
17 90 0.145
17 33 0.113
17 36 0.159
17 52 0.091
17 55 0.036
17 60 0.131
17 61 0.21
17 64 0.114
17 66 0.145
17 67 0.13
17 77 0.124
17 78 0.113
17 82 0.069
17 83 0.183
17 86 0.142
17 99 0.213
17 23 0.126
17 25 0.159
17 35 0.139
17 38 0.142
17 40 0.095
17 42 0.147
17 50 0.169
17 65 0.169
17 68 0.115
17 70 0.177
17 76 0.109
17 80 0.176
17 93 0.107
17 95 0.148
17 96 0.137
18 56 0.589
18 74 1
18 93 0.807
18 84 0.744
18 72 0.921
18 95 0.3
18 29 0.205
18 35 0.234
18 37 0.175
18 42 0.244
18 24 0.139
18 19 0.218
18 23 0.175
18 34 0.147
18 52 0.193
18 53 0.14
18 55 0.146
18 66 0.158
18 22 0.222
18 39 0.13
18 63 0.221
18 77 0.131
18 87 0.12
18 96 0.114
18 28 0.171
18 30 0.168
18 43 0.175
18 68 0.234
18 25 0.165
18 51 0.116
18 75 0.169
18 83 0.079
18 88 0.171
18 91 0.116
18 98 0.209
18 21 0.133
18 27 0.13
18 31 0.229
18 33 0.136
18 40 0.166
18 45 0.121
18 61 0.183
18 65 0.138
18 82 0.148
18 85 0.133
18 86 0.172
18 89 0.183
18 90 0.181
18 94 0.124
18 99 0.148
19 79 0.816
19 47 0.947
19 30 0.397
19 31 0.252
19 58 0.179
19 84 0.195
19 83 0.073
19 29 0.135
19 51 0.262
19 20 0.141
19 32 0.289
19 37 0.138
19 40 0.153
19 64 0.259
19 89 0.116
19 90 0.134
19 95 0.237
19 24 0.237
19 26 0.197
19 55 0.166
19 80 0.14
19 33 0.173
19 38 0.166
19 48 0.177
19 60 0.177
19 67 0.148
19 82 0.16
19 87 0.179
19 91 0.15
19 22 0.116
19 50 0.039
19 66 0.216
19 77 0.129
19 92 0.092
19 93 0.134
19 25 0.109
19 27 0.153
19 28 0.124
19 34 0.141
19 35 0.157
19 41 0.174
19 42 0.153
19 43 0.187
19 44 0.154
19 45 0.149
19 49 0.172
19 52 0.172
19 57 0.199
19 59 0.158
19 62 0.164
19 63 0.155
19 70 0.105
19 71 0.077
19 72 0.195
19 76 0.144
19 97 0.166
20 45 0.868
20 77 0.81
20 79 0.896
20 94 0.783
20 81 0.152
20 85 0.188
20 26 0.201
20 30 0.023
20 32 0.148
20 48 0.138
20 54 0.065
20 61 0.303
20 84 0.202
20 99 0.041
20 24 0.21
20 46 0.157
20 52 0.17
20 67 0.207
20 73 0.128
20 97 0.121
20 22 0.145
20 29 0.061
20 38 0.128
20 40 0.119
20 49 0.072
20 50 0.177
20 55 0.229
20 66 0.089
20 96 0.169
20 35 0.169
20 43 0.144
20 60 0.106
20 62 0.204
20 82 0.145
20 83 0.148
20 89 0.18
20 27 0.122
20 34 0.17
20 37 0.168
20 53 0.155
20 56 0.137
20 63 0.159
20 65 0.13
20 69 0.117
20 70 0.119
20 75 0.164
20 78 0.125
20 80 0.175
20 86 0.114
20 88 0.15
20 93 0.16
21 26 0.669
21 81 0.783
21 23 0.539
21 34 0.115
21 93 0.099
21 51 0.127
21 50 0.108
21 59 0.081
21 53 0.177
21 54 0.174
21 61 0.146
21 65 0.092
21 71 0.053
21 76 0.091
21 83 0.093
21 39 0.175
21 73 0.187
21 79 0.205
21 22 0.204
21 44 0.012
21 52 0.08
21 63 0.218
21 75 0.155
21 77 0.06
21 78 0.133
21 80 0.207
21 84 0.165
21 85 0.148
21 88 0.152
21 90 0.138
21 92 0.191
21 29 0.158
21 33 0.097
21 40 0.136
21 41 0.164
21 55 0.127
21 56 0.146
21 94 0.1
21 97 0.118
21 98 0.116
21 24 0.2
21 25 0.166
21 35 0.194
21 36 0.198
21 46 0.16
21 49 0.11
21 58 0.115
21 60 0.2
21 62 0.167
21 69 0.082
21 74 0.179
21 82 0.173
21 86 0.176
21 87 0.16
22 48 0.697
22 49 0.916
22 82 0.784
22 35 0.983
22 81 0.368
22 67 0.088
22 50 0.166
22 56 0.211
22 64 0.144
22 73 0.203
22 83 0.11
22 88 0.149
22 32 0.12
22 40 0.096
22 61 0.099
22 69 0.102
22 75 0.199
22 29 0.124
22 53 0.254
22 55 0.205
22 65 0.143
22 71 0.14
22 79 0.232
22 89 0.143
22 91 0.163
22 93 0.387
22 23 0.145
22 28 0.163
22 36 0.194
22 44 0.147
22 46 0.172
22 51 0.129
22 54 0.151
22 58 0.149
22 72 0.129
22 77 0.145
22 84 0.167
22 86 0.16
22 24 0.095
22 30 0.112
22 33 0.143
22 34 0.175
22 39 0.138
22 45 0.17
22 52 0.156
22 57 0.182
22 60 0.163
22 63 0.134
22 66 0.125
22 78 0.146
22 80 0.135
22 96 0.158
23 58 0.935
23 99 0.858
23 48 0.884
23 44 0.269
23 81 0.18
23 32 0.078
23 30 0.147
23 74 0.233
23 75 0.129
23 40 0.136
23 55 0.152
23 71 0.151
23 77 0.121
23 79 0.07
23 57 0.119
23 61 0.215
23 67 0.162
23 24 0.131
23 56 0.147
23 64 0.188
23 27 0.153
23 31 0.152
23 41 0.18
23 66 0.122
23 83 0.149
23 88 0.183
23 26 0.172
23 35 0.111
23 37 0.1
23 39 0.18
23 43 0.126
23 51 0.189
23 52 0.144
23 53 0.151
23 59 0.119
23 60 0.174
23 63 0.216
23 69 0.101
23 70 0.14
23 72 0.143
23 73 0.209
23 76 0.128
23 78 0.148
23 82 0.161
23 95 0.141
24 51 0.762
24 60 0.856
24 84 0.757
24 58 0.366
24 92 0.211
24 54 0.065
24 63 0.147
24 74 0.05
24 26 0.227
24 55 0.127
24 61 0.143
24 75 0.175
24 80 0.293
24 90 0.201
24 35 0.102
24 46 0.109
24 47 0.101
24 79 0.208
24 82 0.321
24 56 0.124
24 62 0.168
24 70 0.159
24 72 0.096
24 38 0.176
24 44 0.319
24 45 0.249
24 48 0.277
24 52 0.086
24 59 0.16
24 68 0.143
24 76 0.256
24 91 0.232
24 93 0.149
24 25 0.123
24 27 0.138
24 31 0.176
24 32 0.143
24 33 0.115
24 40 0.147
24 42 0.162
24 53 0.157
24 67 0.195
24 69 0.104
24 71 0.12
24 73 0.126
24 77 0.158
24 81 0.149
24 85 0.143
24 87 0.124
24 88 0.1
24 89 0.091
24 97 0.194
25 27 0.832
25 59 0.839
25 66 0.663
25 87 0.889
25 81 0.145
25 34 0.429
25 42 0.023
25 77 0.129
25 47 0.074
25 50 0.207
25 56 0.169
25 57 0.317
25 58 0.102
25 67 0.216
25 88 0.257
25 95 0.134
25 32 0.148
25 37 0.223
25 51 0.093
25 52 0.149
25 64 0.19
25 85 0.168
25 93 0.14
25 31 0.175
25 40 0.037
25 55 0.144
25 63 0.168
25 78 0.157
25 99 0.129
25 30 0.201
25 35 0.156
25 38 0.168
25 45 0.106
25 49 0.141
25 54 0.114
25 60 0.119
25 61 0.13
25 65 0.179
25 70 0.075
25 75 0.171
25 76 0.166
25 79 0.169
25 84 0.146
25 90 0.147
25 94 0.195
25 96 0.18
26 31 0.92
26 69 0.701
26 87 0.8
26 65 0.552
26 80 0.304
26 27 0.142
26 34 0.119
26 48 0.082
26 60 0.115
26 64 0.293
26 77 0.167
26 61 0.244
26 74 0.23
26 58 0.147
26 70 0.196
26 97 0.18
26 28 0.038
26 57 0.106
26 66 0.178
26 33 0.121
26 53 0.201
26 59 0.194
26 63 0.054
26 71 0.186
26 72 0.224
26 89 0.146
26 90 0.194
26 46 0.122
26 47 0.15
26 68 0.168
26 88 0.113
26 32 0.15
26 41 0.118
26 42 0.163
26 44 0.179
26 50 0.126
26 55 0.131
26 67 0.204
26 75 0.11
26 76 0.134
26 79 0.119
26 83 0.146
26 84 0.1
26 95 0.108
26 99 0.205
27 28 0.887
27 79 0.839
27 32 0.921
27 81 0.896
27 56 0.355
27 31 0.236
27 52 0.2
27 30 0.058
27 72 0.111
27 94 0.115
27 97 0.266
27 65 0.141
27 39 0.137
27 50 0.102
27 51 0.214
27 61 0.147
27 66 0.071
27 67 0.107
27 70 0.213
27 88 0.149
27 35 0.138
27 41 0.072
27 42 0.155
27 47 0.171
27 63 0.104
27 75 0.166
27 77 0.143
27 84 0.138
27 86 0.209
27 89 0.172
27 98 0.264
27 37 0.121
27 38 0.146
27 44 0.152
27 46 0.138
27 53 0.101
27 55 0.139
27 60 0.186
27 74 0.151
27 82 0.156
27 83 0.2
27 91 0.094
27 96 0.102
27 99 0.163
28 50 0.555
28 64 0.721
28 96 0.722
28 77 0.847
28 85 0.959
28 40 0.793
28 62 0.204
28 38 0.147
28 39 0.164
28 57 0.118
28 60 0.112
28 70 0.112
28 74 0.071
28 76 0.053
28 83 0.271
28 55 0.167
28 82 0.143
28 86 0.133
28 95 0.15
28 32 0.168
28 36 0.152
28 42 0.128
28 44 0.086
28 61 0.162
28 69 0.092
28 71 0.165
28 88 0.149
28 41 0.198
28 48 0.184
28 59 0.108
28 66 0.11
28 73 0.093
28 92 0.122
28 98 0.185
28 99 0.229
28 29 0.193
28 31 0.174
28 33 0.134
28 37 0.162
28 49 0.122
28 52 0.119
28 67 0.138
28 89 0.164
28 90 0.102
28 91 0.18
28 93 0.166
29 85 0.941
29 44 0.899
29 35 0.214
29 41 0.266
29 48 0.104
29 52 0.13
29 58 0.168
29 89 0.217
29 31 0.2
29 32 0.196
29 33 0.146
29 43 0.198
29 53 0.186
29 64 0.133
29 73 0.178
29 77 0.227
29 79 0.082
29 36 0.067
29 49 0.079
29 68 0.099
29 71 0.117
29 75 0.154
29 78 0.17
29 88 0.086
29 90 0.207
29 92 0.104
29 98 0.148
29 45 0.176
29 60 0.164
29 62 0.167
29 67 0.169
29 74 0.167
29 80 0.107
29 81 0.132
29 82 0.168
29 84 0.2
29 38 0.174
29 40 0.082
29 47 0.196
29 50 0.18
29 56 0.134
29 61 0.2
29 63 0.161
29 66 0.122
29 70 0.163
29 86 0.194
29 91 0.15
29 93 0.153
29 96 0.11
30 83 0.567
30 86 0.901
30 88 0.893
30 48 0.097
30 84 0.119
30 36 0.068
30 95 0.037
30 50 0.121
30 53 0.111
30 67 0.261
30 76 0.124
30 90 0.119
30 98 0.152
30 34 0.214
30 37 0.187
30 49 0.122
30 51 0.033
30 56 0.243
30 61 0.049
30 94 0.114
30 35 0.222
30 43 0.169
30 45 0.122
30 57 0.287
30 58 0.175
30 60 0.145
30 63 0.095
30 80 0.148
30 87 0.137
30 32 0.143
30 40 0.039
30 44 0.201
30 52 0.162
30 55 0.15
30 64 0.146
30 75 0.135
30 77 0.19
30 78 0.171
30 91 0.253
30 92 0.214
30 99 0.171
30 31 0.176
30 33 0.128
30 38 0.093
30 46 0.138
30 54 0.164
30 59 0.171
30 62 0.132
30 66 0.131
30 68 0.189
30 70 0.121
30 72 0.127
30 74 0.171
30 79 0.133
30 82 0.122
30 96 0.173
30 97 0.16
31 46 0.804
31 71 0.509
31 73 0.787
31 75 0.491
31 90 0.634
31 93 0.541
31 98 0.82
31 92 0.283
31 60 0.122
31 86 0.299
31 52 0.108
31 76 0.159
31 79 0.206
31 80 0.175
31 34 0.069
31 74 0.161
31 33 0.164
31 51 0.202
31 54 0.177
31 59 0.229
31 63 0.145
31 66 0.144
31 69 0.064
31 36 0.113
31 40 0.171
31 41 0.197
31 42 0.174
31 44 0.128
31 45 0.129
31 50 0.153
31 57 0.12
31 62 0.126
31 77 0.121
31 78 0.132
31 81 0.14
31 84 0.054
31 99 0.149
31 32 0.132
31 37 0.126
31 39 0.166
31 48 0.162
31 55 0.132
31 82 0.172
31 91 0.116
31 96 0.145
31 97 0.164
32 36 0.506
32 73 0.95
32 80 0.832
32 75 0.552
32 58 0.224
32 51 0.165
32 42 0.124
32 53 0.032
32 77 0.218
32 84 0.027
32 52 0.2
32 56 0.178
32 57 0.185
32 66 0.154
32 70 0.132
32 74 0.09
32 33 0.156
32 39 0.174
32 94 0.183
32 48 0.104
32 81 0.073
32 88 0.106
32 90 0.172
32 91 0.23
32 95 0.134
32 34 0.103
32 54 0.114
32 60 0.148
32 67 0.176
32 78 0.197
32 93 0.141
32 96 0.111
32 41 0.215
32 47 0.132
32 49 0.149
32 59 0.171
32 63 0.168
32 64 0.167
32 69 0.158
32 72 0.158
32 83 0.151
32 92 0.187
32 98 0.118
32 99 0.193
33 99 0.952
33 61 0.084
33 35 0.09
33 48 0.148
33 57 0.061
33 65 0.144
33 87 0.091
33 60 0.121
33 37 0.349
33 43 0.13
33 76 0.058
33 78 0.142
33 93 0.128
33 94 0.238
33 98 0.14
33 36 0.018
33 46 0.102
33 59 0.151
33 62 0.118
33 67 0.086
33 88 0.198
33 91 0.143
33 92 0.133
33 45 0.117
33 51 0.14
33 71 0.104
33 42 0.141
33 47 0.145
33 74 0.166
33 81 0.007
33 82 0.06
33 84 0.203
33 39 0.143
33 54 0.126
33 55 0.145
33 58 0.199
33 63 0.143
33 64 0.14
33 66 0.164
33 68 0.134
33 69 0.184
33 73 0.118
33 80 0.128
33 83 0.133
33 90 0.152
33 97 0.152
34 55 0.887
34 58 0.818
34 72 0.56
34 69 0.964
34 78 0.141
34 43 0.237
34 52 0.237
34 59 0.136
34 83 0.228
34 86 0.123
34 90 0.094
34 41 0.209
34 94 0.141
34 95 0.104
34 96 0.184
34 37 0.14
34 66 0.131
34 79 0.109
34 87 0.07
34 36 0.142
34 44 0.198
34 56 0.161
34 57 0.197
34 60 0.207
34 61 0.16
34 67 0.166
34 75 0.162
34 76 0.165
34 77 0.127
34 89 0.181
34 93 0.144
34 40 0.122
34 46 0.153
34 47 0.074
34 48 0.156
34 49 0.21
34 53 0.125
34 63 0.175
34 68 0.127
34 70 0.143
34 88 0.149
34 92 0.146
34 97 0.118
35 72 1
35 99 0.897
35 52 0.932
35 54 0.105
35 73 0.182
35 88 0.093
35 43 0.229
35 91 0.2
35 55 0.18
35 66 0.177
35 86 0.136
35 36 0.156
35 46 0.17
35 53 0.117
35 58 0.168
35 67 0.025
35 70 0.137
35 78 0.174
35 96 0.059
35 39 0.133
35 42 0.183
35 57 0.171
35 59 0.078
35 60 0.105
35 71 0.15
35 94 0.076
35 95 0.089
35 98 0.143
35 45 0.193
35 49 0.175
35 51 0.156
35 62 0.157
35 63 0.122
35 64 0.092
35 68 0.134
35 74 0.132
35 75 0.154
35 77 0.159
35 79 0.201
35 82 0.218
35 83 0.147
35 84 0.128
35 90 0.165
35 97 0.149
36 71 0.817
36 54 1
36 81 0.856
36 43 0.602
36 60 0.151
36 69 0.152
36 40 0.146
36 47 0.171
36 52 0.196
36 57 0.139
36 58 0.257
36 66 0.04
36 48 0.183
36 53 0.18
36 72 0.028
36 73 0.073
36 90 0.164
36 49 0.141
36 61 0.114
36 62 0.172
36 63 0.175
36 98 0.14
36 39 0.027
36 59 0.18
36 80 0.176
36 87 0.158
36 88 0.163
36 91 0.125
36 38 0.126
36 41 0.163
36 42 0.14
36 51 0.091
36 56 0.154
36 64 0.192
36 74 0.122
36 75 0.178
36 76 0.156
36 78 0.169
36 84 0.153
36 85 0.129
36 86 0.155
36 92 0.124
36 94 0.155
36 97 0.169
37 60 0.897
37 77 0.782
37 42 0.848
37 76 0.533
37 65 0.198
37 71 0.126
37 62 0.022
37 41 0.23
37 89 0.193
37 47 0.15
37 50 0.103
37 59 0.08
37 79 0.186
37 87 0.128
37 48 0.164
37 51 0.19
37 56 0.042
37 67 0.168
37 81 0.148
37 86 0.133
37 99 0.101
37 38 0.123
37 40 0.186
37 84 0.13
37 46 0.131
37 54 0.127
37 55 0.171
37 61 0.164
37 74 0.166
37 82 0.188
37 85 0.127
37 97 0.164
37 98 0.141
37 44 0.204
37 45 0.137
37 49 0.143
37 53 0.141
37 64 0.156
37 75 0.145
37 91 0.165
37 95 0.147
38 48 0.905
38 43 0.859
38 95 0.893
38 70 0.622
38 75 0.083
38 40 0.3
38 68 0.336
38 99 0.313
38 61 0.112
38 80 0.301
38 71 0.13
38 86 0.161
38 94 0.111
38 51 0.115
38 60 0.268
38 65 0.195
38 82 0.063
38 84 0.257
38 89 0.268
38 41 0.14
38 47 0.153
38 56 0.264
38 69 0.094
38 93 0.119
38 45 0.102
38 49 0.197
38 53 0.111
38 58 0.144
38 59 0.067
38 62 0.224
38 66 0.121
38 81 0.148
38 85 0.136
38 98 0.137
38 39 0.067
38 50 0.178
38 67 0.132
38 73 0.182
38 74 0.147
38 76 0.174
38 77 0.202
38 78 0.114
38 79 0.152
38 88 0.133
38 90 0.142
38 96 0.169
38 97 0.14
39 51 0.986
39 53 0.765
39 86 0.722
39 99 0.968
39 74 1
39 62 1
39 59 0.122
39 47 0.12
39 60 0.143
39 66 0.064
39 76 0.127
39 82 0.2
39 85 0.109
39 95 0.19
39 40 0.172
39 45 0.188
39 65 0.109
39 87 0.192
39 94 0.149
39 41 0.155
39 52 0.105
39 69 0.167
39 72 0.167
39 77 0.099
39 81 0.166
39 88 0.223
39 90 0.178
39 91 0.137
39 48 0.158
39 67 0.124
39 68 0.204
39 84 0.124
39 54 0.135
39 56 0.174
39 57 0.144
39 61 0.133
39 73 0.095
39 75 0.089
39 83 0.158
39 89 0.118
39 92 0.101
39 97 0.183
39 98 0.182
40 48 1
40 78 0.879
40 82 0.942
40 86 0.884
40 90 1
40 41 0.238
40 44 0.155
40 64 0.032
40 75 0.303
40 45 0.057
40 52 0.264
40 53 0.114
40 56 0.111
40 68 0.233
40 77 0.217
40 80 0.109
40 83 0.08
40 95 0.137
40 96 0.128
40 98 0.054
40 49 0.068
40 57 0.242
40 58 0.21
40 76 0.054
40 79 0.127
40 88 0.186
40 89 0.182
40 42 0.17
40 43 0.136
40 46 0.186
40 61 0.141
40 63 0.173
40 91 0.14
40 51 0.154
40 60 0.178
40 65 0.157
40 73 0.16
40 74 0.174
40 85 0.213
40 87 0.118
40 97 0.079
40 99 0.073
41 46 0.45
41 47 0.982
41 84 0.751
41 82 0.814
41 65 0.25
41 85 0.098
41 50 0.184
41 58 0.181
41 60 0.062
41 61 0.179
41 75 0.221
41 80 0.153
41 90 0.141
41 92 0.091
41 93 0.038
41 97 0.186
41 42 0.164
41 86 0.144
41 99 0.123
41 45 0.191
41 49 0.172
41 54 0.113
41 55 0.123
41 59 0.179
41 74 0.24
41 76 0.169
41 79 0.091
41 87 0.083
41 91 0.114
41 96 0.158
41 43 0.112
41 63 0.221
41 66 0.145
41 67 0.144
41 94 0.15
41 98 0.155
41 53 0.154
41 56 0.114
41 69 0.145
41 70 0.113
41 78 0.167
41 83 0.147
41 89 0.223
41 95 0.153
42 62 0.944
42 52 0.212
42 57 0.206
42 51 0.088
42 71 0.161
42 99 0.196
42 49 0.182
42 68 0.167
42 74 0.154
42 75 0.162
42 81 0.19
42 43 0.107
42 45 0.17
42 46 0.225
42 48 0.199
42 53 0.164
42 67 0.125
42 77 0.063
42 79 0.202
42 86 0.112
42 87 0.172
42 88 0.11
42 91 0.143
42 59 0.171
42 65 0.144
42 70 0.161
42 95 0.204
42 97 0.187
42 47 0.125
42 50 0.153
42 55 0.172
42 60 0.1
42 64 0.15
42 73 0.123
42 85 0.095
42 93 0.16
43 46 0.848
43 61 0.788
43 72 0.994
43 67 0.04
43 70 0.119
43 78 0.136
43 97 0.052
43 44 0.218
43 47 0.164
43 75 0.236
43 88 0.196
43 54 0.124
43 58 0.165
43 64 0.137
43 65 0.125
43 84 0.117
43 59 0.162
43 66 0.177
43 82 0.11
43 85 0.199
43 93 0.224
43 98 0.196
43 50 0.205
43 52 0.144
43 62 0.116
43 68 0.157
43 86 0.113
43 91 0.147
43 55 0.195
43 60 0.206
43 69 0.19
43 71 0.191
43 73 0.152
43 76 0.161
43 77 0.113
43 81 0.124
43 83 0.152
43 87 0.121
43 90 0.188
43 96 0.204
43 99 0.188
44 59 0.753
44 47 0.822
44 61 0.023
44 62 0.073
44 69 0.105
44 52 0.075
44 54 0.209
44 48 0.125
44 49 0.081
44 71 0.07
44 81 0.121
44 84 0.166
44 50 0.169
44 53 0.213
44 68 0.177
44 82 0.224
44 87 0.202
44 55 0.153
44 75 0.162
44 76 0.205
44 78 0.147
44 83 0.187
44 96 0.159
44 97 0.265
44 56 0.181
44 57 0.202
44 63 0.165
44 65 0.176
44 72 0.174
44 73 0.145
44 74 0.104
44 80 0.201
44 85 0.119
44 92 0.175
44 99 0.157
44 58 0.157
44 86 0.105
44 88 0.175
44 89 0.131
44 91 0.155
44 94 0.141
44 95 0.174
44 98 0.168
45 84 0.917
45 98 0.735
45 49 0.179
45 48 0.088
45 68 0.165
45 96 0.124
45 51 0.133
45 55 0.237
45 58 0.11
45 73 0.155
45 76 0.157
45 94 0.128
45 97 0.399
45 99 0.122
45 54 0.019
45 63 0.108
45 83 0.075
45 92 0.167
45 60 0.049
45 71 0.151
45 77 0.163
45 86 0.172
45 53 0.167
45 61 0.22
45 66 0.119
45 69 0.208
45 87 0.177
45 46 0.14
45 47 0.102
45 52 0.116
45 56 0.113
45 59 0.187
45 72 0.104
45 79 0.141
45 80 0.145
45 81 0.142
45 82 0.154
45 91 0.17
45 95 0.168
46 62 0.948
46 78 0.682
46 92 0.918
46 63 0.931
46 75 0.939
46 52 0.222
46 67 0.158
46 48 0.235
46 47 0.007
46 53 0.194
46 59 0.084
46 64 0.269
46 76 0.095
46 93 0.079
46 60 0.036
46 83 0.207
46 65 0.132
46 81 0.074
46 82 0.134
46 89 0.134
46 69 0.11
46 71 0.087
46 74 0.138
46 84 0.201
46 85 0.155
46 96 0.168
46 98 0.202
46 50 0.184
46 51 0.134
46 54 0.149
46 66 0.132
46 68 0.15
46 77 0.137
46 87 0.13
46 95 0.155
46 99 0.154
47 80 0.777
47 75 0.099
47 98 0.339
47 61 0.183
47 55 0.146
47 73 0.023
47 84 0.138
47 49 0.085
47 51 0.181
47 62 0.117
47 68 0.238
47 78 0.116
47 82 0.168
47 87 0.103
47 90 0.116
47 92 0.2
47 50 0.152
47 57 0.125
47 59 0.153
47 63 0.143
47 66 0.171
47 70 0.159
47 83 0.172
47 86 0.136
47 93 0.222
47 94 0.142
47 96 0.139
47 48 0.179
47 56 0.169
47 58 0.168
47 60 0.199
47 72 0.139
47 77 0.16
47 81 0.151
47 97 0.189
48 88 0.586
48 92 0.96
48 58 0.875
48 63 0.598
48 51 0.257
48 55 0.179
48 69 0.153
48 57 0.1
48 62 0.211
48 73 0.219
48 77 0.146
48 53 0.113
48 89 0.222
48 78 0.106
48 94 0.04
48 49 0.163
48 50 0.19
48 52 0.118
48 59 0.11
48 61 0.143
48 64 0.167
48 74 0.128
48 76 0.172
48 81 0.17
48 84 0.149
48 85 0.297
48 87 0.128
48 96 0.176
48 99 0.115
48 60 0.159
48 67 0.158
48 72 0.149
48 75 0.142
48 82 0.107
48 93 0.148
48 95 0.159
48 98 0.187
49 56 0.661
49 87 0.984
49 53 0.292
49 89 0.314
49 64 0.238
49 50 0.12
49 58 0.203
49 61 0.167
49 79 0.132
49 90 0.214
49 85 0.138
49 57 0.168
49 69 0.17
49 71 0.024
49 73 0.102
49 78 0.11
49 93 0.156
49 62 0.144
49 66 0.152
49 74 0.091
49 80 0.143
49 97 0.186
49 52 0.148
49 54 0.188
49 59 0.143
49 60 0.094
49 63 0.164
49 75 0.116
49 77 0.09
49 81 0.11
49 82 0.123
49 88 0.142
49 92 0.153
49 96 0.198
49 98 0.171
49 99 0.14
50 68 0.157
50 82 0.21
50 54 0.193
50 61 0.089
50 66 0.131
50 91 0.108
50 96 0.194
50 56 0.114
50 99 0.037
50 51 0.157
50 52 0.102
50 55 0.094
50 70 0.143
50 72 0.129
50 89 0.173
50 53 0.152
50 58 0.272
50 80 0.231
50 85 0.14
50 90 0.094
50 93 0.138
50 57 0.142
50 59 0.161
50 63 0.125
50 64 0.138
50 71 0.15
50 73 0.127
50 74 0.153
50 79 0.162
50 83 0.174
50 86 0.165
50 94 0.145
50 97 0.155
50 98 0.135
51 93 0.653
51 66 0.766
51 73 0.292
51 69 0.169
51 87 0.14
51 91 0.168
51 99 0.095
51 64 0.18
51 78 0.155
51 88 0.101
51 97 0.246
51 98 0.019
51 52 0.109
51 77 0.151
51 79 0.136
51 82 0.134
51 56 0.177
51 57 0.121
51 61 0.143
51 62 0.179
51 65 0.166
51 72 0.161
51 80 0.1
51 81 0.181
51 92 0.17
51 54 0.16
51 55 0.122
51 58 0.162
51 59 0.196
51 67 0.19
51 70 0.11
51 71 0.146
51 84 0.108
51 89 0.123
51 95 0.14
51 96 0.118
52 60 0.819
52 65 0.501
52 85 0.068
52 70 0.12
52 58 0.194
52 80 0.197
52 88 0.235
52 78 0.273
52 54 0.044
52 61 0.05
52 66 0.142
52 69 0.092
52 83 0.152
52 98 0.126
52 99 0.108
52 59 0.219
52 62 0.111
52 63 0.225
52 74 0.221
52 75 0.235
52 87 0.09
52 94 0.144
52 76 0.194
52 89 0.177
52 90 0.173
52 92 0.124
52 93 0.189
53 69 0.961
53 77 0.887
53 97 0.892
53 68 0.226
53 65 0.192
53 85 0.086
53 55 0.17
53 79 0.084
53 60 0.107
53 63 0.116
53 75 0.145
53 87 0.135
53 74 0.109
53 90 0.115
53 56 0.187
53 83 0.094
53 86 0.108
53 91 0.121
53 92 0.203
53 96 0.146
53 99 0.156
53 57 0.187
53 58 0.189
53 59 0.172
53 62 0.156
53 66 0.109
53 70 0.181
53 71 0.139
53 72 0.15
53 73 0.183
53 76 0.14
53 78 0.196
53 80 0.177
53 81 0.101
53 93 0.129
53 98 0.098
54 57 0.886
54 68 0.045
54 81 0.219
54 64 0.127
54 63 0.189
54 71 0.044
54 72 0.149
54 62 0.104
54 70 0.167
54 84 0.074
54 96 0.136
54 73 0.166
54 92 0.14
54 55 0.31
54 58 0.137
54 61 0.089
54 66 0.188
54 67 0.125
54 75 0.227
54 82 0.101
54 93 0.17
54 95 0.01
54 98 0.227
54 56 0.182
54 59 0.15
54 69 0.117
54 74 0.14
54 86 0.168
54 88 0.176
54 90 0.151
54 94 0.15
55 59 0.902
55 58 0.677
55 72 0.725
55 74 0.032
55 70 0.098
55 97 0.262
55 73 0.233
55 83 0.226
55 84 0.166
55 60 0.385
55 87 0.122
55 90 0.075
55 98 0.09
55 89 0.164
55 62 0.14
55 69 0.15
55 75 0.121
55 79 0.184
55 99 0.165
55 63 0.128
55 71 0.087
55 88 0.149
55 91 0.149
55 56 0.163
55 57 0.16
55 61 0.159
55 65 0.118
55 76 0.177
55 78 0.165
55 86 0.116
55 94 0.194
55 95 0.099
55 96 0.189
56 59 0.971
56 60 0.984
56 62 0.869
56 67 0.803
56 94 0.245
56 58 0.214
56 63 0.376
56 69 0.321
56 72 0.151
56 84 0.125
56 95 0.22
56 85 0.138
56 96 0.155
56 87 0.206
56 68 0.234
56 70 0.135
56 76 0.216
56 83 0.178
56 88 0.216
56 92 0.121
56 93 0.138
56 99 0.033
56 61 0.132
56 66 0.143
56 77 0.16
56 78 0.174
56 81 0.134
56 82 0.152
56 86 0.174
56 97 0.127
57 58 0.881
57 99 0.629
57 74 0.851
57 65 0.198
57 60 0.05
57 62 0.22
57 68 0.111
57 77 0.111
57 78 0.113
57 79 0.221
57 95 0.16
57 72 0.08
57 86 0.152
57 90 0.108
57 59 0.242
57 85 0.029
57 88 0.095
57 89 0.169
57 69 0.225
57 70 0.118
57 81 0.166
57 83 0.162
57 98 0.168
57 63 0.127
57 66 0.159
57 71 0.117
57 76 0.17
57 82 0.158
57 87 0.171
57 97 0.161
58 78 0.896
58 97 0.968
58 60 0.293
58 81 0.139
58 67 0.1
58 75 0.262
58 62 0.186
58 73 0.109
58 77 0.149
58 80 0.124
58 84 0.278
58 61 0.088
58 64 0.152
58 70 0.132
58 93 0.225
58 69 0.148
58 79 0.16
58 91 0.165
58 95 0.203
58 63 0.169
58 76 0.164
58 88 0.188
58 90 0.187
58 92 0.224
58 59 0.148
58 71 0.157
58 72 0.171
58 82 0.145
58 85 0.118
58 94 0.118
58 96 0.146
59 96 0.953
59 74 0.901
59 81 0.26
59 64 0.264
59 85 0.182
59 91 0.131
59 72 0.057
59 76 0.174
59 99 0.044
59 71 0.17
59 86 0.174
59 83 0.156
59 89 0.353
59 93 0.148
59 97 0.193
59 62 0.179
59 66 0.057
59 67 0.119
59 75 0.132
59 79 0.105
59 84 0.103
59 87 0.212
59 92 0.143
59 94 0.191
59 98 0.129
59 60 0.13
59 68 0.147
59 69 0.133
59 70 0.149
59 78 0.179
59 88 0.108
59 90 0.144
59 95 0.187
60 68 0.024
60 69 0.137
60 84 0.134
60 97 0.064
60 61 0.14
60 62 0.174
60 73 0.171
60 75 0.178
60 80 0.305
60 66 0.09
60 90 0.134
60 82 0.131
60 85 0.199
60 86 0.116
60 89 0.136
60 91 0.129
60 92 0.156
60 64 0.157
60 65 0.148
60 67 0.155
60 70 0.149
60 88 0.091
60 93 0.099
61 64 1
61 68 0.871
61 79 0.823
61 99 0.54
61 72 0.102
61 71 0.126
61 75 0.222
61 76 0.189
61 85 0.184
61 92 0.16
61 93 0.152
61 98 0.116
61 73 0.118
61 74 0.142
61 86 0.11
61 87 0.238
61 90 0.141
61 97 0.12
61 69 0.148
61 83 0.124
61 88 0.155
61 89 0.115
61 94 0.101
61 67 0.153
61 84 0.101
61 96 0.136
62 77 0.846
62 82 1
62 81 0.773
62 98 0.373
62 92 0.157
62 84 0.071
62 87 0.224
62 90 0.135
62 97 0.093
62 66 0.142
62 72 0.078
62 78 0.141
62 93 0.152
62 80 0.235
62 91 0.091
62 64 0.163
62 75 0.118
62 86 0.15
62 94 0.15
62 99 0.102
62 63 0.133
62 67 0.219
62 85 0.115
62 88 0.11
62 89 0.176
62 96 0.155
63 68 0.661
63 78 0.995
63 83 0.653
63 75 0.119
63 77 0.259
63 81 0.203
63 86 0.178
63 74 0.17
63 96 0.259
63 99 0.126
63 97 0.196
63 92 0.131
63 65 0.1
63 69 0.123
63 84 0.139
63 87 0.143
63 89 0.142
63 66 0.136
63 90 0.181
63 64 0.172
63 71 0.129
63 72 0.167
63 80 0.138
63 88 0.183
63 91 0.127
63 95 0.149
64 71 0.855
64 89 0.333
64 91 0.172
64 77 0.072
64 76 0.226
64 69 0.08
64 83 0.211
64 87 0.122
64 88 0.141
64 74 0.209
64 81 0.109
64 70 0.107
64 78 0.118
64 80 0.109
64 94 0.143
64 66 0.105
64 67 0.12
64 72 0.154
64 75 0.218
64 86 0.179
64 92 0.141
64 98 0.173
65 66 0.346
65 82 0.138
65 99 0.137
65 80 0.145
65 81 0.205
65 96 0.277
65 84 0.14
65 85 0.188
65 68 0.024
65 89 0.147
65 94 0.17
65 98 0.167
65 67 0.092
65 72 0.234
65 74 0.23
65 77 0.127
65 93 0.098
65 69 0.18
65 70 0.119
65 71 0.146
65 76 0.143
65 88 0.112
65 91 0.15
65 92 0.119
65 95 0.146
65 97 0.138
66 71 0.149
66 85 0.136
66 98 0.047
66 80 0.171
66 90 0.175
66 91 0.17
66 69 0.203
66 76 0.131
66 70 0.269
66 73 0.149
66 93 0.247
66 74 0.169
66 79 0.209
66 81 0.134
66 83 0.136
66 95 0.123
66 68 0.084
66 77 0.17
66 82 0.127
66 92 0.118
66 96 0.11
66 99 0.119
67 69 0.71
67 73 0.265
67 72 0.049
67 74 0.217
67 84 0.065
67 97 0.116
67 98 0.144
67 71 0.187
67 77 0.116
67 80 0.151
67 87 0.116
67 93 0.186
67 94 0.193
67 96 0.114
67 99 0.206
67 76 0.171
67 78 0.128
67 82 0.196
67 88 0.162
67 95 0.182
68 92 0.539
68 79 0.607
68 77 0.143
68 82 0.149
68 85 0.08
68 69 0.183
68 72 0.078
68 93 0.069
68 94 0.12
68 73 0.124
68 86 0.153
68 90 0.166
68 91 0.188
68 71 0.187
68 76 0.153
68 80 0.129
68 83 0.156
68 84 0.092
68 88 0.197
68 95 0.18
69 77 0.912
69 82 1
69 85 0.984
69 98 0.902
69 88 0.302
69 94 0.133
69 87 0.186
69 92 0.036
69 72 0.098
69 74 0.07
69 71 0.163
69 75 0.194
69 86 0.125
69 96 0.11
69 99 0.141
69 81 0.176
69 76 0.149
69 78 0.159
69 89 0.188
69 91 0.193
69 95 0.137
70 75 0.059
70 80 0.221
70 76 0.114
70 96 0.166
70 89 0.227
70 92 0.228
70 79 0.141
70 97 0.133
70 74 0.123
70 77 0.111
70 81 0.177
70 83 0.155
70 91 0.174
70 95 0.185
70 98 0.103
70 99 0.157
70 78 0.162
70 86 0.211
70 88 0.123
70 93 0.161
71 81 0.856
71 97 0.479
71 73 0.122
71 83 0.173
71 89 0.174
71 72 0.032
71 85 0.017
71 79 0.166
71 99 0.101
71 88 0.186
71 90 0.296
71 94 0.114
71 95 0.143
71 74 0.138
71 75 0.198
71 82 0.113
71 84 0.198
71 87 0.13
71 93 0.156
71 96 0.158
72 97 0.903
72 85 0.127
72 86 0.232
72 92 0.194
72 75 0.15
72 80 0.185
72 88 0.172
72 81 0.119
72 83 0.226
72 87 0.154
72 94 0.123
72 74 0.166
72 77 0.087
72 78 0.15
72 93 0.148
72 98 0.111
72 82 0.105
72 90 0.154
73 83 0.857
73 93 0.719
73 89 0.211
73 94 0.164
73 90 0.136
73 91 0.141
73 96 0.081
73 92 0.234
73 81 0.159
73 77 0.11
73 78 0.175
73 87 0.167
73 88 0.264
73 95 0.232
73 97 0.172
73 98 0.109
73 99 0.121
73 75 0.182
73 79 0.168
73 84 0.127
73 85 0.145
74 81 0.835
74 90 0.823
74 88 0.908
74 89 0.236
74 94 0.162
74 92 0.17
74 83 0.133
74 86 0.103
74 76 0.158
74 77 0.183
74 84 0.163
74 93 0.264
74 78 0.193
74 85 0.218
74 95 0.169
74 97 0.206
75 87 0.885
75 84 1
75 91 0.769
75 98 0.197
75 78 0.07
75 88 0.324
75 80 0.227
75 86 0.116
75 94 0.195
75 96 0.161
75 76 0.081
75 85 0.254
75 92 0.159
75 99 0.064
75 77 0.151
75 81 0.122
75 83 0.175
75 90 0.15
76 81 0.91
76 83 0.223
76 80 0.025
76 78 0.164
76 97 0.283
76 88 0.139
76 89 0.148
76 94 0.113
76 98 0.112
76 82 0.215
76 84 0.147
76 90 0.167
76 92 0.228
76 96 0.109
76 95 0.089
76 79 0.107
76 85 0.175
76 86 0.184
76 93 0.161
77 91 0.97
77 98 0.943
77 92 0.48
77 93 0.042
77 83 0.06
77 87 0.097
77 97 0.212
77 86 0.106
77 95 0.136
77 88 0.08
77 80 0.151
77 90 0.209
77 78 0.151
77 82 0.155
77 84 0.124
77 89 0.169
77 96 0.172
77 99 0.201
78 85 0.998
78 89 0.162
78 86 0.058
78 88 0.117
78 81 0.042
78 90 0.178
78 98 0.18
78 79 0.166
78 80 0.138
78 84 0.183
78 91 0.129
78 92 0.233
78 93 0.081
78 83 0.211
78 94 0.14
78 96 0.174
78 99 0.15
79 84 0.21
79 94 0.211
79 80 0.163
79 90 0.15
79 99 0.157
79 87 0.122
79 93 0.174
79 98 0.194
79 82 0.159
79 83 0.158
79 85 0.173
79 86 0.089
79 97 0.148
80 87 0.74
80 81 0.112
80 83 0.055
80 84 0.19
80 85 0.125
80 86 0.15
80 99 0.12
80 82 0.211
80 98 0.141
80 88 0.164
80 89 0.208
80 90 0.172
80 96 0.075
80 97 0.132
80 94 0.179
81 83 0.842
81 95 0.659
81 85 0.153
81 94 0.198
81 90 0.182
81 98 0.053
81 89 0.163
81 88 0.225
81 92 0.188
81 96 0.163
81 97 0.128
81 86 0.121
81 93 0.164
82 90 0.778
82 93 0.192
82 99 0.161
82 83 0.258
82 91 0.105
82 98 0.275
82 86 0.134
82 94 0.091
82 95 0.159
82 96 0.176
83 94 1
83 85 0.147
83 87 0.213
83 91 0.232
83 90 0.154
83 86 0.14
83 88 0.167
83 92 0.133
83 96 0.214
83 98 0.154
84 87 0.167
84 97 0.055
84 85 0.207
84 86 0.151
84 91 0.122
84 92 0.126
84 94 0.149
84 96 0.154
84 93 0.134
84 95 0.181
85 96 0.827
85 91 0.094
85 97 0.197
85 94 0.135
85 86 0.138
85 95 0.118
85 90 0.124
85 93 0.153
85 99 0.118
86 91 0.145
86 96 0.094
86 98 0.12
86 95 0.129
86 97 0.183
86 89 0.152
86 90 0.168
86 93 0.131
86 94 0.16
86 99 0.167
87 92 0.578
87 97 0.193
87 89 0.141
87 93 0.104
87 94 0.157
87 95 0.01
87 88 0.17
87 96 0.144
87 98 0.142
87 99 0.158
88 94 0.02
88 99 0.152
88 89 0.104
88 93 0.139
88 90 0.109
88 95 0.154
89 90 0.238
89 93 0.151
89 95 0.127
89 98 0.198
89 94 0.126
89 97 0.142
89 92 0.161
89 99 0.165
90 99 0.649
90 92 0.139
90 96 0.184
90 98 0.195
90 93 0.174
90 94 0.085
90 97 0.156
91 96 0.18
91 97 0.147
91 94 0.23
92 94 0.099
92 96 0.021
92 95 0.19
92 98 0.171
92 99 0.165
93 96 0.62
93 99 0.195
93 97 0.137
93 98 0.069
94 95 0.062
94 99 0.119
94 96 0.211
94 98 0.228
95 99 0.124
96 97 0.069
96 99 0.122
97 99 0.093
