0 29 0.897
0 67 0.558
0 96 0.894
0 34 0.837
0 94 0.629
0 43 0.766
0 58 0.153
0 16 0.084
0 36 0.09
0 52 0.223
0 65 0.2
0 69 0.17
0 70 0.077
0 89 0.138
0 38 0.178
0 39 0.24
0 53 0.175
0 44 0.094
0 84 0.114
0 11 0.119
0 19 0.188
0 28 0.072
0 51 0.149
0 57 0.128
0 61 0.114
0 77 0.065
0 85 0.174
0 12 0.169
0 17 0.139
0 35 0.146
0 54 0.141
0 80 0.139
0 82 0.144
0 91 0.165
0 97 0.104
0 2 0.211
0 5 0.167
0 26 0.137
0 42 0.105
0 46 0.151
0 48 0.139
0 49 0.135
0 55 0.162
0 64 0.151
0 71 0.148
0 83 0.154
0 3 0.114
0 7 0.129
0 25 0.106
0 32 0.131
0 37 0.107
0 40 0.161
0 47 0.106
0 62 0.127
0 63 0.179
0 68 0.184
0 72 0.165
0 74 0.142
0 76 0.128
0 87 0.104
0 90 0.144
1 18 0.11
1 54 0.162
1 12 0.067
1 39 0.201
1 46 0.198
1 17 0.11
1 64 0.132
1 4 0.072
1 14 0.146
1 37 0.189
1 68 0.105
1 78 0.132
1 96 0.139
1 98 0.118
1 3 0.07
1 52 0.172
1 63 0.125
1 5 0.259
1 9 0.145
1 15 0.201
1 19 0.13
1 22 0.185
1 23 0.232
1 26 0.186
1 30 0.138
1 35 0.158
1 47 0.174
1 55 0.115
1 13 0.119
1 36 0.11
1 44 0.051
1 57 0.166
1 61 0.206
1 66 0.133
1 77 0.133
1 87 0.121
1 94 0.152
1 99 0.103
1 10 0.166
1 16 0.214
1 20 0.119
1 27 0.142
1 33 0.153
1 40 0.158
1 41 0.147
1 59 0.239
1 65 0.142
1 71 0.172
1 74 0.192
1 80 0.153
1 81 0.251
1 82 0.18
1 95 0.196
1 97 0.177
2 18 0.578
2 20 0.716
2 58 0.739
2 75 0.78
2 45 0.827
2 15 0.138
2 51 0.056
2 21 0.105
2 85 0.131
2 65 0.099
2 10 0.058
2 86 0.087
2 30 0.209
2 42 0.153
2 44 0.131
2 67 0.245
2 80 0.1
2 82 0.115
2 31 0.064
2 53 0.156
2 56 0.143
2 17 0.112
2 23 0.036
2 46 0.149
2 59 0.129
2 66 0.132
2 70 0.269
2 79 0.169
2 97 0.031
2 11 0.151
2 64 0.169
2 69 0.095
2 96 0.201
2 99 0.157
2 28 0.137
2 36 0.19
2 40 0.145
2 63 0.081
2 81 0.157
2 98 0.147
2 5 0.134
2 6 0.145
2 7 0.178
2 22 0.169
2 37 0.131
2 41 0.176
2 50 0.132
2 52 0.139
2 54 0.132
2 57 0.192
2 60 0.155
2 61 0.174
2 68 0.149
2 73 0.14
2 77 0.143
2 83 0.135
2 87 0.209
2 94 0.154
3 78 0.18
3 19 0.154
3 20 0.215
3 86 0.044
3 32 0.149
3 80 0.171
3 23 0.117
3 42 0.168
3 67 0.18
3 93 0.089
3 27 0.22
3 76 0.174
3 22 0.205
3 45 0.163
3 63 0.149
3 98 0.185
3 28 0.141
3 34 0.165
3 58 0.11
3 60 0.13
3 71 0.087
3 6 0.132
3 10 0.108
3 13 0.185
3 14 0.105
3 16 0.177
3 18 0.05
3 49 0.18
3 55 0.177
3 79 0.116
3 87 0.125
3 92 0.097
3 94 0.084
3 95 0.12
3 15 0.155
3 17 0.11
3 21 0.139
3 30 0.103
3 37 0.144
3 46 0.179
3 56 0.138
3 57 0.117
3 82 0.147
3 97 0.141
3 5 0.158
3 7 0.154
3 8 0.186
3 9 0.144
3 11 0.12
3 26 0.196
3 38 0.176
3 53 0.181
3 61 0.106
3 64 0.175
3 89 0.169
3 99 0.176
4 10 0.859
4 80 0.606
4 6 0.144
4 83 0.106
4 60 0.175
4 79 0.231
4 61 0.062
4 42 0.158
4 63 0.17
4 18 0.109
4 43 0.155
4 31 0.24
4 45 0.135
4 64 0.133
4 28 0.225
4 70 0.196
4 72 0.092
4 20 0.15
4 24 0.129
4 26 0.177
4 38 0.177
4 65 0.11
4 68 0.134
4 69 0.137
4 76 0.138
4 82 0.269
4 90 0.173
4 92 0.218
4 8 0.127
4 9 0.151
4 15 0.171
4 32 0.252
4 40 0.067
4 50 0.129
4 62 0.086
4 71 0.104
4 87 0.173
4 89 0.194
4 95 0.137
4 96 0.154
4 23 0.149
4 41 0.083
4 46 0.162
4 47 0.163
4 48 0.117
4 52 0.156
4 54 0.107
4 57 0.099
4 58 0.138
5 59 0.22
5 60 0.119
5 7 0.121
5 47 0.143
5 56 0.164
5 19 0.171
5 31 0.174
5 48 0.044
5 76 0.145
5 93 0.02
5 97 0.162
5 12 0.262
5 63 0.187
5 87 0.267
5 98 0.227
5 99 0.135
5 33 0.127
5 41 0.182
5 46 0.197
5 57 0.144
5 94 0.125
5 15 0.114
5 16 0.15
5 21 0.259
5 32 0.126
5 64 0.117
5 66 0.108
5 79 0.16
5 17 0.161
5 18 0.167
5 22 0.164
5 36 0.184
5 37 0.117
5 42 0.163
5 44 0.12
5 49 0.176
5 55 0.163
5 70 0.12
5 73 0.122
5 75 0.151
5 82 0.172
5 85 0.151
5 86 0.168
5 90 0.139
5 96 0.177
5 6 0.114
5 8 0.19
5 10 0.118
5 20 0.137
5 29 0.176
5 38 0.174
5 51 0.112
5 58 0.145
5 65 0.117
5 71 0.179
5 77 0.13
5 80 0.148
5 83 0.164
5 89 0.212
6 78 0.659
6 88 0.144
6 96 0.159
6 9 0.379
6 61 0.276
6 66 0.185
6 45 0.144
6 60 0.19
6 80 0.131
6 39 0.066
6 71 0.095
6 87 0.198
6 12 0.066
6 19 0.171
6 23 0.091
6 40 0.149
6 53 0.183
6 70 0.219
6 37 0.169
6 98 0.155
6 7 0.151
6 11 0.167
6 16 0.173
6 30 0.146
6 47 0.139
6 72 0.124
6 79 0.159
6 84 0.107
6 90 0.106
6 95 0.159
6 99 0.161
6 17 0.059
6 27 0.128
6 32 0.207
6 35 0.153
6 42 0.208
6 51 0.099
6 54 0.14
6 55 0.171
6 57 0.211
6 64 0.15
6 67 0.082
6 21 0.173
6 22 0.168
6 24 0.144
6 33 0.104
6 44 0.141
6 49 0.151
6 52 0.145
6 59 0.108
6 63 0.148
6 75 0.117
6 76 0.174
6 86 0.181
6 93 0.144
7 12 0.529
7 28 0.562
7 61 0.674
7 42 0.201
7 44 0.251
7 55 0.141
7 68 0.157
7 41 0.274
7 46 0.15
7 83 0.148
7 9 0.224
7 29 0.228
7 32 0.247
7 45 0.178
7 48 0.177
7 56 0.175
7 91 0.122
7 97 0.076
7 37 0.188
7 49 0.186
7 70 0.163
7 86 0.156
7 95 0.246
7 18 0.182
7 26 0.194
7 47 0.14
7 51 0.082
7 69 0.12
7 71 0.152
7 72 0.164
7 77 0.123
7 99 0.179
7 15 0.161
7 16 0.125
7 19 0.144
7 20 0.099
7 23 0.132
7 38 0.15
7 50 0.143
7 52 0.176
7 53 0.133
7 59 0.167
7 62 0.134
7 65 0.179
7 67 0.162
7 73 0.162
7 74 0.172
7 76 0.18
7 78 0.102
7 81 0.094
7 84 0.168
7 88 0.146
7 94 0.14
8 47 0.787
8 84 0.678
8 87 0.637
8 14 0.094
8 82 0.163
8 20 0.136
8 40 0.186
8 33 0.106
8 46 0.178
8 68 0.178
8 81 0.103
8 13 0.197
8 38 0.086
8 91 0.134
8 99 0.162
8 26 0.038
8 34 0.126
8 36 0.137
8 64 0.272
8 66 0.159
8 72 0.162
8 76 0.192
8 92 0.286
8 19 0.19
8 52 0.147
8 60 0.21
8 9 0.128
8 16 0.129
8 17 0.132
8 24 0.152
8 39 0.125
8 62 0.172
8 70 0.174
8 80 0.128
8 86 0.149
8 89 0.199
8 96 0.137
8 11 0.201
8 18 0.198
8 22 0.146
8 27 0.184
8 45 0.172
8 51 0.197
8 59 0.213
8 75 0.175
8 78 0.1
8 79 0.117
8 83 0.154
8 85 0.109
8 94 0.146
9 43 0.909
9 51 0.164
9 57 0.119
9 55 0.09
9 52 0.184
9 70 0.275
9 92 0.125
9 11 0.15
9 50 0.165
9 82 0.187
9 83 0.138
9 95 0.113
9 20 0.155
9 25 0.121
9 27 0.004
9 44 0.156
9 29 0.179
9 54 0.116
9 71 0.198
9 96 0.164
9 10 0.192
9 12 0.161
9 22 0.103
9 28 0.144
9 32 0.198
9 47 0.142
9 63 0.138
9 66 0.167
9 68 0.165
9 78 0.113
9 80 0.207
9 84 0.255
9 87 0.157
9 90 0.118
9 91 0.078
9 97 0.207
9 98 0.172
9 99 0.177
9 16 0.094
9 17 0.118
9 18 0.106
9 36 0.132
9 41 0.113
9 42 0.18
9 46 0.151
9 53 0.141
9 61 0.181
9 62 0.095
9 64 0.15
9 73 0.103
9 74 0.165
10 14 0.69
10 25 0.937
10 42 0.179
10 74 0.164
10 26 0.166
10 43 0.083
10 16 0.135
10 45 0.117
10 79 0.301
10 86 0.144
10 37 0.104
10 11 0.044
10 13 0.171
10 69 0.083
10 71 0.163
10 90 0.062
10 95 0.228
10 30 0.266
10 38 0.172
10 39 0.163
10 48 0.146
10 55 0.053
10 91 0.155
10 97 0.136
10 59 0.18
10 63 0.173
10 67 0.217
10 78 0.182
10 93 0.177
10 17 0.167
10 21 0.07
10 32 0.111
10 46 0.244
10 57 0.161
10 60 0.148
10 62 0.165
10 66 0.141
10 73 0.144
10 75 0.158
10 99 0.12
10 18 0.082
10 41 0.139
10 44 0.195
10 51 0.192
10 61 0.127
10 65 0.126
10 68 0.154
10 77 0.115
10 83 0.131
10 98 0.151
11 38 0.605
11 68 0.968
11 80 1
11 35 0.089
11 43 0.125
11 48 0.04
11 71 0.184
11 94 0.165
11 13 0.185
11 19 0.137
11 31 0.153
11 34 0.055
11 53 0.123
11 75 0.092
11 57 0.18
11 32 0.114
11 54 0.184
11 89 0.147
11 95 0.156
11 96 0.19
11 12 0.205
11 22 0.076
11 26 0.273
11 49 0.117
11 61 0.078
11 76 0.134
11 24 0.164
11 33 0.146
11 47 0.128
11 55 0.222
11 62 0.176
11 64 0.165
11 69 0.241
11 72 0.161
11 77 0.152
11 83 0.186
11 98 0.149
11 99 0.135
11 21 0.136
11 23 0.137
11 29 0.144
11 40 0.179
11 41 0.149
11 45 0.154
11 46 0.19
11 63 0.21
11 70 0.124
11 79 0.188
11 81 0.106
11 84 0.127
11 91 0.158
12 14 0.898
12 18 0.728
12 50 1
12 76 0.769
12 51 0.115
12 65 0.128
12 31 0.171
12 99 0.084
12 83 0.139
12 78 0.1
12 80 0.213
12 23 0.194
12 35 0.108
12 45 0.086
12 49 0.25
12 77 0.061
12 29 0.123
12 36 0.177
12 37 0.179
12 42 0.231
12 48 0.143
12 58 0.168
12 75 0.3
12 81 0.144
12 85 0.184
12 87 0.177
12 88 0.195
12 17 0.055
12 20 0.133
12 24 0.19
12 27 0.177
12 33 0.133
12 41 0.135
12 46 0.136
12 56 0.163
12 61 0.161
12 62 0.161
12 71 0.172
12 84 0.226
12 90 0.158
12 95 0.124
12 96 0.173
12 15 0.157
12 16 0.149
12 26 0.173
12 28 0.164
12 30 0.154
12 39 0.174
12 40 0.144
12 43 0.11
12 44 0.155
12 63 0.16
12 66 0.061
12 73 0.142
12 79 0.203
13 59 0.802
13 69 0.082
13 83 0.227
13 35 0.163
13 22 0.145
13 32 0.154
13 64 0.148
13 14 0.162
13 43 0.257
13 44 0.138
13 15 0.143
13 27 0.146
13 40 0.129
13 47 0.136
13 74 0.182
13 87 0.181
13 28 0.015
13 30 0.15
13 41 0.128
13 45 0.145
13 53 0.097
13 67 0.195
13 42 0.14
13 46 0.155
13 55 0.207
13 58 0.145
13 62 0.109
13 65 0.146
13 73 0.139
13 88 0.129
13 92 0.151
13 24 0.184
13 38 0.178
13 48 0.153
13 49 0.148
13 54 0.103
13 61 0.197
13 68 0.156
13 77 0.199
13 81 0.161
13 85 0.153
13 94 0.2
13 98 0.238
13 99 0.167
14 66 0.907
14 84 0.626
14 86 0.857
14 37 0.838
14 38 1
14 18 0.075
14 29 0.078
14 28 0.155
14 45 0.232
14 22 0.176
14 39 0.208
14 78 0.234
14 15 0.099
14 33 0.101
14 47 0.136
14 50 0.175
14 57 0.129
14 76 0.149
14 82 0.214
14 20 0.098
14 26 0.112
14 46 0.143
14 48 0.115
14 72 0.123
14 85 0.128
14 24 0.042
14 67 0.101
14 74 0.001
14 92 0.15
14 97 0.176
14 98 0.117
14 21 0.039
14 44 0.134
14 59 0.171
14 60 0.202
14 63 0.143
14 68 0.134
14 73 0.053
14 93 0.103
14 94 0.111
14 17 0.184
14 23 0.08
14 27 0.188
14 30 0.21
14 36 0.174
14 49 0.135
14 55 0.162
14 65 0.184
14 79 0.161
14 88 0.162
15 43 0.047
15 27 0.223
15 94 0.065
15 17 0.191
15 20 0.196
15 98 0.137
15 63 0.132
15 78 0.198
15 93 0.236
15 29 0.193
15 51 0.029
15 65 0.087
15 68 0.128
15 70 0.099
15 79 0.161
15 86 0.224
15 19 0.168
15 35 0.238
15 45 0.184
15 59 0.131
15 61 0.125
15 16 0.148
15 25 0.155
15 33 0.114
15 52 0.167
15 55 0.192
15 64 0.137
15 67 0.164
15 95 0.139
15 42 0.133
15 56 0.13
15 84 0.195
15 91 0.142
15 21 0.162
15 22 0.143
15 23 0.088
15 24 0.1
15 32 0.142
15 47 0.13
15 54 0.07
15 62 0.15
15 76 0.148
15 77 0.163
15 81 0.096
15 82 0.136
15 90 0.159
15 92 0.128
16 22 0.897
16 44 0.794
16 45 0.905
16 51 0.967
16 27 0.066
16 30 0.198
16 41 0.224
16 19 0.108
16 59 0.289
16 62 0.098
16 60 0.138
16 33 0.198
16 61 0.196
16 86 0.159
16 70 0.15
16 32 0.14
16 80 0.246
16 90 0.137
16 23 0.168
16 26 0.199
16 35 0.085
16 58 0.158
16 75 0.242
16 17 0.189
16 18 0.107
16 20 0.151
16 31 0.188
16 40 0.129
16 42 0.13
16 69 0.136
16 74 0.138
16 24 0.11
16 28 0.204
16 34 0.149
16 38 0.156
16 43 0.161
16 46 0.097
16 50 0.15
16 52 0.147
16 55 0.2
16 56 0.133
16 57 0.172
16 63 0.193
16 67 0.074
16 72 0.152
16 79 0.14
16 82 0.168
16 93 0.138
16 99 0.171
17 47 1
17 24 0.163
17 21 0.104
17 83 0.211
17 26 0.151
17 27 0.15
17 63 0.105
17 44 0.114
17 76 0.107
17 45 0.194
17 68 0.137
17 81 0.139
17 19 0.115
17 31 0.143
17 35 0.189
17 54 0.158
17 58 0.154
17 74 0.072
17 95 0.143
17 23 0.156
17 29 0.134
17 33 0.135
17 41 0.178
17 42 0.133
17 51 0.213
17 71 0.079
17 77 0.16
17 79 0.126
17 89 0.14
17 94 0.18
17 96 0.115
17 20 0.086
17 25 0.185
17 32 0.145
17 39 0.166
17 46 0.092
17 48 0.168
17 56 0.144
17 60 0.133
17 64 0.141
17 65 0.14
17 66 0.168
17 70 0.116
17 75 0.177
17 78 0.155
17 82 0.161
17 84 0.178
17 93 0.112
17 97 0.134
17 99 0.154
18 74 1
18 93 0.785
18 84 0.787
18 20 0.077
18 45 0.151
18 33 0.173
18 79 0.188
18 26 0.199
18 52 0.143
18 75 0.117
18 86 0.175
18 97 0.072
18 35 0.17
18 40 0.159
18 49 0.139
18 72 0.076
18 36 0.09
18 99 0.003
18 34 0.145
18 46 0.099
18 70 0.169
18 80 0.175
18 81 0.166
18 87 0.171
18 28 0.183
18 41 0.171
18 88 0.107
18 95 0.108
18 29 0.157
18 37 0.172
18 43 0.252
18 48 0.245
18 50 0.134
18 51 0.106
18 64 0.138
18 69 0.171
18 71 0.156
18 78 0.165
18 85 0.076
18 96 0.122
18 21 0.183
18 25 0.09
18 27 0.149
18 31 0.182
18 32 0.13
18 39 0.147
18 58 0.184
18 60 0.178
18 61 0.127
18 68 0.176
18 76 0.176
18 83 0.195
18 90 0.165
18 98 0.169
19 47 0.988
19 54 0.11
19 73 0.13
19 83 0.273
19 42 0.153
19 61 0.316
19 91 0.187
19 78 0.309
19 96 0.158
19 23 0.171
19 72 0.024
19 20 0.151
19 37 0.155
19 43 0.148
19 62 0.135
19 63 0.15
19 74 0.178
19 80 0.27
19 94 0.111
19 22 0.142
19 32 0.204
19 39 0.164
19 44 0.176
19 58 0.157
19 59 0.162
19 65 0.205
19 67 0.158
19 25 0.134
19 28 0.183
19 31 0.142
19 46 0.151
19 66 0.166
19 75 0.119
19 79 0.149
19 86 0.188
19 89 0.155
19 98 0.1
19 21 0.095
19 26 0.175
19 27 0.099
19 30 0.148
19 33 0.154
19 34 0.142
19 35 0.152
19 38 0.135
19 52 0.153
19 57 0.134
19 64 0.178
19 69 0.118
19 71 0.132
19 84 0.135
19 88 0.146
20 45 0.749
20 77 0.783
20 79 0.702
20 94 0.67
20 36 0.182
20 61 0.204
20 62 0.156
20 72 0.135
20 46 0.125
20 59 0.124
20 64 0.177
20 98 0.143
20 29 0.134
20 70 0.148
20 22 0.15
20 37 0.18
20 52 0.124
20 67 0.154
20 91 0.154
20 21 0.109
20 23 0.2
20 28 0.187
20 50 0.115
20 55 0.164
20 57 0.224
20 63 0.137
20 66 0.154
20 74 0.264
20 80 0.161
20 89 0.111
20 90 0.139
20 96 0.103
20 34 0.195
20 40 0.141
20 43 0.199
20 44 0.188
20 47 0.163
20 49 0.165
20 53 0.157
20 54 0.11
20 60 0.136
20 69 0.125
20 71 0.173
20 73 0.16
20 76 0.175
20 78 0.137
20 82 0.157
20 83 0.238
20 84 0.168
20 87 0.164
21 81 0.817
21 23 0.601
21 34 0.227
21 43 0.106
21 33 0.218
21 97 0.177
21 37 0.125
21 50 0.087
21 65 0.155
21 78 0.132
21 56 0.138
21 67 0.171
21 68 0.088
21 47 0.306
21 60 0.174
21 71 0.15
21 85 0.174
21 30 0.164
21 38 0.104
21 39 0.272
21 46 0.177
21 49 0.151
21 66 0.264
21 69 0.105
21 76 0.219
21 92 0.044
21 94 0.115
21 22 0.194
21 24 0.158
21 40 0.18
21 52 0.187
21 61 0.112
21 74 0.12
21 77 0.129
21 86 0.124
21 95 0.151
21 28 0.114
21 29 0.148
21 36 0.141
21 62 0.201
21 70 0.168
21 79 0.118
21 83 0.134
21 89 0.123
21 96 0.149
21 99 0.163
22 35 0.634
22 25 0.135
22 64 0.193
22 53 0.166
22 78 0.047
22 81 0.178
22 80 0.136
22 39 0.207
22 54 0.2
22 49 0.166
22 77 0.105
22 27 0.137
22 31 0.22
22 69 0.172
22 76 0.164
22 83 0.157
22 86 0.064
22 90 0.135
22 29 0.149
22 30 0.15
22 52 0.13
22 32 0.119
22 41 0.186
22 44 0.191
22 47 0.169
22 51 0.142
22 74 0.108
22 95 0.168
22 23 0.14
22 26 0.171
22 36 0.084
22 40 0.187
22 48 0.158
22 55 0.151
22 60 0.131
22 62 0.13
22 67 0.14
22 70 0.166
22 75 0.148
22 79 0.2
22 82 0.13
22 84 0.128
22 89 0.151
22 92 0.099
22 93 0.097
22 97 0.189
22 99 0.137
23 58 0.972
23 99 0.93
23 48 0.932
23 61 0.074
23 98 0.127
23 38 0.217
23 37 0.19
23 53 0.12
23 52 0.221
23 65 0.147
23 26 0.095
23 41 0.172
23 44 0.152
23 74 0.128
23 66 0.132
23 89 0.176
23 90 0.217
23 27 0.183
23 32 0.12
23 56 0.178
23 59 0.177
23 75 0.181
23 82 0.158
23 83 0.163
23 28 0.123
23 29 0.202
23 30 0.1
23 33 0.154
23 34 0.164
23 35 0.142
23 36 0.099
23 39 0.127
23 60 0.173
23 69 0.169
23 71 0.134
23 78 0.17
23 86 0.171
23 88 0.183
23 94 0.144
24 51 0.578
24 60 1
24 87 0.093
24 37 0.148
24 58 0.124
24 90 0.165
24 32 0.145
24 31 0.142
24 43 0.122
24 45 0.18
24 47 0.122
24 48 0.109
24 61 0.005
24 62 0.133
24 76 0.02
24 39 0.172
24 73 0.209
24 35 0.162
24 41 0.152
24 68 0.126
24 81 0.122
24 91 0.149
24 25 0.113
24 28 0.196
24 40 0.162
24 42 0.098
24 49 0.167
24 53 0.162
24 59 0.125
24 78 0.079
24 79 0.143
24 93 0.125
24 96 0.152
25 27 1
25 87 0.988
25 73 0.11
25 51 0.115
25 59 0.223
25 96 0.248
25 79 0.151
25 95 0.14
25 36 0.164
25 65 0.126
25 94 0.141
25 33 0.171
25 37 0.099
25 45 0.132
25 48 0.134
25 52 0.113
25 58 0.151
25 60 0.232
25 50 0.213
25 76 0.117
25 82 0.16
25 83 0.064
25 29 0.174
25 53 0.142
25 56 0.186
25 57 0.098
25 98 0.162
25 26 0.092
25 31 0.162
25 35 0.142
25 43 0.167
25 44 0.146
25 46 0.126
25 61 0.164
25 70 0.115
25 71 0.155
25 74 0.168
25 81 0.187
25 84 0.14
26 31 1
26 69 0.874
26 87 0.595
26 94 0.163
26 91 0.179
26 71 0.251
26 76 0.152
26 93 0.141
26 43 0.239
26 53 0.173
26 73 0.156
26 88 0.077
26 90 0.246
26 96 0.136
26 29 0.136
26 48 0.085
26 38 0.156
26 61 0.185
26 65 0.108
26 70 0.117
26 30 0.165
26 34 0.161
26 36 0.12
26 41 0.237
26 49 0.161
26 62 0.147
26 81 0.154
26 82 0.183
26 84 0.177
26 42 0.127
26 63 0.15
26 77 0.198
26 79 0.177
26 86 0.136
26 27 0.188
26 33 0.138
26 35 0.121
26 37 0.194
26 55 0.165
26 72 0.172
26 92 0.175
26 99 0.136
27 79 0.941
27 32 0.914
27 81 0.646
27 73 0.08
27 35 0.236
27 90 0.194
27 95 0.295
27 42 0.139
27 83 0.166
27 45 0.122
27 60 0.107
27 85 0.158
27 96 0.201
27 39 0.156
27 43 0.138
27 48 0.141
27 31 0.068
27 52 0.12
27 57 0.155
27 76 0.222
27 29 0.083
27 40 0.128
27 49 0.16
27 55 0.145
27 61 0.132
27 72 0.139
27 74 0.169
27 91 0.132
27 92 0.138
27 98 0.154
27 99 0.136
27 28 0.143
27 33 0.141
27 41 0.146
27 46 0.151
27 53 0.134
27 58 0.17
27 62 0.179
27 63 0.161
27 67 0.15
27 68 0.164
27 69 0.156
27 70 0.154
27 82 0.168
27 86 0.083
27 87 0.082
27 88 0.152
27 89 0.207
28 96 0.898
28 85 0.931
28 40 0.522
28 64 0.078
28 80 0.221
28 56 0.138
28 88 0.165
28 30 0.136
28 50 0.072
28 68 0.167
28 39 0.142
28 73 0.122
28 77 0.142
28 82 0.126
28 90 0.132
28 99 0.184
28 29 0.12
28 35 0.1
28 43 0.167
28 31 0.145
28 42 0.166
28 44 0.13
28 49 0.151
28 61 0.126
28 62 0.189
28 70 0.154
28 71 0.141
28 75 0.18
28 87 0.144
28 95 0.169
28 97 0.143
28 98 0.184
28 32 0.115
28 33 0.14
28 45 0.165
28 48 0.145
28 51 0.127
28 58 0.121
28 59 0.14
28 65 0.122
28 67 0.134
28 69 0.085
28 74 0.105
28 83 0.157
28 89 0.142
29 62 0.334
29 59 0.314
29 47 0.129
29 35 0.207
29 58 0.187
29 64 0.146
29 67 0.135
29 75 0.104
29 57 0.145
29 63 0.116
29 73 0.184
29 90 0.15
29 46 0.148
29 76 0.155
29 80 0.067
29 83 0.25
29 86 0.205
29 89 0.191
29 95 0.126
29 32 0.152
29 45 0.15
29 48 0.148
29 52 0.132
29 53 0.191
29 54 0.156
29 37 0.17
29 39 0.168
29 42 0.172
29 44 0.174
29 55 0.097
29 56 0.135
29 66 0.157
29 69 0.132
29 71 0.181
29 82 0.153
29 93 0.157
29 98 0.085
30 83 0.912
30 86 0.954
30 64 0.045
30 32 0.089
30 59 0.259
30 60 0.139
30 63 0.106
30 43 0.11
30 70 0.101
30 37 0.189
30 50 0.126
30 52 0.186
30 88 0.11
30 33 0.178
30 36 0.066
30 53 0.083
30 76 0.121
30 89 0.146
30 91 0.152
30 39 0.146
30 40 0.302
30 48 0.167
30 49 0.128
30 54 0.143
30 62 0.219
30 65 0.172
30 74 0.064
30 78 0.128
30 92 0.13
30 45 0.144
30 61 0.185
30 67 0.155
30 75 0.12
30 94 0.169
30 98 0.201
31 71 0.924
31 73 0.924
31 93 0.631
31 44 0.208
31 64 0.107
31 81 0.107
31 76 0.177
31 89 0.143
31 95 0.116
31 98 0.093
31 70 0.156
31 32 0.105
31 41 0.149
31 55 0.23
31 78 0.215
31 48 0.089
31 57 0.12
31 68 0.153
31 74 0.132
31 85 0.184
31 34 0.125
31 59 0.2
31 62 0.138
31 72 0.141
31 79 0.185
31 90 0.142
31 92 0.131
31 33 0.178
31 36 0.12
31 40 0.128
31 45 0.186
31 47 0.144
31 52 0.109
31 53 0.192
31 63 0.109
31 66 0.146
31 69 0.175
31 83 0.092
31 84 0.136
31 86 0.156
31 87 0.162
31 88 0.148
31 97 0.095
32 73 0.788
32 45 0.172
32 39 0.238
32 61 0.258
32 35 0.144
32 88 0.168
32 46 0.198
32 69 0.305
32 70 0.14
32 74 0.121
32 95 0.128
32 97 0.113
32 40 0.141
32 41 0.133
32 53 0.15
32 68 0.107
32 96 0.196
32 33 0.144
32 42 0.139
32 54 0.149
32 72 0.227
32 76 0.108
32 80 0.104
32 86 0.187
32 93 0.15
32 99 0.201
32 36 0.107
32 37 0.154
32 44 0.126
32 57 0.161
32 77 0.147
32 79 0.137
32 90 0.108
32 34 0.166
32 51 0.126
32 52 0.164
32 59 0.159
32 83 0.069
32 84 0.165
33 99 0.762
33 42 0.103
33 59 0.102
33 34 0.149
33 48 0.019
33 72 0.154
33 76 0.03
33 47 0.114
33 54 0.203
33 58 0.166
33 61 0.209
33 83 0.123
33 67 0.129
33 89 0.024
33 92 0.126
33 40 0.142
33 43 0.164
33 52 0.153
33 55 0.158
33 80 0.066
33 87 0.11
33 98 0.121
33 37 0.112
33 41 0.16
33 44 0.134
33 49 0.191
33 50 0.147
33 53 0.14
33 63 0.165
33 64 0.132
33 68 0.111
33 70 0.173
33 71 0.161
33 74 0.187
33 77 0.149
33 88 0.17
33 90 0.161
33 96 0.158
34 58 0.948
34 69 0.806
34 90 0.056
34 44 0.177
34 52 0.296
34 43 0.154
34 57 0.14
34 64 0.19
34 66 0.176
34 38 0.159
34 65 0.098
34 87 0.139
34 49 0.108
34 51 0.098
34 55 0.188
34 68 0.128
34 76 0.19
34 56 0.168
34 59 0.145
34 63 0.154
34 72 0.094
34 80 0.166
34 99 0.105
34 54 0.144
34 61 0.127
34 81 0.17
34 36 0.095
34 41 0.167
34 46 0.135
34 89 0.126
34 91 0.133
34 92 0.098
34 95 0.169
34 97 0.152
34 98 0.16
35 72 1
35 99 0.932
35 52 1
35 96 0.031
35 97 0.024
35 55 0.132
35 62 0.122
35 77 0.213
35 80 0.13
35 36 0.151
35 60 0.199
35 59 0.11
35 61 0.094
35 81 0.115
35 83 0.133
35 88 0.158
35 89 0.106
35 38 0.173
35 40 0.175
35 47 0.065
35 56 0.136
35 87 0.169
35 66 0.151
35 91 0.155
35 93 0.121
35 94 0.186
35 37 0.155
35 39 0.148
35 50 0.168
35 51 0.158
35 67 0.142
35 71 0.149
35 85 0.154
35 92 0.136
35 95 0.147
35 98 0.196
36 71 0.789
36 54 0.686
36 81 0.924
36 42 0.138
36 78 0.205
36 95 0.161
36 55 0.112
36 74 0.216
36 48 0.091
36 56 0.197
36 37 0.174
36 52 0.158
36 43 0.112
36 45 0.149
36 69 0.259
36 79 0.189
36 80 0.104
36 86 0.146
36 88 0.315
36 90 0.141
36 46 0.117
36 57 0.17
36 64 0.118
36 70 0.168
36 89 0.161
36 91 0.151
36 93 0.16
36 94 0.155
36 97 0.171
36 98 0.188
36 38 0.064
36 41 0.109
36 50 0.11
36 62 0.141
36 63 0.112
36 66 0.205
36 68 0.165
36 75 0.213
36 76 0.122
36 82 0.168
36 83 0.119
36 96 0.147
37 87 0.237
37 43 0.133
37 93 0.356
37 91 0.118
37 71 0.145
37 81 0.118
37 85 0.187
37 41 0.245
37 61 0.258
37 62 0.205
37 77 0.137
37 80 0.135
37 90 0.23
37 44 0.188
37 52 0.144
37 79 0.204
37 53 0.217
37 54 0.105
37 63 0.126
37 69 0.145
37 73 0.177
37 38 0.282
37 45 0.131
37 82 0.1
37 98 0.125
37 47 0.131
37 51 0.174
37 59 0.138
37 67 0.149
37 72 0.145
37 83 0.136
37 86 0.106
37 49 0.156
37 50 0.149
37 58 0.156
37 64 0.147
37 74 0.196
37 78 0.149
37 88 0.122
37 96 0.133
37 99 0.106
38 48 0.988
38 43 1
38 95 0.887
38 52 0.113
38 63 0.188
38 47 0.126
38 79 0.119
38 57 0.139
38 62 0.148
38 64 0.104
38 72 0.164
38 77 0.108
38 46 0.024
38 61 0.122
38 98 0.158
38 99 0.173
38 44 0.155
38 45 0.146
38 60 0.12
38 66 0.149
38 80 0.208
38 81 0.173
38 84 0.145
38 85 0.144
38 41 0.121
38 50 0.098
38 51 0.099
38 59 0.153
38 67 0.111
38 69 0.138
38 70 0.186
38 71 0.099
38 73 0.145
38 74 0.127
39 51 0.903
39 53 0.654
39 86 0.804
39 99 0.825
39 74 0.895
39 91 0.221
39 57 0.133
39 65 0.095
39 76 0.041
39 42 0.137
39 87 0.113
39 54 0.206
39 62 0.096
39 66 0.153
39 69 0.08
39 70 0.114
39 72 0.125
39 47 0.163
39 52 0.113
39 75 0.159
39 96 0.113
39 45 0.153
39 48 0.155
39 50 0.178
39 68 0.119
39 71 0.14
39 73 0.146
39 77 0.181
39 92 0.118
39 94 0.136
40 48 1
40 82 0.751
40 86 0.915
40 46 0.102
40 98 0.12
40 60 0.202
40 44 0.169
40 52 0.2
40 90 0.047
40 43 0.074
40 45 0.187
40 50 0.151
40 51 0.159
40 53 0.132
40 63 0.114
40 72 0.128
40 74 0.131
40 80 0.131
40 87 0.125
40 92 0.134
40 56 0.128
40 57 0.171
40 58 0.152
40 68 0.197
40 91 0.156
40 95 0.163
40 99 0.239
40 41 0.187
40 42 0.213
40 55 0.167
40 59 0.158
40 62 0.075
40 64 0.124
40 66 0.131
40 67 0.138
40 73 0.208
40 77 0.169
40 81 0.135
40 85 0.163
40 88 0.152
40 93 0.162
40 94 0.176
41 47 0.979
41 64 0.176
41 88 0.104
41 70 0.248
41 84 0.241
41 90 0.107
41 66 0.199
41 82 0.103
41 95 0.192
41 50 0.162
41 86 0.187
41 58 0.214
41 97 0.19
41 45 0.202
41 59 0.199
41 61 0.177
41 68 0.133
41 91 0.118
41 46 0.139
41 53 0.111
41 65 0.121
41 69 0.094
41 80 0.116
41 98 0.18
41 42 0.146
41 44 0.175
41 49 0.15
41 56 0.17
41 63 0.132
41 75 0.1
41 89 0.14
41 94 0.226
41 96 0.177
41 99 0.117
42 62 0.606
42 73 0.117
42 80 0.298
42 87 0.32
42 90 0.237
42 97 0.127
42 44 0.104
42 72 0.161
42 47 0.16
42 48 0.127
42 81 0.183
42 92 0.27
42 50 0.191
42 61 0.026
42 79 0.127
42 84 0.223
42 56 0.153
42 59 0.127
42 60 0.126
42 70 0.092
42 74 0.142
42 82 0.198
42 85 0.155
42 93 0.038
42 43 0.126
42 46 0.154
42 55 0.163
42 78 0.083
42 83 0.081
42 91 0.104
42 95 0.141
42 96 0.134
43 72 0.845
43 74 0.129
43 50 0.081
43 69 0.103
43 82 0.085
43 85 0.16
43 92 0.235
43 54 0.142
43 67 0.06
43 55 0.115
43 83 0.08
43 47 0.135
43 59 0.177
43 71 0.154
43 76 0.224
43 91 0.147
43 75 0.178
43 78 0.124
43 79 0.146
43 51 0.131
43 57 0.183
43 60 0.202
43 64 0.118
43 68 0.141
43 77 0.147
43 93 0.213
43 94 0.135
44 47 0.984
44 49 0.121
44 62 0.163
44 68 0.199
44 59 0.1
44 63 0.114
44 57 0.218
44 58 0.215
44 50 0.127
44 56 0.098
44 76 0.209
44 85 0.231
44 86 0.16
44 87 0.158
44 91 0.192
44 64 0.103
44 75 0.237
44 83 0.234
44 45 0.13
44 78 0.141
44 82 0.151
44 92 0.146
44 94 0.184
44 97 0.133
44 48 0.175
44 52 0.136
44 55 0.123
44 71 0.143
44 73 0.084
44 77 0.106
44 80 0.179
44 81 0.178
44 93 0.153
45 84 0.72
45 98 0.741
45 80 0.177
45 60 0.298
45 47 0.123
45 59 0.069
45 71 0.171
45 75 0.115
45 72 0.167
45 82 0.144
45 94 0.188
45 66 0.112
45 92 0.021
45 93 0.085
45 96 0.104
45 97 0.139
45 54 0.133
45 57 0.171
45 64 0.155
45 87 0.181
45 49 0.201
45 58 0.188
45 61 0.194
45 63 0.158
45 73 0.055
45 90 0.136
45 91 0.092
45 99 0.133
45 48 0.108
45 50 0.092
45 51 0.13
45 53 0.093
45 56 0.136
45 62 0.174
45 67 0.173
45 69 0.193
45 85 0.136
45 86 0.169
45 95 0.174
46 62 0.712
46 78 0.853
46 92 0.684
46 63 0.698
46 75 0.876
46 58 0.13
46 49 0.179
46 76 0.184
46 77 0.165
46 79 0.125
46 51 0.019
46 66 0.177
46 82 0.16
46 48 0.126
46 85 0.159
46 52 0.139
46 54 0.135
46 57 0.152
46 80 0.118
46 74 0.189
46 86 0.135
46 91 0.145
46 95 0.155
46 97 0.094
47 80 0.987
47 74 0.077
47 57 0.1
47 98 0.004
47 83 0.178
47 73 0.261
47 63 0.228
47 65 0.244
47 68 0.146
47 71 0.179
47 86 0.15
47 88 0.121
47 91 0.151
47 94 0.164
47 95 0.143
47 55 0.139
47 59 0.133
47 66 0.176
47 90 0.139
47 56 0.127
47 58 0.125
47 70 0.151
47 72 0.197
47 77 0.172
47 89 0.165
47 96 0.128
47 97 0.16
47 52 0.103
47 53 0.144
47 60 0.152
47 62 0.115
47 64 0.153
47 81 0.186
47 84 0.15
47 93 0.15
47 99 0.176
48 58 0.669
48 94 0.094
48 84 0.207
48 90 0.178
48 67 0.182
48 57 0.2
48 63 0.276
48 53 0.119
48 69 0.178
48 78 0.121
48 52 0.156
48 70 0.217
48 82 0.061
48 99 0.178
48 59 0.151
48 61 0.159
48 62 0.121
48 64 0.138
48 71 0.146
48 72 0.201
48 74 0.102
48 89 0.134
48 95 0.137
49 56 0.798
49 87 1
49 73 0.134
49 72 0.153
49 69 0.117
49 85 0.087
49 59 0.124
49 66 0.17
49 99 0.123
49 64 0.163
49 74 0.157
49 88 0.168
49 89 0.133
49 52 0.104
49 55 0.104
49 57 0.147
49 67 0.168
49 79 0.107
49 81 0.162
49 95 0.167
49 98 0.133
49 50 0.155
49 51 0.101
49 58 0.172
49 61 0.153
49 63 0.127
49 68 0.136
49 82 0.135
49 84 0.136
49 91 0.193
49 92 0.147
50 62 0.194
50 61 0.112
50 63 0.205
50 99 0.236
50 68 0.109
50 57 0.11
50 58 0.134
50 70 0.118
50 71 0.141
50 75 0.166
50 84 0.19
50 56 0.16
50 80 0.132
50 83 0.125
50 92 0.16
50 98 0.15
50 51 0.161
50 60 0.142
50 65 0.104
50 67 0.144
50 74 0.114
50 88 0.188
50 89 0.122
50 91 0.128
50 93 0.132
50 96 0.156
51 93 0.709
51 66 1
51 73 0.099
51 69 0.108
51 92 0.119
51 52 0.106
51 86 0.073
51 62 0.178
51 99 0.035
51 80 0.118
51 87 0.143
51 90 0.16
51 61 0.122
51 74 0.133
51 94 0.151
51 55 0.158
51 77 0.175
51 89 0.174
51 91 0.138
51 98 0.162
51 57 0.148
51 64 0.126
51 71 0.133
51 72 0.174
51 78 0.105
51 82 0.169
51 84 0.207
51 85 0.079
52 71 0.152
52 58 0.094
52 91 0.232
52 61 0.14
52 56 0.073
52 55 0.154
52 85 0.171
52 87 0.127
52 94 0.162
52 95 0.128
52 97 0.102
52 76 0.192
52 96 0.251
52 53 0.166
52 73 0.116
52 80 0.143
52 84 0.247
52 89 0.134
52 92 0.138
52 98 0.121
52 59 0.014
52 60 0.212
52 63 0.114
52 68 0.188
52 83 0.134
52 54 0.139
52 66 0.145
52 67 0.109
52 82 0.117
52 86 0.152
52 93 0.125
52 99 0.163
53 77 0.871
53 97 0.659
53 57 0.251
53 92 0.229
53 69 0.078
53 78 0.168
53 83 0.131
53 56 0.156
53 62 0.133
53 72 0.127
53 79 0.191
53 84 0.127
53 59 0.134
53 65 0.155
53 67 0.193
53 76 0.121
53 91 0.105
53 96 0.194
53 99 0.155
53 58 0.1
53 60 0.135
53 63 0.067
53 73 0.134
53 86 0.203
53 94 0.129
54 57 0.517
54 90 0.206
54 65 0.103
54 70 0.265
54 91 0.236
54 97 0.186
54 64 0.205
54 76 0.196
54 55 0.12
54 68 0.166
54 77 0.138
54 79 0.263
54 80 0.154
54 83 0.16
54 84 0.154
54 85 0.115
54 88 0.165
54 61 0.171
54 63 0.122
54 86 0.168
54 92 0.116
54 98 0.157
54 58 0.133
54 71 0.147
54 82 0.149
54 87 0.127
54 89 0.16
54 93 0.176
55 59 1
55 58 0.947
55 77 0.101
55 98 0.151
55 73 0.107
55 74 0.227
55 95 0.123
55 65 0.209
55 79 0.156
55 92 0.088
55 99 0.199
55 56 0.052
55 89 0.114
55 64 0.226
55 71 0.119
55 82 0.222
55 91 0.313
55 96 0.177
55 62 0.215
55 75 0.142
55 84 0.13
55 87 0.197
55 97 0.133
56 59 0.684
56 60 0.764
56 62 0.567
56 67 0.651
56 61 0.045
56 74 0.164
56 91 0.165
56 65 0.196
56 87 0.124
56 58 0.156
56 70 0.156
56 80 0.149
56 94 0.046
56 95 0.175
56 73 0.185
56 77 0.158
56 93 0.17
56 57 0.113
56 68 0.17
56 71 0.152
56 72 0.176
56 79 0.122
56 82 0.142
56 88 0.145
56 89 0.136
56 96 0.132
56 98 0.233
57 58 0.713
57 90 0.117
57 75 0.129
57 76 0.155
57 62 0.154
57 68 0.131
57 77 0.181
57 82 0.094
57 85 0.141
57 96 0.064
57 70 0.202
57 88 0.165
57 65 0.107
57 69 0.156
57 87 0.123
57 98 0.13
57 59 0.185
57 60 0.204
57 61 0.192
57 63 0.127
57 67 0.142
57 73 0.16
57 86 0.16
57 89 0.121
57 94 0.17
58 97 0.863
58 76 0.145
58 96 0.156
58 81 0.158
58 60 0.125
58 62 0.08
58 77 0.154
58 82 0.114
58 95 0.112
58 99 0.165
58 61 0.189
58 64 0.113
58 69 0.238
58 86 0.122
58 98 0.154
58 75 0.134
58 79 0.151
58 84 0.099
58 87 0.09
58 91 0.144
58 92 0.181
58 94 0.121
59 96 0.513
59 74 1
59 63 0.124
59 73 0.174
59 83 0.091
59 94 0.174
59 75 0.168
59 60 0.122
59 62 0.107
59 79 0.135
59 87 0.11
59 97 0.176
59 66 0.176
59 68 0.169
59 70 0.153
59 78 0.156
59 84 0.18
59 90 0.122
59 91 0.186
59 92 0.178
59 93 0.162
59 98 0.164
60 63 0.021
60 82 0.248
60 95 0.186
60 83 0.122
60 98 0.159
60 70 0.069
60 73 0.051
60 76 0.15
60 79 0.139
60 80 0.163
60 88 0.17
60 62 0.129
60 64 0.166
60 77 0.12
60 94 0.117
60 99 0.152
60 84 0.126
60 86 0.122
60 87 0.157
60 90 0.128
60 93 0.147
60 97 0.15
61 64 0.503
61 68 0.722
61 79 0.996
61 91 0.057
61 96 0.109
61 63 0.155
61 67 0.124
61 72 0.307
61 92 0.091
61 73 0.152
61 65 0.127
61 81 0.147
61 90 0.161
61 93 0.225
61 74 0.152
61 99 0.178
61 66 0.196
61 70 0.175
61 71 0.176
61 76 0.145
61 78 0.128
61 80 0.138
61 87 0.103
61 94 0.168
61 97 0.157
62 77 0.766
62 82 0.833
62 83 0.185
62 99 0.146
62 65 0.143
62 73 0.094
62 76 0.139
62 63 0.179
62 79 0.107
62 85 0.108
62 97 0.017
62 69 0.196
62 74 0.148
62 66 0.11
62 71 0.208
62 75 0.14
62 81 0.104
62 84 0.149
62 91 0.147
62 92 0.145
62 95 0.189
62 90 0.131
62 93 0.169
62 94 0.177
63 78 0.894
63 83 0.795
63 93 0.167
63 86 0.253
63 92 0.114
63 65 0.033
63 72 0.118
63 82 0.126
63 85 0.183
63 87 0.11
63 91 0.106
63 74 0.213
63 75 0.191
63 96 0.149
63 99 0.162
63 71 0.167
63 81 0.148
63 94 0.189
63 98 0.142
64 83 0.1
64 74 0.12
64 73 0.15
64 77 0.111
64 68 0.153
64 71 0.132
64 72 0.138
64 76 0.117
64 90 0.126
64 92 0.136
64 93 0.202
64 97 0.114
64 98 0.166
64 65 0.2
64 75 0.146
64 79 0.128
64 80 0.209
64 96 0.167
64 99 0.162
65 81 0.184
65 91 0.202
65 96 0.131
65 94 0.269
65 73 0.108
65 69 0.143
65 87 0.166
65 66 0.155
65 79 0.122
65 82 0.187
65 86 0.166
65 89 0.198
65 90 0.187
65 68 0.082
65 70 0.155
65 75 0.144
65 76 0.168
65 78 0.099
65 84 0.153
66 93 0.16
66 71 0.143
66 84 0.162
66 92 0.081
66 97 0.186
66 77 0.142
66 98 0.157
66 67 0.116
66 68 0.16
66 96 0.226
66 99 0.156
66 81 0.182
66 91 0.184
66 95 0.127
66 73 0.096
66 90 0.177
66 74 0.163
66 79 0.114
66 83 0.164
66 88 0.135
66 94 0.172
67 78 0.191
67 71 0.233
67 93 0.141
67 86 0.177
67 92 0.088
67 97 0.154
67 85 0.116
67 90 0.11
67 69 0.168
67 73 0.136
67 75 0.096
67 77 0.183
67 79 0.114
67 81 0.14
67 82 0.106
67 83 0.127
67 87 0.139
68 92 0.85
68 82 0.195
68 71 0.086
68 80 0.147
68 90 0.129
68 83 0.275
68 86 0.157
68 91 0.14
68 70 0.114
68 74 0.165
68 78 0.128
68 79 0.174
68 95 0.147
68 96 0.141
68 97 0.196
68 98 0.085
68 72 0.188
68 75 0.148
68 77 0.129
68 81 0.144
68 84 0.148
68 88 0.165
69 77 0.914
69 82 0.941
69 85 0.927
69 98 0.801
69 93 0.171
69 73 0.132
69 81 0.243
69 97 0.098
69 96 0.196
69 78 0.287
69 91 0.192
69 72 0.145
69 75 0.177
69 90 0.138
69 74 0.144
69 76 0.126
69 83 0.141
69 84 0.137
69 88 0.187
69 94 0.139
69 99 0.177
70 85 0.22
70 94 0.182
70 93 0.152
70 79 0.233
70 88 0.07
70 84 0.089
70 91 0.177
70 77 0.165
70 97 0.104
70 74 0.159
70 80 0.131
70 82 0.16
70 87 0.115
70 90 0.135
70 99 0.167
70 89 0.166
70 92 0.212
70 95 0.156
70 96 0.098
71 81 0.772
71 72 0.293
71 78 0.154
71 91 0.177
71 76 0.196
71 79 0.134
71 82 0.096
71 83 0.019
71 86 0.145
71 88 0.107
71 85 0.134
71 90 0.186
71 97 0.083
71 74 0.176
71 80 0.164
71 89 0.152
71 93 0.124
71 98 0.112
72 93 0.156
72 79 0.129
72 77 0.124
72 82 0.209
72 81 0.195
72 98 0.156
72 74 0.131
72 86 0.161
72 95 0.172
72 97 0.043
72 99 0.126
72 76 0.185
72 90 0.145
72 91 0.101
73 83 0.931
73 81 0.153
73 79 0.144
73 86 0.082
73 87 0.162
73 92 0.181
73 89 0.097
73 94 0.216
73 96 0.121
73 97 0.143
73 74 0.149
73 80 0.141
73 82 0.109
73 85 0.173
73 95 0.153
74 81 0.99
74 90 0.753
74 88 0.959
74 86 0.281
74 78 0.214
74 92 0.201
74 77 0.183
74 96 0.138
74 85 0.148
74 89 0.184
74 91 0.127
74 99 0.182
75 87 0.638
75 77 0.182
75 95 0.091
75 97 0.191
75 78 0.093
75 80 0.131
75 85 0.23
75 99 0.108
75 94 0.134
75 82 0.216
75 91 0.221
75 96 0.144
76 81 0.679
76 84 0.21
76 87 0.188
76 91 0.082
76 96 0.157
76 90 0.131
76 77 0.15
76 80 0.124
76 88 0.14
76 83 0.101
76 85 0.14
76 86 0.149
76 97 0.182
77 91 1
77 81 0.075
77 90 0.161
77 92 0.176
77 96 0.167
77 99 0.189
77 89 0.208
77 79 0.119
77 82 0.125
77 88 0.21
77 86 0.163
77 87 0.094
77 93 0.118
77 95 0.144
77 98 0.13
78 82 0.137
78 91 0.189
78 94 0.159
78 80 0.146
78 96 0.182
78 81 0.223
78 83 0.12
78 88 0.203
78 93 0.149
78 79 0.085
78 92 0.14
78 98 0.194
79 87 0.198
79 90 0.15
79 95 0.189
79 92 0.07
79 83 0.174
79 93 0.148
79 96 0.156
79 81 0.121
79 84 0.099
79 88 0.122
79 82 0.181
80 94 0.325
80 96 0.151
80 89 0.149
80 82 0.175
80 86 0.195
80 87 0.165
80 88 0.125
80 91 0.126
80 98 0.063
81 83 0.847
81 94 0.293
81 84 0.116
81 89 0.215
81 87 0.09
81 92 0.175
81 95 0.136
81 99 0.134
81 86 0.136
81 90 0.102
81 91 0.147
81 93 0.161
81 96 0.131
82 97 0.167
82 92 0.202
82 84 0.147
82 87 0.169
82 83 0.182
82 91 0.184
82 93 0.179
82 99 0.131
83 94 0.934
83 99 0.18
83 86 0.139
83 84 0.231
83 91 0.16
83 96 0.1
83 85 0.138
83 87 0.138
83 90 0.177
83 89 0.203
83 92 0.155
83 95 0.14
83 97 0.186
84 89 0.187
84 91 0.166
84 95 0.181
84 85 0.12
84 87 0.229
84 94 0.135
84 88 0.193
84 96 0.164
84 98 0.187
85 95 0.026
85 93 0.242
85 91 0.139
85 94 0.116
85 90 0.179
85 86 0.101
85 87 0.308
85 97 0.154
85 89 0.167
85 99 0.174
86 97 0.107
86 90 0.14
86 88 0.209
86 89 0.058
86 92 0.178
86 96 0.161
86 93 0.133
86 95 0.148
86 98 0.127
86 99 0.172
87 89 0.172
87 96 0.128
87 95 0.15
87 97 0.175
87 88 0.135
87 90 0.125
87 92 0.128
87 93 0.15
88 95 0.177
88 97 0.155
88 99 0.163
88 93 0.145
88 91 0.15
88 98 0.126
88 89 0.111
88 92 0.229
89 99 0.187
89 97 0.151
90 97 0.197
90 93 0.147
90 94 0.175
90 96 0.16
90 91 0.15
90 95 0.138
91 97 0.144
91 93 0.185
91 99 0.156
91 94 0.097
91 96 0.134
92 97 0.177
92 99 0.171
92 95 0.154
93 96 0.133
93 97 0.131
93 99 0.193
94 95 0.166
94 96 0.196
94 99 0.147
95 96 0.135
96 97 0.19
96 99 0.141
