0 56 0.907
0 15 0.03
0 61 0.171
0 29 0.177
0 67 0.14
0 73 0.012
0 75 0.171
0 46 0.103
0 74 0.138
0 55 0.094
0 6 0.086
0 48 0.124
0 4 0.173
0 13 0.121
0 14 0.13
0 62 0.111
0 3 0.182
0 7 0.132
0 10 0.089
0 17 0.181
0 30 0.073
0 32 0.102
0 36 0.252
0 37 0.126
0 85 0.271
0 11 0.1
0 12 0.161
0 31 0.169
0 59 0.191
0 77 0.148
0 18 0.146
0 35 0.19
0 50 0.167
0 54 0.092
0 70 0.141
0 81 0.188
0 86 0.097
0 89 0.12
0 99 0.181
0 2 0.178
0 9 0.144
0 16 0.215
0 21 0.17
0 24 0.166
0 25 0.175
0 26 0.145
0 27 0.164
0 28 0.149
0 41 0.196
0 42 0.13
0 43 0.146
0 49 0.216
0 51 0.106
0 64 0.128
0 66 0.145
0 76 0.172
0 78 0.134
0 83 0.133
0 87 0.154
0 93 0.126
0 97 0.149
1 35 0.899
1 84 0.759
1 30 0.058
1 43 0.22
1 54 0.196
1 63 0.238
1 73 0.198
1 92 0.153
1 23 0.027
1 40 0.142
1 42 0.13
1 6 0.169
1 21 0.191
1 26 0.156
1 39 0.129
1 48 0.108
1 64 0.128
1 71 0.215
1 78 0.222
1 2 0.106
1 3 0.215
1 41 0.179
1 60 0.197
1 76 0.131
1 88 0.155
1 91 0.192
1 96 0.208
1 4 0.138
1 7 0.167
1 27 0.256
1 31 0.182
1 46 0.14
1 47 0.182
1 52 0.107
1 53 0.128
1 79 0.15
1 90 0.153
1 94 0.133
1 99 0.143
1 5 0.162
1 9 0.164
1 19 0.199
1 28 0.15
1 32 0.168
1 33 0.134
1 36 0.132
1 38 0.172
1 44 0.182
1 49 0.153
1 56 0.18
1 58 0.116
1 62 0.144
1 68 0.114
1 75 0.108
1 80 0.219
1 85 0.102
1 87 0.136
1 95 0.096
1 97 0.182
2 48 1.0
2 96 0.735
2 28 0.98
2 97 0.145
2 98 0.124
2 25 0.153
2 46 0.099
2 36 0.224
2 39 0.212
2 19 0.172
2 22 0.143
2 33 0.216
2 7 0.138
2 72 0.134
2 31 0.1
2 55 0.158
2 57 0.196
2 77 0.131
2 23 0.071
2 27 0.109
2 30 0.143
2 52 0.162
2 59 0.138
2 68 0.171
2 90 0.223
2 3 0.181
2 4 0.177
2 10 0.166
2 13 0.249
2 20 0.149
2 37 0.212
2 47 0.144
2 53 0.11
2 54 0.146
2 58 0.146
2 62 0.1
2 74 0.155
2 76 0.183
2 93 0.125
2 24 0.11
2 45 0.143
2 61 0.129
2 63 0.205
2 65 0.222
2 67 0.168
2 75 0.168
2 80 0.136
2 89 0.114
2 95 0.138
3 39 0.929
3 66 0.218
3 67 0.096
3 32 0.143
3 93 0.113
3 13 0.041
3 95 0.113
3 34 0.1
3 10 0.123
3 14 0.135
3 16 0.102
3 19 0.042
3 27 0.149
3 28 0.18
3 42 0.156
3 54 0.143
3 60 0.238
3 69 0.258
3 85 0.204
3 91 0.148
3 99 0.163
3 4 0.224
3 24 0.121
3 58 0.156
3 74 0.257
3 17 0.154
3 18 0.161
3 26 0.14
3 31 0.115
3 40 0.141
3 59 0.176
3 71 0.163
3 76 0.096
3 77 0.19
3 84 0.097
3 86 0.166
3 87 0.142
3 7 0.151
3 12 0.179
3 21 0.184
3 41 0.19
3 44 0.151
3 45 0.135
3 48 0.17
3 56 0.191
3 64 0.114
3 72 0.173
3 78 0.111
3 80 0.112
3 82 0.089
3 94 0.2
3 96 0.178
3 98 0.202
4 46 0.927
4 92 0.593
4 7 0.124
4 67 0.199
4 21 0.124
4 34 0.217
4 23 0.199
4 9 0.125
4 72 0.141
4 5 0.148
4 44 0.163
4 57 0.14
4 66 0.126
4 74 0.172
4 24 0.111
4 36 0.126
4 45 0.065
4 49 0.154
4 61 0.191
4 96 0.126
4 28 0.148
4 30 0.137
4 42 0.13
4 47 0.088
4 78 0.131
4 6 0.159
4 10 0.156
4 12 0.075
4 13 0.164
4 19 0.132
4 32 0.157
4 39 0.155
4 54 0.169
4 56 0.152
4 71 0.152
4 73 0.126
4 95 0.128
4 98 0.189
4 8 0.163
4 26 0.193
4 29 0.172
4 37 0.118
4 40 0.164
4 62 0.145
4 79 0.128
4 81 0.131
4 82 0.155
4 83 0.15
4 84 0.156
4 90 0.159
4 93 0.14
4 97 0.174
5 64 0.994
5 81 0.908
5 62 0.911
5 13 0.158
5 58 0.256
5 66 0.188
5 46 0.1
5 48 0.183
5 99 0.164
5 11 0.234
5 27 0.114
5 44 0.248
5 70 0.159
5 71 0.16
5 79 0.117
5 9 0.124
5 33 0.164
5 59 0.153
5 65 0.145
5 72 0.165
5 73 0.096
5 74 0.142
5 78 0.16
5 83 0.152
5 96 0.149
5 98 0.168
5 6 0.218
5 7 0.126
5 18 0.086
5 26 0.159
5 43 0.054
5 51 0.234
5 68 0.133
5 69 0.127
5 97 0.146
5 17 0.21
5 20 0.122
5 21 0.138
5 22 0.131
5 28 0.122
5 30 0.133
5 32 0.136
5 35 0.152
5 38 0.122
5 42 0.12
5 47 0.138
5 60 0.165
5 63 0.155
5 87 0.146
5 90 0.15
5 93 0.174
6 10 0.672
6 77 0.074
6 94 0.133
6 87 0.112
6 79 0.186
6 93 0.156
6 30 0.21
6 36 0.088
6 50 0.162
6 63 0.101
6 83 0.117
6 84 0.14
6 12 0.1
6 16 0.137
6 28 0.298
6 43 0.105
6 61 0.153
6 90 0.104
6 7 0.232
6 32 0.214
6 52 0.254
6 58 0.21
6 11 0.117
6 26 0.196
6 39 0.152
6 66 0.164
6 72 0.175
6 80 0.175
6 99 0.181
6 9 0.151
6 29 0.172
6 34 0.124
6 35 0.167
6 37 0.09
6 38 0.119
6 47 0.185
6 62 0.148
6 68 0.166
6 73 0.181
6 76 0.177
6 82 0.191
6 88 0.142
6 96 0.132
6 98 0.096
6 17 0.148
6 22 0.126
6 31 0.137
6 42 0.137
6 44 0.157
6 56 0.143
6 57 0.167
6 69 0.209
6 71 0.189
6 91 0.143
6 92 0.15
7 79 1
7 27 0.29
7 25 0.237
7 22 0.204
7 39 0.015
7 99 0.1
7 57 0.173
7 41 0.173
7 66 0.183
7 70 0.162
7 24 0.161
7 56 0.182
7 84 0.177
7 87 0.147
7 14 0.115
7 36 0.162
7 77 0.216
7 16 0.159
7 19 0.111
7 31 0.166
7 47 0.131
7 52 0.143
7 61 0.082
7 62 0.165
7 65 0.174
7 71 0.207
7 74 0.154
7 76 0.129
7 89 0.153
7 95 0.06
7 12 0.2
7 18 0.185
7 21 0.183
7 23 0.205
7 26 0.113
7 28 0.083
7 29 0.18
7 30 0.151
7 35 0.152
7 38 0.185
7 42 0.176
7 46 0.129
7 54 0.183
7 59 0.168
7 68 0.129
7 73 0.13
7 80 0.171
7 82 0.098
7 83 0.151
7 85 0.147
7 91 0.156
7 92 0.126
7 96 0.179
8 47 0.736
8 51 0.961
8 99 0.845
8 75 0.929
8 38 0.12
8 22 0.212
8 62 0.164
8 98 0.154
8 48 0.153
8 36 0.152
8 41 0.109
8 79 0.14
8 90 0.11
8 28 0.149
8 50 0.202
8 54 0.117
8 58 0.163
8 64 0.217
8 71 0.169
8 97 0.179
8 19 0.123
8 35 0.225
8 40 0.162
8 76 0.157
8 77 0.144
8 81 0.108
8 96 0.116
8 23 0.158
8 25 0.13
8 45 0.039
8 46 0.21
8 49 0.129
8 80 0.193
8 84 0.175
8 92 0.187
8 94 0.123
8 10 0.166
8 12 0.122
8 16 0.133
8 26 0.166
8 30 0.171
8 31 0.136
8 34 0.169
8 53 0.192
8 57 0.149
8 59 0.142
8 67 0.126
8 68 0.157
8 69 0.166
8 74 0.118
8 85 0.146
8 91 0.118
9 78 0.754
9 49 0.72
9 57 0.887
9 63 0.607
9 98 0.943
9 43 0.098
9 87 0.266
9 21 0.107
9 18 0.106
9 47 0.252
9 64 0.125
9 83 0.31
9 44 0.137
9 53 0.146
9 54 0.098
9 19 0.156
9 26 0.149
9 39 0.183
9 40 0.132
9 45 0.158
9 58 0.203
9 79 0.221
9 85 0.148
9 32 0.176
9 70 0.173
9 84 0.138
9 90 0.189
9 92 0.171
9 95 0.235
9 38 0.165
9 55 0.1
9 74 0.103
9 80 0.171
9 81 0.147
9 15 0.166
9 24 0.194
9 36 0.135
9 61 0.15
9 66 0.145
9 67 0.172
9 82 0.1
9 93 0.159
9 94 0.153
10 47 1
10 49 0.946
10 62 0.674
10 70 0.893
10 97 0.911
10 87 0.553
10 60 0.124
10 45 0.164
10 74 0.141
10 24 0.17
10 44 0.186
10 52 0.177
10 56 0.135
10 12 0.161
10 98 0.113
10 40 0.177
10 41 0.132
10 53 0.154
10 78 0.157
10 21 0.148
10 37 0.091
10 46 0.104
10 50 0.129
10 54 0.207
10 72 0.156
10 82 0.119
10 92 0.103
10 94 0.146
10 20 0.201
10 22 0.146
10 27 0.15
10 32 0.157
10 59 0.163
10 66 0.125
10 69 0.148
10 81 0.165
10 90 0.156
10 15 0.13
10 17 0.164
10 18 0.114
10 19 0.134
10 28 0.127
10 29 0.145
10 43 0.149
10 51 0.179
10 55 0.122
10 57 0.128
10 61 0.185
10 79 0.176
10 83 0.187
10 85 0.18
10 88 0.153
11 46 0.735
11 55 0.121
11 39 0.073
11 81 0.149
11 43 0.157
11 66 0.142
11 35 0.132
11 80 0.148
11 40 0.169
11 51 0.108
11 62 0.126
11 13 0.241
11 18 0.163
11 19 0.164
11 22 0.155
11 23 0.074
11 29 0.183
11 30 0.169
11 37 0.229
11 45 0.199
11 63 0.125
11 68 0.173
11 74 0.17
11 17 0.146
11 20 0.159
11 32 0.145
11 47 0.146
11 53 0.135
11 57 0.133
11 61 0.161
11 69 0.139
11 72 0.171
11 73 0.112
11 82 0.159
11 93 0.116
11 98 0.148
11 25 0.073
11 26 0.186
11 27 0.127
11 50 0.173
11 56 0.172
11 59 0.213
11 60 0.132
11 76 0.14
11 84 0.181
11 90 0.149
11 94 0.16
11 99 0.127
12 88 1
12 90 0.883
12 96 0.682
12 73 0.579
12 46 0.114
12 94 0.11
12 23 0.203
12 91 0.074
12 14 0.132
12 41 0.114
12 39 0.155
12 56 0.155
12 78 0.18
12 18 0.124
12 30 0.207
12 31 0.105
12 50 0.166
12 67 0.146
12 74 0.193
12 76 0.172
12 99 0.169
12 15 0.146
12 16 0.157
12 17 0.12
12 38 0.22
12 42 0.202
12 48 0.166
12 54 0.093
12 57 0.127
12 68 0.18
12 82 0.193
12 85 0.218
12 86 0.138
12 98 0.189
12 21 0.24
12 24 0.177
12 35 0.099
12 43 0.165
12 44 0.148
12 51 0.075
12 64 0.183
12 66 0.114
12 70 0.231
12 77 0.185
12 20 0.165
12 22 0.159
12 26 0.127
12 34 0.127
12 45 0.094
12 55 0.164
12 59 0.17
12 61 0.152
12 62 0.17
12 69 0.189
12 71 0.211
12 83 0.159
12 84 0.165
12 92 0.144
13 48 0.721
13 79 0.776
13 70 1
13 17 0.251
13 72 0.178
13 31 0.16
13 81 0.225
13 96 0.097
13 14 0.074
13 84 0.313
13 86 0.2
13 91 0.254
13 51 0.223
13 56 0.192
13 77 0.175
13 95 0.171
13 37 0.149
13 41 0.271
13 53 0.109
13 59 0.13
13 94 0.182
13 40 0.086
13 55 0.125
13 15 0.127
13 20 0.182
13 47 0.219
13 57 0.137
13 62 0.109
13 75 0.14
13 89 0.129
13 97 0.138
13 18 0.132
13 23 0.196
13 32 0.123
13 33 0.178
13 34 0.181
13 35 0.061
13 42 0.157
13 61 0.128
13 65 0.156
13 67 0.15
13 74 0.152
13 80 0.199
13 82 0.191
13 88 0.153
13 98 0.197
14 63 0.667
14 71 0.943
14 78 0.856
14 50 0.062
14 25 0.16
14 41 0.315
14 93 0.025
14 91 0.045
14 19 0.153
14 39 0.214
14 55 0.163
14 70 0.106
14 77 0.186
14 59 0.145
14 16 0.119
14 22 0.188
14 23 0.143
14 46 0.068
14 61 0.044
14 65 0.161
14 82 0.15
14 84 0.138
14 87 0.165
14 97 0.297
14 15 0.146
14 17 0.194
14 21 0.153
14 27 0.113
14 30 0.158
14 34 0.184
14 51 0.125
14 52 0.153
14 66 0.084
14 73 0.109
14 90 0.174
14 24 0.123
14 29 0.112
14 36 0.132
14 40 0.167
14 44 0.11
14 68 0.155
14 69 0.149
14 81 0.128
14 85 0.178
14 92 0.094
15 77 0.723
15 80 1
15 39 0.913
15 41 0.068
15 98 0.078
15 57 0.09
15 71 0.209
15 60 0.251
15 59 0.137
15 95 0.153
15 20 0.178
15 24 0.135
15 38 0.19
15 55 0.088
15 63 0.254
15 69 0.042
15 83 0.149
15 25 0.155
15 29 0.13
15 72 0.136
15 86 0.053
15 99 0.183
15 16 0.162
15 26 0.168
15 61 0.14
15 70 0.173
15 74 0.214
15 89 0.115
15 90 0.164
15 28 0.155
15 33 0.147
15 36 0.123
15 37 0.153
15 42 0.179
15 44 0.143
15 53 0.118
15 65 0.143
15 84 0.141
15 22 0.132
15 34 0.12
15 40 0.158
15 48 0.124
15 62 0.165
15 67 0.105
15 73 0.138
15 82 0.193
15 92 0.138
15 93 0.132
15 96 0.201
16 81 0.16
16 31 0.191
16 76 0.154
16 49 0.108
16 59 0.145
16 55 0.106
16 86 0.142
16 56 0.26
16 66 0.207
16 70 0.03
16 28 0.182
16 32 0.155
16 52 0.297
16 85 0.17
16 94 0.161
16 20 0.13
16 21 0.186
16 22 0.135
16 25 0.152
16 67 0.153
16 68 0.185
16 95 0.168
16 18 0.067
16 24 0.128
16 51 0.163
16 73 0.134
16 77 0.136
16 90 0.112
16 91 0.15
16 93 0.142
16 29 0.171
16 33 0.137
16 35 0.126
16 37 0.183
16 39 0.156
16 40 0.166
16 46 0.139
16 47 0.163
16 54 0.112
16 58 0.136
16 60 0.138
16 71 0.156
16 72 0.148
16 74 0.118
16 78 0.131
16 79 0.095
16 80 0.113
16 87 0.127
16 97 0.182
17 38 0.124
17 41 0.251
17 56 0.252
17 49 0.131
17 59 0.184
17 65 0.213
17 87 0.15
17 19 0.28
17 23 0.211
17 36 0.241
17 66 0.184
17 76 0.055
17 98 0.112
17 54 0.135
17 58 0.2
17 61 0.141
17 69 0.145
17 81 0.149
17 85 0.151
17 90 0.122
17 92 0.085
17 94 0.175
17 25 0.097
17 39 0.103
17 64 0.147
17 71 0.137
17 34 0.091
17 45 0.175
17 47 0.144
17 48 0.149
17 50 0.244
17 60 0.182
17 84 0.124
17 97 0.159
17 18 0.195
17 21 0.166
17 28 0.163
17 30 0.164
17 35 0.162
17 42 0.16
17 44 0.174
17 51 0.16
17 53 0.177
17 55 0.15
17 62 0.163
17 72 0.132
17 73 0.181
17 79 0.167
17 80 0.135
17 86 0.157
17 89 0.13
17 91 0.123
18 79 0.996
18 46 0.799
18 89 0.685
18 69 0.669
18 76 0.091
18 73 0.052
18 93 0.158
18 32 0.161
18 50 0.13
18 87 0.144
18 88 0.194
18 41 0.165
18 51 0.129
18 94 0.126
18 26 0.142
18 43 0.07
18 78 0.167
18 36 0.168
18 55 0.146
18 83 0.187
18 97 0.168
18 24 0.086
18 27 0.184
18 30 0.159
18 61 0.15
18 62 0.142
18 64 0.202
18 67 0.148
18 70 0.121
18 72 0.184
18 74 0.181
18 75 0.122
18 85 0.168
18 86 0.154
18 95 0.161
18 28 0.171
18 29 0.138
18 31 0.127
18 40 0.117
18 45 0.182
18 49 0.16
18 52 0.149
18 54 0.177
18 56 0.212
18 57 0.175
18 68 0.195
18 71 0.148
18 84 0.176
18 91 0.18
19 48 0.95
19 66 0.219
19 32 0.144
19 62 0.065
19 88 0.17
19 93 0.179
19 97 0.133
19 36 0.184
19 49 0.126
19 26 0.069
19 60 0.198
19 77 0.076
19 94 0.087
19 89 0.147
19 28 0.139
19 30 0.132
19 35 0.14
19 43 0.148
19 53 0.15
19 65 0.191
19 69 0.121
19 73 0.122
19 90 0.127
19 91 0.194
19 22 0.109
19 27 0.149
19 37 0.145
19 41 0.179
19 45 0.172
19 52 0.116
19 56 0.135
19 21 0.148
19 25 0.108
19 33 0.145
19 34 0.159
19 47 0.136
19 51 0.108
19 54 0.151
19 58 0.173
19 61 0.152
19 63 0.117
19 64 0.182
19 68 0.132
19 74 0.112
19 75 0.119
19 85 0.194
19 95 0.121
19 99 0.154
20 73 0.843
20 69 0.908
20 28 0.223
20 32 0.304
20 37 0.277
20 70 0.023
20 96 0.167
20 67 0.133
20 82 0.168
20 84 0.131
20 57 0.044
20 61 0.136
20 93 0.196
20 34 0.16
20 98 0.065
20 30 0.153
20 48 0.131
20 62 0.108
20 66 0.186
20 72 0.21
20 95 0.174
20 97 0.228
20 26 0.218
20 33 0.147
20 42 0.17
20 45 0.206
20 52 0.091
20 54 0.128
20 22 0.17
20 38 0.151
20 40 0.103
20 46 0.162
20 56 0.139
20 58 0.196
20 63 0.172
20 68 0.099
20 71 0.218
20 76 0.181
20 77 0.161
20 86 0.184
20 92 0.147
20 94 0.151
21 27 0.066
21 48 0.243
21 35 0.074
21 58 0.164
21 71 0.109
21 73 0.242
21 96 0.262
21 65 0.103
21 94 0.121
21 23 0.303
21 31 0.151
21 49 0.154
21 91 0.123
21 30 0.202
21 38 0.171
21 41 0.153
21 54 0.113
21 75 0.177
21 76 0.177
21 89 0.072
21 98 0.2
21 37 0.114
21 68 0.109
21 29 0.169
21 33 0.194
21 39 0.204
21 40 0.147
21 61 0.124
21 24 0.179
21 52 0.159
21 80 0.045
21 83 0.174
21 95 0.104
21 25 0.127
21 42 0.197
21 44 0.176
21 46 0.193
21 51 0.16
21 53 0.183
21 56 0.156
21 59 0.18
21 60 0.112
21 63 0.191
21 67 0.055
21 70 0.159
21 81 0.148
21 93 0.109
21 97 0.189
22 37 0.921
22 23 0.634
22 52 0.179
22 92 0.297
22 70 0.082
22 56 0.038
22 33 0.161
22 68 0.21
22 66 0.191
22 95 0.141
22 27 0.062
22 28 0.151
22 58 0.075
22 61 0.123
22 67 0.037
22 89 0.154
22 93 0.169
22 47 0.13
22 83 0.107
22 39 0.136
22 44 0.208
22 59 0.105
22 88 0.197
22 99 0.168
22 40 0.197
22 45 0.145
22 55 0.151
22 57 0.072
22 24 0.124
22 26 0.151
22 29 0.112
22 38 0.171
22 46 0.134
22 49 0.135
22 53 0.145
22 62 0.134
22 63 0.151
22 71 0.133
22 72 0.137
22 73 0.185
22 87 0.154
22 91 0.202
22 97 0.13
22 98 0.158
23 87 0.202
23 80 0.156
23 97 0.203
23 36 0.177
23 49 0.156
23 34 0.135
23 35 0.175
23 57 0.121
23 90 0.087
23 33 0.239
23 37 0.165
23 43 0.123
23 56 0.16
23 59 0.144
23 69 0.167
23 95 0.158
23 28 0.143
23 29 0.098
23 58 0.203
23 62 0.119
23 66 0.086
23 76 0.175
23 24 0.162
23 27 0.143
23 30 0.135
23 32 0.137
23 44 0.146
23 45 0.177
23 51 0.169
23 54 0.172
23 61 0.13
23 71 0.179
23 72 0.115
23 74 0.185
23 83 0.153
23 94 0.128
23 39 0.156
23 41 0.097
23 46 0.143
23 48 0.136
23 50 0.147
23 52 0.168
23 55 0.187
23 60 0.163
23 79 0.155
23 81 0.189
23 86 0.088
23 98 0.156
24 33 0.66
24 42 0.677
24 41 1
24 61 0.052
24 86 0.18
24 28 0.171
24 94 0.126
24 98 0.251
24 35 0.135
24 75 0.1
24 64 0.195
24 87 0.136
24 69 0.077
24 78 0.107
24 29 0.099
24 84 0.151
24 91 0.26
24 92 0.153
24 93 0.089
24 27 0.133
24 43 0.144
24 46 0.131
24 52 0.149
24 65 0.142
24 70 0.189
24 85 0.076
24 25 0.194
24 26 0.114
24 30 0.13
24 34 0.228
24 38 0.128
24 40 0.103
24 44 0.148
24 45 0.111
24 55 0.21
24 56 0.144
24 57 0.15
24 58 0.154
24 63 0.157
24 66 0.097
24 68 0.134
24 76 0.143
24 79 0.172
24 89 0.124
24 95 0.106
24 96 0.175
24 97 0.141
25 39 0.674
25 30 0.146
25 68 0.156
25 74 0.252
25 91 0.137
25 40 0.067
25 33 0.139
25 49 0.087
25 76 0.129
25 42 0.161
25 51 0.18
25 55 0.173
25 62 0.188
25 69 0.169
25 34 0.115
25 52 0.152
25 73 0.168
25 78 0.073
25 90 0.075
25 96 0.223
25 29 0.183
25 32 0.136
25 36 0.152
25 41 0.12
25 43 0.157
25 58 0.163
25 64 0.169
25 71 0.224
25 72 0.156
25 75 0.124
25 95 0.18
25 97 0.161
25 99 0.147
25 35 0.138
25 46 0.166
25 54 0.139
25 56 0.163
25 70 0.174
25 82 0.183
26 57 0.861
26 34 0.949
26 67 0.145
26 38 0.233
26 46 0.102
26 94 0.178
26 62 0.125
26 61 0.098
26 54 0.135
26 59 0.214
26 63 0.116
26 64 0.157
26 88 0.177
26 27 0.148
26 33 0.173
26 60 0.167
26 72 0.209
26 84 0.108
26 99 0.176
26 30 0.211
26 42 0.177
26 48 0.194
26 53 0.137
26 56 0.13
26 73 0.143
26 83 0.208
26 85 0.128
26 36 0.222
26 49 0.122
26 66 0.221
26 81 0.104
26 86 0.168
26 93 0.158
26 43 0.157
26 47 0.192
26 65 0.116
26 68 0.154
26 74 0.158
26 77 0.125
26 78 0.135
26 80 0.162
26 82 0.167
26 95 0.092
26 96 0.129
27 79 0.858
27 92 1
27 49 0.08
27 86 0.213
27 94 0.279
27 66 0.125
27 52 0.208
27 96 0.147
27 75 0.167
27 80 0.094
27 41 0.117
27 47 0.188
27 56 0.251
27 73 0.117
27 91 0.107
27 42 0.132
27 46 0.144
27 67 0.129
27 84 0.11
27 97 0.154
27 28 0.136
27 30 0.138
27 31 0.136
27 58 0.145
27 64 0.192
27 81 0.189
27 83 0.164
27 29 0.173
27 33 0.172
27 35 0.148
27 45 0.146
27 53 0.113
27 55 0.13
27 59 0.141
27 70 0.142
27 74 0.146
27 78 0.141
27 82 0.127
27 88 0.175
27 89 0.128
27 95 0.137
27 98 0.169
28 36 0.773
28 50 0.767
28 66 0.775
28 81 0.895
28 62 0.114
28 58 0.093
28 93 0.045
28 76 0.264
28 80 0.139
28 96 0.249
28 83 0.152
28 38 0.121
28 47 0.189
28 56 0.079
28 68 0.111
28 30 0.178
28 31 0.132
28 51 0.23
28 63 0.112
28 67 0.125
28 73 0.106
28 75 0.187
28 37 0.157
28 45 0.158
28 49 0.21
28 65 0.158
28 82 0.205
28 89 0.052
28 94 0.185
28 99 0.135
28 41 0.151
28 48 0.135
28 52 0.161
28 54 0.183
28 55 0.13
28 57 0.158
28 61 0.088
28 64 0.229
28 71 0.179
28 78 0.145
28 84 0.206
28 87 0.107
28 88 0.154
28 91 0.136
28 92 0.162
28 95 0.138
29 50 0.071
29 97 0.166
29 41 0.167
29 46 0.217
29 67 0.264
29 70 0.18
29 78 0.127
29 43 0.043
29 48 0.199
29 88 0.16
29 38 0.152
29 39 0.117
29 44 0.068
29 63 0.146
29 30 0.114
29 31 0.183
29 65 0.188
29 83 0.16
29 96 0.087
29 37 0.097
29 49 0.135
29 59 0.153
29 75 0.127
29 77 0.143
29 80 0.17
29 90 0.168
29 91 0.151
29 52 0.172
29 55 0.174
29 62 0.167
29 68 0.141
29 81 0.152
29 32 0.111
29 35 0.163
29 40 0.141
29 42 0.147
29 45 0.177
29 58 0.138
29 60 0.175
29 69 0.167
29 71 0.117
29 79 0.162
29 87 0.157
29 98 0.242
30 31 1
30 83 0.874
30 92 0.748
30 68 0.743
30 74 0.133
30 53 0.147
30 33 0.176
30 97 0.056
30 40 0.215
30 47 0.175
30 62 0.177
30 79 0.184
30 71 0.109
30 94 0.185
30 43 0.168
30 37 0.143
30 54 0.127
30 61 0.155
30 73 0.01
30 77 0.154
30 81 0.119
30 84 0.153
30 98 0.125
30 34 0.132
30 49 0.174
30 50 0.164
30 51 0.144
30 57 0.067
30 58 0.158
30 63 0.118
30 65 0.157
30 67 0.123
30 80 0.178
30 85 0.166
30 86 0.118
30 91 0.144
31 73 1
31 61 0.072
31 38 0.14
31 43 0.118
31 76 0.046
31 95 0.176
31 47 0.141
31 75 0.142
31 83 0.108
31 85 0.059
31 88 0.183
31 98 0.14
31 99 0.139
31 35 0.189
31 36 0.147
31 39 0.171
31 56 0.14
31 63 0.022
31 64 0.064
31 70 0.157
31 72 0.166
31 77 0.149
31 37 0.168
31 41 0.157
31 48 0.149
31 50 0.128
31 53 0.131
31 59 0.171
31 62 0.237
31 90 0.146
31 91 0.136
31 94 0.231
31 42 0.158
31 44 0.163
31 46 0.148
31 67 0.167
31 69 0.177
31 71 0.158
31 80 0.151
31 87 0.149
31 92 0.163
31 96 0.136
31 97 0.151
32 94 0.955
32 35 0.813
32 34 0.172
32 87 0.141
32 93 0.383
32 51 0.212
32 66 0.137
32 69 0.077
32 80 0.167
32 38 0.115
32 81 0.137
32 98 0.143
32 33 0.11
32 36 0.191
32 45 0.143
32 49 0.181
32 75 0.16
32 53 0.245
32 60 0.077
32 78 0.166
32 89 0.123
32 92 0.141
32 99 0.206
32 39 0.122
32 57 0.143
32 58 0.2
32 73 0.135
32 86 0.174
32 47 0.084
32 48 0.166
32 50 0.16
32 55 0.13
32 59 0.189
32 68 0.135
32 72 0.139
32 83 0.121
32 84 0.185
33 55 0.714
33 81 0.617
33 37 0.139
33 73 0.208
33 85 0.142
33 67 0.236
33 76 0.286
33 45 0.159
33 87 0.188
33 43 0.194
33 66 0.165
33 75 0.085
33 91 0.351
33 48 0.174
33 57 0.086
33 70 0.066
33 88 0.194
33 46 0.191
33 64 0.221
33 72 0.153
33 78 0.135
33 82 0.191
33 84 0.171
33 97 0.139
33 35 0.136
33 38 0.126
33 47 0.094
33 52 0.093
33 62 0.144
33 65 0.158
33 68 0.22
33 71 0.163
33 74 0.129
33 77 0.122
33 80 0.192
33 90 0.154
33 98 0.177
33 99 0.154
34 53 0.126
34 93 0.054
34 39 0.178
34 72 0.179
34 63 0.162
34 75 0.097
34 78 0.144
34 38 0.191
34 57 0.197
34 67 0.106
34 87 0.158
34 65 0.159
34 73 0.116
34 89 0.194
34 43 0.163
34 45 0.161
34 49 0.133
34 60 0.152
34 62 0.05
34 85 0.16
34 94 0.144
34 46 0.179
34 56 0.097
34 74 0.128
34 79 0.297
34 80 0.121
34 82 0.14
34 88 0.14
34 97 0.216
34 36 0.151
34 40 0.143
34 50 0.142
34 55 0.153
34 59 0.178
34 61 0.174
34 64 0.191
34 76 0.115
34 83 0.163
34 91 0.165
34 99 0.176
35 38 0.732
35 86 0.925
35 48 0.084
35 81 0.14
35 90 0.11
35 51 0.302
35 59 0.155
35 76 0.032
35 56 0.162
35 72 0.159
35 99 0.133
35 47 0.237
35 62 0.156
35 88 0.204
35 91 0.171
35 52 0.136
35 66 0.144
35 95 0.347
35 53 0.171
35 74 0.207
35 75 0.098
35 83 0.133
35 87 0.151
35 93 0.128
35 94 0.141
35 97 0.136
35 37 0.125
35 41 0.154
35 67 0.15
35 69 0.14
35 71 0.139
35 79 0.163
35 39 0.12
35 45 0.157
35 54 0.112
35 61 0.149
35 77 0.218
35 98 0.134
36 84 0.929
36 50 0.945
36 60 0.176
36 85 0.227
36 56 0.077
36 93 0.189
36 48 0.126
36 61 0.196
36 64 0.188
36 78 0.095
36 82 0.179
36 59 0.198
36 62 0.172
36 53 0.08
36 79 0.193
36 40 0.134
36 46 0.1
36 55 0.137
36 80 0.159
36 91 0.119
36 41 0.169
36 45 0.166
36 47 0.146
36 49 0.099
36 52 0.124
36 70 0.123
36 74 0.171
36 83 0.195
36 90 0.187
36 92 0.184
36 96 0.113
36 38 0.189
36 43 0.142
36 44 0.198
36 65 0.163
36 73 0.174
36 75 0.152
36 81 0.159
37 47 1
37 63 0.725
37 88 0.256
37 85 0.122
37 72 0.122
37 66 0.164
37 77 0.23
37 97 0.164
37 46 0.188
37 89 0.215
37 73 0.166
37 99 0.127
37 50 0.152
37 51 0.193
37 58 0.192
37 60 0.137
37 61 0.143
37 64 0.115
37 74 0.202
37 78 0.138
37 98 0.129
37 41 0.185
37 45 0.1
37 48 0.118
37 49 0.197
37 53 0.196
37 59 0.149
37 68 0.167
37 70 0.138
37 71 0.157
37 82 0.15
37 86 0.113
37 90 0.148
37 91 0.133
37 95 0.149
37 96 0.145
38 68 0.976
38 42 0.074
38 52 0.092
38 75 0.287
38 49 0.122
38 62 0.093
38 66 0.018
38 92 0.121
38 39 0.156
38 48 0.047
38 65 0.213
38 54 0.201
38 72 0.186
38 87 0.17
38 63 0.119
38 96 0.13
38 99 0.088
38 56 0.145
38 58 0.138
38 70 0.186
38 77 0.153
38 90 0.155
38 93 0.168
38 95 0.159
38 41 0.144
38 46 0.145
38 57 0.154
38 59 0.138
38 78 0.151
38 79 0.143
38 84 0.148
38 85 0.182
38 86 0.145
39 56 0.158
39 59 0.085
39 81 0.127
39 50 0.253
39 43 0.11
39 53 0.137
39 84 0.118
39 90 0.144
39 98 0.113
39 40 0.151
39 46 0.141
39 69 0.094
39 78 0.199
39 79 0.136
39 82 0.162
39 96 0.095
39 48 0.069
39 58 0.139
39 62 0.166
39 65 0.114
39 86 0.199
39 95 0.157
39 45 0.126
39 51 0.154
39 52 0.195
39 60 0.124
39 63 0.153
39 80 0.104
39 83 0.161
39 89 0.111
39 92 0.158
39 97 0.174
39 99 0.197
40 84 0.25
40 61 0.258
40 82 0.173
40 55 0.142
40 98 0.152
40 60 0.216
40 72 0.174
40 81 0.149
40 89 0.125
40 47 0.082
40 48 0.14
40 49 0.218
40 65 0.123
40 69 0.094
40 73 0.138
40 80 0.159
40 97 0.182
40 43 0.148
40 74 0.135
40 75 0.134
40 76 0.125
40 91 0.129
40 42 0.184
40 58 0.12
40 62 0.155
40 70 0.216
40 85 0.143
40 87 0.156
40 88 0.169
40 92 0.146
41 75 0.749
41 74 1
41 54 0.098
41 66 0.187
41 80 0.234
41 63 0.136
41 58 0.176
41 61 0.084
41 89 0.184
41 96 0.148
41 98 0.236
41 60 0.139
41 93 0.08
41 62 0.121
41 83 0.138
41 87 0.23
41 46 0.184
41 48 0.176
41 64 0.078
41 65 0.178
41 69 0.133
41 72 0.158
41 79 0.149
41 85 0.131
41 95 0.149
41 97 0.269
41 47 0.171
41 55 0.136
41 56 0.191
41 59 0.127
41 68 0.147
41 81 0.221
41 86 0.166
42 44 0.886
42 88 0.193
42 99 0.205
42 80 0.208
42 54 0.258
42 48 0.134
42 70 0.152
42 87 0.232
42 73 0.132
42 51 0.143
42 58 0.178
42 55 0.119
42 63 0.066
42 86 0.169
42 93 0.174
42 46 0.139
42 50 0.188
42 57 0.152
42 59 0.146
42 61 0.134
42 74 0.096
42 78 0.143
42 92 0.162
42 47 0.136
42 53 0.199
42 56 0.115
42 65 0.166
42 66 0.202
42 68 0.176
42 72 0.133
42 75 0.168
42 91 0.208
42 96 0.198
43 46 0.621
43 61 0.8
43 57 0.13
43 97 0.111
43 91 0.137
43 53 0.232
43 45 0.073
43 76 0.072
43 87 0.081
43 93 0.113
43 94 0.128
43 51 0.128
43 63 0.108
43 74 0.165
43 77 0.156
43 59 0.141
43 60 0.17
43 62 0.124
43 73 0.144
43 80 0.151
43 84 0.12
43 86 0.094
43 90 0.145
43 52 0.206
43 69 0.156
43 71 0.179
43 81 0.158
43 82 0.146
43 85 0.153
44 53 0.112
44 48 0.148
44 75 0.044
44 72 0.12
44 76 0.06
44 78 0.104
44 67 0.128
44 81 0.16
44 82 0.153
44 83 0.157
44 54 0.178
44 90 0.216
44 47 0.127
44 56 0.152
44 64 0.161
44 68 0.183
44 69 0.153
44 70 0.138
44 71 0.148
44 77 0.16
44 85 0.167
45 56 0.968
45 94 0.587
45 90 0.131
45 72 0.125
45 80 0.14
45 71 0.185
45 70 0.161
45 73 0.048
45 57 0.129
45 81 0.183
45 86 0.185
45 82 0.174
45 96 0.183
45 50 0.167
45 53 0.152
45 58 0.2
45 63 0.084
45 74 0.137
45 95 0.155
45 97 0.144
45 49 0.151
45 66 0.137
45 67 0.16
45 79 0.146
45 83 0.138
45 84 0.155
45 85 0.147
45 93 0.109
46 80 0.657
46 59 0.084
46 67 0.237
46 87 0.132
46 70 0.305
46 79 0.18
46 89 0.261
46 93 0.132
46 50 0.184
46 57 0.188
46 61 0.267
46 96 0.24
46 68 0.206
46 83 0.085
46 92 0.076
46 53 0.172
46 71 0.108
46 90 0.194
46 49 0.156
46 65 0.148
46 66 0.174
46 48 0.21
46 51 0.158
46 58 0.149
46 63 0.135
46 72 0.171
46 76 0.219
46 78 0.122
46 81 0.157
46 84 0.17
46 88 0.156
47 88 1
47 80 0.539
47 86 0.253
47 69 0.202
47 56 0.174
47 77 0.16
47 93 0.205
47 76 0.151
47 83 0.238
47 99 0.022
47 55 0.165
47 66 0.186
47 52 0.174
47 60 0.195
47 95 0.221
47 48 0.164
47 53 0.126
47 57 0.168
47 58 0.151
47 62 0.167
47 82 0.149
47 90 0.162
47 91 0.162
47 50 0.071
47 59 0.13
47 61 0.161
47 64 0.235
47 68 0.133
47 73 0.149
47 81 0.135
47 92 0.18
48 88 0.949
48 84 0.156
48 62 0.2
48 58 0.192
48 59 0.1
48 56 0.137
48 65 0.107
48 80 0.165
48 85 0.144
48 90 0.114
48 95 0.13
48 99 0.179
48 76 0.12
48 78 0.107
48 86 0.189
48 91 0.212
48 49 0.128
48 60 0.124
48 68 0.154
48 70 0.134
48 82 0.128
48 96 0.157
48 54 0.123
48 63 0.16
48 66 0.121
48 67 0.186
48 69 0.151
48 73 0.178
48 97 0.142
49 81 0.943
49 75 0.007
49 78 0.305
49 67 0.18
49 60 0.117
49 76 0.195
49 83 0.181
49 96 0.128
49 98 0.081
49 72 0.258
49 73 0.198
49 87 0.204
49 95 0.195
49 52 0.076
49 63 0.164
49 77 0.119
49 82 0.133
49 84 0.181
49 86 0.168
49 50 0.152
49 51 0.127
49 71 0.185
49 79 0.156
49 85 0.166
50 74 0.824
50 59 0.766
50 72 0.141
50 79 0.164
50 75 0.162
50 63 0.191
50 73 0.171
50 84 0.211
50 94 0.115
50 51 0.161
50 85 0.186
50 88 0.126
50 92 0.086
50 99 0.146
50 53 0.122
50 56 0.16
50 61 0.158
50 66 0.135
50 81 0.146
50 57 0.132
50 62 0.099
50 65 0.091
50 55 0.128
50 64 0.144
50 70 0.145
50 76 0.187
50 80 0.202
50 83 0.113
50 90 0.154
50 93 0.17
51 89 0.824
51 91 0.176
51 87 0.115
51 66 0.198
51 79 0.186
51 77 0.172
51 85 0.165
51 64 0.157
51 70 0.023
51 59 0.122
51 68 0.124
51 61 0.163
51 73 0.2
51 76 0.089
51 84 0.148
51 90 0.121
51 99 0.208
51 52 0.149
51 54 0.129
51 63 0.143
51 71 0.185
51 74 0.108
51 96 0.198
51 53 0.205
51 72 0.18
51 78 0.12
51 82 0.146
51 92 0.134
51 97 0.132
52 76 0.694
52 90 0.084
52 87 0.157
52 67 0.166
52 80 0.091
52 96 0.107
52 73 0.103
52 85 0.141
52 60 0.108
52 74 0.155
52 75 0.185
52 98 0.125
52 56 0.147
52 57 0.19
52 62 0.188
52 81 0.155
52 86 0.097
52 88 0.104
52 91 0.152
52 95 0.149
52 59 0.12
52 63 0.111
52 65 0.161
52 68 0.14
52 69 0.192
52 72 0.15
52 84 0.119
52 97 0.151
52 99 0.116
53 80 0.93
53 56 0.117
53 76 0.227
53 55 0.186
53 58 0.102
53 73 0.139
53 88 0.139
53 63 0.151
53 99 0.244
53 60 0.171
53 67 0.178
53 69 0.109
53 71 0.169
53 82 0.145
53 84 0.124
53 87 0.177
53 94 0.125
53 97 0.128
53 98 0.133
54 57 0.848
54 61 0.214
54 59 0.156
54 83 0.139
54 64 0.114
54 66 0.127
54 72 0.124
54 78 0.115
54 88 0.066
54 98 0.159
54 68 0.173
54 90 0.128
54 91 0.226
54 56 0.196
54 60 0.13
54 63 0.124
54 65 0.15
54 69 0.159
54 79 0.118
54 89 0.119
54 96 0.103
55 60 0.233
55 85 0.242
55 91 0.208
55 78 0.109
55 57 0.17
55 58 0.184
55 71 0.193
55 73 0.118
55 95 0.069
55 62 0.135
55 82 0.098
55 84 0.168
55 87 0.213
55 90 0.191
55 94 0.251
55 59 0.164
55 68 0.107
55 75 0.105
55 81 0.155
55 88 0.162
55 89 0.12
55 93 0.136
55 63 0.098
55 64 0.216
55 70 0.168
55 79 0.097
55 86 0.156
55 92 0.112
55 99 0.175
56 89 0.655
56 61 0.163
56 63 0.207
56 86 0.213
56 88 0.13
56 96 0.182
56 65 0.08
56 72 0.098
56 75 0.164
56 81 0.197
56 94 0.15
56 58 0.172
56 60 0.114
56 85 0.143
56 62 0.16
56 64 0.096
56 66 0.112
56 68 0.197
56 71 0.148
56 74 0.186
56 78 0.107
56 80 0.055
56 69 0.145
56 73 0.154
56 91 0.137
56 92 0.102
57 76 0.878
57 92 0.976
57 94 0.933
57 68 0.13
57 80 0.199
57 62 0.223
57 75 0.216
57 85 0.164
57 88 0.15
57 58 0.143
57 64 0.139
57 79 0.159
57 63 0.164
57 67 0.17
57 78 0.095
57 59 0.146
57 60 0.191
57 65 0.162
57 81 0.122
57 87 0.143
57 89 0.175
58 63 0.651
58 72 0.918
58 96 0.13
58 78 0.027
58 69 0.118
58 77 0.165
58 80 0.135
58 59 0.162
58 70 0.126
58 67 0.131
58 68 0.094
58 76 0.186
58 83 0.166
58 84 0.087
58 95 0.13
58 97 0.093
58 74 0.144
58 79 0.136
58 85 0.191
58 87 0.142
58 89 0.127
58 92 0.138
58 93 0.192
58 94 0.195
59 74 0.142
59 73 0.132
59 82 0.117
59 66 0.162
59 76 0.126
59 60 0.167
59 69 0.11
59 86 0.148
59 93 0.169
59 89 0.194
59 96 0.182
59 99 0.213
59 78 0.113
59 80 0.165
59 87 0.211
59 90 0.162
59 94 0.176
59 61 0.153
59 62 0.137
59 65 0.161
59 67 0.145
59 72 0.151
59 77 0.133
59 84 0.173
59 88 0.13
59 95 0.125
59 98 0.149
60 66 1
60 86 0.62
60 89 0.995
60 70 0.908
60 63 0.049
60 72 0.297
60 75 0.25
60 68 0.13
60 80 0.167
60 82 0.171
60 78 0.1
60 91 0.114
60 69 0.051
60 81 0.147
60 90 0.247
60 64 0.148
60 65 0.123
60 71 0.151
60 77 0.162
60 84 0.144
60 88 0.171
60 94 0.17
60 73 0.108
60 83 0.195
60 87 0.109
60 92 0.233
61 72 0.663
61 82 0.144
61 84 0.181
61 94 0.151
61 88 0.184
61 86 0.24
61 79 0.136
61 93 0.264
61 76 0.136
61 73 0.168
61 80 0.251
61 81 0.098
61 87 0.123
61 90 0.167
61 63 0.141
61 66 0.143
61 71 0.143
61 74 0.134
61 96 0.206
62 77 0.602
62 97 0.71
62 92 0.139
62 63 0.264
62 74 0.15
62 79 0.111
62 96 0.2
62 78 0.173
62 82 0.184
62 86 0.181
62 91 0.179
62 94 0.13
62 81 0.157
62 68 0.178
62 87 0.152
62 93 0.174
62 64 0.11
62 65 0.138
62 67 0.141
62 73 0.172
62 75 0.139
63 91 0.134
63 64 0.118
63 93 0.221
63 98 0.113
63 65 0.152
63 71 0.15
63 72 0.123
63 67 0.129
63 94 0.144
63 73 0.174
63 76 0.131
63 80 0.101
63 81 0.14
63 82 0.168
63 88 0.207
63 68 0.122
63 70 0.138
63 77 0.177
63 78 0.11
63 85 0.199
63 95 0.149
63 97 0.11
64 84 0.12
64 99 0.141
64 83 0.185
64 79 0.145
64 96 0.182
64 86 0.144
64 70 0.158
64 92 0.184
64 93 0.108
64 65 0.129
64 68 0.161
64 71 0.12
64 82 0.191
64 87 0.168
64 89 0.143
64 66 0.166
64 85 0.151
65 67 0.178
65 68 0.102
65 82 0.186
65 92 0.208
65 70 0.18
65 74 0.167
65 77 0.154
65 80 0.188
65 75 0.142
65 94 0.203
65 95 0.081
65 66 0.169
65 84 0.112
65 86 0.033
65 89 0.119
65 90 0.129
65 71 0.118
65 73 0.153
65 78 0.158
65 85 0.204
65 97 0.129
65 98 0.163
66 92 0.156
66 82 0.114
66 83 0.19
66 80 0.141
66 75 0.173
66 86 0.136
66 69 0.164
66 73 0.211
66 78 0.12
66 72 0.14
66 79 0.115
66 81 0.102
66 85 0.14
66 90 0.137
66 68 0.156
66 77 0.141
66 88 0.18
66 94 0.187
67 85 0.138
67 70 0.166
67 87 0.208
67 89 0.151
67 98 0.124
67 74 0.143
67 77 0.14
67 99 0.156
67 75 0.154
67 76 0.13
67 81 0.103
67 90 0.139
67 94 0.151
67 95 0.127
67 97 0.153
67 71 0.152
67 82 0.186
67 84 0.183
67 88 0.179
67 93 0.08
68 83 0.165
68 98 0.169
68 88 0.108
68 91 0.13
68 72 0.104
68 69 0.151
68 80 0.206
68 77 0.163
68 94 0.171
68 89 0.161
68 92 0.165
68 95 0.139
68 85 0.153
68 70 0.105
68 74 0.125
68 82 0.212
68 84 0.178
68 93 0.103
69 75 0.882
69 98 0.635
69 70 0.318
69 71 0.265
69 95 0.126
69 72 0.181
69 73 0.182
69 74 0.115
69 77 0.205
69 87 0.18
69 97 0.143
69 81 0.164
69 82 0.208
69 83 0.221
69 76 0.121
69 84 0.135
69 86 0.133
69 88 0.112
69 92 0.208
70 83 0.102
70 81 0.132
70 84 0.147
70 85 0.152
70 90 0.033
70 89 0.192
70 80 0.221
70 98 0.129
70 79 0.145
70 72 0.176
70 78 0.155
70 82 0.115
70 87 0.167
70 97 0.171
70 75 0.162
70 76 0.169
70 71 0.178
70 73 0.175
70 88 0.138
70 92 0.188
70 93 0.178
71 89 0.711
71 93 0.096
71 84 0.168
71 75 0.102
71 73 0.123
71 92 0.113
71 80 0.159
71 82 0.162
71 94 0.191
71 95 0.151
71 99 0.127
71 88 0.211
71 77 0.15
71 78 0.105
71 85 0.107
71 86 0.16
72 93 0.728
72 95 0.147
72 98 0.165
72 80 0.122
72 91 0.157
72 81 0.177
72 76 0.161
72 88 0.168
72 99 0.097
72 78 0.204
72 83 0.122
72 97 0.182
73 99 0.894
73 78 0.26
73 88 0.129
73 87 0.224
73 74 0.172
73 75 0.017
73 77 0.223
73 79 0.219
73 90 0.128
73 82 0.157
73 91 0.115
73 85 0.226
73 95 0.154
73 98 0.149
73 76 0.145
73 81 0.141
73 83 0.147
73 89 0.183
73 97 0.115
74 92 0.196
74 86 0.157
74 81 0.072
74 83 0.154
74 96 0.087
74 87 0.113
74 88 0.123
74 93 0.226
74 95 0.154
74 77 0.155
74 89 0.181
74 90 0.177
74 91 0.222
74 97 0.196
75 92 0.848
75 78 0.138
75 97 0.19
75 79 0.095
75 96 0.111
75 88 0.155
75 82 0.106
75 85 0.18
75 86 0.231
75 99 0.078
75 84 0.16
75 89 0.167
75 93 0.124
75 94 0.141
76 99 1
76 86 0.189
76 79 0.129
76 97 0.193
76 85 0.145
76 88 0.138
76 94 0.16
76 92 0.169
76 98 0.14
76 87 0.089
77 91 0.185
77 89 0.18
77 79 0.145
77 87 0.173
77 83 0.164
77 86 0.086
77 99 0.111
77 85 0.144
77 90 0.185
77 97 0.089
78 85 0.995
78 93 0.823
78 91 0.863
78 97 0.085
78 79 0.22
78 99 0.238
78 86 0.179
78 87 0.213
78 80 0.147
78 84 0.164
78 88 0.195
78 81 0.162
78 82 0.191
78 95 0.199
78 98 0.21
79 91 0.126
79 89 0.108
79 82 0.167
79 97 0.168
79 84 0.121
79 80 0.116
79 93 0.148
79 94 0.195
79 95 0.121
79 83 0.19
79 85 0.175
79 86 0.126
79 88 0.164
79 90 0.186
79 96 0.107
80 93 0.138
80 92 0.101
80 87 0.198
80 90 0.075
80 81 0.155
80 82 0.207
80 89 0.15
80 94 0.163
80 98 0.147
80 99 0.226
80 95 0.158
80 97 0.083
81 98 0.005
81 87 0.219
81 92 0.158
81 88 0.152
81 94 0.093
81 96 0.088
81 83 0.184
81 86 0.141
81 93 0.16
81 95 0.165
81 99 0.159
82 93 0.911
82 88 0.132
82 90 0.134
82 94 0.157
82 99 0.153
82 92 0.081
82 89 0.19
82 84 0.162
82 91 0.21
82 96 0.168
82 83 0.169
82 95 0.12
83 88 0.137
83 98 0.212
83 99 0.133
83 85 0.127
83 93 0.171
83 84 0.151
83 89 0.161
84 95 0.063
84 99 0.145
84 86 0.175
84 92 0.119
84 85 0.121
84 97 0.154
84 89 0.14
84 90 0.141
84 91 0.154
85 87 0.013
85 86 0.162
85 88 0.143
85 89 0.147
85 90 0.128
85 94 0.15
85 97 0.159
85 91 0.152
85 96 0.116
86 99 0.132
86 91 0.189
86 94 0.201
86 87 0.106
86 89 0.13
86 92 0.152
86 95 0.15
86 93 0.147
86 98 0.149
87 99 0.142
87 93 0.164
87 88 0.189
87 95 0.17
88 93 0.247
88 89 0.184
88 90 0.16
88 98 0.162
88 94 0.133
89 92 0.203
89 95 0.078
89 98 0.188
89 93 0.153
89 94 0.132
90 92 0.214
90 94 0.164
90 93 0.174
90 95 0.092
90 96 0.166
90 98 0.159
90 99 0.131
91 93 0.167
91 92 0.144
91 95 0.125
91 97 0.1
91 98 0.354
91 96 0.195
92 96 0.601
92 99 0.153
92 94 0.162
92 93 0.14
93 96 0.151
93 98 0.132
94 98 0.22
94 96 0.138
95 96 0.082
95 97 0.143
95 98 0.122
96 99 0.145
96 98 0.129
97 98 0.13
97 99 0.117
98 99 0.22
