0 56 0.898
0 74 0.189
0 66 0.08
0 92 0.157
0 18 0.093
0 28 0.182
0 77 0.221
0 30 0.127
0 39 0.217
0 48 0.143
0 11 0.058
0 12 0.207
0 25 0.178
0 50 0.095
0 55 0.132
0 21 0.136
0 22 0.145
0 58 0.109
0 73 0.181
0 5 0.1
0 9 0.269
0 17 0.013
0 75 0.076
0 81 0.177
0 84 0.168
0 87 0.189
0 4 0.278
0 31 0.118
0 34 0.12
0 37 0.175
0 43 0.151
0 61 0.182
0 63 0.075
0 7 0.208
0 8 0.042
0 14 0.155
0 15 0.162
0 33 0.134
0 40 0.129
0 41 0.158
0 47 0.096
0 54 0.166
0 69 0.144
0 85 0.095
0 96 0.089
0 98 0.136
0 3 0.116
0 32 0.121
0 35 0.162
0 42 0.148
0 45 0.142
0 57 0.196
0 72 0.11
0 76 0.179
0 88 0.183
0 89 0.124
0 95 0.148
0 97 0.105
1 35 0.968
1 84 0.676
1 54 0.297
1 77 0.138
1 3 0.315
1 4 0.166
1 12 0.094
1 83 0.099
1 14 0.304
1 91 0.111
1 93 0.189
1 9 0.199
1 65 0.173
1 74 0.07
1 22 0.17
1 23 0.187
1 50 0.11
1 53 0.165
1 79 0.252
1 95 0.153
1 5 0.148
1 8 0.176
1 39 0.081
1 48 0.106
1 49 0.143
1 52 0.141
1 34 0.148
1 63 0.147
1 64 0.116
1 76 0.152
1 82 0.228
1 89 0.157
1 6 0.181
1 10 0.189
1 13 0.15
1 27 0.13
1 28 0.116
1 30 0.128
1 40 0.155
1 43 0.16
1 45 0.19
1 56 0.085
1 57 0.138
1 61 0.156
1 66 0.15
1 70 0.16
1 78 0.148
1 86 0.165
1 90 0.113
2 48 1.0
2 96 0.636
2 28 0.903
2 27 0.079
2 47 0.215
2 11 0.177
2 4 0.054
2 68 0.165
2 8 0.103
2 23 0.13
2 25 0.093
2 49 0.184
2 62 0.145
2 30 0.122
2 35 0.047
2 60 0.164
2 91 0.153
2 10 0.161
2 14 0.113
2 17 0.152
2 71 0.085
2 74 0.129
2 3 0.255
2 12 0.119
2 16 0.187
2 50 0.168
2 59 0.088
2 64 0.016
2 80 0.163
2 5 0.147
2 20 0.189
2 32 0.22
2 39 0.136
2 41 0.151
2 46 0.117
2 55 0.172
2 66 0.115
2 77 0.157
2 84 0.163
2 90 0.197
2 92 0.163
2 93 0.153
2 94 0.145
2 95 0.225
2 7 0.128
2 9 0.154
2 15 0.121
2 18 0.162
2 22 0.156
2 24 0.177
2 29 0.132
2 38 0.131
2 42 0.064
2 45 0.076
2 57 0.164
2 63 0.176
2 67 0.147
2 70 0.1
2 76 0.185
2 78 0.168
2 88 0.153
2 89 0.147
2 99 0.107
3 39 0.867
3 67 0.22
3 15 0.055
3 88 0.119
3 89 0.118
3 94 0.165
3 92 0.285
3 4 0.103
3 21 0.125
3 47 0.125
3 81 0.154
3 82 0.226
3 7 0.155
3 22 0.1
3 26 0.137
3 31 0.153
3 23 0.276
3 29 0.152
3 33 0.198
3 36 0.089
3 60 0.077
3 66 0.081
3 6 0.146
3 8 0.118
3 17 0.145
3 19 0.177
3 25 0.181
3 30 0.114
3 32 0.144
3 41 0.052
3 49 0.097
3 50 0.146
3 52 0.156
3 53 0.109
3 58 0.123
3 68 0.183
3 70 0.136
3 72 0.138
3 85 0.186
3 93 0.139
3 95 0.131
3 5 0.144
3 10 0.146
3 20 0.162
3 24 0.115
3 27 0.139
3 34 0.145
3 35 0.055
3 38 0.191
3 40 0.117
3 42 0.162
3 45 0.181
3 55 0.144
3 69 0.157
3 74 0.162
3 77 0.169
3 87 0.172
3 91 0.122
3 98 0.128
4 46 0.887
4 92 0.529
4 57 0.17
4 63 0.035
4 93 0.073
4 32 0.224
4 61 0.186
4 69 0.129
4 64 0.04
4 54 0.21
4 85 0.101
4 86 0.209
4 91 0.078
4 6 0.183
4 25 0.132
4 27 0.144
4 38 0.152
4 45 0.125
4 7 0.056
4 10 0.195
4 30 0.074
4 43 0.166
4 44 0.133
4 53 0.164
4 70 0.181
4 77 0.134
4 79 0.136
4 94 0.17
4 5 0.215
4 8 0.15
4 19 0.079
4 22 0.064
4 24 0.168
4 40 0.158
4 60 0.149
4 71 0.148
4 72 0.148
4 87 0.154
4 90 0.204
4 98 0.122
4 16 0.13
4 17 0.141
4 21 0.143
4 23 0.118
4 28 0.164
4 34 0.185
4 35 0.097
4 37 0.147
4 41 0.115
4 42 0.152
4 49 0.215
4 55 0.13
4 82 0.14
4 84 0.126
5 64 1
5 81 0.851
5 62 0.873
5 43 0.098
5 97 0.135
5 11 0.116
5 14 0.27
5 74 0.238
5 27 0.117
5 33 0.08
5 70 0.292
5 12 0.118
5 21 0.154
5 54 0.205
5 98 0.132
5 71 0.165
5 82 0.126
5 86 0.187
5 31 0.175
5 34 0.138
5 38 0.139
5 59 0.126
5 77 0.132
5 80 0.159
5 94 0.113
5 17 0.187
5 25 0.119
5 32 0.168
5 69 0.115
5 76 0.2
5 93 0.113
5 96 0.145
5 16 0.191
5 29 0.175
5 37 0.149
5 65 0.179
5 66 0.145
5 90 0.141
5 92 0.171
5 8 0.157
5 23 0.199
5 46 0.17
5 49 0.114
5 53 0.147
5 56 0.105
5 60 0.123
5 67 0.179
5 73 0.144
5 83 0.14
5 89 0.118
5 95 0.132
6 10 0.881
6 72 0.218
6 56 0.143
6 13 0.177
6 76 0.154
6 71 0.223
6 77 0.141
6 35 0.182
6 42 0.121
6 70 0.128
6 80 0.07
6 87 0.242
6 89 0.195
6 16 0.138
6 17 0.154
6 22 0.221
6 34 0.215
6 38 0.096
6 46 0.107
6 85 0.125
6 48 0.19
6 64 0.163
6 82 0.229
6 84 0.184
6 92 0.097
6 23 0.145
6 95 0.094
6 12 0.2
6 15 0.154
6 19 0.126
6 32 0.086
6 50 0.204
6 54 0.136
6 67 0.067
6 78 0.1
6 88 0.173
6 91 0.137
6 7 0.179
6 20 0.11
6 27 0.119
6 36 0.176
6 37 0.101
6 43 0.168
6 52 0.12
6 61 0.203
6 62 0.153
6 68 0.083
6 69 0.144
6 73 0.166
6 75 0.15
6 93 0.191
6 97 0.117
7 79 0.971
7 26 0.17
7 34 0.168
7 8 0.107
7 16 0.2
7 45 0.171
7 55 0.16
7 66 0.129
7 95 0.113
7 39 0.124
7 88 0.201
7 11 0.392
7 25 0.183
7 28 0.113
7 48 0.145
7 97 0.17
7 99 0.194
7 22 0.237
7 72 0.228
7 94 0.156
7 12 0.17
7 15 0.159
7 24 0.149
7 31 0.045
7 42 0.193
7 49 0.216
7 53 0.169
7 64 0.079
7 71 0.147
7 76 0.146
7 89 0.136
7 93 0.134
7 10 0.153
7 13 0.173
7 18 0.142
7 23 0.07
7 27 0.14
7 30 0.127
7 33 0.186
7 35 0.119
7 57 0.124
7 58 0.166
7 59 0.21
7 74 0.184
7 75 0.185
7 78 0.136
7 82 0.163
7 84 0.179
7 96 0.154
8 47 0.766
8 51 0.95
8 99 0.765
8 75 0.889
8 81 0.13
8 92 0.113
8 60 0.133
8 41 0.327
8 52 0.125
8 70 0.191
8 67 0.218
8 17 0.092
8 25 0.123
8 66 0.08
8 12 0.14
8 64 0.141
8 72 0.126
8 86 0.143
8 10 0.147
8 13 0.145
8 14 0.071
8 42 0.154
8 50 0.146
8 53 0.129
8 58 0.044
8 73 0.171
8 98 0.158
8 15 0.164
8 16 0.14
8 26 0.147
8 57 0.159
8 62 0.178
8 63 0.035
8 74 0.177
8 84 0.173
8 94 0.182
8 95 0.188
8 9 0.179
8 11 0.158
8 18 0.209
8 20 0.17
8 28 0.173
8 34 0.155
8 35 0.134
8 49 0.139
8 77 0.154
8 88 0.175
8 89 0.199
8 19 0.185
8 23 0.173
8 27 0.174
8 38 0.179
8 59 0.162
8 61 0.143
8 68 0.065
8 78 0.139
8 80 0.16
8 83 0.149
8 90 0.131
8 91 0.125
8 97 0.169
9 78 0.855
9 49 0.829
9 57 1.0
9 63 0.601
9 98 0.92
9 73 0.103
9 15 0.163
9 52 0.197
9 85 0.143
9 21 0.143
9 34 0.135
9 59 0.136
9 28 0.124
9 35 0.113
9 37 0.083
9 47 0.101
9 60 0.138
9 94 0.082
9 99 0.113
9 32 0.167
9 38 0.126
9 40 0.159
9 44 0.153
9 64 0.216
9 82 0.196
9 83 0.07
9 12 0.212
9 13 0.201
9 25 0.174
9 39 0.146
9 54 0.12
9 55 0.197
9 61 0.171
9 80 0.13
9 81 0.13
9 87 0.112
9 88 0.135
9 89 0.124
9 18 0.1
9 26 0.152
9 29 0.15
9 31 0.153
9 41 0.095
9 46 0.153
9 58 0.083
9 65 0.175
9 71 0.094
9 76 0.146
9 84 0.181
9 95 0.106
9 97 0.159
10 47 1
10 49 0.869
10 62 0.758
10 70 0.976
10 97 0.845
10 85 0.172
10 28 0.147
10 65 0.01
10 76 0.231
10 35 0.174
10 36 0.175
10 74 0.177
10 92 0.117
10 19 0.141
10 54 0.178
10 55 0.044
10 60 0.159
10 15 0.217
10 18 0.209
10 21 0.171
10 39 0.159
10 46 0.152
10 56 0.166
10 16 0.191
10 27 0.119
10 30 0.147
10 31 0.136
10 32 0.134
10 33 0.13
10 45 0.105
10 48 0.158
10 66 0.113
10 68 0.155
10 90 0.159
10 91 0.144
10 95 0.169
10 14 0.21
10 25 0.178
10 29 0.11
10 42 0.214
10 59 0.185
10 75 0.174
10 79 0.154
10 80 0.155
10 84 0.156
10 88 0.106
10 93 0.168
10 94 0.139
10 96 0.169
11 46 0.748
11 98 0.238
11 56 0.182
11 58 0.108
11 59 0.149
11 95 0.165
11 12 0.155
11 13 0.049
11 25 0.126
11 29 0.188
11 66 0.332
11 81 0.133
11 97 0.308
11 31 0.136
11 41 0.21
11 43 0.117
11 44 0.139
11 96 0.163
11 18 0.157
11 32 0.165
11 38 0.084
11 50 0.158
11 76 0.085
11 91 0.149
11 26 0.133
11 40 0.17
11 42 0.091
11 52 0.187
11 69 0.193
11 72 0.139
11 73 0.137
11 80 0.146
11 82 0.146
11 92 0.165
11 17 0.168
11 19 0.14
11 24 0.148
11 30 0.111
11 33 0.175
11 36 0.139
11 45 0.148
11 47 0.109
11 54 0.159
11 62 0.176
11 67 0.099
11 77 0.179
11 79 0.082
11 83 0.202
11 87 0.142
11 88 0.19
12 88 1
12 90 0.876
12 96 0.537
12 73 0.582
12 76 0.038
12 93 0.078
12 95 0.245
12 60 0.059
12 70 0.113
12 77 0.112
12 75 0.122
12 72 0.092
12 44 0.166
12 82 0.181
12 25 0.213
12 32 0.153
12 13 0.134
12 16 0.165
12 18 0.113
12 28 0.115
12 39 0.112
12 49 0.124
12 67 0.213
12 69 0.244
12 84 0.155
12 92 0.173
12 97 0.148
12 20 0.161
12 24 0.154
12 43 0.152
12 45 0.13
12 48 0.156
12 74 0.152
12 81 0.151
12 85 0.168
12 94 0.144
12 26 0.178
12 29 0.183
12 35 0.124
12 36 0.143
12 56 0.194
12 63 0.141
12 64 0.078
12 71 0.157
12 78 0.153
12 79 0.139
12 86 0.158
13 48 0.767
13 79 0.8
13 70 1
13 83 0.125
13 96 0.184
13 44 0.157
13 63 0.053
13 18 0.137
13 36 0.128
13 21 0.228
13 58 0.156
13 66 0.14
13 30 0.182
13 33 0.129
13 38 0.158
13 41 0.133
13 50 0.088
13 76 0.072
13 77 0.075
13 86 0.116
13 93 0.125
13 20 0.131
13 37 0.162
13 52 0.203
13 69 0.128
13 73 0.153
13 23 0.151
13 39 0.137
13 46 0.105
13 49 0.161
13 57 0.182
13 59 0.184
13 61 0.099
13 68 0.122
13 74 0.198
13 85 0.155
13 94 0.155
13 24 0.124
13 27 0.13
13 28 0.155
13 29 0.117
13 34 0.15
13 42 0.132
13 47 0.169
13 56 0.135
13 64 0.209
13 65 0.209
13 75 0.125
13 80 0.178
13 95 0.155
14 63 0.704
14 71 0.968
14 78 0.746
14 57 0.197
14 58 0.236
14 29 0.226
14 52 0.033
14 99 0.138
14 18 0.137
14 95 0.215
14 39 0.135
14 45 0.2
14 76 0.175
14 91 0.205
14 22 0.165
14 70 0.159
14 83 0.211
14 97 0.136
14 98 0.188
14 48 0.242
14 55 0.121
14 64 0.147
14 66 0.123
14 74 0.141
14 79 0.168
14 16 0.19
14 36 0.135
14 42 0.168
14 44 0.162
14 80 0.129
14 94 0.15
14 15 0.155
14 20 0.203
14 23 0.188
14 24 0.139
14 26 0.131
14 27 0.146
14 35 0.168
14 37 0.117
14 38 0.157
14 47 0.112
14 49 0.186
14 50 0.153
14 53 0.134
14 60 0.194
14 68 0.136
14 69 0.158
14 85 0.116
14 86 0.141
14 89 0.16
14 90 0.127
14 96 0.096
15 77 0.574
15 80 1
15 39 0.996
15 66 0.156
15 16 0.153
15 34 0.187
15 41 0.121
15 67 0.144
15 86 0.168
15 32 0.139
15 58 0.156
15 94 0.159
15 20 0.171
15 30 0.158
15 35 0.086
15 37 0.21
15 43 0.181
15 52 0.222
15 53 0.197
15 55 0.18
15 74 0.162
15 89 0.179
15 96 0.166
15 31 0.156
15 45 0.185
15 48 0.076
15 54 0.143
15 60 0.14
15 75 0.147
15 76 0.171
15 81 0.161
15 98 0.104
15 17 0.11
15 18 0.133
15 24 0.186
15 33 0.179
15 47 0.118
15 50 0.167
15 61 0.136
15 73 0.161
15 97 0.206
16 52 0.046
16 46 0.156
16 53 0.178
16 48 0.147
16 55 0.096
16 51 0.11
16 56 0.131
16 59 0.076
16 75 0.017
16 39 0.219
16 42 0.145
16 91 0.308
16 94 0.135
16 50 0.129
16 54 0.148
16 71 0.155
16 92 0.136
16 99 0.191
16 20 0.145
16 24 0.162
16 27 0.222
16 28 0.204
16 34 0.233
16 35 0.21
16 40 0.141
16 49 0.162
16 64 0.211
16 87 0.162
16 18 0.117
16 23 0.138
16 26 0.128
16 32 0.144
16 41 0.137
16 61 0.168
16 68 0.172
16 74 0.135
16 80 0.194
16 89 0.158
16 93 0.156
16 97 0.137
17 55 0.267
17 86 0.156
17 47 0.124
17 68 0.256
17 19 0.061
17 72 0.149
17 36 0.002
17 39 0.155
17 95 0.157
17 99 0.148
17 45 0.058
17 46 0.065
17 49 0.161
17 60 0.171
17 71 0.137
17 75 0.174
17 98 0.101
17 24 0.183
17 25 0.126
17 58 0.14
17 59 0.184
17 61 0.137
17 65 0.117
17 73 0.233
17 89 0.125
17 21 0.185
17 40 0.19
17 53 0.17
17 64 0.218
17 70 0.175
17 74 0.133
17 82 0.151
17 93 0.105
17 18 0.164
17 27 0.135
17 28 0.122
17 35 0.159
17 37 0.17
17 42 0.161
17 52 0.141
17 56 0.098
17 83 0.162
17 87 0.153
17 88 0.18
17 94 0.2
17 97 0.196
18 79 0.996
18 46 0.684
18 89 0.671
18 69 0.778
18 27 0.235
18 36 0.002
18 65 0.039
18 81 0.133
18 28 0.111
18 58 0.168
18 66 0.058
18 99 0.154
18 45 0.277
18 53 0.136
18 20 0.143
18 84 0.058
18 91 0.126
18 55 0.14
18 68 0.209
18 93 0.176
18 74 0.181
18 87 0.206
18 88 0.118
18 95 0.137
18 34 0.11
18 37 0.154
18 50 0.113
18 51 0.103
18 52 0.15
18 57 0.156
18 64 0.147
18 85 0.095
18 22 0.18
18 38 0.18
18 49 0.144
18 54 0.155
18 61 0.143
18 70 0.124
18 72 0.177
18 78 0.176
18 83 0.149
18 92 0.168
18 97 0.198
19 48 0.883
19 95 0.242
19 82 0.258
19 41 0.162
19 99 0.161
19 29 0.122
19 25 0.132
19 79 0.155
19 66 0.204
19 77 0.179
19 78 0.197
19 20 0.15
19 21 0.123
19 52 0.151
19 70 0.156
19 26 0.243
19 55 0.16
19 57 0.15
19 61 0.121
19 32 0.181
19 33 0.179
19 43 0.157
19 47 0.12
19 62 0.132
19 73 0.176
19 76 0.154
19 80 0.187
19 81 0.166
19 87 0.174
19 27 0.12
19 37 0.14
19 38 0.172
19 42 0.144
19 51 0.145
19 56 0.169
19 58 0.174
19 60 0.141
19 65 0.133
19 69 0.099
19 72 0.165
19 74 0.146
19 84 0.092
19 86 0.161
19 91 0.108
19 96 0.158
19 98 0.162
20 73 0.782
20 69 0.872
20 66 0.211
20 67 0.109
20 76 0.193
20 81 0.208
20 32 0.197
20 96 0.142
20 24 0.321
20 25 0.255
20 30 0.166
20 65 0.189
20 98 0.095
20 21 0.149
20 28 0.12
20 35 0.08
20 78 0.238
20 48 0.144
20 77 0.169
20 94 0.163
20 22 0.165
20 23 0.17
20 33 0.149
20 38 0.191
20 45 0.077
20 56 0.167
20 80 0.069
20 82 0.173
20 90 0.228
20 93 0.095
20 97 0.166
20 44 0.102
20 52 0.164
20 55 0.17
20 60 0.13
20 79 0.193
20 95 0.149
20 26 0.197
20 31 0.082
20 36 0.156
20 37 0.129
20 51 0.15
20 61 0.159
20 71 0.151
20 74 0.141
20 84 0.063
20 85 0.106
20 86 0.15
20 88 0.117
20 89 0.155
20 92 0.108
21 98 0.184
21 63 0.123
21 85 0.096
21 68 0.093
21 62 0.193
21 52 0.167
21 58 0.206
21 44 0.24
21 82 0.148
21 93 0.121
21 67 0.197
21 83 0.18
21 25 0.164
21 30 0.102
21 60 0.171
21 81 0.141
21 97 0.186
21 24 0.159
21 29 0.105
21 33 0.144
21 54 0.127
21 71 0.16
21 79 0.185
21 86 0.156
21 90 0.146
21 26 0.145
21 35 0.138
21 36 0.21
21 43 0.18
21 48 0.172
21 57 0.163
21 66 0.102
21 73 0.134
21 76 0.082
21 80 0.077
21 96 0.092
21 28 0.156
21 41 0.151
21 46 0.222
21 47 0.2
21 49 0.132
21 51 0.137
21 59 0.091
21 64 0.116
21 75 0.127
21 78 0.158
21 84 0.163
21 88 0.135
21 92 0.121
21 95 0.165
22 37 0.875
22 23 0.671
22 70 0.176
22 54 0.124
22 93 0.057
22 24 0.107
22 45 0.112
22 68 0.137
22 50 0.169
22 51 0.141
22 95 0.118
22 25 0.174
22 34 0.159
22 44 0.145
22 57 0.168
22 74 0.087
22 27 0.265
22 41 0.085
22 55 0.107
22 62 0.256
22 67 0.191
22 71 0.15
22 73 0.129
22 87 0.239
22 39 0.195
22 40 0.264
22 49 0.087
22 53 0.156
22 59 0.128
22 61 0.184
22 77 0.147
22 98 0.17
22 26 0.161
22 30 0.138
22 33 0.14
22 64 0.151
22 65 0.11
22 66 0.116
22 75 0.192
22 79 0.143
22 80 0.202
22 81 0.143
22 83 0.188
22 88 0.18
22 89 0.169
22 94 0.158
22 99 0.172
23 72 0.062
23 24 0.159
23 25 0.109
23 50 0.103
23 54 0.111
23 91 0.098
23 57 0.042
23 48 0.126
23 66 0.019
23 69 0.158
23 33 0.118
23 34 0.113
23 36 0.094
23 42 0.104
23 82 0.129
23 29 0.106
23 55 0.195
23 62 0.103
23 71 0.13
23 87 0.201
23 59 0.157
23 60 0.138
23 64 0.157
23 65 0.155
23 68 0.123
23 70 0.151
23 84 0.161
23 85 0.161
23 88 0.152
23 35 0.133
23 39 0.109
23 51 0.175
23 56 0.158
23 61 0.118
23 67 0.172
23 73 0.158
23 76 0.139
23 89 0.132
23 97 0.221
24 33 0.799
24 42 0.696
24 41 0.812
24 52 0.108
24 97 0.176
24 31 0.148
24 62 0.188
24 79 0.041
24 54 0.167
24 67 0.151
24 29 0.182
24 30 0.129
24 56 0.209
24 59 0.053
24 87 0.093
24 93 0.163
24 39 0.154
24 63 0.147
24 94 0.021
24 99 0.106
24 27 0.143
24 50 0.177
24 61 0.184
24 68 0.115
24 98 0.172
24 25 0.168
24 34 0.164
24 64 0.269
24 65 0.153
24 74 0.14
24 83 0.147
24 85 0.197
24 96 0.065
24 48 0.16
24 49 0.116
24 53 0.112
24 57 0.184
24 60 0.147
24 66 0.168
24 70 0.132
24 76 0.115
24 77 0.146
24 80 0.173
24 81 0.128
24 82 0.124
24 86 0.148
24 88 0.137
25 39 0.697
25 42 0.251
25 62 0.206
25 84 0.174
25 26 0.169
25 31 0.146
25 37 0.207
25 85 0.151
25 46 0.128
25 54 0.207
25 57 0.194
25 70 0.281
25 98 0.133
25 27 0.169
25 33 0.114
25 50 0.191
25 55 0.164
25 56 0.166
25 61 0.133
25 69 0.158
25 76 0.137
25 77 0.128
25 81 0.183
25 91 0.135
25 94 0.127
25 30 0.103
25 34 0.157
25 40 0.23
25 48 0.094
25 52 0.14
25 65 0.08
25 88 0.155
25 93 0.142
25 99 0.126
25 44 0.171
25 59 0.081
25 78 0.14
25 83 0.133
25 86 0.114
25 95 0.127
25 97 0.206
26 57 0.829
26 34 0.917
26 30 0.087
26 56 0.142
26 27 0.053
26 92 0.191
26 51 0.141
26 73 0.286
26 91 0.123
26 52 0.122
26 82 0.236
26 94 0.167
26 67 0.134
26 69 0.259
26 74 0.125
26 80 0.055
26 89 0.182
26 99 0.153
26 28 0.158
26 33 0.097
26 45 0.109
26 47 0.05
26 49 0.152
26 50 0.192
26 55 0.19
26 60 0.162
26 62 0.148
26 68 0.152
26 76 0.109
26 86 0.082
26 87 0.129
26 96 0.183
26 48 0.159
26 54 0.083
26 59 0.15
26 61 0.181
26 63 0.186
26 64 0.132
26 75 0.14
26 77 0.102
26 88 0.183
26 90 0.166
26 98 0.164
27 79 0.758
27 92 0.877
27 30 0.164
27 34 0.113
27 62 0.222
27 70 0.087
27 42 0.057
27 52 0.14
27 93 0.136
27 94 0.13
27 55 0.158
27 58 0.139
27 73 0.199
27 96 0.108
27 41 0.042
27 45 0.141
27 77 0.187
27 78 0.084
27 32 0.148
27 33 0.048
27 35 0.09
27 39 0.2
27 69 0.132
27 72 0.206
27 81 0.127
27 90 0.127
27 28 0.136
27 36 0.115
27 46 0.141
27 47 0.282
27 59 0.119
27 82 0.12
27 86 0.152
27 95 0.124
27 31 0.118
27 37 0.15
27 38 0.213
27 51 0.142
27 61 0.184
27 65 0.185
27 66 0.171
27 67 0.182
27 71 0.159
27 75 0.202
27 80 0.155
27 85 0.142
27 87 0.116
27 91 0.132
28 36 0.762
28 50 0.892
28 66 0.792
28 81 0.868
28 72 0.05
28 82 0.289
28 64 0.167
28 75 0.137
28 78 0.221
28 70 0.184
28 74 0.158
28 39 0.133
28 40 0.116
28 52 0.174
28 34 0.095
28 41 0.171
28 60 0.235
28 61 0.136
28 67 0.197
28 69 0.192
28 92 0.154
28 29 0.155
28 31 0.18
28 42 0.109
28 49 0.098
28 58 0.125
28 65 0.159
28 76 0.124
28 79 0.112
28 83 0.143
28 89 0.132
28 90 0.11
28 94 0.192
28 97 0.123
28 99 0.123
28 38 0.185
28 45 0.142
28 59 0.167
28 62 0.147
28 68 0.161
28 80 0.093
28 84 0.179
28 85 0.164
28 91 0.156
29 52 0.138
29 74 0.035
29 34 0.064
29 86 0.27
29 46 0.113
29 51 0.095
29 61 0.09
29 89 0.101
29 90 0.039
29 97 0.092
29 42 0.067
29 81 0.07
29 43 0.136
29 57 0.118
29 66 0.091
29 75 0.099
29 35 0.128
29 39 0.126
29 56 0.17
29 58 0.289
29 95 0.13
29 37 0.075
29 49 0.097
29 60 0.179
29 63 0.121
29 64 0.151
29 73 0.199
29 78 0.159
29 93 0.121
29 30 0.149
29 36 0.22
29 44 0.127
29 54 0.148
29 65 0.069
29 69 0.113
29 71 0.202
29 79 0.18
29 80 0.154
29 85 0.05
29 87 0.103
29 94 0.114
30 31 0.965
30 83 0.828
30 92 0.696
30 68 0.685
30 56 0.12
30 39 0.261
30 33 0.128
30 41 0.24
30 77 0.085
30 37 0.152
30 76 0.134
30 84 0.143
30 55 0.18
30 61 0.18
30 88 0.131
30 40 0.155
30 51 0.147
30 53 0.137
30 60 0.139
30 65 0.164
30 73 0.144
30 80 0.152
30 90 0.191
30 91 0.224
30 32 0.196
30 36 0.191
30 38 0.167
30 47 0.168
30 49 0.128
30 52 0.127
30 58 0.125
30 93 0.174
30 97 0.148
30 35 0.139
30 42 0.193
30 46 0.189
30 48 0.161
30 50 0.179
30 54 0.155
30 66 0.155
30 72 0.141
30 74 0.182
30 78 0.125
30 85 0.123
30 89 0.145
30 94 0.116
30 98 0.126
31 73 1
31 61 0.073
31 99 0.179
31 35 0.177
31 80 0.16
31 65 0.178
31 48 0.119
31 69 0.189
31 77 0.119
31 42 0.049
31 43 0.169
31 68 0.169
31 32 0.186
31 39 0.19
31 45 0.171
31 64 0.102
31 87 0.117
31 34 0.129
31 36 0.159
31 53 0.129
31 54 0.12
31 60 0.14
31 62 0.039
31 66 0.111
31 72 0.153
31 75 0.213
31 85 0.138
31 86 0.127
31 37 0.173
31 40 0.192
31 41 0.146
31 47 0.148
31 51 0.172
31 57 0.134
31 59 0.134
31 74 0.173
31 76 0.104
31 78 0.205
31 90 0.152
31 91 0.131
31 95 0.191
32 94 1
32 35 0.831
32 40 0.179
32 95 0.076
32 71 0.173
32 52 0.047
32 37 0.099
32 42 0.269
32 62 0.183
32 65 0.057
32 85 0.084
32 55 0.141
32 87 0.112
32 97 0.159
32 47 0.103
32 38 0.184
32 46 0.135
32 60 0.164
32 64 0.182
32 33 0.173
32 43 0.128
32 69 0.21
32 70 0.221
32 74 0.14
32 77 0.196
32 84 0.131
32 99 0.202
32 50 0.232
32 68 0.17
32 93 0.16
32 34 0.161
32 36 0.151
32 45 0.172
32 49 0.166
32 53 0.151
32 57 0.173
32 63 0.158
32 66 0.139
32 72 0.182
32 76 0.179
32 88 0.138
32 92 0.18
33 55 0.635
33 81 0.63
33 45 0.123
33 98 0.189
33 93 0.114
33 38 0.14
33 37 0.078
33 39 0.156
33 67 0.104
33 90 0.128
33 95 0.151
33 57 0.187
33 51 0.139
33 42 0.155
33 44 0.286
33 61 0.147
33 66 0.168
33 71 0.225
33 77 0.154
33 85 0.074
33 35 0.124
33 41 0.163
33 46 0.212
33 53 0.211
33 43 0.133
33 49 0.121
33 50 0.16
33 54 0.141
33 56 0.127
33 58 0.1
33 59 0.149
33 62 0.13
33 68 0.145
33 69 0.181
33 73 0.162
33 74 0.135
33 75 0.181
33 79 0.112
33 80 0.196
33 87 0.142
33 94 0.132
34 53 0.293
34 72 0.188
34 52 0.074
34 87 0.17
34 93 0.213
34 51 0.151
34 67 0.147
34 74 0.104
34 40 0.117
34 56 0.097
34 43 0.159
34 45 0.065
34 70 0.136
34 77 0.264
34 80 0.127
34 37 0.157
34 39 0.163
34 48 0.18
34 54 0.113
34 58 0.143
34 75 0.203
34 94 0.155
34 42 0.134
34 44 0.148
34 46 0.078
34 61 0.196
34 62 0.152
34 73 0.129
34 81 0.263
34 82 0.133
34 89 0.154
34 99 0.096
34 47 0.134
34 50 0.126
34 66 0.13
34 68 0.18
34 78 0.176
34 88 0.152
34 90 0.219
34 92 0.134
34 95 0.173
34 96 0.11
35 38 0.665
35 86 0.857
35 60 0.241
35 54 0.105
35 87 0.176
35 88 0.122
35 50 0.206
35 57 0.09
35 70 0.15
35 81 0.072
35 85 0.143
35 91 0.16
35 37 0.101
35 64 0.07
35 76 0.129
35 83 0.266
35 92 0.2
35 99 0.157
35 51 0.288
35 52 0.186
35 58 0.145
35 61 0.158
35 79 0.135
35 94 0.088
35 43 0.16
35 59 0.215
35 67 0.141
35 98 0.161
35 55 0.138
35 56 0.128
35 62 0.143
35 63 0.173
35 65 0.156
35 68 0.185
35 78 0.159
35 82 0.167
35 89 0.105
36 84 0.9
36 50 1
36 68 0.219
36 75 0.219
36 78 0.131
36 45 0.264
36 94 0.061
36 52 0.18
36 53 0.254
36 91 0.157
36 92 0.137
36 41 0.135
36 46 0.167
36 71 0.171
36 83 0.21
36 62 0.157
36 79 0.266
36 82 0.156
36 40 0.135
36 42 0.14
36 48 0.214
36 58 0.157
36 60 0.155
36 70 0.193
36 74 0.147
36 38 0.169
36 39 0.162
36 51 0.172
36 63 0.087
36 64 0.182
36 65 0.112
36 69 0.137
36 72 0.104
36 76 0.165
36 77 0.168
36 80 0.189
36 86 0.153
36 89 0.168
36 96 0.158
36 97 0.172
36 98 0.16
37 47 1
37 63 0.725
37 98 0.129
37 71 0.074
37 77 0.189
37 83 0.137
37 60 0.181
37 41 0.198
37 52 0.193
37 62 0.141
37 75 0.098
37 95 0.095
37 46 0.176
37 50 0.129
37 55 0.257
37 66 0.218
37 80 0.097
37 89 0.164
37 92 0.152
37 45 0.167
37 48 0.117
37 61 0.122
37 69 0.164
37 72 0.15
37 79 0.109
37 86 0.185
37 38 0.162
37 39 0.116
37 40 0.156
37 43 0.153
37 56 0.149
37 65 0.11
37 70 0.151
37 74 0.162
37 76 0.156
37 90 0.152
37 93 0.12
37 94 0.144
37 97 0.127
37 99 0.176
38 68 0.978
38 95 0.222
38 58 0.139
38 59 0.154
38 57 0.151
38 50 0.116
38 80 0.139
38 89 0.164
38 93 0.152
38 97 0.118
38 42 0.215
38 39 0.069
38 44 0.086
38 49 0.145
38 51 0.145
38 72 0.22
38 78 0.104
38 40 0.181
38 53 0.123
38 60 0.167
38 63 0.161
38 66 0.159
38 76 0.191
38 83 0.15
38 86 0.157
38 91 0.115
38 94 0.128
38 98 0.17
38 46 0.158
38 47 0.16
38 55 0.155
38 61 0.122
38 71 0.133
38 75 0.164
38 82 0.139
39 82 0.139
39 76 0.09
39 54 0.226
39 99 0.144
39 53 0.198
39 74 0.124
39 86 0.13
39 88 0.165
39 58 0.258
39 61 0.144
39 67 0.146
39 95 0.124
39 50 0.169
39 56 0.19
39 63 0.176
39 77 0.121
39 41 0.144
39 47 0.128
39 64 0.156
39 75 0.148
39 78 0.184
39 94 0.118
39 43 0.132
39 49 0.112
39 65 0.121
39 72 0.117
39 81 0.128
39 83 0.169
39 85 0.154
39 93 0.124
40 65 0.116
40 68 0.107
40 45 0.183
40 56 0.23
40 80 0.176
40 46 0.166
40 55 0.156
40 95 0.154
40 96 0.094
40 43 0.176
40 85 0.147
40 47 0.11
40 54 0.116
40 63 0.185
40 79 0.217
40 86 0.108
40 87 0.087
40 48 0.072
40 49 0.156
40 51 0.163
40 64 0.128
40 67 0.177
40 75 0.14
40 78 0.093
40 88 0.139
40 42 0.176
40 44 0.13
40 50 0.153
40 59 0.143
40 60 0.167
40 62 0.127
40 69 0.173
40 70 0.15
40 72 0.121
40 81 0.165
40 84 0.157
40 89 0.173
40 92 0.167
40 98 0.172
41 75 0.78
41 74 1
41 79 0.02
41 81 0.317
41 64 0.203
41 45 0.146
41 55 0.126
41 72 0.044
41 99 0.212
41 53 0.153
41 59 0.236
41 77 0.113
41 78 0.085
41 44 0.202
41 61 0.074
41 83 0.178
41 92 0.18
41 47 0.17
41 52 0.15
41 62 0.179
41 67 0.145
41 80 0.187
41 87 0.17
41 96 0.121
41 97 0.107
41 43 0.135
41 50 0.192
41 85 0.182
41 86 0.135
41 95 0.153
42 44 0.775
42 64 0.401
42 80 0.173
42 62 0.143
42 98 0.089
42 61 0.159
42 93 0.145
42 94 0.087
42 48 0.173
42 79 0.116
42 83 0.238
42 86 0.22
42 76 0.13
42 97 0.153
42 46 0.131
42 73 0.145
42 90 0.198
42 47 0.156
42 50 0.178
42 52 0.156
42 53 0.139
42 65 0.11
42 66 0.127
42 68 0.157
42 70 0.199
42 71 0.15
42 78 0.095
42 87 0.202
42 88 0.114
42 92 0.123
42 99 0.151
43 46 0.621
43 61 0.822
43 63 0.094
43 95 0.081
43 71 0.194
43 78 0.128
43 85 0.196
43 48 0.019
43 62 0.062
43 68 0.141
43 70 0.067
43 86 0.053
43 45 0.211
43 54 0.16
43 82 0.138
43 49 0.114
43 53 0.162
43 75 0.126
43 97 0.116
43 99 0.143
43 44 0.208
43 50 0.082
43 55 0.154
43 73 0.122
43 80 0.166
43 88 0.153
43 94 0.091
43 98 0.017
43 52 0.171
43 57 0.184
43 58 0.146
43 60 0.115
43 66 0.179
43 81 0.176
43 89 0.089
43 91 0.143
43 96 0.163
44 80 0.185
44 82 0.204
44 99 0.174
44 47 0.157
44 52 0.15
44 79 0.281
44 94 0.172
44 87 0.053
44 66 0.138
44 67 0.179
44 86 0.158
44 45 0.117
44 49 0.12
44 54 0.187
44 62 0.224
44 71 0.18
44 73 0.117
44 76 0.183
44 88 0.201
44 90 0.136
44 97 0.121
44 53 0.176
44 57 0.103
44 59 0.136
44 74 0.144
44 75 0.165
44 81 0.176
44 84 0.143
44 95 0.161
44 98 0.167
45 56 0.947
45 94 0.508
45 81 0.328
45 75 0.26
45 90 0.185
45 77 0.364
45 49 0.129
45 72 0.153
45 87 0.228
45 59 0.168
45 67 0.144
45 74 0.149
45 78 0.165
45 83 0.162
45 48 0.13
45 50 0.15
45 53 0.173
45 55 0.121
45 57 0.158
45 58 0.148
45 84 0.176
45 91 0.157
45 54 0.062
45 66 0.152
45 80 0.116
45 82 0.144
45 95 0.103
45 96 0.171
45 99 0.133
46 80 0.855
46 64 0.156
46 91 0.233
46 60 0.147
46 63 0.187
46 59 0.165
46 65 0.143
46 70 0.053
46 74 0.074
46 62 0.116
46 78 0.162
46 52 0.144
46 54 0.12
46 68 0.094
46 93 0.15
46 69 0.148
46 73 0.156
46 81 0.217
46 86 0.108
46 87 0.243
46 92 0.193
46 96 0.15
46 97 0.134
46 98 0.136
46 49 0.169
46 50 0.118
46 57 0.166
46 58 0.166
46 66 0.153
46 71 0.143
46 72 0.181
46 76 0.134
46 83 0.131
46 84 0.138
46 95 0.142
47 88 1
47 80 0.582
47 89 0.18
47 50 0.124
47 60 0.191
47 49 0.164
47 51 0.081
47 52 0.064
47 59 0.184
47 77 0.103
47 57 0.118
47 63 0.172
47 76 0.161
47 79 0.233
47 55 0.202
47 64 0.208
47 69 0.149
47 75 0.158
47 82 0.168
47 48 0.153
47 65 0.169
47 66 0.157
47 68 0.224
47 70 0.135
47 71 0.169
47 83 0.172
47 91 0.127
47 97 0.136
47 98 0.125
47 53 0.156
47 56 0.157
47 58 0.126
47 67 0.129
47 94 0.152
48 88 0.985
48 50 0.166
48 69 0.19
48 67 0.19
48 78 0.105
48 54 0.218
48 77 0.168
48 60 0.107
48 80 0.126
48 85 0.202
48 96 0.174
48 93 0.158
48 97 0.102
48 98 0.226
48 49 0.156
48 61 0.163
48 62 0.167
48 65 0.124
48 91 0.195
48 58 0.099
48 84 0.141
48 92 0.159
48 51 0.098
48 52 0.175
48 53 0.107
48 55 0.11
48 63 0.161
48 64 0.116
48 71 0.117
48 75 0.185
48 76 0.124
48 82 0.165
48 89 0.171
49 81 0.811
49 72 0.361
49 50 0.17
49 87 0.229
49 78 0.205
49 92 0.181
49 51 0.311
49 54 0.127
49 77 0.126
49 74 0.147
49 80 0.197
49 53 0.168
49 55 0.203
49 56 0.149
49 57 0.13
49 60 0.162
49 62 0.162
49 63 0.125
49 64 0.137
49 69 0.133
49 71 0.135
49 73 0.167
49 76 0.17
49 79 0.112
49 89 0.184
49 96 0.163
50 74 0.831
50 59 0.782
50 71 0.165
50 77 0.131
50 80 0.195
50 91 0.293
50 93 0.188
50 79 0.1
50 89 0.112
50 96 0.155
50 97 0.157
50 52 0.157
50 66 0.136
50 69 0.139
50 73 0.156
50 75 0.238
50 85 0.166
50 90 0.122
50 94 0.058
50 99 0.151
50 54 0.171
50 56 0.151
50 61 0.157
50 67 0.198
50 68 0.178
50 78 0.161
50 82 0.162
50 84 0.201
50 86 0.19
50 87 0.225
50 98 0.188
51 89 0.898
51 58 0.063
51 95 0.238
51 71 0.173
51 56 0.19
51 91 0.178
51 60 0.172
51 70 0.137
51 73 0.053
51 96 0.155
51 77 0.036
51 80 0.186
51 81 0.201
51 83 0.207
51 55 0.159
51 65 0.142
51 67 0.229
51 76 0.039
51 86 0.169
51 53 0.137
51 64 0.195
51 75 0.14
51 82 0.195
51 97 0.184
51 59 0.101
51 72 0.164
51 74 0.154
51 79 0.183
51 93 0.208
51 94 0.169
52 76 0.771
52 63 0.165
52 78 0.224
52 86 0.101
52 70 0.176
52 67 0.215
52 77 0.105
52 92 0.18
52 93 0.127
52 99 0.147
52 53 0.114
52 56 0.115
52 62 0.08
52 72 0.208
52 73 0.126
52 80 0.156
52 87 0.14
52 89 0.164
52 91 0.165
52 96 0.154
52 64 0.138
52 65 0.188
52 69 0.06
52 90 0.168
52 66 0.155
52 71 0.189
52 75 0.107
52 82 0.138
52 83 0.171
52 98 0.176
53 80 0.81
53 60 0.169
53 74 0.146
53 94 0.111
53 57 0.085
53 58 0.15
53 90 0.125
53 93 0.147
53 54 0.166
53 76 0.076
53 82 0.122
53 85 0.133
53 92 0.119
53 97 0.119
53 63 0.155
53 70 0.139
53 78 0.101
53 56 0.191
53 59 0.169
53 61 0.149
53 66 0.144
53 79 0.103
53 81 0.082
53 83 0.137
53 89 0.194
53 91 0.155
53 95 0.139
53 99 0.172
54 57 0.811
54 60 0.11
54 89 0.159
54 77 0.237
54 66 0.08
54 93 0.188
54 67 0.213
54 76 0.205
54 79 0.162
54 86 0.129
54 68 0.174
54 73 0.167
54 74 0.155
54 80 0.075
54 82 0.174
54 90 0.144
54 69 0.164
54 70 0.145
54 72 0.18
54 75 0.155
54 81 0.152
54 83 0.144
54 87 0.176
54 91 0.137
54 95 0.129
54 56 0.203
54 64 0.153
54 78 0.118
54 85 0.136
55 61 0.116
55 74 0.171
55 76 0.141
55 82 0.215
55 56 0.201
55 77 0.153
55 78 0.048
55 60 0.135
55 62 0.174
55 67 0.164
55 68 0.144
55 71 0.092
55 79 0.182
55 81 0.177
55 85 0.14
55 99 0.106
55 70 0.147
55 73 0.157
55 83 0.077
55 98 0.145
55 59 0.119
55 64 0.178
55 72 0.124
55 84 0.173
55 87 0.124
55 88 0.16
55 90 0.165
55 97 0.155
56 89 0.634
56 85 0.135
56 79 0.146
56 88 0.146
56 82 0.166
56 93 0.113
56 95 0.19
56 81 0.159
56 60 0.12
56 63 0.214
56 97 0.183
56 58 0.131
56 61 0.163
56 74 0.18
56 75 0.205
56 76 0.115
56 77 0.153
56 84 0.103
56 87 0.135
56 91 0.197
56 96 0.169
56 59 0.168
56 67 0.194
56 71 0.167
56 80 0.152
56 98 0.167
57 76 0.925
57 92 1
57 94 0.99
57 87 0.202
57 89 0.127
57 61 0.028
57 79 0.178
57 90 0.184
57 93 0.142
57 65 0.146
57 73 0.113
57 81 0.162
57 88 0.107
57 95 0.164
57 77 0.095
57 78 0.169
57 82 0.167
57 83 0.143
57 86 0.11
57 91 0.181
58 63 0.761
58 72 0.999
58 60 0.098
58 74 0.157
58 78 0.207
58 84 0.091
58 98 0.201
58 79 0.218
58 64 0.135
58 80 0.171
58 83 0.134
58 86 0.13
58 89 0.113
58 93 0.123
58 96 0.183
58 62 0.083
58 67 0.203
58 68 0.137
58 71 0.148
58 75 0.141
58 81 0.16
58 82 0.171
58 88 0.144
59 88 0.069
59 84 0.16
59 92 0.207
59 77 0.153
59 78 0.041
59 79 0.171
59 63 0.123
59 87 0.104
59 60 0.152
59 70 0.138
59 75 0.14
59 91 0.1
59 67 0.136
59 72 0.172
59 76 0.126
59 80 0.176
59 86 0.179
59 89 0.128
59 68 0.175
59 73 0.148
59 74 0.172
59 82 0.13
59 83 0.177
59 85 0.212
59 93 0.153
59 94 0.131
59 98 0.147
60 66 0.865
60 86 0.647
60 89 1
60 70 1
60 82 0.162
60 85 0.047
60 87 0.174
60 64 0.147
60 67 0.088
60 77 0.304
60 61 0.132
60 78 0.106
60 80 0.139
60 99 0.138
60 69 0.142
60 75 0.169
60 76 0.134
60 90 0.151
60 63 0.167
60 65 0.203
60 73 0.151
60 79 0.194
60 81 0.131
60 83 0.086
60 92 0.129
61 72 0.688
61 63 0.282
61 98 0.114
61 71 0.165
61 85 0.194
61 92 0.242
61 79 0.149
61 86 0.139
61 89 0.147
61 74 0.089
61 64 0.117
61 68 0.168
61 96 0.145
61 65 0.144
61 76 0.142
61 87 0.064
61 94 0.21
61 97 0.06
61 70 0.14
61 78 0.169
61 83 0.137
61 84 0.165
61 88 0.14
61 90 0.131
61 93 0.12
61 99 0.158
62 77 0.688
62 97 0.729
62 65 0.137
62 67 0.233
62 88 0.062
62 99 0.14
62 63 0.284
62 76 0.141
62 74 0.208
62 83 0.155
62 64 0.158
62 72 0.155
62 75 0.12
62 78 0.145
62 81 0.131
62 87 0.116
62 68 0.095
62 79 0.074
62 82 0.185
62 93 0.115
62 94 0.154
62 98 0.152
63 69 0.015
63 79 0.227
63 75 0.232
63 86 0.18
63 64 0.169
63 66 0.163
63 82 0.182
63 67 0.161
63 76 0.066
63 80 0.118
63 95 0.146
63 70 0.14
63 72 0.105
63 74 0.157
63 91 0.163
63 68 0.075
63 83 0.118
63 85 0.144
63 89 0.167
63 97 0.123
63 98 0.125
64 81 0.209
64 84 0.17
64 99 0.147
64 65 0.245
64 97 0.162
64 85 0.115
64 79 0.207
64 67 0.069
64 69 0.161
64 73 0.203
64 78 0.131
64 76 0.133
64 87 0.179
64 89 0.117
64 96 0.175
64 68 0.142
64 71 0.162
64 82 0.08
64 94 0.17
64 95 0.133
64 98 0.144
65 84 0.127
65 71 0.16
65 95 0.16
65 94 0.133
65 93 0.075
65 76 0.123
65 87 0.131
65 68 0.171
65 69 0.155
65 74 0.145
65 79 0.158
65 96 0.105
65 75 0.134
65 81 0.173
65 86 0.102
65 89 0.202
65 66 0.169
65 67 0.146
65 73 0.206
65 78 0.188
65 82 0.188
65 83 0.156
65 99 0.17
66 85 0.117
66 73 0.223
66 99 0.087
66 72 0.149
66 78 0.187
66 83 0.082
66 98 0.129
66 88 0.289
66 68 0.175
66 71 0.145
66 76 0.142
66 91 0.213
66 67 0.223
66 86 0.23
66 89 0.167
66 90 0.185
66 94 0.144
66 97 0.289
66 70 0.131
66 79 0.142
66 82 0.109
66 84 0.145
66 87 0.157
66 96 0.197
67 68 0.261
67 87 0.143
67 75 0.183
67 92 0.193
67 93 0.191
67 73 0.123
67 89 0.165
67 83 0.149
67 86 0.257
67 94 0.172
67 72 0.106
67 84 0.181
67 85 0.129
67 95 0.191
67 70 0.129
67 81 0.132
67 82 0.157
67 90 0.135
67 96 0.099
67 97 0.145
68 74 0.044
68 90 0.121
68 80 0.112
68 84 0.152
68 92 0.095
68 94 0.172
68 76 0.19
68 88 0.182
68 71 0.146
68 72 0.118
68 91 0.104
68 97 0.15
68 99 0.095
68 70 0.12
68 85 0.129
68 89 0.157
68 93 0.072
69 75 0.937
69 98 0.644
69 80 0.115
69 70 0.167
69 72 0.156
69 88 0.131
69 73 0.233
69 71 0.172
69 87 0.139
69 99 0.18
69 74 0.11
69 94 0.135
69 96 0.168
69 77 0.129
69 83 0.161
69 85 0.146
69 86 0.051
69 90 0.154
69 95 0.176
69 97 0.133
70 97 0.145
70 87 0.218
70 88 0.216
70 96 0.145
70 98 0.155
70 99 0.154
70 92 0.119
70 71 0.144
70 78 0.135
70 80 0.18
70 82 0.165
70 93 0.119
70 95 0.162
71 89 0.71
71 87 0.179
71 93 0.112
71 94 0.09
71 76 0.119
71 77 0.185
71 84 0.1
71 92 0.161
71 74 0.159
71 81 0.177
71 82 0.132
71 83 0.182
71 79 0.173
71 85 0.117
71 86 0.161
71 88 0.096
71 91 0.183
71 95 0.179
71 99 0.137
72 93 0.727
72 97 0.195
72 88 0.145
72 91 0.114
72 77 0.175
72 87 0.121
72 89 0.085
72 98 0.131
72 74 0.117
72 80 0.119
72 82 0.187
72 86 0.157
72 90 0.15
73 99 0.894
73 78 0.284
73 76 0.076
73 98 0.171
73 81 0.178
73 83 0.134
73 94 0.128
73 80 0.101
73 84 0.152
73 96 0.104
73 86 0.179
73 90 0.162
73 91 0.201
73 79 0.148
73 85 0.178
73 92 0.118
73 97 0.098
74 99 0.182
74 78 0.095
74 85 0.066
74 90 0.149
74 80 0.175
74 92 0.077
74 81 0.14
74 97 0.091
74 75 0.156
74 76 0.165
74 84 0.148
74 86 0.157
74 93 0.257
74 89 0.145
74 91 0.176
74 94 0.157
74 95 0.108
74 96 0.136
75 92 0.737
75 78 0.012
75 84 0.145
75 95 0.109
75 94 0.121
75 76 0.099
75 79 0.153
75 80 0.17
75 88 0.126
75 97 0.152
75 87 0.189
75 91 0.118
75 96 0.137
75 99 0.117
76 99 0.987
76 92 0.179
76 95 0.213
76 81 0.189
76 90 0.144
76 88 0.08
76 89 0.117
76 80 0.221
76 84 0.17
76 97 0.176
76 79 0.124
76 82 0.051
76 87 0.125
76 77 0.144
76 85 0.158
77 85 0.145
77 90 0.143
77 96 0.115
77 98 0.17
77 83 0.241
77 84 0.198
77 92 0.099
77 79 0.169
77 95 0.215
77 99 0.14
78 85 0.995
78 93 0.794
78 91 0.941
78 80 0.125
78 96 0.131
78 84 0.17
78 83 0.243
78 86 0.162
78 82 0.139
78 87 0.098
78 89 0.132
78 92 0.133
78 81 0.165
78 94 0.13
78 95 0.119
79 89 0.047
79 81 0.194
79 97 0.234
79 86 0.184
79 80 0.203
79 90 0.059
79 83 0.212
79 85 0.158
79 87 0.138
79 91 0.126
79 92 0.137
79 94 0.185
79 82 0.188
80 93 0.126
80 81 0.133
80 97 0.135
80 92 0.158
80 86 0.099
80 82 0.175
81 98 0.213
81 84 0.169
81 86 0.173
81 97 0.202
81 85 0.159
81 95 0.137
81 93 0.17
81 83 0.22
81 89 0.112
81 90 0.134
81 94 0.157
82 93 0.924
82 89 0.11
82 91 0.116
82 94 0.147
82 97 0.125
82 86 0.129
82 98 0.114
82 83 0.199
82 90 0.14
83 86 0.146
83 85 0.158
83 92 0.163
83 96 0.118
83 98 0.148
83 88 0.149
83 89 0.143
83 94 0.164
83 90 0.173
83 99 0.151
84 93 0.169
84 96 0.179
84 85 0.105
84 86 0.105
84 88 0.139
84 90 0.132
84 97 0.137
84 87 0.151
84 91 0.211
85 90 0.128
85 92 0.254
85 88 0.105
85 89 0.052
85 91 0.277
85 98 0.151
85 93 0.133
85 97 0.134
86 95 0.119
86 94 0.117
86 98 0.103
86 88 0.128
86 89 0.125
86 90 0.165
86 96 0.171
87 89 0.098
87 91 0.181
87 98 0.048
87 92 0.125
87 94 0.143
87 97 0.075
87 90 0.101
87 93 0.102
87 95 0.116
88 90 0.105
88 91 0.09
88 95 0.186
88 89 0.112
88 97 0.163
88 98 0.148
89 95 0.131
89 97 0.038
89 91 0.081
89 99 0.166
89 94 0.146
89 93 0.16
89 98 0.098
90 99 0.14
90 94 0.152
90 95 0.151
90 96 0.141
90 92 0.134
91 92 0.216
91 95 0.123
91 96 0.189
92 96 0.595
92 98 0.184
92 95 0.125
92 94 0.12
93 95 0.174
93 96 0.207
93 97 0.104
93 98 0.225
93 99 0.106
94 95 0.111
94 98 0.15
94 99 0.176
95 96 0.117
95 98 0.14
96 98 0.151
96 97 0.203
