0 25 0.975
0 66 0.94
0 49 0.698
0 27 0.822
0 45 0.887
0 83 0.901
0 34 0.886
0 73 1
0 47 0.614
0 21 0.716
0 19 0.706
0 30 0.561
0 28 0.609
0 52 0.135
0 59 0.181
0 70 0.194
0 7 0.13
0 10 0.118
0 32 0.172
0 39 0.193
0 76 0.133
0 4 0.127
0 11 0.13
0 13 0.17
0 40 0.107
0 43 0.141
0 54 0.151
0 72 0.147
0 75 0.138
0 85 0.102
0 89 0.112
0 90 0.162
0 3 0.159
0 8 0.088
0 12 0.154
0 15 0.174
0 16 0.188
0 17 0.157
0 18 0.137
0 24 0.112
0 26 0.167
0 29 0.176
0 33 0.202
0 37 0.119
0 38 0.134
0 42 0.159
0 44 0.162
0 46 0.144
0 48 0.117
0 55 0.14
0 56 0.153
0 57 0.182
0 58 0.115
0 60 0.218
0 62 0.07
0 63 0.113
0 64 0.121
0 67 0.149
0 69 0.169
0 74 0.166
0 78 0.132
0 86 0.171
0 88 0.132
0 98 0.187
1 27 0.709
1 23 0.909
1 60 0.745
1 19 0.847
1 20 1
1 59 0.979
1 85 0.978
1 6 1
1 55 0.783
1 25 0.812
1 84 0.739
1 67 0.803
1 10 0.613
1 72 0.874
1 75 0.657
1 97 0.656
1 86 0.56
1 62 0.505
1 54 0.174
1 70 0.174
1 74 0.171
1 94 0.154
1 18 0.187
1 24 0.184
1 32 0.155
1 57 0.132
1 77 0.156
1 83 0.124
1 90 0.132
1 92 0.132
1 2 0.164
1 4 0.165
1 7 0.078
1 9 0.051
1 12 0.189
1 15 0.146
1 16 0.114
1 17 0.183
1 21 0.17
1 26 0.135
1 29 0.142
1 30 0.146
1 31 0.186
1 33 0.175
1 34 0.129
1 35 0.135
1 37 0.195
1 44 0.101
1 45 0.14
1 46 0.123
1 50 0.149
1 52 0.138
1 56 0.14
1 64 0.175
1 65 0.167
1 69 0.102
1 71 0.148
1 79 0.217
1 80 0.184
1 82 0.084
1 87 0.164
1 88 0.199
1 89 0.136
1 91 0.157
1 93 0.126
1 98 0.187
1 99 0.171
2 65 1
2 7 0.985
2 62 0.852
2 87 0.91
2 89 0.922
2 77 0.723
2 91 0.672
2 15 0.643
2 34 0.209
2 43 0.164
2 79 0.116
2 93 0.185
2 3 0.147
2 4 0.153
2 28 0.137
2 29 0.134
2 40 0.154
2 53 0.181
2 57 0.141
2 61 0.19
2 70 0.215
2 75 0.121
2 95 0.13
2 9 0.187
2 12 0.178
2 13 0.172
2 17 0.119
2 18 0.107
2 20 0.155
2 26 0.134
2 30 0.159
2 32 0.196
2 33 0.176
2 36 0.186
2 37 0.131
2 39 0.189
2 41 0.158
2 44 0.113
2 45 0.123
2 46 0.173
2 48 0.161
2 49 0.164
2 51 0.142
2 58 0.155
2 59 0.16
2 60 0.11
2 66 0.151
2 76 0.142
2 81 0.154
2 82 0.154
2 83 0.15
2 92 0.157
2 94 0.158
2 96 0.209
2 97 0.153
2 98 0.15
3 41 1
3 14 0.765
3 94 0.897
3 4 0.987
3 30 0.913
3 17 0.736
3 21 1
3 68 0.682
3 11 0.886
3 5 0.504
3 8 0.61
3 44 0.505
3 54 0.666
3 9 0.534
3 12 0.147
3 23 0.144
3 47 0.142
3 13 0.156
3 15 0.172
3 27 0.102
3 29 0.102
3 34 0.105
3 38 0.137
3 64 0.157
3 6 0.206
3 10 0.096
3 19 0.156
3 22 0.124
3 26 0.159
3 28 0.142
3 33 0.164
3 35 0.122
3 43 0.208
3 50 0.124
3 52 0.149
3 53 0.091
3 55 0.18
3 56 0.14
3 59 0.133
3 63 0.208
3 66 0.155
3 67 0.141
3 70 0.17
3 75 0.184
3 76 0.219
3 78 0.163
3 81 0.115
3 82 0.164
3 83 0.167
3 90 0.084
3 91 0.139
3 93 0.157
3 96 0.148
3 97 0.149
4 77 0.963
4 33 0.577
4 58 0.727
4 9 0.626
4 25 0.876
4 98 1
4 23 0.65
4 15 0.831
4 73 0.908
4 70 0.767
4 54 0.655
4 89 0.519
4 17 0.171
4 83 0.076
4 84 0.138
4 93 0.19
4 34 0.148
4 38 0.156
4 42 0.156
4 50 0.198
4 60 0.129
4 75 0.152
4 78 0.14
4 82 0.154
4 91 0.174
4 5 0.184
4 8 0.116
4 10 0.101
4 12 0.18
4 13 0.171
4 14 0.156
4 18 0.136
4 19 0.156
4 21 0.182
4 24 0.114
4 35 0.142
4 44 0.141
4 45 0.153
4 49 0.15
4 51 0.186
4 59 0.178
4 61 0.18
4 65 0.165
4 66 0.142
4 68 0.181
4 76 0.166
4 85 0.149
4 86 0.118
4 88 0.13
4 92 0.21
4 94 0.14
4 96 0.195
4 99 0.173
5 65 0.623
5 24 0.789
5 75 0.965
5 94 0.979
5 89 0.607
5 19 0.963
5 48 0.914
5 70 0.905
5 71 0.676
5 78 0.812
5 44 0.749
5 12 0.703
5 82 0.598
5 37 0.666
5 73 0.935
5 83 0.505
5 25 0.548
5 7 0.177
5 15 0.123
5 13 0.154
5 16 0.155
5 20 0.179
5 27 0.133
5 28 0.146
5 32 0.17
5 51 0.165
5 68 0.114
5 8 0.139
5 18 0.136
5 22 0.14
5 23 0.197
5 30 0.222
5 31 0.139
5 36 0.165
5 46 0.195
5 50 0.113
5 53 0.108
5 54 0.107
5 55 0.14
5 56 0.18
5 64 0.132
5 67 0.112
5 69 0.132
5 72 0.154
5 74 0.121
5 76 0.128
5 79 0.125
5 85 0.173
5 86 0.22
5 88 0.186
5 95 0.123
6 75 0.826
6 52 1
6 82 0.571
6 83 0.965
6 12 1
6 23 0.542
6 33 1
6 84 0.526
6 15 0.558
6 7 0.79
6 97 0.54
6 48 0.117
6 36 0.093
6 40 0.117
6 50 0.144
6 60 0.159
6 69 0.173
6 70 0.174
6 8 0.169
6 14 0.143
6 19 0.2
6 21 0.114
6 22 0.129
6 29 0.156
6 37 0.118
6 38 0.175
6 42 0.196
6 45 0.127
6 46 0.179
6 55 0.159
6 56 0.162
6 59 0.126
6 62 0.117
6 66 0.106
6 67 0.131
6 72 0.167
6 73 0.157
6 76 0.147
6 79 0.173
6 87 0.158
6 93 0.148
6 96 0.14
6 99 0.116
7 30 0.815
7 81 0.597
7 74 0.846
7 63 1
7 47 0.525
7 29 0.547
7 32 0.2
7 36 0.151
7 59 0.121
7 19 0.092
7 40 0.148
7 54 0.104
7 55 0.118
7 56 0.133
7 58 0.154
7 85 0.131
7 98 0.186
7 8 0.16
7 10 0.192
7 13 0.128
7 22 0.096
7 23 0.147
7 24 0.108
7 27 0.19
7 28 0.157
7 31 0.146
7 34 0.149
7 38 0.217
7 39 0.223
7 46 0.157
7 48 0.112
7 49 0.138
7 50 0.145
7 51 0.104
7 53 0.161
7 64 0.125
7 69 0.167
7 72 0.172
7 75 0.14
7 82 0.173
7 89 0.145
7 93 0.129
7 94 0.191
7 97 0.117
8 97 0.906
8 50 0.973
8 51 0.849
8 93 1
8 73 1
8 21 0.538
8 31 0.772
8 82 0.86
8 53 0.777
8 57 0.822
8 30 0.148
8 76 0.091
8 33 0.138
8 34 0.113
8 42 0.139
8 54 0.191
8 66 0.134
8 72 0.153
8 83 0.13
8 84 0.178
8 9 0.164
8 11 0.14
8 13 0.157
8 15 0.127
8 16 0.137
8 23 0.186
8 24 0.165
8 26 0.196
8 27 0.194
8 35 0.169
8 39 0.17
8 40 0.094
8 41 0.163
8 45 0.206
8 47 0.169
8 49 0.148
8 52 0.175
8 55 0.202
8 56 0.173
8 58 0.214
8 61 0.202
8 63 0.185
8 64 0.178
8 71 0.185
8 74 0.089
8 77 0.158
8 81 0.196
8 86 0.064
8 87 0.146
8 90 0.203
8 91 0.131
8 95 0.064
8 96 0.17
8 98 0.131
9 14 0.735
9 44 0.729
9 69 0.513
9 47 0.981
9 26 0.831
9 89 0.796
9 56 0.797
9 48 0.505
9 42 0.659
9 30 0.163
9 61 0.132
9 16 0.175
9 24 0.154
9 27 0.187
9 37 0.133
9 40 0.161
9 62 0.185
9 92 0.143
9 99 0.122
9 10 0.176
9 11 0.173
9 13 0.163
9 17 0.122
9 18 0.174
9 20 0.189
9 33 0.165
9 35 0.148
9 46 0.167
9 50 0.155
9 52 0.15
9 55 0.171
9 59 0.168
9 64 0.16
9 65 0.155
9 66 0.193
9 68 0.125
9 70 0.116
9 71 0.208
9 72 0.134
9 74 0.121
9 78 0.169
9 80 0.162
9 81 0.138
9 82 0.135
9 86 0.119
9 90 0.189
9 93 0.155
9 95 0.173
9 96 0.209
9 98 0.164
10 88 0.709
10 12 0.716
10 75 0.802
10 94 0.562
10 98 1
10 36 0.843
10 40 0.792
10 95 0.985
10 35 0.614
10 56 0.723
10 53 0.576
10 74 0.87
10 15 0.539
10 79 0.154
10 21 0.158
10 18 0.165
10 23 0.145
10 28 0.1
10 60 0.136
10 68 0.121
10 86 0.135
10 14 0.162
10 16 0.156
10 19 0.129
10 22 0.159
10 24 0.134
10 26 0.12
10 27 0.125
10 31 0.146
10 32 0.125
10 33 0.147
10 34 0.166
10 38 0.109
10 39 0.171
10 42 0.124
10 43 0.166
10 45 0.201
10 46 0.205
10 54 0.161
10 58 0.201
10 61 0.15
10 62 0.149
10 63 0.19
10 67 0.162
10 70 0.196
10 71 0.168
10 73 0.16
10 76 0.161
10 80 0.14
10 84 0.125
10 90 0.141
10 96 0.127
10 97 0.192
10 99 0.16
11 49 1
11 67 0.955
11 88 0.794
11 34 0.525
11 23 0.618
11 90 0.663
11 59 0.666
11 79 0.939
11 50 0.164
11 76 0.2
11 87 0.154
11 16 0.193
11 22 0.143
11 28 0.142
11 35 0.131
11 36 0.14
11 52 0.157
11 63 0.155
11 68 0.127
11 85 0.124
11 89 0.128
11 15 0.146
11 21 0.183
11 25 0.103
11 26 0.148
11 30 0.189
11 32 0.124
11 38 0.153
11 40 0.132
11 41 0.168
11 42 0.149
11 47 0.085
11 51 0.103
11 54 0.121
11 57 0.146
11 58 0.185
11 66 0.16
11 75 0.213
11 80 0.109
11 82 0.198
11 84 0.159
11 86 0.17
11 91 0.118
11 94 0.164
11 96 0.16
12 84 0.702
12 63 0.738
12 21 0.772
12 33 0.85
12 93 0.969
12 42 0.767
12 62 0.78
12 45 0.707
12 44 0.76
12 47 0.987
12 76 0.559
12 81 0.691
12 19 0.988
12 94 0.537
12 95 0.142
12 24 0.208
12 34 0.174
12 37 0.122
12 99 0.116
12 16 0.171
12 27 0.159
12 36 0.132
12 49 0.145
12 53 0.154
12 58 0.18
12 66 0.164
12 71 0.207
12 75 0.191
12 14 0.157
12 17 0.135
12 26 0.172
12 28 0.133
12 31 0.152
12 32 0.127
12 43 0.204
12 46 0.162
12 52 0.118
12 56 0.127
12 59 0.173
12 61 0.21
12 68 0.151
12 73 0.146
12 74 0.136
12 78 0.206
12 82 0.117
12 83 0.151
12 85 0.115
12 86 0.163
12 87 0.12
12 88 0.141
12 90 0.152
12 91 0.158
12 96 0.162
13 70 0.783
13 54 1
13 29 0.588
13 14 0.655
13 21 0.566
13 49 0.816
13 56 0.741
13 81 0.599
13 32 0.769
13 59 0.559
13 76 0.583
13 95 0.51
13 45 0.506
13 36 0.178
13 58 0.156
13 23 0.158
13 28 0.182
13 37 0.126
13 60 0.161
13 72 0.13
13 15 0.125
13 19 0.152
13 24 0.15
13 31 0.166
13 33 0.132
13 38 0.129
13 40 0.176
13 44 0.166
13 47 0.173
13 50 0.173
13 51 0.185
13 52 0.168
13 53 0.15
13 62 0.12
13 64 0.146
13 66 0.11
13 68 0.151
13 73 0.114
13 74 0.112
13 77 0.158
13 80 0.13
13 83 0.142
13 87 0.153
13 90 0.117
13 91 0.131
13 93 0.155
13 96 0.126
13 99 0.121
14 19 0.94
14 25 0.715
14 35 0.825
14 79 0.522
14 70 0.986
14 54 0.755
14 68 1
14 65 0.623
14 95 0.922
14 56 0.931
14 16 0.855
14 67 0.629
14 71 0.581
14 86 0.096
14 44 0.099
14 24 0.12
14 37 0.105
14 48 0.149
14 63 0.077
14 72 0.169
14 23 0.13
14 32 0.125
14 34 0.137
14 36 0.171
14 39 0.167
14 41 0.163
14 45 0.142
14 47 0.112
14 49 0.147
14 51 0.133
14 53 0.199
14 57 0.13
14 59 0.151
14 61 0.18
14 64 0.152
14 66 0.121
14 69 0.137
14 75 0.138
14 77 0.111
14 78 0.119
14 80 0.133
14 81 0.16
14 83 0.165
14 84 0.201
14 88 0.146
14 89 0.147
14 90 0.173
14 93 0.163
14 94 0.16
14 96 0.174
14 97 0.143
15 43 0.537
15 31 0.839
15 95 0.921
15 41 0.68
15 90 0.956
15 32 0.859
15 28 0.553
15 23 0.783
15 54 0.759
15 27 0.544
15 57 0.587
15 22 0.6
15 30 0.654
15 81 0.592
15 18 0.599
15 33 0.2
15 16 0.17
15 20 0.138
15 29 0.122
15 36 0.158
15 39 0.141
15 52 0.135
15 55 0.103
15 58 0.159
15 62 0.131
15 65 0.165
15 70 0.15
15 72 0.17
15 19 0.198
15 24 0.181
15 25 0.121
15 26 0.092
15 34 0.15
15 35 0.161
15 42 0.113
15 44 0.148
15 45 0.126
15 47 0.175
15 49 0.14
15 51 0.181
15 59 0.147
15 64 0.121
15 66 0.135
15 68 0.161
15 71 0.135
15 75 0.213
15 76 0.142
15 78 0.144
15 79 0.12
15 84 0.165
15 85 0.181
15 86 0.135
15 87 0.139
15 88 0.146
15 92 0.167
15 96 0.204
15 98 0.13
16 83 0.868
16 89 1
16 47 0.612
16 90 0.84
16 31 1
16 57 1
16 37 0.525
16 22 0.134
16 61 0.161
16 64 0.158
16 85 0.176
16 20 0.141
16 39 0.162
16 46 0.15
16 56 0.158
16 63 0.139
16 65 0.151
16 75 0.133
16 76 0.144
16 21 0.093
16 24 0.173
16 27 0.133
16 28 0.166
16 33 0.132
16 34 0.162
16 35 0.14
16 41 0.156
16 42 0.172
16 45 0.152
16 51 0.19
16 62 0.107
16 67 0.135
16 70 0.147
16 71 0.161
16 73 0.107
16 81 0.144
16 84 0.217
16 88 0.118
16 93 0.13
16 95 0.108
16 96 0.112
16 98 0.184
17 18 0.762
17 44 0.607
17 38 1
17 36 1
17 37 0.865
17 64 1
17 23 0.725
17 95 0.87
17 92 0.724
17 48 0.612
17 58 0.57
17 20 0.73
17 77 0.554
17 90 0.505
17 51 0.151
17 33 0.156
17 47 0.141
17 50 0.122
17 59 0.137
17 84 0.134
17 97 0.147
17 39 0.124
17 40 0.12
17 54 0.154
17 55 0.151
17 56 0.17
17 76 0.148
17 78 0.14
17 19 0.182
17 22 0.116
17 24 0.166
17 26 0.212
17 31 0.129
17 45 0.151
17 46 0.096
17 52 0.111
17 61 0.216
17 68 0.177
17 70 0.199
17 73 0.145
17 79 0.174
17 81 0.18
17 86 0.171
17 87 0.091
17 88 0.152
17 91 0.16
17 93 0.137
17 94 0.186
18 28 0.6
18 86 0.774
18 20 0.675
18 19 1
18 68 1
18 43 0.549
18 91 0.711
18 95 1
18 81 0.864
18 87 0.529
18 61 0.546
18 29 0.174
18 74 0.134
18 76 0.154
18 53 0.183
18 63 0.136
18 64 0.141
18 21 0.15
18 23 0.139
18 25 0.231
18 32 0.136
18 33 0.119
18 37 0.158
18 38 0.143
18 39 0.153
18 40 0.146
18 46 0.14
18 50 0.129
18 51 0.15
18 59 0.123
18 60 0.126
18 62 0.101
18 65 0.071
18 66 0.148
18 67 0.188
18 69 0.114
18 70 0.158
18 73 0.134
18 79 0.123
18 88 0.147
18 89 0.121
18 92 0.131
18 94 0.145
18 96 0.145
18 97 0.099
18 99 0.117
19 55 0.647
19 20 0.834
19 73 0.908
19 43 0.773
19 70 0.705
19 29 1
19 98 0.67
19 23 0.527
19 26 0.88
19 56 0.604
19 35 0.153
19 50 0.187
19 22 0.157
19 48 0.17
19 54 0.148
19 63 0.096
19 66 0.191
19 68 0.139
19 74 0.146
19 75 0.089
19 77 0.128
19 89 0.205
19 91 0.141
19 99 0.117
19 24 0.126
19 27 0.118
19 28 0.112
19 32 0.123
19 33 0.175
19 40 0.159
19 42 0.155
19 46 0.166
19 51 0.115
19 52 0.166
19 53 0.174
19 57 0.174
19 58 0.195
19 59 0.197
19 61 0.162
19 62 0.172
19 65 0.101
19 67 0.19
19 72 0.159
19 76 0.158
19 78 0.136
19 80 0.178
19 82 0.151
19 83 0.12
19 86 0.125
19 87 0.233
19 90 0.113
19 93 0.12
19 94 0.137
19 95 0.15
19 97 0.131
20 31 0.924
20 53 0.576
20 71 1
20 58 0.848
20 79 1
20 86 0.531
20 38 1
20 78 0.739
20 84 0.81
20 57 0.587
20 23 0.689
20 24 0.593
20 99 0.704
20 42 0.611
20 85 0.506
20 82 0.504
20 69 0.175
20 34 0.141
20 80 0.168
20 32 0.148
20 37 0.154
20 40 0.147
20 50 0.148
20 74 0.161
20 81 0.132
20 83 0.187
20 90 0.175
20 91 0.159
20 97 0.144
20 26 0.196
20 27 0.152
20 33 0.159
20 39 0.205
20 41 0.13
20 45 0.18
20 46 0.118
20 47 0.123
20 48 0.19
20 59 0.189
20 61 0.154
20 64 0.102
20 65 0.084
20 66 0.166
20 67 0.193
20 68 0.089
20 70 0.157
20 72 0.146
20 73 0.118
20 77 0.12
20 92 0.201
20 94 0.103
21 75 1
21 99 0.963
21 27 1
21 54 0.851
21 23 0.509
21 79 0.536
21 59 0.903
21 86 0.714
21 56 0.522
21 40 0.517
21 44 0.563
21 95 0.927
21 28 0.124
21 61 0.179
21 89 0.168
21 90 0.177
21 97 0.116
21 22 0.146
21 24 0.103
21 25 0.132
21 32 0.18
21 33 0.15
21 34 0.153
21 36 0.146
21 42 0.143
21 45 0.144
21 46 0.153
21 52 0.193
21 55 0.131
21 60 0.138
21 65 0.153
21 66 0.138
21 67 0.19
21 68 0.153
21 72 0.112
21 74 0.115
21 76 0.209
21 78 0.178
21 80 0.144
21 81 0.107
21 83 0.139
21 91 0.116
21 92 0.111
22 72 0.876
22 58 0.756
22 51 0.842
22 82 1
22 77 0.692
22 33 0.536
22 66 0.774
22 47 0.618
22 49 0.57
22 38 0.507
22 91 0.705
22 87 0.53
22 37 0.784
22 46 0.515
22 70 0.213
22 31 0.152
22 32 0.134
22 40 0.139
22 57 0.118
22 75 0.149
22 99 0.15
22 24 0.168
22 25 0.159
22 26 0.18
22 27 0.195
22 28 0.192
22 34 0.138
22 35 0.162
22 43 0.137
22 44 0.093
22 45 0.183
22 52 0.17
22 62 0.176
22 64 0.158
22 79 0.141
22 81 0.157
22 84 0.117
22 85 0.116
22 88 0.159
22 94 0.152
22 95 0.152
22 96 0.125
23 60 0.848
23 79 0.692
23 36 0.878
23 51 0.77
23 29 0.787
23 80 0.629
23 73 1
23 95 0.709
23 97 0.602
23 65 0.148
23 25 0.131
23 30 0.159
23 37 0.192
23 64 0.095
23 76 0.167
23 83 0.135
23 85 0.186
23 24 0.135
23 26 0.144
23 27 0.181
23 32 0.118
23 33 0.159
23 34 0.18
23 35 0.118
23 38 0.13
23 43 0.139
23 44 0.197
23 45 0.168
23 47 0.173
23 50 0.12
23 53 0.16
23 54 0.132
23 55 0.163
23 56 0.146
23 59 0.154
23 61 0.107
23 62 0.164
23 66 0.127
23 67 0.116
23 70 0.124
23 75 0.152
23 78 0.203
23 82 0.163
23 84 0.132
23 88 0.176
23 90 0.141
23 93 0.115
23 94 0.156
23 98 0.121
24 82 0.718
24 26 0.905
24 60 1
24 39 0.851
24 92 0.651
24 75 0.847
24 32 0.592
24 35 0.695
24 79 0.604
24 56 0.139
24 53 0.162
24 29 0.135
24 30 0.105
24 31 0.105
24 45 0.095
24 59 0.136
24 64 0.152
24 80 0.143
24 89 0.151
24 91 0.112
24 33 0.135
24 40 0.179
24 41 0.19
24 42 0.108
24 46 0.147
24 48 0.176
24 50 0.181
24 51 0.104
24 52 0.201
24 54 0.205
24 61 0.143
24 65 0.134
24 73 0.17
24 74 0.136
24 77 0.156
24 86 0.148
24 88 0.167
24 93 0.17
24 94 0.163
24 97 0.106
25 91 0.622
25 55 0.945
25 63 0.948
25 43 0.862
25 83 1
25 62 1
25 90 0.654
25 99 0.801
25 79 0.682
25 80 0.544
25 93 0.656
25 30 0.12
25 35 0.173
25 69 0.212
25 28 0.172
25 31 0.142
25 33 0.148
25 38 0.097
25 40 0.149
25 41 0.135
25 42 0.188
25 44 0.219
25 48 0.153
25 49 0.125
25 52 0.163
25 53 0.127
25 54 0.179
25 59 0.137
25 65 0.16
25 66 0.121
25 70 0.178
25 71 0.14
25 77 0.191
25 81 0.091
25 89 0.116
25 94 0.151
25 97 0.151
25 98 0.166
26 67 1
26 87 0.896
26 47 1
26 98 0.959
26 92 0.589
26 29 0.743
26 53 0.996
26 63 0.793
26 95 0.94
26 96 0.577
26 99 0.527
26 80 0.671
26 31 0.158
26 59 0.154
26 62 0.175
26 89 0.107
26 91 0.128
26 27 0.157
26 34 0.099
26 40 0.121
26 45 0.214
26 56 0.153
26 74 0.14
26 76 0.167
26 84 0.153
26 86 0.133
26 97 0.162
26 32 0.166
26 33 0.171
26 37 0.122
26 42 0.129
26 43 0.142
26 46 0.128
26 50 0.105
26 51 0.184
26 55 0.134
26 57 0.133
26 60 0.15
26 61 0.113
26 65 0.153
26 70 0.096
26 77 0.121
26 79 0.158
26 83 0.121
26 85 0.189
26 88 0.171
26 90 0.166
27 41 0.517
27 90 1
27 67 0.976
27 85 0.75
27 80 1
27 48 0.731
27 58 0.714
27 94 0.513
27 72 0.995
27 91 0.606
27 82 0.632
27 44 0.127
27 73 0.154
27 35 0.191
27 39 0.124
27 43 0.167
27 45 0.138
27 51 0.171
27 63 0.178
27 66 0.109
27 98 0.14
27 28 0.169
27 33 0.202
27 34 0.117
27 40 0.084
27 42 0.168
27 46 0.141
27 47 0.132
27 49 0.164
27 54 0.167
27 56 0.163
27 57 0.146
27 59 0.164
27 60 0.077
27 62 0.16
27 70 0.117
27 75 0.156
27 78 0.179
27 79 0.108
27 81 0.13
27 83 0.18
27 86 0.138
27 88 0.218
27 89 0.144
27 93 0.142
27 97 0.135
27 99 0.164
28 59 0.531
28 68 1
28 79 0.885
28 44 0.898
28 45 0.562
28 58 0.65
28 95 0.75
28 90 0.538
28 29 0.632
28 38 0.697
28 98 0.617
28 50 0.162
28 46 0.137
28 82 0.129
28 87 0.184
28 89 0.121
28 30 0.121
28 33 0.16
28 36 0.095
28 40 0.102
28 42 0.179
28 48 0.144
28 51 0.127
28 54 0.154
28 55 0.12
28 56 0.167
28 57 0.139
28 60 0.133
28 64 0.15
28 65 0.211
28 70 0.129
28 71 0.212
28 73 0.161
28 74 0.173
28 76 0.131
28 77 0.131
28 78 0.145
28 85 0.16
28 96 0.165
29 66 0.743
29 49 0.72
29 70 0.789
29 96 0.764
29 40 0.941
29 39 1
29 31 0.652
29 48 0.612
29 60 0.553
29 89 0.574
29 54 0.146
29 33 0.147
29 36 0.176
29 38 0.154
29 55 0.123
29 58 0.118
29 63 0.117
29 65 0.159
29 75 0.206
29 86 0.172
29 88 0.121
29 92 0.179
29 32 0.128
29 34 0.176
29 41 0.157
29 43 0.097
29 46 0.176
29 50 0.248
29 51 0.146
29 57 0.12
29 61 0.153
29 62 0.14
29 64 0.1
29 67 0.165
29 68 0.136
29 73 0.154
29 76 0.171
29 78 0.126
29 82 0.148
29 83 0.182
29 94 0.133
29 95 0.119
29 98 0.133
30 78 0.894
30 42 1
30 75 0.926
30 94 0.651
30 63 0.708
30 68 0.62
30 55 1
30 59 0.916
30 86 0.718
30 31 0.812
30 73 0.89
30 32 0.683
30 88 0.917
30 43 0.196
30 77 0.181
30 93 0.153
30 41 0.162
30 48 0.146
30 52 0.101
30 64 0.135
30 79 0.151
30 98 0.136
30 34 0.118
30 39 0.127
30 40 0.187
30 44 0.172
30 46 0.167
30 49 0.183
30 50 0.112
30 54 0.14
30 56 0.162
30 57 0.149
30 58 0.141
30 61 0.158
30 65 0.122
30 70 0.154
30 71 0.123
30 82 0.141
30 83 0.152
30 84 0.216
30 85 0.189
30 87 0.149
30 95 0.131
30 96 0.167
30 97 0.139
30 99 0.15
31 75 1
31 73 0.706
31 49 1
31 77 0.919
31 44 0.877
31 59 0.541
31 65 0.656
31 98 0.736
31 99 0.709
31 62 0.127
31 46 0.167
31 88 0.145
31 40 0.182
31 90 0.111
31 91 0.185
31 33 0.154
31 35 0.137
31 39 0.114
31 41 0.139
31 42 0.174
31 47 0.184
31 48 0.132
31 50 0.144
31 52 0.169
31 54 0.134
31 57 0.112
31 61 0.125
31 63 0.168
31 67 0.159
31 69 0.174
31 71 0.135
31 72 0.21
31 76 0.179
31 82 0.143
31 85 0.174
31 87 0.131
31 89 0.154
31 92 0.141
31 94 0.143
31 95 0.13
31 96 0.103
32 53 1
32 61 0.648
32 56 0.629
32 93 0.823
32 43 0.759
32 89 0.602
32 49 0.681
32 99 0.876
32 96 0.152
32 63 0.205
32 80 0.119
32 44 0.121
32 54 0.153
32 58 0.122
32 78 0.154
32 91 0.139
32 34 0.176
32 36 0.191
32 40 0.115
32 41 0.209
32 45 0.14
32 46 0.129
32 47 0.177
32 48 0.188
32 50 0.139
32 55 0.142
32 59 0.105
32 64 0.213
32 65 0.135
32 66 0.103
32 67 0.147
32 73 0.152
32 77 0.13
32 81 0.119
32 83 0.151
32 84 0.118
32 86 0.115
32 94 0.136
32 97 0.15
33 70 0.943
33 62 0.893
33 57 0.569
33 37 0.82
33 64 0.584
33 71 0.712
33 53 0.519
33 34 0.178
33 40 0.149
33 48 0.089
33 49 0.208
33 54 0.168
33 72 0.132
33 79 0.143
33 84 0.079
33 38 0.212
33 39 0.138
33 42 0.088
33 43 0.139
33 45 0.115
33 55 0.125
33 61 0.146
33 65 0.137
33 66 0.143
33 67 0.141
33 68 0.149
33 73 0.138
33 74 0.136
33 77 0.154
33 81 0.13
33 82 0.189
33 87 0.123
33 89 0.156
33 91 0.226
33 92 0.167
33 93 0.137
33 94 0.117
33 96 0.157
33 97 0.187
33 98 0.154
34 69 0.561
34 65 0.562
34 76 1
34 59 0.714
34 84 0.628
34 73 0.513
34 71 0.511
34 90 0.141
34 44 0.143
34 62 0.136
34 63 0.138
34 80 0.11
34 92 0.159
34 94 0.18
34 96 0.139
34 98 0.121
34 35 0.146
34 36 0.171
34 38 0.151
34 39 0.105
34 42 0.124
34 57 0.136
34 58 0.142
34 61 0.166
34 64 0.127
34 66 0.166
34 68 0.081
34 70 0.139
34 77 0.17
34 85 0.087
34 87 0.18
34 93 0.169
34 99 0.16
35 72 0.911
35 45 0.914
35 87 0.757
35 37 0.659
35 40 0.515
35 83 0.502
35 55 0.633
35 80 0.536
35 62 0.54
35 75 0.73
35 59 0.126
35 60 0.172
35 82 0.146
35 91 0.164
35 36 0.158
35 41 0.177
35 46 0.18
35 57 0.169
35 73 0.115
35 79 0.142
35 86 0.132
35 97 0.155
35 98 0.161
35 42 0.215
35 47 0.197
35 48 0.209
35 49 0.162
35 54 0.169
35 61 0.142
35 63 0.184
35 66 0.132
35 67 0.169
35 71 0.163
35 74 0.169
35 81 0.143
35 88 0.139
35 89 0.2
35 90 0.17
35 92 0.116
35 95 0.159
36 87 0.911
36 66 0.553
36 65 0.657
36 69 0.914
36 61 0.685
36 62 0.799
36 59 0.56
36 74 0.157
36 37 0.187
36 44 0.195
36 47 0.133
36 55 0.098
36 67 0.133
36 79 0.124
36 98 0.108
36 38 0.145
36 39 0.138
36 41 0.169
36 42 0.167
36 43 0.122
36 45 0.137
36 51 0.144
36 60 0.127
36 63 0.167
36 64 0.151
36 68 0.171
36 73 0.208
36 77 0.147
36 82 0.175
36 85 0.151
36 88 0.167
36 90 0.164
36 92 0.179
36 95 0.182
36 96 0.107
37 78 0.743
37 62 1
37 81 0.954
37 52 0.589
37 53 0.603
37 83 0.145
37 97 0.122
37 44 0.112
37 66 0.148
37 76 0.2
37 86 0.122
37 38 0.08
37 39 0.133
37 42 0.172
37 46 0.136
37 48 0.203
37 51 0.163
37 56 0.124
37 58 0.133
37 59 0.111
37 61 0.158
37 64 0.153
37 69 0.173
37 71 0.183
37 72 0.159
37 73 0.128
37 85 0.11
37 90 0.185
37 92 0.128
37 94 0.175
37 95 0.137
37 96 0.187
38 85 0.609
38 59 0.981
38 67 0.76
38 83 0.685
38 45 1
38 41 0.872
38 94 1
38 39 0.949
38 50 0.617
38 88 0.683
38 99 0.604
38 62 0.136
38 43 0.121
38 48 0.157
38 72 0.128
38 78 0.156
38 98 0.19
38 42 0.166
38 46 0.175
38 54 0.162
38 56 0.137
38 58 0.138
38 60 0.244
38 63 0.143
38 65 0.137
38 68 0.118
38 74 0.125
38 79 0.102
38 84 0.184
38 87 0.105
38 90 0.217
38 92 0.081
38 93 0.129
38 95 0.129
38 96 0.147
39 55 0.981
39 82 0.588
39 61 1
39 62 1
39 92 0.762
39 60 0.827
39 86 0.617
39 79 1
39 98 0.957
39 67 0.613
39 68 0.511
39 96 0.74
39 51 0.505
39 54 0.157
39 44 0.131
39 45 0.141
39 64 0.172
39 70 0.162
39 71 0.148
39 81 0.149
39 40 0.138
39 42 0.144
39 46 0.172
39 47 0.147
39 48 0.135
39 52 0.157
39 56 0.165
39 59 0.113
39 63 0.137
39 75 0.149
39 76 0.164
39 77 0.145
39 80 0.15
39 83 0.181
39 87 0.172
39 88 0.135
39 91 0.16
39 93 0.194
39 94 0.154
39 95 0.106
39 97 0.142
39 99 0.157
40 59 0.541
40 45 0.602
40 98 0.751
40 67 0.591
40 51 0.702
40 64 0.901
40 96 0.575
40 87 0.542
40 81 0.504
40 73 0.515
40 72 0.15
40 84 0.14
40 86 0.166
40 91 0.119
40 48 0.118
40 49 0.212
40 50 0.148
40 52 0.199
40 60 0.261
40 78 0.073
40 83 0.135
40 41 0.181
40 43 0.171
40 46 0.162
40 47 0.161
40 55 0.121
40 57 0.143
40 62 0.144
40 63 0.154
40 68 0.072
40 69 0.106
40 70 0.143
40 74 0.139
40 75 0.156
40 85 0.127
40 94 0.203
40 95 0.203
41 43 1
41 57 1
41 90 0.629
41 81 0.586
41 42 0.973
41 52 0.782
41 73 0.762
41 88 0.599
41 53 0.143
41 85 0.101
41 50 0.132
41 56 0.142
41 60 0.161
41 69 0.112
41 72 0.174
41 78 0.176
41 79 0.143
41 47 0.096
41 48 0.189
41 54 0.154
41 59 0.135
41 61 0.175
41 63 0.161
41 64 0.158
41 66 0.157
41 75 0.181
41 82 0.18
41 83 0.166
41 86 0.155
41 93 0.166
41 97 0.094
42 93 1
42 99 0.764
42 45 0.928
42 70 0.883
42 61 0.988
42 80 0.14
42 65 0.141
42 91 0.159
42 68 0.141
42 77 0.135
42 94 0.162
42 95 0.125
42 97 0.16
42 43 0.213
42 46 0.144
42 47 0.172
42 49 0.12
42 50 0.12
42 52 0.158
42 53 0.172
42 58 0.139
42 60 0.147
42 64 0.184
42 69 0.154
42 74 0.134
42 78 0.187
42 83 0.162
42 85 0.128
42 90 0.226
42 92 0.133
42 96 0.197
42 98 0.196
43 78 0.562
43 99 1
43 76 0.549
43 96 0.529
43 57 0.182
43 47 0.176
43 56 0.158
43 58 0.125
43 65 0.131
43 46 0.144
43 48 0.203
43 49 0.114
43 50 0.16
43 62 0.15
43 64 0.19
43 66 0.14
43 69 0.108
43 72 0.21
43 75 0.094
43 81 0.204
43 82 0.146
43 84 0.205
43 85 0.107
43 86 0.187
43 88 0.126
43 89 0.135
43 90 0.121
43 93 0.081
43 94 0.133
44 66 0.986
44 68 0.562
44 59 0.163
44 51 0.18
44 55 0.139
44 72 0.158
44 74 0.136
44 77 0.154
44 82 0.147
44 84 0.099
44 46 0.16
44 47 0.142
44 49 0.215
44 50 0.095
44 52 0.152
44 56 0.116
44 57 0.139
44 60 0.171
44 61 0.183
44 62 0.146
44 63 0.076
44 73 0.169
44 75 0.115
44 76 0.126
44 80 0.123
44 87 0.137
44 89 0.159
44 91 0.201
44 93 0.163
44 99 0.109
45 53 0.89
45 51 1
45 58 1
45 80 0.853
45 69 0.784
45 49 0.756
45 65 0.147
45 61 0.118
45 73 0.172
45 60 0.126
45 74 0.118
45 78 0.179
45 84 0.149
45 48 0.169
45 52 0.168
45 56 0.175
45 59 0.191
45 67 0.148
45 72 0.076
45 75 0.16
45 77 0.175
45 79 0.137
45 85 0.109
45 86 0.183
45 87 0.163
45 90 0.07
45 92 0.155
45 95 0.126
45 96 0.142
45 98 0.165
46 81 1
46 82 0.925
46 83 0.972
46 55 0.599
46 91 0.559
46 89 0.558
46 65 0.546
46 60 0.119
46 50 0.188
46 63 0.166
46 66 0.152
46 84 0.157
46 48 0.154
46 78 0.143
46 92 0.146
46 95 0.142
46 97 0.218
46 47 0.092
46 49 0.158
46 51 0.167
46 56 0.11
46 59 0.142
46 61 0.189
46 67 0.114
46 68 0.156
46 69 0.154
46 72 0.139
46 73 0.173
46 74 0.173
46 76 0.15
46 80 0.059
46 87 0.143
46 98 0.171
47 82 1
47 71 0.874
47 77 1
47 81 0.624
47 63 0.596
47 98 0.83
47 55 0.676
47 66 0.186
47 60 0.171
47 67 0.129
47 76 0.166
47 51 0.175
47 52 0.142
47 53 0.159
47 54 0.15
47 56 0.078
47 58 0.171
47 59 0.122
47 64 0.122
47 68 0.105
47 70 0.176
47 73 0.137
47 74 0.18
47 75 0.122
47 78 0.163
47 80 0.183
47 85 0.159
47 86 0.134
47 87 0.15
47 92 0.164
47 94 0.158
48 84 0.998
48 99 0.768
48 92 0.501
48 81 0.887
48 62 0.84
48 72 0.705
48 73 0.134
48 78 0.112
48 91 0.168
48 61 0.167
48 63 0.167
48 75 0.137
48 76 0.141
48 49 0.182
48 51 0.128
48 53 0.153
48 57 0.151
48 58 0.174
48 65 0.191
48 69 0.138
48 82 0.139
48 83 0.101
48 86 0.198
48 87 0.174
48 88 0.174
48 89 0.152
48 93 0.147
48 96 0.119
49 85 0.925
49 88 0.808
49 62 0.891
49 78 0.888
49 56 0.122
49 63 0.115
49 53 0.132
49 96 0.176
49 52 0.12
49 64 0.106
49 93 0.171
49 94 0.189
49 50 0.124
49 55 0.075
49 57 0.129
49 58 0.097
49 59 0.185
49 60 0.146
49 61 0.12
49 65 0.113
49 68 0.108
49 71 0.145
49 72 0.128
49 74 0.096
49 80 0.177
49 87 0.125
49 89 0.135
49 90 0.206
49 97 0.163
50 60 0.887
50 83 0.779
50 89 0.131
50 96 0.18
50 59 0.128
50 62 0.141
50 68 0.151
50 72 0.125
50 82 0.167
50 98 0.161
50 52 0.131
50 53 0.129
50 54 0.131
50 56 0.171
50 61 0.134
50 64 0.169
50 66 0.124
50 67 0.196
50 69 0.146
50 70 0.121
50 73 0.162
50 75 0.166
50 77 0.156
50 78 0.179
50 80 0.098
50 81 0.101
50 85 0.139
50 86 0.177
50 92 0.157
50 97 0.129
51 59 0.978
51 64 0.549
51 72 0.767
51 56 0.806
51 98 0.953
51 82 0.52
51 61 0.536
51 81 0.515
51 95 0.154
51 52 0.198
51 55 0.102
51 69 0.139
51 71 0.062
51 77 0.163
51 80 0.17
51 83 0.141
51 84 0.108
51 89 0.122
51 90 0.136
51 58 0.144
51 60 0.157
51 62 0.217
51 68 0.145
51 74 0.15
51 75 0.128
51 76 0.161
51 85 0.128
51 87 0.182
51 93 0.207
51 94 0.095
51 97 0.118
52 61 0.788
52 93 0.873
52 80 0.559
52 90 0.754
52 53 0.547
52 96 0.69
52 62 0.527
52 69 0.152
52 94 0.149
52 63 0.134
52 91 0.192
52 57 0.147
52 59 0.181
52 60 0.156
52 65 0.125
52 66 0.208
52 67 0.163
52 70 0.132
52 72 0.16
52 75 0.199
52 81 0.13
52 85 0.177
52 86 0.176
52 87 0.193
52 88 0.067
52 95 0.156
52 99 0.14
53 77 1
53 72 0.733
53 98 0.529
53 87 0.855
53 74 0.673
53 67 0.146
53 79 0.093
53 55 0.146
53 73 0.141
53 80 0.163
53 81 0.136
53 96 0.135
53 56 0.141
53 58 0.1
53 59 0.174
53 60 0.134
53 61 0.146
53 62 0.177
53 63 0.148
53 64 0.18
53 65 0.173
53 66 0.212
53 68 0.139
53 70 0.14
53 75 0.146
53 78 0.148
53 82 0.122
53 84 0.138
53 90 0.183
53 93 0.17
53 94 0.154
53 95 0.188
53 99 0.154
54 99 0.641
54 77 0.883
54 98 1
54 80 0.505
54 86 0.19
54 60 0.138
54 61 0.158
54 81 0.118
54 83 0.127
54 58 0.205
54 64 0.162
54 65 0.159
54 66 0.14
54 72 0.153
54 73 0.117
54 79 0.25
54 89 0.143
54 95 0.173
54 97 0.139
55 98 1
55 89 0.816
55 97 0.738
55 83 0.534
55 61 0.09
55 57 0.182
55 62 0.153
55 65 0.109
55 66 0.152
55 67 0.155
55 75 0.091
55 86 0.196
55 88 0.134
55 94 0.132
55 99 0.146
55 63 0.15
55 64 0.155
55 76 0.164
55 81 0.202
55 82 0.158
55 84 0.091
55 87 0.136
55 91 0.132
55 92 0.15
55 93 0.165
55 96 0.123
56 68 0.746
56 81 1
56 70 0.565
56 66 0.997
56 93 0.953
56 92 0.681
56 60 0.513
56 58 0.161
56 77 0.125
56 82 0.173
56 59 0.123
56 64 0.124
56 65 0.132
56 69 0.201
56 74 0.148
56 76 0.163
56 79 0.169
56 80 0.128
56 86 0.126
56 87 0.137
56 88 0.168
56 90 0.091
56 94 0.167
56 97 0.143
56 99 0.178
57 60 1
57 65 0.911
57 83 0.878
57 59 0.775
57 81 0.79
57 94 0.635
57 78 0.569
57 88 0.543
57 99 0.582
57 61 0.153
57 89 0.163
57 62 0.224
57 66 0.177
57 63 0.139
57 67 0.11
57 70 0.141
57 71 0.126
57 77 0.115
57 79 0.206
57 80 0.102
57 82 0.144
57 85 0.117
57 86 0.143
57 91 0.168
57 96 0.115
57 98 0.139
58 65 0.56
58 68 0.849
58 88 0.919
58 87 0.791
58 99 0.761
58 60 0.152
58 63 0.199
58 69 0.147
58 74 0.113
58 79 0.139
58 62 0.166
58 64 0.156
58 66 0.176
58 67 0.092
58 71 0.132
58 73 0.118
58 77 0.167
58 81 0.134
58 98 0.087
59 87 0.776
59 79 0.998
59 65 1
59 68 0.917
59 81 0.811
59 80 0.955
59 63 0.692
59 94 0.163
59 62 0.181
59 76 0.15
59 77 0.143
59 85 0.138
59 86 0.175
59 92 0.12
59 60 0.16
59 64 0.16
59 74 0.143
59 75 0.108
59 78 0.189
59 83 0.09
59 84 0.158
59 89 0.191
59 93 0.17
60 68 1
60 71 0.135
60 92 0.119
60 86 0.14
60 61 0.196
60 80 0.138
60 83 0.189
60 84 0.137
60 93 0.163
60 99 0.18
60 62 0.107
60 64 0.127
60 66 0.17
60 67 0.157
60 73 0.103
60 78 0.191
60 79 0.115
60 81 0.208
60 82 0.172
60 88 0.125
60 90 0.137
60 94 0.124
60 95 0.137
61 79 1
61 87 0.834
61 66 0.692
61 68 0.693
61 81 0.556
61 91 0.155
61 97 0.139
61 74 0.181
61 77 0.135
61 78 0.143
61 98 0.165
61 67 0.146
61 70 0.125
61 71 0.185
61 75 0.177
61 76 0.144
61 80 0.125
61 90 0.144
61 93 0.119
61 94 0.103
61 99 0.162
62 82 0.908
62 72 0.852
62 89 0.609
62 79 0.509
62 77 0.119
62 65 0.102
62 95 0.154
62 96 0.136
62 97 0.164
62 69 0.174
62 70 0.132
62 71 0.113
62 75 0.15
62 80 0.164
62 81 0.175
62 84 0.162
62 85 0.133
62 88 0.131
62 91 0.121
62 92 0.117
63 89 0.582
63 71 0.142
63 80 0.133
63 99 0.135
63 65 0.113
63 75 0.135
63 76 0.127
63 85 0.185
63 67 0.109
63 73 0.212
63 77 0.15
63 82 0.171
63 90 0.127
63 94 0.177
63 95 0.18
63 96 0.143
64 71 0.639
64 66 1
64 65 0.598
64 83 0.747
64 73 0.54
64 92 0.506
64 74 0.199
64 86 0.124
64 94 0.177
64 67 0.179
64 69 0.156
64 70 0.127
64 72 0.201
64 75 0.059
64 76 0.119
64 77 0.133
64 78 0.147
64 79 0.176
64 80 0.203
64 82 0.207
64 84 0.128
64 87 0.229
64 88 0.154
64 89 0.115
64 90 0.196
64 99 0.085
65 85 0.946
65 98 0.62
65 94 0.826
65 67 0.844
65 77 0.542
65 95 0.79
65 87 0.169
65 75 0.122
65 66 0.193
65 70 0.144
65 81 0.163
65 68 0.128
65 71 0.175
65 72 0.138
65 74 0.173
65 83 0.171
65 86 0.148
65 88 0.15
65 90 0.182
65 97 0.098
65 99 0.178
66 76 0.908
66 77 0.521
66 95 0.65
66 96 0.681
66 97 0.139
66 83 0.16
66 84 0.113
66 99 0.16
66 79 0.127
66 98 0.16
66 73 0.131
66 74 0.17
66 82 0.12
66 87 0.186
66 89 0.104
66 93 0.171
66 94 0.113
67 81 0.66
67 87 0.545
67 70 0.783
67 91 0.576
67 77 0.857
67 80 0.639
67 75 0.501
67 88 0.162
67 90 0.115
67 95 0.155
67 97 0.116
67 99 0.105
67 71 0.187
67 73 0.164
67 76 0.187
67 78 0.13
67 83 0.151
67 92 0.119
67 93 0.068
67 94 0.207
67 96 0.17
67 98 0.123
68 91 0.533
68 71 0.869
68 73 0.919
68 82 1
68 98 0.634
68 80 0.166
68 69 0.145
68 70 0.173
68 75 0.144
68 78 0.131
68 94 0.085
68 72 0.132
68 77 0.091
68 79 0.151
68 81 0.192
68 84 0.183
68 86 0.135
68 96 0.113
68 97 0.178
69 74 1
69 96 0.511
69 94 0.506
69 87 0.191
69 89 0.142
69 93 0.172
69 97 0.176
69 98 0.156
69 70 0.128
69 72 0.172
69 75 0.228
69 79 0.146
69 80 0.115
69 82 0.185
69 83 0.134
69 84 0.15
69 86 0.147
69 90 0.12
69 99 0.157
70 93 0.68
70 73 0.517
70 78 0.138
70 75 0.12
70 81 0.155
70 87 0.146
70 98 0.121
70 74 0.102
70 80 0.147
70 82 0.154
70 85 0.142
70 92 0.162
70 95 0.18
70 96 0.163
71 82 0.664
71 98 0.7
71 77 0.581
71 89 0.692
71 93 0.174
71 79 0.164
71 84 0.156
71 95 0.178
71 96 0.124
71 73 0.187
71 76 0.147
71 78 0.121
71 81 0.162
71 83 0.12
71 85 0.156
71 87 0.16
71 94 0.157
72 95 1
72 76 0.763
72 92 0.151
72 98 0.166
72 82 0.108
72 99 0.129
72 74 0.102
72 75 0.086
72 77 0.154
72 81 0.12
72 83 0.099
72 84 0.131
72 85 0.135
72 86 0.143
72 88 0.182
72 90 0.185
72 94 0.121
72 96 0.197
72 97 0.198
73 88 0.981
73 80 0.815
73 83 0.677
73 90 0.627
73 97 0.239
73 79 0.131
73 81 0.188
73 84 0.111
73 85 0.163
73 92 0.107
73 95 0.129
74 77 0.831
74 80 0.823
74 98 1
74 88 0.715
74 76 0.554
74 82 0.13
74 83 0.126
74 75 0.132
74 79 0.164
74 84 0.089
74 85 0.172
74 87 0.139
74 89 0.127
74 90 0.148
74 94 0.098
74 95 0.142
74 96 0.132
74 99 0.135
75 95 0.663
75 77 0.931
75 80 0.785
75 92 0.134
75 94 0.154
75 76 0.146
75 78 0.147
75 81 0.144
75 82 0.172
75 85 0.173
75 86 0.118
75 87 0.061
75 91 0.098
75 96 0.181
75 97 0.186
76 94 0.811
76 89 0.161
76 96 0.176
76 81 0.174
76 82 0.145
76 83 0.222
76 84 0.145
76 87 0.132
76 90 0.177
76 91 0.117
76 92 0.22
76 93 0.149
76 97 0.167
76 98 0.118
77 94 0.92
77 82 0.155
77 96 0.136
77 87 0.114
77 91 0.115
77 79 0.138
77 83 0.177
77 85 0.182
77 86 0.104
77 89 0.16
77 90 0.175
77 92 0.206
77 93 0.162
77 97 0.143
77 98 0.158
77 99 0.18
78 97 0.517
78 79 0.844
78 87 0.937
78 89 1
78 94 0.844
78 84 0.156
78 83 0.132
78 86 0.128
78 85 0.12
78 96 0.161
78 99 0.123
79 82 0.517
79 83 0.153
79 84 0.114
79 85 0.148
79 86 0.142
79 87 0.134
79 88 0.102
79 89 0.069
79 92 0.085
79 94 0.163
79 95 0.124
79 99 0.172
80 85 0.781
80 99 0.814
80 82 0.124
80 93 0.157
80 94 0.088
80 95 0.099
80 98 0.171
80 84 0.117
80 86 0.209
80 88 0.204
80 89 0.147
80 90 0.161
80 92 0.134
80 96 0.134
80 97 0.163
81 88 0.81
81 83 0.977
81 95 0.642
81 94 0.137
81 89 0.17
81 91 0.135
81 84 0.119
81 92 0.183
81 93 0.168
81 99 0.177
82 98 0.131
82 85 0.149
82 88 0.137
82 86 0.172
82 92 0.16
82 96 0.169
83 87 0.546
83 92 0.1
83 85 0.146
83 94 0.169
83 95 0.18
83 97 0.116
84 96 1
84 98 0.742
84 97 0.535
84 85 0.607
84 89 0.11
84 86 0.135
84 88 0.146
84 90 0.156
84 92 0.195
84 93 0.215
84 95 0.087
85 90 0.821
85 89 0.196
85 94 0.123
85 96 0.124
85 98 0.169
86 95 0.811
86 89 0.829
86 97 0.138
86 87 0.166
86 88 0.125
86 93 0.182
86 98 0.167
86 99 0.12
87 92 0.7
87 97 0.097
87 88 0.168
87 89 0.176
87 93 0.135
87 94 0.148
87 99 0.128
88 97 0.861
88 89 0.118
88 90 0.101
88 99 0.215
88 91 0.196
88 93 0.152
88 94 0.114
88 96 0.132
89 93 0.541
89 99 0.783
89 98 0.742
89 94 0.154
89 92 0.135
89 90 0.172
89 91 0.109
89 95 0.148
89 96 0.142
89 97 0.14
90 99 1
90 97 0.535
90 91 0.148
90 93 0.107
90 98 0.152
90 94 0.139
90 95 0.204
91 98 0.818
91 93 0.169
91 94 0.169
91 97 0.169
92 93 0.064
92 98 0.196
93 95 0.528
93 97 0.533
93 94 0.118
93 98 0.15
93 99 0.131
94 99 0.569
94 95 0.673
94 97 0.155
94 98 0.213
95 98 0.171
96 97 0.243
96 99 0.173
97 98 0.676
