0 25 0.943
0 66 0.845
0 49 0.698
0 27 0.82
0 45 0.791
0 83 0.901
0 34 0.689
0 73 0.978
0 47 0.835
0 21 0.855
0 19 0.881
0 30 0.495
0 77 0.19
0 54 0.048
0 42 0.2
0 68 0.196
0 6 0.15
0 29 0.131
0 43 0.141
0 51 0.162
0 95 0.146
0 1 0.357
0 5 0.152
0 69 0.108
0 13 0.203
0 44 0.149
0 50 0.092
0 67 0.15
0 78 0.209
0 79 0.11
0 3 0.176
0 7 0.172
0 10 0.147
0 38 0.104
0 46 0.169
0 55 0.195
0 58 0.157
0 60 0.169
0 65 0.118
0 72 0.154
0 88 0.177
0 90 0.137
0 15 0.171
0 16 0.169
0 22 0.191
0 26 0.139
0 32 0.121
0 33 0.161
0 56 0.167
0 57 0.208
0 59 0.176
0 61 0.12
0 71 0.197
0 76 0.165
0 80 0.168
0 91 0.106
0 94 0.168
0 97 0.115
0 98 0.123
1 27 0.85
1 23 0.841
1 60 0.745
1 19 0.982
1 20 1
1 59 1
1 85 0.978
1 6 1
1 55 0.783
1 25 0.622
1 67 0.803
1 10 0.631
1 75 0.808
1 97 0.988
1 5 0.178
1 14 0.193
1 89 0.098
1 46 0.183
1 56 0.135
1 2 0.138
1 17 0.079
1 44 0.144
1 62 0.338
1 72 0.129
1 88 0.113
1 39 0.16
1 47 0.144
1 61 0.177
1 64 0.161
1 73 0.119
1 79 0.141
1 81 0.152
1 84 0.139
1 91 0.121
1 98 0.128
1 15 0.181
1 30 0.192
1 34 0.158
1 37 0.083
1 53 0.319
1 74 0.137
1 95 0.084
1 7 0.167
1 9 0.112
1 16 0.184
1 32 0.146
1 35 0.119
1 40 0.092
1 43 0.16
1 45 0.15
1 49 0.147
1 50 0.15
1 52 0.166
1 58 0.159
1 63 0.177
1 77 0.135
1 83 0.127
1 93 0.153
1 94 0.14
2 65 1
2 7 0.944
2 62 1
2 87 0.802
2 89 0.778
2 77 0.772
2 91 0.819
2 15 0.564
2 43 0.049
2 12 0.164
2 32 0.171
2 51 0.074
2 93 0.144
2 59 0.119
2 11 0.206
2 35 0.134
2 70 0.099
2 22 0.124
2 71 0.142
2 78 0.092
2 9 0.156
2 14 0.216
2 25 0.194
2 31 0.129
2 41 0.133
2 56 0.094
2 67 0.14
2 69 0.184
2 82 0.278
2 26 0.152
2 28 0.237
2 34 0.165
2 44 0.163
2 57 0.17
2 68 0.135
2 72 0.165
2 73 0.15
2 76 0.19
2 85 0.185
2 88 0.141
2 3 0.118
2 5 0.157
2 10 0.138
2 20 0.185
2 24 0.115
2 36 0.093
2 37 0.156
2 38 0.142
2 39 0.12
2 47 0.108
2 48 0.087
2 53 0.141
2 55 0.083
2 60 0.155
2 92 0.187
2 94 0.208
2 95 0.161
3 41 0.854
3 14 0.842
3 94 0.897
3 4 0.773
3 30 0.904
3 17 0.768
3 21 0.963
3 11 0.785
3 54 0.759
3 9 0.632
3 97 0.116
3 26 0.21
3 37 0.133
3 52 0.137
3 66 0.118
3 75 0.115
3 79 0.009
3 93 0.134
3 32 0.112
3 39 0.179
3 49 0.089
3 62 0.16
3 83 0.159
3 92 0.2
3 7 0.157
3 35 0.293
3 65 0.085
3 86 0.206
3 89 0.145
3 6 0.163
3 8 0.12
3 42 0.125
3 45 0.106
3 53 0.113
3 59 0.107
3 60 0.161
3 68 0.159
3 72 0.128
3 78 0.088
3 84 0.158
3 5 0.097
3 10 0.159
3 12 0.132
3 13 0.16
3 19 0.11
3 25 0.136
3 27 0.106
3 31 0.096
3 36 0.125
3 38 0.193
3 44 0.2
3 46 0.154
3 51 0.159
3 57 0.191
3 63 0.096
3 70 0.172
3 71 0.146
3 74 0.093
3 76 0.172
3 85 0.129
3 87 0.148
4 77 0.963
4 58 0.727
4 9 0.792
4 25 0.92
4 98 1
4 23 0.659
4 15 0.898
4 73 1
4 70 0.695
4 54 1
4 86 0.134
4 34 0.187
4 99 0.142
4 43 0.167
4 59 0.181
4 78 0.244
4 16 0.121
4 17 0.176
4 38 0.181
4 49 0.18
4 62 0.153
4 10 0.226
4 24 0.156
4 35 0.184
4 40 0.198
4 46 0.153
4 47 0.145
4 51 0.113
4 55 0.123
4 57 0.139
4 60 0.124
4 61 0.171
4 65 0.142
4 69 0.154
4 84 0.135
4 7 0.167
4 13 0.109
4 26 0.147
4 33 0.161
4 42 0.123
4 45 0.109
4 48 0.152
4 52 0.124
4 66 0.147
4 67 0.11
4 82 0.123
4 87 0.178
4 94 0.176
4 96 0.244
5 65 0.567
5 24 0.796
5 75 0.901
5 94 0.979
5 89 0.607
5 19 0.923
5 48 0.796
5 70 0.949
5 71 0.385
5 78 0.847
5 44 0.937
5 12 0.703
5 37 0.666
5 73 1
5 25 0.542
5 15 0.108
5 50 0.085
5 36 0.196
5 13 0.16
5 41 0.088
5 46 0.179
5 56 0.057
5 88 0.125
5 92 0.16
5 14 0.135
5 16 0.124
5 26 0.166
5 39 0.202
5 40 0.128
5 52 0.156
5 58 0.183
5 64 0.156
5 80 0.14
5 83 0.148
5 97 0.127
5 8 0.155
5 9 0.18
5 10 0.146
5 11 0.168
5 34 0.098
5 47 0.11
5 53 0.125
5 66 0.156
5 74 0.163
5 84 0.221
5 99 0.147
5 7 0.172
5 23 0.189
5 35 0.18
5 38 0.166
5 43 0.094
5 49 0.178
5 60 0.105
5 68 0.163
5 77 0.128
5 79 0.185
5 85 0.114
5 96 0.115
6 75 0.833
6 52 1
6 82 0.602
6 83 0.84
6 12 1
6 23 0.542
6 33 1
6 84 0.766
6 15 0.911
6 7 1
6 97 0.54
6 32 0.673
6 61 0.145
6 62 0.338
6 88 0.106
6 14 0.16
6 17 0.224
6 30 0.173
6 31 0.082
6 49 0.19
6 54 0.158
6 78 0.135
6 87 0.157
6 11 0.147
6 41 0.154
6 64 0.134
6 69 0.183
6 77 0.146
6 81 0.13
6 85 0.19
6 94 0.136
6 16 0.158
6 50 0.146
6 63 0.126
6 65 0.141
6 66 0.113
6 67 0.173
6 80 0.102
6 9 0.16
6 19 0.158
6 20 0.136
6 25 0.17
6 26 0.189
6 37 0.152
6 40 0.181
6 46 0.122
6 53 0.186
6 58 0.175
6 59 0.154
6 70 0.162
6 71 0.114
6 86 0.178
6 89 0.096
6 91 0.153
6 92 0.204
6 99 0.154
7 30 0.852
7 81 0.762
7 74 1
7 63 1
7 42 0.205
7 32 0.208
7 75 0.11
7 12 0.146
7 57 0.116
7 72 0.036
7 94 0.166
7 20 0.152
7 21 0.129
7 44 0.215
7 71 0.173
7 9 0.132
7 28 0.149
7 29 0.116
7 36 0.148
7 38 0.162
7 40 0.193
7 47 0.122
7 49 0.172
7 52 0.098
7 58 0.176
7 67 0.334
7 68 0.14
7 80 0.12
7 86 0.146
7 14 0.132
7 16 0.18
7 24 0.1
7 26 0.192
7 35 0.124
7 46 0.145
7 48 0.151
7 54 0.148
7 55 0.14
7 64 0.122
7 65 0.149
7 85 0.185
7 93 0.151
7 96 0.149
7 99 0.153
8 97 0.894
8 50 0.914
8 51 0.849
8 93 0.895
8 73 0.937
8 31 0.793
8 82 1
8 53 0.777
8 57 0.759
8 45 0.241
8 98 0.305
8 26 0.252
8 70 0.136
8 76 0.135
8 29 0.135
8 32 0.176
8 34 0.151
8 68 0.122
8 96 0.198
8 13 0.091
8 39 0.136
8 48 0.258
8 65 0.124
8 77 0.166
8 87 0.177
8 91 0.154
8 92 0.128
8 11 0.129
8 23 0.089
8 46 0.006
8 72 0.076
8 88 0.16
8 10 0.1
8 41 0.169
8 42 0.185
8 63 0.183
8 79 0.132
8 81 0.132
8 85 0.185
8 15 0.116
8 16 0.149
8 18 0.165
8 22 0.166
8 25 0.15
8 28 0.126
8 33 0.175
8 47 0.133
8 54 0.16
8 66 0.167
8 67 0.179
8 75 0.131
8 80 0.154
8 84 0.134
8 86 0.203
8 89 0.108
9 14 0.735
9 44 0.704
9 69 0.56
9 47 0.86
9 26 0.719
9 89 0.762
9 56 0.74
9 42 0.659
9 46 0.137
9 51 0.177
9 15 0.116
9 27 0.275
9 48 0.15
9 91 0.171
9 22 0.148
9 50 0.191
9 71 0.109
9 78 0.381
9 57 0.151
9 88 0.11
9 96 0.16
9 10 0.152
9 11 0.134
9 13 0.14
9 18 0.163
9 23 0.14
9 36 0.13
9 39 0.171
9 45 0.107
9 49 0.15
9 54 0.164
9 58 0.163
9 59 0.149
9 61 0.19
9 62 0.135
9 67 0.181
9 79 0.117
9 83 0.126
9 90 0.133
9 92 0.389
9 94 0.155
9 12 0.135
9 19 0.164
9 25 0.154
9 32 0.168
9 34 0.199
9 43 0.118
9 53 0.181
9 60 0.122
9 65 0.123
9 66 0.137
9 68 0.129
9 73 0.111
9 76 0.147
9 80 0.132
9 86 0.14
9 93 0.149
10 88 0.709
10 12 0.59
10 75 0.79
10 94 0.562
10 98 0.767
10 36 0.843
10 40 0.832
10 95 0.836
10 35 0.699
10 56 0.501
10 53 0.576
10 74 0.904
10 15 0.859
10 48 0.199
10 51 0.103
10 13 0.146
10 42 0.255
10 60 0.167
10 76 0.208
10 91 0.131
10 16 0.179
10 18 0.161
10 32 0.079
10 33 0.176
10 44 0.117
10 62 0.099
10 82 0.162
10 23 0.151
10 37 0.122
10 59 0.077
10 66 0.208
10 77 0.12
10 99 0.145
10 19 0.128
10 21 0.138
10 22 0.146
10 25 0.141
10 26 0.134
10 29 0.206
10 45 0.125
10 55 0.109
10 63 0.172
10 65 0.118
10 69 0.153
10 79 0.091
10 80 0.183
10 84 0.18
10 85 0.134
10 90 0.164
10 93 0.118
10 96 0.155
11 49 1
11 67 0.852
11 88 1
11 34 0.491
11 23 0.618
11 90 0.837
11 59 0.778
11 79 1
11 71 0.258
11 51 0.163
11 72 0.078
11 82 0.076
11 74 0.119
11 40 0.032
11 47 0.216
11 55 0.097
11 18 0.124
11 20 0.173
11 65 0.135
11 84 0.095
11 21 0.145
11 27 0.176
11 30 0.135
11 35 0.163
11 36 0.186
11 41 0.114
11 48 0.167
11 52 0.2
11 56 0.103
11 64 0.178
11 78 0.187
11 83 0.179
11 91 0.185
11 96 0.185
11 13 0.12
11 26 0.171
11 32 0.185
11 37 0.158
11 38 0.144
11 39 0.175
11 42 0.166
11 54 0.147
11 60 0.151
11 63 0.162
11 66 0.161
11 77 0.154
11 80 0.207
11 87 0.121
11 95 0.106
11 99 0.082
12 84 0.577
12 63 0.707
12 21 0.772
12 33 0.85
12 93 1
12 42 0.892
12 62 0.665
12 45 0.923
12 44 0.678
12 47 0.893
12 76 0.559
12 81 0.764
12 19 1.0
12 94 0.537
12 91 0.206
12 34 0.127
12 65 0.13
12 68 0.183
12 88 0.102
12 43 0.152
12 75 0.071
12 78 0.14
12 86 0.181
12 22 0.18
12 23 0.246
12 30 0.157
12 39 0.146
12 40 0.035
12 50 0.18
12 59 0.156
12 64 0.139
12 83 0.164
12 14 0.156
12 15 0.148
12 38 0.102
12 57 0.152
12 66 0.155
12 67 0.169
12 16 0.158
12 18 0.093
12 24 0.174
12 28 0.121
12 29 0.127
12 41 0.171
12 46 0.103
12 60 0.153
12 72 0.154
12 77 0.121
12 79 0.13
12 82 0.213
12 90 0.161
12 98 0.111
12 99 0.106
13 70 0.783
13 54 0.867
13 29 0.52
13 14 0.774
13 21 0.76
13 49 0.816
13 32 0.769
13 59 0.559
13 45 0.515
13 72 0.068
13 46 0.235
13 39 0.154
13 48 0.147
13 96 0.129
13 33 0.13
13 57 0.135
13 74 0.222
13 88 0.195
13 99 0.178
13 15 0.188
13 27 0.17
13 53 0.157
13 58 0.149
13 67 0.158
13 69 0.196
13 83 0.16
13 87 0.144
13 16 0.079
13 20 0.152
13 25 0.19
13 28 0.146
13 31 0.171
13 35 0.168
13 41 0.193
13 61 0.165
13 63 0.15
13 64 0.123
13 71 0.178
13 73 0.178
13 75 0.146
13 76 0.15
13 81 0.135
13 82 0.185
13 84 0.241
13 89 0.197
13 90 0.148
13 92 0.149
13 93 0.172
14 19 1
14 25 0.715
14 35 1
14 79 0.522
14 70 1
14 54 0.755
14 68 1
14 65 0.668
14 95 0.922
14 56 0.928
14 16 0.855
14 67 0.767
14 71 0.519
14 21 0.172
14 20 0.119
14 61 0.18
14 58 0.125
14 55 0.166
14 93 0.176
14 73 0.156
14 36 0.16
14 49 0.206
14 81 0.149
14 87 0.133
14 15 0.16
14 40 0.114
14 42 0.322
14 46 0.211
14 31 0.105
14 59 0.178
14 60 0.14
14 64 0.161
14 89 0.234
14 26 0.167
14 30 0.147
14 33 0.183
14 51 0.116
14 74 0.156
14 82 0.146
14 92 0.148
14 99 0.18
14 17 0.172
14 22 0.14
14 23 0.168
14 37 0.162
14 38 0.091
14 43 0.132
14 45 0.199
14 47 0.165
14 48 0.162
14 63 0.115
14 72 0.134
14 83 0.163
14 91 0.163
14 96 0.118
14 98 0.159
15 43 0.584
15 31 0.741
15 95 0.921
15 41 0.927
15 90 0.639
15 32 0.749
15 23 0.783
15 54 0.535
15 57 0.587
15 22 0.775
15 30 0.953
15 81 0.58
15 39 0.17
15 96 0.486
15 29 0.161
15 80 0.159
15 21 0.101
15 27 0.209
15 64 0.17
15 89 0.164
15 38 0.182
15 97 0.182
15 20 0.12
15 33 0.167
15 42 0.148
15 50 0.1
15 51 0.098
15 53 0.213
15 55 0.13
15 68 0.13
15 76 0.193
15 77 0.166
15 82 0.141
15 18 0.124
15 24 0.131
15 26 0.14
15 35 0.166
15 37 0.167
15 44 0.154
15 45 0.132
15 47 0.115
15 59 0.195
15 69 0.142
15 75 0.088
15 78 0.212
15 85 0.093
16 83 0.919
16 89 1
16 47 0.636
16 90 0.88
16 31 0.93
16 57 1
16 37 0.608
16 29 0.131
16 40 0.37
16 41 0.165
16 60 0.152
16 34 0.184
16 58 0.198
16 64 0.109
16 74 0.068
16 77 0.152
16 93 0.127
16 94 0.13
16 98 0.195
16 21 0.181
16 24 0.219
16 33 0.157
16 53 0.108
16 54 0.178
16 63 0.028
16 20 0.085
16 30 0.163
16 39 0.104
16 43 0.134
16 48 0.182
16 79 0.121
16 97 0.124
16 17 0.144
16 18 0.132
16 27 0.139
16 28 0.149
16 32 0.117
16 35 0.167
16 49 0.111
16 55 0.138
16 65 0.126
16 78 0.15
16 82 0.137
16 85 0.175
16 86 0.106
16 88 0.222
16 91 0.139
17 18 0.733
17 44 0.617
17 38 0.881
17 36 0.997
17 37 0.809
17 64 0.832
17 23 0.654
17 95 1
17 92 0.876
17 48 0.601
17 58 0.694
17 20 0.844
17 77 0.656
17 90 0.687
17 97 0.519
17 63 0.118
17 66 0.131
17 49 0.185
17 79 0.171
17 25 0.113
17 82 0.134
17 84 0.144
17 94 0.181
17 19 0.017
17 30 0.116
17 96 0.128
17 99 0.149
17 43 0.174
17 52 0.244
17 78 0.022
17 24 0.169
17 39 0.101
17 41 0.166
17 53 0.061
17 55 0.208
17 67 0.169
17 68 0.173
17 70 0.151
17 71 0.189
17 73 0.183
17 80 0.212
17 83 0.132
17 85 0.145
17 86 0.116
17 27 0.088
17 31 0.16
17 35 0.118
17 40 0.124
17 51 0.123
17 54 0.193
17 59 0.181
17 62 0.195
17 65 0.23
17 69 0.121
17 72 0.096
17 88 0.2
18 86 0.788
18 20 0.675
18 19 1
18 68 0.798
18 43 0.551
18 91 0.682
18 95 1
18 81 0.715
18 57 0.144
18 21 0.044
18 29 0.174
18 66 0.102
18 94 0.143
18 48 0.168
18 60 0.188
18 89 0.189
18 51 0.099
18 67 0.135
18 84 0.167
18 22 0.315
18 27 0.164
18 32 0.145
18 37 0.176
18 46 0.066
18 47 0.147
18 58 0.157
18 61 0.167
18 62 0.169
18 63 0.12
18 65 0.198
18 71 0.194
18 85 0.156
18 90 0.138
18 93 0.134
18 23 0.135
18 24 0.195
18 39 0.118
18 41 0.161
18 45 0.113
18 56 0.186
18 59 0.148
18 82 0.193
18 83 0.122
18 92 0.127
18 97 0.147
19 55 0.826
19 20 0.762
19 73 0.897
19 43 0.983
19 70 0.705
19 29 0.591
19 98 1
19 26 0.841
19 56 0.639
19 36 0.14
19 86 0.123
19 21 0.121
19 27 0.119
19 32 0.174
19 66 0.12
19 23 0.126
19 52 0.159
19 65 0.108
19 90 0.106
19 33 0.105
19 40 0.168
19 45 0.199
19 95 0.148
19 22 0.128
19 24 0.087
19 42 0.158
19 48 0.155
19 51 0.133
19 69 0.083
19 77 0.152
19 79 0.153
19 81 0.231
19 82 0.105
19 88 0.072
19 28 0.199
19 31 0.145
19 34 0.138
19 37 0.119
19 38 0.053
19 41 0.16
19 44 0.148
19 47 0.1
19 49 0.134
19 60 0.163
19 64 0.164
19 68 0.149
19 72 0.18
19 76 0.111
19 78 0.198
19 84 0.186
19 87 0.169
19 89 0.149
19 91 0.116
19 93 0.124
20 31 1
20 71 0.987
20 58 0.961
20 79 0.96
20 38 0.94
20 78 0.763
20 84 0.921
20 57 0.554
20 23 0.892
20 99 0.704
20 82 0.504
20 91 0.157
20 29 0.028
20 26 0.233
20 53 0.134
20 55 0.305
20 60 0.509
20 41 0.176
20 70 0.141
20 75 0.126
20 92 0.13
20 32 0.161
20 54 0.173
20 69 0.147
20 33 0.117
20 36 0.118
20 49 0.132
20 74 0.146
20 83 0.124
20 93 0.178
20 95 0.128
20 98 0.141
20 21 0.098
20 27 0.094
20 30 0.136
20 34 0.172
20 40 0.132
20 42 0.145
20 44 0.175
20 45 0.207
20 50 0.236
20 56 0.178
20 59 0.156
20 67 0.178
20 73 0.195
20 76 0.168
20 77 0.201
20 80 0.12
20 81 0.118
20 88 0.113
20 96 0.175
21 75 0.949
21 99 0.841
21 27 1
21 54 0.867
21 23 0.503
21 59 0.786
21 86 0.732
21 56 0.58
21 44 0.563
21 95 1
21 29 0.147
21 62 0.086
21 96 0.207
21 78 0.178
21 50 0.134
21 81 0.127
21 97 0.211
21 24 0.102
21 60 0.155
21 30 0.205
21 32 0.164
21 79 0.187
21 35 0.137
21 42 0.122
21 46 0.074
21 47 0.157
21 49 0.148
21 57 0.113
21 58 0.159
21 69 0.202
21 73 0.079
21 83 0.223
21 85 0.216
21 89 0.134
21 91 0.21
21 92 0.125
21 31 0.136
21 38 0.142
21 41 0.183
21 43 0.166
21 48 0.119
21 52 0.136
21 53 0.16
21 55 0.131
21 64 0.202
21 65 0.16
21 68 0.106
21 80 0.146
21 87 0.156
22 72 0.74
22 58 0.74
22 51 0.639
22 82 0.95
22 77 0.692
22 33 0.685
22 66 0.757
22 47 0.626
22 49 0.57
22 38 0.513
22 91 0.959
22 37 0.719
22 46 0.537
22 83 0.15
22 56 0.139
22 62 0.127
22 27 0.178
22 64 0.138
22 79 0.175
22 32 0.143
22 40 0.131
22 53 0.169
22 54 0.094
22 59 0.093
22 68 0.028
22 75 0.14
22 89 0.249
22 99 0.237
22 28 0.112
22 36 0.173
22 39 0.182
22 41 0.164
22 42 0.174
22 81 0.205
22 92 0.158
22 94 0.113
22 98 0.124
22 24 0.173
22 34 0.117
22 43 0.107
22 52 0.14
22 57 0.162
22 60 0.153
22 61 0.166
22 65 0.133
22 71 0.202
22 73 0.139
22 84 0.116
22 95 0.184
22 96 0.141
23 60 0.755
23 79 0.796
23 36 0.889
23 29 0.896
23 80 0.629
23 73 1
23 95 0.619
23 58 0.266
23 77 0.252
23 93 0.162
23 34 0.171
23 48 0.259
23 72 0.115
23 39 0.198
23 40 0.144
23 67 0.21
23 30 0.19
23 33 0.142
23 37 0.12
23 45 0.192
23 47 0.174
23 50 0.178
23 62 0.1
23 69 0.178
23 70 0.111
23 76 0.145
23 92 0.155
23 98 0.083
23 25 0.123
23 26 0.188
23 28 0.114
23 32 0.155
23 38 0.147
23 42 0.151
23 46 0.149
23 51 0.103
23 59 0.175
23 63 0.166
23 64 0.122
23 65 0.158
23 75 0.133
23 84 0.163
23 87 0.182
23 94 0.19
23 99 0.161
24 82 0.677
24 26 0.85
24 60 0.939
24 39 0.728
24 92 0.658
24 75 0.894
24 32 0.592
24 35 0.688
24 79 0.551
24 85 0.422
24 40 0.158
24 51 0.134
24 33 0.126
24 36 0.163
24 59 0.157
24 25 0.102
24 38 0.147
24 53 0.163
24 54 0.206
24 69 0.14
24 74 0.154
24 27 0.156
24 28 0.106
24 41 0.147
24 42 0.171
24 49 0.15
24 50 0.185
24 62 0.14
24 71 0.163
24 83 0.108
24 96 0.284
24 29 0.169
24 30 0.147
24 37 0.114
24 48 0.143
24 55 0.137
24 58 0.123
24 61 0.172
24 64 0.071
24 66 0.196
24 68 0.158
24 78 0.152
24 88 0.182
24 89 0.156
24 94 0.133
24 95 0.156
24 99 0.142
25 91 0.563
25 55 0.917
25 63 0.897
25 43 0.847
25 83 1
25 62 1
25 90 0.597
25 99 0.79
25 79 0.682
25 93 0.512
25 58 0.147
25 96 0.204
25 40 0.184
25 85 0.175
25 50 0.137
25 61 0.167
25 65 0.182
25 69 0.183
25 26 0.158
25 31 0.125
25 32 0.199
25 35 0.163
25 45 0.175
25 67 0.161
25 75 0.134
25 78 0.222
25 81 0.092
25 27 0.166
25 36 0.15
25 37 0.164
25 39 0.136
25 44 0.179
25 47 0.148
25 48 0.183
25 49 0.131
25 51 0.155
25 59 0.202
25 60 0.216
25 71 0.098
25 72 0.115
25 77 0.104
25 82 0.136
25 87 0.113
25 88 0.179
25 94 0.166
25 98 0.2
26 67 1
26 87 0.732
26 47 1
26 98 0.866
26 92 0.581
26 29 0.623
26 53 1
26 63 0.786
26 95 0.754
26 96 0.54
26 99 0.932
26 80 0.671
26 27 0.121
26 60 0.176
26 89 0.045
26 86 0.135
26 84 0.107
26 41 0.144
26 46 0.18
26 57 0.13
26 58 0.097
26 62 0.12
26 68 0.123
26 77 0.113
26 88 0.17
26 97 0.181
26 36 0.229
26 37 0.179
26 39 0.175
26 43 0.171
26 49 0.18
26 65 0.182
26 72 0.099
26 94 0.15
26 31 0.128
26 32 0.179
26 34 0.149
26 40 0.158
26 52 0.153
26 56 0.116
26 61 0.168
26 76 0.164
26 79 0.169
26 85 0.192
26 93 0.173
27 41 0.643
27 90 0.996
27 67 1
27 85 0.603
27 80 1
27 48 0.731
27 58 0.644
27 94 0.575
27 72 1
27 91 0.606
27 31 0.159
27 29 0.279
27 57 0.186
27 69 0.13
27 81 0.156
27 70 0.208
27 71 0.138
27 34 0.158
27 38 0.041
27 46 0.101
27 47 0.23
27 52 0.161
27 60 0.165
27 77 0.134
27 78 0.147
27 83 0.107
27 84 0.141
27 96 0.222
27 32 0.154
27 33 0.126
27 40 0.138
27 42 0.158
27 44 0.176
27 53 0.178
27 65 0.083
27 75 0.206
27 76 0.234
27 93 0.124
27 97 0.185
27 39 0.147
27 45 0.221
27 49 0.093
27 54 0.173
27 61 0.161
27 62 0.203
27 63 0.13
27 86 0.13
27 87 0.133
27 88 0.093
27 89 0.128
27 95 0.132
27 98 0.153
27 99 0.207
28 68 1
28 79 1
28 44 0.898
28 45 0.485
28 58 0.591
28 95 0.706
28 29 0.583
28 38 0.792
28 98 0.769
28 65 0.157
28 50 0.162
28 81 0.281
28 80 0.133
28 86 0.135
28 61 0.253
28 77 0.177
28 33 0.141
28 41 0.114
28 55 0.181
28 72 0.154
28 96 0.089
28 97 0.146
28 48 0.114
28 69 0.212
28 73 0.113
28 31 0.137
28 39 0.112
28 47 0.146
28 54 0.165
28 57 0.117
28 85 0.188
28 90 0.114
28 30 0.178
28 34 0.143
28 35 0.235
28 36 0.169
28 40 0.175
28 42 0.208
28 43 0.164
28 63 0.177
28 67 0.181
28 89 0.087
28 91 0.104
28 92 0.134
28 93 0.12
29 49 0.676
29 70 0.789
29 96 0.696
29 40 0.927
29 39 0.916
29 31 0.692
29 54 0.044
29 67 0.164
29 56 0.331
29 92 0.237
29 36 0.16
29 72 0.225
29 93 0.157
29 94 0.154
29 43 0.133
29 45 0.137
29 51 0.137
29 58 0.125
29 66 0.111
29 71 0.131
29 77 0.209
29 79 0.153
29 80 0.152
29 89 0.123
29 30 0.101
29 33 0.158
29 48 0.152
29 55 0.142
29 59 0.125
29 61 0.174
29 81 0.119
29 83 0.117
29 90 0.136
29 91 0.125
29 98 0.127
30 78 0.986
30 42 1
30 75 1
30 94 0.652
30 63 0.546
30 55 0.869
30 59 1.0
30 86 0.781
30 31 0.9
30 73 1
30 32 0.555
30 88 0.77
30 51 0.399
30 98 0.179
30 53 0.11
30 82 0.034
30 95 0.002
30 37 0.103
30 50 0.288
30 57 0.213
30 65 0.126
30 70 0.097
30 84 0.128
30 35 0.152
30 36 0.164
30 38 0.084
30 40 0.121
30 56 0.112
30 71 0.14
30 77 0.176
30 87 0.18
30 92 0.16
30 33 0.169
30 34 0.139
30 52 0.169
30 66 0.179
30 69 0.112
30 74 0.124
30 85 0.188
30 99 0.118
31 75 0.819
31 73 0.706
31 49 0.945
31 77 0.945
31 44 0.944
31 65 0.583
31 98 0.806
31 99 0.709
31 71 0.311
31 42 0.103
31 59 0.19
31 80 0.139
31 85 0.146
31 34 0.244
31 46 0.121
31 50 0.177
31 53 0.182
31 91 0.131
31 33 0.112
31 40 0.199
31 41 0.127
31 60 0.18
31 67 0.174
31 74 0.133
31 76 0.17
31 86 0.098
31 88 0.139
31 90 0.171
31 92 0.105
31 97 0.18
31 48 0.148
31 51 0.17
31 54 0.148
31 55 0.144
31 57 0.151
31 58 0.198
31 78 0.166
31 79 0.163
31 81 0.168
31 82 0.144
31 84 0.169
31 89 0.163
32 53 1
32 61 0.646
32 56 0.82
32 93 0.828
32 43 0.709
32 89 0.533
32 49 0.681
32 99 1
32 57 0.176
32 84 0.217
32 91 0.189
32 54 0.148
32 41 0.107
32 46 0.119
32 55 0.116
32 60 0.119
32 65 0.171
32 33 0.108
32 35 0.153
32 38 0.106
32 48 0.15
32 58 0.215
32 72 0.148
32 77 0.143
32 36 0.146
32 39 0.058
32 45 0.171
32 47 0.116
32 50 0.159
32 52 0.152
32 62 0.161
32 69 0.109
32 71 0.136
32 74 0.131
32 75 0.186
32 78 0.121
32 79 0.138
32 81 0.165
32 82 0.156
32 86 0.144
32 96 0.09
33 70 1
33 62 0.976
33 57 0.701
33 37 1
33 64 0.551
33 71 0.716
33 53 0.628
33 40 0.225
33 60 0.097
33 36 0.19
33 44 0.181
33 46 0.141
33 77 0.118
33 78 0.088
33 80 0.3
33 81 0.154
33 96 0.169
33 42 0.128
33 51 0.153
33 54 0.097
33 61 0.134
33 69 0.159
33 75 0.084
33 87 0.158
33 38 0.138
33 43 0.158
33 50 0.16
33 52 0.161
33 63 0.157
33 66 0.164
33 76 0.151
33 83 0.19
33 89 0.19
33 90 0.149
33 91 0.107
33 92 0.205
33 97 0.137
33 99 0.152
34 65 0.56
34 76 1
34 84 0.851
34 73 0.644
34 71 0.484
34 61 0.068
34 74 0.113
34 37 0.167
34 58 0.116
34 89 0.096
34 36 0.183
34 40 0.037
34 46 0.09
34 86 0.146
34 91 0.18
34 93 0.117
34 35 0.137
34 39 0.125
34 44 0.142
34 49 0.138
34 51 0.031
34 60 0.164
34 66 0.129
34 69 0.151
34 81 0.14
34 82 0.181
34 83 0.121
34 42 0.155
34 48 0.153
34 53 0.152
34 64 0.151
34 68 0.142
34 72 0.117
34 75 0.205
34 77 0.119
34 79 0.173
34 90 0.193
34 97 0.127
34 98 0.143
34 99 0.147
35 72 0.859
35 45 0.719
35 87 0.741
35 37 0.656
35 40 0.502
35 80 0.536
35 62 0.54
35 75 1
35 82 0.108
35 48 0.172
35 36 0.187
35 56 0.15
35 70 0.236
35 74 0.124
35 91 0.153
35 60 0.161
35 94 0.246
35 39 0.107
35 51 0.161
35 68 0.109
35 73 0.082
35 84 0.174
35 98 0.187
35 99 0.206
35 38 0.178
35 58 0.094
35 63 0.125
35 65 0.153
35 88 0.225
35 96 0.152
35 41 0.112
35 43 0.081
35 47 0.106
35 49 0.157
35 53 0.133
35 57 0.136
35 67 0.099
35 77 0.147
35 81 0.139
35 95 0.173
36 87 0.826
36 66 0.718
36 65 0.657
36 69 0.88
36 61 0.611
36 62 0.799
36 67 0.577
36 90 0.174
36 44 0.274
36 91 0.171
36 39 0.189
36 40 0.15
36 93 0.185
36 88 0.148
36 52 0.093
36 53 0.163
36 97 0.147
36 46 0.103
36 48 0.172
36 60 0.17
36 63 0.144
36 71 0.15
36 72 0.202
36 89 0.155
36 94 0.342
36 38 0.157
36 43 0.126
36 45 0.101
36 50 0.181
36 56 0.172
36 58 0.155
36 59 0.139
36 75 0.173
36 77 0.169
36 79 0.176
36 99 0.123
37 78 0.722
37 62 1
37 81 1
37 53 0.748
37 42 0.15
37 57 0.072
37 99 0.195
37 39 0.169
37 64 0.13
37 71 0.143
37 72 0.16
37 44 0.121
37 51 0.151
37 54 0.105
37 59 0.139
37 73 0.165
37 83 0.099
37 47 0.207
37 80 0.168
37 86 0.141
37 92 0.166
37 95 0.125
37 96 0.132
37 97 0.135
37 38 0.162
37 41 0.134
37 43 0.183
37 45 0.18
37 46 0.075
37 48 0.156
37 60 0.115
37 67 0.121
37 70 0.159
37 76 0.112
37 79 0.168
37 91 0.147
37 98 0.133
38 85 0.555
38 59 0.947
38 67 0.796
38 83 0.578
38 45 0.993
38 41 0.89
38 94 1
38 39 0.949
38 50 0.634
38 88 0.751
38 99 0.64
38 47 0.043
38 66 0.126
38 82 0.138
38 43 0.23
38 46 0.185
38 53 0.163
38 89 0.196
38 91 0.175
38 96 0.166
38 40 0.18
38 56 0.197
38 57 0.164
38 60 0.155
38 71 0.154
38 75 0.173
38 81 0.177
38 54 0.13
38 64 0.139
38 68 0.179
38 78 0.146
38 84 0.085
38 90 0.192
38 44 0.164
38 48 0.121
38 49 0.177
38 58 0.129
38 63 0.13
38 72 0.148
38 73 0.133
38 74 0.107
38 79 0.144
38 80 0.166
38 92 0.178
38 95 0.119
38 98 0.159
39 55 1
39 82 0.568
39 61 0.945
39 62 0.868
39 92 0.793
39 60 0.716
39 86 0.617
39 79 1
39 98 0.96
39 67 0.631
39 68 0.505
39 96 0.818
39 63 0.163
39 93 0.158
39 47 0.196
39 56 0.133
39 84 0.171
39 90 0.133
39 50 0.155
39 70 0.147
39 85 0.333
39 87 0.097
39 40 0.179
39 43 0.144
39 44 0.139
39 45 0.292
39 52 0.164
39 58 0.191
39 64 0.182
39 73 0.2
39 41 0.12
39 49 0.164
39 69 0.186
39 71 0.121
39 72 0.146
39 75 0.166
39 76 0.175
39 81 0.214
39 83 0.118
39 88 0.141
39 94 0.145
39 95 0.122
39 97 0.166
39 99 0.138
40 59 0.669
40 45 0.602
40 98 0.48
40 51 0.904
40 64 0.901
40 96 0.659
40 87 0.542
40 81 0.55
40 42 0.192
40 47 0.203
40 78 0.129
40 86 0.157
40 57 0.153
40 67 0.038
40 80 0.108
40 82 0.191
40 88 0.186
40 52 0.179
40 55 0.12
40 56 0.155
40 58 0.154
40 62 0.104
40 84 0.159
40 43 0.147
40 48 0.209
40 50 0.141
40 53 0.172
40 60 0.144
40 66 0.208
40 69 0.147
40 74 0.196
40 75 0.172
40 76 0.129
40 77 0.158
40 89 0.156
40 94 0.15
41 43 0.675
41 57 0.896
41 42 0.882
41 52 0.728
41 73 0.862
41 87 0.207
41 53 0.021
41 63 0.296
41 72 0.1
41 86 0.174
41 45 0.187
41 54 0.165
41 98 0.162
41 50 0.149
41 65 0.194
41 81 0.053
41 90 0.105
41 47 0.182
41 71 0.181
41 77 0.11
41 79 0.182
41 95 0.145
41 96 0.15
41 44 0.158
41 46 0.229
41 48 0.138
41 49 0.1
41 56 0.131
41 58 0.091
41 59 0.139
41 60 0.122
41 61 0.163
41 64 0.126
41 66 0.148
41 67 0.169
41 69 0.183
41 74 0.149
41 80 0.223
41 82 0.213
41 83 0.153
41 84 0.108
41 85 0.167
41 94 0.159
41 99 0.136
42 93 0.968
42 99 0.712
42 45 0.679
42 70 0.876
42 61 1
42 65 0.086
42 51 0.128
42 56 0.076
42 80 0.151
42 82 0.141
42 43 0.147
42 49 0.23
42 55 0.221
42 96 0.122
42 74 0.055
42 77 0.185
42 79 0.127
42 89 0.138
42 94 0.191
42 95 0.204
42 46 0.144
42 48 0.158
42 54 0.086
42 57 0.096
42 60 0.166
42 62 0.08
42 64 0.136
42 66 0.18
42 69 0.173
42 88 0.127
42 90 0.046
42 98 0.205
43 78 0.562
43 99 1
43 76 0.52
43 96 0.66
43 52 0.173
43 58 0.159
43 54 0.163
43 57 0.114
43 81 0.139
43 59 0.212
43 62 0.127
43 77 0.117
43 80 0.136
43 88 0.169
43 45 0.163
43 47 0.206
43 55 0.161
43 63 0.159
43 67 0.254
43 85 0.086
43 87 0.177
43 95 0.12
43 44 0.175
43 56 0.158
43 68 0.157
43 69 0.141
43 70 0.117
43 73 0.179
43 74 0.109
43 82 0.162
43 83 0.108
43 91 0.172
44 66 1
44 68 0.562
44 46 0.172
44 53 0.238
44 56 0.162
44 65 0.205
44 99 0.1
44 80 0.061
44 93 0.161
44 67 0.251
44 75 0.144
44 76 0.128
44 81 0.165
44 84 0.045
44 90 0.178
44 97 0.161
44 51 0.112
44 54 0.097
44 60 0.153
44 63 0.138
44 69 0.134
44 70 0.183
44 72 0.142
44 78 0.083
44 98 0.177
44 62 0.15
44 77 0.145
44 82 0.142
44 83 0.152
44 86 0.108
44 87 0.122
44 96 0.137
45 53 0.798
45 51 1
45 58 0.823
45 80 0.924
45 69 0.888
45 99 0.136
45 68 0.109
45 55 0.009
45 78 0.106
45 48 0.129
45 56 0.166
45 84 0.097
45 91 0.133
45 73 0.218
45 47 0.178
45 79 0.103
45 87 0.133
45 90 0.316
45 96 0.088
45 50 0.146
45 52 0.166
45 59 0.147
45 66 0.145
45 70 0.126
45 88 0.155
45 94 0.152
46 81 0.825
46 82 0.925
46 83 0.904
46 55 0.545
46 91 0.898
46 65 0.546
46 84 0.181
46 49 0.143
46 88 0.141
46 93 0.068
46 57 0.093
46 61 0.164
46 67 0.124
46 70 0.095
46 73 0.074
46 76 0.209
46 90 0.15
46 98 0.112
46 56 0.136
46 62 0.194
46 68 0.059
46 71 0.141
46 74 0.143
46 77 0.199
46 79 0.136
46 85 0.14
46 86 0.133
46 89 0.15
46 95 0.136
46 96 0.166
46 99 0.153
47 82 0.756
47 71 0.785
47 77 1
47 81 0.624
47 63 0.545
47 98 0.83
47 55 0.676
47 53 0.036
47 92 0.173
47 88 0.18
47 61 0.211
47 66 0.167
47 57 0.122
47 94 0.154
47 97 0.275
47 59 0.159
47 74 0.243
47 83 0.168
47 86 0.119
47 58 0.18
47 72 0.141
47 85 0.211
47 93 0.128
47 52 0.147
47 54 0.161
47 60 0.202
47 65 0.142
47 68 0.208
47 76 0.152
47 79 0.134
47 87 0.108
47 95 0.115
48 84 1
48 99 0.657
48 92 0.501
48 81 0.887
48 62 0.764
48 72 0.904
48 67 0.151
48 80 0.166
48 86 0.146
48 90 0.197
48 59 0.099
48 49 0.14
48 51 0.108
48 63 0.141
48 74 0.157
48 88 0.151
48 53 0.135
48 57 0.164
48 64 0.163
48 65 0.114
48 66 0.101
48 69 0.136
48 71 0.126
48 79 0.154
48 83 0.182
48 85 0.11
48 89 0.148
48 91 0.125
48 98 0.101
49 85 1
49 88 0.846
49 62 0.891
49 78 0.673
49 53 0.152
49 77 0.171
49 81 0.212
49 61 0.276
49 65 0.031
49 67 0.148
49 82 0.151
49 83 0.12
49 50 0.164
49 66 0.386
49 76 0.187
49 89 0.15
49 91 0.156
49 51 0.172
49 55 0.105
49 59 0.142
49 60 0.138
49 64 0.137
49 74 0.134
49 84 0.185
49 90 0.166
49 94 0.172
50 60 0.778
50 83 0.722
50 99 0.165
50 61 0.252
50 75 0.173
50 88 0.152
50 79 0.206
50 55 0.17
50 57 0.156
50 59 0.16
50 67 0.161
50 71 0.165
50 82 0.134
50 94 0.125
50 51 0.127
50 56 0.076
50 66 0.186
50 69 0.084
50 70 0.115
50 73 0.166
50 78 0.15
50 81 0.138
50 84 0.126
50 89 0.127
50 90 0.155
50 92 0.166
50 96 0.221
50 98 0.169
51 59 0.64
51 64 0.336
51 72 0.785
51 56 0.806
51 98 0.914
51 82 0.52
51 81 0.559
51 61 0.451
51 65 0.13
51 71 0.064
51 74 0.127
51 91 0.132
51 94 0.177
51 53 0.112
51 66 0.097
51 68 0.113
51 73 0.129
51 75 0.103
51 54 0.119
51 67 0.15
51 76 0.147
51 79 0.141
51 85 0.133
51 95 0.16
51 97 0.193
51 99 0.193
52 61 0.788
52 93 0.873
52 80 0.618
52 90 0.747
52 96 0.69
52 70 0.108
52 56 0.117
52 79 0.138
52 94 0.135
52 78 0.131
52 98 0.148
52 60 0.124
52 62 0.125
52 67 0.149
52 68 0.376
52 83 0.19
52 84 0.17
52 85 0.123
52 87 0.152
52 55 0.1
52 59 0.128
52 63 0.214
52 64 0.177
52 65 0.115
52 76 0.188
52 81 0.178
52 82 0.137
52 86 0.16
53 77 0.988
53 72 0.696
53 98 0.683
53 87 0.65
53 74 0.691
53 88 0.171
53 59 0.195
53 69 0.128
53 65 0.275
53 56 0.139
53 57 0.126
53 68 0.105
53 83 0.372
53 92 0.122
53 61 0.161
53 62 0.194
53 64 0.128
53 71 0.155
53 85 0.132
53 90 0.15
53 54 0.144
53 66 0.123
53 75 0.146
53 76 0.143
53 80 0.178
53 84 0.148
53 86 0.133
53 89 0.132
53 93 0.122
53 96 0.127
54 99 0.692
54 77 0.996
54 98 0.844
54 65 0.136
54 78 0.136
54 64 0.155
54 82 0.318
54 94 0.066
54 60 0.154
54 69 0.169
54 71 0.152
54 72 0.052
54 75 0.122
54 85 0.172
54 86 0.172
54 87 0.176
54 70 0.096
54 76 0.179
54 55 0.153
54 62 0.144
54 66 0.135
54 81 0.173
54 84 0.156
54 90 0.134
54 92 0.196
54 96 0.149
55 98 1
55 89 1
55 97 0.651
55 93 0.072
55 58 0.131
55 60 0.141
55 57 0.139
55 61 0.174
55 80 0.148
55 84 0.09
55 75 0.126
55 96 0.135
55 66 0.139
55 72 0.115
55 86 0.146
55 91 0.159
55 99 0.126
55 56 0.13
55 59 0.153
55 64 0.166
55 68 0.146
55 77 0.104
55 83 0.128
55 85 0.141
55 95 0.167
56 68 0.723
56 81 0.908
56 66 0.774
56 93 0.88
56 60 0.513
56 87 0.203
56 65 0.168
56 72 0.183
56 73 0.132
56 80 0.144
56 84 0.167
56 94 0.126
56 63 0.162
56 67 0.167
56 76 0.205
56 83 0.129
56 91 0.124
56 98 0.161
56 62 0.148
56 69 0.133
56 74 0.126
56 78 0.173
56 79 0.152
57 60 0.873
57 65 0.911
57 83 1
57 59 0.775
57 81 0.633
57 94 0.635
57 78 0.569
57 88 0.543
57 99 0.511
57 73 0.598
57 98 0.179
57 58 0.05
57 82 0.182
57 91 0.194
57 86 0.08
57 90 0.169
57 92 0.115
57 61 0.199
57 74 0.143
57 75 0.193
57 76 0.052
57 77 0.169
57 97 0.153
57 62 0.158
57 63 0.17
57 64 0.134
57 67 0.138
57 87 0.151
57 89 0.192
57 95 0.141
57 96 0.154
58 65 0.56
58 68 0.726
58 88 0.919
58 87 0.687
58 99 0.745
58 89 0.2
58 84 0.255
58 60 0.108
58 73 0.105
58 77 0.172
58 80 0.126
58 82 0.122
58 85 0.169
58 86 0.196
58 90 0.129
58 98 0.145
58 59 0.162
58 63 0.139
58 69 0.129
58 74 0.139
58 81 0.131
58 92 0.178
58 66 0.164
58 72 0.184
58 79 0.094
59 87 0.865
59 79 0.842
59 65 0.953
59 68 0.768
59 81 0.669
59 80 0.882
59 63 0.769
59 62 0.16
59 69 0.132
59 72 0.151
59 90 0.152
59 76 0.172
59 82 0.189
59 88 0.098
59 89 0.187
59 61 0.093
59 70 0.121
59 73 0.17
59 74 0.141
59 75 0.141
59 78 0.167
59 83 0.131
59 86 0.157
59 91 0.093
59 92 0.133
59 98 0.118
59 99 0.193
60 68 0.973
60 72 0.182
60 86 0.153
60 69 0.42
60 63 0.111
60 70 0.112
60 91 0.126
60 74 0.168
60 77 0.143
60 79 0.135
60 83 0.153
60 84 0.138
60 61 0.197
60 66 0.18
60 75 0.171
60 78 0.143
60 81 0.131
60 85 0.126
60 88 0.159
60 90 0.113
60 99 0.181
61 79 1
61 87 0.596
61 66 0.674
61 68 0.744
61 81 0.471
61 64 0.134
61 69 0.118
61 80 0.122
61 89 0.133
61 71 0.115
61 73 0.192
61 75 0.185
61 88 0.186
61 62 0.178
61 70 0.186
61 78 0.174
61 84 0.187
61 85 0.179
61 94 0.095
61 96 0.11
61 65 0.117
61 67 0.148
61 76 0.136
61 86 0.161
61 91 0.171
61 95 0.144
61 98 0.208
62 82 0.908
62 72 0.939
62 79 0.639
62 86 0.17
62 64 0.142
62 67 0.161
62 69 0.149
62 70 0.107
62 74 0.193
62 75 0.162
62 97 0.138
62 90 0.17
62 98 0.181
62 68 0.11
62 73 0.177
62 77 0.121
62 78 0.147
62 81 0.146
62 85 0.201
62 87 0.161
62 88 0.072
62 91 0.155
62 99 0.112
63 89 0.582
63 83 0.134
63 90 0.138
63 72 0.169
63 82 0.126
63 66 0.117
63 95 0.136
63 74 0.131
63 76 0.109
63 79 0.152
63 81 0.132
63 98 0.151
63 65 0.131
63 68 0.162
63 78 0.186
63 80 0.118
63 86 0.14
63 88 0.168
63 94 0.145
63 97 0.159
64 71 0.639
64 66 1
64 65 0.598
64 83 0.668
64 73 0.542
64 76 0.13
64 88 0.11
64 97 0.096
64 67 0.154
64 72 0.105
64 74 0.157
64 84 0.132
64 95 0.286
64 86 0.159
64 89 0.151
64 93 0.146
64 96 0.182
64 98 0.114
64 80 0.164
64 82 0.167
64 90 0.103
64 91 0.173
64 94 0.149
65 85 0.763
65 94 0.896
65 67 0.626
65 77 0.531
65 95 0.701
65 99 0.083
65 66 0.134
65 87 0.004
65 72 0.118
65 73 0.158
65 84 0.161
65 97 0.166
65 78 0.153
65 83 0.166
65 86 0.199
65 88 0.199
65 90 0.181
65 93 0.192
65 70 0.163
65 71 0.183
65 76 0.129
65 79 0.15
65 80 0.169
65 81 0.162
65 82 0.15
65 92 0.124
66 76 0.928
66 95 0.69
66 96 0.681
66 91 0.106
66 72 0.193
66 84 0.147
66 70 0.213
66 74 0.159
66 77 0.193
66 92 0.118
66 99 0.176
66 73 0.202
66 75 0.17
66 78 0.127
66 79 0.119
66 80 0.169
66 88 0.153
66 94 0.212
67 70 0.666
67 91 0.576
67 77 0.909
67 80 0.756
67 96 0.152
67 82 0.196
67 71 0.199
67 87 0.176
67 93 0.157
67 86 0.282
67 89 0.19
67 72 0.139
67 74 0.147
67 78 0.163
67 92 0.157
67 97 0.082
67 99 0.179
68 71 0.845
68 73 1
68 82 0.742
68 98 0.703
68 69 0.136
68 76 0.138
68 75 0.144
68 77 0.152
68 80 0.173
68 93 0.13
68 70 0.171
68 79 0.154
68 83 0.126
68 84 0.189
68 87 0.139
68 88 0.153
68 94 0.111
68 95 0.118
69 74 0.681
69 96 0.59
69 80 0.119
69 85 0.056
69 77 0.116
69 99 0.199
69 78 0.157
69 81 0.138
69 71 0.194
69 76 0.236
69 79 0.163
69 83 0.152
69 84 0.176
69 87 0.104
69 89 0.218
69 93 0.136
69 94 0.172
70 93 0.68
70 73 0.59
70 74 0.116
70 82 0.146
70 71 0.147
70 79 0.137
70 85 0.17
70 86 0.19
70 91 0.145
70 99 0.197
70 72 0.146
70 75 0.127
70 76 0.14
70 81 0.195
70 84 0.148
70 90 0.128
70 95 0.124
70 96 0.18
70 97 0.127
71 82 0.695
71 98 0.911
71 89 0.754
71 95 0.154
71 74 0.202
71 78 0.249
71 77 0.126
71 81 0.117
71 83 0.199
71 86 0.093
71 97 0.161
71 75 0.169
71 80 0.148
71 84 0.128
71 87 0.132
72 95 1
72 76 0.79
72 92 0.164
72 85 0.29
72 84 0.139
72 82 0.151
72 87 0.164
72 77 0.131
72 78 0.157
72 83 0.18
72 86 0.184
72 93 0.181
72 96 0.157
73 88 0.734
73 80 0.977
73 83 0.538
73 90 0.56
73 85 0.094
73 81 0.092
73 96 0.125
73 74 0.098
73 78 0.199
73 91 0.153
73 94 0.23
73 75 0.175
73 76 0.123
73 77 0.16
73 86 0.162
73 87 0.148
73 89 0.165
73 93 0.139
73 99 0.162
74 77 0.867
74 80 0.852
74 98 1
74 88 0.872
74 76 0.554
74 86 0.193
74 96 0.012
74 89 0.199
74 75 0.197
74 78 0.139
74 83 0.144
74 94 0.156
74 95 0.142
74 81 0.127
74 82 0.147
74 85 0.111
74 93 0.131
75 77 1
75 80 0.829
75 90 0.178
75 94 0.165
75 79 0.043
75 81 0.144
75 82 0.218
75 85 0.13
75 86 0.318
75 88 0.12
75 91 0.176
75 92 0.148
75 95 0.178
75 96 0.185
75 83 0.131
75 87 0.135
75 98 0.162
75 99 0.204
76 94 0.845
76 84 0.198
76 99 0.191
76 77 0.24
76 80 0.17
76 87 0.227
76 91 0.08
76 89 0.144
76 92 0.19
76 95 0.174
76 96 0.138
76 98 0.121
76 79 0.118
76 81 0.142
76 82 0.135
76 83 0.161
76 90 0.118
77 94 0.92
77 89 0.246
77 91 0.227
77 84 0.122
77 86 0.124
77 85 0.065
77 87 0.231
77 93 0.145
77 99 0.135
77 78 0.135
77 79 0.201
77 80 0.189
77 81 0.162
77 90 0.137
77 95 0.154
77 97 0.206
78 97 0.625
78 79 0.844
78 87 0.918
78 89 1
78 94 0.609
78 92 0.057
78 80 0.067
78 95 0.138
78 84 0.138
78 98 0.138
78 82 0.171
78 86 0.121
78 90 0.125
78 93 0.168
79 82 0.556
79 93 0.161
79 84 0.178
79 89 0.153
79 87 0.143
79 96 0.218
79 98 0.186
79 86 0.187
79 97 0.124
79 90 0.14
79 92 0.13
79 94 0.185
80 85 0.75
80 99 0.814
80 82 0.123
80 89 0.147
80 88 0.134
80 83 0.152
80 96 0.153
80 81 0.129
80 87 0.219
80 91 0.163
80 92 0.154
80 98 0.168
81 88 0.81
81 83 0.984
81 95 0.935
81 92 0.146
81 90 0.135
81 96 0.131
81 87 0.127
81 94 0.153
81 97 0.187
81 98 0.161
82 90 0.039
82 95 0.064
82 86 0.165
82 94 0.136
82 98 0.121
82 87 0.141
82 88 0.123
82 93 0.135
83 94 0.143
83 95 0.105
83 84 0.216
83 87 0.132
83 89 0.156
83 93 0.119
83 99 0.133
84 96 0.965
84 98 0.629
84 97 0.535
84 91 0.21
84 89 0.191
84 87 0.261
84 92 0.091
84 95 0.126
85 90 1
85 94 0.395
85 86 0.204
85 91 0.177
85 93 0.243
85 88 0.086
85 98 0.123
85 99 0.067
86 95 0.789
86 89 0.701
86 90 0.148
86 87 0.132
86 91 0.093
86 94 0.116
86 99 0.149
86 92 0.154
86 97 0.155
86 98 0.128
87 88 0.129
87 99 0.184
87 93 0.151
87 98 0.176
88 97 0.963
88 89 0.085
88 99 0.184
88 91 0.119
88 93 0.13
88 94 0.155
88 98 0.168
88 96 0.189
89 99 0.929
89 98 0.685
89 95 0.166
89 90 0.203
89 91 0.172
89 94 0.153
89 97 0.119
90 99 0.916
90 97 0.049
90 91 0.122
90 98 0.1
91 98 0.666
91 94 0.223
91 92 0.154
92 95 0.154
92 94 0.177
92 99 0.133
92 98 0.139
93 95 0.528
93 97 0.603
93 99 0.255
93 96 0.169
93 98 0.131
94 99 0.581
94 95 0.523
94 96 0.16
94 97 0.19
95 96 0.178
95 98 0.131
95 97 0.223
95 99 0.153
96 97 0.147
97 98 0.682
97 99 0.135
98 99 0.11
