0 33 0.968
0 36 0.642
0 51 1
0 64 0.955
0 65 1
0 68 0.677
0 3 0.745
0 25 0.779
0 46 0.627
0 11 0.783
0 58 0.18
0 12 0.166
0 29 0.157
0 41 0.144
0 54 0.474
0 89 0.135
0 90 0.162
0 92 0.018
0 93 0.161
0 8 0.148
0 16 0.161
0 20 0.22
0 21 0.175
0 23 0.162
0 27 0.14
0 28 0.169
0 32 0.136
0 37 0.157
0 39 0.174
0 43 0.113
0 47 0.102
0 49 0.122
0 57 0.146
0 59 0.137
0 61 0.161
0 62 0.149
0 63 0.162
0 66 0.144
0 70 0.163
0 83 0.188
0 85 0.119
0 88 0.137
0 96 0.194
0 97 0.174
1 28 0.662
1 62 0.896
1 64 0.786
1 52 0.591
1 55 0.622
1 65 0.573
1 4 0.744
1 32 0.189
1 5 0.216
1 13 0.128
1 18 0.173
1 29 0.114
1 30 0.154
1 37 0.154
1 71 0.145
1 77 0.113
1 82 0.207
1 3 0.181
1 20 0.168
1 24 0.147
1 36 0.155
1 38 0.173
1 43 0.145
1 46 0.14
1 47 0.126
1 49 0.095
1 53 0.148
1 57 0.168
1 58 0.133
1 59 0.123
1 63 0.135
1 70 0.172
1 73 0.127
1 76 0.105
1 80 0.136
1 81 0.205
1 85 0.1
1 88 0.052
1 89 0.161
1 90 0.193
1 91 0.137
1 95 0.176
1 96 0.157
2 26 0.65
2 82 0.653
2 35 0.635
2 56 0.654
2 8 0.164
2 45 0.113
2 60 0.21
2 3 0.103
2 4 0.129
2 9 0.134
2 12 0.142
2 14 0.157
2 18 0.149
2 21 0.184
2 24 0.09
2 30 0.152
2 37 0.212
2 40 0.117
2 42 0.133
2 44 0.198
2 46 0.124
2 48 0.121
2 59 0.155
2 65 0.084
2 66 0.152
2 70 0.134
2 77 0.172
2 80 0.082
2 84 0.185
2 87 0.122
2 91 0.159
2 93 0.187
3 30 0.856
3 38 1
3 59 0.661
3 64 0.789
3 96 0.737
3 98 0.998
3 11 0.9
3 29 0.894
3 39 0.799
3 78 0.654
3 54 0.725
3 61 0.836
3 89 0.146
3 90 0.11
3 9 0.204
3 33 0.16
3 36 0.189
3 91 0.131
3 93 0.224
3 13 0.083
3 15 0.177
3 16 0.155
3 19 0.129
3 21 0.078
3 24 0.194
3 26 0.177
3 35 0.139
3 40 0.11
3 44 0.166
3 45 0.158
3 48 0.158
3 50 0.12
3 52 0.159
3 53 0.186
3 55 0.142
3 65 0.114
3 67 0.159
3 70 0.168
3 72 0.181
3 73 0.153
3 76 0.17
3 84 0.176
3 87 0.171
4 5 0.726
4 35 0.778
4 49 0.957
4 51 0.498
4 76 0.664
4 42 0.524
4 25 0.613
4 98 0.79
4 65 0.959
4 28 0.764
4 57 0.178
4 93 0.156
4 8 0.178
4 9 0.158
4 10 0.151
4 14 0.119
4 18 0.186
4 24 0.093
4 29 0.144
4 34 0.139
4 37 0.158
4 38 0.167
4 41 0.184
4 46 0.137
4 47 0.128
4 48 0.146
4 50 0.152
4 53 0.173
4 62 0.227
4 64 0.146
4 67 0.176
4 69 0.142
4 74 0.116
4 75 0.168
4 77 0.169
4 80 0.105
4 81 0.138
4 86 0.142
4 87 0.198
4 88 0.134
4 92 0.135
4 97 0.132
5 23 0.677
5 50 0.836
5 79 1
5 88 0.977
5 93 0.561
5 21 0.893
5 48 0.899
5 51 0.694
5 9 0.233
5 35 0.164
5 42 0.16
5 56 0.151
5 57 0.076
5 78 0.134
5 13 0.124
5 15 0.145
5 24 0.144
5 30 0.14
5 31 0.167
5 34 0.147
5 38 0.116
5 39 0.095
5 40 0.135
5 49 0.195
5 54 0.243
5 58 0.187
5 67 0.147
5 74 0.124
5 80 0.196
5 86 0.112
5 87 0.174
5 91 0.129
5 95 0.168
6 7 0.784
6 9 0.765
6 11 0.834
6 37 0.918
6 43 1
6 91 0.611
6 12 1
6 60 0.791
6 75 0.588
6 33 0.566
6 8 0.166
6 25 0.168
6 39 0.137
6 52 0.087
6 67 0.164
6 14 0.137
6 18 0.157
6 23 0.06
6 24 0.171
6 28 0.154
6 32 0.162
6 40 0.2
6 46 0.122
6 56 0.146
6 58 0.144
6 71 0.131
6 73 0.146
6 78 0.188
6 85 0.101
6 86 0.169
6 90 0.141
6 94 0.2
6 96 0.184
6 97 0.183
6 99 0.214
7 10 0.817
7 70 0.872
7 74 0.795
7 26 0.799
7 28 0.174
7 93 0.154
7 95 0.118
7 29 0.164
7 36 0.138
7 41 0.15
7 55 0.156
7 13 0.197
7 17 0.154
7 18 0.174
7 19 0.159
7 22 0.118
7 35 0.174
7 42 0.183
7 47 0.132
7 57 0.105
7 58 0.155
7 59 0.145
7 64 0.147
7 65 0.164
7 66 0.108
7 71 0.126
7 72 0.187
7 76 0.236
7 86 0.15
7 88 0.144
7 90 0.156
7 91 0.137
7 97 0.152
8 46 0.989
8 54 1
8 64 0.861
8 66 0.985
8 99 0.843
8 85 0.989
8 23 0.771
8 75 1
8 43 0.145
8 51 0.132
8 57 0.14
8 10 0.15
8 11 0.157
8 12 0.081
8 16 0.196
8 18 0.14
8 25 0.127
8 26 0.135
8 28 0.13
8 32 0.11
8 41 0.181
8 49 0.115
8 52 0.14
8 55 0.155
8 56 0.204
8 60 0.178
8 62 0.146
8 65 0.193
8 67 0.127
8 70 0.13
8 71 0.118
8 76 0.163
8 79 0.17
8 80 0.1
8 82 0.16
8 83 0.162
8 92 0.124
9 33 0.675
9 39 0.968
9 53 0.752
9 56 0.935
9 73 0.824
9 97 0.789
9 31 0.981
9 96 0.732
9 10 0.36
9 42 0.181
9 59 0.161
9 98 0.181
9 99 0.163
9 13 0.123
9 17 0.145
9 25 0.194
9 32 0.146
9 35 0.152
9 40 0.16
9 41 0.137
9 43 0.161
9 46 0.275
9 54 0.174
9 55 0.152
9 58 0.117
9 60 0.092
9 65 0.175
9 67 0.175
9 70 0.177
9 72 0.161
9 76 0.095
9 77 0.181
9 79 0.181
9 81 0.162
9 86 0.115
9 89 0.176
9 91 0.135
9 94 0.147
9 95 0.145
10 15 0.722
10 53 0.584
10 90 0.827
10 33 0.814
10 61 0.982
10 17 0.523
10 79 0.901
10 23 0.535
10 29 0.624
10 13 0.621
10 46 0.549
10 56 0.519
10 83 0.767
10 55 0.153
10 27 0.132
10 11 0.134
10 12 0.098
10 20 0.185
10 22 0.151
10 24 0.154
10 28 0.113
10 31 0.201
10 32 0.134
10 34 0.134
10 35 0.165
10 38 0.146
10 41 0.154
10 42 0.17
10 45 0.147
10 54 0.149
10 65 0.154
10 70 0.149
10 73 0.178
10 75 0.167
10 80 0.189
10 81 0.171
10 82 0.103
10 89 0.152
10 96 0.135
10 99 0.178
11 58 0.918
11 88 0.761
11 98 0.817
11 89 0.938
11 14 0.842
11 33 0.952
11 51 0.703
11 27 0.739
11 29 0.163
11 57 0.121
11 62 0.219
11 66 0.13
11 17 0.192
11 18 0.166
11 19 0.109
11 20 0.135
11 23 0.122
11 24 0.124
11 25 0.109
11 31 0.161
11 34 0.158
11 36 0.081
11 38 0.148
11 44 0.104
11 45 0.158
11 47 0.141
11 48 0.142
11 49 0.132
11 50 0.152
11 55 0.123
11 63 0.133
11 69 0.14
11 70 0.189
11 74 0.195
11 79 0.146
11 81 0.199
11 82 0.163
11 85 0.135
11 86 0.155
11 87 0.153
11 95 0.136
11 96 0.165
11 99 0.082
12 21 0.824
12 27 0.876
12 37 0.882
12 57 1
12 95 1
12 16 0.856
12 13 0.632
12 47 0.576
12 81 0.674
12 60 0.741
12 65 1
12 86 0.109
12 46 0.161
12 53 0.248
12 55 0.113
12 58 0.265
12 80 0.207
12 15 0.177
12 32 0.183
12 36 0.143
12 41 0.121
12 50 0.15
12 61 0.157
12 63 0.222
12 64 0.141
12 71 0.159
12 75 0.18
12 76 0.16
12 83 0.113
12 88 0.138
12 89 0.176
12 92 0.145
12 93 0.204
12 94 0.151
12 97 0.175
12 99 0.133
13 16 0.776
13 51 1
13 43 0.736
13 73 0.542
13 20 0.184
13 84 0.175
13 67 0.137
13 68 0.129
13 69 0.071
13 81 0.186
13 18 0.19
13 19 0.117
13 21 0.135
13 24 0.064
13 28 0.089
13 29 0.094
13 30 0.165
13 32 0.106
13 39 0.153
13 42 0.12
13 45 0.12
13 48 0.177
13 56 0.164
13 57 0.18
13 64 0.17
13 74 0.128
13 76 0.101
13 80 0.184
13 85 0.172
13 86 0.149
13 95 0.177
13 96 0.152
13 98 0.179
14 17 0.717
14 64 0.926
14 77 0.857
14 78 0.971
14 80 1
14 73 0.707
14 34 0.201
14 70 0.058
14 76 0.127
14 16 0.199
14 20 0.196
14 22 0.152
14 28 0.145
14 32 0.11
14 35 0.125
14 43 0.189
14 45 0.153
14 48 0.087
14 52 0.148
14 53 0.215
14 57 0.159
14 62 0.155
14 68 0.098
14 71 0.136
14 72 0.109
14 75 0.173
14 84 0.15
14 87 0.134
14 88 0.144
14 90 0.122
15 21 0.844
15 37 0.815
15 98 0.748
15 83 0.558
15 95 0.843
15 71 0.903
15 44 1
15 43 0.794
15 25 0.502
15 59 0.641
15 70 0.134
15 28 0.071
15 31 0.146
15 35 0.272
15 39 0.189
15 79 0.145
15 90 0.128
15 20 0.149
15 23 0.157
15 36 0.133
15 38 0.156
15 45 0.147
15 46 0.186
15 53 0.139
15 54 0.172
15 57 0.154
15 61 0.16
15 63 0.102
15 66 0.195
15 73 0.153
15 80 0.118
15 82 0.125
15 86 0.138
15 87 0.176
15 89 0.147
15 91 0.102
15 96 0.183
15 99 0.187
16 45 0.999
16 54 0.518
16 67 0.831
16 68 0.636
16 79 0.974
16 98 0.992
16 28 0.956
16 25 1
16 51 1
16 85 0.603
16 29 0.108
16 36 0.34
16 84 0.095
16 17 0.14
16 19 0.198
16 20 0.193
16 23 0.187
16 27 0.15
16 30 0.112
16 31 0.193
16 37 0.204
16 42 0.2
16 48 0.174
16 49 0.194
16 55 0.136
16 57 0.072
16 60 0.181
16 73 0.165
16 75 0.145
16 76 0.157
16 87 0.14
16 90 0.106
17 22 0.611
17 30 1
17 39 0.752
17 66 0.769
17 57 0.872
17 47 1
17 34 0.185
17 69 0.129
17 70 0.154
17 28 0.179
17 35 0.144
17 36 0.147
17 43 0.151
17 49 0.132
17 52 0.119
17 58 0.137
17 72 0.171
17 73 0.155
17 74 0.212
17 75 0.174
17 82 0.116
17 83 0.181
17 85 0.154
17 88 0.136
17 90 0.091
17 93 0.161
17 96 0.165
17 97 0.12
18 46 0.922
18 47 0.758
18 69 0.754
18 96 0.916
18 41 0.73
18 92 0.629
18 24 0.784
18 85 1
18 43 0.516
18 38 0.116
18 31 0.104
18 86 0.01
18 27 0.151
18 78 0.23
18 20 0.162
18 25 0.145
18 28 0.158
18 32 0.169
18 34 0.147
18 35 0.195
18 45 0.159
18 57 0.097
18 58 0.168
18 62 0.122
18 63 0.148
18 64 0.156
18 67 0.15
18 68 0.175
18 73 0.158
18 76 0.136
18 77 0.181
18 79 0.139
18 83 0.141
18 84 0.165
18 87 0.198
18 89 0.119
18 91 0.21
18 95 0.179
18 97 0.131
19 20 0.918
19 21 0.722
19 35 0.963
19 75 0.548
19 80 0.727
19 40 0.933
19 95 0.696
19 62 0.982
19 26 0.111
19 37 0.306
19 48 0.155
19 73 0.156
19 88 0.204
19 28 0.172
19 34 0.116
19 36 0.144
19 39 0.117
19 46 0.191
19 47 0.138
19 49 0.145
19 53 0.152
19 54 0.173
19 56 0.159
19 57 0.115
19 68 0.138
19 70 0.093
19 74 0.156
19 77 0.109
19 78 0.185
19 79 0.218
19 81 0.184
19 82 0.146
19 83 0.159
19 85 0.131
19 90 0.15
19 93 0.144
19 94 0.194
19 97 0.148
20 41 0.726
20 57 0.87
20 65 0.812
20 94 0.837
20 71 0.705
20 24 0.873
20 37 0.878
20 91 0.221
20 93 0.168
20 49 0.184
20 61 0.232
20 69 0.118
20 27 0.175
20 32 0.147
20 33 0.105
20 34 0.155
20 35 0.159
20 36 0.124
20 40 0.201
20 55 0.134
20 56 0.132
20 59 0.18
20 60 0.146
20 63 0.125
20 66 0.146
20 72 0.121
20 77 0.161
20 84 0.123
20 85 0.141
20 87 0.124
21 29 1
21 58 0.89
21 62 0.575
21 69 0.796
21 82 0.89
21 96 0.779
21 42 1
21 88 0.75
21 48 0.577
21 38 0.565
21 24 0.145
21 47 0.179
21 23 0.153
21 30 0.126
21 50 0.152
21 53 0.165
21 54 0.137
21 55 0.196
21 57 0.189
21 60 0.171
21 65 0.163
21 68 0.171
21 75 0.157
21 76 0.194
21 78 0.152
21 81 0.099
21 83 0.166
21 91 0.128
21 95 0.123
21 98 0.171
22 38 1
22 52 0.979
22 70 0.681
22 74 1
22 24 0.686
22 40 0.594
22 44 0.81
22 71 0.732
22 84 0.815
22 72 0.881
22 26 0.148
22 85 0.205
22 42 0.087
22 62 0.013
22 73 0.246
22 96 0.268
22 27 0.126
22 29 0.197
22 34 0.125
22 35 0.129
22 36 0.114
22 61 0.146
22 64 0.105
22 65 0.149
22 75 0.164
22 77 0.09
22 79 0.189
22 81 0.13
22 82 0.143
22 83 0.206
22 97 0.12
22 98 0.191
23 48 1
23 90 1
23 94 0.642
23 40 1
23 83 0.685
23 38 0.968
23 52 0.678
23 60 0.863
23 87 0.571
23 47 0.596
23 45 0.156
23 53 0.159
23 86 0.107
23 98 0.255
23 26 0.173
23 29 0.159
23 34 0.145
23 36 0.093
23 39 0.144
23 56 0.103
23 58 0.122
23 59 0.134
23 62 0.157
23 67 0.103
23 69 0.169
23 70 0.236
23 74 0.181
23 75 0.138
23 76 0.179
23 91 0.176
23 97 0.2
24 31 0.612
24 45 0.907
24 56 0.939
24 98 1
24 39 0.726
24 87 0.859
24 48 0.537
24 43 1
24 27 0.633
24 55 0.234
24 29 0.121
24 36 0.088
24 44 0.127
24 64 0.185
24 96 0.187
24 30 0.186
24 52 0.175
24 54 0.119
24 57 0.159
24 60 0.128
24 61 0.139
24 65 0.154
24 67 0.168
24 75 0.129
24 76 0.187
24 77 0.097
24 78 0.184
24 81 0.181
24 82 0.168
24 85 0.106
24 88 0.136
24 89 0.17
24 90 0.128
24 93 0.151
24 95 0.16
24 97 0.143
25 37 0.628
25 47 0.586
25 75 0.936
25 84 0.512
25 98 0.938
25 44 0.681
25 53 0.95
25 87 0.936
25 34 0.104
25 48 0.152
25 57 0.142
25 63 0.192
25 73 0.102
25 26 0.156
25 30 0.186
25 33 0.126
25 35 0.077
25 36 0.205
25 39 0.133
25 40 0.197
25 41 0.165
25 42 0.123
25 45 0.088
25 49 0.153
25 58 0.158
25 59 0.142
25 62 0.17
25 70 0.18
25 79 0.135
25 83 0.172
25 90 0.171
25 91 0.139
25 93 0.124
25 94 0.141
25 95 0.157
26 73 0.765
26 91 0.979
26 44 0.669
26 77 0.861
26 63 0.851
26 76 0.723
26 60 0.149
26 30 0.13
26 69 0.179
26 78 0.184
26 80 0.177
26 94 0.098
26 29 0.097
26 35 0.161
26 40 0.166
26 41 0.141
26 45 0.178
26 47 0.156
26 50 0.158
26 53 0.141
26 54 0.154
26 57 0.184
26 62 0.134
26 71 0.099
26 79 0.152
26 82 0.148
26 87 0.21
26 88 0.151
26 93 0.151
26 96 0.18
26 99 0.209
27 65 0.741
27 76 0.806
27 91 0.658
27 93 0.767
27 47 1
27 88 0.879
27 28 0.719
27 41 0.786
27 52 0.879
27 53 0.627
27 30 0.156
27 90 0.186
27 32 0.141
27 37 0.106
27 38 0.168
27 39 0.151
27 42 0.103
27 46 0.129
27 49 0.106
27 55 0.141
27 60 0.136
27 61 0.143
27 64 0.134
27 72 0.117
27 73 0.18
27 82 0.1
27 83 0.129
27 84 0.15
27 95 0.181
28 39 0.796
28 55 0.889
28 75 0.654
28 64 0.571
28 90 0.178
28 62 0.112
28 82 0.002
28 92 0.164
28 95 0.094
28 31 0.145
28 38 0.143
28 44 0.147
28 45 0.083
28 51 0.171
28 56 0.106
28 59 0.127
28 65 0.17
28 66 0.192
28 68 0.156
28 72 0.21
28 79 0.15
28 85 0.131
28 93 0.178
28 97 0.105
29 44 0.526
29 49 0.737
29 76 0.956
29 83 1
29 32 0.79
29 85 0.747
29 75 0.807
29 74 0.744
29 43 0.712
29 64 0.112
29 90 0.145
29 99 0.188
29 34 0.114
29 37 0.079
29 41 0.136
29 46 0.171
29 47 0.166
29 48 0.13
29 51 0.103
29 55 0.124
29 56 0.151
29 63 0.153
29 66 0.125
29 78 0.159
29 80 0.15
29 91 0.198
29 97 0.194
29 98 0.121
30 35 0.519
30 43 0.67
30 46 0.87
30 37 0.768
30 79 0.864
30 60 0.85
30 58 1
30 49 0.527
30 44 0.135
30 63 0.087
30 72 0.144
30 34 0.155
30 45 0.16
30 50 0.151
30 51 0.165
30 55 0.152
30 56 0.142
30 57 0.139
30 61 0.181
30 65 0.175
30 71 0.212
30 74 0.138
30 75 0.117
30 76 0.18
30 81 0.116
30 88 0.16
30 91 0.145
30 95 0.162
30 96 0.162
30 97 0.197
31 33 0.904
31 38 1
31 43 1
31 47 0.802
31 67 1
31 74 1
31 75 1
31 54 0.889
31 96 0.836
31 95 1
31 84 0.219
31 92 0.134
31 32 0.176
31 36 0.13
31 45 0.128
31 51 0.161
31 52 0.168
31 56 0.21
31 57 0.126
31 61 0.143
31 63 0.141
31 64 0.181
31 68 0.123
31 71 0.21
31 76 0.163
31 81 0.169
31 82 0.205
31 83 0.122
31 86 0.105
31 88 0.099
31 90 0.094
31 97 0.121
32 45 0.707
32 46 0.875
32 68 0.796
32 76 0.863
32 83 0.744
32 51 0.693
32 88 0.567
32 43 0.186
32 36 0.155
32 89 0.129
32 99 0.153
32 33 0.176
32 37 0.134
32 38 0.097
32 47 0.129
32 50 0.18
32 52 0.114
32 56 0.126
32 60 0.128
32 63 0.164
32 64 0.147
32 65 0.17
32 72 0.115
32 73 0.182
32 74 0.151
32 78 0.137
32 80 0.121
32 84 0.144
32 87 0.112
32 90 0.159
32 91 0.164
32 93 0.122
33 60 0.701
33 66 0.763
33 72 0.86
33 78 1
33 85 0.788
33 65 0.912
33 47 0.608
33 92 0.679
33 41 0.387
33 68 0.107
33 69 0.122
33 81 0.198
33 95 0.161
33 39 0.126
33 43 0.149
33 48 0.156
33 49 0.17
33 50 0.105
33 55 0.127
33 59 0.157
33 63 0.156
33 64 0.144
33 79 0.19
33 80 0.159
33 82 0.17
33 86 0.196
33 88 0.171
33 90 0.225
33 96 0.153
33 99 0.179
34 39 0.632
34 64 1
34 48 0.889
34 73 0.647
34 77 0.696
34 47 0.642
34 85 0.761
34 46 0.173
34 37 0.129
34 63 0.224
34 36 0.117
34 40 0.154
34 41 0.102
34 52 0.092
34 53 0.107
34 54 0.145
34 55 0.077
34 59 0.178
34 62 0.162
34 67 0.112
34 72 0.155
34 74 0.216
34 82 0.101
34 90 0.117
34 91 0.127
34 98 0.133
35 42 0.916
35 72 0.748
35 82 0.648
35 85 0.957
35 50 0.777
35 58 0.651
35 67 0.709
35 66 0.76
35 84 0.927
35 41 0.559
35 43 0.325
35 48 0.177
35 59 0.161
35 86 0.114
35 36 0.088
35 37 0.144
35 39 0.166
35 47 0.139
35 53 0.147
35 63 0.127
35 71 0.164
35 75 0.127
35 80 0.15
35 83 0.157
35 88 0.123
35 96 0.116
35 98 0.144
35 99 0.146
36 58 0.915
36 76 0.562
36 91 1
36 95 0.769
36 45 0.857
36 84 0.624
36 40 0.749
36 55 0.721
36 37 0.135
36 60 0.121
36 75 0.121
36 41 0.137
36 48 0.154
36 49 0.157
36 61 0.073
36 69 0.202
36 78 0.097
36 88 0.144
36 90 0.103
36 92 0.149
36 99 0.176
37 57 0.926
37 71 0.944
37 77 0.906
37 81 1
37 76 0.988
37 56 0.643
37 54 0.067
37 39 0.146
37 52 0.153
37 58 0.135
37 79 0.184
37 83 0.141
37 88 0.134
37 91 0.159
37 98 0.175
37 99 0.11
37 45 0.132
37 47 0.135
37 49 0.14
37 63 0.156
37 66 0.106
37 68 0.174
37 70 0.127
37 74 0.146
37 75 0.125
37 80 0.147
37 85 0.148
37 90 0.138
37 92 0.146
38 40 0.607
38 95 0.871
38 51 0.784
38 49 0.631
38 68 0.675
38 98 0.762
38 42 0.136
38 52 0.142
38 55 0.155
38 56 0.116
38 57 0.09
38 61 0.102
38 63 0.136
38 64 0.135
38 71 0.125
38 77 0.192
38 96 0.172
39 51 1
39 75 1
39 97 0.986
39 90 0.964
39 66 0.963
39 42 0.69
39 47 0.177
39 82 0.138
39 85 0.162
39 41 0.154
39 49 0.143
39 50 0.175
39 54 0.118
39 56 0.17
39 58 0.094
39 65 0.113
39 69 0.23
39 71 0.112
39 74 0.161
39 77 0.133
39 80 0.16
39 86 0.123
39 87 0.184
39 88 0.172
39 92 0.16
39 94 0.082
39 96 0.149
40 45 0.724
40 64 1
40 71 1
40 81 0.913
40 95 1
40 99 1
40 91 0.927
40 60 0.607
40 59 0.563
40 41 0.571
40 79 1
40 84 0.095
40 46 0.186
40 48 0.131
40 52 0.157
40 55 0.135
40 65 0.157
40 67 0.162
40 68 0.16
40 72 0.2
40 77 0.203
40 78 0.12
40 80 0.156
40 86 0.191
40 88 0.15
40 97 0.176
41 49 0.764
41 48 1
41 60 0.619
41 46 0.728
41 95 0.512
41 62 1
41 92 0.154
41 63 0.171
41 55 0.165
41 61 0.155
41 71 0.148
41 81 0.136
41 53 0.12
41 59 0.147
41 68 0.094
41 69 0.149
41 73 0.153
41 75 0.218
41 77 0.168
41 80 0.115
41 83 0.167
41 89 0.141
41 90 0.123
41 91 0.144
41 93 0.129
41 94 0.145
42 75 0.925
42 86 0.509
42 88 0.664
42 91 0.596
42 93 0.738
42 89 0.888
42 73 0.963
42 97 0.857
42 85 0.58
42 46 0.741
42 99 1
42 63 0.786
42 57 0.531
42 90 0.179
42 94 0.141
42 95 0.183
42 43 0.118
42 45 0.16
42 48 0.158
42 50 0.098
42 51 0.159
42 54 0.171
42 56 0.154
42 61 0.115
42 62 0.17
42 66 0.18
42 71 0.147
42 74 0.162
42 80 0.132
42 84 0.176
42 92 0.14
42 96 0.121
42 98 0.142
43 53 0.908
43 92 1
43 98 0.944
43 87 0.708
43 81 0.121
43 51 0.152
43 64 0.131
43 84 0.007
43 89 0.132
43 45 0.15
43 46 0.12
43 49 0.113
43 57 0.163
43 59 0.168
43 61 0.195
43 71 0.21
43 74 0.181
43 75 0.141
43 85 0.124
43 88 0.183
43 93 0.195
43 95 0.139
43 97 0.173
44 50 0.957
44 55 0.935
44 56 0.76
44 89 0.586
44 82 1
44 52 1
44 47 0.956
44 85 0.956
44 70 0.202
44 98 0.165
44 45 0.12
44 58 0.142
44 60 0.166
44 62 0.084
44 66 0.17
44 71 0.159
44 75 0.102
44 77 0.204
44 80 0.153
44 87 0.16
45 46 1
45 50 1
45 74 0.868
45 58 0.911
45 56 1
45 52 0.136
45 60 0.159
45 69 0.158
45 77 0.153
45 94 0.148
45 49 0.104
45 51 0.136
45 54 0.172
45 55 0.097
45 73 0.184
45 76 0.176
45 86 0.104
45 89 0.141
45 90 0.132
45 93 0.158
45 97 0.096
45 98 0.114
46 50 0.558
46 70 0.957
46 71 0.645
46 75 1
46 80 0.502
46 53 0.952
46 79 0.996
46 94 1
46 58 0.554
46 67 1
46 91 0.9
46 60 0.099
46 83 0.144
46 48 0.144
46 66 0.177
46 89 0.088
46 52 0.123
46 56 0.079
46 59 0.129
46 61 0.181
46 72 0.141
46 74 0.157
46 82 0.143
46 84 0.114
46 86 0.145
46 87 0.184
46 95 0.196
46 96 0.175
47 72 0.967
47 83 0.855
47 88 0.902
47 93 0.542
47 69 0.709
47 64 0.768
47 96 0.833
47 53 0.181
47 71 0.157
47 51 0.083
47 54 0.188
47 60 0.202
47 65 0.126
47 77 0.159
47 78 0.176
47 82 0.204
47 89 0.133
47 90 0.14
47 94 0.13
48 55 0.651
48 80 0.524
48 88 0.719
48 62 0.589
48 49 0.56
48 66 0.573
48 76 0.138
48 54 0.212
48 56 0.151
48 58 0.127
48 61 0.161
48 67 0.129
48 68 0.083
48 72 0.192
48 73 0.15
48 75 0.155
48 86 0.118
48 87 0.143
48 89 0.145
48 92 0.152
48 96 0.139
49 51 0.917
49 65 0.505
49 67 0.94
49 92 0.518
49 78 0.759
49 53 0.656
49 76 1
49 50 0.198
49 72 0.094
49 93 0.154
49 95 0.182
49 59 0.159
49 60 0.109
49 61 0.14
49 62 0.157
49 63 0.16
49 70 0.121
49 79 0.148
49 81 0.202
49 82 0.195
49 84 0.109
49 86 0.158
49 91 0.147
49 99 0.16
50 77 1
50 78 0.602
50 62 0.924
50 55 0.833
50 59 0.574
50 63 0.153
50 90 0.191
50 94 0.392
50 76 0.153
50 87 0.123
50 54 0.126
50 56 0.159
50 58 0.144
50 82 0.106
50 89 0.14
50 91 0.151
50 96 0.11
50 99 0.133
51 56 1
51 70 0.595
51 82 0.852
51 85 0.623
51 68 0.875
51 52 0.181
51 53 0.164
51 57 0.135
51 58 0.133
51 60 0.19
51 71 0.123
51 73 0.151
51 74 0.145
51 76 0.141
51 86 0.194
51 87 0.152
51 91 0.153
51 92 0.078
51 93 0.163
51 94 0.123
51 96 0.172
51 99 0.149
52 57 1
52 71 0.986
52 62 0.248
52 84 0.102
52 95 0.158
52 53 0.135
52 54 0.158
52 55 0.081
52 60 0.134
52 61 0.165
52 64 0.126
52 68 0.165
52 73 0.134
52 77 0.198
52 83 0.121
53 88 0.616
53 85 0.99
53 95 0.925
53 55 0.574
53 54 0.165
53 83 0.14
53 67 0.118
53 68 0.143
53 69 0.124
53 70 0.15
53 74 0.145
53 76 0.147
53 77 0.122
53 79 0.172
53 82 0.166
53 86 0.146
53 89 0.171
53 92 0.152
53 97 0.1
53 98 0.082
53 99 0.093
54 61 0.899
54 84 0.878
54 92 0.696
54 98 0.972
54 81 0.8
54 97 0.844
54 71 0.131
54 64 0.135
54 67 0.142
54 76 0.123
54 77 0.101
54 78 0.16
54 87 0.133
54 90 0.162
54 94 0.151
54 95 0.141
54 99 0.153
55 62 0.761
55 71 0.627
55 82 0.697
55 91 0.911
55 74 0.16
55 76 0.187
55 59 0.121
55 61 0.151
55 66 0.122
55 69 0.119
55 73 0.164
55 75 0.115
55 77 0.142
55 78 0.12
55 81 0.143
55 87 0.124
55 96 0.187
55 97 0.142
55 99 0.155
56 81 1
56 62 0.761
56 92 0.501
56 96 0.588
56 57 0.165
56 64 0.114
56 65 0.17
56 85 0.139
56 98 0.146
56 68 0.131
56 70 0.16
56 72 0.172
56 73 0.14
56 74 0.144
56 80 0.11
56 83 0.133
56 87 0.153
56 97 0.141
57 69 0.904
57 73 0.674
57 59 0.152
57 58 0.154
57 60 0.179
57 62 0.139
57 66 0.141
57 67 0.135
57 70 0.188
57 74 0.203
57 76 0.14
57 84 0.108
57 86 0.139
57 92 0.142
57 95 0.124
58 70 1
58 83 0.937
58 63 0.862
58 92 0.877
58 65 0.801
58 78 0.054
58 61 0.156
58 64 0.203
58 66 0.13
58 86 0.169
58 87 0.165
58 88 0.095
58 94 0.179
58 95 0.189
59 70 0.804
59 84 0.963
59 88 0.94
59 69 0.847
59 61 0.145
59 66 0.173
59 73 0.309
59 77 0.162
59 87 0.148
59 67 0.143
59 81 0.146
59 82 0.116
59 83 0.141
59 89 0.14
59 98 0.134
60 96 0.815
60 86 0.811
60 91 0.087
60 63 0.134
60 65 0.137
60 71 0.148
60 73 0.136
60 74 0.176
60 78 0.128
60 83 0.185
60 85 0.175
60 87 0.113
60 90 0.143
60 92 0.092
60 93 0.207
60 94 0.124
60 98 0.206
61 89 1
61 70 0.752
61 67 1
61 63 0.566
61 96 0.538
61 81 0.325
61 93 0.092
61 64 0.137
61 66 0.099
61 68 0.102
61 71 0.138
61 73 0.145
61 75 0.186
61 76 0.166
61 78 0.135
61 86 0.151
61 87 0.103
61 88 0.119
61 90 0.115
62 94 0.873
62 66 0.815
62 71 0.751
62 81 0.766
62 98 0.671
62 64 0.154
62 65 0.148
62 68 0.157
62 75 0.118
62 78 0.145
62 83 0.157
62 84 0.131
62 87 0.182
62 96 0.09
63 64 0.81
63 73 0.867
63 67 0.152
63 88 0.152
63 91 0.085
63 94 0.122
63 65 0.11
63 68 0.14
63 69 0.193
63 70 0.155
63 74 0.159
63 75 0.135
63 77 0.137
63 78 0.121
63 80 0.181
63 81 0.106
63 85 0.196
63 86 0.124
63 92 0.141
63 95 0.166
63 96 0.14
63 97 0.132
63 99 0.104
64 66 0.881
64 74 0.988
64 81 0.862
64 93 0.948
64 91 0.694
64 80 0.164
64 70 0.166
64 71 0.193
64 72 0.144
64 78 0.113
64 79 0.195
64 82 0.126
64 85 0.168
64 88 0.17
64 89 0.141
64 95 0.09
64 96 0.099
64 98 0.174
64 99 0.148
65 72 1
65 74 1
65 82 0.515
65 87 0.503
65 77 0.699
65 71 0.146
65 66 0.152
65 69 0.145
65 76 0.163
65 78 0.129
65 81 0.172
65 84 0.111
65 91 0.145
65 92 0.198
65 97 0.143
66 92 1
66 97 1
66 87 0.9
66 72 0.944
66 95 0.543
66 88 0.11
66 78 0.142
66 70 0.207
66 79 0.111
66 80 0.186
66 96 0.15
66 99 0.111
67 96 0.722
67 79 0.07
67 89 0.151
67 69 0.068
67 70 0.167
67 72 0.167
67 73 0.119
67 76 0.162
67 78 0.119
67 83 0.127
67 85 0.137
67 86 0.138
67 88 0.155
67 93 0.146
67 97 0.098
67 98 0.172
67 99 0.138
68 83 0.74
68 88 0.785
68 96 0.753
68 76 0.19
68 85 0.175
68 92 0.075
68 94 0.064
68 69 0.165
68 75 0.149
68 78 0.111
68 84 0.093
68 89 0.123
68 90 0.166
69 77 0.998
69 88 1
69 91 0.664
69 71 0.171
69 73 0.148
69 93 0.256
69 70 0.145
69 72 0.191
69 75 0.148
69 83 0.106
69 90 0.223
69 95 0.164
69 99 0.178
70 95 0.58
70 85 0.171
70 72 0.159
70 77 0.168
70 79 0.172
70 80 0.136
70 81 0.13
70 87 0.138
70 88 0.14
71 88 0.788
71 99 0.579
71 84 0.162
71 74 0.146
71 77 0.152
71 78 0.165
71 83 0.143
71 93 0.136
72 77 0.925
72 83 0.783
72 86 0.665
72 85 0.555
72 76 0.14
72 88 0.15
72 73 0.168
72 74 0.168
72 80 0.125
72 81 0.126
72 84 0.12
72 87 0.214
72 90 0.162
72 91 0.172
72 96 0.199
72 97 0.118
72 98 0.158
72 99 0.117
73 95 0.665
73 92 0.789
73 79 0.179
73 89 0.108
73 75 0.162
73 76 0.199
73 78 0.159
73 80 0.128
73 83 0.078
73 84 0.136
73 91 0.172
73 93 0.167
73 94 0.172
74 75 0.926
74 82 1
74 89 0.725
74 95 0.898
74 93 0.9
74 94 0.638
74 96 0.742
74 77 0.15
74 78 0.178
74 90 0.152
74 91 0.147
74 97 0.101
75 83 0.64
75 88 0.751
75 90 1
75 91 1
75 92 0.664
75 94 0.696
75 96 0.881
75 89 0.938
75 77 0.839
75 86 0.156
75 95 0.109
75 97 0.091
75 98 0.187
75 99 0.164
76 90 0.693
76 96 0.79
76 77 1
76 78 0.545
76 98 0.035
76 83 0.212
76 87 0.131
76 88 0.157
76 89 0.112
76 91 0.108
77 84 0.764
77 78 0.17
77 81 0.186
77 85 0.137
77 88 0.172
77 89 0.164
77 94 0.129
77 96 0.094
77 97 0.128
77 98 0.132
78 79 0.629
78 99 0.941
78 91 0.961
78 86 0.818
78 85 0.745
78 80 0.155
78 81 0.151
78 88 0.189
78 92 0.155
78 95 0.136
79 82 0.787
79 91 0.591
79 98 0.912
79 92 0.108
79 83 0.142
79 99 0.118
80 97 0.848
80 84 0.615
80 99 0.126
80 83 0.147
80 85 0.139
80 86 0.141
80 89 0.15
80 93 0.167
81 88 0.954
81 99 1
81 87 0.202
81 91 0.146
81 92 0.164
82 89 0.912
82 97 0.886
82 90 0.863
82 94 1
82 87 0.68
82 85 0.172
82 83 0.127
82 86 0.134
82 91 0.101
82 92 0.06
82 95 0.251
82 98 0.139
82 99 0.134
83 94 0.749
83 96 0.262
83 97 0.16
83 84 0.124
83 90 0.147
83 98 0.135
83 99 0.123
84 87 0.186
84 89 0.123
84 97 0.183
84 86 0.135
84 88 0.14
84 90 0.15
84 92 0.183
84 93 0.13
84 95 0.135
84 98 0.126
85 86 0.851
85 96 0.744
85 90 0.639
85 91 0.962
85 94 0.203
85 88 0.19
85 98 0.171
85 99 0.097
86 88 0.777
86 95 0.098
86 91 0.088
86 94 0.185
86 99 0.12
87 93 0.804
87 96 0.676
87 90 1
87 97 0.082
87 91 0.166
87 92 0.127
87 98 0.146
87 99 0.189
88 93 0.785
88 89 0.166
88 91 0.134
88 95 0.155
89 94 0.18
90 98 0.823
90 99 0.835
90 94 0.847
90 91 0.858
90 92 0.859
90 96 0.162
91 94 0.79
91 92 0.176
91 96 0.137
92 93 0.16
92 94 0.154
92 97 0.167
92 98 0.117
93 97 0.755
93 99 0.156
93 98 0.157
94 96 0.113
95 97 1
96 98 0.145
97 99 0.112
98 99 0.894
