0 95 0.97
0 21 0.818
0 75 0.739
0 35 0.686
0 87 0.558
0 44 0.782
0 71 0.229
0 2 0.51
0 12 0.666
0 28 0.21
0 81 0.128
0 20 0.358
0 26 0.061
0 47 0.167
0 59 0.29
0 3 0.226
0 10 0.214
0 11 0.169
0 29 0.27
0 32 0.087
0 38 0.081
0 46 0.267
0 84 0.01
0 90 0.127
0 8 0.135
0 13 0.014
0 15 0.158
0 24 0.136
0 36 0.148
0 37 0.27
0 41 0.276
0 55 0.042
0 63 0.283
0 68 0.185
0 70 0.196
0 73 0.259
0 78 0.09
0 82 0.163
0 83 0.315
0 85 0.3
0 91 0.22
0 1 0.159
0 4 0.189
0 5 0.135
0 9 0.16
0 14 0.188
0 17 0.138
0 23 0.203
0 25 0.157
0 30 0.163
0 31 0.166
0 33 0.179
0 34 0.113
0 40 0.149
0 49 0.194
0 51 0.13
0 53 0.139
0 54 0.135
0 56 0.188
0 57 0.15
0 58 0.128
0 61 0.162
0 77 0.169
0 79 0.147
0 88 0.12
0 89 0.125
0 93 0.153
0 96 0.116
0 97 0.149
1 46 1
1 56 0.745
1 79 0.907
1 72 0.178
1 51 0.53
1 49 0.348
1 93 0.28
1 25 0.107
1 8 0.121
1 52 0.14
1 84 0.109
1 15 0.094
1 17 0.378
1 24 0.361
1 27 0.113
1 38 0.274
1 61 0.03
1 66 0.366
1 83 0.042
1 88 0.022
1 91 0.203
1 18 0.119
1 23 0.233
1 32 0.241
1 33 0.231
1 55 0.216
1 60 0.01
1 73 0.275
1 78 0.218
1 80 0.201
1 82 0.183
1 87 0.014
1 89 0.233
1 94 0.308
1 96 0.133
1 97 0.072
1 10 0.183
1 14 0.108
1 16 0.152
1 19 0.109
1 26 0.167
1 30 0.119
1 37 0.148
1 40 0.185
1 42 0.123
1 44 0.121
1 45 0.141
1 47 0.16
1 54 0.14
1 57 0.118
1 63 0.153
1 67 0.212
1 70 0.119
1 75 0.161
1 92 0.195
1 99 0.125
2 81 0.714
2 69 0.559
2 22 0.682
2 51 0.545
2 95 0.707
2 83 0.733
2 45 0.388
2 63 0.22
2 67 0.422
2 82 0.011
2 97 0.487
2 99 0.643
2 88 0.412
2 8 0.095
2 47 0.169
2 62 0.329
2 93 0.172
2 57 0.27
2 61 0.321
2 68 0.092
2 70 0.101
2 89 0.157
2 90 0.071
2 10 0.24
2 12 0.053
2 14 0.272
2 24 0.123
2 25 0.066
2 26 0.118
2 27 0.35
2 30 0.222
2 33 0.213
2 37 0.303
2 46 0.174
2 53 0.252
2 71 0.467
2 72 0.192
2 77 0.162
2 80 0.136
2 87 0.267
2 3 0.103
2 4 0.117
2 9 0.13
2 11 0.177
2 17 0.187
2 19 0.184
2 21 0.113
2 29 0.165
2 36 0.235
2 44 0.09
2 49 0.168
2 52 0.177
2 59 0.14
2 60 0.126
2 66 0.171
2 73 0.183
2 75 0.063
2 76 0.132
2 78 0.081
2 84 0.144
2 91 0.179
2 96 0.149
2 98 0.168
3 59 0.621
3 49 0.999
3 52 0.621
3 31 0.317
3 46 0.527
3 8 0.332
3 23 0.122
3 22 0.295
3 41 0.402
3 50 0.099
3 81 0.322
3 94 0.295
3 7 0.027
3 12 0.177
3 30 0.167
3 62 0.186
3 67 0.16
3 68 0.095
3 74 0.16
3 83 0.177
3 84 0.233
3 11 0.084
3 16 0.282
3 28 0.242
3 40 0.103
3 58 0.1
3 61 0.097
3 70 0.325
3 71 0.154
3 75 0.355
3 78 0.102
3 79 0.162
3 98 0.238
3 99 0.119
3 6 0.144
3 13 0.14
3 17 0.151
3 19 0.191
3 20 0.156
3 21 0.123
3 25 0.164
3 26 0.137
3 29 0.149
3 35 0.17
3 37 0.116
3 38 0.177
3 39 0.146
3 45 0.139
3 47 0.118
3 48 0.171
3 53 0.207
3 54 0.072
3 63 0.117
3 85 0.172
3 87 0.144
3 97 0.13
4 99 0.81
4 23 1
4 30 0.619
4 74 0.698
4 11 0.557
4 37 0.508
4 83 0.513
4 25 0.227
4 50 0.307
4 94 0.079
4 5 0.223
4 73 0.079
4 14 0.1
4 17 0.41
4 35 0.285
4 51 0.596
4 70 0.074
4 71 0.162
4 79 0.296
4 84 0.293
4 88 0.295
4 93 0.24
4 6 0.139
4 16 0.027
4 19 0.13
4 22 0.193
4 34 0.148
4 41 0.116
4 56 0.147
4 58 0.397
4 87 0.122
4 90 0.093
4 91 0.101
4 9 0.119
4 12 0.147
4 18 0.131
4 29 0.156
4 31 0.159
4 40 0.149
4 43 0.144
4 45 0.108
4 53 0.143
4 60 0.114
4 61 0.207
4 62 0.164
4 64 0.176
4 65 0.167
4 68 0.166
4 69 0.11
4 77 0.183
4 85 0.129
4 89 0.095
4 95 0.156
5 60 0.883
5 79 0.956
5 19 0.842
5 72 0.716
5 10 0.038
5 59 0.68
5 17 0.329
5 85 0.104
5 33 0.006
5 39 0.552
5 96 0.198
5 27 0.174
5 30 0.1
5 41 0.341
5 65 0.515
5 77 0.161
5 78 0.142
5 87 0.018
5 92 0.145
5 15 0.214
5 21 0.092
5 32 0.084
5 36 0.065
5 38 0.289
5 42 0.171
5 45 0.215
5 56 0.184
5 67 0.097
5 70 0.342
5 88 0.148
5 90 0.246
5 93 0.07
5 94 0.034
5 95 0.269
5 98 0.164
5 6 0.161
5 9 0.17
5 13 0.172
5 14 0.155
5 28 0.098
5 37 0.201
5 44 0.092
5 46 0.104
5 48 0.146
5 49 0.19
5 50 0.139
5 55 0.157
5 57 0.145
5 62 0.143
5 66 0.109
5 71 0.118
5 74 0.126
5 76 0.176
5 83 0.181
5 84 0.134
6 99 0.972
6 37 0.942
6 25 0.555
6 55 0.349
6 30 0.356
6 15 0.803
6 14 0.158
6 28 0.235
6 79 0.32
6 43 0.153
6 56 0.218
6 61 0.43
6 63 0.377
6 17 0.331
6 21 0.506
6 24 0.13
6 36 0.28
6 40 0.221
6 53 0.216
6 54 0.176
6 73 0.225
6 80 0.04
6 18 0.049
6 38 0.071
6 39 0.048
6 46 0.044
6 48 0.163
6 68 0.263
6 77 0.152
6 82 0.084
6 86 0.197
6 7 0.096
6 9 0.166
6 12 0.147
6 13 0.148
6 22 0.186
6 23 0.161
6 26 0.21
6 29 0.182
6 33 0.148
6 45 0.112
6 58 0.151
6 59 0.116
6 62 0.147
6 66 0.131
6 69 0.197
6 71 0.153
6 75 0.112
6 78 0.141
6 87 0.159
6 95 0.138
7 69 1
7 67 0.66
7 28 1
7 9 0.708
7 57 0.603
7 88 0.205
7 31 0.567
7 42 0.212
7 32 0.014
7 97 0.157
7 14 0.095
7 20 0.292
7 21 0.353
7 25 0.058
7 38 0.12
7 43 0.105
7 49 0.378
7 59 0.143
7 61 0.346
7 65 0.007
7 77 0.059
7 89 0.012
7 96 0.181
7 8 0.13
7 12 0.153
7 15 0.072
7 30 0.153
7 36 0.126
7 44 0.143
7 51 0.188
7 56 0.146
7 71 0.391
7 86 0.147
7 94 0.148
7 10 0.189
7 19 0.148
7 24 0.12
7 29 0.111
7 35 0.19
7 37 0.114
7 46 0.135
7 48 0.214
7 50 0.126
7 52 0.128
7 53 0.086
7 60 0.108
7 66 0.215
7 70 0.172
7 74 0.161
7 78 0.194
7 79 0.121
7 80 0.109
7 83 0.153
7 93 0.129
7 95 0.108
7 99 0.121
8 82 0.801
8 94 0.6
8 65 1
8 98 1
8 17 0.709
8 20 0.875
8 34 0.962
8 53 0.783
8 44 0.231
8 35 0.83
8 68 0.193
8 46 0.213
8 30 0.389
8 18 0.202
8 38 0.062
8 69 0.013
8 93 0.178
8 24 0.079
8 29 0.239
8 52 0.168
8 59 0.222
8 64 0.309
8 84 0.173
8 89 0.081
8 90 0.292
8 22 0.152
8 28 0.253
8 31 0.199
8 47 0.013
8 48 0.147
8 60 0.275
8 67 0.163
8 70 0.175
8 71 0.125
8 92 0.252
8 95 0.059
8 96 0.146
8 9 0.12
8 12 0.219
8 15 0.119
8 23 0.171
8 27 0.143
8 32 0.189
8 33 0.157
8 39 0.179
8 40 0.211
8 43 0.163
8 50 0.154
8 61 0.164
8 73 0.112
8 78 0.161
8 79 0.162
8 80 0.213
8 87 0.132
8 88 0.16
8 99 0.14
9 74 0.815
9 21 0.891
9 70 1
9 17 0.722
9 46 0.67
9 39 0.095
9 19 0.187
9 22 0.197
9 30 0.179
9 53 0.024
9 78 0.472
9 93 0.277
9 60 0.512
9 77 0.179
9 13 0.136
9 14 0.126
9 16 0.308
9 23 0.161
9 43 0.372
9 47 0.215
9 61 0.078
9 80 0.245
9 88 0.407
9 96 0.137
9 12 0.219
9 24 0.048
9 35 0.361
9 52 0.156
9 62 0.245
9 65 0.049
9 68 0.191
9 81 0.203
9 98 0.142
9 10 0.189
9 29 0.197
9 32 0.135
9 37 0.13
9 38 0.173
9 40 0.134
9 41 0.094
9 44 0.163
9 54 0.174
9 56 0.104
9 57 0.152
9 58 0.101
9 64 0.218
9 66 0.129
9 75 0.142
9 76 0.175
9 82 0.142
9 84 0.081
9 92 0.167
9 97 0.079
9 99 0.105
10 47 0.673
10 98 0.918
10 20 0.634
10 94 0.55
10 86 1
10 23 0.558
10 64 0.351
10 36 0.584
10 40 0.296
10 55 0.157
10 12 0.455
10 32 0.226
10 41 0.266
10 81 0.007
10 88 0.246
10 21 0.123
10 22 0.025
10 30 0.048
10 31 0.307
10 42 0.096
10 58 0.025
10 67 0.172
10 72 0.262
10 79 0.322
10 84 0.227
10 89 0.076
10 11 0.125
10 14 0.128
10 15 0.106
10 29 0.14
10 35 0.132
10 37 0.112
10 38 0.085
10 43 0.18
10 44 0.216
10 46 0.128
10 50 0.102
10 51 0.149
10 62 0.117
10 78 0.14
10 80 0.131
10 82 0.153
10 87 0.095
10 90 0.176
10 92 0.123
10 95 0.133
10 96 0.097
10 97 0.159
11 51 0.765
11 96 0.583
11 19 0.438
11 27 0.334
11 50 0.492
11 59 0.24
11 72 0.586
11 34 0.097
11 46 0.188
11 61 0.206
11 94 0.131
11 20 0.216
11 26 0.146
11 29 0.424
11 36 0.09
11 65 0.042
11 93 0.155
11 95 0.227
11 13 0.15
11 38 0.344
11 39 0.235
11 77 0.176
11 81 0.025
11 89 0.372
11 90 0.04
11 15 0.168
11 17 0.134
11 18 0.199
11 22 0.135
11 30 0.155
11 37 0.129
11 40 0.16
11 42 0.115
11 45 0.113
11 48 0.121
11 49 0.187
11 52 0.174
11 53 0.132
11 55 0.184
11 56 0.206
11 62 0.144
11 68 0.16
11 69 0.14
11 73 0.096
11 76 0.143
11 79 0.145
11 88 0.209
11 91 0.13
12 32 1
12 24 0.126
12 29 1
12 61 0.633
12 92 0.614
12 33 0.302
12 42 0.591
12 84 0.189
12 23 0.436
12 15 0.272
12 52 0.542
12 50 0.201
12 58 0.394
12 83 0.137
12 16 0.269
12 25 0.125
12 41 0.048
12 59 0.245
12 75 0.119
12 82 0.283
12 18 0.045
12 38 0.249
12 47 0.116
12 48 0.15
12 56 0.069
12 93 0.227
12 95 0.161
12 13 0.137
12 17 0.171
12 20 0.198
12 28 0.188
12 34 0.152
12 35 0.119
12 37 0.136
12 40 0.199
12 45 0.125
12 46 0.188
12 49 0.161
12 51 0.239
12 55 0.203
12 60 0.171
12 64 0.145
12 66 0.146
12 68 0.086
12 76 0.128
12 77 0.121
12 80 0.138
12 86 0.159
12 90 0.133
12 91 0.146
12 94 0.133
12 97 0.14
12 98 0.165
13 75 0.419
13 89 0.666
13 56 0.911
13 95 0.177
13 88 0.329
13 14 0.266
13 57 0.076
13 73 0.116
13 24 0.079
13 34 0.185
13 47 0.051
13 71 0.035
13 77 0.368
13 80 0.213
13 86 0.231
13 25 0.055
13 28 0.215
13 35 0.112
13 37 0.051
13 49 0.248
13 52 0.232
13 53 0.275
13 66 0.101
13 67 0.172
13 69 0.142
13 76 0.19
13 81 0.014
13 90 0.204
13 91 0.132
13 18 0.225
13 19 0.113
13 21 0.144
13 27 0.211
13 29 0.149
13 36 0.101
13 38 0.154
13 39 0.144
13 40 0.135
13 41 0.181
13 43 0.15
13 46 0.159
13 48 0.184
13 62 0.186
13 68 0.155
13 78 0.107
13 79 0.151
13 97 0.166
14 53 1
14 20 0.954
14 45 0.457
14 40 0.576
14 98 0.329
14 47 0.643
14 90 0.244
14 15 0.088
14 17 0.136
14 24 0.017
14 27 0.028
14 48 0.459
14 55 0.15
14 58 0.206
14 62 0.298
14 63 0.255
14 76 0.102
14 82 0.053
14 19 0.179
14 21 0.192
14 31 0.073
14 36 0.168
14 64 0.064
14 66 0.186
14 69 0.045
14 70 0.157
14 83 0.159
14 93 0.251
14 95 0.1
14 18 0.12
14 22 0.15
14 26 0.144
14 29 0.174
14 42 0.157
14 57 0.147
14 60 0.096
14 61 0.153
14 68 0.122
14 71 0.109
14 73 0.152
14 77 0.155
14 79 0.158
14 80 0.152
14 84 0.132
14 85 0.142
14 86 0.129
14 91 0.176
14 92 0.164
14 96 0.09
14 97 0.114
14 99 0.137
15 52 0.725
15 81 0.587
15 80 0.371
15 65 0.929
15 39 0.377
15 48 0.084
15 56 0.375
15 97 0.496
15 49 0.397
15 69 0.189
15 26 0.36
15 28 0.137
15 43 0.127
15 59 0.347
15 67 0.026
15 75 0.173
15 84 0.146
15 85 0.144
15 91 0.151
15 18 0.149
15 20 0.205
15 21 0.24
15 22 0.169
15 23 0.07
15 30 0.123
15 32 0.268
15 37 0.204
15 54 0.294
15 61 0.252
15 66 0.204
15 92 0.067
15 94 0.18
15 95 0.164
15 16 0.09
15 19 0.193
15 27 0.166
15 29 0.137
15 35 0.134
15 40 0.134
15 44 0.152
15 45 0.176
15 53 0.202
15 57 0.123
15 60 0.135
15 72 0.167
15 74 0.169
15 76 0.139
15 78 0.169
15 83 0.167
15 88 0.175
15 96 0.143
16 90 1
16 44 0.921
16 45 0.75
16 77 0.307
16 27 0.042
16 85 0.068
16 94 0.023
16 18 0.162
16 66 0.2
16 24 0.218
16 51 0.075
16 58 0.004
16 61 0.327
16 69 0.1
16 35 0.161
16 50 0.167
16 52 0.272
16 59 0.147
16 64 0.109
16 84 0.081
16 91 0.024
16 97 0.108
16 17 0.168
16 20 0.077
16 22 0.09
16 26 0.08
16 31 0.211
16 32 0.103
16 33 0.099
16 39 0.124
16 41 0.202
16 42 0.124
16 47 0.121
16 54 0.185
16 55 0.178
16 62 0.148
16 63 0.131
16 70 0.104
16 72 0.142
16 75 0.134
16 79 0.129
16 81 0.19
16 82 0.105
16 89 0.111
16 95 0.166
16 96 0.185
17 37 0.894
17 29 0.784
17 82 0.756
17 27 0.987
17 34 0.936
17 49 0.317
17 53 0.034
17 32 0.252
17 28 0.159
17 31 0.164
17 88 0.261
17 89 0.331
17 97 0.326
17 50 0.213
17 51 0.326
17 56 0.16
17 24 0.3
17 25 0.108
17 39 0.194
17 60 0.004
17 61 0.106
17 62 0.101
17 64 0.133
17 66 0.112
17 69 0.126
17 70 0.235
17 79 0.072
17 83 0.005
17 84 0.189
17 86 0.297
17 87 0.074
17 18 0.175
17 19 0.154
17 22 0.137
17 26 0.157
17 35 0.106
17 38 0.198
17 42 0.163
17 43 0.148
17 48 0.133
17 52 0.172
17 55 0.172
17 59 0.139
17 68 0.194
17 72 0.128
17 77 0.151
17 78 0.104
17 92 0.152
17 94 0.138
17 99 0.144
18 58 0.915
18 76 0.637
18 23 0.103
18 93 0.345
18 19 0.382
18 25 0.312
18 28 0.168
18 51 0.243
18 52 0.015
18 92 0.506
18 44 0.308
18 61 0.549
18 91 0.169
18 36 0.164
18 38 0.175
18 39 0.145
18 57 0.22
18 86 0.095
18 89 0.184
18 90 0.144
18 96 0.164
18 27 0.204
18 30 0.079
18 32 0.185
18 33 0.166
18 46 0.071
18 59 0.096
18 68 0.021
18 82 0.096
18 95 0.095
18 22 0.205
18 24 0.128
18 35 0.177
18 37 0.149
18 40 0.17
18 42 0.194
18 48 0.149
18 53 0.126
18 62 0.177
18 65 0.176
18 74 0.133
18 80 0.156
18 81 0.149
18 97 0.197
18 98 0.096
19 89 1
19 26 0.979
19 25 0.865
19 81 0.502
19 27 0.2
19 41 0.1
19 67 0.12
19 45 0.073
19 84 0.133
19 61 0.317
19 65 0.053
19 87 0.093
19 99 0.031
19 23 0.204
19 54 0.029
19 22 0.219
19 28 0.072
19 32 0.137
19 37 0.17
19 43 0.264
19 46 0.392
19 53 0.263
19 59 0.142
19 64 0.117
19 71 0.212
19 78 0.096
19 79 0.164
19 86 0.407
19 33 0.157
19 38 0.17
19 47 0.182
19 50 0.21
19 52 0.143
19 57 0.14
19 60 0.105
19 62 0.129
19 63 0.135
19 68 0.111
19 69 0.162
19 73 0.184
19 76 0.214
19 77 0.092
19 80 0.193
19 88 0.191
19 92 0.133
19 95 0.102
20 58 0.906
20 84 0.95
20 78 1
20 95 0.254
20 51 0.654
20 60 0.552
20 72 0.105
20 67 0.424
20 93 0.021
20 35 0.066
20 46 0.187
20 48 0.087
20 85 0.163
20 25 0.057
20 29 0.008
20 39 0.135
20 49 0.064
20 54 0.208
20 64 0.239
20 68 0.3
20 73 0.045
20 92 0.237
20 99 0.111
20 22 0.121
20 23 0.179
20 26 0.125
20 31 0.111
20 33 0.166
20 47 0.171
20 52 0.11
20 55 0.117
20 56 0.164
20 57 0.151
20 59 0.187
20 65 0.096
20 71 0.149
20 77 0.169
20 79 0.168
20 81 0.149
20 86 0.112
20 89 0.104
20 91 0.102
21 22 0.774
21 97 0.471
21 28 0.486
21 49 0.118
21 96 0.367
21 47 0.564
21 89 0.579
21 92 0.536
21 54 0.393
21 64 0.297
21 76 0.175
21 81 0.419
21 86 0.107
21 88 0.255
21 95 0.206
21 24 0.145
21 42 0.157
21 45 0.108
21 46 0.038
21 57 0.069
21 65 0.138
21 85 0.061
21 23 0.036
21 36 0.152
21 37 0.364
21 40 0.047
21 52 0.131
21 60 0.284
21 62 0.298
21 69 0.076
21 80 0.018
21 83 0.01
21 87 0.143
21 91 0.059
21 27 0.164
21 32 0.179
21 33 0.131
21 41 0.141
21 50 0.136
21 51 0.209
21 53 0.161
21 56 0.119
21 61 0.155
21 63 0.128
21 67 0.114
21 68 0.186
21 71 0.089
21 74 0.156
21 78 0.119
21 90 0.146
21 98 0.163
21 99 0.138
22 53 0.896
22 59 0.695
22 49 0.729
22 35 0.634
22 23 0.158
22 87 0.211
22 31 0.384
22 61 0.471
22 69 0.024
22 91 0.214
22 28 0.112
22 44 0.479
22 55 0.064
22 63 0.3
22 67 0.134
22 95 0.14
22 26 0.126
22 40 0.215
22 43 0.257
22 56 0.143
22 57 0.089
22 65 0.077
22 76 0.322
22 86 0.102
22 90 0.088
22 99 0.052
22 27 0.177
22 29 0.135
22 46 0.118
22 47 0.189
22 58 0.168
22 71 0.153
22 74 0.202
22 75 0.11
22 79 0.108
22 81 0.185
22 88 0.152
22 92 0.07
22 94 0.162
22 96 0.177
22 97 0.129
23 87 0.542
23 37 0.911
23 79 1
23 58 0.64
23 71 0.654
23 96 0.745
23 65 0.046
23 67 0.448
23 69 0.087
23 73 0.571
23 60 0.484
23 86 0.019
23 28 0.433
23 32 0.172
23 47 0.031
23 48 0.267
23 74 0.411
23 25 0.028
23 36 0.186
23 38 0.188
23 61 0.225
23 75 0.044
23 76 0.229
23 83 0.06
23 84 0.019
23 90 0.168
23 24 0.126
23 26 0.126
23 27 0.139
23 31 0.122
23 41 0.19
23 49 0.138
23 50 0.149
23 54 0.164
23 55 0.096
23 62 0.184
23 77 0.08
23 80 0.217
23 85 0.142
23 88 0.133
23 91 0.112
23 94 0.156
23 97 0.13
24 48 0.841
24 73 1
24 78 0.782
24 64 0.116
24 33 0.666
24 69 0.042
24 34 0.234
24 26 0.321
24 37 0.046
24 77 0.055
24 60 0.17
24 36 0.169
24 57 0.501
24 58 0.23
24 63 0.215
24 72 0.157
24 28 0.155
24 32 0.158
24 39 0.268
24 41 0.134
24 43 0.354
24 61 0.314
24 68 0.134
24 80 0.304
24 85 0.254
24 86 0.139
24 89 0.174
24 91 0.077
24 96 0.144
24 97 0.152
24 35 0.123
24 47 0.161
24 50 0.104
24 55 0.132
24 62 0.092
24 71 0.146
24 74 0.125
24 75 0.169
24 81 0.126
24 82 0.105
24 84 0.145
24 87 0.13
24 90 0.174
25 58 0.652
25 92 0.748
25 29 0.863
25 89 0.676
25 57 0.712
25 78 0.389
25 52 0.395
25 70 0.492
25 47 0.086
25 72 0.089
25 34 0.237
25 76 0.512
25 51 0.104
25 77 0.249
25 84 0.003
25 86 0.387
25 33 0.14
25 43 0.108
25 73 0.074
25 74 0.215
25 75 0.244
25 85 0.119
25 87 0.258
25 90 0.184
25 94 0.229
25 26 0.167
25 28 0.145
25 31 0.187
25 35 0.11
25 36 0.173
25 37 0.184
25 39 0.137
25 45 0.149
25 46 0.171
25 50 0.175
25 55 0.157
25 56 0.101
25 60 0.136
25 69 0.143
25 83 0.159
25 97 0.131
26 79 0.51
26 91 0.526
26 31 0.112
26 87 0.64
26 34 0.23
26 67 0.176
26 98 0.263
26 99 0.011
26 27 0.028
26 32 0.159
26 35 0.275
26 38 0.297
26 43 0.236
26 48 0.298
26 51 0.034
26 58 0.248
26 69 0.221
26 75 0.06
26 50 0.222
26 53 0.247
26 57 0.135
26 82 0.175
26 85 0.05
26 89 0.07
26 30 0.13
26 36 0.157
26 39 0.161
26 41 0.115
26 42 0.099
26 45 0.137
26 55 0.154
26 56 0.148
26 62 0.183
26 65 0.162
26 71 0.125
26 94 0.162
27 73 0.721
27 62 0.505
27 37 0.884
27 75 1
27 63 0.873
27 47 0.189
27 42 0.171
27 76 0.002
27 77 0.147
27 29 0.133
27 44 0.434
27 84 0.247
27 39 0.124
27 28 0.044
27 35 0.234
27 36 0.134
27 41 0.487
27 50 0.227
27 55 0.19
27 59 0.249
27 67 0.193
27 70 0.186
27 79 0.039
27 80 0.047
27 81 0.247
27 89 0.118
27 91 0.458
27 93 0.022
27 94 0.014
27 43 0.149
27 60 0.161
27 68 0.179
27 72 0.107
27 82 0.126
27 83 0.135
27 85 0.133
27 96 0.171
27 98 0.133
28 93 0.597
28 31 0.771
28 65 0.478
28 61 0.077
28 63 0.078
28 54 0.336
28 78 0.255
28 99 0.034
28 72 0.197
28 33 0.168
28 43 0.241
28 46 0.157
28 49 0.077
28 62 0.162
28 67 0.192
28 68 0.07
28 85 0.097
28 91 0.132
28 29 0.169
28 34 0.108
28 37 0.153
28 39 0.112
28 41 0.131
28 42 0.106
28 48 0.161
28 51 0.091
28 56 0.164
28 57 0.143
28 58 0.071
28 64 0.087
28 70 0.163
28 71 0.152
28 73 0.081
28 79 0.136
28 84 0.162
28 88 0.148
28 89 0.141
28 94 0.181
28 95 0.126
28 96 0.153
28 97 0.139
29 90 0.6
29 49 0.33
29 33 0.158
29 56 0.673
29 60 0.165
29 66 0.186
29 72 0.245
29 35 0.667
29 53 0.185
29 89 0.038
29 47 0.12
29 65 0.101
29 68 0.209
29 91 0.083
29 96 0.113
29 41 0.274
29 43 0.196
29 46 0.156
29 48 0.206
29 54 0.203
29 58 0.144
29 61 0.233
29 71 0.121
29 75 0.031
29 30 0.139
29 36 0.173
29 38 0.108
29 40 0.105
29 51 0.121
29 52 0.093
29 59 0.142
29 64 0.183
29 67 0.105
29 76 0.156
29 78 0.163
29 80 0.147
29 81 0.23
29 88 0.118
29 92 0.134
29 93 0.173
29 94 0.138
29 95 0.193
29 99 0.182
30 54 0.94
30 65 0.786
30 44 0.863
30 60 0.104
30 83 0.551
30 34 0.163
30 55 0.38
30 78 0.12
30 40 0.106
30 62 0.095
30 94 0.176
30 98 0.171
30 31 0.092
30 35 0.178
30 39 0.222
30 51 0.11
30 52 0.012
30 53 0.265
30 57 0.141
30 58 0.392
30 64 0.326
30 68 0.168
30 69 0.44
30 72 0.189
30 74 0.233
30 76 0.216
30 79 0.114
30 92 0.016
30 93 0.117
30 95 0.153
30 45 0.15
30 47 0.113
30 49 0.12
30 56 0.163
30 59 0.214
30 66 0.153
30 75 0.135
30 77 0.17
30 86 0.146
30 87 0.121
30 88 0.181
30 90 0.129
31 50 0.645
31 55 0.589
31 86 0.578
31 36 1
31 49 0.441
31 35 0.449
31 92 0.505
31 95 0.56
31 79 0.19
31 58 0.23
31 56 0.135
31 65 0.076
31 74 0.287
31 84 0.061
31 88 0.215
31 38 0.085
31 48 0.225
31 52 0.01
31 54 0.155
31 63 0.196
31 66 0.095
31 81 0.254
31 87 0.238
31 96 0.211
31 32 0.141
31 33 0.161
31 34 0.174
31 45 0.132
31 62 0.128
31 64 0.165
31 67 0.154
31 68 0.15
31 71 0.139
31 82 0.159
31 98 0.152
32 65 0.786
32 79 0.897
32 43 0.873
32 83 0.881
32 54 0.17
32 67 0.564
32 84 0.285
32 85 0.825
32 35 0.177
32 36 0.109
32 38 0.536
32 60 0.041
32 92 0.127
32 48 0.111
32 51 0.42
32 53 0.158
32 58 0.341
32 59 0.178
32 69 0.201
32 75 0.318
32 33 0.159
32 57 0.097
32 63 0.312
32 74 0.213
32 81 0.094
32 89 0.189
32 34 0.153
32 40 0.153
32 41 0.179
32 42 0.17
32 46 0.158
32 47 0.118
32 52 0.171
32 61 0.172
32 62 0.134
32 66 0.193
32 70 0.189
32 72 0.097
32 78 0.155
32 82 0.098
32 86 0.145
32 87 0.113
32 88 0.113
32 91 0.187
32 93 0.172
32 97 0.127
32 98 0.165
33 89 0.502
33 73 0.761
33 99 0.88
33 49 0.838
33 80 0.75
33 92 0.603
33 37 0.276
33 70 0.483
33 93 0.134
33 78 0.45
33 51 0.375
33 88 0.386
33 60 0.08
33 67 0.303
33 96 0.37
33 34 0.145
33 41 0.032
33 44 0.279
33 48 0.051
33 59 0.167
33 61 0.095
33 65 0.251
33 84 0.16
33 86 0.178
33 36 0.138
33 39 0.17
33 43 0.159
33 45 0.17
33 46 0.135
33 50 0.129
33 52 0.16
33 53 0.124
33 54 0.193
33 57 0.127
33 64 0.147
33 66 0.107
33 68 0.14
33 69 0.122
33 77 0.206
33 79 0.21
33 81 0.155
33 82 0.175
33 90 0.097
33 94 0.147
33 97 0.142
34 79 0.546
34 87 0.514
34 57 0.6
34 73 0.209
34 76 0.07
34 78 0.281
34 91 0.178
34 97 0.239
34 41 0.164
34 42 0.346
34 46 0.307
34 47 0.522
34 49 0.213
34 50 0.292
34 52 0.164
34 95 0.142
34 40 0.156
34 55 0.079
34 56 0.228
34 65 0.177
34 67 0.231
34 70 0.106
34 80 0.059
34 82 0.095
34 90 0.25
34 96 0.278
34 36 0.191
34 37 0.128
34 38 0.146
34 39 0.165
34 45 0.121
34 51 0.153
34 54 0.186
34 61 0.117
34 62 0.178
34 69 0.166
34 71 0.169
34 72 0.15
34 84 0.12
34 89 0.187
34 92 0.197
34 93 0.125
35 78 0.866
35 64 0.398
35 58 0.516
35 50 0.48
35 38 0.194
35 46 0.507
35 60 0.218
35 97 0.319
35 42 0.192
35 48 0.14
35 54 0.33
35 80 0.178
35 89 0.084
35 92 0.149
35 36 0.14
35 53 0.151
35 56 0.277
35 61 0.076
35 65 0.213
35 81 0.121
35 86 0.164
35 87 0.138
35 37 0.128
35 39 0.144
35 43 0.122
35 44 0.112
35 51 0.076
35 57 0.079
35 69 0.158
35 70 0.144
35 71 0.152
35 72 0.105
35 73 0.155
35 79 0.16
35 90 0.248
35 95 0.147
35 99 0.105
36 81 0.783
36 72 0.642
36 75 0.22
36 73 0.303
36 39 0.232
36 65 0.192
36 86 0.252
36 89 0.43
36 38 0.153
36 41 0.447
36 42 0.172
36 48 0.102
36 61 0.221
36 63 0.072
36 69 0.144
36 98 0.082
36 40 0.132
36 43 0.101
36 44 0.147
36 45 0.151
36 46 0.132
36 53 0.145
36 54 0.136
36 56 0.17
36 57 0.102
36 58 0.146
36 62 0.119
36 66 0.177
36 67 0.185
36 68 0.095
36 77 0.111
36 79 0.17
36 84 0.109
36 88 0.1
36 91 0.177
36 92 0.167
36 93 0.157
36 95 0.111
36 99 0.214
37 38 0.863
37 71 0.602
37 92 0.408
37 68 0.083
37 84 0.242
37 42 0.436
37 50 0.32
37 83 0.397
37 90 0.013
37 57 0.117
37 59 0.241
37 88 0.137
37 43 0.11
37 51 0.018
37 53 0.285
37 70 0.193
37 73 0.183
37 78 0.348
37 97 0.155
37 40 0.119
37 54 0.161
37 56 0.145
37 60 0.127
37 62 0.176
37 64 0.185
37 76 0.154
37 77 0.132
37 81 0.193
37 87 0.14
37 93 0.088
37 95 0.22
37 98 0.177
37 99 0.118
38 54 0.832
38 60 0.339
38 92 0.851
38 66 0.068
38 75 0.745
38 51 0.277
38 64 0.131
38 80 0.324
38 42 0.098
38 44 0.34
38 52 0.304
38 57 0.302
38 61 0.227
38 88 0.107
38 96 0.181
38 99 0.235
38 55 0.018
38 58 0.097
38 59 0.157
38 62 0.32
38 67 0.04
38 69 0.219
38 78 0.102
38 83 0.011
38 90 0.198
38 91 0.093
38 97 0.17
38 49 0.154
38 53 0.222
38 68 0.14
38 71 0.145
38 81 0.134
38 82 0.114
38 86 0.165
38 89 0.108
39 83 1
39 81 0.895
39 77 0.551
39 65 0.524
39 61 0.104
39 73 0.326
39 78 0.101
39 86 0.212
39 94 0.386
39 49 0.227
39 51 0.238
39 58 0.22
39 67 0.15
39 72 0.395
39 82 0.22
39 41 0.21
39 44 0.221
39 50 0.239
39 60 0.022
39 62 0.196
39 64 0.147
39 68 0.04
39 43 0.187
39 45 0.165
39 46 0.176
39 47 0.189
39 48 0.107
39 56 0.133
39 59 0.2
39 63 0.158
39 66 0.148
39 69 0.123
39 70 0.137
39 74 0.194
39 76 0.14
39 79 0.124
39 84 0.111
39 85 0.179
39 88 0.114
39 92 0.215
39 93 0.123
39 96 0.153
40 81 0.953
40 46 0.983
40 89 0.533
40 68 0.58
40 84 0.699
40 86 0.669
40 57 0.463
40 50 0.551
40 47 0.022
40 48 0.125
40 63 0.123
40 72 0.234
40 44 0.273
40 61 0.161
40 87 0.232
40 43 0.101
40 65 0.172
40 93 0.205
40 99 0.186
40 58 0.028
40 60 0.051
40 66 0.144
40 70 0.28
40 76 0.18
40 82 0.244
40 94 0.191
40 42 0.126
40 45 0.175
40 49 0.184
40 52 0.183
40 53 0.16
40 62 0.146
40 67 0.156
40 74 0.149
40 77 0.179
40 79 0.153
40 83 0.196
40 97 0.153
41 75 0.725
41 74 0.656
41 57 0.385
41 64 0.019
41 68 0.031
41 73 0.237
41 82 0.261
41 53 0.079
41 62 0.158
41 65 0.101
41 83 0.138
41 84 0.038
41 95 0.125
41 45 0.231
41 60 0.149
41 66 0.282
41 67 0.132
41 90 0.221
41 42 0.079
41 46 0.153
41 48 0.134
41 51 0.201
41 52 0.138
41 56 0.168
41 58 0.197
41 69 0.191
41 78 0.171
41 81 0.163
41 88 0.194
41 93 0.215
41 98 0.082
42 91 1
42 69 0.519
42 57 0.639
42 60 0.425
42 65 0.693
42 66 0.035
42 62 0.212
42 81 0.16
42 53 0.29
42 80 0.398
42 87 0.21
42 98 0.04
42 47 0.215
42 75 0.044
42 76 0.171
42 83 0.024
42 84 0.18
42 43 0.138
42 49 0.179
42 55 0.17
42 61 0.192
42 67 0.165
42 77 0.095
42 85 0.102
42 86 0.108
42 92 0.144
42 96 0.216
42 97 0.153
43 75 0.915
43 47 0.687
43 92 0.617
43 96 0.422
43 90 0.24
43 57 0.353
43 84 0.113
43 49 0.065
43 51 0.159
43 63 0.074
43 66 0.031
43 72 0.162
43 85 0.125
43 88 0.315
43 89 0.124
43 91 0.207
43 99 0.129
43 58 0.007
43 61 0.133
43 65 0.101
43 67 0.096
43 68 0.143
43 71 0.248
43 82 0.075
43 94 0.049
43 95 0.266
43 52 0.155
43 54 0.155
43 55 0.174
43 59 0.165
43 70 0.181
43 78 0.138
43 81 0.186
43 86 0.115
43 93 0.169
43 97 0.2
44 78 0.909
44 49 0.088
44 81 0.413
44 63 0.006
44 85 0.349
44 98 0.453
44 45 0.193
44 46 0.045
44 61 0.169
44 65 0.026
44 89 0.06
44 47 0.098
44 59 0.367
44 67 0.081
44 82 0.149
44 83 0.114
44 91 0.281
44 92 0.164
44 93 0.094
44 99 0.102
44 50 0.187
44 51 0.174
44 60 0.131
44 64 0.155
44 68 0.141
44 72 0.142
44 74 0.111
44 77 0.168
44 88 0.153
44 94 0.155
44 95 0.129
44 97 0.185
45 90 0.936
45 73 1
45 53 0.26
45 60 0.277
45 86 0.334
45 92 0.415
45 63 0.214
45 70 0.481
45 75 0.156
45 46 0.243
45 47 0.16
45 52 0.22
45 74 0.197
45 84 0.162
45 89 0.02
45 51 0.191
45 56 0.183
45 58 0.177
45 62 0.181
45 66 0.107
45 68 0.112
45 69 0.119
45 71 0.176
45 72 0.145
45 78 0.153
45 80 0.123
45 82 0.149
45 85 0.179
45 94 0.144
45 95 0.121
45 99 0.12
46 48 0.713
46 58 0.452
46 93 0.7
46 66 0.607
46 67 0.455
46 59 0.159
46 83 0.461
46 71 0.15
46 79 0.523
46 98 0.359
46 53 0.148
46 61 0.221
46 80 0.369
46 55 0.253
46 62 0.174
46 84 0.146
46 85 0.195
46 89 0.137
46 94 0.153
46 97 0.21
46 50 0.152
46 60 0.143
46 64 0.125
46 68 0.192
46 72 0.13
46 73 0.177
46 74 0.235
46 75 0.153
46 76 0.186
46 77 0.188
46 87 0.153
46 88 0.148
46 91 0.141
47 50 0.078
47 64 0.269
47 67 0.557
47 81 0.146
47 85 0.204
47 98 0.309
47 69 0.096
47 73 0.086
47 54 0.111
47 57 0.174
47 66 0.069
47 68 0.209
47 75 0.139
47 80 0.307
47 82 0.137
47 83 0.163
47 92 0.143
47 97 0.065
47 99 0.176
47 48 0.219
47 51 0.17
47 55 0.161
47 58 0.134
47 61 0.109
47 63 0.13
47 70 0.135
47 76 0.124
47 84 0.152
47 86 0.065
47 89 0.141
47 94 0.114
47 96 0.164
48 66 0.718
48 83 0.928
48 80 0.54
48 91 0.532
48 52 0.505
48 89 0.543
48 75 0.2
48 94 0.586
48 64 0.036
48 78 0.587
48 81 0.046
48 53 0.224
48 56 0.26
48 57 0.141
48 77 0.221
48 79 0.167
48 68 0.002
48 69 0.262
48 90 0.171
48 49 0.138
48 51 0.156
48 59 0.142
48 63 0.122
48 70 0.194
48 73 0.195
48 88 0.158
48 95 0.116
48 99 0.18
49 80 0.616
49 89 0.473
49 53 0.454
49 52 0.218
49 69 0.072
49 84 0.261
49 94 0.334
49 63 0.12
49 83 0.179
49 57 0.378
49 70 0.137
49 79 0.2
49 85 0.235
49 91 0.157
49 97 0.103
49 51 0.122
49 60 0.138
49 61 0.146
49 62 0.119
49 66 0.168
49 73 0.173
49 74 0.138
49 75 0.146
49 81 0.122
49 82 0.145
49 90 0.128
49 93 0.088
49 95 0.16
49 99 0.147
50 56 0.804
50 88 0.628
50 79 0.53
50 82 0.262
50 66 0.87
50 86 0.06
50 91 0.255
50 97 0.095
50 98 0.182
50 51 0.156
50 52 0.131
50 53 0.166
50 54 0.153
50 55 0.158
50 64 0.17
50 73 0.184
50 77 0.209
50 83 0.208
50 89 0.117
50 96 0.158
51 94 1
51 67 0.8
51 58 0.476
51 73 0.172
51 71 0.058
51 79 0.319
51 92 0.233
51 97 0.03
51 78 0.225
51 96 0.05
51 53 0.27
51 56 0.07
51 86 0.102
51 52 0.142
51 54 0.168
51 59 0.185
51 61 0.122
51 68 0.176
51 74 0.205
51 82 0.158
51 84 0.16
51 87 0.135
51 98 0.151
51 99 0.142
52 81 1
52 88 0.768
52 76 0.975
52 67 0.134
52 82 0.161
52 96 0.217
52 97 0.064
52 55 0.227
52 58 0.144
52 79 0.274
52 99 0.204
52 53 0.093
52 64 0.117
52 77 0.203
52 85 0.225
52 90 0.116
52 92 0.136
52 59 0.171
52 60 0.14
52 61 0.165
52 68 0.124
52 70 0.211
52 71 0.149
52 72 0.129
52 73 0.164
52 75 0.171
52 78 0.158
52 83 0.122
52 84 0.141
52 87 0.169
52 93 0.158
53 65 0.908
53 79 0.718
53 57 0.686
53 61 0.717
53 64 0.143
53 68 0.134
53 96 0.078
53 60 0.17
53 75 0.05
53 80 0.054
53 54 0.149
53 56 0.167
53 66 0.146
53 67 0.199
53 71 0.164
53 76 0.136
53 82 0.161
53 84 0.156
53 86 0.113
53 92 0.115
53 93 0.095
53 95 0.134
53 97 0.22
53 99 0.129
54 55 0.458
54 83 0.775
54 91 0.528
54 86 0.929
54 71 0.965
54 81 1
54 77 0.378
54 64 0.072
54 80 0.216
54 98 0.366
54 67 0.12
54 62 0.087
54 58 0.145
54 60 0.181
54 63 0.206
54 75 0.192
54 78 0.162
54 79 0.128
54 84 0.106
54 85 0.196
54 87 0.136
54 94 0.081
54 96 0.085
54 99 0.181
55 63 0.688
55 91 0.912
55 72 0.182
55 81 0.078
55 93 0.273
55 56 0.362
55 70 0.123
55 58 0.178
55 64 0.205
55 77 0.27
55 83 0.104
55 85 0.323
55 66 0.187
55 75 0.177
55 78 0.169
55 82 0.116
55 87 0.108
55 88 0.185
55 95 0.161
55 99 0.137
56 99 1
56 64 0.231
56 59 0.258
56 63 0.168
56 70 0.154
56 95 0.165
56 72 0.166
56 82 0.085
56 89 0.26
56 57 0.154
56 66 0.119
56 68 0.139
56 74 0.111
56 79 0.197
56 81 0.167
56 83 0.156
56 84 0.2
56 85 0.144
56 86 0.149
56 91 0.229
56 94 0.112
56 97 0.166
57 62 0.644
57 63 0.81
57 65 1
57 68 0.211
57 72 0.493
57 80 0.014
57 87 0.268
57 97 0.052
57 73 0.069
57 78 0.272
57 90 0.178
57 99 0.051
57 58 0.169
57 75 0.174
57 77 0.134
57 81 0.182
57 82 0.198
57 83 0.147
57 84 0.131
57 95 0.125
58 90 0.71
58 71 0.97
58 74 0.584
58 80 0.724
58 95 0.095
58 61 0.118
58 77 0.128
58 63 0.316
58 67 0.157
58 65 0.123
58 75 0.12
58 89 0.002
58 66 0.121
58 76 0.174
58 81 0.152
58 82 0.126
58 83 0.16
58 85 0.153
58 86 0.156
58 93 0.155
59 63 0.15
59 79 0.268
59 62 0.22
59 89 0.296
59 90 0.221
59 69 0.264
59 71 0.041
59 88 0.174
59 81 0.209
59 98 0.118
59 76 0.072
59 78 0.029
59 93 0.375
59 64 0.169
59 67 0.1
59 70 0.143
59 74 0.127
59 75 0.111
59 80 0.188
59 83 0.123
59 85 0.116
59 86 0.223
59 95 0.195
59 96 0.162
59 99 0.12
60 77 0.773
60 93 0.663
60 74 0.476
60 65 0.468
60 63 0.682
60 97 0.093
60 83 0.055
60 86 0.054
60 79 0.535
60 84 0.211
60 92 0.13
60 61 0.113
60 81 0.283
60 62 0.152
60 64 0.144
60 66 0.165
60 67 0.177
60 70 0.222
60 72 0.16
60 75 0.182
60 78 0.095
60 85 0.131
60 87 0.163
60 88 0.169
60 95 0.17
60 98 0.193
61 66 0.258
61 69 0.376
61 86 0.051
61 68 0.192
61 92 0.279
61 93 0.193
61 81 0.221
61 95 0.274
61 63 0.14
61 64 0.143
61 70 0.168
61 71 0.103
61 76 0.126
61 77 0.172
61 79 0.114
61 80 0.107
61 82 0.18
61 84 0.151
61 85 0.165
61 87 0.124
62 63 0.62
62 89 0.095
62 75 0.287
62 94 0.051
62 64 0.342
62 77 0.367
62 70 0.288
62 71 0.442
62 87 0.231
62 93 0.14
62 65 0.082
62 72 0.09
62 84 0.154
62 86 0.196
62 88 0.191
62 97 0.029
62 99 0.1
62 66 0.117
62 69 0.14
62 74 0.102
62 79 0.142
62 85 0.198
62 91 0.174
62 92 0.091
63 81 0.719
63 69 0.82
63 70 0.432
63 93 0.279
63 98 0.446
63 65 0.085
63 66 0.083
63 74 0.163
63 77 0.344
63 79 0.025
63 67 0.139
63 72 0.148
63 73 0.083
63 78 0.175
63 80 0.181
63 83 0.148
63 88 0.153
63 91 0.151
63 97 0.166
64 79 0.186
64 69 0.322
64 90 0.251
64 70 0.328
64 97 0.116
64 71 0.089
64 74 0.178
64 83 0.115
64 92 0.442
64 66 0.168
64 68 0.165
64 75 0.088
64 80 0.174
64 81 0.136
64 84 0.124
64 88 0.092
64 89 0.097
64 94 0.157
64 95 0.129
64 96 0.182
65 85 0.033
65 84 0.231
65 93 0.448
65 71 0.139
65 90 0.142
65 99 0.056
65 66 0.283
65 89 0.315
65 92 0.195
65 94 0.222
65 95 0.028
65 67 0.158
65 72 0.091
65 77 0.19
65 83 0.152
65 87 0.183
65 88 0.113
65 91 0.164
65 96 0.183
65 97 0.099
65 98 0.151
66 88 0.666
66 73 0.072
66 74 0.219
66 95 0.28
66 71 0.239
66 76 0.034
66 79 0.073
66 80 0.363
66 87 0.066
66 99 0.264
66 81 0.018
66 94 0.16
66 69 0.172
66 70 0.193
66 82 0.078
66 83 0.175
66 84 0.136
66 85 0.153
66 86 0.146
66 89 0.15
66 92 0.104
66 93 0.164
67 93 1
67 68 0.923
67 85 0.318
67 69 0.307
67 75 0.27
67 80 0.247
67 83 0.035
67 84 0.153
67 89 0.235
67 92 0.054
67 70 0.207
67 76 0.169
67 79 0.181
67 86 0.17
67 90 0.168
67 95 0.142
68 88 0.509
68 84 0.122
68 97 0.365
68 76 0.433
68 87 0.244
68 73 0.172
68 93 0.28
68 99 0.084
68 70 0.142
68 71 0.156
68 78 0.2
68 83 0.212
68 85 0.123
68 92 0.165
69 85 0.765
69 72 0.577
69 90 0.39
69 73 0.412
69 91 0.386
69 75 0.186
69 76 0.146
69 77 0.091
69 82 0.309
69 98 0.097
69 74 0.131
69 80 0.067
69 93 0.168
69 99 0.275
69 71 0.118
69 79 0.194
69 86 0.118
69 88 0.147
69 95 0.159
70 81 0.088
70 84 0.015
70 88 0.197
70 94 0.18
70 99 0.265
70 75 0.239
70 80 0.096
70 86 0.154
70 89 0.12
70 90 0.398
70 71 0.153
70 72 0.205
70 78 0.176
70 82 0.119
70 85 0.14
70 87 0.1
70 91 0.202
70 93 0.219
70 96 0.171
71 93 0.618
71 82 0.228
71 81 0.089
71 86 0.231
71 99 0.075
71 75 0.119
71 84 0.212
71 85 0.147
71 87 0.119
71 90 0.244
71 97 0.139
71 77 0.1
71 78 0.125
71 80 0.204
71 94 0.16
72 77 0.796
72 82 0.129
72 88 0.108
72 75 0.197
72 80 0.023
72 78 0.149
72 89 0.173
72 93 0.333
72 98 0.35
72 74 0.052
72 76 0.24
72 91 0.235
72 97 0.137
72 84 0.155
72 86 0.168
72 90 0.117
72 92 0.099
72 94 0.153
73 96 0.867
73 89 0.325
73 91 0.214
73 83 0.203
73 78 0.171
73 94 0.121
73 79 0.14
73 86 0.06
73 90 0.172
73 92 0.045
73 99 0.052
73 77 0.119
73 85 0.136
73 95 0.112
74 78 0.925
74 80 0.92
74 84 0.402
74 88 0.715
74 92 0.126
74 95 0.119
74 82 0.012
74 89 0.217
74 90 0.253
74 91 0.017
74 75 0.16
74 77 0.19
74 81 0.172
74 83 0.155
74 94 0.147
74 96 0.151
74 97 0.132
74 98 0.168
75 90 0.744
75 87 0.113
75 92 0.077
75 99 0.186
75 91 0.07
75 76 0.176
75 86 0.198
75 88 0.158
75 94 0.152
76 99 0.551
76 85 0.269
76 77 0.162
76 78 0.121
76 94 0.152
76 82 0.078
76 86 0.361
76 89 0.151
76 92 0.11
76 93 0.182
76 95 0.308
76 97 0.149
76 80 0.08
76 88 0.149
76 90 0.182
76 91 0.181
76 96 0.16
76 98 0.173
77 98 0.897
77 94 0.948
77 93 0.134
77 89 0.193
77 79 0.136
77 86 0.236
77 88 0.199
77 96 0.181
77 97 0.102
77 81 0.13
77 83 0.146
77 87 0.138
77 90 0.127
77 91 0.113
77 92 0.174
77 99 0.151
78 97 0.666
78 99 0.282
78 85 0.155
78 80 0.128
78 96 0.011
78 98 0.05
78 81 0.123
78 82 0.241
78 86 0.196
78 94 0.147
79 85 1
79 94 0.41
79 86 0.332
79 81 0.165
79 83 0.071
79 90 0.351
79 84 0.273
79 88 0.194
79 82 0.028
79 87 0.384
79 89 0.111
79 91 0.174
79 95 0.128
79 97 0.141
80 99 0.739
80 90 0.57
80 88 0.027
80 92 0.335
80 95 0.099
80 83 0.184
80 86 0.029
80 93 0.286
80 98 0.141
80 84 0.133
80 85 0.103
80 87 0.185
80 96 0.16
81 82 0.082
81 84 0.307
81 99 0.087
81 83 0.189
81 86 0.043
81 93 0.258
81 94 0.253
81 97 0.086
81 85 0.154
81 88 0.169
81 92 0.156
81 95 0.095
81 98 0.166
82 97 0.883
82 94 0.958
82 93 0.876
82 98 0.805
82 90 0.429
82 89 0.206
82 99 0.158
82 85 0.156
82 87 0.163
82 88 0.157
82 92 0.105
83 90 0.589
83 89 0.149
83 98 0.329
83 91 0.183
83 93 0.309
83 88 0.182
84 95 0.392
84 96 0.159
84 92 0.268
84 93 0.03
84 98 0.14
84 90 0.131
84 91 0.211
84 94 0.14
85 94 0.669
85 96 0.36
85 99 0.017
85 92 0.249
85 90 0.373
85 86 0.224
85 88 0.179
85 91 0.133
85 87 0.167
85 95 0.145
85 97 0.079
86 90 0.472
86 96 0.509
86 89 0.177
86 97 0.149
86 88 0.113
86 91 0.137
86 92 0.143
86 94 0.14
86 99 0.172
87 91 0.015
87 94 0.233
87 95 0.059
87 97 0.271
87 88 0.135
87 92 0.212
87 99 0.104
88 96 0.021
88 97 0.176
88 90 0.156
88 94 0.219
88 95 0.027
88 89 0.201
89 97 0.977
89 93 0.743
89 95 0.887
89 99 0.127
89 91 0.127
89 92 0.12
89 94 0.225
89 96 0.171
90 98 0.144
90 97 0.057
90 99 0.161
90 91 0.172
90 94 0.159
90 95 0.125
91 97 0.048
91 96 0.326
91 92 0.155
91 93 0.126
92 94 0.05
92 93 0.146
92 96 0.122
92 99 0.198
93 96 0.329
93 97 0.132
93 99 0.148
94 95 0.228
94 96 0.203
95 98 0.146
95 96 0.158
95 97 0.155
95 99 0.156
96 97 0.156
96 98 0.161
97 99 0.474
97 98 0.127
