0 16 0.802
0 79 0.833
0 78 0.241
0 24 0.116
0 26 0.073
0 52 0.038
0 89 0.055
0 97 0.283
0 14 0.276
0 32 0.228
0 36 0.235
0 37 0.115
0 58 0.265
0 73 0.076
0 96 0.061
0 5 0.379
0 21 0.167
0 27 0.169
0 41 0.213
0 44 0.161
0 59 0.135
0 60 0.153
0 63 0.147
0 69 0.229
0 71 0.229
0 80 0.111
0 88 0.198
0 94 0.203
0 95 0.324
0 7 0.157
0 8 0.157
0 10 0.121
0 11 0.182
0 12 0.242
0 15 0.169
0 18 0.166
0 19 0.173
0 22 0.107
0 23 0.121
0 25 0.156
0 28 0.168
0 29 0.132
0 30 0.124
0 31 0.185
0 33 0.171
0 35 0.188
0 43 0.173
0 45 0.151
0 48 0.171
0 50 0.168
0 55 0.136
0 65 0.187
0 72 0.105
0 75 0.17
0 82 0.148
0 91 0.148
0 92 0.072
0 99 0.157
1 64 0.885
1 60 0.896
1 84 0.945
1 33 0.62
1 57 0.8
1 6 0.796
1 13 0.5
1 20 0.326
1 61 0.333
1 95 0.196
1 67 0.375
1 69 0.071
1 46 0.075
1 50 0.224
1 53 0.285
1 59 0.14
1 78 0.062
1 81 0.179
1 82 0.278
1 83 0.255
1 4 0.11
1 18 0.205
1 19 0.091
1 29 0.123
1 32 0.178
1 41 0.175
1 51 0.248
1 58 0.178
1 62 0.079
1 70 0.341
1 71 0.177
1 75 0.216
1 91 0.074
1 93 0.148
1 94 0.143
1 97 0.204
1 98 0.096
1 2 0.124
1 3 0.152
1 5 0.194
1 8 0.177
1 10 0.11
1 11 0.133
1 12 0.179
1 15 0.144
1 16 0.161
1 23 0.179
1 34 0.161
1 47 0.142
1 49 0.138
1 54 0.141
1 55 0.166
1 66 0.16
1 68 0.158
1 72 0.114
1 74 0.171
1 76 0.121
1 77 0.169
1 79 0.122
1 80 0.146
1 87 0.095
1 90 0.115
1 92 0.115
1 96 0.155
2 71 0.827
2 72 0.823
2 61 0.683
2 49 0.505
2 13 0.265
2 62 0.586
2 19 0.171
2 32 0.273
2 65 0.403
2 21 0.235
2 24 0.051
2 97 0.109
2 5 0.05
2 45 0.106
2 53 0.183
2 68 0.215
2 3 0.012
2 6 0.066
2 7 0.005
2 18 0.12
2 30 0.165
2 40 0.223
2 41 0.167
2 59 0.017
2 79 0.204
2 85 0.053
2 91 0.3
2 10 0.104
2 11 0.113
2 17 0.188
2 23 0.154
2 25 0.134
2 26 0.175
2 27 0.127
2 34 0.155
2 36 0.162
2 37 0.161
2 39 0.163
2 42 0.15
2 43 0.175
2 48 0.123
2 50 0.109
2 51 0.15
2 52 0.163
2 54 0.166
2 58 0.155
2 73 0.125
2 75 0.124
2 76 0.142
2 78 0.219
2 83 0.161
2 86 0.151
2 90 0.123
2 92 0.19
2 93 0.163
2 94 0.14
2 96 0.111
3 27 0.88
3 12 0.217
3 65 0.13
3 30 0.087
3 31 0.133
3 63 0.035
3 86 0.076
3 40 0.138
3 47 0.229
3 53 0.119
3 71 0.356
3 9 0.222
3 14 0.276
3 20 0.133
3 37 0.11
3 42 0.042
3 46 0.166
3 58 0.153
3 70 0.06
3 93 0.085
3 96 0.332
3 4 0.154
3 6 0.168
3 8 0.149
3 17 0.184
3 23 0.161
3 25 0.146
3 35 0.127
3 38 0.142
3 43 0.171
3 48 0.177
3 54 0.135
3 56 0.143
3 59 0.187
3 64 0.205
3 67 0.105
3 72 0.159
3 74 0.118
3 75 0.128
3 77 0.143
3 79 0.164
3 81 0.192
3 83 0.084
3 85 0.097
3 88 0.167
3 89 0.168
3 90 0.113
3 92 0.164
3 94 0.173
3 95 0.129
3 98 0.145
4 72 1
4 52 0.678
4 6 0.933
4 55 0.673
4 51 0.669
4 98 0.55
4 77 0.687
4 49 0.507
4 45 0.667
4 15 0.166
4 46 0.149
4 17 0.127
4 20 0.38
4 62 0.131
4 28 0.03
4 53 0.103
4 54 0.094
4 75 0.148
4 76 0.174
4 82 0.321
4 97 0.223
4 9 0.149
4 16 0.153
4 18 0.328
4 21 0.352
4 26 0.261
4 80 0.086
4 87 0.125
4 5 0.168
4 8 0.145
4 12 0.152
4 13 0.172
4 22 0.188
4 23 0.136
4 24 0.164
4 29 0.105
4 30 0.15
4 31 0.206
4 32 0.2
4 33 0.114
4 36 0.145
4 38 0.098
4 39 0.12
4 40 0.171
4 41 0.148
4 48 0.107
4 57 0.149
4 59 0.126
4 61 0.147
4 63 0.114
4 64 0.16
4 65 0.219
4 66 0.156
4 67 0.157
4 79 0.161
4 83 0.163
4 84 0.109
4 85 0.139
4 90 0.164
4 99 0.143
5 88 0.7
5 63 1
5 27 1
5 81 0.565
5 13 0.181
5 46 0.339
5 48 0.115
5 66 0.24
5 40 0.083
5 62 0.151
5 97 0.176
5 9 0.186
5 26 0.071
5 31 0.122
5 42 0.095
5 59 0.208
5 89 0.15
5 95 0.375
5 11 0.102
5 14 0.064
5 24 0.107
5 44 0.054
5 55 0.056
5 58 0.156
5 60 0.193
5 67 0.197
5 70 0.302
5 74 0.093
5 85 0.162
5 86 0.259
5 6 0.141
5 8 0.152
5 10 0.09
5 16 0.18
5 19 0.14
5 20 0.157
5 22 0.153
5 23 0.118
5 25 0.146
5 28 0.101
5 29 0.208
5 34 0.133
5 41 0.152
5 45 0.133
5 49 0.157
5 50 0.172
5 54 0.15
5 64 0.178
5 68 0.161
5 69 0.137
5 75 0.12
5 77 0.153
5 79 0.105
5 90 0.199
5 91 0.16
5 92 0.158
5 94 0.179
5 98 0.159
6 9 0.804
6 55 0.799
6 26 0.922
6 45 0.696
6 70 0.763
6 15 0.68
6 36 0.205
6 40 0.162
6 81 0.121
6 98 0.515
6 44 0.196
6 46 0.203
6 49 0.358
6 51 0.475
6 14 0.267
6 21 0.126
6 30 0.288
6 34 0.324
6 78 0.208
6 88 0.147
6 93 0.198
6 8 0.138
6 18 0.237
6 28 0.095
6 37 0.168
6 41 0.195
6 43 0.042
6 64 0.096
6 75 0.162
6 79 0.008
6 11 0.18
6 13 0.125
6 22 0.173
6 23 0.183
6 31 0.161
6 33 0.134
6 38 0.127
6 48 0.201
6 52 0.156
6 54 0.152
6 56 0.173
6 57 0.176
6 58 0.152
6 60 0.241
6 61 0.14
6 63 0.076
6 65 0.165
6 68 0.158
6 71 0.103
6 72 0.189
6 76 0.166
6 77 0.179
6 82 0.123
6 87 0.126
6 90 0.126
6 91 0.137
6 92 0.144
6 96 0.149
6 97 0.142
7 49 0.969
7 65 0.758
7 24 1
7 60 0.806
7 69 0.766
7 12 0.932
7 41 0.781
7 76 0.837
7 30 0.835
7 68 1
7 8 0.859
7 50 0.617
7 61 0.555
7 80 0.107
7 81 0.071
7 22 0.026
7 44 0.278
7 64 0.239
7 79 0.413
7 31 0.034
7 46 0.255
7 54 0.251
7 57 0.23
7 86 0.38
7 95 0.17
7 9 0.134
7 11 0.101
7 13 0.178
7 14 0.07
7 15 0.303
7 19 0.228
7 27 0.118
7 29 0.292
7 51 0.095
7 58 0.125
7 62 0.213
7 66 0.14
7 71 0.144
7 90 0.167
7 91 0.16
7 97 0.155
7 10 0.166
7 16 0.133
7 21 0.224
7 25 0.119
7 28 0.142
7 34 0.137
7 35 0.137
7 36 0.112
7 39 0.147
7 47 0.113
7 55 0.133
7 56 0.109
7 63 0.177
7 67 0.123
7 70 0.151
7 74 0.146
7 83 0.177
7 93 0.136
7 94 0.21
8 99 0.949
8 55 0.877
8 67 1
8 54 0.757
8 59 1
8 70 0.829
8 81 0.911
8 24 0.523
8 31 0.696
8 53 0.294
8 82 0.179
8 84 0.206
8 91 0.156
8 10 0.061
8 12 0.23
8 13 0.098
8 16 0.027
8 25 0.036
8 30 0.134
8 35 0.164
8 43 0.159
8 45 0.2
8 50 0.08
8 58 0.21
8 65 0.134
8 66 0.191
8 69 0.002
8 73 0.251
8 76 0.156
8 89 0.15
8 95 0.056
8 98 0.231
8 9 0.098
8 11 0.143
8 14 0.105
8 17 0.143
8 18 0.127
8 19 0.115
8 20 0.12
8 28 0.206
8 29 0.133
8 32 0.162
8 41 0.127
8 42 0.113
8 44 0.15
8 46 0.193
8 48 0.187
8 49 0.193
8 51 0.153
8 61 0.154
8 64 0.164
8 72 0.174
8 75 0.139
8 77 0.114
8 78 0.181
8 80 0.127
8 83 0.119
8 85 0.172
8 86 0.136
8 88 0.154
8 94 0.14
8 97 0.198
9 38 1
9 89 0.878
9 19 0.882
9 21 1
9 69 0.773
9 39 0.493
9 86 0.572
9 33 0.804
9 53 0.303
9 37 0.746
9 73 0.238
9 45 0.466
9 58 0.066
9 16 0.166
9 17 0.148
9 23 0.126
9 51 0.186
9 60 0.039
9 77 0.339
9 84 0.001
9 97 0.16
9 35 0.166
9 43 0.072
9 44 0.14
9 46 0.214
9 57 0.18
9 63 0.045
9 68 0.264
9 74 0.155
9 80 0.105
9 81 0.403
9 87 0.196
9 12 0.182
9 13 0.145
9 14 0.118
9 15 0.125
9 24 0.142
9 28 0.154
9 32 0.123
9 34 0.14
9 36 0.113
9 40 0.208
9 41 0.174
9 47 0.155
9 62 0.13
9 67 0.113
9 70 0.161
9 71 0.105
9 72 0.089
9 75 0.138
9 78 0.14
9 79 0.155
9 82 0.158
9 85 0.151
9 90 0.138
9 93 0.16
9 94 0.097
9 96 0.156
9 98 0.132
9 99 0.099
10 59 0.831
10 52 0.593
10 45 0.969
10 43 0.55
10 65 0.264
10 83 0.168
10 21 0.346
10 22 0.085
10 33 0.206
10 23 0.307
10 25 0.244
10 34 0.035
10 36 0.244
10 50 0.071
10 78 0.316
10 85 0.166
10 12 0.119
10 16 0.246
10 18 0.086
10 19 0.168
10 39 0.211
10 41 0.081
10 47 0.208
10 55 0.199
10 58 0.11
10 66 0.083
10 76 0.203
10 77 0.327
10 81 0.177
10 82 0.039
10 99 0.086
10 11 0.163
10 13 0.13
10 14 0.12
10 20 0.125
10 27 0.16
10 28 0.19
10 29 0.156
10 32 0.168
10 38 0.125
10 40 0.144
10 46 0.124
10 57 0.119
10 61 0.166
10 62 0.131
10 63 0.105
10 64 0.147
10 68 0.145
10 69 0.129
10 73 0.135
10 79 0.154
10 80 0.192
10 89 0.144
10 91 0.134
10 94 0.144
11 14 0.57
11 83 0.8
11 22 0.766
11 44 0.654
11 12 0.105
11 61 0.121
11 96 0.507
11 16 0.014
11 21 0.015
11 24 0.308
11 28 0.264
11 55 0.281
11 59 0.101
11 74 0.058
11 90 0.143
11 30 0.135
11 36 0.254
11 37 0.157
11 39 0.158
11 41 0.157
11 47 0.151
11 49 0.031
11 50 0.11
11 62 0.225
11 66 0.073
11 70 0.334
11 71 0.136
11 75 0.132
11 92 0.249
11 15 0.168
11 18 0.201
11 19 0.144
11 23 0.141
11 29 0.219
11 32 0.205
11 33 0.123
11 40 0.13
11 42 0.193
11 51 0.119
11 52 0.095
11 57 0.128
11 58 0.176
11 64 0.117
11 67 0.182
11 76 0.166
11 77 0.144
11 78 0.088
11 80 0.222
11 85 0.186
11 88 0.169
11 89 0.131
11 93 0.191
11 97 0.213
11 99 0.127
12 84 1
12 28 0.366
12 55 0.22
12 14 0.21
12 71 0.315
12 23 0.07
12 38 0.303
12 48 0.227
12 58 0.114
12 20 0.087
12 21 0.079
12 25 0.164
12 30 0.164
12 33 0.222
12 35 0.178
12 43 0.122
12 49 0.341
12 50 0.118
12 62 0.167
12 63 0.271
12 74 0.213
12 13 0.111
12 16 0.123
12 17 0.115
12 18 0.178
12 19 0.139
12 24 0.167
12 27 0.158
12 29 0.137
12 31 0.149
12 36 0.108
12 37 0.123
12 45 0.138
12 46 0.162
12 54 0.122
12 59 0.208
12 60 0.185
12 61 0.154
12 65 0.159
12 67 0.141
12 69 0.109
12 77 0.134
12 80 0.154
12 81 0.147
12 83 0.126
12 88 0.152
12 90 0.129
12 92 0.205
12 93 0.176
12 94 0.165
12 95 0.154
12 97 0.131
12 98 0.158
13 51 0.862
13 33 0.848
13 25 0.763
13 79 0.744
13 19 1
13 60 0.806
13 48 0.914
13 95 0.96
13 77 0.586
13 66 0.004
13 24 0.307
13 92 0.113
13 23 0.302
13 57 0.019
13 34 0.294
13 36 0.155
13 49 0.107
13 63 0.138
13 65 0.006
13 32 0.127
13 37 0.23
13 39 0.189
13 43 0.168
13 68 0.252
13 86 0.151
13 94 0.113
13 97 0.182
13 99 0.174
13 14 0.188
13 15 0.146
13 18 0.167
13 20 0.114
13 21 0.118
13 22 0.197
13 26 0.162
13 28 0.17
13 29 0.171
13 40 0.111
13 41 0.181
13 53 0.156
13 55 0.145
13 56 0.132
13 59 0.128
13 64 0.138
13 70 0.083
13 83 0.135
13 85 0.147
13 89 0.136
13 96 0.164
14 35 0.906
14 89 0.779
14 95 0.659
14 98 0.923
14 94 0.611
14 49 0.837
14 66 0.54
14 59 0.278
14 81 0.318
14 90 0.513
14 39 0.17
14 40 0.775
14 80 0.154
14 68 0.111
14 76 0.103
14 43 0.314
14 77 0.175
14 15 0.089
14 19 0.141
14 30 0.256
14 32 0.151
14 42 0.024
14 58 0.007
14 65 0.21
14 72 0.506
14 82 0.131
14 91 0.252
14 93 0.413
14 96 0.137
14 16 0.164
14 17 0.159
14 18 0.162
14 20 0.126
14 31 0.16
14 34 0.181
14 36 0.141
14 44 0.171
14 45 0.131
14 48 0.142
14 51 0.163
14 52 0.16
14 54 0.151
14 60 0.151
14 61 0.154
14 63 0.153
14 69 0.159
14 70 0.131
14 73 0.12
14 78 0.132
14 79 0.128
14 84 0.175
14 86 0.141
14 87 0.147
14 88 0.098
15 99 0.682
15 18 0.37
15 83 0.546
15 90 0.272
15 51 0.169
15 68 0.338
15 88 0.065
15 92 0.246
15 93 0.45
15 21 0.336
15 42 0.143
15 57 0.244
15 67 0.225
15 77 0.161
15 91 0.322
15 23 0.17
15 24 0.109
15 25 0.321
15 28 0.167
15 31 0.066
15 35 0.17
15 36 0.279
15 38 0.108
15 39 0.024
15 56 0.122
15 64 0.184
15 66 0.125
15 69 0.055
15 85 0.095
15 97 0.264
15 19 0.152
15 20 0.106
15 22 0.14
15 26 0.153
15 27 0.135
15 29 0.095
15 32 0.117
15 33 0.057
15 37 0.169
15 40 0.143
15 47 0.174
15 53 0.112
15 54 0.103
15 59 0.155
15 63 0.154
15 71 0.145
15 79 0.123
15 80 0.115
15 81 0.184
15 82 0.182
15 84 0.16
15 89 0.152
15 95 0.209
15 96 0.083
16 58 0.69
16 88 1
16 50 0.723
16 38 0.741
16 84 0.973
16 86 0.948
16 76 0.65
16 51 0.792
16 44 0.106
16 94 0.6
16 40 0.244
16 28 0.526
16 24 0.007
16 90 0.382
16 26 0.136
16 53 0.136
16 20 0.265
16 22 0.206
16 25 0.242
16 35 0.06
16 56 0.172
16 60 0.12
16 67 0.178
16 96 0.179
16 17 0.104
16 30 0.138
16 31 0.156
16 34 0.151
16 37 0.144
16 39 0.133
16 41 0.116
16 45 0.094
16 46 0.137
16 52 0.178
16 55 0.134
16 57 0.144
16 59 0.205
16 61 0.171
16 62 0.119
16 63 0.104
16 68 0.126
16 69 0.108
16 70 0.138
16 75 0.194
16 78 0.111
16 79 0.193
16 80 0.138
16 81 0.163
16 82 0.162
16 83 0.151
16 85 0.124
16 87 0.176
16 91 0.203
16 95 0.145
16 97 0.158
16 99 0.157
17 34 1
17 18 0.805
17 40 0.561
17 20 0.184
17 24 0.259
17 36 0.155
17 78 0.542
17 26 0.302
17 38 0.274
17 44 0.052
17 45 0.263
17 60 0.204
17 62 0.268
17 96 0.317
17 48 0.192
17 51 0.204
17 52 0.172
17 58 0.211
17 59 0.156
17 73 0.057
17 80 0.036
17 88 0.168
17 98 0.102
17 27 0.152
17 28 0.101
17 30 0.151
17 35 0.116
17 43 0.157
17 49 0.179
17 53 0.09
17 63 0.145
17 71 0.152
17 72 0.149
17 75 0.184
17 76 0.19
17 79 0.16
17 82 0.213
17 83 0.115
17 86 0.158
17 87 0.186
17 91 0.148
17 95 0.138
17 97 0.146
18 29 0.662
18 55 0.833
18 69 0.727
18 98 0.794
18 40 0.1
18 31 0.042
18 56 0.472
18 78 0.17
18 83 0.214
18 88 0.035
18 24 0.015
18 36 0.178
18 43 0.382
18 53 0.019
18 58 0.434
18 84 0.145
18 96 0.114
18 25 0.187
18 27 0.129
18 30 0.168
18 32 0.139
18 35 0.035
18 39 0.121
18 41 0.225
18 42 0.165
18 47 0.223
18 51 0.108
18 57 0.107
18 61 0.19
18 74 0.161
18 76 0.242
18 81 0.191
18 92 0.152
18 93 0.313
18 26 0.174
18 28 0.183
18 33 0.138
18 45 0.129
18 48 0.168
18 49 0.182
18 60 0.154
18 62 0.175
18 64 0.153
18 67 0.181
18 71 0.131
18 72 0.114
18 73 0.174
18 77 0.138
18 80 0.154
18 87 0.142
18 94 0.122
18 95 0.173
18 97 0.131
19 86 1
19 53 0.738
19 25 0.585
19 21 0.523
19 57 0.843
19 99 0.669
19 50 0.582
19 59 0.634
19 24 0.134
19 96 0.217
19 40 0.505
19 97 0.18
19 66 0.438
19 81 0.217
19 46 0.005
19 52 0.26
19 56 0.154
19 92 0.294
19 20 0.121
19 22 0.105
19 23 0.041
19 34 0.066
19 37 0.156
19 41 0.264
19 54 0.059
19 58 0.25
19 63 0.208
19 64 0.03
19 67 0.201
19 74 0.229
19 82 0.259
19 85 0.21
19 87 0.165
19 90 0.011
19 26 0.116
19 27 0.161
19 28 0.154
19 31 0.218
19 32 0.136
19 36 0.135
19 39 0.156
19 42 0.138
19 44 0.136
19 47 0.13
19 48 0.103
19 51 0.118
19 65 0.196
19 69 0.132
19 75 0.194
19 77 0.094
19 78 0.17
19 83 0.142
19 94 0.152
20 69 0.867
20 36 0.445
20 39 0.55
20 82 0.758
20 31 0.182
20 91 0.219
20 89 0.155
20 35 0.004
20 61 0.196
20 24 0.14
20 34 0.426
20 46 0.06
20 48 0.244
20 56 0.209
20 60 0.247
20 83 0.311
20 25 0.149
20 26 0.033
20 29 0.043
20 38 0.179
20 44 0.217
20 58 0.052
20 65 0.324
20 74 0.128
20 86 0.375
20 21 0.182
20 22 0.138
20 23 0.178
20 27 0.13
20 30 0.169
20 32 0.148
20 37 0.138
20 41 0.1
20 57 0.207
20 62 0.118
20 66 0.184
20 68 0.119
20 71 0.201
20 72 0.097
20 76 0.114
20 78 0.108
20 80 0.123
20 84 0.135
20 85 0.099
20 87 0.128
20 88 0.13
20 92 0.134
20 96 0.193
20 98 0.168
21 54 0.875
21 66 0.88
21 91 0.58
21 46 0.757
21 77 0.811
21 74 1
21 32 0.626
21 58 0.049
21 57 0.061
21 52 0.465
21 71 0.141
21 86 0.165
21 35 0.176
21 75 0.07
21 98 0.338
21 24 0.2
21 30 0.127
21 49 0.06
21 73 0.154
21 76 0.189
21 78 0.107
21 81 0.174
21 97 0.178
21 22 0.156
21 26 0.109
21 27 0.147
21 28 0.176
21 29 0.18
21 33 0.159
21 34 0.179
21 37 0.136
21 39 0.158
21 40 0.136
21 41 0.164
21 43 0.157
21 48 0.188
21 55 0.144
21 56 0.167
21 60 0.134
21 64 0.156
21 68 0.129
21 69 0.114
21 70 0.136
21 79 0.232
21 82 0.154
21 84 0.13
21 85 0.133
21 88 0.102
21 94 0.148
21 96 0.131
21 99 0.155
22 44 0.783
22 41 0.915
22 83 0.224
22 59 0.339
22 68 0.127
22 85 0.209
22 92 0.138
22 32 0.015
22 38 0.189
22 43 0.263
22 48 0.411
22 81 0.198
22 28 0.041
22 30 0.114
22 31 0.162
22 37 0.098
22 42 0.281
22 49 0.127
22 62 0.106
22 64 0.18
22 70 0.318
22 78 0.169
22 87 0.07
22 98 0.094
22 33 0.169
22 34 0.14
22 35 0.123
22 45 0.168
22 52 0.108
22 56 0.133
22 60 0.168
22 61 0.137
22 67 0.158
22 74 0.13
22 95 0.15
22 99 0.15
23 36 0.709
23 41 0.86
23 89 1
23 74 0.112
23 32 0.415
23 31 0.242
23 77 0.467
23 28 0.19
23 38 0.164
23 59 0.104
23 67 0.244
23 83 0.108
23 86 0.121
23 25 0.167
23 30 0.012
23 40 0.128
23 55 0.191
23 61 0.166
23 64 0.456
23 65 0.246
23 68 0.272
23 79 0.1
23 91 0.09
23 92 0.14
23 94 0.101
23 26 0.132
23 27 0.153
23 29 0.123
23 33 0.171
23 34 0.158
23 35 0.169
23 43 0.139
23 44 0.133
23 45 0.134
23 47 0.212
23 49 0.169
23 51 0.143
23 52 0.089
23 54 0.166
23 63 0.143
23 66 0.127
23 72 0.161
23 73 0.141
23 75 0.203
23 76 0.161
23 78 0.134
23 80 0.194
23 81 0.098
23 82 0.159
23 84 0.144
23 96 0.144
23 98 0.145
23 99 0.139
24 42 0.661
24 84 0.546
24 95 0.552
24 80 0.057
24 90 0.067
24 49 0.216
24 59 0.136
24 88 0.16
24 26 0.118
24 27 0.064
24 29 0.026
24 39 0.123
24 51 0.131
24 56 0.157
24 67 0.311
24 68 0.115
24 98 0.216
24 28 0.202
24 31 0.093
24 32 0.198
24 33 0.141
24 37 0.139
24 43 0.156
24 45 0.175
24 50 0.137
24 52 0.173
24 54 0.219
24 55 0.182
24 58 0.125
24 60 0.149
24 62 0.11
24 63 0.177
24 64 0.126
24 65 0.173
24 66 0.141
24 70 0.233
24 72 0.122
24 74 0.135
24 76 0.19
24 78 0.132
24 79 0.115
24 86 0.14
24 87 0.2
24 92 0.132
24 93 0.15
24 94 0.154
24 99 0.152
25 33 0.968
25 54 0.707
25 57 0.736
25 30 0.668
25 32 0.496
25 56 0.923
25 46 0.488
25 65 0.054
25 74 0.332
25 29 0.101
25 40 0.148
25 42 0.341
25 53 0.193
25 62 0.203
25 69 0.221
25 79 0.157
25 84 0.132
25 94 0.199
25 27 0.188
25 31 0.168
25 36 0.205
25 38 0.128
25 39 0.14
25 44 0.132
25 45 0.147
25 47 0.15
25 48 0.152
25 50 0.116
25 51 0.117
25 58 0.147
25 61 0.145
25 63 0.179
25 67 0.188
25 68 0.18
25 70 0.148
25 73 0.161
25 76 0.162
25 77 0.107
25 78 0.156
25 81 0.184
25 83 0.138
25 89 0.133
25 90 0.139
25 92 0.201
25 93 0.129
25 95 0.181
25 96 0.139
25 97 0.095
26 50 0.818
26 98 0.812
26 61 0.699
26 84 0.988
26 99 0.411
26 38 0.165
26 66 0.324
26 80 0.317
26 28 0.148
26 48 0.203
26 62 0.153
26 39 0.187
26 59 0.196
26 64 0.368
26 71 0.262
26 88 0.063
26 92 0.372
26 93 0.359
26 63 0.14
26 75 0.205
26 89 0.188
26 35 0.171
26 36 0.121
26 40 0.144
26 43 0.114
26 44 0.029
26 45 0.144
26 49 0.147
26 51 0.082
26 55 0.174
26 57 0.134
26 60 0.164
26 74 0.18
26 77 0.198
26 85 0.176
26 90 0.109
26 94 0.184
26 97 0.139
27 39 0.897
27 56 0.817
27 91 0.853
27 57 0.528
27 68 0.551
27 84 1
27 38 0.26
27 31 0.221
27 33 0.052
27 41 0.116
27 44 0.208
27 55 0.094
27 81 0.194
27 29 0.127
27 34 0.151
27 40 0.122
27 43 0.142
27 50 0.229
27 54 0.163
27 64 0.375
27 66 0.142
27 75 0.151
27 78 0.235
27 85 0.049
27 86 0.075
27 96 0.005
27 99 0.292
27 36 0.144
27 37 0.174
27 42 0.131
27 45 0.171
27 46 0.157
27 51 0.109
27 52 0.142
27 53 0.143
27 59 0.14
27 60 0.125
27 62 0.111
27 67 0.183
27 69 0.166
27 76 0.108
27 80 0.126
27 82 0.097
27 83 0.187
27 87 0.13
27 88 0.181
27 92 0.157
27 94 0.154
27 95 0.177
27 98 0.186
28 79 0.784
28 53 0.962
28 94 0.822
28 78 0.919
28 36 0.117
28 66 0.008
28 29 0.133
28 38 0.309
28 41 0.397
28 64 0.369
28 82 0.468
28 34 0.264
28 55 0.258
28 58 0.115
28 65 0.094
28 69 0.244
28 93 0.332
28 35 0.266
28 48 0.044
28 49 0.224
28 51 0.177
28 54 0.148
28 56 0.155
28 57 0.157
28 70 0.182
28 96 0.243
28 31 0.187
28 39 0.114
28 43 0.076
28 44 0.105
28 47 0.141
28 50 0.143
28 60 0.177
28 61 0.193
28 63 0.163
28 68 0.14
28 73 0.141
28 74 0.12
28 76 0.171
28 83 0.139
28 84 0.146
28 87 0.114
28 90 0.182
28 91 0.154
28 92 0.194
28 98 0.169
29 83 0.677
29 56 0.831
29 79 0.83
29 91 0.862
29 78 1
29 94 0.69
29 48 1
29 64 0.831
29 49 0.591
29 97 0.569
29 87 0.944
29 65 0.793
29 62 0.453
29 44 0.112
29 43 0.025
29 35 0.018
29 73 0.079
29 74 0.141
29 90 0.162
29 98 0.283
29 31 0.184
29 37 0.085
29 69 0.097
29 72 0.204
29 81 0.032
29 85 0.133
29 30 0.133
29 32 0.147
29 33 0.14
29 34 0.177
29 40 0.184
29 41 0.114
29 51 0.137
29 53 0.18
29 58 0.143
29 59 0.173
29 60 0.164
29 61 0.152
29 63 0.107
29 68 0.139
29 70 0.137
29 77 0.151
29 92 0.126
29 93 0.197
29 95 0.153
29 96 0.16
29 99 0.177
30 67 0.986
30 96 0.632
30 32 0.6
30 35 0.439
30 51 0.189
30 56 0.203
30 50 0.163
30 55 0.115
30 58 0.251
30 61 0.016
30 72 0.034
30 92 0.277
30 38 0.045
30 45 0.178
30 48 0.272
30 49 0.169
30 60 0.152
30 66 0.18
30 68 0.14
30 74 0.097
30 76 0.054
30 94 0.179
30 99 0.068
30 36 0.204
30 40 0.149
30 43 0.207
30 46 0.16
30 47 0.151
30 52 0.163
30 53 0.166
30 63 0.167
30 69 0.133
30 71 0.098
30 73 0.162
30 75 0.158
30 77 0.152
30 80 0.127
30 83 0.109
30 84 0.205
30 89 0.123
30 97 0.125
31 53 0.572
31 39 0.981
31 68 0.758
31 81 0.869
31 84 0.884
31 85 0.106
31 92 0.496
31 76 0.58
31 88 0.031
31 99 0.245
31 34 0.315
31 58 0.079
31 43 0.193
31 45 0.161
31 52 0.184
31 73 0.093
31 79 0.139
31 80 0.029
31 82 0.257
31 90 0.101
31 93 0.182
31 97 0.121
31 32 0.203
31 35 0.155
31 36 0.231
31 37 0.081
31 38 0.147
31 46 0.151
31 48 0.17
31 49 0.151
31 50 0.173
31 55 0.15
31 59 0.13
31 62 0.193
31 67 0.186
31 70 0.15
31 74 0.155
31 75 0.162
31 77 0.146
31 87 0.178
31 89 0.193
31 91 0.156
31 96 0.106
32 59 0.55
32 58 0.689
32 87 0.643
32 45 0.47
32 85 0.871
32 50 0.452
32 82 0.591
32 73 0.536
32 95 0.724
32 84 0.42
32 67 0.477
32 78 0.047
32 83 0.344
32 57 0.152
32 70 0.173
32 71 0.109
32 90 0.015
32 91 0.237
32 33 0.2
32 44 0.275
32 55 0.156
32 64 0.185
32 76 0.245
32 89 0.102
32 40 0.18
32 41 0.169
32 43 0.195
32 46 0.158
32 51 0.157
32 53 0.123
32 54 0.196
32 60 0.198
32 62 0.115
32 66 0.148
32 69 0.173
32 88 0.124
32 94 0.113
32 98 0.135
32 99 0.14
33 63 0.959
33 95 0.865
33 71 0.705
33 47 0.22
33 50 0.55
33 73 0.084
33 96 0.176
33 61 0.346
33 85 0.358
33 91 0.315
33 77 0.044
33 92 0.054
33 98 0.121
33 99 0.144
33 65 0.356
33 68 0.128
33 35 0.153
33 37 0.169
33 38 0.105
33 39 0.096
33 44 0.119
33 45 0.136
33 46 0.193
33 52 0.125
33 54 0.105
33 55 0.215
33 56 0.142
33 57 0.149
33 59 0.164
33 60 0.128
33 62 0.13
33 66 0.143
33 67 0.142
33 69 0.147
33 70 0.159
33 74 0.139
33 83 0.193
33 84 0.092
33 87 0.145
33 90 0.165
33 93 0.163
33 94 0.142
34 41 0.692
34 57 0.393
34 60 0.652
34 79 0.269
34 55 0.013
34 61 0.068
34 71 0.016
34 99 0.194
34 45 0.126
34 48 0.271
34 53 0.181
34 56 0.086
34 63 0.215
34 67 0.27
34 73 0.056
34 75 0.022
34 88 0.108
34 92 0.177
34 93 0.214
34 36 0.118
34 39 0.132
34 44 0.164
34 54 0.149
34 59 0.101
34 62 0.164
34 72 0.217
34 78 0.154
34 80 0.082
34 81 0.195
34 83 0.184
34 87 0.115
34 89 0.176
34 91 0.113
34 96 0.162
35 66 0.699
35 69 0.778
35 43 0.32
35 45 0.305
35 62 0.24
35 84 0.315
35 90 0.111
35 59 0.111
35 86 0.049
35 39 0.47
35 48 0.019
35 56 0.149
35 88 0.112
35 49 0.089
35 50 0.156
35 52 0.188
35 65 0.16
35 68 0.131
35 72 0.189
35 78 0.134
35 80 0.145
35 98 0.25
35 36 0.145
35 37 0.149
35 46 0.213
35 47 0.17
35 51 0.138
35 55 0.129
35 60 0.138
35 61 0.185
35 63 0.213
35 64 0.148
35 67 0.152
35 70 0.18
35 74 0.207
35 77 0.157
35 82 0.156
35 83 0.148
35 85 0.088
35 87 0.16
35 92 0.148
35 97 0.187
35 99 0.138
36 77 0.868
36 51 0.551
36 78 0.809
36 64 0.097
36 40 0.134
36 47 0.596
36 59 0.107
36 62 0.642
36 74 0.145
36 49 0.214
36 66 0.12
36 96 0.155
36 38 0.125
36 39 0.06
36 46 0.14
36 61 0.101
36 69 0.132
36 82 0.151
36 41 0.163
36 48 0.128
36 55 0.152
36 60 0.107
36 65 0.159
36 70 0.169
36 73 0.16
36 75 0.126
36 79 0.096
36 80 0.11
36 83 0.153
36 91 0.132
36 97 0.109
36 98 0.087
37 61 0.781
37 79 0.873
37 76 0.999
37 92 0.841
37 77 0.908
37 88 0.633
37 72 0.666
37 82 0.364
37 60 0.297
37 89 0.163
37 42 0.322
37 95 0.12
37 39 0.481
37 45 0.123
37 57 0.186
37 80 0.219
37 62 0.158
37 51 0.287
37 52 0.089
37 54 0.256
37 56 0.048
37 68 0.241
37 83 0.097
37 97 0.11
37 38 0.124
37 40 0.154
37 41 0.216
37 43 0.192
37 44 0.169
37 49 0.122
37 53 0.083
37 55 0.151
37 58 0.149
37 59 0.156
37 65 0.199
37 66 0.118
37 67 0.158
37 71 0.226
37 73 0.155
37 75 0.13
37 84 0.115
37 85 0.176
37 86 0.133
37 91 0.176
37 94 0.143
37 98 0.179
37 99 0.171
38 91 0.955
38 95 0.837
38 92 1
38 73 0.73
38 55 0.225
38 85 0.189
38 57 0.403
38 60 0.157
38 66 0.048
38 99 0.34
38 39 0.174
38 50 0.08
38 61 0.186
38 68 0.146
38 69 0.132
38 75 0.046
38 77 0.167
38 80 0.183
38 81 0.07
38 82 0.147
38 93 0.161
38 41 0.14
38 42 0.134
38 45 0.123
38 47 0.115
38 51 0.18
38 52 0.17
38 53 0.105
38 56 0.207
38 59 0.091
38 62 0.137
38 63 0.165
38 64 0.097
38 70 0.098
38 72 0.218
38 74 0.114
38 76 0.15
38 78 0.178
38 86 0.086
38 88 0.101
38 89 0.206
38 90 0.168
38 97 0.173
38 98 0.193
39 52 0.816
39 47 1
39 45 0.715
39 43 0.457
39 89 0.117
39 49 0.207
39 75 0.057
39 79 0.425
39 41 0.112
39 44 0.193
39 48 0.231
39 53 0.164
39 54 0.18
39 57 0.363
39 62 0.213
39 65 0.15
39 68 0.164
39 69 0.137
39 71 0.148
39 74 0.203
39 76 0.211
39 81 0.14
39 88 0.017
39 40 0.163
39 50 0.163
39 55 0.172
39 56 0.137
39 59 0.206
39 60 0.198
39 63 0.16
39 66 0.143
39 72 0.157
39 80 0.133
39 82 0.146
39 84 0.184
39 86 0.16
39 87 0.143
39 95 0.162
39 97 0.164
39 99 0.185
40 90 0.663
40 73 0.656
40 51 0.428
40 52 0.529
40 89 0.484
40 82 0.489
40 44 0.149
40 95 0.16
40 97 0.168
40 66 0.015
40 84 0.264
40 94 0.433
40 41 0.193
40 43 0.116
40 49 0.177
40 55 0.097
40 69 0.173
40 75 0.215
40 77 0.19
40 78 0.277
40 88 0.087
40 45 0.173
40 47 0.122
40 56 0.125
40 59 0.153
40 63 0.12
40 64 0.153
40 70 0.121
40 71 0.173
40 74 0.186
40 76 0.166
40 80 0.168
40 81 0.106
40 83 0.181
40 86 0.141
40 96 0.159
41 64 1
41 76 1
41 71 0.939
41 69 0.537
41 77 0.585
41 74 0.097
41 46 0.304
41 55 0.147
41 68 0.566
41 72 0.081
41 96 0.131
41 43 0.136
41 52 0.131
41 57 0.289
41 85 0.176
41 87 0.061
41 90 0.251
41 42 0.196
41 48 0.158
41 54 0.092
41 56 0.141
41 58 0.149
41 59 0.155
41 65 0.164
41 66 0.148
41 70 0.109
41 73 0.148
41 75 0.122
41 84 0.13
41 93 0.146
41 95 0.154
41 98 0.134
41 99 0.156
42 55 0.992
42 61 0.752
42 49 0.45
42 68 0.773
42 45 0.408
42 52 0.509
42 94 0.813
42 95 0.332
42 81 0.08
42 82 0.076
42 48 0.24
42 88 0.567
42 89 0.246
42 44 0.228
42 54 0.16
42 60 0.107
42 62 0.135
42 73 0.24
42 74 0.249
42 76 0.061
42 78 0.009
42 79 0.156
42 85 0.078
42 92 0.201
42 96 0.105
42 50 0.194
42 51 0.184
42 53 0.118
42 56 0.184
42 63 0.196
42 65 0.147
42 70 0.193
42 75 0.107
42 84 0.147
42 91 0.153
42 93 0.15
42 98 0.134
42 99 0.169
43 71 0.95
43 61 1
43 90 0.99
43 60 1
43 96 0.555
43 64 0.484
43 78 0.332
43 88 0.42
43 97 0.08
43 56 0.254
43 81 0.141
43 87 0.261
43 47 0.058
43 52 0.045
43 53 0.262
43 65 0.342
43 67 0.271
43 72 0.249
43 82 0.054
43 83 0.058
43 84 0.133
43 44 0.144
43 49 0.161
43 51 0.155
43 62 0.117
43 68 0.153
43 73 0.19
43 79 0.162
43 80 0.152
43 95 0.184
44 76 1
44 88 0.925
44 58 0.356
44 97 0.295
44 53 0.212
44 80 0.21
44 54 0.205
44 57 0.105
44 63 0.153
44 66 0.209
44 68 0.054
44 69 0.134
44 73 0.232
44 75 0.078
44 78 0.333
44 83 0.14
44 85 0.109
44 91 0.148
44 45 0.102
44 47 0.181
44 49 0.113
44 50 0.144
44 52 0.155
44 60 0.187
44 62 0.171
44 65 0.118
44 67 0.202
44 71 0.142
44 77 0.096
44 79 0.168
44 82 0.133
44 87 0.128
44 93 0.163
44 94 0.172
44 98 0.159
45 52 0.952
45 87 0.571
45 47 0.881
45 98 0.643
45 93 0.375
45 50 0.117
45 61 0.301
45 64 0.051
45 83 0.073
45 54 0.041
45 57 0.146
45 66 0.074
45 67 0.25
45 74 0.329
45 84 0.162
45 48 0.06
45 56 0.154
45 62 0.146
45 63 0.158
45 69 0.149
45 70 0.151
45 75 0.165
45 79 0.149
45 81 0.159
45 82 0.154
45 86 0.181
45 89 0.116
45 92 0.173
45 95 0.14
45 97 0.143
45 99 0.161
46 68 0.77
46 63 0.62
46 56 0.92
46 88 0.709
46 72 0.39
46 49 0.698
46 51 0.092
46 87 0.7
46 57 0.079
46 60 0.147
46 86 0.095
46 89 0.113
46 94 0.236
46 52 0.107
46 53 0.123
46 55 0.271
46 66 0.248
46 67 0.129
46 78 0.188
46 83 0.065
46 93 0.104
46 48 0.13
46 54 0.118
46 58 0.11
46 65 0.142
46 74 0.17
46 81 0.161
46 84 0.168
46 95 0.112
46 97 0.155
46 98 0.155
46 99 0.141
47 91 0.974
47 82 0.852
47 98 0.45
47 93 1.0
47 63 0.635
47 84 0.849
47 52 0.739
47 94 0.138
47 56 0.251
47 83 0.112
47 50 0.224
47 75 0.251
47 57 0.132
47 62 0.242
47 51 0.155
47 53 0.098
47 55 0.144
47 61 0.152
47 66 0.165
47 70 0.129
47 74 0.156
47 76 0.167
47 78 0.14
47 79 0.169
47 81 0.093
47 85 0.19
47 90 0.106
47 92 0.177
47 95 0.163
47 96 0.119
47 99 0.171
48 86 0.897
48 78 1
48 79 0.166
48 96 0.015
48 49 0.262
48 62 0.238
48 71 0.104
48 73 0.143
48 87 0.378
48 88 0.161
48 90 0.034
48 50 0.203
48 56 0.09
48 58 0.219
48 59 0.182
48 65 0.059
48 69 0.34
48 76 0.195
48 91 0.188
48 95 0.141
48 54 0.139
48 55 0.166
48 57 0.179
48 61 0.226
48 63 0.146
48 72 0.141
48 74 0.162
48 77 0.198
48 80 0.153
48 94 0.146
48 97 0.165
49 58 0.906
49 81 0.405
49 95 0.112
49 97 0.148
49 82 0.322
49 85 0.292
49 90 0.163
49 60 0.046
49 62 0.113
49 78 0.275
49 80 0.345
49 92 0.109
49 50 0.132
49 51 0.179
49 53 0.167
49 56 0.147
49 61 0.144
49 64 0.183
49 70 0.19
49 71 0.121
49 73 0.152
49 74 0.155
49 75 0.2
49 76 0.165
49 79 0.194
49 84 0.161
49 86 0.133
49 87 0.193
49 96 0.163
49 99 0.121
50 66 1
50 83 0.757
50 76 1
50 88 0.607
50 78 0.007
50 96 0.153
50 56 0.026
50 55 0.067
50 63 0.051
50 70 0.186
50 73 0.395
50 81 0.191
50 84 0.085
50 93 0.22
50 94 0.138
50 98 0.114
50 54 0.18
50 58 0.153
50 60 0.132
50 62 0.106
50 74 0.124
50 75 0.119
50 79 0.181
50 85 0.133
50 89 0.1
50 90 0.165
51 87 0.941
51 70 0.16
51 52 0.372
51 78 0.083
51 97 0.191
51 74 0.183
51 95 0.2
51 66 0.209
51 83 0.12
51 89 0.179
51 98 0.158
51 53 0.143
51 55 0.14
51 57 0.095
51 60 0.134
51 61 0.132
51 67 0.164
51 72 0.172
51 75 0.106
51 79 0.149
51 80 0.17
51 85 0.198
51 86 0.177
51 88 0.156
51 90 0.181
51 92 0.095
51 96 0.148
51 99 0.217
52 87 0.751
52 58 0.556
52 98 0.919
52 63 0.174
52 72 0.043
52 85 0.31
52 88 0.22
52 97 0.062
52 62 0.248
52 71 0.188
52 84 0.039
52 86 0.007
52 92 0.135
52 96 0.017
52 59 0.125
52 60 0.153
52 61 0.134
52 65 0.1
52 68 0.175
52 70 0.138
52 74 0.154
52 75 0.173
52 76 0.167
52 77 0.129
52 78 0.133
52 79 0.163
52 80 0.117
52 81 0.157
52 83 0.152
52 89 0.137
52 94 0.141
52 95 0.162
52 99 0.131
53 85 0.977
53 95 0.836
53 81 0.997
53 86 0.844
53 65 0.36
53 55 0.098
53 64 0.188
53 58 0.168
53 69 0.218
53 74 0.291
53 90 0.024
53 54 0.122
53 57 0.113
53 60 0.164
53 62 0.146
53 66 0.149
53 68 0.132
53 70 0.15
53 71 0.164
53 75 0.136
53 80 0.185
53 87 0.198
53 88 0.126
53 89 0.155
53 91 0.183
53 93 0.117
53 98 0.172
54 82 0.645
54 69 0.585
54 84 1
54 59 0.859
54 88 0.403
54 68 0.152
54 89 0.258
54 98 0.09
54 70 0.235
54 73 0.232
54 79 0.031
54 96 0.188
54 57 0.18
54 58 0.148
54 60 0.112
54 61 0.142
54 65 0.187
54 71 0.146
54 72 0.152
54 75 0.158
54 80 0.158
54 85 0.201
54 86 0.136
54 90 0.132
54 92 0.2
54 93 0.181
54 94 0.164
54 99 0.153
55 58 0.589
55 89 0.831
55 70 0.252
55 74 0.606
55 84 0.321
55 86 0.144
55 59 0.163
55 63 0.239
55 65 0.118
55 66 0.165
55 67 0.19
55 73 0.108
55 75 0.273
55 79 0.28
55 90 0.14
55 57 0.172
55 60 0.16
55 61 0.108
55 62 0.103
55 64 0.186
55 68 0.175
55 71 0.135
55 76 0.123
55 77 0.161
55 85 0.156
55 87 0.126
55 91 0.168
55 98 0.127
56 96 1
56 78 0.836
56 77 0.966
56 57 0.107
56 69 0.147
56 67 0.211
56 81 0.14
56 62 0.161
56 63 0.177
56 70 0.321
56 74 0.217
56 83 0.109
56 88 0.323
56 98 0.267
56 59 0.18
56 60 0.158
56 61 0.174
56 64 0.108
56 66 0.131
56 71 0.135
56 72 0.1
56 76 0.088
56 84 0.152
56 87 0.128
56 91 0.155
56 93 0.146
56 95 0.179
56 97 0.139
56 99 0.164
57 89 0.054
57 77 0.208
57 58 0.301
57 81 0.069
57 59 0.111
57 74 0.052
57 82 0.04
57 85 0.191
57 92 0.144
57 61 0.204
57 62 0.136
57 65 0.146
57 67 0.174
57 69 0.163
57 70 0.129
57 71 0.16
57 75 0.119
57 76 0.175
57 78 0.166
57 79 0.153
57 87 0.127
57 88 0.153
57 93 0.123
57 95 0.141
57 98 0.154
58 65 1
58 74 0.191
58 85 0.144
58 68 0.073
58 89 0.227
58 90 0.003
58 93 0.215
58 63 0.3
58 71 0.142
58 78 0.102
58 92 0.268
58 61 0.12
58 62 0.174
58 64 0.158
58 67 0.148
58 69 0.128
58 76 0.179
58 77 0.173
58 82 0.134
58 86 0.109
58 87 0.121
58 88 0.164
58 91 0.165
58 94 0.12
58 95 0.132
58 98 0.156
58 99 0.153
59 80 0.89
59 70 0.615
59 77 0.831
59 62 0.755
59 73 0.143
59 68 0.125
59 72 0.235
59 69 0.024
59 79 0.112
59 83 0.043
59 86 0.094
59 97 0.3
59 98 0.079
59 63 0.155
59 65 0.065
59 67 0.137
59 71 0.113
59 74 0.164
59 75 0.177
59 76 0.144
59 78 0.165
59 87 0.069
59 90 0.13
59 91 0.104
59 92 0.15
59 93 0.156
59 96 0.176
60 81 0.739
60 72 1
60 85 0.768
60 80 0.457
60 91 0.687
60 77 0.203
60 79 0.254
60 83 0.208
60 94 0.119
60 98 0.315
60 69 0.018
60 73 0.096
60 62 0.145
60 64 0.163
60 65 0.156
60 67 0.193
60 76 0.125
60 82 0.132
60 84 0.169
60 86 0.13
60 88 0.16
60 89 0.136
60 90 0.158
60 92 0.076
60 95 0.124
60 96 0.147
60 99 0.167
61 92 0.544
61 98 0.833
61 72 0.73
61 94 1
61 62 0.42
61 87 0.095
61 97 0.277
61 67 0.204
61 73 0.057
61 81 0.142
61 86 0.154
61 63 0.149
61 64 0.175
61 66 0.169
61 68 0.15
61 71 0.116
61 75 0.167
61 76 0.166
61 77 0.168
61 79 0.156
61 88 0.116
61 95 0.093
61 96 0.097
62 90 0.92
62 73 0.614
62 93 0.911
62 83 0.024
62 78 0.175
62 64 0.142
62 76 0.243
62 82 0.279
62 85 0.201
62 95 0.2
62 63 0.171
62 67 0.149
62 70 0.137
62 74 0.146
62 79 0.146
62 80 0.106
62 81 0.129
62 86 0.109
62 87 0.165
62 92 0.19
62 94 0.154
62 99 0.144
63 69 0.817
63 85 0.56
63 87 0.554
63 92 0.24
63 64 0.258
63 65 0.156
63 72 0.308
63 81 0.084
63 84 0.092
63 88 0.134
63 96 0.179
63 66 0.101
63 73 0.167
63 74 0.183
63 75 0.167
63 82 0.204
63 83 0.21
63 89 0.146
63 94 0.176
63 98 0.186
63 99 0.145
64 71 0.75
64 88 0.816
64 76 0.218
64 89 0.402
64 74 0.134
64 91 0.078
64 95 0.229
64 84 0.427
64 99 0.279
64 66 0.268
64 69 0.059
64 70 0.328
64 72 0.337
64 73 0.095
64 87 0.016
64 90 0.002
64 93 0.259
64 67 0.096
64 78 0.166
64 80 0.109
64 82 0.116
64 83 0.163
64 85 0.161
64 92 0.175
64 94 0.196
64 96 0.141
64 98 0.158
65 71 1
65 96 0.904
65 85 0.615
65 74 0.529
65 67 0.284
65 92 0.081
65 76 0.185
65 91 0.185
65 95 0.153
65 69 0.233
65 70 0.157
65 72 0.227
65 77 0.162
65 97 0.167
65 99 0.341
65 66 0.118
65 68 0.159
65 78 0.138
65 83 0.158
65 84 0.141
65 86 0.201
65 89 0.12
65 94 0.095
65 98 0.153
66 70 0.606
66 99 0.159
66 69 0.421
66 71 0.144
66 81 0.292
66 83 0.484
66 85 0.182
66 96 0.049
66 68 0.268
66 72 0.204
66 73 0.076
66 94 0.256
66 76 0.164
66 78 0.188
66 80 0.172
66 82 0.149
66 86 0.159
66 90 0.162
67 82 1
67 77 0.649
67 73 0.362
67 78 0.522
67 68 0.218
67 86 0.08
67 69 0.133
67 70 0.195
67 80 0.224
67 83 0.225
67 91 0.277
67 95 0.025
67 99 0.068
67 74 0.128
67 75 0.138
67 81 0.15
67 84 0.156
67 96 0.208
68 78 0.666
68 80 0.221
68 94 0.236
68 95 0.526
68 79 0.073
68 89 0.089
68 69 0.15
68 70 0.137
68 75 0.173
68 81 0.14
68 86 0.192
68 87 0.145
68 90 0.134
68 91 0.179
68 93 0.14
68 96 0.144
69 89 0.886
69 78 0.451
69 92 0.1
69 76 0.111
69 79 0.311
69 91 0.042
69 72 0.236
69 77 0.102
69 83 0.081
69 85 0.371
69 93 0.188
69 94 0.067
69 98 0.131
69 70 0.181
69 71 0.169
69 73 0.177
69 84 0.132
69 86 0.166
69 87 0.15
69 97 0.156
70 87 1
70 90 0.576
70 97 0.367
70 73 0.108
70 78 0.076
70 92 0.242
70 96 0.136
70 74 0.037
70 76 0.132
70 80 0.109
70 88 0.333
70 91 0.202
70 99 0.212
70 72 0.207
70 75 0.152
70 82 0.157
70 83 0.134
70 85 0.177
70 86 0.167
70 98 0.128
71 79 0.225
71 82 0.136
71 84 0.148
71 90 0.047
71 93 0.099
71 98 0.071
71 76 0.144
71 89 0.14
71 91 0.137
71 92 0.17
71 99 0.106
72 76 0.921
72 91 0.763
72 93 0.203
72 87 0.133
72 79 0.301
72 80 0.169
72 85 0.132
72 86 0.315
72 95 0.128
72 74 0.082
72 75 0.163
72 77 0.078
72 78 0.159
72 81 0.175
72 83 0.163
72 88 0.154
72 90 0.171
72 94 0.141
72 96 0.19
72 98 0.15
72 99 0.09
73 99 0.929
73 91 0.65
73 86 0.252
73 81 0.162
73 89 0.399
73 74 0.181
73 75 0.07
73 84 0.187
73 85 0.176
73 92 0.176
73 95 0.151
73 97 0.116
73 98 0.181
74 82 0.06
74 78 0.213
74 85 0.183
74 97 0.215
74 75 0.183
74 79 0.209
74 88 0.112
74 77 0.21
74 81 0.126
74 87 0.141
74 94 0.135
74 99 0.162
75 76 0.555
75 89 0.22
75 77 0.307
75 83 0.195
75 78 0.137
75 81 0.159
75 82 0.225
75 84 0.291
75 88 0.278
75 95 0.089
75 96 0.163
75 79 0.199
75 85 0.159
75 90 0.211
75 92 0.141
75 94 0.197
75 97 0.165
75 98 0.131
76 77 0.797
76 96 0.352
76 99 0.11
76 80 0.209
76 84 0.178
76 90 0.229
76 94 0.125
76 78 0.187
76 79 0.158
76 81 0.117
76 89 0.106
77 80 0.872
77 98 0.316
77 99 0.167
77 83 0.291
77 87 0.103
77 78 0.192
77 79 0.185
77 81 0.115
77 86 0.124
77 90 0.126
77 91 0.123
77 92 0.15
77 93 0.176
77 95 0.15
78 99 1
78 91 1
78 82 0.933
78 86 0.643
78 95 0.618
78 94 0.072
78 79 0.135
78 80 0.122
78 92 0.336
78 93 0.092
78 97 0.095
78 84 0.12
78 85 0.187
78 87 0.189
78 89 0.192
78 98 0.202
79 98 0.149
79 91 0.051
79 96 0.179
79 80 0.068
79 82 0.131
79 83 0.234
79 88 0.15
79 84 0.135
79 90 0.151
79 93 0.148
79 95 0.143
79 97 0.15
79 99 0.188
80 83 0.666
80 96 0.968
80 95 0.325
80 98 0.093
80 82 0.18
80 88 0.11
80 89 0.113
80 91 0.15
80 92 0.17
80 99 0.16
81 90 1
81 98 0.152
81 96 0.176
81 86 0.149
81 88 0.171
81 89 0.202
81 91 0.19
81 93 0.176
81 95 0.199
81 97 0.169
82 98 0.749
82 85 0.484
82 95 0.31
82 97 0.055
82 84 0.252
82 89 0.171
82 90 0.148
82 91 0.202
82 93 0.166
82 96 0.181
83 86 0.217
83 87 0.088
83 84 0.218
83 85 0.195
83 89 0.161
83 90 0.139
83 91 0.122
83 95 0.132
83 97 0.155
83 98 0.16
84 91 0.568
84 93 1
84 89 0.779
84 90 0.178
84 86 0.068
84 95 0.088
84 92 0.172
84 94 0.147
84 98 0.154
85 88 0.872
85 86 0.177
85 90 0.123
85 94 0.129
85 97 0.063
85 92 0.175
85 95 0.141
85 96 0.161
86 90 0.127
86 87 0.102
86 89 0.119
86 92 0.09
86 99 0.15
87 95 0.766
87 99 0.113
87 96 0.162
87 98 0.152
87 88 0.125
87 90 0.166
87 92 0.132
88 93 0.978
88 94 0.466
88 95 0.164
88 89 0.121
88 90 0.118
88 91 0.157
88 96 0.171
88 98 0.175
89 94 0.188
89 93 0.132
89 96 0.085
89 98 0.051
89 90 0.126
89 91 0.183
89 95 0.185
90 92 0.999
90 91 0.332
90 98 0.139
90 99 0.115
90 94 0.112
90 95 0.144
91 96 0.056
91 99 0.207
91 92 0.184
91 93 0.117
92 99 0.335
92 97 0.149
93 99 0.192
93 97 0.13
93 98 0.13
94 98 0.086
94 96 0.18
94 97 0.125
94 99 0.144
95 96 0.624
95 99 0.079
95 97 0.176
95 98 0.14
96 99 0.801
96 98 0.082
97 99 0.058
97 98 0.158
98 99 0.108
