0 75 1
0 9 1
0 49 1
0 31 0.694
0 42 1
0 34 0.727
0 15 0.517
0 60 0.01
0 29 0.043
0 32 0.021
0 62 0.232
0 77 0.235
0 2 0.144
0 3 0.226
0 17 0.034
0 24 0.059
0 36 0.07
0 64 0.044
0 69 0.153
0 76 0.246
0 90 0.154
0 14 0.117
0 20 0.167
0 21 0.123
0 23 0.141
0 28 0.205
0 47 0.14
0 52 0.112
0 58 0.121
0 65 0.153
0 68 0.178
0 72 0.142
0 85 0.169
0 87 0.124
0 88 0.141
0 92 0.132
0 94 0.174
0 95 0.15
0 96 0.146
1 51 0.83
1 75 0.616
1 54 0.588
1 39 0.78
1 4 0.045
1 81 0.207
1 6 0.305
1 7 0.143
1 22 0.211
1 29 0.306
1 38 0.221
1 45 0.238
1 61 0.349
1 5 0.25
1 8 0.162
1 20 0.086
1 31 0.261
1 46 0.236
1 64 0.169
1 97 0.29
1 23 0.178
1 24 0.118
1 28 0.184
1 32 0.167
1 47 0.138
1 48 0.229
1 50 0.119
1 58 0.14
1 66 0.154
1 73 0.193
1 90 0.131
1 92 0.199
1 93 0.16
1 94 0.141
1 95 0.111
1 98 0.168
2 69 0.585
2 4 0.963
2 24 0.882
2 44 0.879
2 55 0.721
2 81 0.731
2 21 0.101
2 29 0.656
2 43 0.126
2 84 0.181
2 85 0.122
2 20 0.279
2 7 0.09
2 64 0.158
2 75 0.094
2 97 0.159
2 99 0.146
2 5 0.136
2 9 0.077
2 10 0.199
2 11 0.139
2 13 0.15
2 30 0.114
2 34 0.119
2 42 0.106
2 45 0.18
2 48 0.097
2 54 0.159
2 56 0.186
2 57 0.167
2 62 0.154
2 70 0.128
2 76 0.166
2 80 0.174
2 86 0.099
2 89 0.168
2 98 0.14
3 47 0.917
3 36 1
3 16 0.601
3 9 0.846
3 65 0.86
3 28 0.199
3 51 0.724
3 21 0.423
3 10 0.163
3 23 0.13
3 30 0.251
3 53 0.159
3 88 0.101
3 5 0.275
3 8 0.442
3 29 0.224
3 35 0.261
3 52 0.178
3 57 0.158
3 4 0.177
3 6 0.19
3 7 0.152
3 13 0.163
3 15 0.197
3 18 0.126
3 26 0.162
3 33 0.173
3 41 0.142
3 54 0.208
3 61 0.171
3 62 0.113
3 70 0.156
3 71 0.129
3 73 0.165
3 76 0.12
3 81 0.191
3 85 0.143
3 93 0.207
3 94 0.146
3 99 0.169
4 48 0.617
4 56 0.897
4 9 0.254
4 25 0.635
4 83 0.443
4 35 0.142
4 40 0.491
4 67 0.315
4 10 0.332
4 15 0.28
4 20 0.448
4 21 0.024
4 34 0.256
4 36 0.231
4 86 0.091
4 98 0.275
4 5 0.146
4 13 0.396
4 23 0.142
4 29 0.187
4 31 0.191
4 62 0.145
4 69 0.198
4 81 0.169
4 84 0.101
4 6 0.118
4 18 0.132
4 19 0.188
4 22 0.119
4 26 0.197
4 28 0.111
4 30 0.081
4 32 0.129
4 41 0.096
4 42 0.114
4 47 0.087
4 58 0.128
4 71 0.185
4 75 0.132
4 79 0.16
4 88 0.118
4 91 0.164
4 95 0.137
4 99 0.156
5 26 0.573
5 6 0.1
5 47 0.333
5 76 0.171
5 43 0.316
5 68 0.311
5 72 0.256
5 77 0.214
5 93 0.13
5 98 0.171
5 13 0.271
5 35 0.145
5 57 0.164
5 63 0.154
5 14 0.249
5 16 0.156
5 22 0.279
5 38 0.065
5 44 0.148
5 51 0.089
5 52 0.164
5 64 0.419
5 86 0.167
5 7 0.143
5 17 0.132
5 19 0.124
5 20 0.126
5 21 0.176
5 23 0.113
5 27 0.178
5 29 0.202
5 31 0.116
5 33 0.185
5 37 0.117
5 45 0.102
5 48 0.225
5 50 0.102
5 56 0.141
5 70 0.2
5 71 0.177
5 75 0.127
5 81 0.219
5 84 0.118
5 85 0.106
6 15 1
6 26 0.969
6 74 0.716
6 19 0.618
6 95 0.611
6 87 0.764
6 16 0.489
6 39 0.025
6 72 0.191
6 81 0.114
6 85 0.22
6 13 0.236
6 36 0.092
6 46 0.174
6 61 0.181
6 94 0.186
6 21 0.161
6 23 0.052
6 29 0.133
6 35 0.31
6 53 0.088
6 55 0.218
6 57 0.078
6 63 0.112
6 83 0.176
6 88 0.12
6 11 0.111
6 12 0.083
6 22 0.153
6 31 0.143
6 40 0.146
6 45 0.148
6 47 0.168
6 50 0.126
6 70 0.139
6 77 0.136
6 78 0.202
6 79 0.162
6 90 0.136
6 91 0.144
7 59 1
7 82 0.551
7 62 0.825
7 21 1
7 26 1
7 14 0.305
7 18 0.269
7 99 0.181
7 61 0.233
7 91 0.157
7 92 0.316
7 38 0.348
7 56 0.21
7 66 0.219
7 67 0.203
7 71 0.158
7 76 0.132
7 77 0.196
7 17 0.185
7 22 0.146
7 31 0.212
7 32 0.147
7 33 0.22
7 34 0.098
7 36 0.153
7 48 0.134
7 49 0.147
7 53 0.184
7 55 0.162
7 57 0.104
7 69 0.145
7 72 0.161
7 73 0.143
7 83 0.137
7 84 0.139
7 88 0.152
7 98 0.124
8 15 0.987
8 52 0.566
8 87 1
8 66 0.893
8 25 0.777
8 99 1
8 49 0.137
8 57 0.217
8 72 0.273
8 88 0.26
8 11 0.349
8 61 0.275
8 79 0.057
8 90 0.104
8 17 0.148
8 19 0.169
8 24 0.052
8 31 0.198
8 43 0.248
8 47 0.137
8 73 0.052
8 9 0.196
8 13 0.151
8 23 0.133
8 27 0.155
8 28 0.1
8 32 0.116
8 34 0.139
8 53 0.117
8 59 0.151
8 78 0.166
8 81 0.172
8 83 0.144
8 86 0.113
8 89 0.171
8 91 0.136
9 81 0.644
9 54 0.534
9 51 0.637
9 22 0.673
9 69 0.593
9 49 0.62
9 67 0.707
9 80 0.171
9 96 0.71
9 86 0.066
9 30 0.255
9 19 0.151
9 39 0.134
9 47 0.179
9 59 0.243
9 71 0.105
9 74 0.091
9 75 0.204
9 88 0.214
9 11 0.147
9 13 0.092
9 14 0.164
9 23 0.136
9 31 0.113
9 32 0.177
9 33 0.134
9 35 0.154
9 36 0.136
9 56 0.18
9 57 0.147
9 77 0.135
9 92 0.09
9 94 0.182
9 98 0.179
10 12 0.646
10 74 0.994
10 31 0.704
10 79 0.951
10 14 0.97
10 35 0.887
10 19 0.918
10 39 0.142
10 57 0.438
10 59 0.045
10 85 0.235
10 91 0.082
10 22 0.18
10 28 0.596
10 26 0.165
10 27 0.286
10 29 0.134
10 40 0.152
10 42 0.277
10 44 0.206
10 47 0.178
10 86 0.124
10 95 0.135
10 96 0.092
10 97 0.244
10 18 0.178
10 20 0.166
10 48 0.116
10 52 0.163
10 58 0.12
10 64 0.135
10 68 0.165
10 70 0.167
10 71 0.135
10 72 0.185
10 73 0.157
10 80 0.182
10 81 0.14
11 96 1
11 12 0.89
11 79 0.807
11 89 0.943
11 86 0.352
11 36 0.12
11 55 0.283
11 57 0.336
11 80 0.396
11 99 0.109
11 15 0.254
11 38 0.272
11 92 0.24
11 70 0.135
11 77 0.06
11 83 0.173
11 18 0.116
11 19 0.159
11 21 0.149
11 23 0.141
11 27 0.163
11 28 0.167
11 52 0.121
11 54 0.159
11 67 0.154
11 71 0.116
11 73 0.176
11 84 0.21
11 87 0.137
11 91 0.15
11 97 0.159
11 98 0.118
12 29 0.698
12 99 0.933
12 16 0.871
12 88 0.984
12 53 0.1
12 20 0.203
12 26 0.167
12 79 0.07
12 90 0.221
12 34 0.056
12 45 0.028
12 61 0.115
12 62 0.227
12 69 0.13
12 70 0.213
12 13 0.206
12 25 0.078
12 28 0.135
12 31 0.067
12 37 0.138
12 39 0.144
12 40 0.112
12 42 0.146
12 48 0.119
12 54 0.17
12 63 0.156
12 64 0.162
12 67 0.133
12 75 0.17
12 76 0.148
12 82 0.098
12 86 0.112
12 89 0.181
12 96 0.198
13 92 0.854
13 27 0.828
13 17 0.032
13 59 0.182
13 33 0.054
13 76 0.065
13 80 0.226
13 22 0.155
13 23 0.203
13 32 0.192
13 37 0.109
13 43 0.086
13 50 0.145
13 79 0.109
13 14 0.234
13 34 0.134
13 35 0.135
13 36 0.153
13 38 0.131
13 41 0.106
13 55 0.149
13 57 0.126
13 68 0.179
13 77 0.164
13 82 0.168
13 83 0.175
13 89 0.132
13 94 0.139
13 96 0.146
13 99 0.13
14 20 0.929
14 23 0.978
14 67 0.678
14 81 0.532
14 17 0.16
14 69 0.252
14 96 0.323
14 82 0.134
14 84 0.457
14 87 0.234
14 24 0.343
14 25 0.34
14 30 0.246
14 36 0.104
14 39 0.218
14 58 0.097
14 60 0.117
14 61 0.095
14 98 0.165
14 99 0.174
14 16 0.169
14 18 0.167
14 42 0.123
14 46 0.115
14 51 0.153
14 62 0.145
14 66 0.147
14 68 0.168
14 72 0.127
14 76 0.161
14 80 0.129
14 86 0.189
14 97 0.198
15 37 0.931
15 95 0.789
15 53 1
15 75 0.574
15 30 0.527
15 78 0.165
15 25 0.072
15 27 0.245
15 16 0.271
15 20 0.143
15 22 0.19
15 38 0.163
15 43 0.314
15 44 0.054
15 49 0.117
15 52 0.197
15 93 0.178
15 94 0.066
15 29 0.155
15 31 0.156
15 55 0.203
15 64 0.167
15 65 0.162
15 66 0.133
15 67 0.117
15 69 0.189
15 85 0.136
15 86 0.15
15 88 0.137
15 90 0.25
15 96 0.17
15 97 0.097
16 17 0.793
16 82 0.854
16 18 0.658
16 76 0.559
16 71 0.843
16 91 0.62
16 22 0.547
16 78 0.141
16 38 0.115
16 96 0.023
16 23 0.144
16 41 0.101
16 47 0.1
16 52 0.148
16 27 0.205
16 28 0.194
16 35 0.152
16 37 0.127
16 44 0.166
16 45 0.135
16 46 0.184
16 56 0.156
16 57 0.102
16 58 0.154
16 62 0.144
16 80 0.177
16 86 0.138
16 92 0.122
16 93 0.146
16 94 0.164
16 98 0.112
17 26 0.954
17 48 0.616
17 71 0.811
17 67 1
17 51 0.972
17 69 0.843
17 27 0.162
17 41 0.762
17 40 0.254
17 97 0.537
17 57 0.114
17 65 0.187
17 19 0.07
17 42 0.287
17 25 0.223
17 83 0.129
17 21 0.117
17 28 0.139
17 29 0.099
17 31 0.137
17 33 0.182
17 35 0.17
17 39 0.187
17 58 0.178
17 59 0.107
17 63 0.166
17 88 0.119
17 90 0.182
17 91 0.179
17 92 0.183
17 95 0.117
17 98 0.174
18 81 0.673
18 28 1
18 31 1
18 65 1
18 94 0.909
18 45 0.919
18 59 0.672
18 60 0.033
18 38 0.012
18 21 0.003
18 36 0.071
18 37 0.27
18 42 0.114
18 52 0.098
18 67 0.175
18 68 0.165
18 40 0.202
18 41 0.154
18 71 0.295
18 79 0.107
18 80 0.14
18 29 0.157
18 30 0.176
18 32 0.134
18 34 0.118
18 43 0.103
18 54 0.14
18 55 0.128
18 66 0.202
18 72 0.158
18 75 0.131
18 91 0.106
18 95 0.119
19 32 0.903
19 46 0.1
19 24 0.363
19 49 0.211
19 35 0.187
19 57 0.079
19 80 0.097
19 73 0.164
19 99 0.078
19 42 0.241
19 50 0.143
19 61 0.179
19 62 0.35
19 91 0.163
19 23 0.113
19 28 0.149
19 36 0.155
19 39 0.077
19 41 0.101
19 44 0.14
19 45 0.22
19 66 0.096
19 82 0.186
19 85 0.121
19 86 0.162
19 87 0.168
19 93 0.104
19 94 0.167
19 98 0.139
20 25 0.185
20 35 0.069
20 50 0.132
20 58 0.174
20 85 0.224
20 87 0.233
20 23 0.126
20 37 0.099
20 51 0.068
20 59 0.224
20 82 0.15
20 83 0.131
20 89 0.213
20 22 0.136
20 44 0.191
20 56 0.136
20 57 0.161
20 62 0.15
20 70 0.169
20 78 0.179
20 80 0.158
20 94 0.182
20 99 0.132
21 70 0.502
21 56 0.712
21 49 0.145
21 78 0.297
21 75 0.418
21 22 0.099
21 34 0.317
21 40 0.085
21 62 0.374
21 71 0.014
21 29 0.246
21 36 0.085
21 46 0.162
21 53 0.342
21 60 0.183
21 86 0.083
21 90 0.169
21 23 0.166
21 27 0.207
21 30 0.174
21 54 0.131
21 63 0.17
21 67 0.115
21 81 0.114
21 83 0.116
21 91 0.15
21 95 0.111
21 96 0.16
22 83 0.83
22 40 1
22 56 0.855
22 29 0.853
22 79 0.648
22 93 0.662
22 60 0.449
22 74 0.206
22 52 0.181
22 25 0.494
22 64 0.402
22 27 0.246
22 36 0.304
22 42 0.097
22 51 0.147
22 69 0.076
22 86 0.326
22 90 0.205
22 96 0.133
22 98 0.141
22 23 0.152
22 44 0.119
22 46 0.129
22 55 0.141
22 65 0.155
22 70 0.15
22 78 0.19
22 82 0.176
22 94 0.153
22 99 0.174
23 79 0.821
23 58 0.687
23 30 0.627
23 24 0.776
23 97 0.748
23 42 0.231
23 39 0.255
23 54 0.204
23 72 0.166
23 94 0.016
23 57 0.167
23 71 0.192
23 80 0.02
23 81 0.183
23 95 0.189
23 26 0.191
23 31 0.148
23 32 0.065
23 35 0.115
23 55 0.144
23 59 0.151
23 74 0.126
23 75 0.178
23 85 0.154
23 88 0.163
23 90 0.153
23 96 0.135
24 73 1
24 74 1
24 86 0.759
24 31 0.831
24 95 0.637
24 28 0.471
24 76 0.69
24 49 0.515
24 61 0.595
24 38 0.525
24 94 0.852
24 36 0.015
24 67 0.242
24 77 0.346
24 33 0.06
24 37 0.18
24 42 0.202
24 70 0.257
24 78 0.023
24 80 0.207
24 82 0.169
24 90 0.177
24 26 0.169
24 29 0.157
24 30 0.134
24 43 0.166
24 48 0.16
24 53 0.148
24 57 0.227
24 63 0.125
24 64 0.118
24 66 0.101
24 72 0.117
24 75 0.173
24 83 0.14
24 89 0.172
24 98 0.174
25 44 0.96
25 57 0.601
25 29 0.582
25 47 0.082
25 48 0.202
25 49 0.348
25 79 0.501
25 81 0.081
25 78 0.031
25 99 0.06
25 30 0.146
25 31 0.108
25 32 0.077
25 53 0.173
25 54 0.135
25 65 0.277
25 73 0.147
25 76 0.206
25 93 0.19
25 26 0.162
25 28 0.135
25 34 0.138
25 38 0.17
25 42 0.173
25 55 0.151
25 61 0.181
25 62 0.131
25 72 0.161
25 77 0.167
25 80 0.128
25 82 0.165
26 75 0.954
26 65 0.844
26 70 0.811
26 51 0.105
26 63 0.141
26 67 0.121
26 92 0.391
26 99 0.235
26 46 0.216
26 47 0.235
26 29 0.282
26 39 0.146
26 62 0.099
26 76 0.087
26 83 0.178
26 90 0.051
26 95 0.278
26 31 0.087
26 32 0.129
26 37 0.156
26 41 0.148
26 42 0.156
26 43 0.125
26 44 0.075
26 45 0.126
26 48 0.156
26 53 0.117
26 71 0.133
26 77 0.197
26 78 0.099
26 79 0.203
26 84 0.162
26 88 0.143
26 97 0.127
27 47 0.413
27 78 0.568
27 42 0.189
27 72 0.217
27 34 0.111
27 38 0.171
27 61 0.175
27 84 0.259
27 30 0.084
27 33 0.213
27 48 0.121
27 58 0.108
27 65 0.171
27 77 0.262
27 80 0.21
27 28 0.15
27 31 0.176
27 37 0.176
27 46 0.15
27 52 0.173
27 54 0.093
27 66 0.177
27 68 0.113
27 70 0.073
27 76 0.178
27 92 0.153
28 86 0.554
28 40 1
28 89 0.841
28 91 0.83
28 30 0.728
28 92 0.42
28 32 0.046
28 33 0.129
28 46 0.203
28 64 0.077
28 72 0.11
28 80 0.093
28 82 0.014
28 34 0.181
28 47 0.116
28 49 0.117
28 51 0.188
28 52 0.164
28 54 0.121
28 57 0.116
28 61 0.125
28 63 0.194
28 76 0.166
28 77 0.158
28 85 0.127
28 90 0.141
28 96 0.119
29 92 0.662
29 90 0.539
29 52 0.632
29 57 0.149
29 50 0.216
29 69 0.214
29 74 0.203
29 75 0.517
29 81 0.178
29 31 0.251
29 32 0.132
29 51 0.136
29 55 0.102
29 59 0.135
29 85 0.142
29 37 0.196
29 41 0.19
29 45 0.153
29 67 0.114
29 73 0.141
29 76 0.155
29 87 0.138
29 93 0.171
29 95 0.185
29 99 0.084
30 54 0.91
30 44 0.633
30 79 0.546
30 65 0.529
30 61 0.316
30 35 0.508
30 50 0.33
30 69 0.105
30 45 0.034
30 58 0.163
30 32 0.191
30 38 0.178
30 55 0.205
30 62 0.133
30 64 0.036
30 67 0.197
30 73 0.146
30 81 0.122
30 98 0.231
30 31 0.135
30 33 0.108
30 34 0.146
30 41 0.181
30 52 0.153
30 53 0.179
30 59 0.169
30 60 0.181
30 66 0.188
30 70 0.214
30 71 0.112
30 76 0.124
30 88 0.125
30 89 0.146
30 92 0.211
30 95 0.143
30 97 0.209
31 50 0.855
31 54 0.698
31 46 0.905
31 49 0.451
31 74 0.523
31 52 0.101
31 45 0.284
31 99 0.193
31 59 0.23
31 61 0.199
31 83 0.188
31 33 0.115
31 39 0.148
31 41 0.22
31 51 0.152
31 58 0.163
31 68 0.121
31 72 0.293
31 78 0.36
31 80 0.131
31 88 0.175
31 96 0.215
31 35 0.129
31 43 0.116
31 47 0.107
31 60 0.173
31 63 0.155
31 71 0.151
31 75 0.194
31 76 0.12
31 77 0.125
31 82 0.141
31 85 0.164
31 98 0.117
32 37 0.653
32 38 0.505
32 73 0.246
32 99 0.296
32 33 0.17
32 57 0.126
32 71 0.069
32 74 0.171
32 97 0.173
32 51 0.053
32 53 0.062
32 66 0.217
32 75 0.202
32 81 0.088
32 85 0.209
32 95 0.11
32 96 0.231
32 36 0.194
32 52 0.127
32 58 0.163
32 60 0.114
32 62 0.1
32 63 0.153
32 68 0.114
32 83 0.148
32 89 0.112
33 73 0.751
33 71 0.793
33 46 0.867
33 90 0.974
33 39 1
33 70 0.99
33 97 0.637
33 37 0.292
33 48 0.114
33 87 0.435
33 36 0.181
33 40 0.278
33 61 0.151
33 34 0.18
33 42 0.169
33 49 0.094
33 50 0.15
33 53 0.19
33 58 0.175
33 59 0.134
33 62 0.149
33 65 0.172
33 66 0.128
33 67 0.2
33 82 0.11
33 86 0.164
33 89 0.205
33 96 0.081
33 98 0.183
33 99 0.194
34 49 0.605
34 86 0.851
34 88 0.905
34 78 0.137
34 95 0.053
34 68 0.23
34 74 0.203
34 75 0.162
34 83 0.44
34 38 0.13
34 40 0.178
34 41 0.143
34 43 0.156
34 45 0.176
34 56 0.174
34 67 0.168
34 70 0.152
34 72 0.162
34 77 0.169
34 79 0.153
34 84 0.14
34 87 0.073
35 46 0.709
35 67 0.809
35 50 0.876
35 69 1
35 41 0.444
35 87 0.169
35 52 0.316
35 62 0.1
35 72 0.367
35 77 0.189
35 58 0.157
35 59 0.158
35 64 0.197
35 95 0.205
35 36 0.128
35 55 0.13
35 70 0.092
35 79 0.069
35 88 0.479
35 92 0.196
35 37 0.123
35 40 0.18
35 42 0.143
35 44 0.115
35 49 0.067
35 63 0.175
35 74 0.183
35 78 0.156
35 82 0.179
35 84 0.139
35 99 0.139
36 81 1
36 65 0.683
36 59 0.67
36 83 0.145
36 96 0.158
36 88 0.134
36 91 0.135
36 37 0.277
36 42 0.332
36 49 0.147
36 62 0.007
36 71 0.13
36 40 0.176
36 47 0.15
36 55 0.184
36 56 0.174
36 57 0.195
36 64 0.132
36 68 0.16
36 73 0.126
36 79 0.098
36 80 0.151
36 86 0.194
36 90 0.161
36 99 0.116
37 38 1
37 74 0.939
37 58 0.957
37 71 0.641
37 69 0.014
37 45 0.101
37 46 0.067
37 50 0.205
37 65 0.074
37 67 0.057
37 87 0.059
37 89 0.155
37 91 0.087
37 96 0.282
37 41 0.14
37 53 0.142
37 55 0.201
37 61 0.132
37 82 0.155
37 97 0.195
37 99 0.149
38 78 0.809
38 75 0.662
38 56 0.508
38 61 0.713
38 53 0.529
38 45 0.691
38 89 0.28
38 48 0.114
38 60 0.267
38 64 0.106
38 83 0.125
38 91 0.036
38 94 0.067
38 49 0.126
38 70 0.126
38 71 0.275
38 96 0.192
38 43 0.226
38 47 0.083
38 57 0.112
38 58 0.103
38 62 0.13
38 67 0.134
38 73 0.118
38 74 0.154
38 80 0.126
38 81 0.159
38 85 0.174
38 88 0.195
39 92 0.802
39 41 0.945
39 90 0.909
39 59 0.99
39 86 0.628
39 73 0.051
39 77 0.237
39 78 0.126
39 95 0.169
39 43 0.135
39 47 0.224
39 49 0.161
39 50 0.174
39 57 0.145
39 64 0.187
39 68 0.172
39 74 0.168
39 82 0.195
39 83 0.186
39 85 0.136
39 88 0.119
39 94 0.134
39 97 0.196
40 73 0.758
40 49 0.828
40 75 0.604
40 96 0.924
40 47 0.796
40 60 0.702
40 51 0.141
40 68 0.074
40 48 0.066
40 76 0.276
40 81 0.146
40 82 0.3
40 86 0.19
40 91 0.127
40 41 0.14
40 44 0.161
40 46 0.15
40 50 0.139
40 56 0.166
40 57 0.19
40 58 0.114
40 59 0.19
40 61 0.149
40 66 0.192
40 71 0.087
40 85 0.137
40 90 0.103
40 94 0.125
40 98 0.145
41 77 0.869
41 60 0.556
41 44 0.114
41 50 0.08
41 71 0.224
41 82 0.323
41 85 0.188
41 68 0.196
41 75 0.119
41 42 0.162
41 48 0.133
41 49 0.11
41 51 0.152
41 55 0.169
41 56 0.155
41 61 0.112
41 66 0.205
41 76 0.144
41 79 0.141
41 83 0.115
41 87 0.14
41 99 0.139
42 69 1
42 52 0.675
42 91 0.2
42 49 0.276
42 58 0.314
42 85 0.243
42 96 0.207
42 43 0.162
42 55 0.128
42 92 0.1
42 98 0.228
42 53 0.074
42 54 0.196
42 59 0.126
42 60 0.186
42 62 0.14
42 75 0.142
42 79 0.12
42 80 0.177
42 83 0.155
42 87 0.127
42 89 0.177
42 99 0.127
43 92 0.708
43 76 0.767
43 46 0.824
43 95 0.852
43 65 0.335
43 50 0.003
43 54 0.194
43 98 0.057
43 62 0.099
43 77 0.103
43 79 0.314
43 81 0.197
43 87 0.258
43 53 0.158
43 59 0.171
43 64 0.122
43 66 0.124
43 68 0.17
43 69 0.189
43 71 0.127
43 80 0.176
43 84 0.12
43 97 0.19
44 47 0.609
44 77 0.593
44 97 0.957
44 56 0.323
44 96 0.45
44 57 0.131
44 86 0.044
44 53 0.234
44 59 0.186
44 76 0.166
44 45 0.137
44 55 0.146
44 61 0.167
44 66 0.148
44 72 0.122
44 73 0.13
44 79 0.166
44 82 0.164
44 83 0.177
44 87 0.097
45 83 0.791
45 98 1
45 84 0.26
45 94 0.241
45 77 0.254
45 90 0.233
45 49 0.06
45 50 0.175
45 51 0.152
45 57 0.103
45 62 0.14
45 63 0.049
45 65 0.28
45 54 0.072
45 56 0.037
45 59 0.18
45 46 0.154
45 48 0.148
45 53 0.096
45 67 0.117
45 68 0.153
45 69 0.198
45 74 0.1
45 92 0.13
45 95 0.179
45 99 0.19
46 89 0.448
46 82 0.285
46 94 0.245
46 59 0.1
46 60 0.327
46 61 0.096
46 69 0.28
46 75 0.214
46 79 0.168
46 88 0.187
46 96 0.207
46 48 0.148
46 74 0.157
46 76 0.109
46 77 0.114
46 90 0.178
46 93 0.141
46 98 0.183
46 99 0.134
47 85 0.698
47 56 0.995
47 73 0.165
47 67 0.219
47 53 0.204
47 80 0.07
47 81 0.171
47 88 0.249
47 92 0.408
47 48 0.128
47 49 0.103
47 51 0.136
47 55 0.112
47 57 0.119
47 59 0.18
47 63 0.143
47 64 0.161
47 66 0.148
47 74 0.227
47 77 0.15
47 79 0.125
47 83 0.062
47 84 0.092
47 90 0.152
48 49 0.231
48 59 0.364
48 52 0.109
48 65 0.123
48 76 0.37
48 60 0.395
48 69 0.216
48 77 0.145
48 90 0.231
48 63 0.126
48 82 0.042
48 83 0.45
48 54 0.094
48 62 0.169
48 64 0.182
48 74 0.168
48 79 0.115
48 84 0.129
48 91 0.15
48 99 0.153
49 93 1
49 57 0.685
49 89 0.901
49 59 0.197
49 67 0.198
49 71 0.118
49 65 0.448
49 81 0.136
49 87 0.236
49 69 0.184
49 72 0.066
49 75 0.175
49 50 0.151
49 56 0.143
49 58 0.15
49 66 0.187
49 73 0.229
49 77 0.108
49 80 0.145
49 86 0.099
49 99 0.139
50 61 0.951
50 60 1
50 63 0.577
50 67 0.18
50 77 0.142
50 51 0.156
50 55 0.141
50 68 0.094
50 96 0.135
50 57 0.105
50 66 0.162
50 71 0.146
50 74 0.199
50 75 0.181
50 79 0.147
50 80 0.127
50 85 0.165
50 93 0.144
50 98 0.183
51 85 1
51 71 0.583
51 76 0.808
51 55 0.631
51 86 0.394
51 64 0.282
51 65 0.35
51 94 0.527
51 66 0.172
51 79 0.214
51 87 0.157
51 93 0.207
51 57 0.104
51 59 0.132
51 67 0.095
51 68 0.15
51 69 0.179
51 72 0.138
51 74 0.13
51 77 0.084
51 80 0.182
51 82 0.15
51 84 0.131
51 92 0.163
52 94 0.71
52 58 0.124
52 75 0.145
52 80 0.256
52 60 0.135
52 74 0.088
52 76 0.085
52 56 0.141
52 57 0.119
52 61 0.09
52 62 0.169
52 72 0.134
52 90 0.135
52 93 0.17
53 62 0.442
53 54 0.033
53 78 0.689
53 60 0.241
53 61 0.102
53 67 0.041
53 95 0.183
53 56 0.111
53 57 0.179
53 65 0.128
53 73 0.107
53 74 0.198
53 69 0.155
53 80 0.125
53 82 0.184
53 86 0.2
53 87 0.198
53 89 0.194
53 93 0.157
53 94 0.153
53 97 0.102
54 90 1
54 84 0.669
54 61 0.016
54 82 0.41
54 99 0.551
54 63 0.029
54 74 0.189
54 78 0.24
54 57 0.091
54 59 0.155
54 65 0.133
54 70 0.153
54 81 0.129
54 89 0.163
54 92 0.17
54 97 0.15
55 93 0.982
55 76 0.91
55 63 0.201
55 80 0.149
55 90 0.282
55 92 0.237
55 99 0.35
55 60 0.241
55 71 0.111
55 77 0.016
55 78 0.143
55 82 0.161
55 95 0.121
55 62 0.107
55 68 0.181
55 72 0.127
55 73 0.094
55 74 0.129
55 81 0.169
55 86 0.17
55 87 0.11
55 91 0.17
55 96 0.205
55 97 0.138
56 99 0.912
56 67 0.961
56 92 0.543
56 60 0.152
56 94 0.268
56 79 0.214
56 87 0.128
56 62 0.138
56 65 0.188
56 75 0.136
56 84 0.177
56 95 0.193
57 59 0.582
57 95 0.824
57 94 0.75
57 64 0.179
57 76 0.112
57 89 0.126
57 92 0.208
57 61 0.138
57 70 0.188
57 96 0.193
57 60 0.132
57 62 0.144
57 65 0.12
57 69 0.166
57 74 0.16
58 66 1
58 91 0.785
58 90 0.691
58 77 0.04
58 67 0.342
58 96 0.056
58 61 0.051
58 68 0.077
58 72 0.148
58 73 0.206
58 78 0.254
58 62 0.161
58 65 0.143
58 74 0.137
58 80 0.149
58 82 0.143
58 85 0.127
58 86 0.181
58 87 0.08
58 94 0.141
59 76 0.915
59 88 0.946
59 61 0.7
59 73 0.114
59 75 0.209
59 86 0.128
59 63 0.251
59 77 0.257
59 79 0.126
59 89 0.257
59 93 0.038
59 65 0.15
59 69 0.125
59 82 0.148
59 83 0.077
59 84 0.134
59 96 0.112
59 97 0.164
60 72 0.692
60 82 0.828
60 94 0.283
60 92 0.116
60 65 0.154
60 75 0.2
60 78 0.219
60 89 0.176
60 98 0.281
60 66 0.196
60 69 0.161
60 70 0.128
60 73 0.137
60 83 0.179
60 96 0.146
60 97 0.149
61 77 0.211
61 88 0.288
61 75 0.123
61 80 0.195
61 99 0.181
61 73 0.111
61 78 0.131
61 79 0.19
61 84 0.189
61 91 0.159
61 93 0.124
61 94 0.126
62 66 0.613
62 71 0.866
62 79 1
62 67 0.954
62 97 0.575
62 88 0.57
62 75 0.185
62 92 0.2
62 82 0.125
62 83 0.208
62 84 0.185
62 63 0.102
62 70 0.116
62 72 0.135
62 81 0.132
63 97 0.2
63 72 0.003
63 85 0.009
63 96 0.188
63 69 0.412
63 82 0.182
63 98 0.131
63 76 0.221
63 77 0.149
63 78 0.098
63 79 0.154
63 83 0.156
63 89 0.158
63 94 0.148
64 75 0.602
64 74 0.093
64 77 0.113
64 95 0.209
64 66 0.177
64 69 0.027
64 70 0.055
64 79 0.035
64 90 0.257
64 98 0.089
64 67 0.171
64 78 0.174
64 80 0.186
64 82 0.167
64 83 0.11
64 84 0.13
64 87 0.111
64 97 0.15
65 79 0.603
65 69 0.697
65 72 0.991
65 94 0.841
65 91 0.556
65 93 0.504
65 70 0.164
65 66 0.188
65 67 0.115
65 71 0.167
65 73 0.177
65 74 0.165
65 76 0.115
65 82 0.135
65 83 0.16
65 89 0.16
65 98 0.088
66 93 0.741
66 73 0.536
66 85 0.164
66 71 0.19
66 94 0.163
66 69 0.063
66 98 0.001
66 70 0.128
66 74 0.147
66 76 0.131
66 82 0.154
66 84 0.132
66 95 0.147
67 99 0.84
67 75 0.76
67 86 0.156
67 77 0.115
67 68 0.244
67 70 0.143
67 98 0.186
67 69 0.086
67 76 0.08
67 82 0.104
67 88 0.085
67 94 0.117
67 97 0.133
68 91 0.792
68 84 0.549
68 83 0.536
68 92 0.123
68 70 0.159
68 85 0.157
68 93 0.167
68 98 0.094
68 87 0.103
68 96 0.168
68 71 0.133
68 74 0.142
68 78 0.143
68 79 0.182
68 82 0.164
68 89 0.115
68 94 0.103
69 85 0.754
69 78 0.616
69 71 0.165
69 83 0.106
69 81 0.096
69 74 0.072
69 75 0.129
69 76 0.167
69 82 0.136
69 84 0.127
69 87 0.161
69 91 0.136
69 92 0.114
69 93 0.113
69 94 0.163
69 99 0.196
70 93 0.758
70 92 0.733
70 73 0.143
70 84 0.138
70 75 0.117
70 82 0.117
70 78 0.139
70 79 0.205
70 80 0.178
70 81 0.14
70 90 0.167
70 98 0.154
71 79 0.821
71 77 0.055
71 97 0.113
71 72 0.21
71 73 0.108
71 86 0.135
71 84 0.203
71 87 0.157
71 95 0.204
71 98 0.208
71 99 0.127
72 76 0.514
72 93 0.802
72 75 0.234
72 78 0.25
72 89 0.208
72 79 0.165
72 82 0.045
72 74 0.161
72 90 0.152
72 91 0.15
72 92 0.123
72 98 0.136
73 89 0.758
73 83 0.152
73 76 0.176
73 77 0.167
73 78 0.164
73 80 0.158
73 91 0.166
73 93 0.113
73 95 0.153
73 96 0.125
74 78 1
74 76 0.731
74 93 0.99
74 81 0.353
74 84 0.095
74 86 0.104
74 92 0.182
74 95 0.121
74 96 0.14
75 99 0.628
75 92 0.676
75 93 0.421
75 77 0.022
75 94 0.349
75 79 0.126
75 86 0.322
75 89 0.166
75 96 0.283
75 98 0.137
75 78 0.147
75 90 0.153
75 95 0.182
76 93 0.729
76 92 0.057
76 86 0.415
76 89 0.225
76 95 0.157
76 96 0.087
76 78 0.159
76 85 0.089
76 90 0.104
77 84 0.81
77 90 0.553
77 80 0.231
77 97 0.171
77 81 0.077
77 91 0.231
77 78 0.183
77 88 0.096
78 80 0.195
78 79 0.055
78 82 0.126
78 88 0.165
78 93 0.128
79 95 0.902
79 94 0.854
79 82 0.604
79 83 0.173
79 97 0.163
79 81 0.122
79 88 0.153
79 92 0.154
79 96 0.18
80 95 0.248
80 84 0.244
80 88 0.159
80 96 0.295
80 83 0.162
80 91 0.14
80 93 0.165
80 94 0.137
81 85 0.408
81 94 0.233
81 84 0.158
81 90 0.174
81 91 0.148
81 97 0.154
82 99 0.86
82 86 0.57
82 94 0.042
82 83 0.161
82 85 0.125
82 87 0.123
82 90 0.143
82 98 0.157
83 90 0.487
83 84 0.128
83 86 0.058
83 99 0.197
83 89 0.174
83 95 0.159
83 97 0.178
84 93 0.092
84 85 0.218
84 94 0.179
84 88 0.164
84 92 0.184
84 95 0.114
84 98 0.087
85 96 0.112
85 91 0.114
86 94 0.847
86 93 0.077
86 97 0.196
86 88 0.291
86 92 0.13
86 87 0.167
86 89 0.157
86 98 0.203
87 95 0.736
87 94 0.647
87 96 0.593
87 92 0.135
87 88 0.212
87 91 0.202
87 90 0.221
87 97 0.209
87 98 0.093
87 99 0.152
88 94 0.312
88 96 0.122
88 97 0.123
88 95 0.142
88 98 0.113
89 98 0.064
89 93 0.097
89 95 0.139
90 99 0.668
90 95 0.145
90 91 0.173
90 96 0.134
90 97 0.163
91 95 0.025
91 94 0.016
91 99 0.164
92 95 0.936
92 99 0.995
92 93 0.159
92 96 0.152
93 95 0.155
93 96 0.124
94 99 1
94 95 0.102
95 98 0.022
95 99 0.203
97 98 0.088
97 99 0.127
