0 16 0.885
0 20 0.512
0 13 0.306
0 31 0.76
0 95 0.504
0 26 0.062
0 46 0.049
0 21 0.175
0 30 0.015
0 37 0.062
0 40 0.176
0 93 0.159
0 27 0.287
0 43 0.223
0 48 0.173
0 52 0.155
0 54 0.03
0 59 0.203
0 69 0.197
0 71 0.243
0 77 0.094
0 80 0.179
0 87 0.277
0 8 0.146
0 10 0.171
0 15 0.178
0 18 0.062
0 22 0.126
0 23 0.163
0 25 0.091
0 28 0.133
0 33 0.17
0 51 0.171
0 58 0.184
0 61 0.191
0 66 0.148
0 67 0.153
0 68 0.163
0 70 0.172
0 75 0.186
0 85 0.119
0 89 0.173
0 90 0.205
0 91 0.124
0 98 0.112
1 64 1
1 60 0.904
1 84 0.886
1 20 0.983
1 14 0.547
1 92 0.125
1 89 0.197
1 25 0.104
1 42 0.022
1 13 0.139
1 30 0.078
1 38 0.161
1 47 0.407
1 81 0.159
1 12 0.063
1 18 0.13
1 19 0.045
1 48 0.151
1 50 0.327
1 54 0.136
1 55 0.01
1 62 0.069
1 66 0.131
1 80 0.264
1 4 0.107
1 5 0.15
1 27 0.137
1 29 0.173
1 36 0.144
1 40 0.113
1 46 0.107
1 51 0.161
1 61 0.154
1 79 0.21
1 91 0.093
2 72 0.816
2 61 0.748
2 4 0.797
2 13 1
2 81 0.68
2 11 0.358
2 28 0.206
2 65 0.032
2 73 0.057
2 14 0.023
2 15 0.171
2 25 0.208
2 41 0.162
2 49 0.14
2 50 0.131
2 58 0.103
2 71 0.114
2 82 0.124
2 89 0.161
2 91 0.211
2 99 0.094
2 7 0.113
2 8 0.094
2 10 0.094
2 17 0.14
2 18 0.145
2 20 0.123
2 21 0.177
2 22 0.121
2 27 0.126
2 35 0.166
2 40 0.157
2 42 0.193
2 51 0.142
2 57 0.084
2 67 0.13
2 84 0.108
2 85 0.109
2 86 0.151
2 88 0.135
2 93 0.154
2 95 0.167
2 96 0.146
3 68 0.619
3 5 0.518
3 6 0.798
3 50 0.382
3 53 0.095
3 59 0.101
3 98 0.324
3 21 0.097
3 64 0.067
3 66 0.133
3 4 0.302
3 7 0.095
3 32 0.378
3 9 0.152
3 12 0.114
3 34 0.156
3 39 0.11
3 52 0.135
3 58 0.328
3 76 0.106
3 97 0.163
3 8 0.151
3 15 0.199
3 25 0.153
3 27 0.186
3 33 0.156
3 37 0.065
3 38 0.138
3 43 0.17
3 47 0.17
3 60 0.203
3 63 0.141
3 70 0.16
3 72 0.215
3 75 0.171
3 81 0.238
3 92 0.11
4 72 0.818
4 6 0.612
4 98 0.92
4 91 0.462
4 65 0.564
4 80 0.124
4 41 0.46
4 8 0.278
4 57 0.349
4 14 0.256
4 48 0.16
4 50 0.114
4 67 0.023
4 19 0.2
4 25 0.002
4 26 0.156
4 36 0.176
4 43 0.141
4 45 0.146
4 51 0.143
4 53 0.083
4 54 0.233
4 58 0.247
4 66 0.06
4 74 0.237
4 93 0.14
4 13 0.122
4 47 0.175
4 68 0.141
4 70 0.161
4 85 0.159
4 89 0.167
4 99 0.175
5 88 0.644
5 63 0.868
5 27 1
5 81 1
5 32 0.183
5 9 0.293
5 47 0.195
5 89 0.088
5 8 0.232
5 44 0.288
5 56 0.116
5 76 0.115
5 78 0.122
5 98 0.119
5 6 0.231
5 13 0.263
5 65 0.167
5 74 0.04
5 75 0.122
5 80 0.222
5 91 0.213
5 97 0.205
5 16 0.236
5 23 0.072
5 28 0.153
5 29 0.185
5 31 0.264
5 34 0.128
5 36 0.255
5 37 0.222
5 41 0.033
5 48 0.099
5 61 0.026
5 93 0.313
5 7 0.118
5 15 0.156
5 18 0.19
5 20 0.118
5 38 0.139
5 40 0.154
5 59 0.152
5 60 0.109
5 62 0.182
5 69 0.095
5 70 0.144
5 72 0.141
5 82 0.096
5 90 0.13
5 94 0.15
5 96 0.137
6 9 1
6 55 0.78
6 26 0.887
6 70 0.727
6 98 0.925
6 51 1
6 11 0.909
6 62 0.946
6 54 0.107
6 42 0.451
6 48 0.145
6 80 0.131
6 13 0.096
6 68 0.005
6 69 0.38
6 81 0.112
6 87 0.232
6 41 0.133
6 10 0.137
6 12 0.116
6 14 0.194
6 22 0.167
6 24 0.185
6 36 0.18
6 38 0.147
6 39 0.139
6 40 0.128
6 47 0.113
6 52 0.202
6 57 0.204
6 58 0.158
6 60 0.143
6 61 0.132
6 65 0.19
6 66 0.155
6 73 0.175
6 78 0.155
6 83 0.13
6 84 0.166
6 85 0.109
6 99 0.185
7 24 0.875
7 41 0.999
7 68 0.949
7 79 0.657
7 93 1
7 22 0.585
7 73 0.045
7 88 0.485
7 57 0.314
7 67 0.055
7 95 0.126
7 12 0.144
7 13 0.172
7 16 0.118
7 23 0.15
7 34 0.137
7 40 0.187
7 44 0.182
7 49 0.353
7 66 0.322
7 81 0.26
7 84 0.155
7 9 0.183
7 18 0.177
7 27 0.126
7 28 0.143
7 35 0.134
7 37 0.143
7 39 0.104
7 48 0.166
7 51 0.132
7 52 0.132
7 54 0.098
7 56 0.136
7 69 0.147
7 70 0.118
7 85 0.109
7 87 0.169
7 89 0.172
7 91 0.184
8 55 0.81
8 67 0.785
8 54 0.811
8 59 0.517
8 81 0.59
8 24 0.793
8 31 1
8 80 0.945
8 51 0.182
8 96 0.504
8 16 0.05
8 17 0.249
8 52 0.308
8 53 0.21
8 65 0.125
8 77 0.091
8 29 0.294
8 32 0.174
8 33 0.178
8 69 0.319
8 78 0.164
8 83 0.064
8 88 0.191
8 90 0.228
8 9 0.133
8 11 0.184
8 12 0.13
8 14 0.188
8 15 0.165
8 21 0.16
8 22 0.128
8 28 0.113
8 36 0.184
8 37 0.158
8 39 0.195
8 44 0.143
8 45 0.147
8 48 0.203
8 50 0.109
8 61 0.195
8 68 0.161
8 76 0.152
8 79 0.137
8 85 0.182
8 91 0.173
8 92 0.123
8 95 0.14
8 97 0.155
9 89 0.999
9 19 0.846
9 69 0.731
9 86 0.609
9 33 1
9 32 0.125
9 91 0.168
9 36 0.053
9 51 0.523
9 13 0.357
9 11 0.135
9 73 0.178
9 82 0.247
9 18 0.048
9 29 0.233
9 35 0.136
9 44 0.226
9 67 0.127
9 75 0.039
9 28 0.126
9 34 0.163
9 47 0.171
9 52 0.179
9 56 0.172
9 64 0.157
9 70 0.119
9 92 0.132
9 93 0.114
9 96 0.108
10 45 0.549
10 48 0.882
10 21 0.624
10 91 0.09
10 32 0.032
10 44 0.137
10 35 0.093
10 50 0.191
10 87 0.098
10 12 0.099
10 15 0.165
10 16 0.133
10 27 0.159
10 36 0.156
10 37 0.151
10 43 0.154
10 51 0.128
10 63 0.148
10 64 0.178
10 68 0.231
10 69 0.188
10 72 0.155
10 74 0.163
10 81 0.129
10 84 0.146
10 85 0.134
10 92 0.133
10 94 0.09
10 99 0.173
11 83 0.819
11 22 0.977
11 31 0.637
11 28 0.235
11 33 0.583
11 76 0.184
11 89 0.015
11 94 0.154
11 18 0.249
11 40 0.305
11 41 0.156
11 42 0.152
11 52 0.227
11 57 0.181
11 70 0.243
11 72 0.192
11 75 0.174
11 77 0.175
11 98 0.284
11 20 0.181
11 23 0.152
11 26 0.201
11 44 0.137
11 54 0.172
11 66 0.172
11 67 0.134
11 73 0.196
11 87 0.153
11 92 0.12
11 93 0.135
12 84 0.689
12 38 0.867
12 52 0.833
12 27 0.308
12 13 0.414
12 22 0.027
12 45 0.358
12 66 0.22
12 31 0.347
12 43 0.201
12 46 0.198
12 55 0.017
12 68 0.018
12 74 0.147
12 37 0.301
12 39 0.257
12 47 0.322
12 51 0.003
12 63 0.154
12 71 0.139
12 73 0.159
12 79 0.379
12 86 0.192
12 88 0.05
12 14 0.132
12 15 0.133
12 24 0.127
12 26 0.158
12 35 0.171
12 36 0.165
12 41 0.095
12 61 0.153
12 70 0.187
12 83 0.164
12 95 0.126
12 98 0.125
13 51 0.842
13 33 0.68
13 25 0.839
13 79 1
13 95 0.789
13 77 0.84
13 23 0.173
13 28 0.319
13 58 0.274
13 18 0.143
13 42 0.155
13 47 0.07
13 24 0.108
13 35 0.299
13 49 0.146
13 73 0.065
13 75 0.34
13 93 0.16
13 98 0.124
13 16 0.117
13 21 0.074
13 22 0.178
13 29 0.128
13 34 0.148
13 37 0.151
13 39 0.15
13 41 0.19
13 44 0.107
13 53 0.149
13 60 0.166
13 61 0.139
13 67 0.155
13 74 0.155
13 76 0.137
13 81 0.168
13 82 0.179
13 83 0.147
13 84 0.187
13 85 0.19
13 87 0.147
13 89 0.154
13 94 0.136
13 99 0.12
14 35 1
14 49 0.797
14 40 0.662
14 81 0.618
14 69 0.589
14 38 0.588
14 86 0.813
14 27 0.152
14 68 0.256
14 58 0.317
14 42 0.068
14 24 0.175
14 33 0.07
14 73 0.187
14 15 0.184
14 16 0.105
14 18 0.168
14 19 0.144
14 21 0.141
14 25 0.136
14 39 0.166
14 48 0.185
14 51 0.144
14 77 0.137
14 94 0.101
15 99 0.975
15 57 0.899
15 96 0.643
15 86 0.241
15 77 0.302
15 83 0.108
15 92 0.187
15 42 0.178
15 47 0.314
15 49 0.154
15 81 0.163
15 88 0.3
15 16 0.148
15 17 0.155
15 19 0.162
15 27 0.13
15 33 0.15
15 34 0.133
15 37 0.193
15 40 0.187
15 41 0.15
15 44 0.159
15 48 0.126
15 50 0.183
15 52 0.173
15 54 0.145
15 55 0.18
15 58 0.107
15 62 0.181
15 66 0.178
15 69 0.153
15 79 0.151
15 91 0.164
16 88 0.79
16 50 0.771
16 38 0.63
16 94 0.706
16 82 0.669
16 41 1
16 59 0.602
16 21 0.189
16 56 0.125
16 81 0.066
16 89 0.043
16 93 0.149
16 47 0.095
16 60 0.134
16 65 0.1
16 70 0.059
16 74 0.096
16 91 0.062
16 97 0.268
16 23 0.154
16 27 0.175
16 29 0.172
16 30 0.148
16 31 0.12
16 34 0.111
16 45 0.169
16 52 0.119
16 64 0.201
16 73 0.144
16 75 0.176
16 77 0.092
16 85 0.201
16 86 0.135
17 34 0.729
17 18 0.688
17 40 0.897
17 58 0.345
17 64 0.808
17 51 0.645
17 37 1
17 35 0.55
17 55 0.229
17 47 0.248
17 29 0.156
17 21 0.218
17 27 0.17
17 76 0.083
17 86 0.126
17 88 0.186
17 19 0.131
17 25 0.158
17 33 0.153
17 36 0.148
17 39 0.154
17 43 0.19
17 45 0.15
17 49 0.137
17 50 0.157
17 57 0.198
17 61 0.205
17 63 0.144
17 69 0.168
17 74 0.121
17 77 0.137
17 79 0.15
17 94 0.099
18 55 0.998
18 82 0.643
18 25 0.843
18 85 0.667
18 54 0.157
18 78 0.293
18 86 0.151
18 32 0.171
18 35 0.01
18 38 0.087
18 56 0.289
18 59 0.149
18 71 0.295
18 76 0.16
18 79 0.229
18 88 0.146
18 97 0.153
18 20 0.123
18 26 0.177
18 29 0.118
18 33 0.168
18 36 0.144
18 39 0.162
18 40 0.102
18 43 0.151
18 48 0.153
18 52 0.169
18 60 0.159
18 61 0.118
18 66 0.166
18 67 0.17
18 70 0.112
18 75 0.12
18 83 0.144
18 92 0.062
18 94 0.185
18 98 0.154
19 99 1
19 59 0.93
19 78 0.677
19 30 0.088
19 82 0.238
19 34 0.074
19 38 0.11
19 45 0.155
19 51 0.306
19 57 0.138
19 75 0.288
19 76 0.271
19 26 0.158
19 31 0.134
19 46 0.19
19 80 0.301
19 86 0.323
19 90 0.15
19 44 0.136
19 47 0.182
19 58 0.155
19 63 0.164
19 66 0.191
19 68 0.154
19 70 0.145
19 73 0.144
19 74 0.157
19 83 0.123
19 93 0.085
19 94 0.146
19 95 0.176
20 69 0.977
20 82 0.874
20 93 0.34
20 97 0.676
20 27 0.429
20 90 0.146
20 42 0.071
20 47 0.24
20 52 0.157
20 29 0.142
20 34 0.119
20 35 0.249
20 44 0.158
20 48 0.176
20 22 0.108
20 28 0.201
20 30 0.118
20 36 0.11
20 40 0.167
20 45 0.122
20 46 0.21
20 49 0.114
20 56 0.145
20 58 0.138
20 62 0.195
20 64 0.156
20 73 0.149
20 85 0.147
20 91 0.124
20 92 0.11
21 91 0.861
21 74 1
21 32 0.878
21 50 0.785
21 65 0.901
21 75 0.636
21 49 0.063
21 79 0.194
21 22 0.026
21 85 0.053
21 44 0.034
21 83 0.136
21 25 0.079
21 35 0.122
21 37 0.023
21 48 0.127
21 80 0.397
21 23 0.16
21 26 0.172
21 31 0.132
21 33 0.196
21 34 0.147
21 40 0.128
21 42 0.129
21 43 0.129
21 56 0.193
21 59 0.11
21 67 0.133
21 68 0.173
21 69 0.117
21 70 0.187
21 76 0.112
21 78 0.12
21 95 0.195
21 98 0.196
22 44 0.578
22 41 0.765
22 25 0.583
22 30 0.244
22 97 0.455
22 65 0.094
22 50 0.163
22 73 0.105
22 27 0.227
22 55 0.147
22 59 0.129
22 63 0.206
22 99 0.09
22 26 0.127
22 34 0.227
22 45 0.171
22 51 0.189
22 60 0.149
22 61 0.14
22 62 0.154
22 64 0.133
22 79 0.137
22 84 0.093
22 85 0.166
22 86 0.155
22 87 0.144
22 89 0.175
22 95 0.123
23 41 0.421
23 89 0.68
23 32 0.94
23 91 0.326
23 42 0.324
23 33 0.084
23 40 0.201
23 45 0.015
23 57 0.471
23 98 0.13
23 99 0.28
23 34 0.177
23 37 0.229
23 70 0.083
23 74 0.173
23 88 0.097
23 92 0.172
23 29 0.132
23 30 0.137
23 35 0.156
23 38 0.129
23 39 0.174
23 44 0.12
23 59 0.167
23 60 0.161
23 61 0.187
23 63 0.103
23 67 0.173
23 69 0.123
23 73 0.154
23 75 0.109
23 78 0.15
23 96 0.164
23 97 0.205
24 84 0.892
24 95 0.938
24 28 1
24 47 0.806
24 36 0.135
24 99 0.103
24 49 0.151
24 51 0.151
24 59 0.192
24 63 0.148
24 64 0.207
24 77 0.162
24 78 0.19
24 86 0.152
24 88 0.335
24 33 0.159
24 35 0.105
24 37 0.127
24 50 0.122
24 57 0.178
24 58 0.157
24 69 0.161
24 71 0.202
24 76 0.111
24 80 0.198
24 82 0.164
24 85 0.138
24 89 0.221
24 92 0.17
24 96 0.162
24 97 0.162
25 33 0.655
25 57 1
25 46 1
25 44 1
25 59 0.119
25 38 0.228
25 79 0.072
25 39 0.528
25 87 0.212
25 47 0.159
25 50 0.073
25 67 0.232
25 62 0.128
25 63 0.207
25 72 0.086
25 86 0.046
25 91 0.154
25 95 0.22
25 26 0.108
25 28 0.142
25 30 0.171
25 32 0.114
25 37 0.08
25 49 0.16
25 52 0.102
25 66 0.192
25 69 0.224
25 73 0.157
25 77 0.136
25 81 0.17
25 83 0.134
25 84 0.13
25 88 0.157
25 92 0.173
25 93 0.168
25 99 0.165
26 98 1
26 84 0.742
26 91 0.945
26 47 0.275
26 55 0.023
26 63 0.164
26 66 0.077
26 92 0.079
26 99 0.188
26 36 0.22
26 45 0.251
26 46 0.235
26 59 0.293
26 69 0.055
26 77 0.099
26 27 0.126
26 49 0.13
26 50 0.167
26 57 0.157
26 58 0.121
26 62 0.178
26 68 0.207
26 71 0.165
26 72 0.1
26 86 0.179
26 93 0.167
26 97 0.175
27 85 0.814
27 33 0.313
27 57 0.503
27 64 0.256
27 47 0.397
27 28 0.258
27 38 0.097
27 55 0.12
27 81 0.249
27 86 0.157
27 72 0.04
27 91 0.266
27 98 0.189
27 34 0.159
27 35 0.19
27 45 0.163
27 50 0.177
27 51 0.137
27 52 0.209
27 56 0.226
27 60 0.144
27 78 0.157
27 82 0.181
27 83 0.137
27 93 0.137
27 96 0.164
28 76 0.802
28 64 0.742
28 54 0.104
28 67 0.132
28 79 0.189
28 44 0.141
28 59 0.14
28 60 0.139
28 71 0.078
28 93 0.129
28 96 0.122
28 31 0.156
28 39 0.166
28 49 0.099
28 63 0.186
28 66 0.093
28 70 0.18
28 74 0.164
28 77 0.194
28 90 0.133
28 91 0.14
28 97 0.138
28 99 0.134
29 83 0.609
29 79 0.858
29 78 1
29 64 0.856
29 87 0.787
29 60 0.576
29 53 0.364
29 45 0.121
29 74 0.092
29 76 0.355
29 88 0.345
29 98 0.174
29 40 0.142
29 36 0.128
29 43 0.145
29 46 0.199
29 49 0.129
29 50 0.169
29 52 0.147
29 55 0.178
29 58 0.139
29 61 0.171
29 70 0.15
29 72 0.159
29 80 0.133
29 81 0.153
29 94 0.112
29 97 0.172
30 67 1
30 68 0.16
30 78 0.202
30 73 0.076
30 74 0.119
30 84 0.218
30 99 0.15
30 33 0.107
30 44 0.129
30 46 0.178
30 57 0.296
30 62 0.067
30 91 0.304
30 93 0.171
30 35 0.1
30 51 0.183
30 55 0.09
30 56 0.159
30 60 0.131
30 79 0.074
30 81 0.115
30 82 0.163
30 87 0.229
30 88 0.135
30 90 0.173
30 98 0.14
31 53 0.772
31 39 0.875
31 62 0.879
31 48 0.356
31 52 0.581
31 81 0.36
31 40 0.161
31 65 0.093
31 95 0.088
31 98 0.293
31 47 0.104
31 49 0.056
31 63 0.18
31 66 0.176
31 76 0.129
31 77 0.179
31 84 0.339
31 89 0.085
31 90 0.198
31 99 0.003
31 32 0.165
31 36 0.161
31 44 0.121
31 45 0.173
31 50 0.189
31 57 0.151
31 58 0.162
31 59 0.166
31 69 0.111
31 75 0.189
31 78 0.139
31 86 0.152
31 87 0.145
31 92 0.192
31 94 0.161
32 87 0.464
32 50 0.916
32 88 0.648
32 67 0.797
32 90 0.73
32 77 0.386
32 33 0.211
32 78 0.356
32 43 0.177
32 48 0.169
32 58 0.155
32 60 0.134
32 69 0.24
32 82 0.386
32 41 0.251
32 45 0.252
32 49 0.147
32 70 0.037
32 80 0.172
32 81 0.227
32 89 0.108
32 95 0.048
32 97 0.175
32 38 0.187
32 39 0.148
32 53 0.162
32 66 0.154
32 68 0.197
32 74 0.156
32 75 0.21
32 83 0.134
32 86 0.195
32 98 0.134
33 63 0.549
33 95 0.926
33 71 0.632
33 42 0.55
33 96 0.594
33 47 0.528
33 46 0.334
33 53 0.192
33 37 0.299
33 44 0.124
33 70 0.121
33 78 0.11
33 79 0.033
33 83 0.199
33 36 0.123
33 38 0.163
33 52 0.18
33 57 0.156
33 61 0.141
33 68 0.168
33 81 0.173
33 89 0.125
34 41 0.601
34 86 1
34 47 0.71
34 44 0.398
34 98 0.279
34 40 0.006
34 49 0.042
34 51 0.152
34 56 0.149
34 61 0.079
34 67 0.158
34 69 0.018
34 70 0.295
34 81 0.169
34 90 0.03
34 35 0.189
34 36 0.133
34 54 0.128
34 57 0.091
34 58 0.136
34 59 0.17
34 65 0.135
34 73 0.105
34 74 0.164
34 76 0.134
34 77 0.183
34 88 0.158
34 91 0.12
34 92 0.127
35 66 0.567
35 64 0.17
35 73 0.42
35 79 0.214
35 77 0.272
35 92 0.247
35 38 0.003
35 78 0.043
35 40 0.139
35 52 0.149
35 55 0.066
35 60 0.184
35 72 0.179
35 99 0.184
35 43 0.197
35 44 0.141
35 46 0.17
35 56 0.138
35 62 0.161
35 71 0.15
35 80 0.142
35 82 0.152
35 91 0.148
36 77 0.477
36 78 0.903
36 85 1
36 72 0.56
36 97 0.44
36 84 0.255
36 68 0.021
36 38 0.219
36 47 0.039
36 48 0.258
36 51 0.168
36 57 0.222
36 62 0.116
36 80 0.082
36 88 0.185
36 91 0.208
36 43 0.135
36 50 0.079
36 66 0.15
36 69 0.154
36 70 0.215
36 76 0.153
36 82 0.175
36 87 0.167
36 89 0.172
36 94 0.168
36 96 0.12
37 79 0.653
37 77 0.755
37 94 1
37 51 0.602
37 49 0.589
37 42 0.199
37 54 0.082
37 91 0.175
37 62 0.071
37 70 0.154
37 78 0.019
37 81 0.143
37 46 0.201
37 58 0.26
37 85 0.115
37 88 0.225
37 57 0.167
37 66 0.134
37 71 0.141
37 86 0.18
37 90 0.16
37 93 0.138
37 98 0.189
38 91 0.8
38 95 0.581
38 92 0.698
38 73 0.973
38 59 0.887
38 78 0.249
38 39 0.591
38 60 0.515
38 62 0.06
38 48 0.016
38 69 0.515
38 75 0.025
38 83 0.085
38 43 0.083
38 63 0.174
38 65 0.009
38 68 0.167
38 85 0.059
38 86 0.161
38 93 0.118
38 98 0.283
38 41 0.116
38 46 0.115
38 53 0.167
38 55 0.082
38 56 0.133
38 61 0.171
38 72 0.146
38 82 0.169
38 84 0.151
38 89 0.102
38 94 0.125
39 45 0.803
39 81 0.948
39 96 0.431
39 72 0.173
39 80 0.311
39 89 0.024
39 48 0.096
39 69 0.171
39 74 0.134
39 78 0.05
39 85 0.12
39 94 0.152
39 99 0.202
39 41 0.118
39 43 0.178
39 46 0.144
39 50 0.128
39 55 0.189
39 57 0.155
39 61 0.182
39 62 0.157
39 64 0.135
39 71 0.155
39 87 0.105
39 91 0.159
40 48 0.904
40 80 0.618
40 93 0.001
40 97 0.131
40 98 0.379
40 55 0.046
40 72 0.276
40 89 0.12
40 43 0.154
40 44 0.266
40 47 0.121
40 69 0.132
40 52 0.122
40 58 0.154
40 62 0.171
40 63 0.219
40 68 0.172
40 73 0.126
40 76 0.185
40 77 0.131
40 91 0.132
40 92 0.124
40 96 0.125
41 64 0.883
41 76 0.81
41 52 0.819
41 57 0.299
41 74 0.05
41 83 0.605
41 42 0.14
41 46 0.14
41 54 0.28
41 69 0.079
41 82 0.25
41 92 0.019
41 55 0.363
41 61 0.039
41 72 0.147
41 43 0.181
41 51 0.151
41 68 0.102
41 75 0.15
41 85 0.094
41 86 0.14
41 93 0.129
41 99 0.139
42 68 0.913
42 94 0.904
42 88 0.786
42 60 0.654
42 96 0.558
42 97 0.841
42 75 0.117
42 84 0.261
42 92 0.142
42 66 0.151
42 89 0.25
42 53 0.119
42 76 0.107
42 45 0.196
42 52 0.127
42 55 0.129
42 71 0.129
42 72 0.178
42 73 0.196
42 98 0.157
43 90 0.97
43 84 0.595
43 44 0.208
43 64 0.088
43 69 0.151
43 78 0.063
43 94 0.169
43 47 0.12
43 52 0.275
43 56 0.278
43 63 0.276
43 82 0.129
43 45 0.086
43 48 0.135
43 49 0.116
43 50 0.181
43 53 0.183
43 55 0.112
43 62 0.172
43 74 0.15
43 85 0.212
43 95 0.151
44 76 0.55
44 88 0.771
44 59 0.927
44 56 0.634
44 67 0.276
44 54 0.16
44 62 0.205
44 65 0.255
44 79 0.122
44 95 0.321
44 45 0.226
44 47 0.146
44 51 0.192
44 58 0.163
44 70 0.082
44 80 0.169
44 91 0.167
45 52 0.88
45 87 0.904
45 91 0.798
45 72 0.696
45 69 0.927
45 66 0.114
45 84 0.029
45 97 0.234
45 50 0.171
45 81 0.141
45 51 0.209
45 62 0.218
45 67 0.14
45 71 0.226
45 95 0.145
45 99 0.169
45 53 0.161
45 57 0.1
45 60 0.128
45 65 0.145
45 74 0.163
45 86 0.171
45 96 0.153
46 68 0.642
46 63 0.942
46 56 0.624
46 87 0.712
46 50 0.838
46 95 0.981
46 86 0.426
46 54 0.174
46 61 0.076
46 69 0.263
46 89 0.157
46 47 0.15
46 53 0.183
46 57 0.152
46 59 0.14
46 70 0.136
46 73 0.108
46 76 0.204
46 78 0.151
46 79 0.184
46 94 0.131
46 97 0.138
46 98 0.131
47 82 0.855
47 93 0.791
47 63 0.994
47 84 1
47 52 0.635
47 56 0.303
47 68 0.077
47 49 0.111
47 51 0.176
47 53 0.289
47 65 0.239
47 72 0.277
47 83 0.118
47 90 0.277
47 94 0.295
47 96 0.172
47 62 0.167
47 70 0.145
47 76 0.158
47 79 0.154
47 86 0.137
47 87 0.135
47 89 0.177
47 95 0.127
48 86 0.793
48 78 0.539
48 79 0.196
48 58 0.344
48 71 0.088
48 51 0.212
48 54 0.186
48 55 0.188
48 62 0.149
48 65 0.128
48 67 0.192
48 76 0.2
48 85 0.133
48 89 0.164
48 91 0.175
49 58 0.768
49 84 0.68
49 76 0.109
49 86 0.502
49 56 0.486
49 75 0.221
49 92 0.315
49 59 0.175
49 70 0.039
49 52 0.126
49 55 0.143
49 57 0.171
49 64 0.189
49 72 0.179
49 78 0.131
49 80 0.127
49 89 0.146
49 90 0.134
49 93 0.117
50 66 1
50 76 0.796
50 88 0.852
50 99 0.243
50 69 0.134
50 85 0.298
50 98 0.112
50 55 0.162
50 56 0.125
50 59 0.207
50 62 0.219
50 67 0.12
50 70 0.11
50 72 0.135
50 84 0.188
50 87 0.196
50 89 0.217
50 91 0.148
51 85 0.043
51 94 0.192
51 60 0.149
51 64 0.169
51 99 0.135
51 56 0.129
51 65 0.196
51 71 0.191
51 75 0.105
51 84 0.108
51 86 0.156
51 87 0.187
51 88 0.179
51 93 0.141
51 98 0.183
52 98 0.959
52 85 0.215
52 65 0.214
52 90 0.041
52 93 0.115
52 53 0.076
52 55 0.208
52 77 0.096
52 84 0.152
52 58 0.116
52 63 0.153
52 64 0.131
52 70 0.189
52 71 0.171
52 75 0.14
52 76 0.16
52 83 0.145
52 86 0.132
52 88 0.118
52 92 0.146
52 94 0.196
52 96 0.16
52 99 0.136
53 85 0.607
53 81 0.488
53 86 0.643
53 66 0.598
53 82 0.109
53 97 0.323
53 91 0.172
53 92 0.101
53 61 0.159
53 63 0.177
53 68 0.105
53 69 0.136
53 74 0.153
53 76 0.161
53 83 0.195
53 87 0.152
53 90 0.216
53 96 0.176
54 84 0.514
54 59 0.794
54 55 0.064
54 68 0.195
54 86 0.256
54 64 0.094
54 73 0.183
54 56 0.148
54 57 0.13
54 58 0.107
54 63 0.19
54 70 0.172
54 80 0.162
54 85 0.123
54 90 0.129
54 92 0.09
54 97 0.12
55 74 0.67
55 83 0.969
55 93 0.239
55 60 0.109
55 73 0.095
55 79 0.179
55 85 0.087
55 56 0.089
55 66 0.185
55 68 0.17
55 72 0.161
55 76 0.129
55 82 0.11
55 84 0.143
55 87 0.156
55 88 0.147
55 97 0.129
56 96 0.805
56 78 0.874
56 87 0.073
56 75 0.374
56 83 0.279
56 92 0.174
56 86 0.13
56 62 0.162
56 67 0.138
56 70 0.136
56 71 0.154
56 81 0.201
57 66 0.544
57 86 0.244
57 80 0.073
57 94 0.105
57 63 0.013
57 69 0.233
57 71 0.199
57 97 0.018
57 60 0.217
57 72 0.149
57 73 0.168
57 77 0.115
57 78 0.182
57 89 0.16
57 93 0.145
57 99 0.19
58 65 0.919
58 96 0.609
58 76 0.312
58 79 0.068
58 86 0.095
58 59 0.5
58 66 0.093
58 80 0.085
58 81 0.172
58 82 0.297
58 99 0.126
58 60 0.129
58 64 0.207
58 68 0.201
58 74 0.124
58 75 0.172
58 77 0.157
58 89 0.139
58 90 0.129
59 80 1
59 62 0.56
59 92 0.754
59 64 0.506
59 83 0.215
59 85 0.275
59 95 0.193
59 61 0.125
59 69 0.185
59 73 0.231
59 79 0.179
59 84 0.295
59 98 0.217
59 63 0.149
59 71 0.166
59 75 0.133
59 76 0.16
59 78 0.08
59 86 0.149
59 87 0.156
59 88 0.201
59 89 0.151
59 93 0.129
59 94 0.145
59 96 0.192
60 81 0.55
60 87 0.417
60 90 0.039
60 92 0.135
60 95 0.139
60 63 0.146
60 65 0.136
60 67 0.153
60 69 0.157
60 73 0.148
60 74 0.177
60 75 0.157
60 76 0.136
60 85 0.145
60 94 0.174
61 94 0.428
61 82 0.325
61 93 0.03
61 72 0.141
61 80 0.139
61 83 0.156
61 84 0.119
61 89 0.105
61 90 0.171
61 96 0.157
62 79 0.505
62 64 0.663
62 91 0.666
62 86 0.091
62 97 0.08
62 69 0.169
62 83 0.23
62 90 0.16
62 92 0.17
62 63 0.123
62 66 0.198
62 71 0.119
62 72 0.169
62 73 0.134
62 75 0.182
62 76 0.2
62 80 0.109
62 85 0.223
62 87 0.126
62 95 0.14
63 69 0.92
63 86 0.559
63 98 0.427
63 84 0.298
63 66 0.108
63 71 0.319
63 87 0.226
63 92 0.218
63 64 0.133
63 65 0.143
63 67 0.184
63 74 0.149
63 82 0.143
63 89 0.129
63 96 0.142
64 71 1
64 88 0.739
64 65 0.6
64 74 0.836
64 87 0.549
64 83 0.29
64 66 0.253
64 70 0.128
64 67 0.175
64 69 0.103
64 86 0.432
64 92 0.091
64 77 0.146
64 91 0.17
64 93 0.189
64 95 0.088
64 96 0.125
65 71 0.763
65 96 0.957
65 85 1
65 86 0.745
65 90 0.543
65 81 0.319
65 91 0.388
65 92 0.257
65 72 0.158
65 76 0.173
65 80 0.139
65 70 0.127
65 74 0.186
65 83 0.134
65 93 0.153
65 95 0.144
66 68 0.241
66 74 0.156
66 75 0.385
66 83 0.258
66 94 0.017
66 95 0.241
66 67 0.163
66 80 0.144
66 81 0.214
66 85 0.157
66 86 0.174
66 87 0.206
66 93 0.172
67 73 1
67 70 0.406
67 93 0.321
67 74 0.18
67 82 0.176
67 83 0.126
67 86 0.18
67 88 0.089
67 89 0.147
67 91 0.189
67 92 0.153
67 97 0.105
68 84 0.338
68 97 0.205
68 72 0.193
68 82 0.147
68 69 0.144
68 71 0.128
68 73 0.165
68 79 0.125
68 80 0.102
68 89 0.147
69 89 0.815
69 75 0.314
69 77 0.251
69 78 0.245
69 90 0.377
69 92 0.254
69 98 0.115
69 81 0.102
69 83 0.122
69 86 0.15
70 73 0.213
70 74 0.166
70 76 0.199
70 92 0.18
70 79 0.167
70 80 0.17
70 83 0.171
70 86 0.165
70 87 0.159
70 88 0.113
70 98 0.127
70 99 0.131
71 78 0.938
71 98 0.828
71 83 0.125
71 89 0.012
71 91 0.134
71 86 0.026
71 88 0.375
71 92 0.098
71 77 0.159
71 82 0.162
71 84 0.146
71 95 0.15
71 96 0.181
72 79 0.321
72 87 0.113
72 92 0.039
72 93 0.014
72 78 0.172
72 95 0.289
72 73 0.171
72 77 0.155
72 82 0.192
72 85 0.175
72 91 0.17
72 94 0.096
73 99 0.86
73 75 0.956
73 86 0.167
73 78 0.131
73 82 0.151
73 93 0.194
74 87 0.214
74 75 0.112
74 94 0.292
74 80 0.158
74 85 0.125
74 90 0.167
74 91 0.189
74 97 0.107
74 99 0.179
75 95 0.005
75 91 0.22
75 77 0.179
75 82 0.167
75 85 0.196
75 89 0.138
75 92 0.111
75 96 0.176
76 77 0.953
76 78 0.093
76 80 0.356
76 82 0.134
76 90 0.235
76 99 0.152
76 84 0.164
76 86 0.148
77 80 0.769
77 88 0.061
77 95 0.044
77 86 0.189
77 91 0.178
77 93 0.174
77 99 0.123
78 81 0.249
78 79 0.143
78 97 0.267
78 80 0.139
78 88 0.196
78 93 0.129
78 82 0.151
78 90 0.16
78 92 0.172
79 81 0.276
79 86 0.374
79 93 0.209
79 96 0.107
79 82 0.189
79 92 0.106
79 98 0.101
80 83 0.952
80 96 1
80 91 0.117
80 87 0.162
80 95 0.243
80 82 0.09
80 90 0.101
80 93 0.162
81 90 0.886
81 87 0.251
81 86 0.106
81 94 0.266
81 97 0.128
81 84 0.189
81 91 0.145
81 96 0.138
82 94 0.263
82 84 0.154
82 86 0.145
82 83 0.126
82 89 0.156
82 92 0.147
82 97 0.15
83 88 0.079
83 97 0.244
83 96 0.131
84 90 0.696
84 99 0.192
84 87 0.142
84 88 0.186
85 88 1
85 95 0.327
85 86 0.079
85 89 0.226
85 91 0.147
85 99 0.302
85 97 0.15
86 88 0.029
86 95 0.23
86 97 0.175
86 98 0.134
87 95 0.779
87 89 0.126
87 90 0.208
87 92 0.185
87 96 0.181
88 93 0.865
88 94 0.195
88 95 0.127
88 98 0.082
89 91 0.132
89 96 0.123
89 98 0.148
91 99 0.081
91 93 0.126
91 97 0.173
91 98 0.188
92 97 0.139
92 95 0.039
92 99 0.192
93 99 0.115
96 99 0.914
