0 15 1
0 79 0.98
0 37 1
0 60 0.563
0 52 0.701
0 80 1
0 18 0.019
0 8 0.215
0 42 0.242
0 1 0.211
0 39 0.186
0 45 0.139
0 62 0.066
0 63 0.33
0 70 0.127
0 78 0.11
0 90 0.123
0 98 0.112
0 4 0.139
0 6 0.171
0 7 0.189
0 12 0.155
0 20 0.144
0 22 0.158
0 23 0.176
0 27 0.169
0 29 0.174
0 36 0.134
0 40 0.172
0 43 0.148
0 59 0.134
0 65 0.144
0 73 0.091
0 84 0.166
0 87 0.146
0 89 0.194
0 93 0.177
0 97 0.22
0 99 0.122
1 23 0.966
1 42 0.118
1 46 0.552
1 50 0.585
1 40 0.066
1 61 0.057
1 9 0.11
1 11 0.18
1 13 0.207
1 53 0.215
1 65 0.163
1 73 0.154
1 89 0.153
1 5 0.315
1 21 0.26
1 30 0.104
1 34 0.106
1 38 0.143
1 84 0.112
1 96 0.173
1 3 0.169
1 4 0.134
1 10 0.156
1 12 0.155
1 14 0.199
1 17 0.161
1 19 0.223
1 22 0.111
1 29 0.142
1 33 0.126
1 35 0.168
1 43 0.148
1 48 0.127
1 54 0.191
1 55 0.165
1 72 0.197
1 75 0.127
1 76 0.156
1 77 0.146
1 80 0.137
1 92 0.145
1 95 0.15
2 65 0.725
2 37 0.921
2 15 0.617
2 22 0.771
2 12 0.315
2 24 0.285
2 32 0.106
2 39 0.066
2 40 0.108
2 46 0.127
2 70 0.148
2 16 0.142
2 26 0.16
2 30 0.174
2 33 0.14
2 34 0.19
2 45 0.365
2 52 0.189
2 56 0.17
2 67 0.148
2 71 0.062
2 79 0.171
2 83 0.018
2 87 0.105
2 9 0.094
2 20 0.129
2 21 0.162
2 35 0.152
2 36 0.161
2 38 0.175
2 41 0.153
2 50 0.153
2 57 0.183
2 58 0.16
2 59 0.141
2 63 0.144
2 75 0.135
2 76 0.114
2 77 0.134
2 80 0.119
2 85 0.132
2 86 0.118
2 89 0.184
2 91 0.2
3 55 0.621
3 26 0.549
3 97 0.741
3 99 0.218
3 23 0.056
3 46 0.137
3 48 0.181
3 67 0.211
3 73 0.045
3 92 0.165
3 18 0.167
3 21 0.127
3 28 0.148
3 53 0.243
3 63 0.216
3 65 0.128
3 75 0.108
3 10 0.188
3 11 0.125
3 16 0.154
3 17 0.185
3 24 0.133
3 35 0.113
3 40 0.159
3 43 0.118
3 44 0.179
3 45 0.204
3 47 0.2
3 49 0.134
3 50 0.164
3 58 0.14
3 60 0.17
3 64 0.151
3 69 0.153
3 70 0.192
3 71 0.187
3 72 0.141
3 74 0.149
3 79 0.214
4 86 0.71
4 75 0.161
4 62 0.135
4 10 0.066
4 40 0.155
4 49 0.161
4 52 0.189
4 54 0.149
4 57 0.077
4 60 0.115
4 68 0.181
4 78 0.159
4 91 0.151
4 6 0.165
4 11 0.138
4 15 0.158
4 17 0.167
4 21 0.152
4 24 0.124
4 25 0.117
4 27 0.128
4 35 0.235
4 39 0.187
4 42 0.143
4 45 0.217
4 46 0.095
4 53 0.143
4 65 0.121
4 66 0.147
4 70 0.194
4 85 0.113
4 87 0.102
4 93 0.111
4 98 0.165
5 93 0.822
5 20 1
5 46 1
5 98 0.072
5 57 0.138
5 77 0.144
5 82 0.122
5 10 0.127
5 14 0.147
5 48 0.334
5 51 0.022
5 52 0.174
5 63 0.227
5 64 0.094
5 70 0.232
5 8 0.199
5 9 0.142
5 12 0.302
5 29 0.163
5 33 0.12
5 41 0.144
5 50 0.189
5 53 0.191
5 60 0.214
5 79 0.207
5 81 0.173
5 85 0.165
5 15 0.124
5 19 0.151
5 25 0.13
5 31 0.177
5 36 0.127
5 38 0.108
5 43 0.148
5 44 0.085
5 45 0.109
5 49 0.166
5 55 0.178
5 59 0.174
5 62 0.163
5 65 0.139
5 71 0.157
5 90 0.121
5 96 0.161
5 99 0.134
6 88 0.569
6 23 0.33
6 35 0.145
6 22 0.159
6 33 0.159
6 70 0.15
6 83 0.57
6 93 0.144
6 11 0.149
6 27 0.18
6 28 0.122
6 29 0.167
6 36 0.134
6 46 0.145
6 52 0.2
6 66 0.119
6 80 0.216
6 82 0.162
6 95 0.17
6 10 0.151
6 17 0.204
6 31 0.184
6 34 0.168
6 38 0.204
6 41 0.196
6 48 0.136
6 49 0.08
6 54 0.188
6 58 0.15
6 62 0.124
6 64 0.118
6 65 0.14
6 71 0.16
6 75 0.128
6 78 0.154
6 90 0.112
6 97 0.08
7 70 1
7 39 0.859
7 53 0.803
7 21 0.806
7 13 0.712
7 9 0.158
7 23 0.155
7 49 0.255
7 64 0.189
7 73 0.079
7 80 0.212
7 96 0.407
7 14 0.262
7 22 0.255
7 26 0.122
7 33 0.099
7 34 0.335
7 40 0.168
7 47 0.073
7 54 0.187
7 57 0.172
7 59 0.21
7 60 0.388
7 65 0.135
7 69 0.058
7 15 0.169
7 27 0.187
7 29 0.161
7 37 0.153
7 42 0.119
7 43 0.178
7 48 0.169
7 58 0.197
7 62 0.199
7 63 0.096
7 67 0.176
7 68 0.108
7 71 0.164
7 84 0.183
7 87 0.152
7 88 0.119
7 91 0.147
7 92 0.135
7 98 0.171
8 99 1
8 34 0.609
8 43 0.209
8 98 0.15
8 36 0.223
8 61 0.145
8 78 0.201
8 39 0.127
8 87 0.172
8 28 0.151
8 45 0.222
8 70 0.148
8 10 0.116
8 11 0.147
8 14 0.139
8 16 0.169
8 22 0.156
8 23 0.138
8 27 0.168
8 30 0.172
8 31 0.114
8 33 0.156
8 38 0.164
8 40 0.169
8 41 0.134
8 44 0.132
8 49 0.176
8 54 0.172
8 56 0.15
8 60 0.198
8 66 0.156
8 71 0.182
8 73 0.165
8 76 0.186
8 94 0.135
8 97 0.127
9 31 0.959
9 35 0.836
9 65 0.536
9 14 0.124
9 22 0.093
9 49 0.297
9 34 0.147
9 88 0.254
9 90 0.13
9 18 0.187
9 25 0.172
9 29 0.14
9 38 0.124
9 41 0.285
9 46 0.158
9 55 0.157
9 57 0.185
9 69 0.131
9 73 0.161
9 84 0.113
9 87 0.119
9 99 0.142
9 10 0.166
9 17 0.156
9 23 0.153
9 24 0.143
9 26 0.128
9 27 0.141
9 28 0.169
9 30 0.123
9 32 0.118
9 36 0.12
9 40 0.177
9 43 0.184
9 47 0.136
9 52 0.131
9 54 0.096
9 58 0.165
9 63 0.189
9 64 0.105
9 66 0.16
9 67 0.143
9 77 0.22
9 86 0.149
9 91 0.108
9 96 0.123
10 83 0.959
10 20 0.781
10 67 0.528
10 14 0.134
10 24 0.146
10 26 0.129
10 41 0.003
10 45 0.158
10 97 0.159
10 16 0.111
10 32 0.119
10 43 0.235
10 70 0.099
10 87 0.169
10 89 0.165
10 94 0.135
10 95 0.11
10 12 0.208
10 18 0.174
10 27 0.117
10 28 0.08
10 33 0.11
10 35 0.141
10 44 0.137
10 46 0.158
10 50 0.1
10 55 0.131
10 58 0.131
10 59 0.14
10 63 0.151
10 66 0.147
10 68 0.157
10 73 0.151
10 79 0.151
10 81 0.105
10 88 0.185
10 96 0.209
10 99 0.113
11 89 0.54
11 33 1
11 45 0.996
11 40 0.324
11 13 0.193
11 43 0.278
11 61 0.077
11 42 0.175
11 68 0.102
11 73 0.13
11 81 0.012
11 23 0.198
11 34 0.215
11 35 0.189
11 36 0.181
11 46 0.154
11 77 0.142
11 84 0.105
11 92 0.15
11 97 0.148
11 20 0.159
11 25 0.16
11 26 0.088
11 38 0.171
11 41 0.133
11 44 0.149
11 54 0.159
11 56 0.155
11 59 0.136
11 62 0.205
11 63 0.14
11 71 0.136
11 76 0.122
11 78 0.107
11 80 0.101
11 83 0.188
11 86 0.145
11 98 0.121
12 89 0.586
12 33 0.139
12 34 0.369
12 44 0.313
12 18 0.047
12 19 0.113
12 20 0.283
12 21 0.106
12 37 0.101
12 41 0.14
12 51 0.209
12 64 0.223
12 25 0.112
12 31 0.143
12 35 0.206
12 38 0.155
12 39 0.175
12 42 0.13
12 49 0.145
12 59 0.175
12 60 0.149
12 68 0.162
12 71 0.217
12 72 0.148
12 73 0.195
12 82 0.17
12 83 0.123
12 85 0.143
12 87 0.174
12 90 0.136
12 96 0.219
12 97 0.164
12 99 0.114
13 83 0.784
13 88 1
13 15 1
13 40 0.897
13 48 0.206
13 55 0.13
13 44 0.047
13 50 0.15
13 36 0.191
13 41 0.103
13 58 0.1
13 67 0.131
13 89 0.175
13 95 0.14
13 14 0.172
13 17 0.174
13 19 0.158
13 21 0.128
13 23 0.194
13 25 0.151
13 27 0.126
13 46 0.162
13 49 0.152
13 60 0.185
13 65 0.146
13 70 0.123
13 73 0.167
13 74 0.153
13 77 0.135
13 85 0.156
13 86 0.171
13 92 0.144
13 93 0.141
13 97 0.131
14 33 0.972
14 60 0.135
14 85 0.115
14 29 0.176
14 50 0.097
14 76 0.048
14 93 0.092
14 96 0.147
14 21 0.115
14 30 0.077
14 31 0.12
14 44 0.15
14 58 0.193
14 95 0.139
14 16 0.155
14 17 0.163
14 18 0.148
14 20 0.187
14 28 0.168
14 39 0.163
14 41 0.218
14 47 0.157
14 48 0.109
14 53 0.189
14 56 0.169
14 61 0.127
14 69 0.16
14 70 0.133
14 90 0.17
14 92 0.137
15 55 0.851
15 59 0.733
15 19 0.847
15 84 0.216
15 96 0.157
15 26 0.213
15 34 0.143
15 50 0.196
15 81 0.214
15 88 0.143
15 28 0.131
15 47 0.135
15 52 0.25
15 65 0.291
15 78 0.134
15 80 0.144
15 21 0.087
15 23 0.162
15 29 0.096
15 32 0.156
15 33 0.16
15 35 0.16
15 38 0.163
15 39 0.158
15 41 0.162
15 42 0.105
15 49 0.133
15 51 0.121
15 61 0.173
15 63 0.145
15 64 0.163
15 66 0.129
15 77 0.126
15 91 0.193
15 92 0.151
15 93 0.127
15 94 0.181
16 30 1
16 89 0.416
16 72 0.214
16 20 0.129
16 34 0.185
16 36 0.118
16 77 0.167
16 19 0.232
16 25 0.166
16 28 0.189
16 33 0.159
16 39 0.131
16 41 0.114
16 46 0.132
16 47 0.086
16 52 0.142
16 60 0.196
16 62 0.119
16 64 0.107
16 67 0.122
16 68 0.124
16 69 0.193
16 70 0.159
16 73 0.107
16 81 0.16
16 82 0.174
16 84 0.16
16 85 0.2
16 92 0.156
16 93 0.104
16 94 0.175
16 95 0.149
17 55 0.725
17 37 0.757
17 31 0.712
17 24 0.162
17 97 0.288
17 48 0.157
17 62 0.215
17 83 0.063
17 40 0.208
17 26 0.096
17 43 0.18
17 58 0.166
17 80 0.09
17 21 0.211
17 22 0.128
17 25 0.153
17 33 0.108
17 39 0.17
17 49 0.187
17 52 0.133
17 57 0.093
17 65 0.111
17 68 0.144
17 71 0.117
17 76 0.169
17 84 0.19
17 91 0.183
17 94 0.118
17 99 0.126
18 43 0.526
18 90 0.962
18 92 0.182
18 96 0.087
18 51 0.259
18 54 0.123
18 59 0.115
18 76 0.156
18 97 0.148
18 30 0.098
18 36 0.191
18 58 0.175
18 61 0.174
18 69 0.217
18 77 0.158
18 19 0.176
18 22 0.168
18 25 0.132
18 27 0.141
18 28 0.122
18 45 0.073
18 48 0.125
18 50 0.169
18 52 0.107
18 56 0.125
18 62 0.123
18 65 0.17
18 67 0.18
18 68 0.158
18 78 0.175
18 80 0.156
18 83 0.212
18 91 0.129
19 33 0.549
19 59 0.741
19 58 0.826
19 92 0.167
19 45 0.098
19 86 0.194
19 35 0.135
19 60 0.171
19 73 0.183
19 88 0.133
19 22 0.137
19 27 0.138
19 38 0.17
19 42 0.169
19 43 0.158
19 44 0.072
19 52 0.155
19 64 0.193
19 67 0.202
19 68 0.128
19 70 0.151
19 77 0.167
19 84 0.176
19 87 0.104
19 89 0.186
20 65 1
20 27 1
20 74 0.76
20 52 0.015
20 23 0.185
20 30 0.024
20 78 0.173
20 58 0.123
20 59 0.251
20 63 0.146
20 73 0.205
20 79 0.155
20 87 0.155
20 99 0.146
20 21 0.116
20 22 0.139
20 28 0.18
20 29 0.101
20 32 0.138
20 33 0.189
20 38 0.096
20 46 0.112
20 55 0.163
20 60 0.164
20 71 0.146
20 72 0.141
20 75 0.128
20 76 0.137
20 77 0.147
20 80 0.18
20 82 0.1
20 88 0.153
20 96 0.144
21 92 0.603
21 81 0.792
21 57 0.858
21 96 1
21 61 0.884
21 26 0.184
21 41 0.138
21 45 0.158
21 53 0.161
21 58 0.113
21 70 0.159
21 75 0.114
21 33 0.193
21 35 0.163
21 36 0.177
21 43 0.136
21 46 0.11
21 50 0.151
21 56 0.141
21 59 0.179
21 62 0.178
21 71 0.156
21 73 0.159
21 80 0.222
21 82 0.176
21 83 0.138
21 84 0.149
21 87 0.096
21 88 0.168
21 93 0.174
21 97 0.136
21 98 0.146
22 52 1
22 54 0.807
22 68 0.887
22 94 0.188
22 30 0.139
22 56 0.209
22 84 0.158
22 38 0.117
22 39 0.233
22 41 0.125
22 60 0.119
22 70 0.282
22 73 0.162
22 74 0.125
22 79 0.131
22 91 0.276
22 31 0.165
22 33 0.151
22 34 0.12
22 35 0.11
22 36 0.187
22 43 0.113
22 44 0.142
22 47 0.195
22 48 0.124
22 69 0.122
22 77 0.191
22 85 0.141
22 89 0.202
22 90 0.106
22 93 0.144
22 96 0.186
22 97 0.137
23 87 0.697
23 40 0.768
23 59 0.153
23 27 0.173
23 83 0.128
23 35 0.016
23 53 0.162
23 82 0.187
23 30 0.124
23 33 0.024
23 37 0.14
23 38 0.313
23 76 0.239
23 77 0.262
23 85 0.164
23 88 0.16
23 93 0.175
23 99 0.168
23 31 0.122
23 32 0.161
23 34 0.165
23 46 0.147
23 57 0.156
23 58 0.158
23 60 0.127
23 62 0.161
23 65 0.113
23 74 0.124
23 80 0.136
23 84 0.131
23 90 0.193
23 96 0.175
23 97 0.139
23 98 0.167
24 75 0.398
24 79 0.092
24 60 0.085
24 48 0.311
24 55 0.206
24 87 0.075
24 99 0.204
24 28 0.138
24 32 0.158
24 54 0.161
24 62 0.145
24 77 0.227
24 90 0.128
24 98 0.121
24 30 0.179
24 31 0.142
24 39 0.148
24 41 0.103
24 49 0.171
24 52 0.193
24 56 0.17
24 57 0.173
24 67 0.166
24 68 0.16
24 69 0.133
24 70 0.216
24 71 0.138
24 74 0.113
24 81 0.111
24 83 0.159
24 88 0.105
24 92 0.106
24 93 0.199
24 94 0.208
25 82 0.976
25 71 0.901
25 89 0.58
25 81 0.161
25 87 0.11
25 48 0.141
25 63 0.13
25 92 0.112
25 28 0.127
25 38 0.083
25 43 0.151
25 54 0.172
25 59 0.172
25 62 0.173
25 72 0.101
25 29 0.155
25 32 0.131
25 33 0.14
25 34 0.133
25 40 0.145
25 41 0.198
25 46 0.184
25 49 0.107
25 50 0.19
25 51 0.144
25 52 0.139
25 56 0.196
25 61 0.144
25 65 0.108
25 67 0.184
25 68 0.149
25 75 0.178
25 76 0.141
25 77 0.171
25 84 0.166
25 85 0.173
25 86 0.168
25 95 0.116
25 98 0.214
25 99 0.114
26 62 0.312
26 29 0.13
26 33 0.147
26 34 0.288
26 58 0.192
26 83 0.118
26 85 0.202
26 93 0.147
26 28 0.12
26 31 0.215
26 35 0.177
26 63 0.162
26 67 0.107
26 75 0.155
26 82 0.157
26 95 0.123
26 46 0.171
26 51 0.175
26 54 0.144
26 57 0.135
26 66 0.173
26 69 0.2
26 70 0.174
26 72 0.167
26 73 0.21
26 79 0.211
26 80 0.129
26 88 0.17
26 91 0.119
26 96 0.152
27 28 0.738
27 96 0.658
27 97 0.671
27 65 0.179
27 81 0.213
27 50 0.188
27 47 0.167
27 31 0.176
27 43 0.175
27 60 0.194
27 67 0.179
27 72 0.113
27 78 0.139
27 98 0.193
27 30 0.117
27 33 0.135
27 36 0.176
27 42 0.158
27 45 0.113
27 53 0.151
27 57 0.185
27 58 0.179
27 68 0.172
27 69 0.123
27 75 0.138
27 83 0.113
27 93 0.127
27 99 0.158
28 39 0.787
28 30 0.167
28 71 0.569
28 90 0.004
28 32 0.203
28 33 0.159
28 34 0.159
28 44 0.078
28 45 0.162
28 51 0.151
28 61 0.148
28 74 0.114
28 80 0.16
28 81 0.106
28 38 0.135
28 46 0.17
28 49 0.149
28 50 0.103
28 53 0.125
28 62 0.203
28 63 0.148
28 69 0.157
28 78 0.163
28 83 0.135
28 95 0.169
29 96 0.923
29 87 0.131
29 31 0.15
29 37 0.117
29 91 0.124
29 92 0.277
29 95 0.171
29 30 0.112
29 34 0.109
29 39 0.229
29 40 0.092
29 41 0.14
29 49 0.146
29 51 0.129
29 61 0.157
29 64 0.142
29 65 0.126
29 69 0.142
29 73 0.154
29 77 0.173
29 78 0.146
29 80 0.132
29 86 0.177
29 93 0.132
29 99 0.143
30 87 0.106
30 66 0.202
30 75 0.178
30 44 0.2
30 46 0.236
30 67 0.169
30 73 0.114
30 81 0.198
30 33 0.184
30 34 0.118
30 36 0.153
30 38 0.185
30 48 0.088
30 51 0.128
30 55 0.1
30 57 0.144
30 58 0.207
30 60 0.131
30 61 0.154
30 62 0.065
30 63 0.207
30 65 0.154
30 74 0.184
30 78 0.189
30 79 0.148
30 83 0.173
30 90 0.147
30 94 0.165
31 54 0.763
31 84 0.96
31 40 0.183
31 63 0.15
31 36 0.115
31 39 0.165
31 48 0.171
31 57 0.197
31 67 0.186
31 74 0.111
31 79 0.187
31 85 0.145
31 87 0.137
31 33 0.145
31 34 0.182
31 35 0.111
31 41 0.146
31 42 0.209
31 45 0.197
31 46 0.118
31 47 0.183
31 52 0.133
31 53 0.159
31 61 0.208
31 62 0.148
31 64 0.183
31 65 0.162
31 66 0.165
31 70 0.146
31 72 0.154
31 78 0.122
31 80 0.126
31 82 0.157
31 88 0.14
31 92 0.129
31 94 0.103
31 96 0.103
32 74 0.657
32 73 0.737
32 75 0.177
32 99 0.167
32 34 0.149
32 38 0.115
32 67 0.163
32 82 0.176
32 86 0.147
32 94 0.13
32 36 0.146
32 39 0.117
32 44 0.154
32 55 0.161
32 62 0.15
32 72 0.104
32 77 0.165
32 78 0.157
32 83 0.119
32 92 0.175
32 93 0.139
32 95 0.094
32 96 0.149
33 70 0.687
33 46 0.233
33 61 0.167
33 45 0.202
33 89 0.158
33 96 0.149
33 36 0.265
33 37 0.163
33 38 0.173
33 40 0.146
33 42 0.172
33 51 0.175
33 60 0.17
33 68 0.137
33 69 0.189
33 71 0.175
33 75 0.167
33 77 0.151
33 83 0.18
33 84 0.201
33 86 0.158
33 92 0.18
33 99 0.123
34 46 0.874
34 81 0.985
34 86 0.307
34 90 0.198
34 68 0.07
34 63 0.161
34 93 0.249
34 49 0.127
34 54 0.138
34 62 0.123
34 99 0.106
34 37 0.16
34 41 0.116
34 43 0.131
34 44 0.145
34 47 0.208
34 50 0.16
34 59 0.185
34 60 0.11
34 64 0.111
34 67 0.176
34 69 0.195
34 72 0.153
34 75 0.222
34 78 0.179
34 80 0.103
34 82 0.168
34 84 0.126
34 91 0.145
34 92 0.145
35 66 1
35 65 0.614
35 45 0.647
35 56 0.735
35 62 0.091
35 61 0.172
35 83 0.299
35 99 0.016
35 68 0.117
35 53 0.142
35 57 0.081
35 86 0.036
35 89 0.196
35 97 0.279
35 37 0.184
35 43 0.148
35 48 0.182
35 49 0.101
35 67 0.118
35 73 0.131
35 74 0.162
35 80 0.152
35 84 0.128
35 85 0.138
35 88 0.108
35 90 0.095
35 91 0.155
35 98 0.146
36 69 0.671
36 96 0.662
36 62 0.095
36 45 0.161
36 40 0.179
36 52 0.152
36 66 0.135
36 80 0.157
36 86 0.122
36 92 0.151
36 38 0.152
36 39 0.196
36 42 0.155
36 49 0.138
36 57 0.208
36 61 0.115
36 70 0.173
36 72 0.177
36 78 0.142
36 83 0.123
36 87 0.126
36 88 0.133
36 89 0.139
36 93 0.153
37 89 1
37 83 0.081
37 41 0.171
37 45 0.138
37 77 0.205
37 82 0.023
37 86 0.151
37 88 0.165
37 92 0.136
37 93 0.173
37 94 0.022
37 47 0.208
37 48 0.146
37 55 0.164
37 58 0.19
37 62 0.153
37 64 0.117
37 66 0.151
37 69 0.134
37 70 0.15
37 72 0.145
37 73 0.156
37 76 0.174
37 85 0.149
37 87 0.128
38 51 0.532
38 76 0.889
38 42 0.111
38 62 0.123
38 66 0.349
38 77 0.194
38 95 0.351
38 97 0.18
38 86 0.165
38 87 0.044
38 43 0.115
38 44 0.182
38 46 0.15
38 54 0.16
38 63 0.186
38 69 0.144
38 79 0.12
38 84 0.211
38 88 0.179
38 89 0.185
38 90 0.136
38 96 0.145
39 75 0.247
39 85 0.164
39 46 0.195
39 93 0.254
39 40 0.167
39 54 0.123
39 66 0.115
39 71 0.166
39 76 0.139
39 87 0.179
39 92 0.124
39 94 0.165
39 43 0.113
39 45 0.135
39 47 0.124
39 48 0.151
39 50 0.141
39 59 0.191
39 65 0.138
39 68 0.139
39 72 0.118
39 74 0.16
39 77 0.162
39 78 0.134
39 84 0.11
39 96 0.191
39 98 0.123
39 99 0.167
40 44 0.962
40 51 0.834
40 89 0.728
40 43 0.29
40 60 0.22
40 47 0.092
40 49 0.198
40 81 0.118
40 86 0.114
40 90 0.146
40 45 0.196
40 50 0.136
40 63 0.1
40 78 0.116
40 82 0.11
40 95 0.149
40 42 0.14
40 52 0.115
40 53 0.146
40 56 0.193
40 62 0.15
40 64 0.168
40 66 0.126
40 76 0.178
40 83 0.232
40 92 0.204
40 97 0.113
40 98 0.163
41 76 0.715
41 99 0.144
41 56 0.121
41 58 0.165
41 65 0.094
41 96 0.128
41 46 0.09
41 51 0.186
41 57 0.151
41 59 0.191
41 60 0.128
41 61 0.12
41 68 0.121
41 71 0.172
41 75 0.168
41 79 0.262
41 80 0.16
41 81 0.125
41 82 0.116
41 93 0.149
42 57 0.649
42 81 0.998
42 48 0.112
42 55 0.163
42 75 0.353
42 61 0.116
42 62 0.155
42 47 0.19
42 60 0.171
42 76 0.164
42 80 0.282
42 50 0.136
42 63 0.115
42 74 0.155
42 78 0.145
42 85 0.122
42 87 0.133
42 88 0.117
42 89 0.157
42 93 0.102
42 95 0.182
42 97 0.118
43 96 0.055
43 55 0.184
43 46 0.186
43 48 0.155
43 53 0.073
43 80 0.235
43 82 0.112
43 94 0.174
43 44 0.174
43 50 0.101
43 51 0.143
43 56 0.135
43 59 0.108
43 61 0.133
43 65 0.132
43 67 0.202
43 68 0.166
43 69 0.196
43 73 0.12
43 74 0.133
43 76 0.125
43 78 0.131
43 83 0.144
43 85 0.186
43 87 0.143
43 89 0.125
43 97 0.132
44 50 0.749
44 77 1
44 96 1
44 83 0.699
44 68 0.04
44 75 0.108
44 55 0.121
44 79 0.163
44 84 0.154
44 87 0.169
44 45 0.108
44 46 0.211
44 48 0.177
44 54 0.171
44 56 0.138
44 58 0.2
44 59 0.144
44 81 0.183
44 85 0.128
44 89 0.145
44 92 0.147
44 97 0.145
45 78 1
45 52 0.084
45 97 0.256
45 50 0.348
45 63 0.211
45 87 0.075
45 84 0.137
45 86 0.203
45 48 0.173
45 56 0.18
45 57 0.183
45 59 0.131
45 64 0.133
45 66 0.126
45 77 0.125
45 79 0.175
45 90 0.145
45 95 0.169
45 96 0.212
45 98 0.124
46 64 0.919
46 79 0.933
46 68 0.697
46 55 0.141
46 58 0.147
46 67 0.138
46 71 0.094
46 77 0.068
46 92 0.105
46 47 0.142
46 49 0.184
46 57 0.111
46 62 0.15
46 70 0.189
46 73 0.13
46 76 0.167
46 83 0.184
46 86 0.141
46 90 0.167
46 96 0.164
46 97 0.154
46 98 0.226
47 88 0.848
47 50 0.337
47 75 0.125
47 80 0.131
47 82 0.131
47 92 0.136
47 94 0.13
47 95 0.176
47 96 0.163
47 98 0.173
47 49 0.184
47 52 0.156
47 56 0.113
47 58 0.095
47 59 0.155
47 61 0.108
47 64 0.138
47 65 0.14
47 72 0.111
47 74 0.181
47 77 0.155
47 78 0.121
47 83 0.149
47 99 0.105
48 98 0.569
48 99 0.113
48 87 0.157
48 95 0.119
48 49 0.056
48 52 0.152
48 55 0.134
48 65 0.157
48 66 0.162
48 67 0.173
48 71 0.188
48 72 0.184
48 76 0.161
48 79 0.155
48 80 0.136
48 82 0.128
48 83 0.157
48 85 0.096
48 88 0.135
48 89 0.198
48 94 0.158
48 97 0.165
49 51 0.649
49 59 0.373
49 80 0.282
49 72 0.097
49 55 0.109
49 58 0.146
49 60 0.14
49 61 0.316
49 79 0.325
49 84 0.184
49 98 0.175
49 64 0.17
49 70 0.15
49 76 0.092
49 78 0.2
49 90 0.186
49 99 0.137
50 76 0.706
50 94 0.925
50 74 0.146
50 98 0.298
50 68 0.233
50 63 0.17
50 64 0.186
50 75 0.19
50 77 0.15
50 78 0.128
50 52 0.193
50 57 0.137
50 66 0.109
50 71 0.095
50 72 0.114
50 86 0.123
50 87 0.082
50 90 0.185
50 91 0.145
50 95 0.134
50 96 0.15
51 85 0.872
51 95 0.958
51 61 0.221
51 74 0.138
51 60 0.133
51 88 0.292
51 99 0.097
51 68 0.033
51 80 0.158
51 70 0.14
51 75 0.121
51 53 0.135
51 59 0.143
51 63 0.132
51 66 0.137
51 71 0.171
51 73 0.218
51 76 0.114
51 83 0.148
51 84 0.156
51 86 0.142
51 94 0.157
51 96 0.179
51 97 0.131
52 73 0.139
52 63 0.164
52 64 0.14
52 77 0.159
52 84 0.108
52 86 0.138
52 57 0.129
52 58 0.158
52 59 0.116
52 61 0.181
52 62 0.092
52 65 0.13
52 67 0.124
52 76 0.133
52 83 0.182
53 65 0.781
53 78 1
53 62 0.164
53 91 0.157
53 54 0.05
53 86 0.256
53 89 0.17
53 95 0.32
53 98 0.152
53 58 0.183
53 59 0.144
53 60 0.081
53 64 0.151
53 68 0.139
53 71 0.15
53 77 0.169
53 80 0.117
53 85 0.152
53 88 0.219
54 70 0.982
54 72 0.799
54 59 0.123
54 65 0.193
54 80 0.13
54 55 0.16
54 57 0.126
54 58 0.188
54 60 0.15
54 62 0.131
54 64 0.155
54 66 0.141
54 67 0.13
54 77 0.17
54 78 0.118
54 79 0.191
54 83 0.13
54 88 0.163
54 90 0.22
54 92 0.149
54 94 0.205
54 96 0.151
54 98 0.15
55 76 1
55 68 0.822
55 92 0.06
55 86 0.166
55 89 0.176
55 58 0.139
55 64 0.161
55 70 0.166
55 74 0.131
55 75 0.109
55 93 0.179
55 96 0.124
55 60 0.135
55 61 0.112
55 66 0.152
55 78 0.162
55 80 0.152
55 84 0.156
55 94 0.16
55 95 0.15
55 98 0.143
56 98 0.692
56 93 0.954
56 80 0.251
56 81 0.251
56 99 0.155
56 69 0.141
56 77 0.111
56 58 0.21
56 62 0.177
56 63 0.157
56 65 0.136
56 67 0.106
56 71 0.119
56 78 0.156
56 85 0.173
56 86 0.135
56 87 0.139
56 91 0.18
56 97 0.16
57 77 0.857
57 60 0.165
57 68 0.098
57 71 0.181
57 92 0.046
57 59 0.108
57 79 0.209
57 63 0.186
57 65 0.144
57 66 0.109
57 72 0.209
57 73 0.186
57 74 0.173
57 76 0.131
57 85 0.145
57 93 0.125
57 97 0.132
57 99 0.109
58 96 0.911
58 59 1
58 97 0.093
58 65 0.169
58 67 0.21
58 68 0.166
58 78 0.124
58 88 0.183
58 60 0.15
58 63 0.119
58 72 0.189
58 74 0.153
58 77 0.189
58 85 0.163
58 95 0.148
59 66 0.893
59 65 0.544
59 85 0.135
59 82 0.319
59 89 0.143
59 84 0.013
59 90 0.32
59 95 0.052
59 61 0.201
59 62 0.172
59 63 0.144
59 70 0.189
59 78 0.156
59 79 0.14
59 86 0.169
59 88 0.172
59 94 0.115
60 96 0.879
60 97 0.535
60 75 0.549
60 76 0.163
60 88 0.303
60 64 0.077
60 62 0.203
60 74 0.188
60 78 0.204
60 79 0.134
60 87 0.161
60 90 0.141
60 92 0.134
61 69 0.541
61 62 0.138
61 65 0.173
61 63 0.17
61 66 0.075
61 72 0.141
61 74 0.135
61 75 0.13
61 77 0.164
61 80 0.149
61 81 0.118
61 82 0.175
61 84 0.158
61 90 0.162
61 91 0.163
61 93 0.131
61 96 0.219
61 98 0.166
61 99 0.238
62 65 0.117
62 87 0.179
62 69 0.115
62 90 0.175
62 93 0.213
62 98 0.073
62 64 0.14
62 67 0.131
62 77 0.172
62 80 0.176
62 82 0.128
62 83 0.087
62 84 0.1
62 85 0.213
62 89 0.147
62 96 0.194
63 71 0.18
63 94 0.098
63 98 0.037
63 74 0.16
63 84 0.132
63 66 0.168
63 67 0.168
63 70 0.126
63 80 0.14
63 82 0.096
63 83 0.162
63 87 0.143
63 89 0.186
63 92 0.175
64 82 1
64 76 0.216
64 72 0.218
64 65 0.152
64 66 0.144
64 81 0.13
64 71 0.174
64 73 0.205
64 75 0.186
64 78 0.099
64 83 0.182
64 88 0.151
64 95 0.14
65 90 0.854
65 89 0.165
65 99 0.158
65 67 0.25
65 72 0.205
65 74 0.224
65 78 0.156
65 80 0.115
65 85 0.215
65 88 0.146
66 98 0.759
66 70 0.083
66 93 0.127
66 74 0.275
66 83 0.164
66 68 0.122
66 72 0.138
66 75 0.154
66 78 0.161
66 80 0.193
66 81 0.137
66 82 0.156
66 85 0.197
66 88 0.124
67 99 0.984
67 88 0.84
67 83 0.775
67 76 0.192
67 89 0.144
67 93 0.166
67 70 0.143
67 84 0.159
67 87 0.144
67 92 0.184
68 94 0.7
68 84 0.761
68 93 1
68 97 0.513
68 88 0.178
68 69 0.242
68 76 0.179
68 74 0.068
68 78 0.171
68 79 0.192
68 82 0.21
68 83 0.108
68 87 0.153
69 74 0.169
69 94 0.236
69 93 0.123
69 78 0.117
69 80 0.148
69 85 0.091
69 88 0.147
69 77 0.182
69 95 0.158
69 96 0.146
70 71 0.098
70 90 0.059
70 72 0.139
70 89 0.222
70 75 0.209
70 76 0.106
70 77 0.154
70 83 0.186
70 84 0.156
70 96 0.209
71 98 0.902
71 84 1
71 83 0.19
71 72 0.172
71 87 0.149
71 88 0.217
71 93 0.124
71 94 0.088
72 82 0.994
72 92 0.127
72 93 0.089
72 78 0.196
72 75 0.166
72 76 0.173
72 80 0.12
72 81 0.195
72 83 0.167
72 84 0.155
72 87 0.115
72 88 0.097
72 90 0.091
72 91 0.174
72 97 0.154
72 98 0.152
73 78 0.168
73 87 0.153
73 88 0.101
73 79 0.138
73 86 0.134
73 89 0.19
73 91 0.12
73 77 0.149
73 92 0.116
73 95 0.158
73 97 0.13
73 98 0.139
73 99 0.144
74 89 0.805
74 75 1
74 99 0.83
74 95 0.246
74 76 0.186
74 79 0.156
74 81 0.181
74 77 0.082
74 87 0.184
74 88 0.093
74 92 0.201
74 93 0.112
74 94 0.128
75 99 0.862
75 79 0.731
75 98 0.152
75 80 0.154
75 81 0.174
75 83 0.122
75 96 0.053
75 86 0.167
75 87 0.16
75 93 0.15
75 94 0.145
75 97 0.124
76 94 0.741
76 85 0.193
76 95 0.081
76 81 0.286
76 84 0.167
76 96 0.116
76 79 0.168
76 80 0.134
76 90 0.126
76 93 0.148
76 97 0.198
77 80 0.786
77 78 0.648
77 88 0.863
77 98 0.136
77 85 0.201
77 86 0.153
77 87 0.106
77 91 0.163
77 93 0.146
77 95 0.16
77 96 0.14
78 80 0.265
78 99 0.113
78 83 0.103
78 87 0.125
78 89 0.165
78 95 0.16
78 96 0.183
78 98 0.204
79 82 0.164
79 83 0.119
79 81 0.166
79 88 0.141
79 80 0.121
79 84 0.149
79 87 0.121
79 91 0.165
79 94 0.147
79 95 0.213
79 99 0.156
80 98 0.732
80 83 0.169
80 82 0.146
80 86 0.122
80 87 0.154
80 96 0.14
81 92 0.134
81 96 0.265
81 82 0.113
81 89 0.171
81 88 0.115
81 90 0.119
81 93 0.124
81 95 0.176
82 96 0.815
82 90 0.156
82 84 0.18
82 99 0.174
83 97 1
83 85 0.164
83 86 0.134
83 88 0.096
83 91 0.091
83 94 0.156
83 96 0.159
84 88 0.172
84 95 0.196
84 87 0.135
84 98 0.083
84 99 0.187
85 93 0.042
85 94 0.18
85 98 0.137
85 99 0.163
86 87 0.147
86 89 0.145
86 90 0.143
87 98 0.183
87 94 0.146
87 96 0.066
87 88 0.124
87 89 0.184
87 95 0.151
87 97 0.148
88 95 0.807
88 97 0.876
88 91 0.134
89 96 0.124
89 94 0.207
90 99 0.959
90 91 1
90 96 0.163
90 94 0.049
90 95 0.191
90 98 0.147
91 95 1
92 94 0.639
92 95 0.088
92 97 0.165
92 93 0.13
92 99 0.188
93 95 0.127
93 96 0.172
95 96 0.17
96 97 0.178
96 98 0.154
97 98 0.166
98 99 0.131
