0 10 0.536
0 11 0.494
0 14 0.403
0 15 0.634
0 33 0.563
0 36 1
0 43 0.628
0 51 0.819
0 57 0.771
0 62 0.659
0 64 0.369
0 65 0.794
0 68 0.635
0 72 0.436
0 75 0.482
0 76 0.438
0 79 0.407
0 95 0.615
0 2 0.202
0 3 0.168
0 7 0.11
0 9 0.172
0 18 0.213
0 19 0.064
0 22 0.035
0 24 0.428
0 26 0.062
0 29 0.419
0 37 0.042
0 39 0.364
0 40 0.029
0 42 0.231
0 45 0.25
0 46 0.213
0 47 0.175
0 50 0.299
0 52 0.25
0 55 0.333
0 59 0.339
0 67 0.035
0 69 0.167
0 74 0.168
0 78 0.016
0 81 0.207
0 86 0.031
0 92 0.126
0 97 0.108
0 98 0.332
0 5 0.168
0 21 0.184
0 25 0.084
0 31 0.202
0 32 0.156
0 35 0.144
0 44 0.201
0 54 0.077
0 56 0.169
0 58 0.169
0 60 0.158
0 66 0.002
0 71 0.137
0 80 0.187
0 83 0.207
0 85 0.187
0 1 0.159
0 8 0.185
0 12 0.141
0 17 0.15
0 28 0.104
0 61 0.166
0 63 0.181
0 73 0.091
0 77 0.139
0 82 0.181
0 84 0.137
0 88 0.165
0 94 0.17
0 96 0.148
0 99 0.159
1 6 0.731
1 16 0.581
1 17 0.322
1 41 0.83
1 45 0.543
1 54 0.433
1 62 0.681
1 64 0.693
1 84 0.312
1 96 0.512
1 97 0.618
1 2 0.135
1 3 0.137
1 5 0.057
1 7 0.154
1 8 0.16
1 10 0.22
1 12 0.19
1 15 0.249
1 18 0.316
1 20 0.133
1 21 0.138
1 27 0.109
1 30 0.245
1 32 0.019
1 35 0.184
1 40 0.13
1 43 0.136
1 44 0.117
1 47 0.205
1 51 0.175
1 59 0.257
1 61 0.027
1 74 0.145
1 78 0.398
1 81 0.153
1 82 0.154
1 87 0.047
1 88 0.099
1 99 0.157
1 9 0.124
1 13 0.128
1 23 0.181
1 48 0.083
1 49 0.262
1 66 0.127
1 67 0.165
1 75 0.079
1 79 0.299
1 89 0.216
1 93 0.296
1 98 0.09
1 4 0.132
1 11 0.19
1 14 0.158
1 19 0.193
1 24 0.147
1 25 0.098
1 28 0.184
1 31 0.144
1 34 0.144
1 46 0.12
1 50 0.155
1 55 0.147
1 63 0.15
1 68 0.14
1 69 0.123
1 71 0.168
1 72 0.119
1 73 0.185
1 80 0.14
1 83 0.131
1 90 0.175
1 91 0.175
2 8 0.676
2 20 0.688
2 38 0.285
2 40 0.727
2 41 0.937
2 48 0.065
2 57 0.517
2 67 0.685
2 81 0.188
2 83 0.619
2 3 0.22
2 6 0.147
2 9 0.051
2 10 0.111
2 11 0.141
2 13 0.276
2 16 0.148
2 17 0.089
2 19 0.148
2 21 0.16
2 22 0.283
2 23 0.144
2 33 0.119
2 45 0.152
2 47 0.143
2 49 0.13
2 53 0.144
2 55 0.183
2 58 0.157
2 60 0.184
2 61 0.134
2 63 0.137
2 64 0.08
2 65 0.57
2 66 0.19
2 70 0.075
2 71 0.357
2 73 0.092
2 75 0.108
2 76 0.199
2 77 0.133
2 78 0.353
2 80 0.162
2 84 0.066
2 92 0.145
2 97 0.266
2 15 0.144
2 25 0.092
2 35 0.402
2 36 0.187
2 37 0.115
2 39 0.208
2 42 0.276
2 44 0.069
2 50 0.182
2 85 0.318
2 95 0.363
2 96 0.285
2 7 0.138
2 14 0.137
2 18 0.146
2 26 0.131
2 29 0.163
2 31 0.151
2 32 0.147
2 46 0.176
2 52 0.133
2 54 0.133
2 59 0.131
2 68 0.127
2 74 0.119
2 79 0.105
2 87 0.13
2 90 0.132
2 91 0.134
2 93 0.164
3 8 0.192
3 9 0.802
3 38 0.685
3 46 0.646
3 52 0.545
3 55 0.064
3 59 0.655
3 63 0.814
3 64 0.681
3 69 0.105
3 71 0.77
3 72 0.922
3 73 0.801
3 74 0.644
3 96 0.409
3 98 0.845
3 13 0.3
3 19 0.192
3 20 0.052
3 24 0.004
3 26 0.179
3 33 0.446
3 34 0.137
3 35 0.268
3 37 0.178
3 40 0.308
3 41 0.241
3 44 0.199
3 47 0.271
3 48 0.074
3 50 0.242
3 56 0.116
3 57 0.276
3 61 0.217
3 62 0.204
3 67 0.091
3 70 0.149
3 76 0.193
3 77 0.131
3 85 0.401
3 89 0.079
3 12 0.157
3 21 0.199
3 25 0.118
3 31 0.422
3 42 0.202
3 51 0.101
3 81 0.157
3 97 0.231
3 4 0.16
3 5 0.154
3 6 0.137
3 11 0.165
3 17 0.152
3 22 0.21
3 23 0.171
3 27 0.216
3 28 0.129
3 30 0.105
3 32 0.157
3 36 0.138
3 39 0.127
3 43 0.118
3 45 0.131
3 58 0.169
3 66 0.126
3 68 0.191
3 75 0.144
3 78 0.192
3 80 0.159
3 82 0.175
3 83 0.175
3 88 0.136
3 90 0.215
3 91 0.229
3 93 0.111
3 95 0.163
3 99 0.163
4 5 0.988
4 18 0.654
4 35 0.877
4 40 0.506
4 48 0.728
4 51 0.607
4 52 0.678
4 62 0.26
4 73 0.342
4 76 0.77
4 82 0.752
4 93 0.986
4 99 0.595
4 8 0.231
4 11 0.161
4 13 0.217
4 20 0.19
4 24 0.256
4 25 0.165
4 27 0.243
4 29 0.276
4 30 0.125
4 32 0.567
4 41 0.042
4 42 0.182
4 43 0.111
4 46 0.048
4 55 0.084
4 57 0.158
4 63 0.099
4 64 0.141
4 66 0.012
4 70 0.054
4 74 0.148
4 75 0.097
4 79 0.19
4 83 0.11
4 84 0.132
4 94 0.114
4 97 0.162
4 98 0.093
4 6 0.19
4 12 0.228
4 15 0.204
4 31 0.196
4 59 0.087
4 67 0.19
4 72 0.099
4 80 0.296
4 90 0.163
4 91 0.179
4 96 0.26
4 7 0.115
4 9 0.117
4 17 0.179
4 23 0.197
4 26 0.129
4 33 0.155
4 38 0.116
4 39 0.119
4 44 0.169
4 53 0.145
4 54 0.156
4 58 0.102
4 60 0.121
4 65 0.114
4 71 0.182
4 77 0.176
4 81 0.176
4 85 0.14
4 87 0.155
4 88 0.128
4 89 0.157
5 7 0.193
5 8 0.278
5 19 0.865
5 23 0.927
5 27 0.89
5 30 0.498
5 31 0.578
5 45 0.594
5 53 0.302
5 55 0.432
5 57 0.094
5 71 0.077
5 79 0.692
5 82 0.539
5 85 0.538
5 87 0.561
5 90 0.344
5 95 0.648
5 97 0.162
5 10 0.097
5 11 0.084
5 16 0.242
5 28 0.134
5 29 0.02
5 32 0.177
5 39 0.249
5 43 0.117
5 46 0.171
5 48 0.06
5 51 0.051
5 64 0.148
5 66 0.16
5 69 0.104
5 75 0.138
5 76 0.076
5 86 0.021
5 94 0.058
5 20 0.25
5 21 0.128
5 37 0.137
5 42 0.203
5 44 0.153
5 47 0.165
5 50 0.12
5 54 0.236
5 56 0.24
5 61 0.177
5 63 0.215
5 68 0.19
5 80 0.134
5 84 0.217
5 89 0.134
5 91 0.16
5 93 0.24
5 17 0.132
5 24 0.135
5 25 0.128
5 26 0.177
5 33 0.162
5 34 0.206
5 40 0.092
5 41 0.129
5 52 0.11
5 60 0.118
5 67 0.171
5 72 0.201
5 74 0.147
5 78 0.142
5 83 0.125
5 88 0.184
6 7 0.768
6 9 0.395
6 11 0.552
6 29 1
6 33 0.362
6 37 0.865
6 38 0.52
6 39 0.576
6 43 0.601
6 46 0.547
6 50 0.588
6 57 0.439
6 58 0.851
6 62 0.706
6 63 0.771
6 64 0.548
6 73 0.489
6 75 0.775
6 78 0.561
6 80 0.612
6 81 0.611
6 90 0.584
6 91 0.949
6 96 0.768
6 99 1
6 18 0.275
6 21 0.294
6 24 0.206
6 30 0.075
6 32 0.171
6 34 0.005
6 36 0.18
6 45 0.079
6 52 0.159
6 53 0.008
6 55 0.105
6 60 0.181
6 66 0.296
6 69 0.171
6 72 0.206
6 77 0.168
6 83 0.165
6 89 0.156
6 92 0.172
6 94 0.367
6 16 0.114
6 17 0.04
6 19 0.161
6 23 0.217
6 25 0.207
6 28 0.375
6 49 0.121
6 54 0.148
6 79 0.124
6 87 0.143
6 97 0.2
6 8 0.135
6 12 0.153
6 13 0.137
6 14 0.128
6 15 0.174
6 20 0.172
6 26 0.147
6 27 0.118
6 31 0.149
6 35 0.17
6 40 0.172
6 41 0.14
6 42 0.17
6 56 0.155
6 67 0.143
6 70 0.187
6 82 0.145
6 84 0.119
6 88 0.14
7 8 0.802
7 9 0.505
7 10 0.719
7 13 1
7 29 0.4
7 30 0.137
7 32 0.36
7 40 0.261
7 41 0.486
7 59 0.819
7 65 0.496
7 70 0.662
7 73 0.481
7 74 0.989
7 77 0.814
7 78 0.613
7 82 1
7 90 0.477
7 99 0.241
7 11 0.315
7 17 0.113
7 19 0.149
7 20 0.06
7 26 0.182
7 31 0.202
7 35 0.325
7 39 0.106
7 42 0.08
7 44 0.271
7 47 0.113
7 57 0.207
7 58 0.111
7 62 0.16
7 63 0.178
7 64 0.122
7 69 0.193
7 72 0.134
7 79 0.598
7 81 0.163
7 87 0.068
7 96 0.166
7 98 0.118
7 23 0.211
7 27 0.133
7 28 0.141
7 37 0.17
7 49 0.134
7 52 0.154
7 56 0.204
7 60 0.143
7 61 0.158
7 67 0.097
7 80 0.143
7 83 0.161
7 91 0.205
7 92 0.2
7 94 0.119
7 12 0.192
7 14 0.186
7 15 0.148
7 18 0.151
7 22 0.108
7 33 0.128
7 36 0.173
7 38 0.15
7 43 0.121
7 45 0.175
7 50 0.174
7 55 0.141
7 66 0.199
7 71 0.167
7 75 0.193
7 76 0.127
7 84 0.099
7 86 0.131
7 93 0.17
8 15 0.114
8 16 1
8 19 0.663
8 20 0.636
8 26 0.735
8 30 0.712
8 34 0.473
8 54 0.786
8 59 0.499
8 64 0.676
8 66 0.797
8 68 0.348
8 69 0.964
8 70 0.483
8 80 0.382
8 82 0.772
8 85 0.511
8 90 0.809
8 99 0.858
8 25 0.137
8 31 0.421
8 35 0.158
8 36 0.148
8 39 0.09
8 43 0.045
8 48 0.046
8 49 0.033
8 51 0.119
8 53 0.207
8 58 0.083
8 62 0.169
8 72 0.093
8 73 0.016
8 76 0.136
8 78 0.272
8 81 0.255
8 83 0.171
8 84 0.078
8 86 0.165
8 87 0.265
8 89 0.393
8 91 0.238
8 96 0.09
8 12 0.25
8 17 0.242
8 21 0.176
8 23 0.305
8 24 0.148
8 37 0.162
8 47 0.173
8 52 0.059
8 61 0.078
8 65 0.181
8 67 0.154
8 74 0.142
8 77 0.061
8 88 0.221
8 10 0.137
8 13 0.108
8 18 0.152
8 22 0.175
8 27 0.159
8 28 0.121
8 33 0.152
8 40 0.138
8 41 0.145
8 42 0.152
8 55 0.202
8 57 0.174
8 60 0.168
8 79 0.144
8 92 0.135
8 93 0.175
8 95 0.124
9 13 0.641
9 26 0.429
9 27 0.64
9 33 0.994
9 39 0.623
9 47 0.855
9 50 0.199
9 53 0.677
9 56 0.69
9 60 0.796
9 65 0.39
9 69 0.316
9 72 0.512
9 73 0.566
9 97 0.775
9 14 0.125
9 16 0.154
9 18 0.146
9 19 0.256
9 25 0.133
9 29 0.347
9 30 0.104
9 32 0.131
9 34 0.257
9 35 0.335
9 40 0.177
9 45 0.037
9 48 0.008
9 51 0.051
9 55 0.258
9 58 0.139
9 66 0.054
9 71 0.137
9 74 0.06
9 75 0.172
9 76 0.154
9 78 0.065
9 79 0.192
9 84 0.28
9 87 0.037
9 89 0.291
9 90 0.15
9 91 0.365
9 94 0.069
9 15 0.23
9 21 0.115
9 24 0.271
9 43 0.175
9 46 0.047
9 54 0.156
9 77 0.164
9 81 0.148
9 93 0.024
9 95 0.149
9 10 0.179
9 11 0.165
9 12 0.109
9 36 0.162
9 38 0.15
9 49 0.181
9 52 0.153
9 57 0.103
9 59 0.161
9 61 0.147
9 68 0.151
9 80 0.19
9 82 0.181
9 88 0.159
9 99 0.148
10 15 0.795
10 18 0.558
10 20 0.963
10 25 0.502
10 29 0.691
10 35 0.5
10 45 0.605
10 46 0.543
10 49 0.587
10 53 0.573
10 62 0.696
10 63 0.262
10 70 0.853
10 81 0.423
10 86 0.44
10 89 0.343
10 17 0.061
10 26 0.123
10 31 0.133
10 32 0.134
10 40 0.174
10 41 0.088
10 47 0.138
10 50 0.155
10 51 0.07
10 54 0.009
10 57 0.12
10 58 0.318
10 65 0.211
10 67 0.229
10 72 0.115
10 73 0.342
10 74 0.089
10 79 0.088
10 83 0.151
10 88 0.208
10 94 0.094
10 13 0.258
10 19 0.262
10 30 0.276
10 33 0.194
10 42 0.129
10 44 0.162
10 48 0.368
10 55 0.182
10 56 0.171
10 80 0.124
10 84 0.049
10 92 0.249
10 11 0.191
10 12 0.128
10 22 0.149
10 23 0.155
10 28 0.12
10 36 0.163
10 52 0.135
10 59 0.201
10 64 0.186
10 68 0.216
10 75 0.11
10 76 0.147
10 87 0.151
10 90 0.104
10 95 0.139
10 97 0.163
10 98 0.136
11 21 0.399
11 26 0.746
11 27 0.652
11 30 0.724
11 37 0.805
11 47 0.86
11 55 0.717
11 58 0.565
11 67 0.247
11 69 0.584
11 75 0.39
11 77 0.858
11 81 0.816
11 83 0.504
11 88 0.521
11 89 0.697
11 93 0.519
11 96 0.483
11 97 0.536
11 98 0.562
11 14 0.066
11 15 0.328
11 16 0.278
11 19 0.276
11 28 0.201
11 31 0.057
11 40 0.203
11 57 0.051
11 62 0.153
11 66 0.145
11 71 0.05
11 72 0.198
11 73 0.372
11 79 0.087
11 80 0.302
11 90 0.018
11 91 0.159
11 92 0.021
11 94 0.006
11 95 0.117
11 17 0.183
11 25 0.271
11 33 0.289
11 76 0.183
11 85 0.263
11 24 0.17
11 29 0.126
11 32 0.1
11 34 0.151
11 35 0.154
11 36 0.156
11 38 0.164
11 39 0.123
11 42 0.156
11 43 0.142
11 44 0.146
11 45 0.137
11 48 0.084
11 49 0.14
11 50 0.18
11 51 0.194
11 52 0.179
11 54 0.114
11 56 0.188
11 59 0.17
11 61 0.129
11 65 0.076
11 68 0.187
11 70 0.199
11 84 0.144
11 86 0.129
11 87 0.123
11 99 0.108
12 16 0.116
12 21 0.629
12 27 0.696
12 29 0.707
12 30 0.675
12 34 0.482
12 35 0.733
12 37 0.36
12 48 0.73
12 57 0.828
12 61 0.509
12 68 0.502
12 95 1.0
12 97 0.749
12 19 0.242
12 24 0.247
12 31 0.131
12 32 0.198
12 38 0.153
12 41 0.113
12 47 0.266
12 49 0.136
12 52 0.076
12 60 0.349
12 64 0.135
12 65 0.093
12 69 0.163
12 71 0.291
12 73 0.08
12 76 0.028
12 79 0.214
12 82 0.262
12 83 0.119
12 85 0.057
12 86 0.097
12 88 0.184
12 90 0.194
12 23 0.094
12 28 0.09
12 42 0.171
12 58 0.02
12 67 0.105
12 70 0.103
12 74 0.295
12 93 0.169
12 98 0.117
12 99 0.168
12 15 0.173
12 20 0.179
12 25 0.15
12 26 0.185
12 33 0.134
12 36 0.159
12 40 0.125
12 43 0.166
12 45 0.214
12 50 0.149
12 51 0.174
12 53 0.104
12 54 0.161
12 55 0.171
12 59 0.162
12 63 0.137
12 72 0.156
12 75 0.145
12 78 0.148
12 84 0.166
12 87 0.14
12 89 0.172
12 91 0.143
12 92 0.141
12 94 0.119
12 96 0.169
13 15 0.717
13 16 0.536
13 25 1
13 32 0.368
13 40 1
13 51 0.878
13 56 0.71
13 64 0.823
13 66 0.588
13 88 0.712
13 92 0.055
13 14 0.119
13 17 0.091
13 18 0.203
13 22 0.019
13 26 0.169
13 30 0.153
13 37 0.212
13 44 0.223
13 55 0.248
13 60 0.281
13 62 0.122
13 65 0.178
13 69 0.168
13 71 0.102
13 73 0.221
13 74 0.127
13 76 0.179
13 86 0.293
13 90 0.023
13 91 0.179
13 95 0.004
13 99 0.155
13 31 0.171
13 35 0.115
13 39 0.114
13 46 0.172
13 77 0.174
13 83 0.185
13 97 0.128
13 20 0.176
13 28 0.147
13 29 0.136
13 34 0.179
13 36 0.102
13 38 0.157
13 47 0.1
13 48 0.171
13 50 0.141
13 52 0.188
13 53 0.187
13 54 0.178
13 57 0.123
13 58 0.156
13 59 0.132
13 61 0.166
13 63 0.12
13 72 0.166
13 81 0.181
13 84 0.12
13 94 0.154
13 96 0.177
13 98 0.166
14 17 0.665
14 19 0.581
14 28 0.492
14 37 0.821
14 54 0.559
14 55 0.524
14 60 0.173
14 64 0.682
14 77 0.498
14 78 1
14 80 0.856
14 93 0.548
14 16 0.036
14 20 0.22
14 27 0.101
14 34 0.3
14 36 0.086
14 46 0.001
14 49 0.178
14 50 0.133
14 52 0.139
14 53 0.172
14 58 0.204
14 62 0.15
14 63 0.068
14 66 0.208
14 72 0.142
14 73 0.444
14 74 0.097
14 79 0.229
14 83 0.175
14 85 0.114
14 90 0.135
14 91 0.039
14 96 0.167
14 21 0.258
14 24 0.171
14 26 0.131
14 30 0.25
14 32 0.214
14 38 0.094
14 43 0.168
14 56 0.116
14 61 0.046
14 76 0.051
14 82 0.138
14 84 0.225
14 86 0.1
14 95 0.157
14 18 0.175
14 22 0.207
14 23 0.159
14 25 0.105
14 33 0.125
14 35 0.112
14 39 0.162
14 41 0.142
14 44 0.136
14 45 0.166
14 70 0.127
14 71 0.176
14 81 0.14
14 92 0.195
14 98 0.139
15 21 0.672
15 31 0.723
15 36 0.346
15 47 0.804
15 52 0.906
15 57 0.61
15 63 0.447
15 73 0.838
15 75 0.451
15 81 0.567
15 82 0.193
15 86 0.951
15 98 0.817
15 17 0.221
15 23 0.096
15 33 0.209
15 35 0.206
15 38 0.21
15 39 0.117
15 40 0.017
15 45 0.372
15 46 0.159
15 49 0.053
15 51 0.116
15 53 0.262
15 60 0.169
15 62 0.125
15 65 0.043
15 67 0.017
15 71 0.086
15 72 0.228
15 85 0.224
15 90 0.154
15 95 0.125
15 97 0.161
15 24 0.121
15 50 0.18
15 66 0.179
15 78 0.152
15 88 0.226
15 93 0.121
15 94 0.102
15 16 0.188
15 19 0.172
15 22 0.163
15 28 0.129
15 30 0.166
15 32 0.176
15 37 0.114
15 43 0.197
15 44 0.121
15 48 0.16
15 54 0.135
15 55 0.13
15 56 0.114
15 58 0.181
15 61 0.137
15 74 0.149
15 76 0.162
15 79 0.152
15 80 0.148
15 96 0.135
15 99 0.173
16 20 0.599
16 24 0.611
16 30 0.73
16 34 0.311
16 43 0.689
16 45 0.709
16 52 0.372
16 54 0.668
16 55 0.804
16 56 0.534
16 61 0.642
16 67 1
16 68 0.761
16 81 0.798
16 83 1
16 92 0.192
16 96 0.287
16 98 0.745
16 17 0.149
16 18 0.166
16 25 0.225
16 29 0.044
16 41 0.304
16 42 0.178
16 44 0.159
16 47 0.137
16 48 0.16
16 50 0.062
16 57 0.141
16 58 0.24
16 59 0.14
16 65 0.096
16 69 0.104
16 70 0.201
16 72 0.059
16 78 0.135
16 80 0.236
16 87 0.042
16 23 0.145
16 31 0.144
16 37 0.3
16 19 0.158
16 21 0.172
16 22 0.162
16 26 0.149
16 27 0.157
16 32 0.138
16 40 0.142
16 49 0.154
16 60 0.118
16 62 0.164
16 64 0.178
16 66 0.137
16 74 0.123
16 75 0.189
16 79 0.185
16 82 0.148
16 84 0.132
16 85 0.195
16 91 0.21
16 93 0.103
16 95 0.171
16 99 0.102
17 19 0.15
17 22 0.425
17 24 0.746
17 29 0.975
17 30 0.527
17 39 0.77
17 43 0.936
17 44 0.602
17 47 0.581
17 55 0.633
17 61 0.398
17 62 0.591
17 66 0.578
17 71 0.408
17 75 0.887
17 82 0.515
17 87 0.381
17 92 0.89
17 26 0.119
17 31 0.059
17 32 0.202
17 33 0.094
17 36 0.256
17 42 0.168
17 46 0.176
17 48 0.265
17 51 0.149
17 52 0.119
17 53 0.16
17 58 0.187
17 59 0.213
17 63 0.155
17 64 0.09
17 67 0.128
17 69 0.173
17 78 0.075
17 80 0.114
17 83 0.178
17 89 0.074
17 90 0.197
17 93 0.117
17 95 0.203
17 96 0.077
17 98 0.208
17 34 0.207
17 57 0.046
17 65 0.285
17 73 0.385
17 99 0.161
17 18 0.164
17 20 0.14
17 21 0.134
17 27 0.131
17 37 0.166
17 38 0.19
17 41 0.148
17 49 0.187
17 50 0.071
17 54 0.177
17 70 0.152
17 72 0.196
17 79 0.19
17 85 0.163
17 86 0.161
17 94 0.156
18 29 0.7
18 33 0.637
18 46 0.529
18 47 0.739
18 55 0.281
18 59 0.3
18 69 0.553
18 73 0.871
18 76 0.579
18 79 0.481
18 83 0.572
18 87 0.78
18 93 0.532
18 95 0.7
18 21 0.302
18 24 0.15
18 25 0.047
18 27 0.303
18 28 0.107
18 30 0.252
18 32 0.18
18 34 0.239
18 35 0.132
18 36 0.141
18 40 0.262
18 42 0.286
18 43 0.027
18 44 0.149
18 53 0.19
18 57 0.117
18 61 0.098
18 67 0.145
18 70 0.133
18 74 0.232
18 78 0.189
18 80 0.151
18 81 0.197
18 82 0.445
18 85 0.157
18 86 0.152
18 91 0.154
18 92 0.168
18 97 0.226
18 45 0.145
18 58 0.087
18 64 0.174
18 94 0.091
18 96 0.161
18 98 0.228
18 19 0.081
18 22 0.166
18 23 0.159
18 39 0.133
18 41 0.152
18 48 0.138
18 50 0.21
18 52 0.13
18 60 0.102
18 63 0.195
18 68 0.143
18 71 0.18
18 84 0.104
18 89 0.147
18 99 0.177
19 20 0.656
19 21 0.814
19 25 0.634
19 35 0.584
19 40 0.356
19 52 0.774
19 59 0.452
19 67 0.546
19 75 1
19 77 0.817
19 80 0.594
19 85 0.619
19 87 0.804
19 90 0.71
19 98 0.856
19 22 0.2
19 26 0.164
19 27 0.012
19 28 0.168
19 31 0.195
19 32 0.192
19 36 0.2
19 41 0.139
19 42 0.275
19 46 0.191
19 49 0.263
19 51 0.407
19 55 0.144
19 57 0.249
19 62 0.108
19 65 0.108
19 69 0.166
19 82 0.158
19 89 0.094
19 95 0.11
19 96 0.112
19 99 0.157
19 33 0.197
19 37 0.297
19 54 0.114
19 61 0.092
19 68 0.185
19 72 0.112
19 73 0.2
19 76 0.088
19 78 0.122
19 81 0.147
19 86 0.084
19 92 0.33
19 97 0.081
19 23 0.132
19 24 0.09
19 29 0.161
19 34 0.149
19 47 0.167
19 48 0.179
19 58 0.134
19 63 0.107
19 64 0.195
19 70 0.123
19 79 0.146
19 88 0.203
19 91 0.082
19 93 0.126
19 94 0.106
20 22 0.486
20 32 0.519
20 41 0.724
20 57 0.665
20 65 0.798
20 71 0.52
20 76 0.814
20 83 0.574
20 89 0.041
20 90 0.573
20 92 0.914
20 94 0.646
20 21 0.155
20 30 0.062
20 34 0.261
20 43 0.139
20 44 0.135
20 45 0.005
20 46 0.209
20 47 0.327
20 51 0.331
20 52 0.298
20 54 0.216
20 56 0.29
20 58 0.335
20 59 0.185
20 62 0.264
20 63 0.14
20 68 0.33
20 70 0.01
20 72 0.273
20 75 0.234
20 77 0.166
20 78 0.097
20 79 0.059
20 81 0.413
20 91 0.231
20 93 0.331
20 96 0.172
20 31 0.053
20 33 0.159
20 35 0.193
20 42 0.15
20 48 0.26
20 64 0.102
20 66 0.164
20 86 0.313
20 87 0.096
20 95 0.182
20 26 0.16
20 28 0.134
20 49 0.12
20 53 0.104
20 55 0.179
20 60 0.13
20 73 0.11
20 74 0.132
20 84 0.14
20 97 0.149
20 99 0.123
21 26 0.406
21 29 0.852
21 31 0.597
21 39 0.569
21 41 0.595
21 46 0.818
21 58 0.97
21 62 0.739
21 68 0.586
21 69 0.904
21 74 0.619
21 75 0.197
21 81 0.458
21 82 0.911
21 95 0.773
21 96 0.761
21 24 0.002
21 25 0.316
21 28 0.03
21 34 0.222
21 37 0.147
21 53 0.029
21 57 0.118
21 70 0.06
21 76 0.243
21 80 0.181
21 83 0.07
21 86 0.095
21 87 0.049
21 93 0.229
21 99 0.069
21 23 0.101
21 27 0.099
21 49 0.07
21 55 0.097
21 56 0.191
21 59 0.182
21 65 0.13
21 71 0.179
21 85 0.155
21 90 0.103
21 94 0.328
21 97 0.134
21 22 0.112
21 30 0.141
21 33 0.131
21 35 0.112
21 36 0.14
21 38 0.171
21 42 0.142
21 45 0.179
21 47 0.156
21 50 0.1
21 51 0.154
21 52 0.136
21 54 0.174
21 63 0.132
21 64 0.189
21 66 0.192
21 67 0.142
21 72 0.14
21 77 0.129
21 79 0.155
21 84 0.186
21 88 0.102
21 91 0.14
22 30 0.768
22 31 0.844
22 38 0.678
22 46 0.504
22 47 0.801
22 48 0.804
22 51 0.832
22 52 0.807
22 55 0.603
22 64 1
22 70 0.873
22 72 0.565
22 87 0.653
22 92 0.574
22 95 0.503
22 26 0.163
22 27 0.262
22 34 0.204
22 39 0.281
22 40 0.093
22 41 0.217
22 50 0.22
22 54 0.128
22 56 0.131
22 59 0.037
22 66 0.211
22 69 0.242
22 71 0.014
22 77 0.178
22 81 0.1
22 82 0.1
22 84 0.207
22 85 0.204
22 89 0.175
22 93 0.079
22 98 0.15
22 99 0.065
22 23 0.025
22 25 0.177
22 29 0.236
22 33 0.023
22 43 0.129
22 60 0.1
22 67 0.216
22 76 0.189
22 79 0.179
22 94 0.014
22 97 0.131
22 35 0.207
22 42 0.188
22 58 0.142
22 62 0.18
22 63 0.217
22 65 0.174
22 68 0.072
22 75 0.144
22 78 0.146
22 80 0.139
22 83 0.162
22 86 0.164
22 88 0.163
23 24 0.426
23 26 0.885
23 35 0.514
23 43 0.657
23 45 0.231
23 48 0.77
23 51 0.76
23 53 0.695
23 56 0.665
23 61 0.069
23 70 0.61
23 73 0.197
23 80 0.782
23 88 0.669
23 89 0.486
23 90 0.698
23 94 0.671
23 95 1
23 96 0.239
23 99 0.574
23 32 0.265
23 38 0.102
23 42 0.161
23 46 0.137
23 49 0.175
23 57 0.108
23 58 0.158
23 62 0.103
23 68 0.048
23 79 0.044
23 81 0.319
23 92 0.296
23 28 0.134
23 29 0.229
23 33 0.282
23 36 0.103
23 71 0.03
23 72 0.16
23 74 0.164
23 78 0.087
23 85 0.159
23 86 0.048
23 25 0.161
23 39 0.106
23 41 0.161
23 44 0.172
23 47 0.125
23 50 0.179
23 52 0.147
23 54 0.147
23 55 0.134
23 60 0.17
23 63 0.175
23 64 0.116
23 67 0.14
23 69 0.174
23 77 0.1
23 82 0.149
23 91 0.141
23 93 0.168
23 97 0.191
24 31 0.628
24 34 0.618
24 42 0.649
24 45 0.892
24 50 0.842
24 57 0.825
24 58 0.767
24 60 0.181
24 62 0.638
24 64 0.619
24 75 0.229
24 76 0.045
24 78 0.551
24 80 1
24 81 0.567
24 82 0.556
24 83 0.702
24 92 0.356
24 98 0.942
24 27 0.316
24 28 0.111
24 30 0.096
24 32 0.37
24 33 0.189
24 51 0.118
24 52 0.228
24 63 0.163
24 65 0.083
24 70 0.342
24 71 0.02
24 77 0.121
24 79 0.203
24 84 0.33
24 93 0.19
24 48 0.053
24 49 0.155
24 73 0.118
24 74 0.029
24 86 0.266
24 89 0.115
24 91 0.099
24 29 0.111
24 38 0.137
24 39 0.151
24 40 0.183
24 44 0.147
24 46 0.132
24 61 0.178
24 66 0.188
24 67 0.128
24 69 0.133
24 72 0.155
24 85 0.147
24 88 0.259
24 90 0.151
24 96 0.113
24 97 0.156
24 99 0.128
25 26 0.247
25 37 0.889
25 41 0.591
25 42 0.147
25 46 0.197
25 47 1
25 50 0.522
25 52 0.544
25 58 0.009
25 75 0.71
25 84 0.797
25 85 0.539
25 95 0.885
25 98 0.589
25 27 0.132
25 28 0.157
25 35 0.215
25 36 0.076
25 45 0.112
25 53 0.158
25 61 0.077
25 62 0.217
25 64 0.014
25 71 0.017
25 73 0.061
25 79 0.121
25 81 0.214
25 88 0.142
25 92 0.013
25 96 0.063
25 38 0.173
25 55 0.276
25 60 0.036
25 63 0.065
25 65 0.125
25 67 0.132
25 77 0.131
25 78 0.143
25 91 0.217
25 97 0.299
25 29 0.148
25 32 0.186
25 33 0.192
25 44 0.145
25 48 0.175
25 68 0.169
25 72 0.096
25 74 0.15
25 82 0.15
25 89 0.137
25 90 0.116
25 93 0.125
26 31 0.804
26 44 0.525
26 54 0.905
26 59 0.482
26 65 0.557
26 67 0.138
26 72 1
26 73 0.272
26 79 0.169
26 80 0.403
26 42 0.199
26 43 0.265
26 45 0.082
26 49 0.163
26 50 0.12
26 57 0.125
26 60 0.177
26 61 0.27
26 63 0.267
26 64 0.191
26 86 0.134
26 94 0.17
26 95 0.193
26 98 0.169
26 99 0.123
26 35 0.145
26 36 0.267
26 38 0.211
26 48 0.078
26 51 0.23
26 56 0.135
26 58 0.164
26 69 0.168
26 70 0.15
26 81 0.215
26 87 0.128
26 92 0.023
26 28 0.117
26 33 0.086
26 34 0.199
26 40 0.212
26 41 0.117
26 47 0.14
26 52 0.175
26 55 0.154
26 76 0.213
26 85 0.15
26 88 0.147
26 91 0.165
26 93 0.177
27 29 1
27 35 0.131
27 42 0.197
27 55 0.379
27 58 0.496
27 60 0.557
27 61 0.641
27 65 0.517
27 67 0.186
27 73 0.449
27 87 0.439
27 89 0.53
27 91 0.705
27 93 0.89
27 99 0.691
27 30 0.144
27 32 0.197
27 33 0.337
27 34 0.216
27 37 0.204
27 38 0.195
27 39 0.111
27 40 0.169
27 46 0.031
27 47 0.021
27 49 0.102
27 59 0.071
27 62 0.104
27 63 0.13
27 64 0.168
27 66 0.194
27 69 0.108
27 71 0.084
27 72 0.179
27 74 0.214
27 79 0.136
27 85 0.176
27 90 0.166
27 92 0.069
27 94 0.443
27 96 0.175
27 41 0.198
27 48 0.141
27 51 0.081
27 54 0.081
27 56 0.128
27 57 0.037
27 88 0.146
27 28 0.163
27 36 0.115
27 53 0.112
27 70 0.133
27 75 0.165
27 80 0.153
27 82 0.182
27 86 0.17
27 95 0.14
27 98 0.175
28 39 0.676
28 41 0.693
28 53 0.576
28 56 0.678
28 62 0.185
28 66 1
28 72 0.708
28 74 0.151
28 75 0.723
28 76 0.947
28 87 0.206
28 90 0.562
28 92 0.582
28 98 0.416
28 29 0.075
28 34 0.164
28 35 0.182
28 43 0.087
28 46 0.168
28 48 0.212
28 49 0.213
28 51 0.148
28 55 0.298
28 59 0.18
28 60 0.064
28 68 0.205
28 70 0.146
28 78 0.103
28 79 0.091
28 81 0.114
28 82 0.272
28 83 0.256
28 84 0.228
28 91 0.16
28 94 0.23
28 96 0.341
28 30 0.135
28 38 0.119
28 52 0.159
28 61 0.142
28 85 0.151
28 99 0.13
28 32 0.141
28 33 0.16
28 36 0.209
28 40 0.176
28 45 0.174
28 50 0.16
28 54 0.157
28 63 0.148
28 64 0.125
28 69 0.128
28 73 0.158
28 80 0.163
28 89 0.152
28 93 0.192
28 97 0.107
29 33 0.667
29 42 0.71
29 43 0.994
29 44 1
29 49 0.608
29 50 0.716
29 58 0.765
29 59 0.722
29 76 0.716
29 83 0.915
29 86 0.722
29 95 0.546
29 96 0.417
29 30 0.078
29 34 0.188
29 35 0.079
29 36 0.191
29 39 0.033
29 40 0.106
29 41 0.141
29 45 0.17
29 46 0.329
29 61 0.094
29 65 0.218
29 68 0.112
29 70 0.124
29 71 0.183
29 77 0.139
29 79 0.083
29 84 0.163
29 85 0.082
29 97 0.028
29 98 0.162
29 99 0.162
29 31 0.125
29 32 0.158
29 37 0.204
29 52 0.141
29 53 0.131
29 54 0.011
29 57 0.15
29 60 0.131
29 64 0.098
29 72 0.115
29 89 0.259
29 38 0.175
29 47 0.153
29 48 0.182
29 51 0.156
29 55 0.058
29 56 0.112
29 62 0.153
29 63 0.155
29 66 0.111
29 67 0.192
29 69 0.158
29 74 0.146
29 75 0.126
29 78 0.099
29 81 0.16
29 82 0.113
29 87 0.181
29 90 0.192
29 91 0.14
29 92 0.164
29 93 0.185
30 33 0.713
30 35 0.925
30 43 0.965
30 48 0.653
30 51 0.377
30 53 0.433
30 54 0.089
30 61 0.687
30 66 0.502
30 67 0.788
30 71 0.588
30 88 0.597
30 89 0.622
30 90 0.192
30 31 0.13
30 36 0.106
30 40 0.15
30 45 0.278
30 47 0.035
30 50 0.053
30 58 0.165
30 69 0.156
30 70 0.484
30 72 0.117
30 76 0.07
30 82 0.288
30 92 0.364
30 93 0.136
30 95 0.005
30 96 0.269
30 98 0.131
30 32 0.15
30 56 0.156
30 57 0.252
30 64 0.132
30 78 0.221
30 91 0.31
30 41 0.153
30 46 0.176
30 55 0.202
30 59 0.112
30 68 0.128
30 77 0.132
30 83 0.138
30 86 0.166
30 97 0.132
30 99 0.108
31 33 0.976
31 34 0.136
31 35 0.157
31 38 0.973
31 41 0.472
31 43 0.504
31 44 0.969
31 45 0.83
31 46 0.724
31 47 0.465
31 49 0.902
31 57 0.7
31 59 0.445
31 67 0.351
31 70 0.32
31 74 0.983
31 75 0.836
31 86 0.587
31 37 0.118
31 51 0.124
31 53 0.164
31 56 0.07
31 58 0.246
31 61 0.017
31 63 0.318
31 66 0.117
31 68 0.192
31 71 0.067
31 72 0.234
31 79 0.261
31 84 0.218
31 88 0.257
31 99 0.058
31 69 0.236
31 78 0.154
31 89 0.102
31 93 0.13
31 32 0.146
31 40 0.218
31 42 0.146
31 54 0.107
31 55 0.197
31 60 0.181
31 62 0.134
31 73 0.156
31 76 0.175
31 80 0.131
31 83 0.116
31 90 0.144
31 91 0.073
31 92 0.125
31 94 0.169
31 95 0.141
31 97 0.182
31 98 0.124
32 33 0.752
32 35 0.771
32 44 0.744
32 45 0.447
32 46 0.603
32 67 0.73
32 68 0.949
32 70 0.487
32 73 0.434
32 76 1
32 78 0.437
32 79 0.829
32 80 0.49
32 83 0.628
32 90 0.219
32 94 0.487
32 95 0.779
32 97 0.25
32 34 0.087
32 43 0.066
32 48 0.181
32 50 0.006
32 52 0.199
32 54 0.138
32 56 0.094
32 57 0.326
32 71 0.134
32 72 0.23
32 81 0.158
32 86 0.164
32 91 0.22
32 93 0.197
32 98 0.134
32 99 0.073
32 47 0.147
32 55 0.172
32 61 0.146
32 63 0.069
32 77 0.18
32 88 0.031
32 38 0.193
32 39 0.146
32 40 0.144
32 42 0.081
32 51 0.156
32 58 0.134
32 59 0.169
32 62 0.13
32 64 0.101
32 66 0.144
32 75 0.129
32 84 0.164
33 37 0.586
33 43 0.81
33 50 0.701
33 58 0.502
33 60 0.732
33 65 0.386
33 66 0.655
33 72 0.622
33 73 0.345
33 78 0.335
33 80 0.51
33 85 0.953
33 95 0.654
33 34 0.12
33 36 0.029
33 45 0.022
33 47 0.249
33 49 0.039
33 51 0.044
33 53 0.162
33 57 0.155
33 67 0.137
33 76 0.079
33 83 0.035
33 86 0.132
33 90 0.183
33 92 0.192
33 94 0.186
33 38 0.073
33 46 0.143
33 52 0.196
33 74 0.168
33 84 0.176
33 87 0.138
33 96 0.069
33 99 0.196
33 39 0.126
33 40 0.17
33 41 0.208
33 44 0.196
33 55 0.127
33 56 0.133
33 59 0.104
33 68 0.119
33 69 0.13
33 75 0.16
33 77 0.132
33 79 0.158
33 81 0.135
33 89 0.124
33 91 0.174
33 93 0.199
33 98 0.152
34 35 0.698
34 39 1
34 57 0.631
34 62 0.951
34 64 0.669
34 70 0.262
34 88 0.236
34 91 0.477
34 94 0.823
34 40 0.134
34 43 0.261
34 54 0.173
34 59 0.159
34 60 0.088
34 63 0.096
34 67 0.147
34 72 0.112
34 74 0.112
34 79 0.133
34 81 0.079
34 85 0.214
34 90 0.034
34 93 0.208
34 95 0.134
34 99 0.293
34 42 0.144
34 48 0.151
34 52 0.047
34 65 0.311
34 66 0.032
34 77 0.172
34 80 0.261
34 89 0.023
34 96 0.161
34 97 0.177
34 41 0.099
34 46 0.175
34 51 0.153
34 53 0.141
34 55 0.153
34 56 0.147
34 71 0.166
34 75 0.108
34 83 0.141
35 42 0.776
35 43 0.547
35 55 0.578
35 59 0.259
35 62 0.512
35 66 1
35 68 0.179
35 69 0.544
35 72 0.965
35 74 0.152
35 75 0.804
35 76 0.238
35 81 0.69
35 82 0.597
35 84 0.735
35 85 0.87
35 90 0.8
35 91 0.767
35 36 0.081
35 37 0.15
35 39 0.195
35 45 0.411
35 48 0.183
35 50 0.076
35 56 0.234
35 60 0.216
35 77 0.152
35 87 0.075
35 92 0.036
35 38 0.216
35 40 0.254
35 49 0.177
35 53 0.159
35 63 0.083
35 65 0.137
35 80 0.028
35 94 0.128
35 97 0.18
35 44 0.112
35 54 0.155
35 57 0.133
35 64 0.132
35 67 0.154
35 78 0.151
35 86 0.213
35 88 0.138
35 93 0.137
35 96 0.082
36 41 0.071
36 45 0.467
36 47 0.652
36 58 0.748
36 65 1
36 87 0.844
36 91 0.736
36 93 0.6
36 95 0.616
36 98 0.623
36 37 0.089
36 46 0.225
36 57 0.2
36 59 0.239
36 60 0.291
36 62 0.162
36 63 0.229
36 72 0.04
36 73 0.194
36 74 0.31
36 80 0.119
36 83 0.055
36 84 0.204
36 88 0.313
36 94 0.288
36 99 0.186
36 40 0.185
36 48 0.107
36 53 0.122
36 55 0.169
36 68 0.173
36 85 0.162
36 86 0.126
36 38 0.102
36 39 0.19
36 42 0.184
36 44 0.151
36 51 0.139
36 52 0.126
36 54 0.163
36 56 0.151
36 64 0.145
36 66 0.139
36 67 0.147
36 69 0.181
36 70 0.18
36 71 0.161
36 75 0.151
36 77 0.125
36 79 0.192
36 81 0.161
36 82 0.201
36 89 0.152
36 90 0.149
36 92 0.199
36 97 0.17
37 48 0.78
37 57 0.498
37 69 0.502
37 71 1
37 77 0.553
37 78 0.538
37 81 0.943
37 84 0.204
37 96 0.536
37 41 0.162
37 45 0.138
37 46 0.231
37 50 0.011
37 51 0.125
37 58 0.003
37 62 0.106
37 63 0.047
37 67 0.295
37 70 0.018
37 72 0.037
37 75 0.032
37 79 0.145
37 88 0.174
37 89 0.098
37 90 0.081
37 91 0.295
37 93 0.035
37 95 0.144
37 98 0.235
37 40 0.105
37 55 0.173
37 61 0.188
37 65 0.173
37 68 0.156
37 74 0.107
37 76 0.177
37 80 0.126
37 82 0.146
37 83 0.16
37 38 0.167
37 42 0.203
37 43 0.178
37 44 0.084
37 49 0.157
37 54 0.115
37 56 0.15
37 59 0.188
37 73 0.141
37 87 0.141
37 92 0.193
37 97 0.154
37 99 0.164
38 39 0.141
38 40 0.717
38 53 0.703
38 61 0.102
38 65 0.411
38 74 0.521
38 85 0.457
38 93 0.296
38 95 0.77
38 42 0.253
38 43 0.231
38 48 0.173
38 52 0.175
38 57 0.22
38 62 0.134
38 63 0.032
38 75 0.023
38 76 0.301
38 77 0.185
38 82 0.171
38 83 0.295
38 84 0.219
38 86 0.194
38 89 0.208
38 96 0.243
38 44 0.159
38 46 0.166
38 58 0.189
38 72 0.114
38 90 0.072
38 92 0.152
38 45 0.166
38 47 0.171
38 49 0.139
38 51 0.153
38 66 0.153
38 67 0.161
38 70 0.092
38 71 0.202
38 73 0.129
38 80 0.163
38 87 0.134
38 97 0.2
38 98 0.172
38 99 0.191
39 50 0.149
39 51 0.676
39 57 0.485
39 60 0.254
39 64 0.936
39 67 0.057
39 74 0.917
39 75 0.907
39 76 0.283
39 80 0.357
39 97 0.596
39 98 0.628
39 47 0.149
39 54 0.24
39 55 0.143
39 66 0.145
39 68 0.091
39 69 0.104
39 73 0.178
39 81 0.193
39 88 0.022
39 89 0.186
39 92 0.344
39 96 0.095
39 41 0.118
39 45 0.164
39 63 0.07
39 70 0.165
39 82 0.165
39 84 0.161
39 86 0.213
39 87 0.125
39 99 0.046
39 42 0.202
39 46 0.15
39 48 0.113
39 49 0.165
39 52 0.165
39 58 0.149
39 59 0.125
39 71 0.183
39 85 0.204
39 94 0.153
39 95 0.177
40 45 0.773
40 51 0.324
40 54 0.12
40 63 0.662
40 71 0.857
40 81 0.543
40 92 0.783
40 94 0.251
40 95 0.58
40 99 0.807
40 43 0.068
40 47 0.145
40 48 0.345
40 55 0.088
40 65 0.27
40 70 0.147
40 78 0.239
40 85 0.348
40 87 0.183
40 88 0.076
40 91 0.217
40 44 0.235
40 49 0.161
40 52 0.212
40 56 0.146
40 58 0.079
40 62 0.066
40 66 0.184
40 89 0.1
40 96 0.111
40 42 0.162
40 46 0.142
40 53 0.107
40 57 0.132
40 59 0.121
40 64 0.133
40 68 0.164
40 69 0.15
40 73 0.12
40 74 0.121
40 75 0.146
40 76 0.117
40 84 0.149
40 97 0.132
41 45 0.632
41 49 0.673
41 52 0.807
41 66 0.452
41 82 0.63
41 94 0.63
41 97 0.523
41 98 0.696
41 43 0.118
41 47 0.109
41 51 0.046
41 57 0.142
41 58 0.009
41 61 0.306
41 64 0.25
41 67 0.203
41 71 0.078
41 73 0.061
41 78 0.244
41 79 0.126
41 84 0.127
41 85 0.14
41 87 0.023
41 95 0.059
41 99 0.132
41 46 0.164
41 53 0.207
41 65 0.167
41 69 0.08
41 83 0.148
41 62 0.151
41 72 0.154
41 75 0.159
41 77 0.084
41 80 0.132
41 86 0.154
41 88 0.141
41 90 0.166
41 92 0.142
42 48 0.43
42 66 0.69
42 68 0.33
42 73 0.824
42 75 0.525
42 84 0.112
42 86 0.709
42 87 1
42 91 0.555
42 92 0.572
42 93 0.752
42 94 0.492
42 44 0.115
42 45 0.206
42 52 0.25
42 53 0.076
42 54 0.153
42 57 0.229
42 60 0.212
42 61 0.159
42 63 0.123
42 64 0.157
42 67 0.179
42 76 0.144
42 77 0.034
42 82 0.134
42 85 0.254
42 90 0.058
42 96 0.122
42 98 0.024
42 99 0.163
42 74 0.124
42 78 0.146
42 81 0.132
42 88 0.104
42 97 0.144
42 46 0.158
42 47 0.142
42 49 0.164
42 50 0.143
42 51 0.188
42 65 0.237
42 71 0.201
42 72 0.161
42 80 0.093
42 83 0.124
42 89 0.139
42 95 0.129
43 51 0.469
43 52 0.616
43 68 1
43 71 0.785
43 78 0.171
43 80 0.473
43 92 0.535
43 93 0.654
43 98 0.369
43 45 0.081
43 48 0.195
43 49 0.286
43 59 0.162
43 60 0.227
43 63 0.221
43 67 0.141
43 69 0.045
43 70 0.218
43 83 0.277
43 87 0.214
43 90 0.023
43 94 0.073
43 97 0.159
43 99 0.211
43 54 0.143
43 77 0.163
43 82 0.166
43 84 0.134
43 91 0.178
43 47 0.197
43 55 0.137
43 56 0.149
43 58 0.122
43 61 0.13
43 65 0.179
43 66 0.17
43 72 0.116
43 79 0.158
43 89 0.141
43 96 0.147
44 50 1
44 54 0.475
44 55 0.886
44 56 0.616
44 62 0.473
44 71 0.661
44 75 0.51
44 76 0.566
44 80 0.399
44 92 0.696
44 94 0.894
44 99 0.324
44 53 0.219
44 58 0.153
44 67 0.11
44 69 0.436
44 73 0.167
44 74 0.025
44 78 0.147
44 91 0.16
44 97 0.021
44 45 0.159
44 64 0.113
44 79 0.122
44 83 0.113
44 89 0.161
44 93 0.139
44 46 0.158
44 47 0.152
44 48 0.146
44 49 0.117
44 65 0.148
44 70 0.117
44 72 0.122
44 77 0.129
44 81 0.152
44 84 0.102
44 85 0.2
44 88 0.151
44 90 0.167
44 95 0.135
44 96 0.104
45 46 0.595
45 50 0.897
45 52 0.968
45 56 0.746
45 72 0.183
45 74 0.796
45 77 0.533
45 84 0.057
45 86 0.958
45 89 0.369
45 92 0.564
45 96 0.588
45 99 0.431
45 47 0.135
45 55 0.117
45 57 0.08
45 60 0.018
45 63 0.159
45 66 0.213
45 70 0.394
45 71 0.33
45 73 0.065
45 76 0.193
45 83 0.232
45 85 0.124
45 87 0.298
45 88 0.226
45 90 0.112
45 93 0.179
45 51 0.152
45 65 0.177
45 68 0.145
45 95 0.126
45 98 0.175
45 54 0.221
45 64 0.175
45 69 0.182
45 75 0.131
45 79 0.158
45 80 0.136
45 81 0.192
45 91 0.136
45 94 0.177
45 97 0.129
46 47 0.85
46 50 0.446
46 61 0.346
46 63 0.687
46 70 0.621
46 71 0.729
46 73 0.736
46 75 0.685
46 77 0.334
46 80 0.826
46 84 0.595
46 94 0.415
46 99 0.426
46 55 0.237
46 58 0.138
46 60 0.133
46 66 0.071
46 67 0.026
46 69 0.115
46 72 0.139
46 78 0.142
46 79 0.24
46 82 0.248
46 86 0.049
46 95 0.143
46 98 0.238
46 54 0.169
46 56 0.199
46 65 0.122
46 76 0.064
46 89 0.125
46 91 0.166
46 48 0.124
46 57 0.146
46 74 0.16
46 83 0.134
46 88 0.14
46 90 0.147
46 92 0.117
46 93 0.156
46 96 0.172
46 97 0.164
47 48 0.484
47 50 0.322
47 53 0.832
47 56 0.529
47 60 0.589
47 64 0.498
47 70 0.822
47 72 0.708
47 79 0.911
47 83 0.747
47 88 0.763
47 93 0.599
47 94 0.739
47 54 0.336
47 59 0.158
47 62 0.312
47 65 0.223
47 66 0.292
47 67 0.098
47 69 0.111
47 73 0.118
47 74 0.065
47 75 0.319
47 77 0.221
47 80 0.147
47 81 0.085
47 85 0.176
47 91 0.194
47 95 0.035
47 96 0.421
47 98 0.078
47 71 0.152
47 82 0.148
47 87 0.102
47 99 0.004
47 49 0.136
47 52 0.128
47 57 0.145
47 63 0.137
47 68 0.148
47 76 0.158
47 78 0.142
47 86 0.149
47 90 0.128
47 97 0.085
48 52 0.669
48 55 0.547
48 57 0.369
48 60 0.613
48 65 0.46
48 69 0.119
48 75 0.114
48 77 0.567
48 78 0.722
48 80 0.909
48 88 1
48 91 0.607
48 96 0.804
48 99 0.897
48 49 0.214
48 56 0.091
48 59 0.274
48 61 0.384
48 62 0.06
48 67 0.082
48 71 0.162
48 72 0.082
48 73 0.331
48 74 0.088
48 83 0.122
48 84 0.334
48 87 0.136
48 92 0.189
48 97 0.159
48 50 0.175
48 68 0.157
48 89 0.207
48 51 0.175
48 53 0.117
48 64 0.095
48 66 0.162
48 70 0.212
48 98 0.138
49 51 0.629
49 58 0.725
49 60 1
49 61 0.223
49 65 0.591
49 67 0.679
49 68 0.613
49 76 0.725
49 77 0.9
49 80 0.525
49 88 0.511
49 92 1
49 95 0.592
49 52 0.199
49 54 0.02
49 63 0.376
49 64 0.154
49 70 0.009
49 72 0.22
49 78 0.102
49 84 0.204
49 85 0.196
49 86 0.341
49 89 0.16
49 91 0.302
49 93 0.039
49 94 0.052
49 69 0.197
49 79 0.161
49 82 0.095
49 90 0.13
49 50 0.078
49 55 0.169
49 66 0.139
49 71 0.167
49 75 0.201
49 83 0.184
49 96 0.148
49 99 0.183
50 51 0.639
50 56 0.417
50 57 0.806
50 61 0.754
50 63 0.299
50 67 0.583
50 77 0.721
50 78 0.905
50 87 0.313
50 91 0.42
50 52 0.11
50 53 0.169
50 58 0.166
50 59 0.093
50 65 0.116
50 66 0.27
50 68 0.064
50 73 0.131
50 79 0.078
50 82 0.193
50 95 0.184
50 96 0.158
50 97 0.348
50 98 0.16
50 99 0.113
50 62 0.223
50 75 0.008
50 81 0.144
50 86 0.203
50 88 0.235
50 90 0.155
50 55 0.153
50 74 0.074
50 80 0.178
50 84 0.089
50 89 0.177
50 92 0.193
50 93 0.157
51 54 0.643
51 55 0.663
51 56 0.849
51 61 0.503
51 70 0.897
51 74 0.578
51 76 0.707
51 77 0.541
51 82 0.862
51 96 0.787
51 99 0.922
51 53 0.092
51 60 0.114
51 68 0.201
51 69 0.147
51 78 0.046
51 81 0.198
51 86 0.05
51 87 0.022
51 88 0.137
51 89 0.264
51 90 0.387
51 91 0.126
51 93 0.096
51 94 0.367
51 98 0.159
51 58 0.175
51 59 0.271
51 66 0.058
51 84 0.1
51 95 0.157
51 52 0.132
51 57 0.137
51 62 0.132
51 65 0.162
51 73 0.132
51 79 0.102
52 57 0.843
52 66 0.561
52 67 0.651
52 68 0.956
52 71 0.613
52 74 0.524
52 75 0.721
52 76 0.617
52 77 0.519
52 84 0.334
52 89 0.605
52 91 0.684
52 98 0.558
52 54 0.19
52 59 0.379
52 61 0.283
52 64 0.101
52 72 0.176
52 73 0.152
52 80 0.017
52 81 0.137
52 83 0.043
52 85 0.066
52 94 0.207
52 53 0.211
52 69 0.309
52 95 0.068
52 97 0.174
52 55 0.145
52 56 0.194
52 78 0.167
52 79 0.132
52 87 0.13
52 88 0.116
52 92 0.135
52 99 0.143
53 56 0.185
53 59 0.948
53 75 0.825
53 88 0.889
53 94 0.371
53 60 0.246
53 62 0.337
53 66 0.146
53 73 0.101
53 74 0.094
53 78 0.055
53 81 0.3
53 83 0.202
53 84 0.1
53 87 0.122
53 90 0.078
53 95 0.07
53 64 0.175
53 65 0.034
53 67 0.18
53 68 0.127
53 69 0.355
53 79 0.111
53 80 0.146
53 85 0.218
53 96 0.157
53 55 0.175
53 71 0.175
53 72 0.164
53 82 0.081
53 86 0.157
53 91 0.176
53 92 0.172
53 97 0.211
53 98 0.163
53 99 0.108
54 61 0.639
54 62 0.104
54 65 0.451
54 67 0.805
54 69 0.94
54 80 0.564
54 84 0.969
54 89 0.812
54 92 0.752
54 96 0.114
54 98 0.9
54 99 0.529
54 59 0.131
54 60 0.162
54 63 0.111
54 68 0.169
54 70 0.147
54 72 0.072
54 74 0.184
54 75 0.256
54 81 0.326
54 82 0.153
54 88 0.24
54 90 0.234
54 93 0.049
54 95 0.274
54 97 0.33
54 55 0.145
54 73 0.119
54 83 0.107
54 86 0.099
54 91 0.164
54 57 0.143
54 64 0.161
54 66 0.19
54 76 0.12
54 78 0.167
54 79 0.158
54 87 0.115
54 94 0.12
55 60 0.772
55 62 0.736
55 68 0.988
55 69 0.199
55 71 0.964
55 72 0.311
55 82 0.917
55 96 0.793
55 56 0.006
55 58 0.127
55 59 0.175
55 65 0.216
55 74 0.202
55 80 0.155
55 85 0.163
55 89 0.12
55 90 0.264
55 93 0.357
55 99 0.097
55 64 0.138
55 67 0.171
55 70 0.171
55 84 0.148
55 91 0.119
55 92 0.176
55 98 0.096
55 57 0.138
55 63 0.241
55 73 0.135
55 78 0.137
55 79 0.115
55 83 0.117
55 86 0.128
55 88 0.175
55 94 0.137
56 61 0.103
56 71 0.529
56 75 0.543
56 76 0.761
56 85 0.521
56 86 0.602
56 96 0.485
56 59 0.102
56 60 0.201
56 62 0.015
56 63 0.083
56 65 0.211
56 70 0.383
56 73 0.263
56 77 0.183
56 78 0.28
56 80 0.101
56 87 0.055
56 92 0.407
56 97 0.126
56 98 0.088
56 99 0.144
56 57 0.009
56 64 0.228
56 67 0.104
56 68 0.203
56 74 0.079
56 93 0.131
56 95 0.261
56 69 0.171
56 72 0.146
56 79 0.126
56 81 0.17
56 83 0.194
56 89 0.182
57 60 0.626
57 69 0.719
57 72 0.521
57 73 0.515
57 79 0.655
57 82 0.202
57 83 0.308
57 85 0.529
57 94 0.67
57 97 0.862
57 98 0.669
57 99 0.579
57 61 0.086
57 62 0.334
57 63 0.177
57 64 0.204
57 66 0.136
57 68 0.005
57 74 0.111
57 78 0.13
57 80 0.178
57 84 0.177
57 87 0.107
57 93 0.19
57 70 0.185
57 76 0.144
57 77 0.094
57 90 0.233
57 92 0.168
57 58 0.131
57 81 0.084
57 91 0.168
57 95 0.134
58 61 0.508
58 78 0.684
58 83 1
58 94 0.614
58 99 0.349
58 62 0.15
58 66 0.303
58 69 0.232
58 72 0.107
58 73 0.012
58 80 0.146
58 85 0.245
58 86 0.282
58 89 0.299
58 92 0.187
58 65 0.177
58 67 0.123
58 68 0.088
58 76 0.012
58 84 0.131
58 88 0.18
58 95 0.094
58 59 0.13
58 63 0.125
58 64 0.138
58 70 0.167
58 71 0.119
58 79 0.156
58 82 0.184
58 87 0.135
58 90 0.19
58 93 0.124
58 96 0.184
58 98 0.16
59 63 0.689
59 70 0.902
59 73 0.364
59 84 0.702
59 88 0.892
59 97 0.649
59 98 0.472
59 62 0.288
59 72 0.116
59 76 0.324
59 78 0.232
59 80 0.103
59 81 0.118
59 83 0.145
59 85 0.217
59 87 0.154
59 95 0.321
59 66 0.152
59 86 0.155
59 94 0.097
59 99 0.143
59 60 0.138
59 64 0.143
59 65 0.152
59 67 0.108
59 68 0.123
59 82 0.157
59 96 0.131
60 66 0.864
60 72 0.468
60 79 0.592
60 90 0.794
60 91 0.825
60 96 0.521
60 64 0.184
60 65 0.145
60 67 0.296
60 71 0.095
60 80 0.115
60 83 0.138
60 84 0.147
60 88 0.236
60 94 0.173
60 99 0.3
60 70 0.176
60 73 0.037
60 77 0.088
60 87 0.024
60 98 0.12
60 62 0.177
60 68 0.154
60 75 0.119
60 85 0.148
60 86 0.174
60 93 0.175
60 95 0.141
60 97 0.17
61 62 0.689
61 65 0.539
61 66 0.645
61 73 0.542
61 81 0.318
61 89 0.959
61 93 0.591
61 63 0.257
61 68 0.125
61 72 0.142
61 74 0.044
61 80 0.089
61 82 0.173
61 87 0.215
61 88 0.009
61 94 0.164
61 99 0.114
61 71 0.164
61 75 0.143
61 91 0.192
61 92 0.133
61 95 0.162
61 97 0.269
61 64 0.209
61 67 0.125
61 69 0.171
61 70 0.157
61 76 0.128
61 78 0.129
61 83 0.093
61 86 0.14
62 65 0.993
62 80 0.471
62 83 0.531
62 86 0.486
62 94 1
62 98 0.373
62 64 0.205
62 71 0.107
62 74 0.266
62 75 0.334
62 77 0.153
62 88 0.124
62 90 0.173
62 91 0.139
62 92 0.087
62 93 0.192
62 97 0.074
62 84 0.196
62 87 0.422
62 63 0.141
62 66 0.119
62 69 0.15
62 70 0.171
62 73 0.144
62 76 0.153
62 79 0.116
62 81 0.14
62 82 0.111
62 85 0.144
62 89 0.146
62 96 0.174
63 64 0.699
63 70 0.896
63 73 0.814
63 75 0.618
63 93 0.631
63 94 0.16
63 96 0.625
63 65 0.15
63 66 0.12
63 68 0.182
63 72 0.05
63 74 0.086
63 81 0.188
63 88 0.218
63 91 0.268
63 92 0.373
63 97 0.191
63 99 0.052
63 67 0.144
63 69 0.182
63 82 0.155
63 87 0.273
63 89 0.128
63 90 0.124
63 95 0.203
63 77 0.168
63 79 0.1
63 83 0.152
63 84 0.122
63 85 0.144
63 86 0.184
63 98 0.141
64 65 0.899
64 66 0.974
64 73 0.391
64 74 0.519
64 81 0.503
64 83 1
64 90 0.81
64 93 0.801
64 99 0.747
64 67 0.154
64 68 0.102
64 69 0.25
64 71 0.196
64 77 0.194
64 84 0.117
64 87 0.114
64 88 0.271
64 92 0.56
64 96 0.195
64 97 0.165
64 95 0.311
64 72 0.148
64 75 0.17
64 78 0.161
64 79 0.139
64 80 0.142
64 85 0.167
64 86 0.183
64 94 0.145
65 72 0.844
65 73 0.745
65 74 0.624
65 77 0.708
65 79 0.848
65 82 0.847
65 88 0.143
65 91 0.813
65 97 0.884
65 67 0.121
65 68 0.161
65 70 0.34
65 71 0.078
65 76 0.251
65 80 0.115
65 83 0.31
65 90 0.323
65 96 0.21
65 86 0.165
65 93 0.206
65 94 0.23
65 99 0.167
65 66 0.161
65 69 0.166
65 75 0.122
65 78 0.178
65 81 0.223
65 87 0.144
65 95 0.196
66 82 0.632
66 92 0.644
66 94 0.963
66 95 0.476
66 96 0.297
66 97 0.83
66 67 0.19
66 71 0.207
66 72 0.406
66 73 0.243
66 75 0.037
66 84 0.357
66 86 0.19
66 87 0.144
66 90 0.108
66 76 0.152
66 80 0.281
66 83 0.026
66 85 0.162
66 91 0.12
66 98 0.169
66 99 0.132
66 68 0.18
66 69 0.116
66 70 0.159
66 81 0.189
66 88 0.174
66 89 0.161
66 93 0.129
67 68 1
67 73 0.227
67 75 0.315
67 89 0.721
67 92 0.77
67 69 0.257
67 70 0.222
67 72 0.069
67 74 0.043
67 77 0.141
67 81 0.12
67 84 0.225
67 85 0.224
67 86 0.17
67 93 0.148
67 97 0.37
67 98 0.074
67 76 0.129
67 78 0.155
67 87 0.158
67 71 0.136
67 83 0.138
67 95 0.132
67 96 0.159
67 99 0.102
68 69 0.846
68 80 0.463
68 83 0.817
68 88 0.824
68 94 0.691
68 95 0.668
68 99 0.537
68 71 0.178
68 73 0.124
68 74 0.156
68 76 0.379
68 81 0.173
68 84 0.197
68 91 0.389
68 93 0.093
68 97 0.166
68 72 0.223
68 87 0.16
68 89 0.1
68 98 0.314
68 70 0.137
68 75 0.122
68 79 0.15
68 82 0.16
69 76 0.177
69 77 0.933
69 85 1
69 86 0.531
69 87 0.692
69 88 0.653
69 89 0.121
69 95 0.832
69 70 0.135
69 71 0.144
69 79 0.185
69 82 0.065
69 91 0.154
69 92 0.102
69 73 0.276
69 74 0.241
69 90 0.299
69 98 0.071
69 99 0.151
69 81 0.188
69 93 0.142
69 96 0.174
70 82 0.904
70 87 0.651
70 88 0.655
70 89 0.863
70 94 0.841
70 98 0.662
70 71 0.408
70 72 0.044
70 73 0.345
70 74 0.168
70 75 0.163
70 77 0.035
70 80 0.096
70 81 0.115
70 95 0.092
70 97 0.145
70 93 0.155
70 76 0.142
70 78 0.151
70 79 0.182
70 83 0.093
70 85 0.138
70 86 0.139
70 92 0.147
71 75 0.667
71 77 0.259
71 88 0.688
71 91 0.427
71 94 0.355
71 72 0.033
71 73 0.419
71 84 0.024
71 86 0.132
71 90 0.109
71 95 0.238
71 96 0.308
71 74 0.136
71 76 0.038
71 79 0.149
71 80 0.071
71 92 0.171
71 93 0.152
71 98 0.064
71 83 0.134
71 85 0.176
71 87 0.137
72 75 0.658
72 77 1
72 84 0.72
72 91 0.764
72 92 0.777
72 94 0.194
72 98 0.318
72 73 0.236
72 74 0.22
72 76 0.182
72 79 0.241
72 82 0.158
72 86 0.188
72 88 0.187
72 93 0.204
72 78 0.125
72 80 0.156
72 99 0.113
72 81 0.178
72 85 0.136
72 87 0.167
72 89 0.118
72 95 0.202
72 96 0.222
72 97 0.106
73 82 0.762
73 84 0.234
73 85 0.718
73 88 0.352
73 92 0.531
73 95 0.844
73 98 0.646
73 87 0.19
73 96 0.297
73 79 0.176
73 80 0.304
73 99 0.08
73 75 0.144
73 76 0.17
73 77 0.143
73 78 0.131
73 89 0.195
73 90 0.177
73 91 0.175
73 97 0.15
74 75 0.554
74 82 1
74 87 0.804
74 89 0.596
74 90 0.534
74 95 1
74 83 0.168
74 92 0.117
74 93 0.193
74 94 0.078
74 97 0.136
74 99 0.236
74 77 0.188
74 80 0.181
74 85 0.19
74 86 0.052
74 98 0.13
74 76 0.105
74 81 0.129
74 84 0.14
75 83 0.62
75 87 0.129
75 88 0.605
75 90 0.926
75 91 1
75 92 0.647
75 94 0.511
75 96 0.515
75 99 0.881
75 84 0.079
75 89 0.265
75 97 0.17
75 98 0.571
75 77 0.158
75 78 0.143
75 86 0.115
75 95 0.133
76 80 0.509
76 90 0.688
76 91 0.347
76 77 0.237
76 78 0.213
76 79 0.085
76 88 0.261
76 92 0.102
76 84 0.149
76 98 0.045
76 99 0.168
76 81 0.154
76 83 0.17
76 85 0.144
76 93 0.128
76 94 0.212
77 81 0.685
77 93 0.776
77 78 0.195
77 79 0.191
77 84 0.134
77 88 0.078
77 90 0.112
77 91 0.207
77 82 0.147
77 96 0.301
77 97 0.247
77 80 0.149
77 85 0.187
77 92 0.152
77 98 0.149
78 79 0.436
78 85 0.622
78 95 0.021
78 81 0.14
78 88 0.283
78 89 0.098
78 93 0.097
78 94 0.181
78 96 0.318
78 82 0.143
78 87 0.146
78 90 0.259
78 91 0.162
78 99 0.133
78 80 0.08
78 83 0.191
78 84 0.14
78 97 0.176
78 98 0.13
79 82 0.302
79 84 0.634
79 88 0.346
79 90 0.181
79 91 0.517
79 96 0.451
79 98 0.624
79 80 0.192
79 87 0.007
79 93 0.174
79 95 0.155
79 99 0.115
79 81 0.119
79 83 0.131
79 89 0.119
79 97 0.166
80 94 0.611
80 97 0.832
80 82 0.136
80 83 0.209
80 84 0.107
80 89 0.236
80 95 0.026
80 98 0.203
80 81 0.406
80 86 0.37
80 88 0.136
80 85 0.17
80 91 0.14
80 92 0.134
80 93 0.204
80 96 0.142
81 88 0.543
81 99 0.967
81 83 0.268
81 84 0.116
81 85 0.266
81 86 0.411
81 90 0.16
81 91 0.08
81 96 0.271
81 97 0.163
81 93 0.155
81 94 0.207
81 95 0.197
81 87 0.184
81 89 0.161
81 92 0.211
82 85 1
82 89 0.738
82 91 0.625
82 95 0.402
82 97 0.483
82 94 0.38
82 93 0.166
82 96 0.221
82 84 0.184
82 86 0.102
82 92 0.14
82 98 0.139
83 95 0.772
83 99 0.956
83 86 0.128
83 87 0.152
83 88 0.093
83 89 0.055
83 91 0.185
83 92 0.125
83 93 0.179
83 94 0.153
83 96 0.114
83 97 0.22
83 90 0.169
84 86 0.707
84 88 0.741
84 90 0.117
84 89 0.154
84 98 0.193
84 99 0.143
84 85 0.155
84 92 0.129
84 96 0.183
84 97 0.138
85 86 0.573
85 96 0.639
85 97 0.552
85 99 0.738
85 93 0.024
85 95 0.271
85 91 0.152
85 98 0.125
85 87 0.158
85 94 0.149
86 88 0.27
86 89 0.214
86 90 0.024
86 95 0.248
86 97 0.352
86 99 0.101
86 94 0.109
86 87 0.145
86 93 0.086
86 98 0.153
87 90 0.512
87 93 0.727
87 97 0.626
87 99 0.444
87 92 0.317
87 94 0.239
87 95 0.146
87 96 0.145
87 98 0.32
87 89 0.213
88 90 0.47
88 99 0.562
88 91 0.251
88 93 0.127
88 94 0.122
88 95 0.151
89 90 0.729
89 97 0.669
89 91 0.171
89 92 0.088
89 98 0.108
89 95 0.247
89 93 0.171
89 94 0.105
89 99 0.185
90 98 0.695
90 99 0.593
90 91 0.09
90 93 0.26
90 96 0.011
90 97 0.019
90 95 0.21
90 92 0.088
91 94 0.817
91 92 0.116
91 96 0.265
91 97 0.314
91 98 0.164
91 93 0.122
92 94 0.802
92 93 0.105
92 95 0.422
92 97 0.147
92 96 0.146
92 98 0.169
93 94 0.841
93 99 0.76
93 95 0.402
93 96 0.162
93 97 0.178
93 98 0.158
94 99 0.528
94 98 0.254
94 95 0.115
94 96 0.161
95 97 0.654
95 96 0.333
95 99 0.351
95 98 0.151
96 97 0.126
97 98 0.73
97 99 0.705
98 99 0.576
