0 15 1
0 99 0.817
0 56 0.298
0 90 0.376
0 83 0.559
0 28 0.332
0 31 0.576
0 41 0.214
0 6 0.266
0 40 0.631
0 67 0.26
0 84 0.578
0 9 0.267
0 71 0.308
0 66 0.178
0 12 0.183
0 45 0.379
0 47 0.096
0 65 0.136
0 18 0.205
0 32 0.282
0 37 0.059
0 43 0.468
0 8 0.265
0 10 0.07
0 98 0.397
0 51 0.273
0 1 0.201
0 25 0.288
0 39 0.149
0 63 0.195
0 78 0.297
0 81 0.132
0 92 0.018
0 4 0.164
0 73 0.145
0 77 0.125
0 85 0.111
0 48 0.103
0 86 0.341
0 87 0.126
0 21 0.202
0 24 0.199
0 33 0.327
0 46 0.145
0 64 0.131
0 79 0.394
0 88 0.156
0 44 0.195
0 69 0.212
0 75 0.111
0 7 0.174
0 52 0.251
0 54 0.408
0 59 0.028
0 3 0.203
0 14 0.016
0 23 0.124
0 49 0.314
0 50 0.134
0 53 0.16
0 57 0.052
0 5 0.25
0 13 0.054
0 17 0.138
0 19 0.001
0 29 0.193
0 35 0.168
0 42 0.139
0 60 0.307
0 70 0.136
0 80 0.175
0 34 0.145
0 36 0.179
0 55 0.17
0 62 0.093
0 76 0.167
0 96 0.216
1 96 0.854
1 11 1
1 44 0.881
1 27 0.92
1 88 0.853
1 86 0.144
1 76 0.679
1 57 0.609
1 17 0.512
1 16 0.626
1 80 0.387
1 14 0.482
1 52 0.223
1 10 0.606
1 48 0.558
1 24 0.424
1 46 0.257
1 74 0.045
1 22 0.405
1 75 0.342
1 13 0.459
1 58 0.063
1 59 0.024
1 73 0.332
1 51 0.328
1 60 0.183
1 68 0.246
1 77 0.297
1 3 0.329
1 56 0.204
1 7 0.249
1 40 0.34
1 64 0.401
1 70 0.04
1 90 0.191
1 93 0.144
1 63 0.115
1 25 0.55
1 78 0.132
1 79 0.434
1 87 0.315
1 45 0.058
1 61 0.094
1 28 0.1
1 36 0.148
1 38 0.328
1 50 0.08
1 85 0.131
1 9 0.141
1 19 0.171
1 20 0.04
1 30 0.168
1 42 0.161
1 2 0.118
1 26 0.174
1 32 0.122
1 34 0.201
1 41 0.144
1 62 0.173
1 98 0.15
1 6 0.14
1 12 0.098
1 21 0.085
1 29 0.142
1 35 0.11
1 39 0.182
1 47 0.171
1 53 0.109
1 67 0.112
1 83 0.131
1 84 0.091
1 5 0.149
1 18 0.164
1 31 0.125
1 33 0.133
1 54 0.134
1 65 0.125
1 69 0.146
1 71 0.141
1 82 0.16
1 92 0.174
1 97 0.108
2 53 0.758
2 79 0.392
2 64 0.656
2 82 0.45
2 56 0.484
2 16 0.804
2 44 0.004
2 17 0.306
2 26 0.234
2 47 0.321
2 29 0.811
2 78 0.134
2 6 0.293
2 11 0.264
2 38 0.039
2 52 0.097
2 98 0.198
2 45 0.057
2 81 0.187
2 30 0.202
2 31 0.149
2 43 0.092
2 83 0.122
2 10 0.258
2 20 0.226
2 46 0.42
2 77 0.376
2 40 0.176
2 59 0.349
2 13 0.14
2 61 0.152
2 66 0.103
2 96 0.24
2 28 0.146
2 35 0.261
2 42 0.143
2 36 0.4
2 71 0.235
2 72 0.092
2 99 0.298
2 14 0.094
2 21 0.187
2 76 0.183
2 19 0.187
2 24 0.326
2 27 0.246
2 60 0.221
2 80 0.206
2 84 0.091
2 32 0.052
2 34 0.408
2 37 0.142
2 48 0.095
2 69 0.147
2 70 0.161
2 75 0.139
2 86 0.139
2 92 0.209
2 12 0.174
2 23 0.142
2 25 0.174
2 33 0.091
2 41 0.165
2 49 0.153
2 50 0.197
2 58 0.14
2 62 0.143
2 68 0.128
2 74 0.104
2 85 0.106
2 89 0.172
2 94 0.141
2 97 0.165
2 3 0.137
2 15 0.19
2 51 0.212
2 54 0.139
2 55 0.157
2 73 0.132
2 93 0.1
3 81 0.491
3 84 0.812
3 34 0.875
3 41 1
3 75 0.717
3 36 0.975
3 91 0.489
3 25 0.753
3 56 0.966
3 32 0.596
3 76 0.264
3 13 0.088
3 77 0.869
3 96 0.257
3 27 0.239
3 58 0.581
3 29 0.726
3 51 0.18
3 64 0.519
3 79 0.374
3 26 0.173
3 28 0.359
3 55 0.295
3 78 0.172
3 95 0.174
3 20 0.413
3 15 0.318
3 66 0.332
3 14 0.468
3 80 0.102
3 89 0.082
3 22 0.248
3 74 0.161
3 16 0.123
3 62 0.22
3 33 0.161
3 35 0.296
3 65 0.185
3 98 0.184
3 17 0.203
3 43 0.316
3 46 0.165
3 52 0.191
3 61 0.288
3 12 0.161
3 18 0.182
3 63 0.181
3 9 0.174
3 48 0.271
3 72 0.106
3 88 0.153
3 7 0.156
3 40 0.149
3 50 0.18
3 54 0.19
3 60 0.179
3 67 0.171
3 69 0.284
3 73 0.111
3 83 0.338
3 92 0.129
3 93 0.247
3 4 0.12
3 6 0.144
3 11 0.298
3 30 0.163
3 37 0.148
3 45 0.16
3 71 0.145
3 87 0.163
3 90 0.082
3 94 0.144
3 99 0.127
3 10 0.093
3 31 0.157
3 42 0.156
4 35 0.885
4 93 1
4 78 0.849
4 47 0.968
4 43 0.917
4 37 0.553
4 95 0.813
4 34 0.209
4 25 0.293
4 5 0.235
4 50 0.292
4 30 0.951
4 46 0.633
4 6 0.367
4 98 0.285
4 77 0.195
4 53 0.264
4 27 0.353
4 18 0.266
4 20 0.235
4 29 0.427
4 40 0.226
4 28 0.131
4 62 0.122
4 14 0.464
4 9 0.25
4 82 0.138
4 91 0.171
4 16 0.181
4 41 0.024
4 42 0.538
4 24 0.072
4 32 0.291
4 51 0.159
4 56 0.147
4 67 0.172
4 89 0.11
4 54 0.184
4 63 0.284
4 69 0.244
4 94 0.545
4 96 0.093
4 15 0.276
4 26 0.27
4 61 0.127
4 87 0.266
4 90 0.049
4 19 0.167
4 58 0.118
4 59 0.305
4 68 0.225
4 83 0.123
4 99 0.209
4 8 0.189
4 21 0.116
4 22 0.053
4 38 0.331
4 65 0.185
4 17 0.155
4 55 0.247
4 57 0.126
4 60 0.082
4 73 0.045
4 74 0.265
4 76 0.174
4 85 0.084
4 97 0.118
4 7 0.165
4 11 0.142
4 36 0.225
4 44 0.125
4 45 0.146
4 79 0.124
4 12 0.243
4 13 0.137
4 31 0.165
4 39 0.181
4 48 0.205
4 64 0.217
4 75 0.135
4 81 0.104
4 23 0.137
4 52 0.176
4 72 0.175
4 80 0.138
5 19 0.767
5 22 0.735
5 27 0.541
5 84 0.959
5 44 0.453
5 52 0.68
5 49 0.524
5 13 0.363
5 85 0.528
5 92 0.196
5 31 0.726
5 10 0.71
5 50 0.189
5 53 0.202
5 7 0.347
5 12 0.704
5 55 0.581
5 96 0.276
5 72 0.423
5 26 0.499
5 91 0.163
5 95 0.095
5 38 0.307
5 51 0.064
5 66 0.107
5 6 0.264
5 11 0.263
5 65 0.522
5 73 0.106
5 99 0.488
5 46 0.013
5 18 0.168
5 45 0.16
5 69 0.051
5 20 0.181
5 24 0.347
5 32 0.142
5 39 0.129
5 79 0.116
5 83 0.202
5 97 0.276
5 98 0.275
5 36 0.205
5 61 0.265
5 71 0.141
5 86 0.301
5 28 0.182
5 29 0.023
5 35 0.169
5 62 0.053
5 70 0.17
5 90 0.014
5 48 0.134
5 68 0.179
5 9 0.148
5 15 0.194
5 33 0.118
5 43 0.172
5 54 0.091
5 67 0.2
5 77 0.191
5 88 0.129
5 93 0.136
5 16 0.216
5 21 0.099
5 57 0.245
5 60 0.16
5 63 0.201
5 74 0.156
5 89 0.112
5 94 0.003
5 8 0.154
5 17 0.143
5 23 0.17
5 42 0.194
5 47 0.092
5 78 0.12
5 82 0.169
5 87 0.153
6 75 0.864
6 73 1
6 69 1
6 14 0.801
6 33 1
6 59 1
6 38 0.668
6 65 0.538
6 26 0.564
6 86 0.212
6 8 0.569
6 92 0.162
6 20 0.105
6 91 0.026
6 10 0.35
6 7 0.057
6 78 0.381
6 18 0.16
6 44 0.364
6 22 0.418
6 88 0.178
6 29 0.187
6 19 0.034
6 61 0.126
6 70 0.069
6 24 0.161
6 53 0.429
6 71 0.144
6 94 0.215
6 43 0.145
6 57 0.11
6 85 0.096
6 98 0.008
6 12 0.076
6 42 0.237
6 97 0.31
6 46 0.19
6 49 0.076
6 23 0.297
6 37 0.14
6 39 0.078
6 40 0.159
6 51 0.083
6 67 0.157
6 68 0.505
6 72 0.085
6 87 0.245
6 11 0.03
6 30 0.278
6 84 0.155
6 52 0.129
6 55 0.154
6 66 0.184
6 79 0.144
6 80 0.095
6 27 0.06
6 58 0.129
6 60 0.135
6 77 0.152
6 82 0.327
6 89 0.246
6 32 0.128
6 48 0.246
6 50 0.169
6 90 0.152
6 16 0.166
6 21 0.148
6 28 0.177
6 31 0.177
6 34 0.155
6 41 0.202
6 56 0.136
6 62 0.119
6 76 0.16
6 81 0.133
6 93 0.161
6 95 0.182
7 93 0.98
7 9 1
7 24 0.588
7 30 0.804
7 33 0.814
7 21 0.444
7 58 0.424
7 66 0.103
7 91 0.523
7 39 0.286
7 73 0.342
7 74 0.522
7 20 0.166
7 55 0.309
7 53 0.256
7 81 0.506
7 44 0.286
7 48 0.157
7 15 0.475
7 50 0.395
7 63 0.374
7 75 0.087
7 88 0.385
7 16 0.201
7 38 0.066
7 10 0.043
7 11 0.313
7 35 0.186
7 57 0.61
7 89 0.136
7 27 0.22
7 71 0.415
7 84 0.094
7 19 0.191
7 29 0.278
7 79 0.149
7 18 0.171
7 49 0.127
7 69 0.252
7 95 0.208
7 28 0.096
7 82 0.679
7 94 0.295
7 12 0.2
7 36 0.008
7 72 0.175
7 17 0.192
7 26 0.187
7 34 0.186
7 51 0.214
7 52 0.137
7 76 0.174
7 86 0.164
7 99 0.001
7 42 0.176
7 87 0.167
7 92 0.08
7 8 0.22
7 14 0.184
7 43 0.216
7 46 0.139
7 83 0.331
7 98 0.156
7 22 0.144
7 31 0.121
7 32 0.16
7 37 0.167
7 56 0.178
7 59 0.166
7 62 0.128
7 64 0.168
7 65 0.179
7 67 0.137
7 68 0.075
7 77 0.044
7 90 0.114
7 97 0.171
7 13 0.168
7 25 0.166
7 45 0.146
7 70 0.173
7 96 0.153
8 62 0.918
8 27 0.553
8 59 0.422
8 78 0.427
8 84 0.646
8 33 0.47
8 46 0.721
8 26 0.219
8 70 0.018
8 50 0.533
8 73 0.532
8 42 0.146
8 19 0.133
8 86 0.225
8 52 0.448
8 12 0.441
8 97 0.341
8 14 0.153
8 22 0.08
8 30 0.159
8 43 0.219
8 95 0.18
8 49 0.079
8 91 0.124
8 11 0.024
8 92 0.195
8 93 0.507
8 56 0.099
8 87 0.202
8 25 0.163
8 45 0.215
8 58 0.069
8 60 0.147
8 64 0.188
8 81 0.153
8 98 0.142
8 31 0.054
8 39 0.173
8 10 0.1
8 16 0.229
8 20 0.055
8 24 0.028
8 28 0.113
8 34 0.302
8 35 0.064
8 37 0.137
8 47 0.134
8 53 0.069
8 75 0.227
8 54 0.159
8 66 0.09
8 67 0.145
8 85 0.189
8 17 0.177
8 18 0.136
8 36 0.247
8 51 0.149
8 57 0.045
8 74 0.243
8 79 0.157
8 90 0.153
8 32 0.163
8 40 0.143
8 44 0.171
8 80 0.147
8 94 0.171
8 96 0.151
8 99 0.1
8 13 0.119
8 21 0.171
8 48 0.148
8 76 0.154
8 77 0.11
8 89 0.155
9 86 0.907
9 14 0.687
9 75 1
9 93 0.371
9 32 0.574
9 16 0.545
9 38 0.76
9 76 1
9 91 0.948
9 25 0.318
9 71 0.76
9 37 0.404
9 26 0.057
9 44 0.898
9 88 0.006
9 11 0.64
9 63 0.292
9 73 0.39
9 45 0.083
9 43 0.382
9 81 0.317
9 94 0.009
9 77 0.438
9 40 0.125
9 53 0.201
9 28 0.285
9 74 0.185
9 21 0.282
9 36 0.12
9 60 0.225
9 61 0.196
9 34 0.157
9 47 0.109
9 64 0.093
9 72 0.123
9 83 0.05
9 90 0.186
9 12 0.178
9 23 0.246
9 39 0.227
9 46 0.232
9 18 0.187
9 30 0.369
9 31 0.059
9 54 0.259
9 62 0.078
9 68 0.12
9 57 0.144
9 13 0.123
9 20 0.121
9 35 0.15
9 51 0.154
9 65 0.204
9 66 0.156
9 98 0.127
9 17 0.087
9 19 0.139
9 33 0.174
9 67 0.066
9 96 0.119
9 10 0.099
9 27 0.144
9 41 0.135
9 42 0.117
9 50 0.171
9 52 0.125
9 55 0.149
9 69 0.134
10 67 0.889
10 88 1
10 54 0.566
10 61 0.454
10 62 0.292
10 87 0.211
10 19 0.422
10 22 0.65
10 25 0.065
10 11 0.129
10 18 0.426
10 86 0.378
10 20 0.14
10 58 0.125
10 65 0.095
10 53 0.022
10 76 0.486
10 91 0.313
10 52 0.111
10 96 0.185
10 64 0.175
10 77 0.136
10 35 0.099
10 92 0.153
10 26 0.126
10 33 0.182
10 69 0.343
10 94 0.12
10 24 0.124
10 32 0.182
10 55 0.077
10 57 0.196
10 98 0.185
10 28 0.139
10 59 0.019
10 37 0.2
10 43 0.163
10 48 0.021
10 60 0.148
10 73 0.273
10 42 0.142
10 44 0.171
10 68 0.119
10 74 0.133
10 75 0.13
10 81 0.154
10 82 0.185
10 90 0.152
10 95 0.1
10 99 0.004
10 13 0.132
10 15 0.114
10 21 0.312
10 23 0.11
10 29 0.298
10 30 0.18
10 31 0.145
10 41 0.181
10 46 0.153
10 66 0.156
10 71 0.142
10 83 0.174
10 89 0.071
10 97 0.204
10 40 0.183
10 45 0.096
10 70 0.156
11 18 1
11 51 0.854
11 31 0.643
11 81 0.265
11 53 0.297
11 23 0.109
11 48 0.132
11 50 0.29
11 28 0.21
11 79 0.458
11 80 0.823
11 26 0.221
11 98 0.323
11 38 0.262
11 89 0.064
11 69 0.361
11 77 0.088
11 22 0.595
11 93 0.305
11 58 0.158
11 72 0.439
11 20 0.129
11 52 0.322
11 78 0.067
11 25 0.483
11 14 0.033
11 30 0.263
11 39 0.607
11 63 0.019
11 84 0.065
11 96 0.184
11 41 0.086
11 70 0.278
11 97 0.066
11 35 0.148
11 12 0.243
11 43 0.111
11 82 0.281
11 44 0.129
11 49 0.191
11 60 0.301
11 64 0.051
11 66 0.152
11 67 0.154
11 85 0.171
11 94 0.205
11 15 0.295
11 29 0.045
11 46 0.168
11 55 0.118
11 59 0.185
11 13 0.186
11 16 0.315
11 61 0.47
11 71 0.152
11 33 0.184
11 54 0.164
11 73 0.094
11 75 0.227
11 76 0.116
11 88 0.12
11 99 0.134
11 17 0.143
11 34 0.144
11 37 0.195
11 40 0.119
11 42 0.156
11 45 0.107
11 56 0.154
11 74 0.126
11 83 0.19
11 86 0.156
11 90 0.197
11 92 0.146
12 40 0.813
12 13 0.732
12 84 0.913
12 66 0.973
12 78 0.741
12 95 0.498
12 98 0.054
12 97 0.683
12 63 0.655
12 58 0.67
12 15 0.077
12 55 0.07
12 60 0.052
12 69 0.546
12 35 0.197
12 21 0.588
12 56 0.289
12 30 0.181
12 36 0.449
12 48 0.313
12 50 0.098
12 52 0.331
12 43 0.359
12 82 0.104
12 87 0.157
12 77 0.079
12 79 0.42
12 99 0.028
12 24 0.324
12 26 0.169
12 32 0.151
12 17 0.197
12 25 0.117
12 59 0.044
12 62 0.58
12 71 0.563
12 92 0.451
12 67 0.139
12 39 0.166
12 86 0.043
12 27 0.35
12 37 0.204
12 41 0.168
12 68 0.293
12 73 0.127
12 93 0.124
12 46 0.172
12 57 0.133
12 23 0.118
12 29 0.309
12 31 0.211
12 81 0.086
12 90 0.031
12 38 0.056
12 49 0.141
12 75 0.162
12 88 0.117
12 89 0.157
12 16 0.165
12 33 0.103
12 34 0.129
12 51 0.108
12 54 0.168
12 65 0.108
12 80 0.072
12 85 0.14
12 94 0.148
13 84 0.372
13 46 1
13 92 0.609
13 47 0.749
13 71 0.322
13 70 1
13 40 0.801
13 79 0.794
13 29 0.306
13 53 0.673
13 55 1
13 59 0.949
13 32 0.663
13 30 0.376
13 56 0.582
13 19 0.213
13 83 0.323
13 95 0.094
13 94 0.393
13 22 0.09
13 60 0.276
13 16 0.465
13 41 0.329
13 25 0.214
13 34 0.153
13 62 0.529
13 76 0.096
13 97 0.285
13 58 0.218
13 63 0.069
13 68 0.358
13 89 0.06
13 31 0.137
13 49 0.224
13 81 0.385
13 43 0.166
13 57 0.169
13 78 0.388
13 88 0.065
13 35 0.164
13 87 0.279
13 98 0.284
13 37 0.31
13 75 0.174
13 77 0.23
13 20 0.125
13 93 0.169
13 26 0.207
13 33 0.12
13 65 0.148
13 85 0.063
13 91 0.173
13 21 0.113
13 45 0.206
13 99 0.139
13 39 0.11
13 42 0.195
13 48 0.216
13 51 0.154
13 61 0.171
13 66 0.19
13 86 0.148
13 15 0.146
13 23 0.154
13 28 0.159
13 36 0.092
13 44 0.12
13 50 0.178
13 52 0.153
13 64 0.084
13 69 0.121
13 73 0.103
13 74 0.138
13 90 0.082
13 96 0.168
14 84 0.609
14 20 0.717
14 87 0.835
14 25 0.492
14 81 0.725
14 97 0.719
14 57 0.262
14 75 0.405
14 70 0.64
14 30 0.957
14 17 0.131
14 98 0.062
14 39 0.345
14 55 0.187
14 58 0.551
14 40 0.276
14 18 0.291
14 34 0.333
14 41 0.182
14 74 0.153
14 93 0.706
14 53 0.263
14 64 0.124
14 83 0.112
14 15 0.15
14 68 0.166
14 26 0.25
14 86 0.348
14 28 0.359
14 31 0.035
14 49 0.233
14 69 0.247
14 82 0.175
14 95 0.28
14 45 0.052
14 43 0.165
14 60 0.397
14 71 0.112
14 79 0.203
14 29 0.335
14 77 0.275
14 37 0.229
14 42 0.209
14 51 0.099
14 78 0.144
14 27 0.347
14 63 0.134
14 66 0.213
14 88 0.088
14 46 0.133
14 62 0.503
14 73 0.372
14 92 0.134
14 52 0.134
14 36 0.133
14 54 0.163
14 56 0.178
14 65 0.156
14 80 0.194
14 85 0.098
14 89 0.119
14 23 0.197
14 24 0.12
14 44 0.266
14 90 0.27
14 21 0.177
14 22 0.141
14 47 0.163
14 67 0.14
14 76 0.126
14 96 0.154
15 53 0.702
15 23 0.743
15 56 0.859
15 27 0.08
15 63 0.137
15 67 0.423
15 30 0.943
15 70 0.506
15 99 0.715
15 32 0.396
15 41 0.38
15 96 0.222
15 59 0.569
15 19 0.148
15 86 0.199
15 79 0.275
15 34 0.14
15 39 0.17
15 73 0.354
15 92 0.177
15 36 0.244
15 82 0.215
15 43 0.536
15 25 0.275
15 47 0.033
15 26 0.198
15 54 0.144
15 80 0.238
15 21 0.23
15 33 0.145
15 71 0.22
15 90 0.237
15 94 0.233
15 57 0.127
15 91 0.15
15 17 0.245
15 64 0.024
15 65 0.089
15 66 0.127
15 68 0.097
15 77 0.167
15 98 0.469
15 35 0.091
15 88 0.131
15 16 0.178
15 24 0.126
15 46 0.208
15 51 0.15
15 84 0.275
15 93 0.101
15 28 0.169
15 48 0.144
15 81 0.194
15 20 0.185
15 22 0.174
15 31 0.073
15 85 0.114
15 87 0.086
15 37 0.11
15 62 0.119
15 38 0.154
15 42 0.166
15 49 0.152
15 52 0.169
15 72 0.187
15 78 0.155
15 83 0.141
16 93 0.892
16 64 0.916
16 21 0.128
16 58 0.946
16 30 0.642
16 55 0.434
16 46 0.673
16 48 0.964
16 17 0.618
16 61 0.414
16 80 0.141
16 88 0.393
16 60 0.343
16 77 0.258
16 68 0.028
16 83 0.066
16 69 0.017
16 91 0.396
16 19 0.264
16 27 0.351
16 34 0.16
16 36 0.311
16 99 0.173
16 25 0.099
16 50 0.132
16 98 0.339
16 70 0.061
16 56 0.285
16 82 0.106
16 87 0.12
16 92 0.121
16 96 0.262
16 20 0.039
16 43 0.237
16 67 0.307
16 81 0.144
16 53 0.088
16 28 0.175
16 37 0.186
16 40 0.07
16 18 0.15
16 29 0.196
16 44 0.28
16 49 0.146
16 52 0.244
16 54 0.168
16 66 0.217
16 89 0.146
16 97 0.184
16 41 0.056
16 73 0.105
16 78 0.19
16 86 0.187
16 22 0.13
16 23 0.106
16 24 0.139
16 47 0.19
16 76 0.187
16 32 0.107
16 33 0.147
16 45 0.175
16 57 0.162
16 62 0.156
16 65 0.149
16 74 0.174
16 84 0.11
16 94 0.15
16 95 0.131
17 50 0.814
17 51 0.667
17 77 1
17 43 0.563
17 87 0.053
17 90 0.389
17 69 0.367
17 19 0.077
17 44 0.368
17 71 0.668
17 41 0.35
17 53 0.258
17 98 0.221
17 24 0.62
17 27 0.51
17 64 0.07
17 65 0.588
17 23 0.065
17 68 0.082
17 76 0.095
17 91 0.274
17 61 0.169
17 62 0.051
17 80 0.199
17 60 0.132
17 93 0.159
17 96 0.205
17 36 0.332
17 56 0.162
17 86 0.118
17 38 0.194
17 85 0.144
17 88 0.151
17 18 0.16
17 35 0.066
17 47 0.003
17 95 0.076
17 25 0.342
17 33 0.174
17 83 0.148
17 92 0.015
17 29 0.087
17 30 0.118
17 39 0.127
17 49 0.153
17 73 0.157
17 74 0.12
17 75 0.295
17 81 0.156
17 22 0.247
17 59 0.138
17 67 0.166
17 72 0.142
17 78 0.009
17 79 0.121
17 40 0.179
17 42 0.114
17 46 0.125
17 55 0.189
17 57 0.134
17 94 0.122
17 34 0.16
17 37 0.142
17 48 0.099
17 52 0.178
17 63 0.119
17 82 0.152
17 84 0.155
17 97 0.228
18 56 0.924
18 81 0.793
18 28 0.914
18 38 0.711
18 71 0.8
18 86 0.728
18 93 0.558
18 24 0.225
18 36 0.661
18 53 0.68
18 32 0.294
18 37 0.434
18 85 0.161
18 33 0.417
18 55 0.588
18 62 0.362
18 78 0.434
18 90 0.61
18 45 0.033
18 20 0.235
18 49 0.302
18 61 0.005
18 68 0.114
18 75 0.319
18 22 0.251
18 26 0.29
18 34 0.199
18 46 0.072
18 19 0.234
18 60 0.1
18 65 0.221
18 35 0.119
18 63 0.415
18 64 0.203
18 88 0.298
18 76 0.406
18 91 0.392
18 23 0.186
18 31 0.283
18 40 0.208
18 57 0.028
18 69 0.246
18 87 0.325
18 98 0.126
18 82 0.283
18 66 0.232
18 79 0.239
18 25 0.242
18 43 0.143
18 44 0.218
18 47 0.221
18 30 0.155
18 41 0.164
18 48 0.25
18 59 0.132
18 70 0.155
18 74 0.067
18 80 0.203
18 97 0.148
18 39 0.102
18 51 0.118
18 67 0.146
18 83 0.136
18 84 0.153
18 92 0.157
18 95 0.163
18 21 0.133
18 29 0.136
18 54 0.158
18 58 0.142
18 73 0.168
19 52 1
19 81 1
19 45 0.641
19 76 1
19 35 0.84
19 91 0.586
19 67 0.714
19 29 0.568
19 31 0.615
19 38 0.655
19 24 0.652
19 82 0.347
19 46 0.128
19 90 0.279
19 97 0.109
19 30 0.484
19 48 0.736
19 42 0.244
19 50 0.246
19 95 0.278
19 68 0.512
19 23 0.278
19 75 0.314
19 93 0.269
19 32 0.255
19 37 0.131
19 64 0.346
19 92 0.338
19 72 0.165
19 86 0.117
19 99 0.006
19 28 0.164
19 59 0.316
19 63 0.234
19 66 0.12
19 27 0.155
19 36 0.077
19 54 0.204
19 57 0.154
19 77 0.147
19 41 0.205
19 71 0.112
19 88 0.093
19 98 0.139
19 22 0.445
19 33 0.225
19 55 0.161
19 56 0.235
19 58 0.146
19 79 0.157
19 26 0.158
19 34 0.11
19 40 0.091
19 44 0.127
19 53 0.18
19 62 0.251
19 70 0.114
19 43 0.139
19 49 0.157
19 51 0.165
19 60 0.167
19 69 0.177
19 85 0.136
19 94 0.18
19 96 0.191
20 61 0.166
20 31 0.728
20 53 0.989
20 29 0.692
20 93 0.185
20 27 0.672
20 46 0.628
20 49 0.238
20 64 0.032
20 40 0.507
20 22 0.341
20 70 0.561
20 82 0.385
20 86 0.735
20 87 0.561
20 98 0.41
20 45 0.027
20 56 0.035
20 55 0.393
20 57 0.503
20 23 0.389
20 97 0.305
20 28 0.156
20 66 0.394
20 96 0.424
20 30 0.136
20 34 0.412
20 85 0.268
20 24 0.613
20 32 0.063
20 71 0.149
20 74 0.02
20 94 0.189
20 39 0.125
20 68 0.067
20 78 0.326
20 84 0.157
20 95 0.172
20 99 0.205
20 77 0.317
20 80 0.151
20 81 0.206
20 91 0.109
20 21 0.113
20 26 0.025
20 69 0.149
20 79 0.172
20 83 0.149
20 37 0.102
20 38 0.178
20 50 0.278
20 33 0.102
20 47 0.162
20 59 0.041
20 60 0.154
20 65 0.197
20 67 0.182
20 73 0.156
20 88 0.143
20 90 0.176
20 25 0.116
20 36 0.141
20 41 0.139
20 48 0.182
20 54 0.166
20 76 0.157
20 89 0.184
21 75 0.57
21 31 1
21 57 0.921
21 36 0.57
21 76 0.412
21 83 0.709
21 51 0.582
21 65 0.438
21 86 0.529
21 59 0.514
21 26 0.334
21 24 0.272
21 29 0.584
21 94 0.229
21 81 1
21 56 0.093
21 42 0.168
21 44 0.386
21 39 0.166
21 96 0.043
21 38 0.297
21 40 0.118
21 73 0.108
21 27 0.414
21 67 0.312
21 92 0.129
21 54 0.248
21 46 0.261
21 53 0.405
21 23 0.2
21 37 0.306
21 50 0.305
21 90 0.073
21 99 0.229
21 25 0.22
21 28 0.229
21 33 0.11
21 41 0.129
21 70 0.067
21 74 0.1
21 85 0.145
21 45 0.099
21 49 0.207
21 58 0.242
21 60 0.151
21 63 0.16
21 64 0.098
21 78 0.103
21 82 0.018
21 30 0.112
21 71 0.203
21 84 0.059
21 95 0.133
21 97 0.069
21 62 0.11
21 77 0.106
21 79 0.265
21 87 0.174
21 22 0.173
21 32 0.185
21 55 0.122
21 66 0.057
21 69 0.125
21 80 0.113
21 88 0.148
21 89 0.16
21 98 0.165
22 92 0.474
22 64 0.427
22 89 0.83
22 39 0.63
22 49 0.63
22 28 0.416
22 24 0.683
22 70 0.745
22 40 0.735
22 55 0.495
22 63 0.194
22 31 0.215
22 43 0.667
22 48 0.214
22 54 0.205
22 44 0.29
22 85 0.214
22 67 0.016
22 32 0.133
22 69 0.126
22 78 0.364
22 38 0.036
22 51 0.123
22 52 0.274
22 66 0.013
22 74 0.079
22 80 0.471
22 96 0.291
22 57 0.096
22 71 0.143
22 62 0.197
22 94 0.042
22 77 0.091
22 83 0.392
22 25 0.235
22 87 0.042
22 58 0.242
22 76 0.143
22 29 0.247
22 46 0.152
22 73 0.008
22 75 0.184
22 97 0.253
22 41 0.301
22 60 0.168
22 93 0.115
22 34 0.12
22 68 0.019
22 79 0.105
22 82 0.202
22 84 0.189
22 91 0.141
22 36 0.221
22 37 0.149
22 45 0.11
22 50 0.158
22 56 0.147
22 61 0.161
22 90 0.206
22 99 0.155
22 27 0.162
22 35 0.144
22 72 0.157
23 60 0.774
23 34 0.902
23 75 0.878
23 93 0.574
23 55 0.915
23 49 0.491
23 42 0.789
23 70 0.2
23 36 0.409
23 87 0.225
23 51 0.354
23 96 0.033
23 46 0.24
23 45 0.175
23 66 0.4
23 90 0.341
23 48 0.222
23 24 0.35
23 89 0.04
23 31 0.038
23 61 0.267
23 59 0.278
23 68 0.367
23 71 0.056
23 28 0.378
23 30 0.117
23 37 0.118
23 43 0.146
23 50 0.231
23 62 0.175
23 77 0.483
23 26 0.143
23 32 0.06
23 41 0.107
23 47 0.322
23 67 0.181
23 92 0.204
23 35 0.403
23 38 0.356
23 33 0.24
23 83 0.282
23 94 0.215
23 27 0.161
23 40 0.127
23 54 0.191
23 57 0.145
23 58 0.28
23 63 0.23
23 69 0.158
23 74 0.074
23 86 0.04
23 91 0.12
23 99 0.162
23 52 0.207
23 53 0.167
23 76 0.156
23 84 0.144
23 88 0.192
23 97 0.114
23 25 0.125
23 39 0.093
23 64 0.179
23 65 0.176
23 72 0.112
23 73 0.189
23 80 0.176
23 82 0.149
23 98 0.129
24 82 0.802
24 37 0.663
24 27 0.865
24 30 0.815
24 68 0.548
24 56 0.499
24 25 0.109
24 77 0.309
24 43 0.476
24 87 0.214
24 98 0.589
24 35 0.489
24 90 0.448
24 40 0.023
24 71 0.301
24 57 0.085
24 76 0.174
24 70 0.417
24 83 0.319
24 28 0.36
24 33 0.411
24 55 0.212
24 65 0.322
24 60 0.223
24 73 0.159
24 84 0.355
24 93 0.305
24 26 0.045
24 62 0.112
24 64 0.178
24 94 0.097
24 48 0.173
24 36 0.15
24 95 0.287
24 31 0.184
24 39 0.107
24 50 0.246
24 52 0.229
24 79 0.139
24 81 0.089
24 86 0.021
24 88 0.159
24 49 0.139
24 89 0.183
24 97 0.113
24 32 0.179
24 34 0.184
24 41 0.149
24 47 0.135
24 78 0.131
24 29 0.19
24 42 0.115
24 45 0.193
24 51 0.176
24 59 0.202
24 63 0.192
24 67 0.129
24 69 0.176
24 72 0.189
24 75 0.106
24 96 0.147
25 89 0.565
25 29 0.653
25 91 0.691
25 48 0.496
25 49 0.183
25 30 0.753
25 85 0.945
25 50 0.301
25 58 0.266
25 64 0.113
25 93 0.166
25 32 0.546
25 75 0.677
25 46 0.134
25 53 0.319
25 67 0.053
25 88 0.203
25 66 0.023
25 62 0.15
25 70 0.052
25 28 0.204
25 68 0.544
25 36 0.424
25 41 0.296
25 57 0.499
25 60 0.327
25 87 0.275
25 26 0.175
25 35 0.167
25 99 0.021
25 77 0.156
25 69 0.049
25 72 0.086
25 76 0.162
25 45 0.158
25 51 0.164
25 63 0.109
25 82 0.144
25 34 0.177
25 54 0.127
25 73 0.191
25 74 0.111
25 79 0.134
25 31 0.183
25 52 0.05
25 38 0.146
25 44 0.135
25 55 0.153
25 94 0.051
25 39 0.142
25 80 0.157
25 81 0.135
25 83 0.021
25 95 0.156
25 97 0.153
25 33 0.157
25 37 0.182
25 40 0.164
25 43 0.118
25 47 0.135
25 78 0.163
25 84 0.141
25 90 0.137
26 30 1
26 27 1
26 56 0.22
26 59 0.072
26 91 0.156
26 67 0.869
26 79 0.356
26 34 0.209
26 29 0.466
26 76 0.137
26 28 0.2
26 74 0.268
26 38 0.531
26 98 0.126
26 45 0.147
26 58 0.014
26 63 0.336
26 68 0.054
26 89 0.319
26 95 0.398
26 85 0.627
26 36 0.106
26 69 0.146
26 77 0.218
26 54 0.105
26 51 0.201
26 83 0.176
26 73 0.129
26 87 0.067
26 39 0.199
26 94 0.259
26 80 0.126
26 32 0.064
26 44 0.121
26 55 0.119
26 62 0.149
26 88 0.024
26 90 0.07
26 52 0.188
26 93 0.019
26 49 0.134
26 64 0.063
26 66 0.294
26 72 0.049
26 81 0.149
26 84 0.131
26 33 0.109
26 40 0.124
26 41 0.134
26 53 0.134
26 61 0.193
26 82 0.187
26 92 0.16
26 37 0.121
26 48 0.141
26 50 0.13
26 57 0.154
26 60 0.11
26 70 0.104
26 71 0.153
26 86 0.192
26 96 0.139
27 37 0.462
27 80 0.466
27 84 0.695
27 92 0.279
27 39 0.274
27 96 0.104
27 40 0.104
27 43 0.621
27 55 0.65
27 52 0.111
27 72 0.138
27 47 0.442
27 48 0.248
27 65 0.339
27 94 0.146
27 29 0.204
27 79 0.025
27 87 0.424
27 32 0.47
27 64 0.143
27 49 0.025
27 56 0.075
27 77 0.095
27 54 0.196
27 68 0.212
27 69 0.265
27 78 0.162
27 95 0.17
27 34 0.033
27 76 0.011
27 50 0.183
27 58 0.192
27 88 0.117
27 33 0.148
27 35 0.061
27 45 0.15
27 53 0.28
27 57 0.273
27 86 0.131
27 90 0.153
27 28 0.07
27 31 0.147
27 42 0.164
27 59 0.183
27 61 0.123
27 81 0.05
27 30 0.12
27 41 0.163
27 71 0.129
27 83 0.164
27 44 0.145
27 60 0.157
27 62 0.116
27 67 0.14
27 74 0.178
27 98 0.145
27 99 0.111
28 42 0.562
28 46 0.517
28 76 0.998
28 87 0.494
28 80 0.308
28 56 0.507
28 59 1
28 92 0.563
28 50 0.513
28 65 0.314
28 48 0.541
28 63 0.325
28 73 0.061
28 91 0.567
28 95 0.521
28 35 0.372
28 96 0.32
28 41 0.674
28 54 0.332
28 69 0.174
28 79 0.097
28 81 0.149
28 62 0.157
28 83 0.182
28 88 0.103
28 31 0.285
28 71 0.419
28 82 0.204
28 90 0.127
28 64 0.053
28 43 0.086
28 68 0.127
28 97 0.288
28 36 0.104
28 70 0.256
28 84 0.287
28 98 0.135
28 44 0.182
28 67 0.147
28 30 0.109
28 34 0.162
28 49 0.196
28 58 0.11
28 37 0.102
28 78 0.17
28 85 0.027
28 99 0.035
28 32 0.139
28 33 0.144
28 45 0.108
28 52 0.142
28 53 0.147
28 55 0.15
28 57 0.175
28 60 0.126
28 61 0.159
28 66 0.104
28 75 0.069
28 86 0.124
28 93 0.148
29 33 0.57
29 58 0.634
29 88 0.744
29 40 0.811
29 81 0.806
29 46 0.775
29 64 0.913
29 44 0.547
29 93 0.546
29 71 0.19
29 38 0.041
29 85 0.725
29 98 0.076
29 53 0.223
29 83 0.507
29 52 0.224
29 72 0.23
29 51 0.364
29 80 0.079
29 91 0.038
29 77 0.271
29 78 0.154
29 87 0.095
29 94 0.252
29 55 0.241
29 31 0.29
29 32 0.122
29 50 0.262
29 62 0.086
29 69 0.184
29 96 0.761
29 99 0.29
29 39 0.178
29 45 0.407
29 60 0.042
29 36 0.222
29 49 0.083
29 35 0.227
29 43 0.175
29 61 0.074
29 63 0.199
29 67 0.277
29 95 0.301
29 34 0.139
29 42 0.16
29 48 0.133
29 74 0.122
29 30 0.118
29 54 0.151
29 59 0.177
29 65 0.096
29 68 0.159
29 70 0.193
29 73 0.078
29 82 0.172
29 86 0.193
29 92 0.158
30 61 0.943
30 40 1
30 66 0.95
30 39 0.937
30 78 1
30 31 0.62
30 35 0.633
30 55 0.795
30 37 0.735
30 65 0.225
30 45 0.488
30 73 0.164
30 90 0.449
30 97 0.312
30 32 0.309
30 71 0.004
30 36 0.279
30 54 0.113
30 87 0.214
30 75 0.005
30 98 0.097
30 77 0.333
30 68 0.487
30 53 0.168
30 91 0.21
30 41 0.109
30 58 0.058
30 59 0.008
30 93 0.206
30 34 0.144
30 43 0.165
30 72 0.333
30 49 0.197
30 74 0.131
30 82 0.085
30 88 0.161
30 42 0.382
30 62 0.081
30 69 0.05
30 94 0.31
30 96 0.176
30 99 0.136
30 50 0.269
30 51 0.114
30 60 0.223
30 80 0.193
30 89 0.139
30 33 0.137
30 63 0.133
30 70 0.235
30 81 0.136
30 84 0.129
30 47 0.136
30 56 0.177
30 57 0.167
30 76 0.179
30 79 0.129
30 92 0.158
31 75 0.697
31 73 0.863
31 62 0.733
31 96 0.002
31 89 0.227
31 74 0.439
31 49 0.554
31 91 0.084
31 39 0.442
31 61 0.489
31 98 0.034
31 87 0.145
31 52 0.023
31 70 0.308
31 46 0.047
31 54 0.227
31 66 0.275
31 86 0.329
31 76 0.16
31 79 0.182
31 83 0.202
31 71 0.534
31 77 0.303
31 80 0.483
31 85 0.047
31 95 0.156
31 43 0.203
31 58 0.139
31 33 0.327
31 45 0.318
31 59 0.109
31 65 0.075
31 81 0.17
31 32 0.145
31 40 0.158
31 41 0.25
31 50 0.111
31 84 0.357
31 99 0.253
31 53 0.204
31 56 0.121
31 67 0.158
31 78 0.152
31 82 0.173
31 90 0.161
31 97 0.111
31 34 0.131
31 36 0.147
31 42 0.125
31 44 0.148
31 51 0.217
31 68 0.117
31 88 0.138
31 94 0.088
31 35 0.186
31 47 0.102
31 55 0.191
32 75 1
32 53 1
32 49 0.629
32 92 0.771
32 41 0.925
32 59 0.54
32 78 0.741
32 68 0.447
32 93 0.465
32 82 0.613
32 60 0.879
32 96 0.304
32 77 0.115
32 95 0.132
32 50 0.187
32 70 0.065
32 90 0.39
32 99 0.601
32 62 0.051
32 76 0.066
32 85 0.104
32 52 0.511
32 35 0.421
32 38 0.205
32 71 0.107
32 63 0.115
32 66 0.056
32 72 0.237
32 89 0.143
32 79 0.627
32 91 0.635
32 98 0.073
32 45 0.068
32 61 0.219
32 86 0.269
32 42 0.15
32 44 0.138
32 54 0.329
32 65 0.548
32 80 0.229
32 94 0.259
32 37 0.064
32 43 0.154
32 46 0.256
32 48 0.173
32 74 0.026
32 34 0.109
32 40 0.107
32 47 0.19
32 64 0.096
32 81 0.166
32 33 0.127
32 39 0.14
32 51 0.157
32 57 0.108
32 58 0.123
32 73 0.253
32 83 0.16
32 56 0.163
32 69 0.163
32 88 0.115
32 36 0.131
32 84 0.137
32 97 0.207
33 63 0.893
33 51 0.712
33 70 0.849
33 47 0.226
33 98 0.095
33 79 0.433
33 90 0.096
33 93 0.529
33 40 0.347
33 76 0.791
33 48 0.048
33 99 0.27
33 36 0.653
33 52 0.051
33 85 0.287
33 45 0.394
33 71 0.357
33 37 0.376
33 86 0.189
33 77 0.182
33 61 0.092
33 35 0.361
33 44 0.134
33 50 0.232
33 56 0.109
33 57 0.168
33 72 0.073
33 87 0.169
33 46 0.184
33 53 0.063
33 58 0.148
33 96 0.285
33 64 0.155
33 65 0.346
33 88 0.208
33 91 0.282
33 73 0.171
33 39 0.255
33 42 0.132
33 66 0.128
33 34 0.208
33 38 0.028
33 55 0.006
33 60 0.154
33 67 0.028
33 74 0.142
33 83 0.003
33 41 0.18
33 59 0.099
33 62 0.294
33 68 0.078
33 80 0.142
33 84 0.125
33 94 0.163
33 43 0.177
33 81 0.161
33 89 0.125
33 97 0.091
34 54 0.843
34 82 0.895
34 45 0.552
34 37 0.397
34 61 0.22
34 81 0.69
34 65 0.667
34 39 0.75
34 56 0.82
34 98 0.117
34 77 0.306
34 80 0.465
34 49 0.55
34 57 0.201
34 35 0.041
34 69 0.356
34 87 0.214
34 92 0.265
34 96 0.352
34 71 0.083
34 89 0.211
34 90 0.276
34 72 0.216
34 36 0.139
34 74 0.02
34 99 0.214
34 47 0.332
34 59 0.015
34 70 0.279
34 94 0.357
34 50 0.077
34 55 0.169
34 66 0.275
34 48 0.061
34 60 0.152
34 53 0.172
34 73 0.138
34 95 0.171
34 43 0.253
34 58 0.15
34 78 0.172
34 85 0.122
34 91 0.294
34 44 0.011
34 52 0.202
34 75 0.239
34 38 0.22
34 40 0.123
34 68 0.093
34 64 0.14
34 76 0.166
34 79 0.188
34 83 0.159
34 88 0.158
34 46 0.207
34 62 0.133
34 84 0.185
34 86 0.133
35 41 0.953
35 54 1
35 50 0.977
35 94 0.999
35 84 1
35 75 0.324
35 83 0.558
35 47 0.639
35 38 0.445
35 60 0.699
35 72 0.513
35 45 0.573
35 90 0.521
35 86 0.068
35 52 0.978
35 63 0.553
35 61 0.224
35 57 0.187
35 92 0.202
35 76 0.12
35 78 0.016
35 46 0.391
35 55 0.062
35 71 0.146
35 77 0.353
35 89 0.111
35 36 0.016
35 69 0.12
35 43 0.21
35 39 0.22
35 93 0.181
35 40 0.181
35 42 0.239
35 51 0.12
35 82 0.224
35 88 0.459
35 44 0.183
35 49 0.265
35 73 0.152
35 81 0.493
35 37 0.152
35 58 0.161
35 59 0.011
35 56 0.184
35 62 0.185
35 65 0.255
35 67 0.006
35 91 0.186
35 98 0.143
35 48 0.149
35 53 0.137
35 66 0.115
35 68 0.142
35 74 0.209
35 79 0.186
35 80 0.128
36 99 0.66
36 53 0.716
36 87 0.931
36 91 0.584
36 54 0.042
36 70 0.597
36 52 0.57
36 94 0.284
36 82 0.812
36 78 0.156
36 37 0.11
36 72 0.29
36 51 0.291
36 86 0.07
36 59 0.118
36 66 0.749
36 93 0.09
36 74 0.112
36 68 0.317
36 40 0.19
36 41 0.083
36 95 0.116
36 44 0.105
36 65 0.092
36 89 0.23
36 58 0.074
36 60 0.115
36 57 0.228
36 80 0.198
36 81 0.269
36 84 0.173
36 69 0.274
36 77 0.046
36 76 0.152
36 42 0.397
36 67 0.108
36 49 0.107
36 55 0.138
36 56 0.162
36 97 0.183
36 39 0.128
36 62 0.206
36 64 0.179
36 83 0.073
36 90 0.182
36 45 0.129
36 71 0.118
36 79 0.145
36 92 0.104
36 50 0.135
36 73 0.222
36 75 0.155
36 96 0.074
36 98 0.157
37 82 1
37 60 0.595
37 59 0.494
37 64 0.254
37 39 0.493
37 78 0.522
37 49 0.355
37 80 0.218
37 45 0.118
37 66 0.209
37 67 0.573
37 93 0.289
37 62 0.302
37 52 0.352
37 87 0.164
37 99 0.236
37 70 0.569
37 92 0.14
37 43 0.221
37 86 0.535
37 41 0.191
37 98 0.561
37 48 0.174
37 84 0.301
37 97 0.222
37 38 0.152
37 46 0.03
37 50 0.205
37 55 0.209
37 56 0.329
37 75 0.239
37 95 0.265
37 74 0.257
37 76 0.11
37 53 0.299
37 65 0.076
37 94 0.166
37 69 0.195
37 71 0.18
37 72 0.142
37 77 0.168
37 83 0.33
37 85 0.051
37 42 0.143
37 54 0.192
37 81 0.104
37 91 0.108
37 47 0.136
37 57 0.116
37 58 0.109
37 68 0.18
37 73 0.107
38 82 0.761
38 88 0.747
38 70 0.671
38 63 0.75
38 54 0.21
38 71 0.471
38 74 0.023
38 48 0.232
38 58 0.583
38 43 0.472
38 67 0.288
38 72 0.279
38 76 0.534
38 97 0.386
38 55 0.223
38 81 0.358
38 39 0.268
38 59 0.122
38 93 0.25
38 53 0.372
38 42 0.008
38 94 0.124
38 91 0.456
38 40 0.15
38 64 0.025
38 90 0.18
38 65 0.159
38 50 0.076
38 96 0.111
38 69 0.242
38 61 0.307
38 62 0.323
38 68 0.148
38 75 0.129
38 85 0.238
38 49 0.141
38 66 0.105
38 78 0.208
38 52 0.105
38 56 0.134
38 86 0.093
38 98 0.148
38 45 0.106
38 77 0.017
38 83 0.137
38 84 0.139
38 92 0.199
38 95 0.179
38 51 0.148
38 57 0.136
38 73 0.102
38 87 0.152
39 55 0.669
39 94 0.869
39 91 0.185
39 49 0.144
39 90 0.734
39 81 0.033
39 45 0.612
39 63 0.178
39 89 0.585
39 53 0.072
39 69 0.133
39 67 0.002
39 56 0.129
39 76 0.12
39 85 0.503
39 88 0.142
39 58 0.206
39 68 0.244
39 82 0.08
39 86 0.228
39 80 0.116
39 87 0.413
39 47 0.192
39 84 0.023
39 99 0.156
39 79 0.199
39 43 0.139
39 51 0.02
39 66 0.071
39 75 0.345
39 54 0.198
39 64 0.158
39 97 0.115
39 57 0.153
39 60 0.166
39 61 0.326
39 78 0.137
39 83 0.195
39 48 0.159
39 50 0.241
39 62 0.153
39 65 0.221
39 72 0.076
39 73 0.074
39 44 0.188
39 70 0.195
39 92 0.187
39 93 0.123
39 98 0.11
40 78 0.969
40 82 0.776
40 57 1
40 72 0.605
40 56 0.502
40 47 0.301
40 81 0.65
40 69 0.675
40 76 0.117
40 97 0.171
40 52 0.123
40 66 0.257
40 79 0.26
40 91 0.31
40 84 0.445
40 62 0.065
40 63 0.329
40 88 0.169
40 94 0.038
40 67 0.237
40 46 0.228
40 64 0.252
40 80 0.211
40 95 0.247
40 41 0.125
40 51 0.183
40 44 0.179
40 60 0.205
40 61 0.154
40 68 0.052
40 85 0.342
40 89 0.259
40 92 0.208
40 53 0.467
40 59 0.059
40 70 0.16
40 90 0.109
40 75 0.116
40 43 0.219
40 45 0.118
40 48 0.083
40 58 0.097
40 74 0.123
40 83 0.138
40 65 0.139
40 87 0.128
40 93 0.183
40 96 0.128
41 50 0.607
41 44 0.302
41 62 0.816
41 43 0.527
41 80 1
41 88 0.609
41 83 0.308
41 85 0.137
41 91 0.176
41 86 0.139
41 45 0.814
41 72 0.132
41 59 0.639
41 55 0.247
41 74 0.357
41 67 0.018
41 94 0.198
41 75 0.047
41 60 0.429
41 46 0.204
41 87 0.257
41 52 0.181
41 65 0.084
41 69 0.276
41 76 0.144
41 81 0.369
41 99 0.074
41 95 0.199
41 96 0.157
41 49 0.233
41 77 0.164
41 78 0.085
41 48 0.144
41 53 0.135
41 61 0.368
41 63 0.126
41 66 0.157
41 93 0.075
41 47 0.045
41 57 0.163
41 64 0.193
41 79 0.138
41 82 0.199
41 84 0.14
41 97 0.18
41 56 0.179
41 68 0.102
41 71 0.097
41 89 0.126
42 68 0.97
42 79 0.862
42 70 0.876
42 44 1
42 93 0.921
42 89 0.243
42 63 0.41
42 55 0.764
42 58 0.601
42 57 0.629
42 83 0.131
42 47 0.424
42 85 0.29
42 86 0.18
42 91 0.402
42 65 0.338
42 52 0.271
42 80 0.245
42 43 0.13
42 72 0.277
42 75 0.537
42 60 0.012
42 76 0.08
42 82 0.144
42 49 0.119
42 67 0.087
42 78 0.269
42 45 0.148
42 48 0.208
42 69 0.084
42 77 0.147
42 88 0.075
42 97 0.264
42 50 0.115
42 59 0.156
42 62 0.154
42 98 0.179
42 53 0.172
42 54 0.161
42 87 0.174
42 46 0.272
42 74 0.112
42 64 0.141
42 73 0.191
42 92 0.136
42 99 0.199
43 61 0.628
43 87 0.345
43 51 1
43 67 0.06
43 50 1
43 70 0.799
43 97 0.44
43 82 0.14
43 45 0.333
43 85 0.111
43 99 0.327
43 49 0.309
43 73 0.229
43 46 0.251
43 66 0.242
43 90 0.371
43 57 0.123
43 60 0.298
43 81 0.268
43 84 0.141
43 54 0.249
43 75 0.406
43 76 0.491
43 77 0.042
43 80 0.156
43 62 0.055
43 98 0.075
43 83 0.181
43 93 0.264
43 96 0.366
43 52 0.128
43 58 0.233
43 71 0.197
43 91 0.192
43 63 0.096
43 64 0.101
43 72 0.217
43 79 0.169
43 48 0.186
43 53 0.179
43 55 0.16
43 59 0.208
43 68 0.197
43 69 0.18
43 74 0.133
43 86 0.151
43 95 0.139
44 79 0.864
44 75 0.472
44 94 0.565
44 47 0.334
44 59 0.64
44 56 0.537
44 98 0.549
44 46 0.151
44 99 0.311
44 60 0.052
44 85 0.337
44 50 0.594
44 89 0.133
44 49 0.149
44 55 0.214
44 52 0.117
44 65 0.19
44 95 0.216
44 96 0.153
44 45 0.361
44 66 0.405
44 73 0.435
44 74 0.162
44 53 0.111
44 68 0.174
44 76 0.177
44 57 0.045
44 69 0.106
44 78 0.107
44 81 0.143
44 92 0.108
44 61 0.16
44 64 0.174
44 83 0.18
44 84 0.207
44 93 0.097
44 58 0.208
44 70 0.118
44 97 0.175
44 71 0.169
44 80 0.181
44 86 0.169
44 48 0.161
44 51 0.182
44 54 0.126
44 87 0.198
44 91 0.192
45 85 0.768
45 61 0.731
45 52 0.779
45 78 0.04
45 98 0.736
45 68 0.438
45 81 0.32
45 71 0.528
45 66 0.182
45 95 0.386
45 59 0.352
45 73 0.526
45 77 0.166
45 93 0.411
45 86 0.371
45 55 0.548
45 62 0.244
45 83 0.247
45 48 0.5
45 63 0.252
45 53 0.093
45 49 0.259
45 46 0.347
45 58 0.219
45 70 0.173
45 76 0.045
45 91 0.034
45 94 0.366
45 82 0.049
45 92 0.026
45 47 0.162
45 64 0.208
45 65 0.191
45 80 0.15
45 50 0.108
45 60 0.108
45 67 0.14
45 74 0.153
45 75 0.281
45 89 0.179
45 90 0.124
45 51 0.142
45 57 0.215
45 88 0.103
45 96 0.179
46 72 0.552
46 92 0.798
46 55 0.531
46 97 0.394
46 68 0.43
46 70 0.592
46 84 0.126
46 95 0.238
46 73 0.14
46 96 0.228
46 99 0.354
46 89 0.242
46 74 0.123
46 57 0.237
46 75 0.187
46 79 0.176
46 61 0.406
46 87 0.196
46 59 0.217
46 67 0.06
46 94 0.364
46 63 0.069
46 81 0.174
46 88 0.034
46 47 0.188
46 83 0.047
46 62 0.037
46 98 0.199
46 58 0.281
46 66 0.13
46 78 0.042
46 52 0.246
46 85 0.206
46 69 0.114
46 91 0.295
46 76 0.101
46 80 0.172
46 82 0.147
46 90 0.107
47 88 0.77
47 81 0.868
47 92 0.6
47 71 0.325
47 84 0.812
47 95 0.284
47 67 0.041
47 68 0.63
47 85 0.207
47 48 0.17
47 91 0.057
47 50 0.022
47 72 0.247
47 75 0.355
47 74 0.234
47 94 0.121
47 70 0.184
47 97 0.275
47 82 0.252
47 86 0.024
47 51 0.152
47 63 0.103
47 64 0.073
47 65 0.406
47 77 0.179
47 58 0.109
47 59 0.103
47 90 0.111
47 52 0.148
47 66 0.153
47 76 0.227
47 57 0.012
47 60 0.243
47 54 0.117
47 55 0.21
47 61 0.136
47 69 0.168
47 87 0.135
47 89 0.247
47 93 0.079
47 96 0.201
47 98 0.156
47 49 0.153
47 56 0.13
47 83 0.203
47 99 0.127
48 69 0.885
48 82 0.53
48 98 0.769
48 81 0.491
48 94 0.592
48 76 0.15
48 95 0.419
48 63 0.812
48 54 0.232
48 96 0.47
48 73 0.049
48 85 0.297
48 65 0.576
48 84 0.216
48 86 0.205
48 72 0.214
48 77 0.161
48 52 0.109
48 53 0.7
48 56 0.234
48 75 0.156
48 80 0.217
48 51 0.165
48 97 0.388
48 55 0.189
48 67 0.328
48 74 0.041
48 61 0.257
48 68 0.126
48 78 0.365
48 59 0.155
48 62 0.169
48 71 0.204
48 83 0.1
48 87 0.15
48 91 0.154
48 50 0.17
48 70 0.182
48 79 0.17
48 88 0.197
48 90 0.11
49 67 0.656
49 80 0.78
49 89 0.564
49 87 0.517
49 71 0.621
49 85 0.18
49 50 0.06
49 93 0.046
49 70 0.86
49 94 0.51
49 96 0.593
49 57 0.317
49 84 0.104
49 82 0.472
49 58 0.547
49 64 0.296
49 59 0.154
49 92 0.034
49 51 0.379
49 52 0.15
49 95 0.341
49 97 0.071
49 55 0.183
49 78 0.131
49 79 0.086
49 88 0.144
49 91 0.068
49 73 0.403
49 99 0.212
49 54 0.205
49 60 0.16
49 63 0.173
49 72 0.099
49 81 0.08
49 75 0.151
49 77 0.148
49 83 0.178
49 62 0.119
49 68 0.173
49 86 0.15
49 98 0.17
50 61 0.694
50 71 0.759
50 69 0.48
50 59 0.659
50 87 0.597
50 82 0.198
50 74 0.445
50 77 0.201
50 66 0.263
50 54 0.141
50 67 0.289
50 51 0.132
50 57 0.246
50 56 0.075
50 60 0.197
50 78 0.125
50 97 0.179
50 63 0.128
50 81 0.023
50 99 0.164
50 55 0.29
50 68 0.154
50 80 0.175
50 88 0.127
50 83 0.007
50 86 0.201
50 98 0.118
50 52 0.192
50 89 0.152
50 64 0.095
50 70 0.188
50 92 0.184
50 72 0.139
50 75 0.123
50 76 0.152
50 85 0.126
51 59 0.85
51 75 1
51 83 0.823
51 70 0.226
51 74 0.139
51 62 0.221
51 85 0.738
51 64 0.617
51 88 0.158
51 57 0.144
51 72 0.702
51 94 0.621
51 69 0.476
51 81 0.358
51 55 0.353
51 84 0.351
51 52 0.293
51 61 0.131
51 87 0.162
51 95 0.154
51 68 0.01
51 97 0.132
51 98 0.133
51 71 0.275
51 76 0.184
51 60 0.006
51 63 0.216
51 77 0.528
51 80 0.232
51 90 0.127
51 53 0.181
51 66 0.138
51 78 0.109
51 79 0.151
51 86 0.147
51 56 0.151
51 89 0.083
51 92 0.113
51 96 0.183
52 97 0.45
52 92 0.545
52 61 1
52 87 0.929
52 83 0.414
52 62 0.026
52 96 0.41
52 89 0.448
52 56 0.296
52 86 0.189
52 54 0.268
52 85 0.341
52 64 0.544
52 71 0.446
52 55 0.03
52 79 0.555
52 88 0.498
52 70 0.163
52 66 0.132
52 90 0.358
52 67 0.155
52 76 0.447
52 60 0.092
52 53 0.1
52 68 0.146
52 73 0.027
52 84 0.134
52 93 0.066
52 95 0.123
52 98 0.156
52 91 0.12
52 94 0.075
52 57 0.205
52 58 0.302
52 63 0.158
52 75 0.166
52 77 0.169
52 78 0.173
52 82 0.175
52 99 0.199
53 74 0.622
53 59 0.796
53 62 0.136
53 77 1
53 79 0.213
53 56 0.666
53 87 0.042
53 73 0.13
53 67 0.116
53 66 0.247
53 96 0.38
53 94 0.198
53 72 0.045
53 54 0.222
53 55 0.162
53 65 0.257
53 90 0.004
53 95 0.126
53 68 0.268
53 71 0.201
53 57 0.396
53 81 0.165
53 99 0.322
53 70 0.337
53 83 0.171
53 84 0.182
53 97 0.122
53 58 0.019
53 89 0.082
53 98 0.26
53 64 0.173
53 91 0.113
53 60 0.131
53 61 0.141
53 69 0.154
53 75 0.18
53 93 0.171
54 69 0.924
54 64 0.757
54 81 0.901
54 77 0.672
54 67 0.706
54 66 0.56
54 84 1
54 92 0.707
54 60 0.634
54 74 0.323
54 86 0.092
54 70 0.054
54 85 0.205
54 78 0.215
54 96 0.24
54 63 0.068
54 80 0.27
54 87 0.2
54 90 0.029
54 88 0.244
54 95 0.15
54 94 0.14
54 91 0.199
54 75 0.151
54 82 0.205
54 89 0.127
54 98 0.188
54 55 0.173
54 65 0.292
54 68 0.182
54 83 0.146
54 93 0.186
54 97 0.07
54 62 0.18
54 71 0.167
54 99 0.104
55 81 1
55 60 1
55 57 0.314
55 76 0.573
55 91 0.463
55 83 0.704
55 72 0.599
55 96 0.74
55 97 0.218
55 64 0.32
55 71 0.36
55 78 0.36
55 82 0.402
55 84 0.441
55 63 0.476
55 87 0.185
55 61 0.236
55 66 0.09
55 70 0.099
55 88 0.049
55 67 0.103
55 86 0.136
55 90 0.185
55 99 0.277
55 73 0.344
55 95 0.185
55 98 0.145
55 56 0.112
55 59 0.06
55 62 0.021
55 69 0.132
55 80 0.17
55 74 0.097
55 75 0.236
55 92 0.183
55 58 0.158
55 94 0.126
55 85 0.143
56 68 0.805
56 72 0.672
56 57 0.929
56 81 0.63
56 71 0.777
56 78 0.148
56 59 0.322
56 75 0.132
56 84 0.092
56 91 0.286
56 90 0.433
56 74 0.316
56 62 0.084
56 67 0.104
56 86 0.108
56 95 0.417
56 60 0.003
56 77 0.158
56 82 0.324
56 83 0.198
56 92 0.086
56 64 0.066
56 61 0.199
56 76 0.096
56 80 0.14
56 85 0.135
56 69 0.204
56 73 0.2
56 89 0.078
56 98 0.153
56 58 0.183
56 63 0.182
56 87 0.212
56 88 0.117
56 93 0.162
56 94 0.123
56 96 0.124
56 99 0.203
57 99 0.703
57 82 0.469
57 94 0.926
57 75 0.677
57 62 0.258
57 98 0.236
57 92 0.333
57 72 0.244
57 73 0.491
57 74 0.656
57 70 0.347
57 83 0.22
57 86 0.13
57 89 0.275
57 93 0.278
57 60 0.76
57 90 0.283
57 66 0.091
57 68 0.124
57 77 0.026
57 64 0.301
57 71 0.169
57 81 0.178
57 88 0.193
57 61 0.035
57 78 0.229
57 87 0.262
57 80 0.137
57 85 0.273
57 95 0.162
57 59 0.158
57 69 0.048
57 76 0.164
57 79 0.162
57 58 0.149
57 63 0.209
57 96 0.16
57 97 0.18
58 99 0.919
58 95 0.633
58 59 0.863
58 75 0.725
58 76 0.393
58 66 0.097
58 82 0.003
58 67 0.212
58 84 0.537
58 60 0.392
58 92 0.361
58 81 0.473
58 62 0.064
58 68 0.119
58 80 0.115
58 70 0.242
58 61 0.022
58 65 0.237
58 94 0.049
58 79 0.109
58 74 0.123
58 77 0.103
58 83 0.114
58 91 0.164
58 73 0.126
58 86 0.117
58 87 0.153
58 98 0.168
58 63 0.094
58 69 0.08
58 90 0.14
58 96 0.194
59 66 0.485
59 71 0.864
59 78 0.042
59 98 0.384
59 88 0.217
59 72 0.326
59 73 0.073
59 85 0.465
59 87 0.141
59 90 0.069
59 60 0.389
59 68 0.099
59 97 0.338
59 94 0.202
59 99 0.089
59 76 0.174
59 64 0.074
59 62 0.222
59 80 0.265
59 82 0.066
59 83 0.292
59 63 0.164
59 67 0.273
59 92 0.165
59 65 0.121
59 91 0.181
59 70 0.152
59 84 0.221
59 86 0.153
59 89 0.157
59 69 0.161
59 74 0.169
59 81 0.134
59 95 0.1
59 96 0.222
60 66 0.83
60 99 1
60 76 0.25
60 78 0.516
60 64 0.024
60 77 0.141
60 97 0.466
60 86 0.369
60 65 0.062
60 80 0.085
60 74 0.112
60 67 0.407
60 82 0.154
60 94 0.047
60 92 0.139
60 88 0.341
60 96 0.103
60 75 0.15
60 73 0.405
60 61 0.177
60 79 0.067
60 84 0.306
60 89 0.083
60 81 0.245
60 85 0.164
60 93 0.009
60 95 0.317
60 87 0.105
60 62 0.127
60 63 0.125
60 68 0.184
60 70 0.157
60 83 0.153
60 98 0.181
61 85 0.717
61 96 0.542
61 79 0.897
61 66 0.217
61 99 0.404
61 73 0.347
61 87 0.011
61 84 0.218
61 94 0.193
61 88 0.131
61 92 0.201
61 62 0.147
61 63 0.162
61 67 0.131
61 69 0.209
61 97 0.434
61 74 0.134
61 82 0.193
61 83 0.122
61 98 0.243
61 64 0.146
61 68 0.163
61 76 0.178
61 78 0.133
61 70 0.177
61 86 0.197
61 91 0.398
61 65 0.142
61 71 0.262
61 81 0.058
61 90 0.15
61 72 0.149
61 93 0.152
61 95 0.135
62 76 0.863
62 70 0.994
62 93 0.613
62 68 0.83
62 85 0.274
62 88 0.259
62 97 0.153
62 87 0.74
62 95 0.281
62 99 0.274
62 86 0.27
62 82 0.184
62 84 0.145
62 98 0.29
62 80 0.061
62 78 0.214
62 81 0.126
62 94 0.234
62 71 0.184
62 75 0.151
62 72 0.069
62 90 0.151
62 96 0.175
62 64 0.135
62 83 0.279
62 66 0.151
62 69 0.429
62 65 0.149
62 73 0.222
62 74 0.169
62 92 0.151
63 93 0.976
63 81 0.9
63 80 0.546
63 72 0.589
63 68 0.559
63 85 0.285
63 79 0.431
63 92 0.123
63 69 0.215
63 88 0.406
63 98 0.571
63 82 0.417
63 91 0.175
63 74 0.186
63 67 0.022
63 71 0.395
63 86 0.321
63 95 0.294
63 70 0.145
63 96 0.037
63 66 0.26
63 77 0.174
63 78 0.314
63 87 0.146
63 94 0.009
63 99 0.182
63 65 0.17
63 76 0.157
63 90 0.144
63 97 0.181
64 85 0.642
64 89 0.783
64 95 0.638
64 86 0.37
64 70 0.132
64 92 0.585
64 83 0.211
64 80 0.202
64 79 0.3
64 74 0.161
64 65 0.238
64 94 0.122
64 99 0.205
64 78 0.17
64 93 0.132
64 82 0.224
64 90 0.004
64 91 0.113
64 98 0.201
64 67 0.163
64 71 0.107
64 81 0.295
64 84 0.1
64 97 0.337
64 69 0.179
64 72 0.126
64 75 0.174
64 76 0.077
64 96 0.149
65 85 0.814
65 71 0.429
65 78 0.322
65 98 1
65 88 0.915
65 84 0.263
65 70 0.84
65 80 0.201
65 97 0.668
65 77 0.666
65 66 0.206
65 86 0.202
65 76 0.125
65 99 0.156
65 87 0.202
65 73 0.256
65 82 0.128
65 94 0.37
65 95 0.075
65 69 0.083
65 68 0.141
65 89 0.193
65 74 0.429
65 81 0.274
65 67 0.149
65 75 0.113
65 72 0.195
65 83 0.225
65 93 0.077
66 72 0.294
66 71 0.443
66 85 0.142
66 68 0.268
66 91 0.353
66 99 0.107
66 73 0.185
66 87 0.422
66 96 0.151
66 82 0.159
66 86 0.133
66 67 0.08
66 70 0.216
66 88 0.028
66 93 0.005
66 75 0.083
66 92 0.143
66 83 0.163
66 76 0.192
66 78 0.267
66 81 0.2
66 77 0.134
66 89 0.105
66 90 0.18
66 95 0.149
66 79 0.162
66 84 0.165
67 97 0.445
67 85 0.592
67 99 0.847
67 70 0.061
67 69 0.733
67 68 0.126
67 71 0.563
67 74 0.143
67 82 0.14
67 75 0.151
67 73 0.455
67 88 0.123
67 93 0.174
67 91 0.44
67 78 0.173
67 90 0.431
67 98 0.104
67 72 0.185
67 84 0.184
67 86 0.168
67 92 0.194
67 77 0.225
67 81 0.136
67 83 0.071
67 87 0.197
67 89 0.133
67 94 0.113
67 79 0.148
67 80 0.166
67 95 0.159
67 96 0.169
68 96 0.495
68 84 0.739
68 94 0.408
68 80 0.559
68 98 0.277
68 71 0.168
68 75 0.002
68 92 0.094
68 72 0.245
68 73 0.225
68 87 0.221
68 78 0.082
68 83 0.329
68 86 0.166
68 81 0.01
68 85 0.018
68 97 0.172
68 69 0.089
68 74 0.119
68 99 0.117
68 89 0.259
68 93 0.095
68 70 0.166
68 76 0.105
68 77 0.152
68 82 0.14
68 90 0.158
68 91 0.171
68 95 0.119
69 92 0.815
69 90 0.236
69 72 0.774
69 88 0.113
69 85 0.219
69 77 0.492
69 94 0.067
69 97 0.534
69 98 0.146
69 87 0.311
69 82 0.178
69 96 0.226
69 84 0.018
69 99 0.128
69 71 0.19
69 95 0.135
69 70 0.302
69 78 0.205
69 76 0.167
69 91 0.15
69 80 0.184
69 86 0.164
69 89 0.175
70 84 0.755
70 94 0.731
70 90 0.322
70 93 0.074
70 73 0.378
70 76 0.358
70 98 0.529
70 74 0.156
70 81 0.151
70 88 0.247
70 75 0.28
70 71 0.145
70 80 0.123
70 86 0.194
70 95 0.174
70 97 0.095
70 82 0.17
70 99 0.141
71 73 0.231
71 86 0.969
71 97 0.436
71 91 0.103
71 77 0.066
71 74 0.147
71 98 0.262
71 99 0.191
71 72 0.102
71 79 0.247
71 78 0.32
71 88 0.172
71 96 0.243
71 80 0.162
71 82 0.239
71 85 0.143
71 87 0.203
71 89 0.168
71 90 0.119
71 93 0.126
71 76 0.144
71 83 0.164
71 94 0.137
71 95 0.141
72 75 1
72 90 0.37
72 96 0.984
72 99 0.945
72 82 0.549
72 85 0.025
72 83 0.135
72 98 0.144
72 91 0.204
72 74 0.138
72 87 0.216
72 73 0.657
72 81 0.384
72 80 0.099
72 86 0.087
72 89 0.199
72 76 0.147
72 78 0.324
72 84 0.175
72 94 0.188
72 95 0.141
72 97 0.109
72 77 0.192
72 93 0.153
73 90 0.557
73 81 0.704
73 83 0.682
73 98 0.685
73 79 0.813
73 99 0.441
73 92 0.615
73 87 0.093
73 91 0.394
73 89 0.555
73 86 0.703
73 77 0.327
73 75 0.418
73 84 0.165
73 96 0.498
73 80 0.06
73 93 0.195
73 78 0.175
73 82 0.182
73 95 0.168
73 76 0.206
73 88 0.164
73 94 0.147
73 85 0.145
74 91 0.356
74 82 0.698
74 83 0.613
74 78 0.113
74 88 0.284
74 95 0.283
74 75 0.493
74 81 0.097
74 87 0.233
74 76 0.132
74 79 0.274
74 85 0.094
74 99 0.091
74 86 0.435
74 97 0.321
74 89 0.124
74 80 0.195
74 90 0.149
74 96 0.145
74 94 0.185
74 98 0.172
75 89 0.614
75 97 0.566
75 88 0.067
75 76 0.407
75 95 0.845
75 96 0.19
75 80 0.151
75 90 0.064
75 91 0.118
75 92 0.15
75 94 0.103
75 93 0.039
75 84 0.013
75 78 0.207
75 87 0.14
75 99 0.053
75 85 0.118
75 86 0.186
76 87 0.709
76 94 0.63
76 83 0.111
76 80 0.104
76 96 0.09
76 98 0.219
76 85 0.203
76 86 0.212
76 91 0.276
76 82 0.149
76 77 0.053
76 88 0.259
76 92 0.14
76 93 0.122
76 95 0.114
76 78 0.173
76 84 0.148
76 90 0.165
76 99 0.145
77 78 1
77 99 0.608
77 80 0.139
77 82 0.138
77 84 0.54
77 88 0.256
77 98 0.26
77 83 0.343
77 92 0.407
77 90 0.137
77 91 0.106
77 93 0.05
77 97 0.119
77 81 0.307
77 94 0.15
77 89 0.11
77 95 0.361
77 96 0.233
77 79 0.157
77 85 0.128
77 86 0.16
77 87 0.167
78 97 0.806
78 79 0.149
78 85 0.175
78 80 0.174
78 89 0.315
78 86 0.153
78 88 0.173
78 90 0.172
78 98 0.144
78 92 0.004
78 95 0.153
78 87 0.145
78 91 0.144
78 83 0.138
78 84 0.152
78 81 0.134
78 93 0.103
78 96 0.11
78 99 0.146
79 88 0.725
79 81 0.606
79 92 0.061
79 87 0.552
79 99 0.092
79 80 0.066
79 94 0.243
79 98 0.215
79 91 0.183
79 84 0.073
79 83 0.221
79 96 0.201
79 82 0.103
79 89 0.171
79 95 0.177
79 86 0.163
79 90 0.208
79 85 0.106
79 97 0.144
80 89 0.774
80 81 0.139
80 86 0.23
80 85 0.293
80 99 0.143
80 93 0.273
80 91 0.439
80 96 0.371
80 98 0.26
80 94 0.296
80 84 0.008
80 82 0.167
80 87 0.092
80 92 0.265
80 95 0.17
80 97 0.147
81 98 0.918
81 93 0.513
81 86 0.347
81 88 0.605
81 99 0.084
81 85 0.149
81 92 0.594
81 96 0.094
81 91 0.141
81 97 0.139
81 82 0.365
81 89 0.179
81 90 0.154
81 95 0.115
81 84 0.111
81 83 0.191
81 87 0.133
81 94 0.18
82 91 1
82 97 0.046
82 87 0.016
82 90 0.35
82 83 0.175
82 98 0.002
82 95 0.092
82 84 0.135
82 89 0.228
82 94 0.18
82 92 0.174
82 85 0.171
82 88 0.088
83 98 0.64
83 92 0.099
83 97 0.322
83 95 0.741
83 91 0.063
83 99 0.252
83 88 0.475
83 87 0.44
83 96 0.088
83 93 0.116
83 84 0.12
83 90 0.181
83 86 0.129
84 89 0.316
84 86 0.075
84 96 0.513
84 85 0.265
84 87 0.294
84 97 0.221
84 90 0.14
84 88 0.177
84 92 0.154
84 94 0.141
85 99 0.855
85 88 0.515
85 89 0.461
85 92 0.06
85 96 0.132
85 87 0.332
85 95 0.378
85 91 0.287
85 90 0.199
85 93 0.125
85 94 0.189
85 98 0.149
86 95 0.246
86 99 0.22
86 97 0.112
86 96 0.1
86 88 0.134
86 90 0.152
86 89 0.14
86 87 0.191
86 92 0.188
86 98 0.147
87 93 1
87 91 0.138
87 89 0.041
87 95 0.157
87 90 0.382
87 98 0.036
87 88 0.125
87 92 0.363
88 96 0.473
88 97 0.729
88 95 0.192
88 93 0.077
88 89 0.043
88 90 0.148
88 94 0.162
88 91 0.19
88 92 0.076
88 99 0.139
89 92 0.734
89 95 0.021
89 94 0.222
89 90 0.012
89 93 0.117
89 99 0.129
89 98 0.21
89 91 0.109
89 96 0.141
90 92 0.52
90 95 0.38
90 94 0.17
90 98 0.011
90 99 0.325
90 93 0.175
90 97 0.155
90 96 0.187
91 94 0.18
91 96 0.109
91 97 0.161
91 98 0.214
91 99 0.143
92 93 0.02
92 95 0.489
92 97 0.042
92 94 0.179
92 99 0.308
92 96 0.15
93 98 0.191
93 97 0.109
93 95 0.032
93 94 0.121
93 99 0.129
94 98 0.791
94 95 0.352
94 99 0.145
95 97 0.179
96 98 0.69
96 99 0.161
96 97 0.045
97 99 0.224
98 99 0.137
