0 15 0.773
0 99 1
0 40 0.703
0 45 0.723
0 43 0.509
0 25 0.658
0 4 0.496
0 69 0.551
0 67 0.515
0 82 0.11
0 73 0.614
0 1 0.182
0 39 0.414
0 66 0.263
0 72 0.356
0 7 0.202
0 8 0.106
0 9 0.116
0 84 0.261
0 93 0.213
0 32 0.259
0 53 0.585
0 59 0.163
0 80 0.223
0 85 0.26
0 6 0.001
0 11 0.17
0 17 0.39
0 20 0.14
0 26 0.494
0 28 0.046
0 29 0.108
0 63 0.17
0 65 0.179
0 74 0.305
0 94 0.239
0 23 0.138
0 24 0.015
0 27 0.399
0 48 0.13
0 51 0.257
0 54 0.088
0 60 0.217
0 61 0.131
0 87 0.164
0 88 0.092
0 91 0.043
0 2 0.076
0 3 0.174
0 13 0.058
0 19 0.133
0 35 0.079
0 68 0.291
0 75 0.143
0 89 0.224
0 5 0.131
0 10 0.136
0 12 0.124
0 14 0.138
0 30 0.191
0 34 0.119
0 36 0.197
0 41 0.121
0 42 0.118
0 44 0.146
0 50 0.148
0 52 0.177
0 55 0.159
0 57 0.244
0 62 0.109
0 64 0.149
0 81 0.12
0 83 0.176
0 92 0.152
0 95 0.148
0 98 0.184
1 96 0.733
1 11 0.564
1 27 0.887
1 88 0.958
1 57 1
1 14 0.692
1 10 0.86
1 64 0.713
1 90 0.513
1 23 0.788
1 60 0.537
1 50 0.77
1 93 0.153
1 83 0.384
1 2 0.142
1 4 0.191
1 53 0.451
1 56 0.64
1 84 0.156
1 12 0.14
1 76 0.155
1 25 0.393
1 61 0.368
1 67 0.152
1 69 0.547
1 79 0.161
1 82 0.35
1 19 0.487
1 20 0.466
1 33 0.176
1 45 0.283
1 65 0.014
1 77 0.312
1 89 0.06
1 6 0.153
1 9 0.136
1 13 0.149
1 17 0.237
1 18 0.16
1 29 0.217
1 30 0.051
1 34 0.149
1 40 0.159
1 63 0.199
1 68 0.143
1 99 0.196
1 5 0.143
1 15 0.134
1 16 0.162
1 21 0.185
1 22 0.062
1 38 0.102
1 42 0.201
1 44 0.135
1 52 0.02
1 54 0.202
1 55 0.117
1 62 0.044
1 70 0.201
1 72 0.059
1 80 0.15
1 86 0.153
1 92 0.156
1 95 0.167
1 24 0.154
1 26 0.089
1 28 0.117
1 37 0.159
1 47 0.128
1 51 0.198
1 58 0.125
1 59 0.179
1 66 0.156
1 71 0.137
1 73 0.135
1 74 0.216
1 75 0.173
1 81 0.148
1 91 0.112
1 97 0.224
2 53 1
2 64 0.547
2 16 0.62
2 29 0.831
2 46 0.904
2 97 0.352
2 48 0.627
2 39 0.323
2 74 0.57
2 52 0.5
2 65 0.112
2 8 0.343
2 18 0.182
2 43 0.199
2 62 0.095
2 72 0.246
2 75 0.192
2 7 0.269
2 22 0.141
2 25 0.199
2 37 0.23
2 41 0.335
2 27 0.069
2 33 0.112
2 34 0.154
2 35 0.301
2 44 0.225
2 60 0.151
2 61 0.045
2 78 0.252
2 84 0.154
2 87 0.228
2 88 0.373
2 89 0.33
2 91 0.148
2 94 0.16
2 6 0.272
2 21 0.188
2 24 0.184
2 28 0.112
2 38 0.142
2 58 0.317
2 69 0.13
2 70 0.105
2 76 0.245
2 98 0.192
2 99 0.167
2 4 0.149
2 5 0.119
2 9 0.094
2 10 0.13
2 12 0.176
2 13 0.122
2 14 0.13
2 17 0.161
2 20 0.125
2 30 0.156
2 36 0.163
2 42 0.161
2 47 0.108
2 50 0.097
2 51 0.145
2 54 0.173
2 59 0.121
2 66 0.165
2 73 0.161
2 85 0.146
2 90 0.184
2 92 0.168
2 95 0.148
2 96 0.127
3 84 0.574
3 34 0.741
3 41 0.967
3 75 0.856
3 36 0.96
3 25 1
3 56 0.663
3 32 0.993
3 79 0.542
3 28 0.601
3 14 0.875
3 21 0.395
3 50 0.593
3 93 0.303
3 42 0.27
3 46 0.041
3 76 0.208
3 74 0.225
3 85 0.079
3 88 0.066
3 11 0.236
3 31 0.053
3 37 0.455
3 54 0.329
3 71 0.314
3 73 0.444
3 94 0.163
3 95 0.3
3 8 0.177
3 19 0.2
3 26 0.094
3 40 0.072
3 47 0.324
3 78 0.116
3 82 0.264
3 9 0.127
3 18 0.348
3 30 0.199
3 61 0.126
3 64 0.229
3 65 0.161
3 87 0.075
3 90 0.141
3 92 0.178
3 97 0.135
3 98 0.142
3 4 0.118
3 5 0.178
3 7 0.119
3 10 0.169
3 12 0.175
3 22 0.178
3 27 0.15
3 29 0.182
3 33 0.157
3 45 0.191
3 48 0.217
3 52 0.15
3 58 0.185
3 59 0.161
3 60 0.175
3 62 0.114
3 67 0.156
3 72 0.231
3 77 0.123
3 80 0.161
3 86 0.188
3 99 0.117
4 35 0.901
4 93 0.843
4 78 0.989
4 47 0.785
4 43 0.657
4 37 0.521
4 95 1
4 34 0.671
4 5 0.677
4 46 0.976
4 14 1
4 42 0.574
4 57 0.563
4 22 0.889
4 83 0.55
4 8 0.135
4 33 0.261
4 45 0.072
4 84 0.392
4 17 0.239
4 50 0.356
4 6 0.281
4 12 0.041
4 24 0.339
4 66 0.201
4 10 0.166
4 32 0.119
4 72 0.217
4 96 0.289
4 7 0.252
4 13 0.047
4 15 0.31
4 25 0.241
4 27 0.245
4 28 0.185
4 64 0.333
4 68 0.196
4 75 0.123
4 76 0.127
4 88 0.24
4 9 0.055
4 26 0.199
4 29 0.171
4 31 0.14
4 38 0.293
4 48 0.14
4 52 0.18
4 53 0.12
4 61 0.152
4 62 0.144
4 63 0.006
4 67 0.041
4 71 0.173
4 73 0.045
4 77 0.172
4 79 0.444
4 81 0.199
4 85 0.174
4 16 0.184
4 30 0.204
4 36 0.091
4 39 0.171
4 40 0.183
4 44 0.137
4 49 0.166
4 51 0.171
4 54 0.141
4 56 0.1
4 59 0.219
4 60 0.187
4 65 0.15
4 69 0.155
4 70 0.187
4 74 0.142
4 80 0.18
4 82 0.104
4 86 0.24
4 87 0.179
4 92 0.12
4 98 0.201
4 99 0.185
5 19 0.914
5 22 0.653
5 84 0.908
5 10 0.528
5 72 0.703
5 65 0.951
5 24 0.917
5 79 0.747
5 42 0.687
5 34 0.671
5 15 0.338
5 12 0.07
5 48 0.226
5 20 0.151
5 7 0.562
5 21 0.745
5 38 0.309
5 83 0.202
5 91 0.238
5 36 0.26
5 61 0.232
5 30 0.042
5 31 0.129
5 35 0.303
5 41 0.285
5 43 0.113
5 47 0.129
5 59 0.519
5 60 0.328
5 82 0.226
5 17 0.216
5 18 0.083
5 23 0.223
5 29 0.199
5 51 0.207
5 54 0.161
5 55 0.137
5 62 0.027
5 68 0.102
5 86 0.338
5 95 0.266
5 11 0.219
5 14 0.053
5 27 0.327
5 53 0.314
5 57 0.297
5 63 0.123
5 69 0.164
5 80 0.151
5 81 0.112
5 8 0.123
5 16 0.128
5 25 0.137
5 26 0.145
5 28 0.109
5 32 0.173
5 33 0.146
5 44 0.15
5 45 0.071
5 46 0.16
5 66 0.144
5 67 0.194
5 71 0.157
5 74 0.147
5 76 0.16
5 77 0.151
5 85 0.116
5 96 0.17
5 97 0.176
6 75 1
6 73 0.951
6 69 0.992
6 14 0.891
6 33 1
6 59 0.561
6 38 1
6 20 0.668
6 42 0.637
6 68 0.965
6 98 0.448
6 47 0.533
6 39 0.281
6 76 0.12
6 80 0.397
6 15 0.122
6 21 0.234
6 88 0.136
6 48 0.034
6 52 0.454
6 70 0.278
6 31 0.203
6 32 0.313
6 83 0.219
6 12 0.046
6 46 0.378
6 51 0.1
6 54 0.147
6 56 0.431
6 62 0.294
6 78 0.143
6 96 0.143
6 17 0.216
6 18 0.13
6 19 0.183
6 26 0.161
6 27 0.182
6 36 0.175
6 57 0.144
6 61 0.2
6 63 0.36
6 67 0.146
6 72 0.167
6 89 0.177
6 97 0.094
6 9 0.168
6 10 0.152
6 16 0.137
6 25 0.117
6 28 0.19
6 29 0.134
6 30 0.139
6 37 0.184
6 40 0.14
6 41 0.103
6 44 0.15
6 45 0.171
6 49 0.171
6 50 0.159
6 60 0.145
6 71 0.117
6 82 0.127
6 84 0.196
6 86 0.136
6 95 0.169
7 93 0.91
7 9 0.726
7 24 0.614
7 30 0.735
7 33 1
7 21 0.778
7 81 0.963
7 57 0.719
7 79 0.563
7 82 0.82
7 88 0.512
7 11 0.377
7 55 0.218
7 66 0.31
7 85 0.036
7 43 0.242
7 64 0.2
7 67 0.213
7 96 0.077
7 61 0.21
7 70 0.374
7 74 0.209
7 31 0.199
7 35 0.389
7 39 0.268
7 48 0.16
7 80 0.243
7 13 0.093
7 29 0.243
7 47 0.466
7 59 0.06
7 63 0.079
7 71 0.037
7 83 0.432
7 87 0.018
7 92 0.195
7 10 0.27
7 38 0.105
7 50 0.116
7 51 0.055
7 58 0.135
7 60 0.246
7 94 0.212
7 97 0.213
7 14 0.19
7 16 0.226
7 17 0.272
7 26 0.22
7 34 0.159
7 37 0.32
7 41 0.11
7 53 0.018
7 68 0.118
7 76 0.087
7 90 0.182
7 95 0.184
7 15 0.199
7 18 0.086
7 19 0.221
7 23 0.149
7 25 0.19
7 36 0.116
7 42 0.155
7 45 0.166
7 54 0.169
7 56 0.137
7 62 0.145
7 65 0.11
7 69 0.117
7 72 0.198
7 73 0.11
7 75 0.181
7 77 0.179
7 78 0.14
7 84 0.144
7 86 0.141
7 89 0.112
7 99 0.173
8 62 0.67
8 27 0.917
8 84 0.819
8 46 0.783
8 96 0.777
8 72 0.744
8 63 0.649
8 26 0.616
8 19 0.256
8 38 0.022
8 55 0.275
8 35 0.643
8 40 0.06
8 68 0.06
8 74 0.025
8 79 0.11
8 94 0.326
8 98 0.236
8 11 0.037
8 33 0.426
8 44 0.119
8 58 0.284
8 13 0.135
8 25 0.034
8 39 0.374
8 56 0.193
8 73 0.065
8 9 0.03
8 12 0.207
8 16 0.04
8 30 0.031
8 31 0.095
8 41 0.063
8 53 0.135
8 69 0.178
8 71 0.168
8 76 0.17
8 78 0.067
8 91 0.005
8 95 0.288
8 14 0.01
8 24 0.179
8 29 0.135
8 54 0.078
8 59 0.315
8 65 0.03
8 75 0.124
8 83 0.081
8 87 0.04
8 89 0.146
8 90 0.14
8 10 0.175
8 15 0.131
8 17 0.091
8 18 0.156
8 21 0.119
8 28 0.114
8 32 0.214
8 34 0.186
8 37 0.182
8 42 0.218
8 47 0.151
8 51 0.182
8 61 0.15
8 64 0.171
8 67 0.149
8 80 0.196
8 81 0.156
8 82 0.166
8 88 0.15
8 92 0.171
8 99 0.109
9 86 1
9 14 0.876
9 75 0.934
9 32 0.746
9 16 0.411
9 76 0.911
9 91 0.837
9 71 0.55
9 44 0.655
9 11 0.907
9 63 0.589
9 77 0.578
9 41 0.346
9 34 0.437
9 30 0.484
9 39 0.718
9 57 0.216
9 84 0.325
9 79 0.415
9 62 0.409
9 73 0.259
9 94 0.406
9 42 0.08
9 48 0.406
9 51 0.142
9 67 0.227
9 81 0.279
9 95 0.384
9 29 0.155
9 37 0.223
9 43 0.302
9 69 0.22
9 72 0.167
9 89 0.371
9 21 0.158
9 26 0.223
9 38 0.157
9 56 0.067
9 64 0.264
9 70 0.145
9 80 0.269
9 82 0.305
9 83 0.196
9 88 0.104
9 10 0.222
9 13 0.126
9 19 0.134
9 23 0.131
9 47 0.138
9 49 0.234
9 58 0.136
9 17 0.183
9 22 0.198
9 25 0.225
9 27 0.162
9 33 0.102
9 36 0.148
9 40 0.168
9 45 0.179
9 46 0.17
9 50 0.119
9 52 0.132
9 53 0.178
9 55 0.151
9 66 0.119
9 68 0.094
9 74 0.115
9 78 0.165
9 87 0.144
9 90 0.19
9 92 0.166
9 93 0.178
9 98 0.182
9 99 0.156
10 67 1
10 88 0.748
10 22 0.796
10 86 0.639
10 80 0.566
10 12 0.89
10 43 0.22
10 69 0.31
10 52 0.147
10 83 0.352
10 75 0.652
10 77 0.398
10 15 0.374
10 63 0.272
10 97 0.233
10 16 0.139
10 33 0.129
10 35 0.22
10 32 0.087
10 55 0.374
10 56 0.323
10 84 0.264
10 95 0.298
10 20 0.172
10 21 0.19
10 24 0.006
10 49 0.094
10 58 0.154
10 64 0.098
10 68 0.135
10 92 0.222
10 13 0.16
10 26 0.095
10 27 0.252
10 28 0.133
10 29 0.185
10 34 0.161
10 36 0.092
10 37 0.121
10 41 0.181
10 54 0.115
10 59 0.136
10 60 0.168
10 71 0.14
10 73 0.117
10 19 0.19
10 25 0.114
10 31 0.152
10 38 0.177
10 40 0.143
10 42 0.152
10 44 0.145
10 46 0.139
10 47 0.172
10 48 0.12
10 50 0.196
10 51 0.198
10 61 0.177
10 65 0.099
10 70 0.223
10 72 0.187
10 76 0.123
10 87 0.147
10 89 0.14
10 91 0.139
10 96 0.143
11 51 1
11 31 0.823
11 80 0.395
11 22 1
11 45 0.49
11 95 0.065
11 27 0.712
11 20 0.262
11 21 0.282
11 56 0.36
11 83 0.049
11 70 0.118
11 89 0.392
11 99 0.273
11 19 0.192
11 23 0.225
11 30 0.206
11 33 0.046
11 54 0.22
11 58 0.12
11 94 0.209
11 44 0.097
11 47 0.245
11 52 0.241
11 60 0.174
11 34 0.17
11 37 0.152
11 43 0.095
11 46 0.143
11 48 0.205
11 57 0.102
11 72 0.134
11 81 0.142
11 93 0.091
11 97 0.149
11 12 0.132
11 15 0.158
11 16 0.152
11 28 0.162
11 38 0.076
11 39 0.176
11 40 0.133
11 41 0.17
11 42 0.167
11 50 0.177
11 53 0.119
11 55 0.19
11 62 0.182
11 67 0.166
11 68 0.14
11 69 0.108
11 74 0.135
11 75 0.176
11 76 0.166
11 77 0.136
11 78 0.076
11 79 0.184
11 86 0.147
11 87 0.192
11 90 0.108
11 96 0.218
11 98 0.173
12 40 0.687
12 13 0.678
12 84 0.885
12 78 1
12 97 0.706
12 63 0.908
12 69 0.591
12 21 0.695
12 81 0.067
12 49 0.283
12 67 0.424
12 19 0.263
12 34 0.175
12 33 0.018
12 76 0.246
12 85 0.259
12 26 0.25
12 41 0.142
12 59 0.001
12 83 0.065
12 86 0.901
12 88 0.083
12 94 0.076
12 22 0.174
12 38 0.301
12 58 0.121
12 29 0.314
12 37 0.452
12 43 0.122
12 44 0.401
12 46 0.198
12 64 0.042
12 71 0.19
12 72 0.171
12 77 0.156
12 89 0.174
12 70 0.151
12 95 0.248
12 16 0.071
12 20 0.179
12 27 0.164
12 28 0.142
12 32 0.17
12 36 0.359
12 52 0.168
12 54 0.263
12 55 0.017
12 56 0.295
12 62 0.094
12 96 0.171
12 98 0.197
12 15 0.144
12 17 0.124
12 23 0.207
12 24 0.203
12 25 0.111
12 39 0.144
12 42 0.208
12 45 0.179
12 48 0.14
12 50 0.136
12 51 0.16
12 57 0.151
12 74 0.153
12 75 0.17
12 80 0.208
12 82 0.132
12 90 0.138
13 84 0.528
13 47 0.938
13 70 1
13 79 1
13 53 0.162
13 55 1
13 32 0.898
13 56 0.691
13 83 1
13 62 0.742
13 19 0.743
13 64 0.74
13 95 0.391
13 87 0.21
13 54 0.246
13 76 0.229
13 90 0.375
13 20 0.269
13 26 0.19
13 35 0.169
13 45 0.103
13 52 0.116
13 75 0.446
13 88 0.107
13 30 0.136
13 25 0.313
13 31 0.309
13 36 0.109
13 40 0.283
13 49 0.023
13 61 0.146
13 66 0.293
13 69 0.105
13 74 0.354
13 80 0.148
13 14 0.167
13 15 0.212
13 16 0.053
13 29 0.449
13 34 0.247
13 37 0.154
13 41 0.181
13 58 0.154
13 68 0.139
13 73 0.17
13 77 0.173
13 78 0.146
13 86 0.198
13 94 0.176
13 17 0.189
13 21 0.175
13 38 0.149
13 42 0.16
13 43 0.146
13 44 0.125
13 50 0.103
13 51 0.158
13 57 0.172
13 63 0.137
13 71 0.124
13 72 0.133
13 81 0.137
13 82 0.189
13 89 0.163
13 91 0.136
13 93 0.137
13 96 0.122
13 98 0.197
13 99 0.143
14 87 0.921
14 25 0.51
14 81 0.988
14 30 0.946
14 58 0.05
14 82 0.566
14 50 0.466
14 60 0.379
14 85 0.266
14 16 0.381
14 37 0.334
14 51 0.544
14 63 0.204
14 75 0.181
14 17 0.277
14 36 0.266
14 55 0.309
14 93 0.181
14 96 0.226
14 18 0.22
14 26 0.131
14 35 0.196
14 48 0.137
14 56 0.112
14 15 0.276
14 22 0.117
14 29 0.397
14 33 0.103
14 39 0.266
14 62 0.135
14 95 0.141
14 34 0.067
14 41 0.229
14 44 0.124
14 49 0.134
14 66 0.185
14 68 0.089
14 70 0.167
14 71 0.171
14 76 0.29
14 77 0.173
14 94 0.191
14 19 0.173
14 21 0.082
14 24 0.144
14 28 0.221
14 31 0.143
14 43 0.137
14 47 0.169
14 53 0.122
14 54 0.117
14 59 0.169
14 64 0.1
14 67 0.13
14 72 0.127
14 73 0.172
14 78 0.196
14 83 0.124
14 86 0.186
14 88 0.125
14 89 0.16
14 90 0.16
15 53 1
15 23 0.91
15 56 1
15 67 0.553
15 30 0.801
15 70 0.971
15 99 0.958
15 43 0.785
15 93 0.59
15 46 0.382
15 92 0.798
15 17 0.193
15 42 0.227
15 26 0.421
15 97 0.352
15 49 0.284
15 54 0.1
15 58 0.309
15 51 0.16
15 71 0.025
15 86 0.292
15 98 0.199
15 16 0.133
15 33 0.129
15 34 0.118
15 41 0.04
15 45 0.163
15 65 0.167
15 68 0.125
15 74 0.176
15 78 0.297
15 80 0.148
15 87 0.096
15 18 0.038
15 24 0.146
15 28 0.149
15 36 0.085
15 44 0.16
15 57 0.035
15 72 0.113
15 76 0.26
15 82 0.304
15 84 0.05
15 20 0.098
15 25 0.135
15 27 0.128
15 29 0.189
15 31 0.1
15 35 0.092
15 39 0.197
15 47 0.173
15 50 0.167
15 52 0.136
15 60 0.13
15 62 0.161
15 64 0.196
15 73 0.185
15 85 0.144
15 88 0.129
16 64 0.481
16 58 0.713
16 30 0.611
16 46 0.947
16 48 0.913
16 17 0.95
16 27 0.6
16 73 0.737
16 96 0.109
16 21 0.131
16 71 0.162
16 75 0.203
16 78 0.262
16 55 0.268
16 90 0.322
16 33 0.399
16 34 0.04
16 35 0.199
16 60 0.213
16 70 0.04
16 79 0.025
16 83 0.053
16 19 0.291
16 41 0.036
16 52 0.193
16 63 0.009
16 74 0.179
16 82 0.153
16 99 0.178
16 20 0.166
16 24 0.097
16 29 0.182
16 32 0.084
16 36 0.168
16 42 0.262
16 43 0.284
16 45 0.184
16 47 0.13
16 67 0.113
16 72 0.128
16 76 0.146
16 80 0.091
16 85 0.217
16 91 0.156
16 92 0.11
16 93 0.13
16 95 0.075
16 18 0.155
16 31 0.167
16 37 0.14
16 38 0.124
16 39 0.194
16 49 0.225
16 50 0.133
16 53 0.129
16 56 0.139
16 62 0.092
16 65 0.205
16 68 0.187
16 77 0.199
16 81 0.186
16 86 0.184
16 88 0.099
16 94 0.136
16 97 0.103
16 98 0.134
17 77 1
17 24 0.843
17 22 0.867
17 59 1
17 18 0.565
17 92 0.467
17 97 0.904
17 33 0.837
17 43 0.016
17 37 0.338
17 31 0.346
17 32 0.005
17 41 0.015
17 86 0.293
17 21 0.146
17 76 0.253
17 68 0.091
17 75 0.253
17 91 0.184
17 53 0.473
17 60 0.147
17 63 0.337
17 69 0.264
17 71 0.052
17 81 0.181
17 87 0.135
17 98 0.108
17 99 0.138
17 20 0.163
17 36 0.369
17 40 0.27
17 54 0.16
17 61 0.149
17 78 0.125
17 90 0.111
17 94 0.077
17 96 0.116
17 19 0.172
17 26 0.133
17 35 0.213
17 42 0.207
17 47 0.13
17 48 0.15
17 51 0.192
17 70 0.139
17 72 0.113
17 82 0.127
17 27 0.188
17 29 0.148
17 30 0.194
17 34 0.086
17 38 0.167
17 44 0.124
17 45 0.101
17 46 0.166
17 49 0.203
17 50 0.144
17 57 0.153
17 74 0.185
17 79 0.217
17 80 0.102
17 83 0.203
17 89 0.155
17 93 0.168
18 56 0.981
18 81 0.728
18 28 0.796
18 38 0.716
18 71 1
18 86 0.852
18 93 0.597
18 36 0.841
18 90 0.709
18 20 0.624
18 75 0.104
18 47 0.323
18 50 0.125
18 63 0.422
18 80 0.598
18 27 0.139
18 30 0.245
18 96 0.361
18 44 0.196
18 52 0.144
18 53 0.215
18 55 0.09
18 76 0.308
18 79 0.457
18 83 0.009
18 92 0.461
18 21 0.011
18 33 0.103
18 34 0.166
18 37 0.19
18 48 0.16
18 59 0.107
18 73 0.015
18 98 0.037
18 26 0.202
18 29 0.176
18 45 0.311
18 51 0.014
18 60 0.157
18 61 0.22
18 68 0.15
18 72 0.154
18 74 0.224
18 78 0.033
18 84 0.234
18 19 0.149
18 24 0.15
18 25 0.188
18 31 0.207
18 35 0.169
18 46 0.101
18 58 0.157
18 62 0.105
18 65 0.172
18 66 0.13
18 67 0.148
18 69 0.158
18 70 0.101
18 77 0.105
18 82 0.138
18 89 0.113
18 91 0.095
18 95 0.237
19 52 0.891
19 81 0.784
19 45 0.574
19 76 0.936
19 67 0.847
19 38 0.969
19 24 0.591
19 46 0.602
19 48 0.817
19 65 0.881
19 20 0.388
19 34 0.174
19 31 0.354
19 23 0.09
19 35 0.017
19 83 0.139
19 29 0.128
19 61 0.092
19 77 0.11
19 39 0.199
19 41 0.028
19 47 0.188
19 50 0.168
19 87 0.027
19 99 0.162
19 26 0.049
19 27 0.213
19 33 0.109
19 49 0.169
19 54 0.131
19 63 0.208
19 64 0.278
19 66 0.133
19 71 0.238
19 73 0.04
19 74 0.036
19 44 0.104
19 51 0.056
19 78 0.083
19 79 0.16
19 82 0.154
19 91 0.286
19 95 0.237
19 97 0.164
19 22 0.114
19 30 0.165
19 32 0.079
19 36 0.127
19 40 0.168
19 42 0.143
19 56 0.145
19 62 0.212
19 68 0.113
19 70 0.149
19 72 0.152
19 84 0.111
19 85 0.196
19 86 0.156
19 89 0.149
19 90 0.15
19 92 0.145
19 96 0.156
20 31 0.713
20 53 0.752
20 46 1
20 86 0.851
20 67 0.586
20 88 0.375
20 83 0.113
20 71 0.284
20 47 0.164
20 57 0.351
20 99 0.305
20 28 0.02
20 55 0.136
20 62 0.302
20 81 0.046
20 87 0.302
20 93 0.195
20 48 0.135
20 69 0.097
20 80 0.262
20 91 0.336
20 24 0.11
20 25 0.21
20 44 0.1
20 50 0.057
20 59 0.228
20 60 0.145
20 63 0.147
20 64 0.143
20 65 0.152
20 70 0.162
20 74 0.23
20 79 0.145
20 84 0.045
20 97 0.166
20 21 0.106
20 23 0.158
20 27 0.128
20 30 0.134
20 32 0.168
20 34 0.17
20 35 0.172
20 37 0.132
20 38 0.135
20 39 0.123
20 40 0.171
20 43 0.166
20 52 0.161
20 58 0.128
20 72 0.126
20 77 0.094
20 89 0.238
20 90 0.182
20 96 0.12
21 75 0.776
21 31 0.518
21 57 1
21 36 0.546
21 51 0.842
21 59 0.59
21 26 0.934
21 81 0.661
21 37 0.532
21 56 0.304
21 34 0.214
21 43 0.78
21 68 0.076
21 46 0.082
21 80 0.149
21 61 0.226
21 62 0.089
21 71 0.263
21 91 0.231
21 98 0.056
21 23 0.438
21 47 0.095
21 66 0.337
21 93 0.062
21 99 0.198
21 28 0.174
21 30 0.22
21 40 0.026
21 53 0.14
21 54 0.028
21 70 0.226
21 33 0.216
21 39 0.161
21 55 0.161
21 60 0.079
21 72 0.21
21 78 0.158
21 85 0.328
21 87 0.201
21 96 0.197
21 22 0.168
21 25 0.192
21 32 0.157
21 35 0.14
21 38 0.131
21 42 0.115
21 50 0.194
21 64 0.161
21 67 0.156
21 69 0.134
21 82 0.153
21 83 0.094
21 86 0.12
21 89 0.187
21 90 0.176
21 92 0.123
22 49 0.976
22 24 0.432
22 70 0.538
22 55 0.898
22 44 0.592
22 56 0.55
22 99 0.235
22 34 0.164
22 64 0.4
22 68 0.194
22 79 0.253
22 95 0.148
22 39 0.186
22 53 0.129
22 98 0.572
22 46 0.185
22 33 0.332
22 51 0.112
22 62 0.124
22 71 0.161
22 76 0.14
22 40 0.102
22 41 0.087
22 42 0.186
22 47 0.16
22 58 0.044
22 59 0.344
22 60 0.146
22 66 0.077
22 80 0.139
22 81 0.129
22 92 0.156
22 93 0.253
22 29 0.18
22 32 0.163
22 38 0.161
22 54 0.057
22 67 0.187
22 69 0.126
22 72 0.153
22 82 0.091
22 84 0.106
22 91 0.16
22 94 0.146
22 23 0.182
22 25 0.159
22 27 0.162
22 31 0.12
22 43 0.128
22 50 0.189
22 57 0.155
22 61 0.142
22 65 0.172
22 74 0.103
22 75 0.112
22 77 0.151
22 78 0.136
22 83 0.132
22 88 0.106
22 89 0.159
22 90 0.154
22 96 0.164
23 60 0.889
23 34 0.631
23 75 0.59
23 55 0.982
23 49 0.988
23 42 0.552
23 28 0.917
23 63 0.367
23 71 0.6
23 89 0.003
23 27 0.336
23 46 0.056
23 57 0.305
23 65 0.186
23 76 0.258
23 91 0.101
23 78 0.309
23 96 0.228
23 98 0.182
23 58 0.324
23 85 0.105
23 32 0.152
23 38 0.14
23 44 0.142
23 50 0.151
23 66 0.181
23 87 0.151
23 88 0.1
23 40 0.144
23 45 0.275
23 53 0.125
23 59 0.129
23 68 0.184
23 69 0.243
23 80 0.08
23 90 0.273
23 26 0.123
23 29 0.178
23 35 0.134
23 36 0.205
23 47 0.13
23 48 0.158
23 51 0.215
23 64 0.14
23 67 0.152
23 70 0.114
23 77 0.175
23 79 0.204
23 83 0.137
23 84 0.176
23 93 0.164
23 94 0.15
23 95 0.133
23 97 0.2
23 99 0.172
24 82 0.839
24 27 0.933
24 30 1
24 43 0.623
24 98 0.792
24 33 0.79
24 81 0.782
24 26 0.597
24 76 0.153
24 52 0.15
24 62 0.405
24 44 0.132
24 96 0.063
24 46 0.473
24 54 0.006
24 88 0.076
24 91 0.161
24 29 0.318
24 53 0.122
24 59 0.315
24 77 0.028
24 34 0.096
24 35 0.157
24 49 0.214
24 57 0.242
24 58 0.214
24 94 0.139
24 95 0.046
24 39 0.015
24 42 0.211
24 48 0.096
24 66 0.046
24 68 0.326
24 70 0.153
24 78 0.178
24 84 0.137
24 87 0.122
24 93 0.171
24 25 0.143
24 32 0.142
24 36 0.104
24 37 0.12
24 38 0.189
24 41 0.141
24 45 0.159
24 47 0.131
24 50 0.097
24 51 0.144
24 56 0.15
24 60 0.205
24 61 0.162
24 63 0.148
24 64 0.189
24 65 0.146
24 69 0.111
24 71 0.204
24 73 0.12
24 74 0.116
24 83 0.165
24 85 0.118
24 86 0.14
25 91 0.93
25 48 0.501
25 85 0.456
25 32 0.912
25 75 0.738
25 68 0.897
25 36 0.627
25 60 0.507
25 51 0.577
25 37 0.207
25 27 0.118
25 65 0.003
25 90 0.185
25 97 0.091
25 62 0.12
25 76 0.148
25 33 0.306
25 38 0.291
25 43 0.153
25 45 0.276
25 72 0.039
25 77 0.255
25 87 0.005
25 96 0.194
25 99 0.071
25 29 0.023
25 30 0.016
25 34 0.045
25 41 0.027
25 59 0.279
25 86 0.149
25 26 0.21
25 28 0.203
25 31 0.106
25 40 0.137
25 46 0.144
25 55 0.133
25 57 0.191
25 58 0.163
25 61 0.122
25 63 0.181
25 66 0.151
25 67 0.107
25 69 0.134
25 70 0.133
25 73 0.124
25 78 0.188
25 79 0.112
25 80 0.163
25 81 0.234
25 83 0.164
25 92 0.112
25 94 0.112
25 95 0.175
25 98 0.121
26 30 0.52
26 27 0.626
26 67 1
26 38 0.73
26 85 0.669
26 96 0.538
26 41 0.156
26 56 0.442
26 98 0.548
26 64 0.36
26 40 0.082
26 69 0.192
26 81 0.192
26 92 0.229
26 97 0.086
26 77 0.141
26 33 0.129
26 34 0.209
26 43 0.128
26 54 0.28
26 55 0.096
26 78 0.012
26 29 0.101
26 39 0.099
26 44 0.201
26 45 0.18
26 51 0.141
26 52 0.125
26 53 0.104
26 57 0.193
26 60 0.119
26 72 0.164
26 73 0.079
26 75 0.145
26 83 0.032
26 86 0.068
26 87 0.186
26 28 0.128
26 32 0.096
26 36 0.173
26 37 0.154
26 49 0.099
26 50 0.145
26 58 0.137
26 66 0.136
26 76 0.174
26 79 0.165
26 80 0.123
26 88 0.16
26 90 0.183
26 91 0.144
26 94 0.152
26 99 0.198
27 80 0.792
27 43 0.742
27 55 0.665
27 44 0.578
27 71 0.491
27 90 0.028
27 35 0.27
27 77 0.426
27 97 0.422
27 57 0.188
27 42 0.093
27 63 0.084
27 72 0.286
27 82 0.123
27 91 0.144
27 51 0.132
27 60 0.185
27 67 0.179
27 69 0.246
27 93 0.244
27 96 0.027
27 31 0.192
27 49 0.118
27 58 0.264
27 33 0.045
27 41 0.116
27 53 0.086
27 98 0.117
27 30 0.019
27 38 0.219
27 40 0.139
27 45 0.262
27 59 0.12
27 64 0.163
27 70 0.138
27 75 0.138
27 84 0.119
27 88 0.164
27 99 0.235
27 28 0.154
27 34 0.177
27 39 0.154
27 47 0.148
27 48 0.17
27 62 0.158
27 65 0.155
27 68 0.117
27 73 0.131
27 74 0.101
27 76 0.19
27 78 0.193
27 81 0.128
27 86 0.244
27 87 0.148
27 89 0.137
27 92 0.108
27 94 0.186
27 95 0.153
28 76 0.942
28 59 1
28 92 0.69
28 63 0.8
28 95 1
28 41 1
28 82 0.203
28 71 0.24
28 69 0.033
28 60 0.068
28 37 0.195
28 49 0.268
28 75 0.06
28 93 0.32
28 44 0.238
28 45 0.257
28 46 0.203
28 61 0.127
28 66 0.085
28 70 0.283
28 94 0.123
28 54 0.106
28 57 0.166
28 58 0.223
28 72 0.277
28 91 0.111
28 96 0.08
28 98 0.139
28 99 0.193
28 30 0.166
28 33 0.17
28 36 0.139
28 40 0.101
28 42 0.151
28 47 0.135
28 50 0.13
28 52 0.174
28 53 0.123
28 55 0.144
28 62 0.125
28 65 0.193
28 68 0.115
28 73 0.182
28 77 0.099
28 78 0.151
28 81 0.165
28 83 0.227
28 88 0.2
28 89 0.189
28 90 0.138
29 58 0.444
29 40 0.906
29 64 0.758
29 85 0.983
29 83 0.36
29 96 0.614
29 84 0.955
29 89 0.861
29 43 0.452
29 62 0.586
29 52 0.619
29 68 0.623
29 70 0.016
29 91 0.067
29 71 0.215
29 76 0.217
29 99 0.173
29 31 0.153
29 61 0.061
29 78 0.129
29 86 0.178
29 87 0.232
29 34 0.206
29 36 0.128
29 39 0.008
29 60 0.174
29 66 0.282
29 75 0.187
29 95 0.092
29 97 0.11
29 41 0.057
29 42 0.175
29 44 0.134
29 46 0.295
29 48 0.022
29 49 0.166
29 53 0.164
29 74 0.176
29 82 0.132
29 92 0.048
29 98 0.069
29 30 0.166
29 33 0.167
29 35 0.191
29 37 0.135
29 45 0.179
29 47 0.166
29 50 0.225
29 55 0.101
29 57 0.16
29 65 0.138
29 67 0.171
29 72 0.125
29 77 0.143
29 79 0.103
29 88 0.097
29 90 0.078
29 93 0.108
30 61 1
30 40 1
30 66 0.73
30 39 0.781
30 78 0.764
30 31 0.885
30 35 0.983
30 55 0.991
30 37 0.688
30 90 0.633
30 68 0.523
30 42 0.715
30 38 0.148
30 81 0.329
30 50 0.567
30 32 0.19
30 45 0.161
30 71 0.349
30 84 0.063
30 97 0.359
30 41 0.166
30 57 0.311
30 65 0.256
30 67 0.232
30 69 0.266
30 72 0.185
30 77 0.295
30 99 0.153
30 33 0.16
30 36 0.138
30 64 0.116
30 75 0.101
30 76 0.363
30 93 0.167
30 94 0.146
30 49 0.176
30 62 0.172
30 34 0.149
30 44 0.134
30 46 0.175
30 47 0.2
30 52 0.125
30 54 0.143
30 56 0.138
30 58 0.123
30 63 0.081
30 74 0.181
30 79 0.13
30 83 0.14
30 86 0.099
30 87 0.201
30 88 0.133
30 89 0.17
30 91 0.169
30 92 0.169
30 98 0.054
31 75 0.799
31 73 0.817
31 49 0.915
31 39 0.328
31 58 0.559
31 43 0.186
31 37 0.23
31 40 0.688
31 62 0.546
31 48 0.099
31 51 0.027
31 77 0.222
31 78 0.259
31 80 0.32
31 99 0.172
31 33 0.016
31 42 0.231
31 44 0.261
31 45 0.157
31 85 0.208
31 86 0.214
31 90 0.317
31 95 0.185
31 35 0.41
31 36 0.165
31 46 0.36
31 50 0.086
31 56 0.052
31 74 0.007
31 82 0.359
31 47 0.139
31 52 0.097
31 54 0.092
31 60 0.069
31 61 0.077
31 64 0.321
31 81 0.143
31 96 0.189
31 38 0.202
31 53 0.071
31 63 0.211
31 66 0.177
31 67 0.145
31 70 0.156
31 71 0.142
31 84 0.123
31 87 0.151
31 88 0.231
31 89 0.12
31 91 0.148
31 94 0.147
31 97 0.12
32 75 0.91
32 53 1
32 49 0.771
32 92 0.929
32 41 0.918
32 59 0.6
32 78 0.636
32 82 0.617
32 60 0.857
32 90 0.306
32 79 0.559
32 65 0.575
32 51 1
32 46 0.714
32 67 0.329
32 71 0.566
32 76 0.188
32 44 0.155
32 50 0.125
32 56 0.104
32 99 0.329
32 33 0.393
32 43 0.367
32 70 0.342
32 80 0.316
32 83 0.219
32 95 0.085
32 34 0.114
32 37 0.269
32 38 0.232
32 57 0.135
32 63 0.186
32 40 0.276
32 45 0.102
32 48 0.061
32 52 0.118
32 58 0.216
32 96 0.174
32 97 0.146
32 35 0.111
32 39 0.143
32 42 0.151
32 54 0.124
32 61 0.167
32 62 0.134
32 69 0.139
32 73 0.137
32 77 0.152
32 88 0.173
32 89 0.133
32 93 0.132
32 94 0.192
33 63 0.804
33 51 0.769
33 70 0.98
33 93 0.812
33 76 0.688
33 37 0.462
33 35 0.77
33 38 0.079
33 47 0.527
33 85 0.179
33 44 0.215
33 53 0.329
33 56 0.229
33 60 0.298
33 62 0.488
33 68 0.169
33 88 0.037
33 59 0.133
33 77 0.152
33 80 0.161
33 43 0.017
33 52 0.193
33 71 0.041
33 74 0.284
33 75 0.235
33 92 0.121
33 97 0.173
33 36 0.339
33 40 0.145
33 45 0.139
33 48 0.206
33 50 0.186
33 67 0.141
33 78 0.17
33 89 0.082
33 95 0.174
33 98 0.187
33 99 0.198
33 34 0.151
33 41 0.113
33 54 0.192
33 55 0.08
33 57 0.089
33 58 0.169
33 65 0.178
33 66 0.195
33 72 0.154
33 73 0.161
33 81 0.186
33 84 0.148
33 87 0.169
33 90 0.14
33 91 0.102
33 94 0.125
34 54 0.843
34 82 0.845
34 45 0.479
34 65 0.857
34 39 0.641
34 56 0.809
34 80 0.615
34 99 0.857
34 83 0.151
34 71 0.229
34 72 0.384
34 78 0.614
34 86 0.315
34 98 0.202
34 91 0.311
34 55 0.337
34 69 0.367
34 70 0.171
34 90 0.123
34 35 0.122
34 58 0.155
34 75 0.053
34 93 0.172
34 37 0.029
34 38 0.194
34 43 0.277
34 51 0.118
34 57 0.116
34 62 0.124
34 63 0.217
34 64 0.084
34 67 0.161
34 79 0.002
34 85 0.091
34 36 0.165
34 41 0.183
34 47 0.124
34 49 0.141
34 52 0.159
34 60 0.104
34 61 0.14
34 74 0.113
34 76 0.125
34 87 0.158
34 92 0.147
34 95 0.144
34 97 0.146
35 41 0.88
35 54 0.651
35 50 1
35 94 0.484
35 84 0.932
35 60 1
35 72 0.822
35 45 0.851
35 90 0.833
35 52 0.861
35 88 0.662
35 81 0.904
35 51 0.703
35 98 0.219
35 57 0.062
35 36 0.095
35 40 0.315
35 82 0.118
35 43 0.02
35 58 0.09
35 39 0.128
35 71 0.111
35 80 0.393
35 89 0.143
35 46 0.212
35 47 0.164
35 61 0.147
35 68 0.095
35 83 0.218
35 87 0.182
35 95 0.379
35 96 0.039
35 42 0.156
35 48 0.091
35 53 0.139
35 64 0.187
35 65 0.113
35 66 0.157
35 73 0.152
35 75 0.154
35 76 0.129
35 86 0.165
35 91 0.161
35 93 0.077
35 97 0.161
36 99 0.515
36 53 0.479
36 87 1
36 91 0.938
36 52 0.577
36 82 0.629
36 66 1
36 92 0.432
36 71 0.061
36 46 0.616
36 62 0.216
36 56 0.019
36 76 0.151
36 37 0.201
36 39 0.207
36 51 0.129
36 65 0.189
36 81 0.246
36 88 0.378
36 94 0.613
36 42 0.009
36 43 0.156
36 48 0.284
36 60 0.175
36 63 0.515
36 67 0.265
36 72 0.072
36 74 0.089
36 79 0.063
36 85 0.27
36 97 0.183
36 98 0.19
36 40 0.211
36 45 0.195
36 47 0.017
36 55 0.148
36 58 0.113
36 83 0.273
36 84 0.126
36 41 0.137
36 44 0.163
36 49 0.131
36 50 0.118
36 57 0.113
36 61 0.136
36 64 0.158
36 68 0.188
36 69 0.147
36 75 0.103
36 77 0.094
36 78 0.169
36 90 0.199
36 93 0.148
36 96 0.14
37 82 0.883
37 78 1
37 62 0.776
37 52 0.775
37 70 0.721
37 98 0.454
37 77 0.549
37 40 0.591
37 58 0.167
37 67 0.123
37 90 0.024
37 69 0.177
37 43 0.337
37 45 0.103
37 55 0.089
37 59 0.324
37 74 0.061
37 80 0.366
37 61 0.015
37 64 0.18
37 84 0.168
37 94 0.139
37 39 0.128
37 51 0.122
37 54 0.125
37 71 0.126
37 81 0.036
37 89 0.161
37 42 0.122
37 44 0.157
37 47 0.122
37 48 0.184
37 50 0.156
37 53 0.111
37 56 0.162
37 57 0.157
37 63 0.158
37 65 0.2
37 66 0.191
37 75 0.112
37 76 0.123
37 79 0.115
37 83 0.137
37 87 0.17
37 88 0.148
37 91 0.131
37 92 0.131
37 93 0.183
37 96 0.142
37 97 0.162
37 99 0.116
38 82 0.736
38 70 0.584
38 63 0.79
38 53 0.776
38 91 0.511
38 66 0.57
38 64 0.581
38 62 0.298
38 67 0.335
38 44 0.081
38 49 0.236
38 78 0.195
38 80 0.141
38 84 0.101
38 85 0.543
38 90 0.146
38 97 0.138
38 39 0.208
38 41 0.049
38 50 0.178
38 54 0.237
38 60 0.056
38 77 0.246
38 81 0.162
38 47 0.355
38 56 0.151
38 65 0.147
38 68 0.111
38 69 0.213
38 71 0.09
38 75 0.195
38 40 0.118
38 55 0.159
38 59 0.161
38 72 0.149
38 76 0.193
38 79 0.163
38 83 0.132
38 87 0.098
38 89 0.152
38 95 0.102
38 96 0.142
38 98 0.182
38 99 0.196
39 55 0.528
39 94 0.62
39 88 0.262
39 70 0.321
39 82 0.749
39 69 0.146
39 86 0.346
39 63 0.536
39 78 0.215
39 51 0.07
39 84 0.593
39 52 0.225
39 54 0.113
39 60 0.26
39 66 0.173
39 71 0.03
39 89 0.405
39 41 0.32
39 56 0.227
39 58 0.123
39 59 0.169
39 68 0.204
39 73 0.072
39 87 0.403
39 43 0.345
39 57 0.122
39 61 0.467
39 67 0.167
39 74 0.062
39 76 0.185
39 80 0.252
39 81 0.144
39 92 0.146
39 40 0.157
39 42 0.159
39 45 0.137
39 62 0.133
39 64 0.143
39 65 0.154
39 75 0.134
39 85 0.166
40 78 0.836
40 57 0.816
40 56 0.546
40 81 0.806
40 69 0.849
40 85 0.976
40 89 0.696
40 79 0.345
40 42 0.137
40 48 0.338
40 74 0.07
40 72 0.562
40 52 0.341
40 59 0.163
40 64 0.204
40 43 0.139
40 47 0.16
40 49 0.104
40 53 0.394
40 62 0.059
40 65 0.169
40 75 0.118
40 82 0.468
40 83 0.097
40 93 0.165
40 99 0.127
40 54 0.027
40 88 0.196
40 92 0.118
40 41 0.19
40 44 0.107
40 45 0.163
40 50 0.161
40 51 0.177
40 58 0.12
40 60 0.154
40 63 0.122
40 66 0.178
40 67 0.141
40 70 0.156
40 73 0.165
40 87 0.187
40 90 0.163
40 91 0.155
40 94 0.208
40 95 0.212
40 96 0.145
41 50 1
41 62 0.931
41 43 0.731
41 80 0.958
41 88 0.783
41 59 0.766
41 97 0.999
41 46 0.09
41 91 0.064
41 95 0.208
41 49 0.203
41 57 0.223
41 70 0.298
41 78 0.181
41 92 0.167
41 61 0.275
41 64 0.069
41 68 0.037
41 73 0.104
41 82 0.137
41 84 0.239
41 53 0.118
41 58 0.023
41 79 0.189
41 81 0.196
41 87 0.151
41 89 0.156
41 90 0.281
41 94 0.222
41 96 0.164
41 42 0.14
41 47 0.179
41 48 0.186
41 51 0.187
41 52 0.129
41 65 0.119
41 67 0.151
41 69 0.197
41 72 0.169
41 77 0.14
41 83 0.101
41 85 0.127
41 86 0.203
41 93 0.186
41 99 0.137
42 68 0.708
42 70 0.936
42 44 0.782
42 93 0.754
42 55 0.976
42 58 0.896
42 81 0.13
42 86 0.494
42 45 0.35
42 76 0.41
42 49 0.12
42 66 0.42
42 78 0.259
42 47 0.175
42 73 0.329
42 88 0.068
42 91 0.124
42 92 0.228
42 61 0.158
42 75 0.33
42 90 0.229
42 51 0.109
42 52 0.288
42 59 0.119
42 64 0.129
42 77 0.187
42 80 0.022
42 83 0.127
42 84 0.209
42 87 0.204
42 89 0.088
42 95 0.144
42 43 0.171
42 50 0.165
42 53 0.137
42 54 0.146
42 56 0.11
42 60 0.144
42 65 0.15
42 72 0.195
42 85 0.135
42 94 0.152
42 97 0.18
42 98 0.142
43 61 0.88
43 51 0.953
43 50 1
43 70 0.869
43 97 0.483
43 90 0.859
43 88 0.727
43 76 0.5
43 64 0.184
43 59 0.567
43 99 0.001
43 44 0.381
43 66 0.216
43 47 0.361
43 52 0.143
43 84 0.147
43 86 0.178
43 96 0.169
43 82 0.261
43 83 0.129
43 91 0.162
43 94 0.055
43 46 0.149
43 55 0.142
43 56 0.182
43 63 0.143
43 69 0.187
43 71 0.172
43 79 0.026
43 81 0.207
43 95 0.101
43 45 0.144
43 54 0.153
43 74 0.159
43 77 0.132
43 78 0.134
43 92 0.104
43 93 0.151
44 79 1
44 59 0.662
44 50 0.668
44 73 0.551
44 91 0.53
44 47 0.948
44 77 0.321
44 53 0.244
44 80 0.294
44 74 0.017
44 88 0.219
44 61 0.584
44 62 0.47
44 45 0.349
44 54 0.296
44 55 0.146
44 56 0.021
44 71 0.066
44 75 0.275
44 78 0.278
44 48 0.048
44 52 0.156
44 68 0.004
44 72 0.195
44 76 0.12
44 85 0.225
44 90 0.201
44 92 0.137
44 97 0.26
44 49 0.134
44 58 0.177
44 60 0.151
44 63 0.176
44 65 0.127
44 67 0.143
44 70 0.121
44 81 0.157
44 82 0.191
44 84 0.128
44 86 0.126
44 87 0.17
44 89 0.148
45 85 0.615
45 61 1
45 71 1
45 73 0.885
45 93 0.704
45 48 1
45 83 0.473
45 47 0.387
45 80 0.615
45 96 0.216
45 95 0.192
45 51 0.16
45 62 0.258
45 76 0.265
45 98 0.096
45 58 0.167
45 67 0.153
45 88 0.209
45 46 0.165
45 56 0.101
45 70 0.096
45 77 0.136
45 79 0.359
45 97 0.108
45 54 0.121
45 60 0.192
45 63 0.127
45 74 0.04
45 75 0.141
45 81 0.355
45 94 0.173
45 53 0.135
45 57 0.157
45 59 0.166
45 64 0.098
45 66 0.092
45 68 0.135
45 72 0.117
45 82 0.113
45 84 0.177
45 89 0.127
45 92 0.189
46 92 0.938
46 97 0.856
46 96 0.622
46 52 0.157
46 67 0.111
46 73 0.056
46 79 0.186
46 81 0.376
46 98 0.154
46 60 0.156
46 64 0.322
46 87 0.152
46 99 0.215
46 47 0.008
46 49 0.06
46 50 0.082
46 55 0.001
46 59 0.317
46 75 0.267
46 76 0.257
46 77 0.098
46 80 0.122
46 85 0.102
46 93 0.181
46 51 0.097
46 58 0.12
46 61 0.142
46 62 0.229
46 66 0.193
46 68 0.225
46 70 0.257
46 74 0.149
46 78 0.166
46 82 0.189
46 83 0.061
46 48 0.182
46 53 0.144
46 57 0.164
46 63 0.094
46 65 0.191
46 69 0.159
46 71 0.141
46 72 0.126
46 86 0.121
46 88 0.194
46 89 0.11
46 90 0.089
46 91 0.141
47 88 0.554
47 81 0.617
47 92 0.871
47 84 0.687
47 68 1
47 57 0.334
47 62 0.379
47 79 0.215
47 61 0.031
47 78 0.067
47 87 0.339
47 72 0.052
47 59 0.104
47 69 0.05
47 73 0.146
47 74 0.147
47 75 0.201
47 99 0.177
47 54 0.119
47 66 0.091
47 76 0.12
47 89 0.105
47 55 0.16
47 83 0.054
47 85 0.021
47 90 0.13
47 49 0.156
47 51 0.158
47 53 0.112
47 56 0.097
47 60 0.147
47 64 0.167
47 65 0.13
47 70 0.095
47 82 0.162
47 86 0.207
47 93 0.164
47 95 0.1
48 69 1
48 63 0.615
48 65 0.455
48 53 0.666
48 62 0.841
48 84 0.813
48 54 0.137
48 82 0.129
48 91 0.016
48 96 0.11
48 97 0.202
48 60 0.268
48 68 0.113
48 87 0.126
48 51 0.244
48 59 0.153
48 75 0.064
48 83 0.024
48 89 0.149
48 52 0.109
48 55 0.231
48 57 0.063
48 61 0.16
48 71 0.193
48 74 0.137
48 79 0.167
48 85 0.15
48 49 0.136
48 58 0.104
48 64 0.133
48 67 0.162
48 70 0.171
48 73 0.152
48 77 0.2
48 80 0.155
48 81 0.13
48 86 0.158
48 88 0.118
48 90 0.151
48 93 0.171
48 94 0.164
48 99 0.141
49 80 0.983
49 70 0.854
49 58 0.946
49 75 0.424
49 65 0.676
49 73 0.303
49 99 0.215
49 56 0.446
49 64 0.293
49 84 0.381
49 97 0.146
49 82 0.448
49 98 0.317
49 90 0.16
49 53 0.283
49 55 0.311
49 62 0.142
49 66 0.089
49 68 0.156
49 72 0.134
49 74 0.284
49 88 0.036
49 94 0.32
49 96 0.126
49 52 0.222
49 63 0.071
49 76 0.173
49 77 0.19
49 86 0.211
49 87 0.275
49 91 0.132
49 93 0.147
49 51 0.193
49 59 0.138
49 71 0.191
49 78 0.19
49 79 0.177
49 81 0.165
49 85 0.116
49 89 0.122
50 71 0.924
50 56 0.506
50 67 0.194
50 63 0.116
50 75 0.021
50 91 0.344
50 74 0.228
50 86 0.106
50 51 0.218
50 62 0.311
50 90 0.095
50 55 0.063
50 80 0.169
50 81 0.073
50 52 0.142
50 61 0.092
50 68 0.309
50 73 0.167
50 82 0.182
50 54 0.088
50 58 0.095
50 59 0.162
50 60 0.204
50 64 0.17
50 65 0.163
50 76 0.354
50 78 0.18
50 83 0.105
50 84 0.154
50 89 0.108
50 97 0.051
50 98 0.168
50 66 0.131
50 69 0.171
50 70 0.18
50 77 0.154
50 79 0.178
50 85 0.12
50 87 0.158
50 94 0.16
51 59 0.916
51 75 0.904
51 83 0.849
51 85 0.948
51 64 0.615
51 72 0.726
51 94 0.747
51 52 1
51 77 0.805
51 62 0.58
51 81 0.063
51 67 0.364
51 79 0.087
51 65 0.419
51 70 0.142
51 54 0.378
51 71 0.116
51 82 0.174
51 84 0.229
51 97 0.036
51 57 0.123
51 61 0.128
51 66 0.29
51 73 0.177
51 76 0.14
51 78 0.146
51 91 0.104
51 93 0.353
51 95 0.162
51 99 0.13
51 55 0.174
51 56 0.109
51 68 0.134
51 80 0.18
51 89 0.174
51 90 0.159
51 92 0.115
51 96 0.112
52 92 0.971
52 61 0.856
52 87 0.592
52 89 0.445
52 71 0.611
52 88 0.578
52 63 0.678
52 94 0.536
52 84 0.883
52 60 0.288
52 76 0.24
52 74 0.195
52 91 0.062
52 98 0.53
52 62 0.113
52 73 0.239
52 59 0.178
52 65 0.078
52 75 0.051
52 81 0.139
52 85 0.259
52 95 0.272
52 99 0.463
52 53 0.154
52 69 0.227
52 80 0.258
52 93 0.185
52 79 0.146
52 82 0.177
52 57 0.145
52 58 0.161
52 64 0.175
52 68 0.128
52 70 0.168
52 72 0.166
52 77 0.136
53 59 0.991
53 77 0.91
53 56 0.576
53 80 0.295
53 96 0.425
53 94 0.272
53 97 0.195
53 75 0.078
53 90 0.364
53 57 0.308
53 67 0.313
53 95 0.296
53 91 0.139
53 58 0.065
53 61 0.025
53 64 0.217
53 73 0.096
53 83 0.145
53 84 0.136
53 87 0.083
53 93 0.247
53 98 0.191
53 99 0.225
53 55 0.183
53 60 0.153
53 65 0.164
53 70 0.102
53 71 0.156
53 78 0.127
53 79 0.135
53 92 0.184
54 69 0.95
54 64 0.509
54 81 0.938
54 77 0.859
54 67 0.764
54 84 0.886
54 92 0.481
54 60 0.731
54 58 0.694
54 87 0.251
54 78 0.023
54 85 0.19
54 99 0.241
54 59 0.256
54 73 0.134
54 96 0.233
54 63 0.172
54 76 0.201
54 82 0.091
54 97 0.229
54 56 0.167
54 62 0.423
54 74 0.127
54 75 0.099
54 79 0.232
54 86 0.08
54 88 0.05
54 55 0.165
54 66 0.115
54 68 0.108
54 70 0.152
54 83 0.072
54 89 0.189
54 90 0.114
54 93 0.142
54 95 0.164
54 98 0.166
55 81 0.673
55 60 0.961
55 91 0.812
55 83 0.842
55 72 0.887
55 96 0.929
55 63 0.436
55 71 0.588
55 84 0.062
55 62 0.15
55 74 0.226
55 75 0.215
55 58 0.032
55 80 0.139
55 87 0.293
55 56 0.049
55 65 0.264
55 78 0.435
55 95 0.191
55 66 0.157
55 70 0.261
55 76 0.15
55 85 0.176
55 86 0.147
55 93 0.132
55 98 0.078
55 68 0.168
55 73 0.191
55 77 0.156
55 79 0.104
55 90 0.122
55 99 0.166
56 68 0.824
56 57 0.905
56 81 0.773
56 70 0.56
56 66 0.775
56 96 0.292
56 80 0.076
56 76 0.358
56 93 0.319
56 90 0.359
56 71 0.131
56 82 0.1
56 59 0.353
56 63 0.14
56 87 0.271
56 60 0.136
56 64 0.154
56 72 0.112
56 78 0.192
56 85 0.176
56 89 0.177
56 95 0.151
56 99 0.07
56 67 0.103
56 75 0.173
56 77 0.127
56 83 0.201
56 84 0.153
56 86 0.171
56 91 0.195
56 92 0.232
56 98 0.176
57 99 0.639
57 94 0.905
57 75 0.873
57 60 0.935
57 76 0.072
57 67 0.434
57 69 0.104
57 80 0.274
57 58 0.497
57 62 0.233
57 88 0.089
57 72 0.199
57 86 0.279
57 63 0.33
57 89 0.368
57 90 0.239
57 98 0.128
57 61 0.279
57 70 0.194
57 79 0.308
57 87 0.136
57 91 0.157
57 97 0.356
57 78 0.141
57 81 0.114
57 83 0.169
57 84 0.104
57 85 0.068
57 96 0.132
58 99 0.917
58 95 0.509
58 75 0.802
58 84 0.886
58 65 0.813
58 80 0.314
58 81 0.071
58 91 0.132
58 68 0.371
58 71 0.235
58 60 0.259
58 63 0.181
58 73 0.076
58 86 0.272
58 61 0.154
58 76 0.332
58 66 0.139
58 72 0.137
58 74 0.107
58 83 0.159
58 90 0.18
58 93 0.176
58 98 0.146
58 67 0.117
58 69 0.158
58 77 0.08
58 78 0.16
58 79 0.11
58 82 0.151
58 85 0.161
58 87 0.17
58 88 0.112
58 89 0.14
58 97 0.129
59 71 0.247
59 98 0.202
59 87 0.511
59 62 0.251
59 82 0.851
59 66 0.681
59 95 0.339
59 80 0.188
59 93 0.156
59 73 0.07
59 96 0.171
59 61 0.167
59 72 0.276
59 75 0.215
59 78 0.178
59 97 0.191
59 99 0.183
59 60 0.289
59 76 0.19
59 63 0.173
59 64 0.194
59 68 0.2
59 69 0.182
59 70 0.178
59 74 0.149
59 83 0.152
59 84 0.165
59 85 0.136
59 86 0.156
59 89 0.189
59 94 0.113
60 99 0.931
60 95 0.682
60 80 0.288
60 65 0.15
60 85 0.255
60 75 0.032
60 82 0.108
60 86 0.015
60 87 0.278
60 88 0.244
60 94 0.116
60 62 0.022
60 64 0.156
60 67 0.215
60 68 0.155
60 69 0.233
60 73 0.122
60 78 0.208
60 84 0.199
60 91 0.319
60 66 0.202
60 70 0.158
60 74 0.159
60 77 0.143
60 81 0.122
60 92 0.121
60 97 0.162
60 98 0.121
61 96 0.252
61 79 0.893
61 73 0.818
61 71 0.535
61 70 0.745
61 68 0.746
61 72 0.334
61 65 0.298
61 88 0.293
61 69 0.38
61 84 0.111
61 67 0.088
61 87 0.239
61 97 0.3
61 98 0.145
61 74 0.064
61 75 0.107
61 76 0.058
61 86 0.301
61 89 0.101
61 95 0.299
61 62 0.204
61 77 0.194
61 78 0.188
61 80 0.18
61 81 0.152
61 90 0.141
61 91 0.15
62 76 0.652
62 70 0.789
62 68 0.803
62 96 0.232
62 78 0.389
62 83 0.751
62 91 0.518
62 73 0.301
62 82 0.506
62 84 0.241
62 94 0.12
62 95 0.503
62 63 0.215
62 77 0.157
62 80 0.043
62 90 0.388
62 93 0.257
62 99 0.225
62 65 0.159
62 67 0.172
62 69 0.115
62 85 0.228
62 87 0.472
62 75 0.126
62 81 0.181
62 89 0.144
62 98 0.167
63 93 0.576
63 81 1
63 72 0.478
63 68 0.426
63 79 0.784
63 66 0.651
63 76 0.143
63 77 0.137
63 69 0.511
63 87 0.171
63 89 0.386
63 95 0.376
63 96 0.281
63 74 0.243
63 98 0.518
63 67 0.147
63 92 0.428
63 83 0.027
63 84 0.112
63 85 0.021
63 65 0.143
63 71 0.2
63 75 0.133
63 86 0.124
63 90 0.167
63 70 0.16
63 73 0.177
63 78 0.116
63 94 0.157
64 92 0.888
64 96 0.672
64 65 0.255
64 66 0.184
64 73 0.112
64 82 0.149
64 83 0.421
64 68 0.144
64 71 0.15
64 72 0.161
64 78 0.226
64 79 0.037
64 80 0.066
64 75 0.14
64 77 0.136
64 81 0.181
64 87 0.311
64 67 0.159
64 69 0.127
64 70 0.195
64 85 0.153
64 88 0.15
64 89 0.191
64 93 0.173
64 97 0.152
65 85 0.556
65 98 0.547
65 70 0.603
65 78 0.292
65 79 0.008
65 83 0.044
65 74 0.284
65 94 0.105
65 95 0.286
65 67 0.118
65 91 0.309
65 99 0.418
65 69 0.165
65 73 0.12
65 81 0.139
65 82 0.392
65 86 0.357
65 87 0.094
65 93 0.174
65 96 0.13
65 97 0.14
65 71 0.093
65 72 0.169
65 76 0.172
65 80 0.167
65 88 0.145
65 89 0.135
65 90 0.124
65 92 0.058
66 87 0.285
66 69 0.322
66 71 0.275
66 83 0.175
66 93 0.262
66 73 0.181
66 84 0.24
66 74 0.25
66 75 0.258
66 78 0.325
66 82 0.048
66 91 0.233
66 99 0.03
66 70 0.111
66 90 0.16
66 92 0.043
66 86 0.194
66 67 0.151
66 68 0.124
66 72 0.15
66 76 0.116
66 79 0.131
66 81 0.185
66 88 0.141
66 89 0.184
66 95 0.101
66 98 0.184
67 85 0.561
67 99 0.817
67 69 0.399
67 90 0.871
67 82 0.476
67 92 0.122
67 77 0.453
67 94 0.086
67 79 0.202
67 95 0.013
67 98 0.229
67 73 0.125
67 74 0.111
67 76 0.124
67 83 0.172
67 84 0.154
67 96 0.064
67 68 0.158
67 71 0.112
67 75 0.105
67 78 0.173
67 86 0.07
67 89 0.141
67 91 0.149
67 93 0.157
67 97 0.157
68 78 0.355
68 94 0.531
68 91 0.458
68 95 0.211
68 85 0.2
68 80 0.11
68 69 0.045
68 99 0.058
68 71 0.217
68 74 0.374
68 86 0.093
68 77 0.005
68 83 0.156
68 84 0.138
68 90 0.136
68 72 0.168
68 73 0.127
68 75 0.148
68 76 0.078
68 81 0.105
68 82 0.186
68 92 0.098
68 93 0.153
69 92 0.902
69 72 0.841
69 99 0.296
69 88 0.807
69 81 0.227
69 76 0.531
69 84 0.569
69 96 0.246
69 79 0.028
69 74 0.201
69 78 0.23
69 71 0.45
69 83 0.242
69 86 0.251
69 98 0.146
69 85 0.147
69 89 0.109
69 94 0.148
69 70 0.149
69 75 0.144
69 90 0.193
69 91 0.151
69 95 0.124
70 84 0.668
70 94 0.766
70 76 0.535
70 85 0.233
70 73 0.253
70 80 0.023
70 93 0.144
70 96 0.005
70 97 0.271
70 98 0.227
70 75 0.158
70 77 0.172
70 90 0.151
70 92 0.365
70 74 0.162
70 81 0.17
70 88 0.19
70 95 0.19
71 86 0.928
71 83 0.053
71 91 0.181
71 96 0.23
71 84 0.371
71 75 0.151
71 82 0.237
71 93 0.14
71 73 0.12
71 80 0.121
71 81 0.242
71 87 0.144
71 90 0.13
71 94 0.25
71 77 0.121
71 79 0.137
71 88 0.168
71 92 0.144
72 75 0.779
72 96 1
72 99 0.608
72 93 0.644
72 73 0.598
72 85 0.285
72 94 0.288
72 98 0.206
72 80 0.13
72 74 0.281
72 81 0.398
72 90 0.078
72 77 0.088
72 79 0.157
72 87 0.155
72 76 0.144
72 82 0.176
72 84 0.102
72 91 0.157
72 97 0.168
73 90 0.68
73 83 0.439
73 79 0.792
73 99 0.836
73 89 0.616
73 86 0.467
73 75 0.798
73 96 0.382
73 95 0.487
73 74 0.111
73 81 0.533
73 87 0.377
73 76 0.106
73 80 0.034
73 82 0.177
73 84 0.322
73 88 0.097
73 92 0.147
73 94 0.159
73 97 0.148
74 75 0.531
74 77 0.324
74 90 0.268
74 93 0.27
74 98 0.103
74 76 0.389
74 80 0.15
74 83 0.184
74 87 0.163
74 79 0.183
74 99 0.152
74 81 0.185
74 84 0.168
74 85 0.213
74 86 0.148
74 91 0.139
74 95 0.205
75 95 0.634
75 78 0.304
75 84 0.067
75 83 0.353
75 94 0.174
75 91 0.18
75 79 0.114
75 93 0.194
75 86 0.086
75 88 0.173
75 89 0.188
75 96 0.194
75 97 0.153
76 82 0.058
76 90 0.082
76 95 0.013
76 78 0.028
76 85 0.114
76 99 0.308
76 80 0.162
76 84 0.174
76 96 0.128
76 77 0.163
76 79 0.158
76 83 0.187
76 87 0.161
76 88 0.134
76 92 0.125
76 97 0.114
76 98 0.055
77 78 0.61
77 80 0.594
77 86 0.305
77 89 0.169
77 84 0.184
77 79 0.184
77 88 0.094
77 92 0.161
77 95 0.202
77 99 0.242
77 83 0.275
77 87 0.11
77 98 0.247
77 82 0.136
77 85 0.155
77 90 0.156
77 91 0.166
77 93 0.156
77 96 0.178
77 97 0.163
78 97 0.965
78 92 0.222
78 89 0.518
78 83 0.1
78 87 0.262
78 95 0.286
78 80 0.115
78 79 0.179
78 81 0.124
78 84 0.14
78 86 0.139
78 90 0.156
78 91 0.128
78 93 0.118
78 96 0.158
78 98 0.196
79 88 0.636
79 98 0.296
79 80 0.063
79 82 0.077
79 85 0.137
79 91 0.201
79 97 0.218
79 84 0.155
79 89 0.069
79 95 0.206
79 81 0.18
79 83 0.121
79 86 0.127
79 90 0.096
79 92 0.184
79 94 0.202
79 96 0.146
80 89 0.978
80 82 0.661
80 86 0.246
80 81 0.196
80 98 0.258
80 83 0.148
80 88 0.146
80 92 0.196
80 95 0.121
80 96 0.082
80 87 0.143
80 93 0.147
80 97 0.158
80 99 0.165
81 98 0.336
81 93 0.849
81 88 0.906
81 82 0.605
81 84 0.303
81 87 0.268
81 97 0.366
81 83 0.208
81 96 0.134
81 85 0.1
81 86 0.026
81 89 0.147
81 90 0.183
81 92 0.14
81 95 0.217
82 91 0.727
82 88 0.116
82 84 0.141
82 86 0.074
82 97 0.041
82 96 0.163
82 83 0.223
82 87 0.088
82 89 0.089
82 90 0.074
82 92 0.155
82 85 0.157
82 94 0.139
82 95 0.146
82 98 0.161
82 99 0.15
83 98 0.704
83 95 0.72
83 92 0.333
83 96 0.307
83 89 0.199
83 86 0.167
83 91 0.111
83 97 0.045
83 87 0.167
83 88 0.164
83 93 0.109
83 94 0.133
83 99 0.159
84 96 0.741
84 90 0.113
84 95 0.132
84 85 0.333
84 91 0.118
84 94 0.19
84 97 0.236
84 86 0.132
84 87 0.151
84 88 0.186
84 89 0.143
84 93 0.12
84 98 0.151
85 99 0.563
85 90 0.778
85 87 0.826
85 98 0.12
85 96 0.041
85 89 0.138
85 94 0.241
85 86 0.131
85 91 0.127
85 92 0.152
85 95 0.199
85 97 0.117
86 88 0.514
86 91 0.336
86 97 0.099
86 92 0.23
86 93 0.107
86 95 0.109
86 96 0.224
86 94 0.124
87 93 0.873
87 92 0.162
87 91 0.18
87 88 0.39
87 90 0.199
87 97 0.064
87 94 0.144
87 89 0.141
87 96 0.116
88 97 1
88 94 0.218
88 95 0.361
88 91 0.113
88 92 0.168
88 89 0.179
88 93 0.192
88 98 0.179
89 92 0.558
89 94 0.101
89 91 0.407
89 90 0.142
89 96 0.2
89 98 0.158
89 93 0.171
89 97 0.139
89 99 0.087
89 95 0.188
90 92 0.648
90 97 0.239
90 91 0.145
90 95 0.232
90 96 0.234
90 98 0.164
90 99 0.169
91 95 0.214
91 97 0.099
91 94 0.095
91 92 0.16
91 93 0.172
92 95 0.823
92 97 0.141
92 96 0.118
93 95 0.682
93 96 0.903
93 97 0.103
93 98 0.097
94 98 0.593
94 99 0.101
94 97 0.005
94 95 0.216
94 96 0.395
95 98 0.091
95 97 0.164
96 98 0.771
96 97 0.232
96 99 0.165
97 99 0.101
97 98 0.271
