0 15 0.936
0 79 0.932
0 37 0.867
0 80 0.999
0 64 0.553
0 28 0.886
0 56 0.992
0 3 0.882
0 16 0.938
0 49 0.934
0 38 1
0 35 0.965
0 82 0.67
0 9 0.517
0 12 0.12
0 72 0.103
0 75 0.178
0 88 0.22
0 96 0.403
0 19 0.127
0 51 0.21
0 6 0.163
0 26 0.348
0 54 0.183
0 68 0.027
0 77 0.129
0 81 0.299
0 97 0.264
0 30 0.128
0 60 0.189
0 63 0.146
0 67 0.184
0 86 0.07
0 90 0.169
0 98 0.175
0 1 0.212
0 2 0.155
0 4 0.193
0 29 0.165
0 32 0.294
0 36 0.145
0 40 0.083
0 42 0.092
0 44 0.109
0 47 0.099
0 50 0.024
0 52 0.146
0 59 0.111
0 71 0.112
0 73 0.174
0 74 0.19
0 94 0.149
0 99 0.2
0 5 0.167
0 13 0.128
0 14 0.147
0 20 0.171
0 25 0.187
0 27 0.197
0 41 0.199
0 43 0.133
0 46 0.182
0 48 0.136
0 55 0.149
0 58 0.11
0 61 0.108
0 66 0.171
0 69 0.12
0 83 0.187
0 87 0.185
0 89 0.185
0 91 0.155
0 92 0.137
1 24 0.512
1 47 0.764
1 49 0.916
1 83 0.674
1 14 0.806
1 75 0.87
1 97 0.887
1 62 0.808
1 59 0.527
1 10 0.65
1 87 0.875
1 96 0.582
1 89 0.722
1 69 0.689
1 4 0.362
1 18 0.794
1 44 0.114
1 46 0.407
1 43 0.328
1 45 0.843
1 54 0.393
1 56 0.182
1 79 0.146
1 33 0.136
1 63 0.272
1 64 0.3
1 68 0.29
1 76 0.413
1 80 0.069
1 99 0.137
1 17 0.184
1 38 0.056
1 48 0.141
1 22 0.234
1 27 0.068
1 28 0.369
1 35 0.167
1 41 0.166
1 42 0.108
1 2 0.153
1 5 0.166
1 11 0.341
1 15 0.171
1 19 0.196
1 20 0.336
1 23 0.133
1 25 0.091
1 40 0.09
1 50 0.236
1 52 0.127
1 55 0.096
1 61 0.054
1 72 0.159
1 88 0.168
1 90 0.178
1 98 0.168
1 7 0.124
1 8 0.156
1 9 0.07
1 21 0.168
1 31 0.208
1 36 0.189
1 39 0.135
1 53 0.116
1 57 0.005
1 60 0.139
1 65 0.159
1 66 0.192
1 67 0.099
1 70 0.158
1 73 0.164
1 77 0.121
1 78 0.169
1 85 0.148
1 91 0.162
1 92 0.143
1 93 0.128
2 54 0.88
2 62 0.847
2 55 0.926
2 14 0.871
2 48 0.9
2 76 0.856
2 35 0.269
2 85 0.292
2 37 0.132
2 47 0.171
2 18 0.133
2 21 0.481
2 51 0.266
2 10 0.188
2 75 0.422
2 95 0.006
2 78 0.407
2 6 0.007
2 9 0.313
2 44 0.237
2 50 0.561
2 70 0.023
2 91 0.097
2 3 0.073
2 33 0.129
2 43 0.25
2 53 0.151
2 56 0.044
2 58 0.278
2 60 0.148
2 73 0.054
2 77 0.173
2 89 0.041
2 7 0.166
2 11 0.147
2 17 0.365
2 19 0.386
2 26 0.091
2 27 0.196
2 41 0.195
2 45 0.116
2 79 0.233
2 82 0.131
2 5 0.123
2 30 0.069
2 34 0.206
2 38 0.145
2 42 0.179
2 46 0.22
2 63 0.214
2 67 0.152
2 69 0.134
2 90 0.171
2 98 0.189
2 4 0.15
2 8 0.161
2 12 0.103
2 20 0.142
2 25 0.14
2 31 0.122
2 32 0.113
2 36 0.096
2 49 0.145
2 52 0.183
2 57 0.153
2 61 0.129
2 66 0.105
2 83 0.104
2 84 0.144
2 86 0.16
2 88 0.129
2 92 0.161
2 93 0.157
2 94 0.165
2 96 0.159
2 97 0.143
3 55 0.623
3 9 1
3 49 0.502
3 58 1
3 61 1
3 43 0.446
3 77 0.94
3 42 0.8
3 37 0.621
3 86 0.833
3 78 0.648
3 96 0.325
3 18 0.2
3 48 0.008
3 66 0.28
3 21 0.507
3 89 0.122
3 24 0.059
3 56 0.114
3 50 0.165
3 79 0.215
3 95 0.187
3 27 0.129
3 28 0.23
3 38 0.168
3 47 0.146
3 67 0.065
3 76 0.155
3 12 0.108
3 15 0.251
3 65 0.319
3 98 0.175
3 6 0.069
3 7 0.133
3 8 0.07
3 31 0.145
3 40 0.205
3 45 0.157
3 46 0.311
3 52 0.307
3 57 0.106
3 59 0.332
3 81 0.206
3 85 0.121
3 88 0.145
3 92 0.158
3 5 0.198
3 11 0.169
3 13 0.232
3 14 0.176
3 16 0.095
3 20 0.155
3 22 0.131
3 23 0.146
3 25 0.15
3 26 0.151
3 30 0.192
3 34 0.121
3 35 0.162
3 39 0.117
3 51 0.208
3 53 0.126
3 60 0.167
3 62 0.165
3 68 0.112
3 83 0.219
3 84 0.189
3 93 0.186
4 62 0.658
4 8 0.696
4 64 0.578
4 9 0.625
4 7 0.291
4 11 0.498
4 58 0.861
4 96 0.466
4 5 0.503
4 19 0.303
4 46 0.359
4 81 0.596
4 93 0.212
4 6 0.203
4 24 0.093
4 57 0.366
4 92 0.274
4 16 0.53
4 60 0.229
4 13 0.286
4 20 0.274
4 76 0.182
4 88 0.173
4 94 0.008
4 98 0.308
4 12 0.12
4 18 0.141
4 23 0.178
4 26 0.104
4 28 0.308
4 32 0.115
4 35 0.243
4 39 0.143
4 54 0.088
4 56 0.239
4 66 0.219
4 97 0.077
4 29 0.176
4 31 0.085
4 33 0.119
4 37 0.139
4 41 0.022
4 45 0.14
4 50 0.14
4 53 0.171
4 55 0.124
4 65 0.296
4 73 0.162
4 74 0.185
4 80 0.097
4 15 0.166
4 21 0.111
4 22 0.131
4 30 0.124
4 34 0.214
4 38 0.142
4 51 0.199
4 59 0.173
4 61 0.196
4 67 0.207
4 68 0.085
4 69 0.143
4 75 0.105
4 77 0.154
4 78 0.181
4 82 0.133
4 83 0.093
4 84 0.104
4 85 0.156
4 87 0.129
5 20 0.513
5 25 0.836
5 34 0.666
5 94 0.674
5 16 0.572
5 23 0.362
5 28 0.628
5 98 0.685
5 67 0.536
5 86 0.635
5 6 0.483
5 56 0.464
5 73 0.114
5 51 0.445
5 19 0.316
5 15 0.113
5 21 0.22
5 99 0.356
5 17 0.711
5 31 0.449
5 32 0.327
5 22 0.15
5 46 0.155
5 47 0.082
5 76 0.254
5 7 0.104
5 8 0.145
5 24 0.28
5 40 0.2
5 42 0.045
5 48 0.171
5 53 0.03
5 61 0.318
5 63 0.164
5 64 0.127
5 68 0.38
5 70 0.165
5 72 0.082
5 91 0.203
5 92 0.219
5 13 0.167
5 18 0.186
5 29 0.167
5 36 0.009
5 52 0.222
5 54 0.168
5 55 0.232
5 57 0.164
5 69 0.304
5 75 0.136
5 79 0.125
5 88 0.225
5 11 0.115
5 12 0.139
5 27 0.098
5 43 0.16
5 44 0.136
5 45 0.085
5 66 0.203
5 77 0.15
5 83 0.166
5 84 0.151
5 90 0.14
5 93 0.164
5 95 0.167
5 97 0.156
6 88 0.557
6 83 0.557
6 96 0.685
6 68 0.869
6 23 0.741
6 43 0.779
6 41 0.132
6 80 0.339
6 17 0.625
6 31 0.562
6 82 0.161
6 81 0.16
6 8 0.589
6 21 0.714
6 7 0.224
6 9 0.32
6 20 0.029
6 28 0.193
6 30 0.368
6 70 0.197
6 92 0.321
6 38 0.214
6 44 0.215
6 49 0.262
6 59 0.242
6 61 0.235
6 73 0.274
6 90 0.049
6 15 0.01
6 26 0.014
6 36 0.167
6 74 0.176
6 84 0.174
6 93 0.158
6 10 0.355
6 13 0.155
6 25 0.119
6 29 0.297
6 53 0.131
6 58 0.144
6 60 0.14
6 63 0.115
6 72 0.116
6 79 0.088
6 87 0.177
6 91 0.107
6 99 0.193
6 12 0.119
6 14 0.142
6 18 0.154
6 24 0.108
6 34 0.128
6 45 0.122
6 46 0.142
6 52 0.113
6 56 0.168
6 57 0.16
6 64 0.138
6 66 0.153
6 69 0.121
6 71 0.165
6 77 0.124
6 85 0.152
6 86 0.134
6 89 0.159
6 95 0.149
7 70 0.856
7 53 1
7 49 0.99
7 46 0.529
7 51 0.58
7 85 0.808
7 83 0.848
7 32 0.67
7 74 0.549
7 96 0.093
7 59 0.147
7 89 0.601
7 57 0.123
7 94 0.613
7 93 0.296
7 9 0.095
7 10 0.193
7 64 0.055
7 99 0.209
7 8 0.23
7 17 0.133
7 41 0.158
7 55 0.143
7 65 0.166
7 77 0.138
7 88 0.134
7 90 0.218
7 91 0.029
7 14 0.174
7 16 0.146
7 31 0.234
7 34 0.328
7 37 0.104
7 38 0.158
7 60 0.13
7 72 0.282
7 75 0.314
7 78 0.286
7 79 0.158
7 82 0.276
7 12 0.188
7 22 0.152
7 23 0.34
7 35 0.177
7 42 0.181
7 47 0.237
7 50 0.168
7 52 0.225
7 73 0.17
7 95 0.143
7 97 0.049
7 98 0.131
7 13 0.135
7 15 0.117
7 18 0.151
7 20 0.233
7 28 0.169
7 30 0.151
7 36 0.147
7 40 0.134
7 43 0.144
7 44 0.168
7 48 0.133
7 58 0.174
7 61 0.165
7 62 0.117
7 63 0.144
7 66 0.132
7 67 0.128
7 68 0.156
7 80 0.12
7 81 0.121
7 92 0.123
8 34 1
8 25 0.881
8 9 0.804
8 57 0.609
8 12 0.883
8 17 0.289
8 69 0.235
8 60 0.153
8 91 0.28
8 93 0.134
8 18 0.273
8 26 0.162
8 47 0.097
8 85 0.01
8 54 0.146
8 83 0.172
8 89 0.073
8 92 0.266
8 32 0.097
8 41 0.55
8 56 0.125
8 31 0.135
8 43 0.011
8 48 0.13
8 53 0.295
8 58 0.12
8 73 0.192
8 74 0.043
8 88 0.227
8 15 0.223
8 24 0.184
8 28 0.187
8 29 0.137
8 33 0.14
8 44 0.156
8 45 0.213
8 50 0.116
8 52 0.132
8 59 0.239
8 76 0.171
8 80 0.161
8 81 0.162
8 90 0.262
8 94 0.227
8 99 0.089
8 13 0.162
8 14 0.108
8 20 0.145
8 23 0.152
8 30 0.128
8 35 0.151
8 36 0.128
8 42 0.144
8 62 0.105
8 65 0.12
8 66 0.142
8 67 0.175
8 68 0.189
8 71 0.134
8 75 0.13
8 77 0.195
8 84 0.138
8 86 0.145
8 97 0.201
9 57 0.954
9 26 0.857
9 88 0.701
9 20 0.693
9 78 0.724
9 49 0.574
9 43 0.034
9 55 0.49
9 90 0.29
9 31 0.082
9 39 0.03
9 86 0.143
9 36 0.148
9 47 0.228
9 61 0.403
9 67 0.31
9 91 0.065
9 98 0.564
9 53 0.143
9 62 0.152
9 82 0.502
9 85 0.029
9 94 0.152
9 24 0.091
9 27 0.153
9 59 0.301
9 84 0.141
9 89 0.312
9 95 0.34
9 13 0.233
9 41 0.179
9 46 0.24
9 48 0.069
9 50 0.166
9 75 0.19
9 11 0.196
9 15 0.161
9 16 0.103
9 21 0.187
9 22 0.278
9 25 0.222
9 28 0.239
9 30 0.231
9 34 0.018
9 44 0.043
9 45 0.173
9 51 0.151
9 52 0.144
9 60 0.192
9 69 0.172
9 70 0.296
9 74 0.118
9 79 0.143
9 12 0.155
9 14 0.172
9 19 0.136
9 23 0.091
9 29 0.124
9 33 0.147
9 37 0.173
9 38 0.146
9 40 0.122
9 42 0.089
9 72 0.16
9 73 0.171
9 77 0.173
9 80 0.151
9 83 0.141
9 93 0.205
9 97 0.083
10 83 1
10 40 0.977
10 71 0.532
10 47 0.729
10 31 0.667
10 99 0.583
10 65 0.705
10 76 1
10 27 0.161
10 96 0.315
10 35 0.259
10 81 0.186
10 23 0.603
10 37 0.311
10 44 0.351
10 46 0.044
10 18 0.521
10 52 0.215
10 57 0.107
10 58 0.199
10 93 0.141
10 25 0.006
10 49 0.215
10 50 0.309
10 63 0.144
10 77 0.24
10 80 0.097
10 84 0.15
10 85 0.177
10 86 0.107
10 89 0.121
10 90 0.505
10 98 0.251
10 14 0.228
10 33 0.183
10 36 0.049
10 38 0.153
10 45 0.211
10 56 0.161
10 59 0.178
10 62 0.19
10 67 0.18
10 69 0.274
10 82 0.167
10 11 0.191
10 12 0.168
10 16 0.154
10 20 0.11
10 30 0.125
10 39 0.178
10 42 0.157
10 51 0.205
10 54 0.16
10 72 0.149
10 73 0.179
10 88 0.155
10 92 0.173
10 94 0.157
10 97 0.136
11 45 0.903
11 25 0.662
11 29 0.949
11 53 0.747
11 99 0.531
11 38 0.783
11 32 0.58
11 39 0.779
11 20 0.86
11 83 0.728
11 19 0.789
11 98 0.837
11 47 0.748
11 41 0.813
11 69 0.748
11 15 0.192
11 57 0.341
11 84 0.757
11 36 0.357
11 55 0.233
11 12 0.091
11 46 0.23
11 37 0.074
11 54 0.153
11 65 0.03
11 14 0.183
11 16 0.26
11 49 0.14
11 80 0.095
11 97 0.039
11 33 0.064
11 40 0.155
11 86 0.18
11 13 0.129
11 18 0.184
11 21 0.187
11 27 0.092
11 34 0.188
11 44 0.232
11 51 0.173
11 59 0.32
11 67 0.059
11 76 0.128
11 79 0.174
11 88 0.287
11 91 0.122
11 93 0.172
11 17 0.126
11 23 0.149
11 28 0.177
11 42 0.105
11 48 0.197
11 52 0.148
11 58 0.179
11 60 0.174
11 61 0.169
11 63 0.106
11 66 0.132
11 71 0.162
11 73 0.131
11 75 0.153
11 78 0.164
11 90 0.148
12 89 0.774
12 91 1
12 68 0.427
12 71 0.721
12 20 0.858
12 25 0.649
12 14 0.626
12 95 0.471
12 26 0.136
12 30 0.044
12 33 0.184
12 41 0.267
12 52 0.101
12 55 0.193
12 17 0.248
12 23 0.298
12 34 0.173
12 35 0.244
12 40 0.079
12 56 0.264
12 65 0.138
12 72 0.221
12 78 0.361
12 81 0.132
12 88 0.425
12 99 0.154
12 13 0.257
12 15 0.018
12 38 0.312
12 42 0.284
12 50 0.089
12 54 0.251
12 58 0.22
12 59 0.367
12 62 0.28
12 70 0.24
12 76 0.42
12 82 0.14
12 87 0.255
12 96 0.148
12 18 0.25
12 44 0.096
12 48 0.104
12 57 0.095
12 64 0.148
12 69 0.187
12 79 0.29
12 93 0.147
12 16 0.161
12 22 0.184
12 24 0.152
12 27 0.115
12 29 0.163
12 31 0.181
12 36 0.173
12 37 0.132
12 43 0.179
12 45 0.127
12 46 0.158
12 47 0.201
12 53 0.157
12 66 0.124
12 67 0.134
12 74 0.144
12 75 0.137
12 80 0.166
12 86 0.169
12 94 0.169
12 97 0.145
12 98 0.199
13 15 0.628
13 40 0.782
13 62 0.639
13 53 1
13 67 0.994
13 72 0.182
13 93 0.753
13 55 0.374
13 65 0.335
13 33 0.241
13 81 0.336
13 73 0.751
13 43 0.288
13 54 0.449
13 21 0.222
13 26 0.176
13 30 0.316
13 32 0.085
13 47 0.279
13 52 0.148
13 57 0.132
13 16 0.127
13 27 0.259
13 60 0.195
13 64 0.25
13 70 0.082
13 74 0.143
13 75 0.173
13 87 0.163
13 24 0.299
13 28 0.174
13 34 0.184
13 36 0.28
13 45 0.338
13 66 0.13
13 79 0.359
13 80 0.099
13 83 0.354
13 86 0.157
13 92 0.514
13 97 0.141
13 99 0.166
13 19 0.142
13 23 0.117
13 29 0.144
13 37 0.102
13 38 0.13
13 44 0.153
13 46 0.101
13 48 0.165
13 49 0.167
13 50 0.187
13 51 0.153
13 58 0.138
13 59 0.087
13 63 0.118
13 69 0.147
13 71 0.1
13 77 0.149
13 89 0.163
13 90 0.157
13 91 0.148
13 94 0.147
13 96 0.187
13 98 0.143
14 33 0.673
14 75 1
14 65 0.667
14 73 0.571
14 68 0.737
14 20 0.778
14 70 0.918
14 61 0.649
14 78 0.546
14 43 0.586
14 90 0.26
14 72 0.085
14 52 0.145
14 58 0.111
14 98 0.368
14 21 0.032
14 62 0.137
14 24 0.195
14 27 0.169
14 81 0.275
14 96 0.379
14 17 0.106
14 19 0.153
14 30 0.519
14 38 0.203
14 41 0.135
14 64 0.148
14 76 0.302
14 77 0.262
14 94 0.206
14 95 0.235
14 23 0.121
14 31 0.204
14 39 0.023
14 47 0.033
14 50 0.096
14 51 0.156
14 56 0.152
14 57 0.227
14 67 0.173
14 69 0.214
14 92 0.259
14 16 0.137
14 22 0.18
14 25 0.185
14 26 0.134
14 28 0.158
14 29 0.209
14 34 0.191
14 40 0.113
14 45 0.164
14 49 0.149
14 53 0.12
14 54 0.141
14 55 0.16
14 59 0.176
14 63 0.175
14 66 0.152
14 80 0.093
14 87 0.182
14 91 0.121
14 97 0.19
14 99 0.14
15 55 0.879
15 59 0.813
15 97 1
15 61 0.723
15 40 0.894
15 69 0.658
15 95 0.733
15 68 0.777
15 21 0.095
15 88 0.023
15 19 0.306
15 24 0.36
15 25 0.332
15 83 0.351
15 92 0.256
15 27 0.084
15 33 0.114
15 54 0.129
15 63 0.65
15 72 0.172
15 89 0.029
15 90 0.107
15 22 0.022
15 47 0.216
15 78 0.427
15 96 0.179
15 32 0.009
15 48 0.116
15 56 0.46
15 87 0.12
15 98 0.354
15 99 0.121
15 28 0.143
15 31 0.154
15 34 0.142
15 36 0.171
15 42 0.402
15 43 0.21
15 51 0.328
15 58 0.127
15 60 0.137
15 67 0.055
15 80 0.139
15 91 0.173
15 18 0.15
15 23 0.1
15 35 0.184
15 37 0.115
15 38 0.141
15 46 0.103
15 50 0.119
15 52 0.17
15 57 0.146
15 64 0.152
15 65 0.188
15 79 0.126
15 82 0.149
15 84 0.157
15 85 0.129
15 86 0.141
15 94 0.147
16 43 0.965
16 47 0.937
16 84 0.565
16 61 0.754
16 67 0.7
16 36 0.649
16 87 0.69
16 25 0.487
16 21 0.007
16 41 0.575
16 65 0.43
16 35 0.151
16 69 0.009
16 83 0.261
16 88 0.351
16 22 0.37
16 37 0.188
16 62 0.283
16 78 0.081
16 91 0.133
16 98 0.219
16 24 0.119
16 30 0.176
16 50 0.219
16 73 0.458
16 81 0.295
16 17 0.336
16 42 0.047
16 71 0.266
16 80 0.271
16 89 0.226
16 31 0.308
16 32 0.097
16 38 0.318
16 57 0.207
16 79 0.192
16 82 0.079
16 85 0.044
16 97 0.186
16 20 0.193
16 49 0.064
16 74 0.173
16 75 0.21
16 94 0.077
16 18 0.175
16 19 0.146
16 23 0.148
16 27 0.183
16 29 0.191
16 34 0.133
16 39 0.191
16 40 0.153
16 45 0.172
16 48 0.123
16 54 0.132
16 56 0.109
16 58 0.17
16 60 0.121
16 63 0.168
16 64 0.189
16 66 0.146
16 72 0.077
16 76 0.148
16 77 0.123
16 90 0.128
16 92 0.116
16 96 0.12
17 75 0.972
17 19 0.778
17 40 0.512
17 23 0.776
17 31 0.922
17 99 0.8
17 53 0.792
17 24 0.848
17 71 0.462
17 26 0.774
17 25 0.719
17 28 0.34
17 41 0.035
17 80 0.087
17 89 0.057
17 81 0.394
17 21 0.636
17 45 0.127
17 79 0.136
17 42 0.164
17 61 0.319
17 73 0.062
17 78 0.132
17 96 0.144
17 49 0.026
17 58 0.115
17 59 0.233
17 83 0.072
17 85 0.208
17 92 0.353
17 22 0.405
17 32 0.335
17 38 0.137
17 39 0.12
17 47 0.163
17 55 0.162
17 56 0.115
17 57 0.212
17 60 0.105
17 63 0.152
17 64 0.017
17 66 0.159
17 67 0.158
17 74 0.123
17 84 0.138
17 91 0.176
17 94 0.094
17 95 0.189
17 97 0.298
17 29 0.141
17 30 0.112
17 34 0.081
17 36 0.148
17 44 0.119
17 54 0.193
17 65 0.167
17 88 0.192
17 90 0.151
17 93 0.158
17 98 0.123
18 43 0.871
18 90 0.558
18 54 1
18 80 0.695
18 89 0.786
18 27 0.856
18 87 0.793
18 97 0.37
18 42 0.551
18 92 0.722
18 51 0.146
18 72 0.071
18 29 0.145
18 39 0.588
18 68 0.126
18 69 0.304
18 49 0.738
18 55 0.597
18 62 0.057
18 24 0.308
18 25 0.033
18 35 0.146
18 40 0.193
18 41 0.143
18 44 0.146
18 58 0.135
18 65 0.06
18 71 0.15
18 85 0.1
18 19 0.118
18 52 0.27
18 66 0.042
18 74 0.135
18 77 0.078
18 78 0.233
18 84 0.101
18 21 0.015
18 23 0.22
18 28 0.293
18 31 0.17
18 33 0.257
18 37 0.067
18 45 0.308
18 46 0.158
18 53 0.225
18 61 0.121
18 67 0.132
18 20 0.158
18 22 0.176
18 26 0.175
18 34 0.149
18 47 0.126
18 56 0.139
18 57 0.188
18 63 0.147
18 75 0.21
18 76 0.126
18 82 0.121
18 88 0.17
18 91 0.098
18 93 0.188
18 94 0.138
18 95 0.166
19 58 0.846
19 37 0.915
19 40 0.294
19 50 0.06
19 24 0.549
19 41 0.089
19 71 0.267
19 99 0.125
19 35 0.17
19 70 0.405
19 29 0.291
19 45 0.281
19 87 0.316
19 43 0.072
19 56 0.587
19 82 0.21
19 26 0.073
19 27 0.166
19 30 0.098
19 34 0.089
19 64 0.031
19 76 0.08
19 77 0.003
19 88 0.194
19 32 0.12
19 48 0.15
19 49 0.184
19 84 0.178
19 20 0.079
19 28 0.246
19 38 0.126
19 42 0.358
19 46 0.218
19 51 0.168
19 57 0.147
19 61 0.183
19 62 0.258
19 66 0.149
19 78 0.138
19 79 0.17
19 81 0.143
19 92 0.296
19 93 0.146
19 94 0.082
19 98 0.231
19 23 0.142
19 25 0.138
19 39 0.149
19 47 0.18
19 60 0.16
19 74 0.128
19 75 0.137
19 80 0.191
19 83 0.157
19 90 0.196
19 91 0.14
19 95 0.133
19 97 0.171
20 69 0.903
20 22 0.884
20 24 0.284
20 72 0.139
20 41 0.362
20 80 0.539
20 90 0.186
20 57 0.176
20 70 0.218
20 50 0.614
20 66 0.316
20 83 0.041
20 40 0.125
20 79 0.12
20 85 0.16
20 21 0.118
20 23 0.273
20 25 0.176
20 26 0.144
20 37 0.14
20 38 0.007
20 43 0.062
20 45 0.204
20 46 0.129
20 56 0.161
20 64 0.226
20 67 0.165
20 76 0.041
20 88 0.081
20 99 0.093
20 30 0.276
20 31 0.107
20 36 0.098
20 55 0.167
20 68 0.254
20 75 0.155
20 95 0.164
20 96 0.152
20 29 0.111
20 32 0.078
20 33 0.13
20 42 0.165
20 48 0.119
20 49 0.171
20 53 0.159
20 59 0.146
20 61 0.14
20 78 0.159
20 81 0.171
20 86 0.138
20 87 0.15
20 91 0.082
20 92 0.15
20 97 0.133
20 98 0.138
21 81 0.869
21 96 0.721
21 41 0.825
21 90 0.683
21 25 0.226
21 26 0.1
21 45 0.162
21 76 0.267
21 29 0.33
21 61 0.209
21 75 0.224
21 48 0.153
21 73 0.315
21 77 0.206
21 82 0.441
21 99 0.1
21 40 0.009
21 44 0.182
21 57 0.207
21 68 0.092
21 72 0.265
21 88 0.08
21 89 0.118
21 91 0.245
21 93 0.154
21 94 0.016
21 27 0.189
21 37 0.097
21 42 0.374
21 43 0.101
21 50 0.222
21 53 0.154
21 54 0.268
21 58 0.197
21 67 0.066
21 74 0.123
21 79 0.002
21 83 0.117
21 85 0.119
21 92 0.14
21 98 0.162
21 22 0.151
21 24 0.102
21 28 0.257
21 31 0.139
21 33 0.139
21 34 0.105
21 35 0.142
21 36 0.163
21 38 0.129
21 47 0.112
21 51 0.146
21 52 0.186
21 55 0.15
21 56 0.142
21 59 0.149
21 60 0.122
21 65 0.207
21 69 0.174
21 78 0.118
21 80 0.131
21 86 0.147
21 87 0.187
21 97 0.154
22 54 0.498
22 68 0.82
22 52 0.804
22 56 0.506
22 50 0.581
22 31 0.133
22 79 0.099
22 40 0.474
22 42 0.157
22 45 0.29
22 60 0.369
22 34 0.06
22 69 0.117
22 70 0.134
22 28 0.205
22 35 0.053
22 38 0.021
22 43 0.182
22 88 0.141
22 39 0.044
22 58 0.066
22 62 0.427
22 82 0.092
22 90 0.437
22 27 0.241
22 36 0.115
22 44 0.098
22 65 0.214
22 75 0.107
22 76 0.161
22 96 0.183
22 97 0.193
22 24 0.106
22 25 0.18
22 26 0.127
22 41 0.174
22 46 0.133
22 48 0.124
22 49 0.141
22 53 0.132
22 57 0.171
22 59 0.1
22 64 0.203
22 72 0.146
22 77 0.178
22 78 0.151
22 81 0.195
22 86 0.169
22 91 0.161
22 98 0.16
22 99 0.12
23 40 0.831
23 59 0.605
23 95 0.668
23 84 0.43
23 52 0.42
23 57 0.762
23 78 0.304
23 54 0.237
23 38 0.265
23 41 0.022
23 50 0.227
23 72 0.031
23 83 0.037
23 96 0.168
23 28 0.175
23 35 0.265
23 67 0.055
23 69 0.336
23 81 0.165
23 93 0.184
23 39 0.156
23 49 0.351
23 61 0.137
23 80 0.08
23 92 0.04
23 29 0.172
23 31 0.167
23 33 0.16
23 36 0.165
23 48 0.174
23 60 0.124
23 74 0.176
23 79 0.169
23 88 0.182
23 90 0.068
23 91 0.171
23 94 0.181
23 98 0.385
23 24 0.167
23 25 0.16
23 26 0.15
23 27 0.146
23 30 0.113
23 37 0.139
23 46 0.186
23 47 0.15
23 55 0.169
23 56 0.169
23 62 0.174
23 63 0.148
23 66 0.105
23 70 0.141
23 73 0.155
23 82 0.155
23 85 0.191
23 86 0.197
23 99 0.221
24 65 0.619
24 81 0.874
24 39 0.676
24 94 0.669
24 37 0.933
24 45 0.681
24 56 0.534
24 27 0.163
24 97 0.4
24 67 0.625
24 84 0.739
24 62 0.459
24 71 0.304
24 46 0.195
24 64 0.11
24 44 0.317
24 32 0.249
24 30 0.172
24 43 0.245
24 47 0.355
24 49 0.001
24 66 0.489
24 69 0.069
24 82 0.155
24 92 0.484
24 25 0.158
24 33 0.089
24 58 0.069
24 68 0.167
24 78 0.135
24 34 0.096
24 35 0.078
24 41 0.201
24 50 0.046
24 53 0.142
24 59 0.064
24 63 0.222
24 75 0.196
24 76 0.154
24 85 0.145
24 87 0.046
24 88 0.204
24 90 0.138
24 93 0.183
24 95 0.174
24 96 0.229
24 31 0.113
24 36 0.147
24 42 0.198
24 51 0.128
24 52 0.217
24 54 0.19
24 55 0.214
24 70 0.165
24 72 0.144
24 73 0.121
24 79 0.144
24 89 0.132
24 91 0.101
25 92 0.93
25 45 1
25 60 1
25 59 0.762
25 93 0.813
25 65 0.421
25 61 0.388
25 68 0.304
25 78 0.286
25 88 0.009
25 89 0.056
25 33 0.057
25 37 0.001
25 49 0.173
25 62 0.25
25 79 0.039
25 34 0.075
25 39 0.168
25 53 0.1
25 63 0.307
25 86 0.176
25 87 0.075
25 94 0.147
25 26 0.268
25 30 0.109
25 36 0.064
25 50 0.39
25 51 0.2
25 77 0.179
25 83 0.098
25 28 0.103
25 32 0.123
25 48 0.122
25 54 0.055
25 55 0.155
25 58 0.098
25 64 0.209
25 67 0.334
25 72 0.214
25 85 0.18
25 90 0.013
25 95 0.017
25 97 0.11
25 99 0.146
25 27 0.147
25 31 0.156
25 35 0.211
25 42 0.119
25 46 0.176
25 66 0.128
25 70 0.161
25 71 0.163
25 76 0.106
25 82 0.123
25 91 0.189
25 96 0.147
25 98 0.214
26 51 0.559
26 46 0.823
26 35 0.378
26 76 0.77
26 60 1
26 61 0.681
26 29 0.887
26 95 0.244
26 41 0.679
26 89 0.629
26 64 0.032
26 28 0.467
26 49 0.281
26 90 0.148
26 91 0.184
26 83 0.309
26 88 0.024
26 45 0.039
26 54 0.078
26 59 0.214
26 92 0.228
26 27 0.063
26 38 0.083
26 39 0.254
26 47 0.178
26 55 0.265
26 58 0.045
26 67 0.122
26 72 0.084
26 93 0.15
26 96 0.306
26 99 0.141
26 31 0.125
26 44 0.153
26 53 0.164
26 57 0.111
26 62 0.117
26 66 0.131
26 30 0.213
26 32 0.171
26 33 0.159
26 37 0.193
26 42 0.139
26 43 0.102
26 50 0.153
26 56 0.116
26 63 0.149
26 69 0.159
26 73 0.179
26 79 0.183
26 84 0.144
26 85 0.132
26 86 0.185
26 87 0.189
27 51 0.816
27 84 1
27 29 0.894
27 48 0.84
27 91 0.859
27 85 0.546
27 42 0.641
27 52 0.494
27 75 0.361
27 40 0.735
27 63 0.665
27 33 0.703
27 37 0.278
27 45 0.02
27 44 0.131
27 94 0.075
27 96 0.243
27 43 0.22
27 70 0.224
27 79 0.198
27 34 0.252
27 54 0.171
27 65 0.056
27 68 0.249
27 77 0.194
27 35 0.167
27 46 0.139
27 66 0.197
27 71 0.256
27 86 0.176
27 89 0.095
27 95 0.183
27 97 0.184
27 30 0.13
27 38 0.165
27 39 0.084
27 41 0.161
27 59 0.135
27 60 0.184
27 62 0.142
27 64 0.174
27 69 0.143
27 73 0.171
27 74 0.159
27 76 0.144
27 80 0.171
27 82 0.156
27 87 0.126
27 90 0.165
27 92 0.15
27 93 0.136
27 99 0.119
28 39 0.687
28 71 0.996
28 59 0.926
28 87 0.856
28 73 0.714
28 89 0.598
28 77 0.719
28 75 0.49
28 44 0.638
28 48 0.564
28 80 0.515
28 49 0.164
28 56 0.222
28 72 0.425
28 83 0.186
28 84 0.144
28 41 0.146
28 51 0.143
28 57 0.165
28 63 0.138
28 94 0.217
28 95 0.206
28 97 0.133
28 29 0.074
28 36 0.273
28 37 0.078
28 42 0.05
28 70 0.16
28 33 0.148
28 55 0.216
28 60 0.204
28 61 0.191
28 64 0.002
28 78 0.13
28 82 0.251
28 86 0.163
28 90 0.197
28 30 0.16
28 35 0.151
28 38 0.162
28 40 0.161
28 43 0.141
28 45 0.131
28 46 0.114
28 52 0.123
28 58 0.131
28 67 0.169
28 68 0.165
28 69 0.175
28 74 0.183
28 76 0.192
28 79 0.128
28 81 0.128
28 88 0.15
28 91 0.13
28 93 0.136
28 96 0.144
28 98 0.122
29 96 1
29 69 0.871
29 84 0.5
29 91 0.711
29 67 1
29 98 0.468
29 76 0.805
29 50 0.708
29 52 0.622
29 72 0.386
29 49 0.245
29 54 0.201
29 62 0.152
29 86 0.321
29 31 0.369
29 40 0.028
29 60 0.314
29 78 0.283
29 83 0.185
29 94 0.209
29 47 0.054
29 68 0.186
29 71 0.106
29 80 0.335
29 99 0.103
29 44 0.04
29 58 0.092
29 59 0.206
29 61 0.111
29 73 0.249
29 82 0.122
29 33 0.155
29 38 0.1
29 45 0.188
29 48 0.158
29 75 0.151
29 81 0.125
29 87 0.196
29 88 0.24
29 93 0.23
29 34 0.169
29 42 0.132
29 43 0.151
29 53 0.207
29 55 0.185
29 57 0.14
29 64 0.177
29 65 0.222
29 70 0.143
29 74 0.133
29 77 0.128
29 79 0.122
29 89 0.138
29 90 0.139
29 92 0.112
29 95 0.192
30 69 0.67
30 84 0.776
30 58 0.746
30 54 0.994
30 86 0.988
30 46 0.722
30 38 0.488
30 44 0.018
30 91 0.058
30 65 0.33
30 53 0.339
30 72 0.272
30 43 0.257
30 48 0.441
30 83 0.313
30 31 0.606
30 55 0.036
30 39 0.184
30 49 0.228
30 50 0.24
30 73 0.005
30 94 0.409
30 97 0.249
30 35 0.238
30 36 0.104
30 42 0.215
30 52 0.108
30 56 0.172
30 61 0.16
30 70 0.073
30 96 0.121
30 33 0.191
30 37 0.097
30 40 0.162
30 64 0.158
30 71 0.152
30 75 0.165
30 77 0.251
30 95 0.161
30 99 0.143
30 34 0.108
30 41 0.118
30 45 0.136
30 51 0.184
30 57 0.115
30 60 0.152
30 63 0.203
30 66 0.204
30 68 0.164
30 76 0.174
30 79 0.133
30 80 0.137
30 87 0.177
30 90 0.136
30 92 0.091
31 54 0.641
31 84 0.611
31 75 0.874
31 78 1
31 62 0.678
31 35 0.541
31 59 0.548
31 95 0.253
31 50 0.175
31 32 0.196
31 61 0.209
31 66 0.363
31 40 0.116
31 42 0.011
31 82 0.207
31 60 0.118
31 81 0.167
31 83 0.193
31 43 0.162
31 46 0.155
31 56 0.166
31 72 0.16
31 74 0.137
31 77 0.162
31 87 0.056
31 90 0.174
31 92 0.165
31 98 0.011
31 36 0.145
31 44 0.155
31 45 0.131
31 48 0.167
31 52 0.179
31 58 0.158
31 67 0.19
31 69 0.186
31 71 0.206
31 73 0.149
31 76 0.102
31 79 0.145
31 80 0.184
31 88 0.159
31 89 0.151
31 91 0.162
31 94 0.177
32 74 0.907
32 73 1
32 58 0.805
32 99 0.639
32 89 0.749
32 70 0.4
32 44 0.988
32 49 0.803
32 82 0.299
32 83 0.3
32 40 0.314
32 54 0.669
32 94 0.101
32 60 0.003
32 81 0.197
32 87 0.179
32 90 0.365
32 35 0.207
32 64 0.091
32 67 0.206
32 85 0.221
32 88 0.12
32 92 0.286
32 96 0.249
32 33 0.083
32 36 0.014
32 38 0.276
32 43 0.218
32 45 0.085
32 52 0.031
32 57 0.203
32 63 0.159
32 68 0.119
32 71 0.15
32 78 0.053
32 42 0.153
32 48 0.166
32 51 0.194
32 39 0.153
32 41 0.2
32 46 0.138
32 55 0.148
32 59 0.086
32 65 0.15
32 75 0.178
32 79 0.161
32 80 0.136
32 86 0.114
32 95 0.171
32 97 0.171
33 61 0.996
33 52 0.801
33 80 0.12
33 79 0.556
33 70 0.198
33 57 0.158
33 64 0.185
33 81 0.414
33 77 0.478
33 38 0.215
33 59 0.271
33 67 0.076
33 97 0.566
33 99 0.347
33 43 0.194
33 48 0.405
33 73 0.345
33 93 0.279
33 37 0.151
33 45 0.197
33 46 0.118
33 47 0.161
33 50 0.067
33 53 0.171
33 74 0.176
33 84 0.058
33 96 0.176
33 98 0.154
33 34 0.151
33 35 0.089
33 40 0.183
33 44 0.14
33 54 0.197
33 63 0.151
33 66 0.117
33 68 0.151
33 69 0.159
33 71 0.169
33 75 0.139
33 76 0.101
33 85 0.116
33 86 0.102
33 87 0.113
33 91 0.195
33 92 0.172
33 94 0.202
34 81 0.692
34 61 1
34 80 0.724
34 94 0.656
34 66 0.668
34 64 0.786
34 67 0.913
34 65 0.92
34 41 0.599
34 40 0.841
34 72 0.369
34 98 0.189
34 35 0.231
34 96 0.132
34 78 0.518
34 97 0.025
34 69 0.263
34 73 0.132
34 95 0.121
34 43 0.226
34 52 0.061
34 57 0.394
34 60 0.104
34 71 0.151
34 75 0.143
34 85 0.431
34 36 0.221
34 37 0.147
34 39 0.151
34 45 0.195
34 47 0.177
34 48 0.156
34 53 0.131
34 54 0.137
34 58 0.209
34 68 0.135
34 70 0.064
34 76 0.159
34 82 0.168
34 87 0.153
34 92 0.017
34 49 0.165
34 50 0.143
34 59 0.156
34 63 0.105
34 74 0.125
34 77 0.111
34 83 0.23
34 84 0.134
34 86 0.175
34 89 0.189
34 91 0.126
34 93 0.167
35 66 1
35 56 0.781
35 53 0.714
35 77 0.739
35 73 0.957
35 64 0.778
35 49 0.25
35 54 0.675
35 37 0.72
35 42 0.15
35 52 0.275
35 93 0.404
35 94 0.284
35 97 0.174
35 62 0.124
35 79 0.143
35 96 0.252
35 41 0.132
35 59 0.179
35 61 0.193
35 78 0.003
35 86 0.129
35 87 0.173
35 58 0.315
35 68 0.212
35 82 0.288
35 39 0.098
35 48 0.018
35 50 0.367
35 55 0.17
35 67 0.171
35 69 0.118
35 72 0.023
35 98 0.23
35 38 0.144
35 71 0.157
35 76 0.141
35 47 0.084
35 60 0.162
35 63 0.127
35 70 0.22
35 81 0.151
35 83 0.174
35 85 0.124
35 90 0.133
35 95 0.169
36 69 0.596
36 85 0.763
36 96 0.883
36 51 0.568
36 72 0.854
36 90 0.786
36 78 0.709
36 79 0.247
36 45 0.148
36 62 0.556
36 70 0.479
36 59 0.375
36 80 0.335
36 99 0.083
36 39 0.189
36 41 0.01
36 47 0.479
36 55 0.128
36 63 0.182
36 67 0.166
36 89 0.266
36 44 0.108
36 50 0.043
36 52 0.174
36 56 0.329
36 57 0.501
36 61 0.172
36 74 0.17
36 77 0.379
36 82 0.234
36 92 0.181
36 40 0.199
36 42 0.121
36 43 0.158
36 53 0.085
36 65 0.362
36 91 0.136
36 93 0.073
36 38 0.189
36 48 0.169
36 54 0.167
36 58 0.117
36 64 0.16
36 66 0.186
36 76 0.151
36 81 0.143
36 86 0.19
36 87 0.145
36 94 0.14
37 89 0.685
37 73 1
37 38 0.73
37 93 0.846
37 88 0.72
37 55 0.664
37 58 0.89
37 72 0.258
37 40 0.097
37 60 0.117
37 85 0.246
37 42 0.227
37 63 0.136
37 79 0.354
37 47 0.104
37 71 0.044
37 82 0.114
37 94 0.16
37 43 0.154
37 48 0.244
37 51 0.069
37 61 0.201
37 80 0.003
37 83 0.164
37 86 0.171
37 87 0.112
37 98 0.127
37 44 0.168
37 45 0.165
37 50 0.111
37 54 0.128
37 56 0.177
37 57 0.171
37 59 0.131
37 65 0.123
37 66 0.152
37 74 0.174
37 75 0.168
37 81 0.129
37 84 0.159
37 91 0.147
37 92 0.148
37 99 0.132
38 76 1
38 62 0.847
38 98 1
38 84 0.928
38 92 0.723
38 60 0.88
38 63 1
38 81 0.674
38 58 0.331
38 68 0.393
38 39 0.33
38 73 0.144
38 79 0.739
38 90 0.179
38 51 0.24
38 67 0.086
38 50 0.317
38 53 0.155
38 54 0.268
38 82 0.266
38 97 0.04
38 46 0.036
38 47 0.022
38 55 0.149
38 57 0.1
38 77 0.295
38 41 0.295
38 43 0.051
38 61 0.169
38 66 0.191
38 86 0.199
38 88 0.122
38 91 0.166
38 93 0.002
38 94 0.132
38 95 0.16
38 99 0.13
38 40 0.2
38 44 0.153
38 59 0.207
38 65 0.143
38 70 0.18
38 71 0.186
38 74 0.151
38 80 0.155
38 89 0.15
39 88 0.371
39 98 0.892
39 65 0.924
39 86 1
39 76 0.702
39 69 0.955
39 99 1
39 70 0.755
39 72 0.239
39 71 0.094
39 66 0.007
39 48 0.395
39 45 0.053
39 56 0.238
39 61 0.054
39 74 0.09
39 82 0.279
39 60 0.024
39 96 0.145
39 41 0.183
39 51 0.153
39 52 0.179
39 53 0.316
39 58 0.145
39 77 0.284
39 79 0.116
39 84 0.162
39 85 0.298
39 44 0.153
39 46 0.193
39 49 0.179
39 55 0.148
39 57 0.194
39 59 0.163
39 62 0.182
39 67 0.2
39 87 0.187
39 89 0.102
39 93 0.177
39 94 0.16
39 95 0.129
40 73 0.716
40 99 0.645
40 89 0.588
40 43 0.51
40 53 0.126
40 42 0.322
40 47 0.63
40 59 0.158
40 72 0.239
40 85 0.211
40 86 0.089
40 93 0.236
40 55 0.013
40 70 0.449
40 78 0.092
40 54 0.261
40 71 0.192
40 83 0.174
40 90 0.081
40 45 0.352
40 77 0.24
40 91 0.016
40 94 0.125
40 96 0.316
40 41 0.237
40 46 0.112
40 48 0.153
40 50 0.147
40 61 0.334
40 75 0.219
40 82 0.319
40 84 0.117
40 51 0.095
40 57 0.128
40 58 0.151
40 63 0.132
40 64 0.163
40 66 0.158
40 79 0.153
40 88 0.097
40 98 0.206
41 76 0.919
41 91 0.265
41 73 0.587
41 72 0.968
41 70 0.77
41 89 0.487
41 47 0.86
41 63 0.247
41 84 0.092
41 87 0.229
41 54 0.271
41 69 0.097
41 78 0.265
41 95 0.191
41 42 0.018
41 43 0.158
41 48 0.313
41 56 0.232
41 88 0.313
41 92 0.099
41 93 0.282
41 99 0.029
41 50 0.316
41 53 0.1
41 58 0.043
41 61 0.14
41 64 0.174
41 67 0.159
41 75 0.152
41 80 0.189
41 83 0.087
41 44 0.329
41 55 0.41
41 57 0.235
41 60 0.143
41 68 0.151
41 94 0.134
41 97 0.154
41 46 0.14
41 49 0.124
41 51 0.155
41 59 0.167
41 62 0.15
41 65 0.137
41 66 0.18
41 77 0.196
41 79 0.124
41 85 0.181
41 86 0.157
41 96 0.137
41 98 0.163
42 55 0.836
42 85 0.806
42 56 1
42 94 0.546
42 48 0.402
42 70 0.381
42 83 0.331
42 52 0.264
42 57 0.149
42 66 0.212
42 76 0.552
42 60 0.1
42 64 0.108
42 72 0.149
42 86 0.269
42 90 0.156
42 63 0.286
42 68 0.299
42 78 0.159
42 44 0.127
42 50 0.098
42 58 0.134
42 65 0.188
42 75 0.218
42 88 0.263
42 91 0.122
42 95 0.242
42 97 0.137
42 47 0.146
42 62 0.147
42 81 0.131
42 82 0.158
42 84 0.203
42 87 0.149
42 89 0.143
42 93 0.134
42 99 0.143
43 91 0.731
43 53 0.655
43 59 0.998
43 90 0.814
43 87 0.834
43 92 0.86
43 61 1
43 49 0.994
43 79 0.597
43 72 0.47
43 78 0.181
43 94 0.233
43 46 0.062
43 47 0.3
43 56 0.461
43 58 0.533
43 60 0.188
43 66 0.418
43 71 0.362
43 76 0.249
43 95 0.196
43 44 0.186
43 57 0.201
43 70 0.161
43 73 0.416
43 45 0.083
43 54 0.124
43 55 0.113
43 64 0.378
43 68 0.16
43 86 0.255
43 93 0.078
43 51 0.088
43 62 0.137
43 65 0.199
43 69 0.126
43 80 0.127
43 81 0.177
43 83 0.178
43 96 0.16
43 98 0.121
44 50 0.656
44 96 0.753
44 67 0.647
44 76 0.727
44 45 0.706
44 74 0.894
44 78 0.652
44 92 0.532
44 69 0.395
44 49 0.326
44 85 0.151
44 79 0.161
44 81 0.26
44 73 0.215
44 60 0.074
44 86 0.066
44 89 0.453
44 98 0.269
44 59 0.108
44 64 0.273
44 84 0.059
44 93 0.101
44 57 0.187
44 62 0.233
44 65 0.088
44 71 0.277
44 94 0.15
44 95 0.264
44 52 0.37
44 61 0.202
44 66 0.123
44 72 0.224
44 82 0.069
44 83 0.288
44 87 0.15
44 90 0.15
44 97 0.138
44 47 0.11
44 48 0.179
44 53 0.113
44 58 0.16
44 68 0.208
44 88 0.101
44 91 0.199
44 99 0.201
45 91 0.449
45 64 0.999
45 80 0.931
45 87 0.908
45 60 1
45 70 0.854
45 48 0.666
45 98 0.22
45 49 0.348
45 74 0.435
45 81 0.237
45 78 0.192
45 88 0.202
45 51 0.059
45 71 0.127
45 83 0.084
45 50 0.161
45 54 0.147
45 55 0.126
45 56 0.157
45 59 0.191
45 66 0.086
45 67 0.096
45 72 0.137
45 73 0.264
45 95 0.151
45 97 0.182
45 99 0.165
45 53 0.096
45 62 0.13
45 63 0.126
45 65 0.143
45 69 0.179
45 76 0.166
45 79 0.115
45 85 0.134
45 86 0.141
45 90 0.14
45 92 0.156
45 94 0.194
45 96 0.154
46 64 0.637
46 80 0.636
46 49 0.529
46 98 0.866
46 71 0.775
46 94 0.687
46 77 0.312
46 95 0.138
46 76 0.074
46 78 0.562
46 84 0.031
46 85 0.15
46 48 0.137
46 87 0.135
46 51 0.135
46 54 0.163
46 59 0.109
46 65 0.151
46 74 0.15
46 47 0.134
46 57 0.177
46 58 0.3
46 62 0.204
46 66 0.075
46 70 0.294
46 92 0.128
46 96 0.185
46 50 0.152
46 53 0.174
46 56 0.117
46 60 0.155
46 67 0.221
46 68 0.127
46 69 0.156
46 72 0.115
46 73 0.158
46 75 0.16
46 79 0.108
46 81 0.112
46 82 0.132
46 89 0.121
46 91 0.101
46 93 0.16
46 99 0.066
47 66 0.973
47 65 0.197
47 92 0.093
47 78 0.079
47 84 0.435
47 96 0.506
47 60 0.149
47 80 0.277
47 85 0.271
47 91 0.103
47 93 0.269
47 50 0.164
47 82 0.245
47 87 0.204
47 64 0.213
47 79 0.138
47 89 0.128
47 98 0.21
47 55 0.182
47 59 0.144
47 61 0.212
47 67 0.138
47 73 0.167
47 74 0.219
47 75 0.182
47 94 0.169
47 97 0.189
47 51 0.113
47 52 0.133
47 54 0.158
47 58 0.121
47 62 0.136
47 63 0.205
47 68 0.158
47 69 0.232
47 76 0.129
47 81 0.147
48 98 0.764
48 97 1
48 79 0.856
48 84 1
48 73 0.775
48 56 0.646
48 69 0.301
48 54 0.5
48 75 0.334
48 67 0.185
48 99 0.27
48 49 0.397
48 55 0.217
48 72 0.105
48 88 0.246
48 77 0.143
48 80 0.175
48 81 0.138
48 53 0.15
48 62 0.19
48 70 0.155
48 85 0.142
48 94 0.238
48 51 0.085
48 57 0.101
48 59 0.158
48 60 0.172
48 61 0.117
48 64 0.191
48 78 0.203
48 89 0.134
48 91 0.149
48 92 0.112
48 93 0.131
48 95 0.176
49 51 0.584
49 69 0.653
49 96 0.782
49 70 0.337
49 72 0.599
49 75 0.306
49 91 0.295
49 60 0.298
49 68 0.095
49 62 0.281
49 84 0.033
49 59 0.325
49 63 0.303
49 73 0.018
49 98 0.037
49 65 0.175
49 79 0.177
49 97 0.091
49 54 0.17
49 76 0.047
49 77 0.179
49 80 0.079
49 82 0.173
49 92 0.096
49 93 0.238
49 95 0.121
49 52 0.159
49 55 0.113
49 56 0.164
49 57 0.21
49 61 0.159
49 64 0.138
49 74 0.198
49 81 0.096
49 88 0.18
49 89 0.178
49 94 0.118
49 99 0.141
50 94 0.857
50 60 1
50 63 0.924
50 58 1
50 70 0.499
50 85 0.54
50 89 0.576
50 99 0.257
50 53 0.298
50 74 0.113
50 76 0.281
50 83 0.207
50 91 0.378
50 51 0.304
50 62 0.218
50 61 0.133
50 67 0.244
50 71 0.098
50 77 0.37
50 84 0.188
50 96 0.203
50 57 0.251
50 59 0.11
50 65 0.125
50 66 0.147
50 73 0.121
50 80 0.132
50 82 0.226
50 86 0.132
50 92 0.2
50 69 0.142
50 72 0.223
50 87 0.148
50 88 0.158
50 90 0.137
50 93 0.162
51 95 0.594
51 84 0.547
51 89 0.183
51 96 0.241
51 54 0.052
51 87 0.147
51 57 0.233
51 68 0.263
51 76 0.066
51 77 0.233
51 78 0.251
51 55 0.218
51 56 0.204
51 71 0.165
51 74 0.078
51 91 0.2
51 61 0.145
51 66 0.419
51 75 0.419
51 99 0.25
51 59 0.106
51 70 0.135
51 72 0.162
51 52 0.135
51 58 0.149
51 60 0.164
51 62 0.177
51 63 0.126
51 73 0.202
51 80 0.178
51 81 0.162
51 83 0.153
51 85 0.14
51 86 0.13
51 90 0.143
51 97 0.121
51 98 0.18
52 89 1
52 74 0.785
52 66 0.961
52 96 1
52 90 0.696
52 95 0.52
52 78 0.147
52 64 0.158
52 69 0.178
52 97 0.362
52 56 0.072
52 76 0.225
52 70 0.135
52 85 0.407
52 92 0.096
52 93 0.129
52 53 0.164
52 55 0.187
52 61 0.288
52 65 0.038
52 67 0.131
52 71 0.088
52 75 0.169
52 83 0.183
52 98 0.105
52 57 0.102
52 58 0.133
52 73 0.214
52 77 0.116
52 79 0.213
52 81 0.139
52 82 0.153
52 84 0.151
52 87 0.155
52 99 0.172
53 59 0.675
53 57 0.762
53 66 0.728
53 63 0.027
53 89 0.306
53 90 0.21
53 95 0.181
53 56 0.155
53 60 0.15
53 69 0.354
53 70 0.17
53 94 0.265
53 96 0.128
53 55 0.034
53 71 0.354
53 91 0.242
53 97 0.141
53 75 0.34
53 82 0.105
53 84 0.161
53 87 0.143
53 58 0.178
53 62 0.164
53 64 0.163
53 65 0.102
53 73 0.149
53 76 0.203
53 78 0.156
53 79 0.198
53 83 0.159
53 85 0.216
53 98 0.169
54 70 1
54 72 0.211
54 68 0.634
54 90 0.552
54 69 0.43
54 88 0.133
54 58 0.048
54 96 0.053
54 71 0.091
54 92 0.421
54 94 0.227
54 59 0.192
54 60 0.317
54 74 0.252
54 81 0.285
54 89 0.191
54 99 0.083
54 55 0.114
54 62 0.174
54 76 0.145
54 77 0.32
54 79 0.144
54 86 0.14
54 91 0.003
54 57 0.135
54 61 0.137
54 63 0.172
54 64 0.141
54 65 0.189
54 66 0.17
54 73 0.205
54 75 0.182
54 78 0.108
54 80 0.157
54 82 0.128
54 97 0.127
54 98 0.166
55 76 0.559
55 82 0.898
55 89 0.579
55 78 0.791
55 99 0.771
55 60 0.918
55 79 0.313
55 68 0.077
55 94 0.395
55 57 0.123
55 58 0.302
55 63 0.211
55 65 0.3
55 81 0.188
55 83 0.156
55 96 0.011
55 59 0.069
55 74 0.136
55 86 0.206
55 91 0.203
55 64 0.144
55 72 0.232
55 75 0.145
55 77 0.187
55 95 0.215
55 61 0.147
55 69 0.146
55 73 0.155
55 80 0.107
55 84 0.162
55 85 0.08
55 87 0.125
56 93 0.991
56 95 0.519
56 97 0.744
56 89 0.249
56 61 0.265
56 68 0.104
56 63 0.403
56 57 0.188
56 58 0.075
56 79 0.342
56 96 0.277
56 60 0.183
56 70 0.2
56 72 0.19
56 74 0.128
56 80 0.153
56 86 0.044
56 91 0.12
56 92 0.293
56 84 0.183
56 90 0.154
56 59 0.187
56 64 0.129
56 65 0.167
56 67 0.094
56 75 0.123
56 76 0.182
56 77 0.174
56 78 0.155
56 81 0.164
56 85 0.144
56 94 0.175
56 99 0.127
57 77 0.652
57 80 0.267
57 60 0.748
57 74 0.183
57 72 0.2
57 76 0.246
57 65 0.149
57 66 0.155
57 79 0.142
57 96 0.046
57 99 0.218
57 61 0.107
57 67 0.174
57 71 0.167
57 75 0.153
57 78 0.131
57 82 0.377
57 85 0.202
57 88 0.08
57 97 0.175
57 63 0.16
57 68 0.154
57 70 0.163
57 73 0.166
57 81 0.127
57 83 0.139
57 86 0.168
57 89 0.144
57 91 0.141
57 94 0.162
57 98 0.217
58 96 1
58 72 0.786
58 67 0.926
58 62 0.096
58 97 0.244
58 73 0.124
58 66 0.14
58 99 0.23
58 68 0.156
58 87 0.194
58 71 0.076
58 60 0.145
58 70 0.373
58 78 0.245
58 63 0.116
58 65 0.155
58 76 0.157
58 83 0.099
58 84 0.303
58 85 0.176
58 86 0.073
58 95 0.059
58 98 0.103
58 61 0.175
58 69 0.178
58 80 0.193
58 91 0.163
58 93 0.145
58 94 0.13
59 65 0.557
59 96 0.913
59 60 0.85
59 85 0.443
59 79 0.822
59 61 0.654
59 63 0.879
59 66 0.295
59 93 0.117
59 95 0.022
59 84 0.176
59 62 0.035
59 74 0.053
59 71 0.517
59 86 0.332
59 88 0.343
59 75 0.124
59 98 0.148
59 69 0.244
59 73 0.104
59 77 0.122
59 78 0.161
59 80 0.139
59 91 0.166
59 92 0.281
59 94 0.06
59 64 0.11
59 70 0.149
59 83 0.117
59 89 0.139
59 90 0.155
59 97 0.099
59 99 0.187
60 75 0.837
60 90 0.594
60 84 0.326
60 82 0.943
60 77 0.964
60 78 0.926
60 97 0.203
60 98 0.045
60 71 0.072
60 83 0.174
60 99 0.346
60 69 0.24
60 89 0.11
60 64 0.158
60 65 0.219
60 72 0.144
60 73 0.15
60 74 0.126
60 79 0.154
60 93 0.094
60 95 0.092
60 66 0.031
60 80 0.106
60 61 0.133
60 68 0.089
60 70 0.148
60 76 0.157
60 86 0.1
60 91 0.161
61 72 0.409
61 97 0.858
61 95 0.703
61 65 0.673
61 87 0.617
61 62 0.557
61 73 0.539
61 77 0.219
61 63 0.455
61 74 0.025
61 78 0.08
61 98 0.188
61 64 0.245
61 67 0.011
61 79 0.258
61 84 0.054
61 76 0.212
61 80 0.143
61 88 0.14
61 69 0.162
61 82 0.186
61 83 0.164
61 90 0.16
61 93 0.145
62 66 0.797
62 79 0.64
62 82 0.934
62 83 0.04
62 97 0.121
62 72 0.117
62 91 0.143
62 93 0.081
62 85 0.035
62 63 0.032
62 67 0.162
62 69 0.235
62 70 0.246
62 74 0.157
62 76 0.23
62 89 0.05
62 90 0.286
62 65 0.144
62 68 0.112
62 78 0.116
62 80 0.179
62 84 0.174
62 87 0.096
62 92 0.187
62 94 0.192
63 81 0.935
63 71 0.576
63 93 1
63 80 0.508
63 76 0.285
63 84 0.066
63 65 0.04
63 96 0.118
63 68 0.147
63 70 0.123
63 72 0.253
63 78 0.252
63 79 0.047
63 91 0.164
63 98 0.27
63 99 0.191
63 82 0.15
63 67 0.159
63 69 0.187
63 83 0.19
63 85 0.151
63 86 0.131
63 88 0.161
63 90 0.155
63 92 0.179
63 94 0.158
63 97 0.205
64 82 0.993
64 93 0.892
64 68 0.653
64 79 0.73
64 91 0.278
64 85 0.097
64 90 0.084
64 98 0.085
64 78 0.251
64 70 0.151
64 75 0.139
64 86 0.161
64 88 0.183
64 89 0.022
64 95 0.189
64 97 0.081
64 65 0.095
64 66 0.158
64 67 0.138
64 73 0.163
64 74 0.157
64 77 0.147
64 80 0.138
64 84 0.164
65 90 0.896
65 71 0.794
65 99 0.619
65 80 0.57
65 76 0.317
65 98 0.147
65 73 0.039
65 84 0.611
65 77 0.232
65 91 0.124
65 92 0.177
65 74 0.147
65 93 0.185
65 97 0.585
65 66 0.027
65 70 0.086
65 87 0.112
65 88 0.373
65 75 0.133
65 78 0.006
65 83 0.154
65 95 0.137
65 96 0.145
65 68 0.171
65 81 0.165
65 94 0.136
66 90 0.775
66 86 0.694
66 71 0.878
66 92 0.096
66 79 0.628
66 94 0.27
66 69 0.203
66 70 0.163
66 85 0.013
66 67 0.192
66 74 0.043
66 83 0.203
66 93 0.078
66 72 0.178
66 76 0.258
66 80 0.131
66 81 0.038
66 82 0.18
66 88 0.088
66 89 0.096
66 97 0.144
66 84 0.156
66 91 0.127
66 95 0.186
66 96 0.135
66 98 0.175
66 99 0.177
67 72 0.749
67 80 0.226
67 83 0.121
67 84 0.271
67 87 0.13
67 86 0.12
67 68 0.07
67 94 0.162
67 95 0.049
67 97 0.196
67 98 0.35
67 71 0.082
67 75 0.143
67 78 0.141
67 92 0.13
67 93 0.267
67 69 0.171
67 70 0.141
67 79 0.115
67 81 0.151
67 99 0.204
68 93 0.775
68 85 0.79
68 78 0.075
68 70 0.133
68 71 0.055
68 95 0.042
68 76 0.103
68 83 0.163
68 84 0.37
68 79 0.118
68 89 0.184
68 91 0.117
68 69 0.144
68 74 0.272
68 82 0.155
68 86 0.154
68 98 0.245
68 72 0.215
68 73 0.152
68 77 0.161
68 80 0.11
68 87 0.171
68 92 0.17
69 89 0.74
69 82 0.594
69 76 0.553
69 96 0.15
69 70 0.371
69 79 0.123
69 88 0.129
69 95 0.324
69 84 0.136
69 77 0.132
69 83 0.184
69 86 0.091
69 87 0.166
69 93 0.116
69 94 0.147
69 97 0.151
69 98 0.193
69 73 0.183
69 74 0.106
69 80 0.131
69 81 0.121
69 91 0.12
69 92 0.125
69 99 0.151
70 95 1
70 80 1
70 79 0.932
70 88 0.774
70 85 0.236
70 74 0.322
70 91 0.619
70 75 0.453
70 73 0.28
70 72 0.126
70 81 0.224
70 86 0.196
70 89 0.179
70 97 0.137
70 98 0.19
70 71 0.173
70 76 0.183
70 78 0.108
70 84 0.117
70 90 0.139
70 93 0.138
70 96 0.165
70 99 0.146
71 98 1
71 82 0.792
71 87 0.176
71 88 0.715
71 92 0.269
71 76 0.289
71 84 0.069
71 85 0.175
71 94 0.074
71 96 0.454
71 77 0.338
71 79 0.152
71 90 0.162
71 97 0.129
71 99 0.237
71 72 0.115
71 73 0.182
71 74 0.142
71 81 0.13
71 86 0.187
71 93 0.116
71 95 0.158
72 82 1
72 85 1
72 94 0.692
72 93 0.45
72 91 0.053
72 77 0.17
72 81 0.233
72 73 0.122
72 80 0.166
72 86 0.207
72 90 0.161
72 99 0.151
72 74 0.151
72 76 0.133
72 78 0.199
72 84 0.175
72 87 0.11
72 92 0.14
72 95 0.173
72 97 0.15
73 94 0.747
73 80 0.912
73 93 0.842
73 87 0.633
73 82 0.93
73 76 0.202
73 75 0.178
73 91 0.453
73 88 0.245
73 89 0.177
73 97 0.016
73 81 0.147
73 95 0.106
73 83 0.13
73 90 0.005
73 74 0.129
73 78 0.153
73 84 0.159
73 96 0.152
73 98 0.133
73 99 0.1
74 83 0.511
74 95 0.265
74 79 0.513
74 85 0.481
74 93 0.217
74 82 0.216
74 77 0.017
74 99 0.113
74 75 0.137
74 89 0.201
74 76 0.019
74 81 0.063
74 88 0.144
74 94 0.057
74 80 0.095
74 92 0.218
74 98 0.124
74 78 0.162
74 86 0.136
74 90 0.16
74 91 0.113
74 97 0.191
75 77 0.543
75 87 1
75 96 0.399
75 88 0.467
75 78 0.213
75 79 0.097
75 76 0.262
75 97 0.247
75 85 0.248
75 92 0.137
75 98 0.207
75 81 0.09
75 86 0.136
75 91 0.176
75 93 0.211
75 99 0.111
76 99 0.547
76 91 0.714
76 93 0.942
76 88 0.34
76 83 0.26
76 95 0.527
76 84 0.414
76 81 0.126
76 90 0.484
76 77 0.15
76 78 0.104
76 85 0.155
76 94 0.101
76 98 0.328
76 80 0.162
76 86 0.153
76 89 0.207
76 96 0.139
77 78 0.797
77 88 0.589
77 90 0.968
77 89 0.95
77 83 0.467
77 84 0.625
77 80 0.062
77 79 0.331
77 94 0.188
77 99 0.24
77 97 0.29
77 82 0.009
77 86 0.19
77 81 0.107
77 85 0.163
77 87 0.163
77 91 0.129
78 89 0.692
78 95 0.656
78 98 0.085
78 80 0.14
78 87 0.349
78 81 0.123
78 82 0.057
78 91 0.235
78 92 0.24
78 99 0.143
78 83 0.185
78 88 0.192
78 93 0.187
78 94 0.166
78 96 0.15
78 97 0.117
79 94 0.694
79 88 0.686
79 90 0.845
79 86 0.178
79 95 0.131
79 83 0.156
79 96 0.417
79 87 0.178
79 89 0.153
79 93 0.008
79 99 0.172
79 82 0.26
79 98 0.051
79 80 0.144
79 81 0.154
79 85 0.167
79 92 0.214
79 97 0.2
80 98 0.854
80 90 0.222
80 85 0.223
80 86 0.033
80 97 0.181
80 84 0.109
80 92 0.105
80 96 0.319
80 88 0.236
80 93 0.237
80 94 0.143
80 95 0.134
80 99 0.098
80 83 0.195
80 89 0.166
81 90 0.79
81 93 0.167
81 99 0.231
81 82 0.132
81 92 0.293
81 85 0.102
81 94 0.082
81 95 0.189
81 87 0.148
81 89 0.13
81 91 0.13
81 98 0.163
82 90 0.751
82 84 0.112
82 87 0.055
82 92 0.125
82 96 0.027
82 99 0.16
82 85 0.136
82 95 0.173
82 88 0.16
82 91 0.169
82 93 0.167
82 97 0.137
82 98 0.206
83 98 0.558
83 93 0.336
83 86 0.225
83 89 0.336
83 95 0.078
83 87 0.122
83 91 0.151
83 94 0.138
83 85 0.118
83 92 0.151
83 97 0.164
84 88 0.155
84 89 0.701
84 85 0.288
84 87 0.372
84 93 0.045
84 97 0.339
84 90 0.166
84 99 0.143
84 91 0.138
84 98 0.172
85 89 0.599
85 93 0.837
85 88 0.069
85 99 0.047
85 94 0.181
85 86 0.211
85 91 0.127
85 92 0.288
85 95 0.089
85 96 0.139
85 87 0.051
85 90 0.117
86 89 0.911
86 92 0.601
86 96 0.779
86 97 0.793
86 99 0.232
86 90 0.192
86 94 0.122
86 88 0.126
86 91 0.171
86 93 0.119
86 95 0.181
87 95 0.506
87 88 0.046
87 96 0.564
87 90 0.244
87 92 0.344
87 91 0.116
87 98 0.146
88 97 0.74
88 94 0.174
88 92 0.111
88 95 0.022
88 96 0.148
88 99 0.254
88 90 0.106
88 91 0.115
88 98 0.121
89 90 0.83
89 92 0.165
89 97 0.064
89 93 0.155
89 96 0.173
89 98 0.102
89 99 0.185
90 99 0.54
90 91 0.498
90 94 0.194
90 96 0.234
90 98 0.144
90 97 0.257
90 93 0.118
91 95 0.639
91 98 0.534
91 96 0.132
91 97 0.201
91 99 0.171
91 94 0.151
92 93 0.706
92 98 0.81
92 99 0.14
92 94 0.357
92 96 0.197
93 95 0.428
93 97 0.254
93 96 0.098
93 99 0.232
94 97 0.175
94 95 0.278
94 96 0.152
94 98 0.195
94 99 0.137
95 97 0.12
95 98 0.149
95 99 0.116
96 98 0.124
96 99 0.137
97 99 0.952
97 98 0.181
98 99 0.109
