0 15 0.649
0 79 1
0 28 0.483
0 3 0.955
0 16 0.961
0 49 0.69
0 38 0.661
0 82 0.673
0 52 0.901
0 58 0.864
0 44 0.742
0 93 0.476
0 45 0.665
0 36 0.731
0 96 0.629
0 18 0.527
0 12 0.295
0 14 0.133
0 40 0.349
0 84 0.405
0 5 0.262
0 6 0.002
0 13 0.03
0 50 0.291
0 64 0.384
0 83 0.218
0 7 0.021
0 20 0.041
0 22 0.19
0 26 0.006
0 56 0.222
0 61 0.372
0 63 0.121
0 68 0.118
0 73 0.26
0 81 0.126
0 88 0.242
0 27 0.215
0 34 0.12
0 37 0.148
0 54 0.111
0 55 0.284
0 57 0.108
0 77 0.158
0 94 0.024
0 99 0.017
0 17 0.195
0 29 0.111
0 30 0.166
0 32 0.175
0 41 0.171
0 42 0.234
0 51 0.181
0 60 0.141
0 66 0.13
0 70 0.079
0 1 0.165
0 2 0.169
0 4 0.145
0 10 0.165
0 23 0.151
0 33 0.128
0 35 0.14
0 39 0.131
0 43 0.109
0 46 0.172
0 47 0.151
0 48 0.153
0 59 0.17
0 62 0.253
0 71 0.125
0 80 0.194
0 85 0.146
0 86 0.185
0 87 0.181
0 89 0.147
0 90 0.127
0 91 0.157
1 47 0.921
1 49 0.84
1 14 0.783
1 75 1
1 97 0.575
1 62 1
1 10 1
1 87 0.999
1 89 0.987
1 18 1
1 45 1.0
1 27 0.863
1 31 0.138
1 77 0.434
1 84 0.561
1 17 0.386
1 19 0.254
1 3 0.248
1 23 0.348
1 38 0.406
1 16 0.047
1 33 0.031
1 74 0.234
1 7 0.028
1 15 0.039
1 64 0.211
1 88 0.028
1 34 0.101
1 46 0.15
1 70 0.172
1 81 0.346
1 95 0.427
1 13 0.202
1 20 0.132
1 35 0.127
1 51 0.216
1 52 0.146
1 68 0.266
1 6 0.15
1 9 0.137
1 25 0.138
1 30 0.16
1 32 0.314
1 36 0.154
1 44 0.155
1 56 0.107
1 57 0.142
1 65 0.106
1 69 0.134
1 71 0.335
1 72 0.202
1 80 0.171
1 86 0.146
1 93 0.156
1 11 0.202
1 21 0.163
1 22 0.108
1 28 0.157
1 37 0.111
1 39 0.159
1 40 0.104
1 41 0.171
1 43 0.158
1 50 0.107
1 54 0.181
1 55 0.193
1 58 0.135
1 59 0.175
1 66 0.18
1 67 0.134
1 78 0.155
1 79 0.121
1 90 0.114
1 91 0.143
1 92 0.135
1 96 0.088
1 98 0.177
2 62 0.656
2 55 0.833
2 14 0.867
2 76 0.64
2 50 0.667
2 11 0.572
2 68 0.623
2 98 0.32
2 33 0.334
2 69 0.693
2 12 0.197
2 67 0.09
2 78 0.138
2 29 0.208
2 3 0.446
2 47 0.102
2 35 0.072
2 37 0.165
2 79 0.342
2 10 0.152
2 30 0.064
2 19 0.031
2 26 0.121
2 54 0.105
2 85 0.129
2 5 0.189
2 24 0.154
2 43 0.21
2 49 0.034
2 58 0.366
2 59 0.03
2 63 0.027
2 65 0.143
2 77 0.039
2 8 0.084
2 17 0.335
2 21 0.193
2 28 0.041
2 36 0.054
2 38 0.165
2 40 0.101
2 42 0.027
2 44 0.114
2 45 0.22
2 51 0.152
2 52 0.15
2 53 0.148
2 73 0.15
2 75 0.11
2 80 0.033
2 93 0.093
2 13 0.143
2 15 0.151
2 20 0.159
2 22 0.162
2 31 0.189
2 32 0.095
2 39 0.151
2 46 0.133
2 48 0.127
2 60 0.186
2 61 0.131
2 66 0.133
2 71 0.117
2 72 0.142
2 82 0.159
2 84 0.144
2 87 0.183
2 89 0.167
2 91 0.176
2 92 0.135
2 94 0.164
2 95 0.166
2 99 0.114
3 9 0.695
3 61 0.343
3 43 0.715
3 77 0.788
3 42 0.263
3 37 0.716
3 86 0.722
3 21 0.547
3 29 0.724
3 10 0.863
3 66 0.715
3 11 0.035
3 68 0.5
3 56 0.246
3 64 0.818
3 85 0.568
3 13 0.217
3 36 0.372
3 7 0.558
3 8 0.365
3 24 0.445
3 14 0.156
3 16 0.268
3 59 0.253
3 88 0.123
3 5 0.219
3 32 0.014
3 34 0.142
3 62 0.063
3 96 0.261
3 31 0.104
3 25 0.262
3 35 0.268
3 57 0.2
3 65 0.156
3 75 0.297
3 92 0.014
3 93 0.201
3 12 0.16
3 15 0.226
3 18 0.041
3 40 0.112
3 47 0.053
3 48 0.121
3 49 0.126
3 50 0.193
3 51 0.247
3 58 0.166
3 69 0.166
3 73 0.139
3 80 0.165
3 94 0.157
3 95 0.029
3 99 0.034
3 4 0.184
3 6 0.159
3 19 0.13
3 23 0.153
3 26 0.118
3 27 0.163
3 33 0.175
3 41 0.12
3 44 0.129
3 45 0.096
3 52 0.17
3 53 0.157
3 55 0.16
3 60 0.219
3 63 0.173
3 70 0.117
3 71 0.151
3 76 0.199
3 78 0.132
3 82 0.116
3 87 0.181
3 89 0.158
3 90 0.196
3 97 0.116
4 8 0.931
4 64 0.551
4 9 0.418
4 5 0.829
4 16 0.63
4 29 1
4 39 0.655
4 90 0.641
4 35 0.176
4 13 0.541
4 99 0.674
4 63 0.107
4 75 0.151
4 94 0.232
4 32 0.329
4 67 0.159
4 89 0.102
4 91 0.16
4 11 0.565
4 27 0.016
4 52 0.157
4 61 0.455
4 76 0.197
4 24 0.125
4 73 0.255
4 97 0.098
4 20 0.294
4 68 0.035
4 93 0.144
4 6 0.213
4 26 0.213
4 28 0.524
4 34 0.278
4 36 0.156
4 44 0.22
4 55 0.201
4 62 0.014
4 72 0.078
4 14 0.219
4 17 0.163
4 19 0.128
4 22 0.053
4 31 0.129
4 38 0.122
4 45 0.118
4 50 0.12
4 58 0.12
4 74 0.091
4 81 0.11
4 87 0.166
4 96 0.156
4 7 0.126
4 10 0.109
4 15 0.207
4 18 0.136
4 33 0.185
4 37 0.162
4 41 0.155
4 42 0.154
4 46 0.155
4 47 0.13
4 53 0.201
4 54 0.161
4 56 0.143
4 60 0.163
4 65 0.059
4 69 0.227
4 70 0.109
4 77 0.176
4 78 0.171
4 80 0.178
4 83 0.152
4 84 0.153
4 98 0.16
5 25 0.782
5 16 0.911
5 98 0.974
5 56 0.697
5 43 0.959
5 27 0.607
5 31 0.677
5 8 0.503
5 79 0.014
5 66 0.472
5 99 0.572
5 24 0.367
5 53 0.507
5 70 0.023
5 94 0.092
5 95 0.619
5 9 0.159
5 10 0.518
5 19 0.179
5 22 0.164
5 68 0.228
5 75 0.094
5 78 0.12
5 97 0.386
5 6 0.316
5 11 0.189
5 28 0.356
5 35 0.157
5 39 0.125
5 42 0.358
5 49 0.368
5 14 0.071
5 44 0.192
5 85 0.116
5 87 0.244
5 96 0.132
5 13 0.066
5 15 0.161
5 20 0.2
5 23 0.123
5 29 0.182
5 38 0.189
5 41 0.067
5 45 0.058
5 55 0.079
5 59 0.059
5 61 0.074
5 72 0.191
5 81 0.113
5 86 0.193
5 91 0.218
5 92 0.061
5 12 0.142
5 17 0.146
5 21 0.183
5 34 0.161
5 36 0.172
5 40 0.181
5 48 0.158
5 50 0.146
5 52 0.115
5 58 0.115
5 60 0.174
5 62 0.108
5 63 0.213
5 64 0.136
5 65 0.168
5 69 0.088
5 71 0.136
5 74 0.143
5 76 0.098
5 77 0.175
5 84 0.154
6 83 0.762
6 68 0.556
6 8 0.812
6 21 0.664
6 59 0.89
6 85 0.949
6 7 0.794
6 74 0.465
6 63 0.196
6 25 0.16
6 38 0.518
6 81 0.312
6 13 0.315
6 87 0.108
6 97 0.145
6 20 0.151
6 44 0.278
6 48 0.17
6 98 0.249
6 22 0.144
6 28 0.132
6 32 0.096
6 33 0.147
6 35 0.226
6 43 0.204
6 49 0.227
6 50 0.04
6 76 0.162
6 84 0.357
6 89 0.069
6 92 0.099
6 93 0.159
6 19 0.099
6 24 0.194
6 26 0.114
6 37 0.009
6 41 0.227
6 46 0.097
6 53 0.198
6 60 0.144
6 66 0.155
6 69 0.19
6 75 0.155
6 80 0.022
6 94 0.182
6 9 0.167
6 10 0.153
6 11 0.191
6 12 0.178
6 15 0.168
6 16 0.151
6 18 0.154
6 23 0.179
6 29 0.076
6 31 0.16
6 40 0.23
6 45 0.12
6 52 0.161
6 54 0.191
6 56 0.184
6 57 0.104
6 58 0.147
6 70 0.139
6 71 0.145
6 77 0.106
6 78 0.203
6 82 0.211
6 86 0.158
6 90 0.201
6 91 0.151
6 95 0.158
7 70 0.986
7 53 1
7 49 1
7 46 0.791
7 85 0.761
7 83 0.882
7 32 0.824
7 15 0.291
7 25 0.169
7 63 0.679
7 96 0.244
7 22 0.745
7 59 0.404
7 78 0.313
7 92 0.44
7 8 0.226
7 17 0.07
7 26 0.1
7 29 0.185
7 51 0.434
7 68 0.294
7 79 0.084
7 97 0.564
7 16 0.271
7 20 0.182
7 37 0.097
7 42 0.435
7 80 0.17
7 23 0.146
7 30 0.192
7 31 0.016
7 40 0.1
7 65 0.218
7 94 0.149
7 10 0.353
7 12 0.179
7 19 0.119
7 38 0.203
7 39 0.228
7 41 0.202
7 43 0.118
7 44 0.142
7 48 0.213
7 52 0.158
7 66 0.195
7 71 0.121
7 73 0.131
7 82 0.219
7 87 0.16
7 98 0.053
7 99 0.056
7 9 0.159
7 11 0.148
7 18 0.114
7 21 0.144
7 28 0.157
7 34 0.123
7 35 0.178
7 36 0.101
7 45 0.13
7 55 0.109
7 58 0.141
7 67 0.166
7 69 0.142
7 74 0.123
7 75 0.149
7 77 0.104
7 84 0.157
7 86 0.117
7 89 0.163
7 91 0.138
7 93 0.112
7 95 0.118
8 34 0.892
8 25 0.632
8 9 0.942
8 57 0.799
8 12 1
8 10 1
8 92 0.749
8 50 0.707
8 26 0.235
8 36 0.302
8 73 0.058
8 22 0.239
8 74 0.246
8 15 0.001
8 54 0.103
8 58 0.225
8 85 0.334
8 87 0.537
8 64 0.101
8 69 0.06
8 75 0.12
8 76 0.166
8 79 0.138
8 84 0.193
8 42 0.141
8 65 0.174
8 68 0.157
8 91 0.294
8 95 0.01
8 97 0.094
8 98 0.235
8 13 0.131
8 17 0.138
8 19 0.377
8 21 0.122
8 27 0.109
8 39 0.137
8 40 0.192
8 59 0.144
8 60 0.253
8 66 0.237
8 94 0.168
8 99 0.156
8 11 0.183
8 20 0.146
8 24 0.152
8 28 0.163
8 41 0.159
8 43 0.195
8 48 0.134
8 51 0.148
8 56 0.146
8 61 0.106
8 62 0.116
8 63 0.179
8 70 0.16
8 77 0.171
8 80 0.187
8 88 0.121
8 96 0.193
9 26 0.967
9 20 0.702
9 49 0.663
9 22 0.658
9 61 0.552
9 25 0.501
9 94 0.198
9 77 0.326
9 76 0.511
9 95 0.243
9 28 0.045
9 92 0.13
9 12 0.05
9 19 0.301
9 57 0.173
9 70 0.297
9 71 0.207
9 81 0.115
9 91 0.037
9 10 0.356
9 21 0.046
9 34 0.187
9 47 0.003
9 54 0.241
9 68 0.177
9 75 0.117
9 88 0.197
9 42 0.04
9 74 0.3
9 85 0.113
9 14 0.171
9 37 0.005
9 38 0.151
9 39 0.032
9 60 0.183
9 62 0.089
9 65 0.107
9 82 0.187
9 83 0.003
9 86 0.152
9 89 0.163
9 98 0.138
9 99 0.167
9 13 0.148
9 17 0.078
9 18 0.168
9 24 0.151
9 27 0.113
9 29 0.105
9 35 0.196
9 40 0.156
9 41 0.14
9 44 0.139
9 46 0.161
9 52 0.176
9 55 0.146
9 56 0.12
9 66 0.156
9 67 0.157
9 72 0.113
9 73 0.169
9 84 0.175
9 87 0.193
9 90 0.126
9 96 0.177
9 97 0.088
10 83 0.773
10 40 0.835
10 31 0.93
10 99 0.709
10 76 0.881
10 25 1
10 49 0.689
10 17 0.182
10 42 0.78
10 61 0.496
10 43 0.2
10 70 0.302
10 85 0.13
10 92 0.729
10 50 0.176
10 53 0.029
10 27 0.5
10 28 0.226
10 38 0.453
10 63 0.188
10 90 0.09
10 94 0.111
10 95 0.009
10 98 0.27
10 33 0.113
10 71 0.162
10 79 0.06
10 80 0.218
10 82 0.162
10 88 0.164
10 20 0.145
10 46 0.148
10 62 0.262
10 75 0.191
10 91 0.356
10 93 0.098
10 11 0.184
10 12 0.198
10 15 0.136
10 18 0.27
10 19 0.084
10 23 0.121
10 26 0.188
10 41 0.186
10 54 0.23
10 58 0.116
10 72 0.024
10 81 0.241
10 14 0.119
10 16 0.199
10 29 0.104
10 30 0.114
10 32 0.147
10 35 0.122
10 37 0.127
10 39 0.12
10 44 0.127
10 47 0.098
10 51 0.171
10 52 0.084
10 55 0.121
10 56 0.187
10 57 0.17
10 59 0.165
10 60 0.178
10 64 0.132
10 66 0.125
10 69 0.123
10 77 0.148
10 78 0.131
10 87 0.157
10 96 0.16
11 45 1
11 25 0.796
11 99 0.696
11 38 0.891
11 32 1
11 39 1
11 20 0.841
11 19 0.968
11 98 0.688
11 47 0.77
11 41 0.556
11 69 0.876
11 84 0.852
11 88 0.448
11 48 0.637
11 63 0.862
11 95 0.651
11 35 0.425
11 54 0.184
11 59 0.567
11 77 0.381
11 42 0.723
11 37 0.305
11 17 0.287
11 70 0.032
11 78 0.449
11 36 0.339
11 66 0.292
11 13 0.359
11 22 0.144
11 23 0.281
11 27 0.228
11 28 0.269
11 49 0.151
11 83 0.092
11 86 0.282
11 94 0.007
11 14 0.017
11 16 0.019
11 55 0.129
11 61 0.012
11 64 0.209
11 72 0.181
11 76 0.111
11 80 0.132
11 89 0.342
11 92 0.156
11 96 0.105
11 15 0.192
11 18 0.165
11 31 0.17
11 34 0.131
11 43 0.113
11 60 0.218
11 62 0.214
11 68 0.157
11 30 0.166
11 33 0.15
11 40 0.232
11 44 0.139
11 46 0.133
11 53 0.183
11 57 0.134
11 67 0.152
11 71 0.156
11 73 0.156
11 75 0.134
11 79 0.121
11 81 0.165
11 85 0.147
12 91 0.545
12 71 0.869
12 20 0.853
12 41 0.645
12 38 0.037
12 35 0.391
12 62 0.338
12 56 0.13
12 95 0.537
12 74 0.608
12 15 0.593
12 78 0.139
12 28 0.211
12 57 0.096
12 63 0.097
12 73 0.148
12 13 0.186
12 22 0.187
12 69 0.117
12 96 0.177
12 18 0.127
12 30 0.073
12 32 0.146
12 47 0.061
12 51 0.246
12 58 0.181
12 65 0.46
12 76 0.24
12 82 0.132
12 89 0.239
12 92 0.093
12 98 0.328
12 16 0.156
12 24 0.297
12 26 0.074
12 27 0.275
12 36 0.145
12 44 0.162
12 48 0.103
12 49 0.187
12 50 0.203
12 54 0.116
12 64 0.159
12 67 0.207
12 77 0.16
12 80 0.16
12 83 0.14
12 85 0.11
12 87 0.173
12 14 0.183
12 19 0.124
12 23 0.127
12 29 0.181
12 31 0.152
12 34 0.168
12 39 0.148
12 43 0.167
12 52 0.145
12 53 0.181
12 55 0.137
12 61 0.123
12 66 0.195
12 68 0.174
12 70 0.162
12 75 0.149
12 81 0.148
12 84 0.175
12 90 0.144
12 93 0.135
13 40 0.82
13 62 0.856
13 53 0.763
13 67 0.713
13 73 0.67
13 92 0.72
13 44 0.962
13 31 0.663
13 60 1
13 68 0.664
13 96 0.163
13 90 0.261
13 21 0.3
13 26 0.308
13 56 0.475
13 54 0.154
13 16 0.449
13 24 0.397
13 51 0.099
13 41 0.156
13 42 0.099
13 82 0.195
13 86 0.284
13 98 0.214
13 61 0.334
13 75 0.228
13 85 0.108
13 14 0.314
13 15 0.14
13 27 0.338
13 36 0.252
13 43 0.113
13 71 0.319
13 17 0.027
13 22 0.138
13 34 0.133
13 45 0.293
13 46 0.086
13 50 0.199
13 58 0.249
13 63 0.288
13 74 0.155
13 76 0.018
13 77 0.154
13 80 0.291
13 93 0.165
13 94 0.23
13 18 0.114
13 20 0.18
13 23 0.16
13 28 0.098
13 29 0.195
13 32 0.161
13 38 0.183
13 39 0.153
13 48 0.102
13 52 0.132
13 55 0.163
13 65 0.138
13 66 0.131
13 70 0.162
13 78 0.142
13 81 0.158
13 84 0.179
13 87 0.072
13 95 0.195
13 97 0.154
14 33 0.672
14 75 1
14 70 1
14 78 0.555
14 43 0.642
14 30 0.47
14 63 0.304
14 42 0.751
14 16 0.105
14 84 0.069
14 32 0.035
14 62 0.037
14 39 0.006
14 44 0.237
14 50 0.079
14 59 0.344
14 85 0.334
14 17 0.119
14 52 0.226
14 61 0.09
14 92 0.054
14 45 0.073
14 72 0.582
14 95 0.485
14 19 0.062
14 20 0.101
14 24 0.139
14 34 0.13
14 35 0.146
14 41 0.051
14 49 0.223
14 55 0.179
14 71 0.126
14 89 0.014
14 99 0.154
14 21 0.174
14 27 0.177
14 29 0.171
14 36 0.149
14 38 0.144
14 48 0.017
14 53 0.1
14 57 0.129
14 69 0.256
14 74 0.195
14 83 0.164
14 90 0.129
14 93 0.151
14 94 0.178
14 15 0.172
14 22 0.166
14 23 0.126
14 25 0.17
14 28 0.158
14 46 0.186
14 47 0.182
14 54 0.178
14 56 0.161
14 60 0.148
14 68 0.19
14 76 0.134
14 77 0.168
14 80 0.146
14 81 0.161
14 86 0.166
14 96 0.136
14 97 0.125
14 98 0.167
15 55 1
15 59 0.854
15 61 0.767
15 40 0.802
15 69 0.817
15 68 0.762
15 31 1
15 29 1
15 77 0.945
15 50 0.494
15 24 0.095
15 66 0.439
15 52 0.275
15 63 0.14
15 20 0.576
15 46 0.18
15 85 0.776
15 86 0.36
15 99 0.483
15 21 0.273
15 27 0.058
15 30 0.268
15 37 0.275
15 16 0.136
15 41 0.035
15 44 0.256
15 58 0.101
15 67 0.053
15 73 0.172
15 80 0.451
15 96 0.119
15 98 0.246
15 26 0.164
15 33 0.169
15 36 0.121
15 42 0.126
15 49 0.034
15 62 0.126
15 71 0.203
15 82 0.274
15 83 0.334
15 91 0.075
15 94 0.062
15 95 0.189
15 17 0.117
15 22 0.155
15 23 0.13
15 32 0.229
15 39 0.181
15 43 0.121
15 47 0.179
15 48 0.193
15 53 0.125
15 54 0.146
15 64 0.194
15 78 0.197
15 79 0.152
15 81 0.146
15 88 0.151
15 92 0.193
15 93 0.146
16 43 1
16 47 0.928
16 61 0.866
16 67 0.631
16 36 0.566
16 86 0.293
16 92 0.33
16 35 0.566
16 83 0.091
16 19 0.324
16 69 0.734
16 96 0.152
16 22 0.085
16 44 0.181
16 72 0.318
16 93 0.198
16 94 0.303
16 53 0.446
16 68 0.234
16 89 0.369
16 20 0.18
16 39 0.173
16 52 0.475
16 57 0.208
16 25 0.12
16 26 0.062
16 29 0.314
16 30 0.12
16 51 0.094
16 59 0.16
16 60 0.377
16 65 0.128
16 66 0.156
16 90 0.27
16 31 0.227
16 34 0.227
16 40 0.087
16 41 0.129
16 45 0.037
16 54 0.175
16 58 0.147
16 70 0.17
16 71 0.149
16 77 0.006
16 79 0.112
16 95 0.135
16 97 0.167
16 17 0.159
16 18 0.127
16 24 0.172
16 28 0.136
16 33 0.131
16 42 0.075
16 49 0.185
16 50 0.175
16 63 0.144
16 74 0.185
16 75 0.119
16 78 0.135
16 81 0.112
16 87 0.138
17 75 1
17 19 0.95
17 99 1
17 53 0.774
17 24 0.547
17 26 0.756
17 25 0.659
17 21 0.678
17 72 0.702
17 83 0.887
17 85 0.285
17 40 0.012
17 38 0.129
17 54 0.098
17 66 0.343
17 70 0.274
17 74 0.11
17 76 0.019
17 78 0.172
17 94 0.011
17 96 0.208
17 46 0.128
17 63 0.134
17 67 0.203
17 91 0.219
17 98 0.166
17 37 0.165
17 73 0.116
17 80 0.141
17 84 0.278
17 86 0.142
17 93 0.093
17 22 0.158
17 23 0.121
17 31 0.098
17 33 0.031
17 35 0.209
17 42 0.146
17 47 0.12
17 48 0.053
17 60 0.155
17 61 0.172
17 77 0.154
17 81 0.063
17 88 0.078
17 90 0.138
17 95 0.221
17 20 0.136
17 28 0.117
17 29 0.123
17 30 0.165
17 36 0.094
17 39 0.113
17 49 0.166
17 51 0.129
17 52 0.173
17 55 0.121
17 56 0.195
17 57 0.157
17 59 0.106
17 64 0.183
17 69 0.088
17 71 0.157
17 82 0.228
17 89 0.159
18 90 0.502
18 54 0.944
18 80 0.527
18 89 0.987
18 27 0.807
18 87 1
18 92 0.811
18 49 0.665
18 21 0.943
18 79 0.34
18 98 0.12
18 20 0.696
18 45 0.258
18 86 0.12
18 44 0.226
18 42 0.194
18 78 0.166
18 30 0.17
18 43 0.352
18 58 0.14
18 68 0.133
18 74 0.141
18 93 0.011
18 94 0.246
18 23 0.195
18 28 0.334
18 36 0.226
18 50 0.365
18 59 0.283
18 73 0.156
18 88 0.134
18 91 0.282
18 95 0.054
18 33 0.02
18 38 0.158
18 41 0.198
18 47 0.194
18 53 0.133
18 56 0.158
18 71 0.302
18 72 0.311
18 84 0.073
18 19 0.124
18 22 0.167
18 26 0.158
18 34 0.152
18 39 0.205
18 40 0.109
18 51 0.203
18 61 0.151
18 62 0.143
18 66 0.156
18 70 0.155
18 76 0.154
18 82 0.139
18 83 0.206
18 96 0.168
18 97 0.142
18 99 0.143
19 58 0.861
19 37 0.736
19 33 0.468
19 27 0.938
19 24 0.284
19 99 0.49
19 61 0.456
19 40 0.148
19 69 0.151
19 91 0.382
19 94 0.185
19 21 0.354
19 42 0.001
19 46 0.369
19 87 0.084
19 22 0.194
19 29 0.085
19 65 0.453
19 73 0.066
19 75 0.315
19 76 0.265
19 92 0.123
19 93 0.223
19 20 0.041
19 55 0.191
19 71 0.115
19 74 0.341
19 88 0.174
19 26 0.116
19 38 0.033
19 70 0.087
19 80 0.177
19 25 0.15
19 30 0.3
19 34 0.083
19 47 0.296
19 56 0.16
19 63 0.245
19 78 0.111
19 79 0.107
19 83 0.174
19 84 0.177
19 85 0.16
19 96 0.035
19 31 0.158
19 43 0.106
19 49 0.133
19 50 0.198
19 51 0.123
19 53 0.165
19 54 0.13
19 57 0.135
19 60 0.119
19 62 0.174
19 64 0.17
19 68 0.07
19 72 0.144
19 89 0.166
20 69 0.685
20 22 0.903
20 72 0.552
20 66 0.101
20 88 0.177
20 46 0.276
20 85 0.347
20 90 0.034
20 31 0.366
20 37 0.382
20 47 0.104
20 56 0.316
20 73 0.368
20 80 0.208
20 96 0.155
20 32 0.284
20 40 0.052
20 87 0.446
20 94 0.015
20 97 0.492
20 99 0.101
20 28 0.345
20 43 0.341
20 89 0.248
20 92 0.18
20 24 0.175
20 26 0.181
20 34 0.102
20 39 0.129
20 41 0.16
20 45 0.129
20 52 0.136
20 53 0.128
20 62 0.141
20 63 0.21
20 70 0.156
20 79 0.126
20 93 0.403
20 21 0.155
20 23 0.123
20 25 0.114
20 35 0.136
20 36 0.143
20 42 0.167
20 48 0.152
20 50 0.142
20 57 0.123
20 61 0.097
20 67 0.089
20 68 0.149
20 71 0.095
20 77 0.179
20 81 0.162
20 82 0.198
20 83 0.13
20 84 0.175
20 86 0.154
20 91 0.19
21 81 0.574
21 96 0.571
21 41 0.688
21 42 0.361
21 37 0.291
21 90 0.706
21 28 0.071
21 24 0.415
21 43 0.612
21 91 0.07
21 29 0.382
21 35 0.185
21 63 0.132
21 86 0.164
21 88 0.299
21 48 0.184
21 54 0.296
21 56 0.275
21 65 0.206
21 79 0.281
21 99 0.06
21 26 0.151
21 27 0.066
21 49 0.355
21 59 0.257
21 62 0.133
21 70 0.129
21 89 0.144
21 98 0.163
21 31 0.252
21 39 0.19
21 44 0.181
21 51 0.178
21 67 0.056
21 69 0.234
21 85 0.168
21 87 0.274
21 93 0.173
21 94 0.211
21 97 0.277
21 23 0.164
21 25 0.168
21 34 0.132
21 46 0.198
21 47 0.164
21 55 0.2
21 58 0.164
21 60 0.199
21 71 0.164
21 73 0.139
21 75 0.116
21 78 0.147
21 80 0.216
21 95 0.195
22 68 0.862
22 50 1
22 48 0.134
22 98 0.11
22 46 0.314
22 39 0.202
22 82 0.057
22 89 0.334
22 85 0.13
22 90 0.158
22 24 0.035
22 28 0.09
22 51 0.341
22 52 0.126
22 54 0.084
22 78 0.366
22 26 0.138
22 27 0.189
22 30 0.144
22 32 0.089
22 33 0.328
22 34 0.138
22 41 0.369
22 53 0.136
22 57 0.184
22 60 0.082
22 64 0.179
22 65 0.159
22 67 0.101
22 70 0.159
22 72 0.025
22 76 0.282
22 86 0.169
22 87 0.137
22 95 0.165
22 96 0.117
22 23 0.154
22 25 0.129
22 35 0.188
22 36 0.15
22 43 0.147
22 45 0.106
22 47 0.163
22 56 0.179
22 59 0.133
22 62 0.149
22 63 0.099
22 69 0.151
22 77 0.125
22 79 0.184
22 80 0.096
22 84 0.166
22 88 0.116
22 91 0.116
22 92 0.156
22 93 0.181
23 59 0.899
23 95 0.659
23 57 0.578
23 49 0.817
23 99 0.639
23 90 0.721
23 88 0.623
23 86 0.396
23 31 0.428
23 46 0.397
23 92 0.136
23 56 0.198
23 62 0.198
23 64 0.219
23 67 0.161
23 65 0.278
23 68 0.213
23 77 0.21
23 85 0.168
23 28 0.071
23 32 0.032
23 37 0.192
23 47 0.171
23 48 0.01
23 51 0.539
23 74 0.111
23 25 0.237
23 27 0.151
23 38 0.167
23 58 0.089
23 66 0.184
23 73 0.245
23 75 0.086
23 78 0.097
23 80 0.098
23 83 0.191
23 89 0.169
23 94 0.248
23 26 0.121
23 34 0.163
23 39 0.24
23 40 0.11
23 42 0.111
23 44 0.066
23 55 0.201
23 93 0.177
23 29 0.12
23 36 0.166
23 41 0.102
23 43 0.15
23 45 0.1
23 72 0.123
23 79 0.157
23 84 0.153
23 87 0.152
23 96 0.141
23 98 0.111
24 81 0.721
24 94 0.602
24 37 1
24 45 0.538
24 67 0.984
24 84 1
24 64 1
24 98 0.564
24 85 0.706
24 56 0.53
24 63 0.128
24 90 0.403
24 47 0.172
24 36 0.282
24 75 0.366
24 83 0.251
24 26 0.147
24 41 0.104
24 52 0.304
24 74 0.032
24 78 0.1
24 79 0.017
24 88 0.069
24 97 0.2
24 25 0.218
24 32 0.108
24 48 0.34
24 60 0.134
24 66 0.171
24 93 0.13
24 28 0.291
24 34 0.216
24 42 0.264
24 43 0.157
24 73 0.106
24 92 0.179
24 29 0.335
24 31 0.222
24 49 0.156
24 58 0.115
24 38 0.144
24 44 0.199
24 46 0.174
24 51 0.158
24 53 0.152
24 54 0.183
24 57 0.152
24 61 0.086
24 65 0.18
24 69 0.114
24 70 0.175
24 71 0.159
24 80 0.131
24 82 0.159
24 96 0.149
25 92 0.864
25 45 1
25 60 0.986
25 59 1
25 65 1
25 26 0.611
25 51 0.735
25 40 1
25 28 0.708
25 90 0.712
25 54 0.238
25 68 0.067
25 97 0.279
25 39 0.047
25 44 0.416
25 66 0.291
25 69 0.403
25 75 0.243
25 81 0.222
25 96 0.069
25 30 0.169
25 53 0.074
25 62 0.053
25 63 0.252
25 77 0.173
25 82 0.302
25 83 0.196
25 34 0.037
25 37 0.001
25 49 0.087
25 50 0.291
25 58 0.121
25 71 0.435
25 72 0.119
25 73 0.094
25 79 0.124
25 80 0.204
25 85 0.179
25 88 0.107
25 94 0.168
25 98 0.142
25 27 0.124
25 29 0.167
25 31 0.144
25 33 0.114
25 35 0.138
25 38 0.194
25 41 0.182
25 42 0.188
25 48 0.155
25 52 0.212
25 55 0.191
25 61 0.187
25 64 0.194
25 67 0.126
25 70 0.175
25 78 0.155
25 89 0.182
25 95 0.211
25 99 0.207
26 46 1.0
26 35 0.647
26 76 1
26 60 0.662
26 83 0.738
26 56 0.91
26 55 0.368
26 59 0.685
26 52 0.28
26 80 0.038
26 84 0.292
26 41 0.244
26 50 0.422
26 85 0.129
26 40 0.242
26 48 0.278
26 57 0.344
26 70 0.167
26 73 0.307
26 79 0.173
26 87 0.384
26 96 0.303
26 69 0.14
26 29 0.156
26 31 0.079
26 36 0.102
26 38 0.127
26 39 0.101
26 43 0.118
26 51 0.092
26 53 0.199
26 64 0.134
26 68 0.287
26 71 0.171
26 72 0.117
26 77 0.133
26 86 0.106
26 92 0.2
26 98 0.196
26 27 0.2
26 30 0.137
26 44 0.15
26 54 0.141
26 58 0.152
26 61 0.188
26 65 0.141
26 75 0.159
26 82 0.149
26 89 0.153
26 91 0.162
26 95 0.165
26 97 0.151
27 51 0.899
27 84 0.76
27 48 0.909
27 85 0.821
27 52 1
27 40 0.749
27 63 0.904
27 33 0.328
27 68 0.295
27 56 0.553
27 98 0.342
27 95 0.22
27 89 0.353
27 37 0.041
27 42 0.062
27 43 0.177
27 36 0.068
27 54 0.299
27 93 0.154
27 29 0.175
27 39 0.212
27 64 0.172
27 65 0.212
27 69 0.206
27 45 0.07
27 57 0.119
27 60 0.085
27 72 0.242
27 74 0.123
27 76 0.082
27 88 0.139
27 53 0.13
27 61 0.075
27 73 0.272
27 77 0.087
27 79 0.127
27 80 0.152
27 92 0.159
27 30 0.142
27 31 0.13
27 34 0.163
27 35 0.148
27 38 0.112
27 47 0.149
27 49 0.131
27 55 0.156
27 58 0.074
27 75 0.209
27 78 0.191
27 86 0.12
27 87 0.09
27 90 0.11
27 91 0.091
27 94 0.142
27 96 0.127
28 39 0.586
28 71 1
28 59 1
28 87 0.977
28 73 1
28 72 0.913
28 95 0.789
28 41 0.6
28 29 0.217
28 46 0.193
28 91 0.371
28 62 0.005
28 84 0.18
28 64 0.374
28 35 0.092
28 30 0.326
28 52 0.049
28 74 0.261
28 78 0.07
28 31 0.268
28 34 0.192
28 42 0.116
28 45 0.179
28 53 0.143
28 69 0.029
28 86 0.292
28 88 0.18
28 97 0.16
28 98 0.126
28 48 0.22
28 50 0.176
28 56 0.211
28 58 0.067
28 60 0.12
28 66 0.395
28 68 0.138
28 81 0.183
28 99 0.19
28 37 0.183
28 38 0.187
28 40 0.175
28 43 0.166
28 51 0.178
28 54 0.13
28 57 0.178
28 61 0.154
28 67 0.129
28 76 0.141
28 80 0.171
28 85 0.204
28 89 0.14
28 92 0.181
28 93 0.135
28 94 0.16
28 96 0.138
29 96 1
29 91 0.926
29 67 0.738
29 76 0.862
29 50 0.575
29 52 0.839
29 73 0.801
29 71 0.584
29 98 0.108
29 41 0.192
29 30 0.107
29 63 0.501
29 85 0.186
29 47 0.216
29 72 0.196
29 97 0.328
29 43 0.474
29 56 0.555
29 60 0.024
29 80 0.03
29 93 0.326
29 95 0.192
29 35 0.144
29 51 0.033
29 65 0.236
29 74 0.318
29 90 0.025
29 94 0.147
29 34 0.07
29 46 0.118
29 57 0.128
29 59 0.083
29 68 0.161
29 79 0.034
29 81 0.082
29 84 0.141
29 86 0.144
29 32 0.152
29 36 0.135
29 40 0.167
29 48 0.174
29 55 0.132
29 58 0.136
29 62 0.146
29 69 0.15
29 70 0.177
29 75 0.102
29 77 0.201
29 83 0.108
29 87 0.151
29 88 0.135
29 89 0.217
29 99 0.149
30 69 1
30 84 0.577
30 54 0.922
30 86 0.716
30 97 0.447
30 47 0.929
30 35 0.824
30 50 0.751
30 36 0.327
30 64 0.124
30 81 0.539
30 44 0.335
30 89 0.571
30 99 0.347
30 94 0.055
30 39 0.056
30 53 0.083
30 60 0.359
30 66 0.216
30 82 0.494
30 88 0.076
30 37 0.057
30 43 0.211
30 63 0.053
30 75 0.105
30 77 0.083
30 95 0.39
30 33 0.109
30 42 0.15
30 45 0.261
30 55 0.133
30 56 0.195
30 65 0.237
30 68 0.123
30 70 0.097
30 78 0.175
30 80 0.308
30 85 0.236
30 87 0.427
30 92 0.136
30 34 0.148
30 38 0.181
30 40 0.14
30 46 0.133
30 48 0.104
30 49 0.189
30 51 0.17
30 52 0.081
30 59 0.111
30 74 0.149
30 76 0.072
30 90 0.104
30 96 0.194
31 75 0.773
31 78 0.715
31 62 0.726
31 59 0.852
31 61 0.682
31 36 0.639
31 95 0.573
31 77 0.682
31 50 0.045
31 82 0.615
31 60 0.296
31 79 0.031
31 34 0.209
31 55 0.197
31 39 0.129
31 54 0.076
31 72 0.15
31 74 0.369
31 76 0.049
31 86 0.232
31 40 0.266
31 43 0.165
31 58 0.226
31 81 0.141
31 85 0.137
31 96 0.145
31 99 0.162
31 33 0.215
31 47 0.059
31 49 0.009
31 73 0.256
31 87 0.299
31 91 0.023
31 92 0.154
31 32 0.137
31 35 0.097
31 37 0.142
31 41 0.146
31 42 0.062
31 46 0.154
31 48 0.202
31 52 0.168
31 53 0.151
31 68 0.204
31 69 0.199
31 89 0.125
31 94 0.171
31 98 0.151
32 73 1
32 58 0.796
32 99 0.901
32 44 0.924
32 49 1
32 54 0.753
32 65 0.66
32 67 0.395
32 57 0.596
32 33 0.02
32 85 0.496
32 41 0.354
32 62 0.319
32 48 0.167
32 35 0.214
32 59 0.354
32 52 0.251
32 60 0.037
32 75 0.161
32 43 0.231
32 50 0.199
32 77 0.235
32 78 0.098
32 79 0.324
32 86 0.138
32 87 0.306
32 89 0.263
32 34 0.155
32 42 0.201
32 51 0.25
32 56 0.308
32 61 0.211
32 66 0.182
32 68 0.166
32 69 0.11
32 71 0.16
32 76 0.189
32 90 0.169
32 92 0.101
32 36 0.202
32 39 0.116
32 45 0.128
32 46 0.168
32 53 0.149
32 72 0.153
32 74 0.095
32 80 0.091
32 81 0.189
32 91 0.164
32 93 0.19
32 94 0.224
32 97 0.187
32 98 0.166
33 61 0.994
33 52 0.993
33 79 0.744
33 77 0.961
33 71 0.73
33 37 0.513
33 43 0.472
33 84 0.835
33 42 0.146
33 60 0.151
33 85 0.216
33 86 0.308
33 94 0.091
33 38 0.249
33 55 0.1
33 62 0.225
33 72 0.115
33 88 0.347
33 46 0.175
33 53 0.216
33 80 0.124
33 82 0.082
33 89 0.152
33 41 0.269
33 50 0.168
33 54 0.156
33 57 0.15
33 64 0.3
33 68 0.096
33 74 0.057
33 81 0.145
33 39 0.173
33 45 0.171
33 48 0.143
33 49 0.141
33 59 0.118
33 65 0.159
33 69 0.171
33 75 0.177
33 76 0.193
33 87 0.164
33 95 0.176
33 96 0.207
33 97 0.105
33 99 0.177
34 61 0.842
34 66 0.798
34 64 0.989
34 67 0.847
34 40 0.964
34 57 0.997
34 83 0.719
34 77 0.679
34 89 0.293
34 76 0.446
34 45 0.121
34 65 0.056
34 81 0.224
34 80 0.536
34 91 0.274
34 43 0.028
34 53 0.346
34 86 0.073
34 90 0.179
34 38 0.131
34 44 0.072
34 78 0.161
34 79 0.083
34 82 0.186
34 37 0.145
34 41 0.189
34 47 0.228
34 72 0.342
34 88 0.132
34 93 0.273
34 35 0.148
34 50 0.162
34 51 0.183
34 63 0.178
34 68 0.101
34 69 0.194
34 70 0.106
34 73 0.174
34 84 0.167
34 85 0.175
34 92 0.126
34 94 0.177
34 95 0.168
34 96 0.129
34 99 0.191
35 66 1
35 56 0.681
35 53 1
35 77 0.824
35 73 0.613
35 37 0.743
35 45 0.519
35 63 0.307
35 68 0.304
35 86 0.13
35 75 0.153
35 80 0.662
35 91 0.275
35 96 0.072
35 88 0.16
35 46 0.199
35 57 0.144
35 71 0.064
35 72 0.29
35 90 0.154
35 38 0.147
35 40 0.153
35 44 0.126
35 54 0.258
35 55 0.128
35 59 0.176
35 60 0.167
35 61 0.164
35 65 0.108
35 70 0.045
35 92 0.307
35 95 0.197
35 98 0.233
35 39 0.185
35 43 0.143
35 48 0.136
35 49 0.08
35 52 0.167
35 64 0.142
35 67 0.155
35 79 0.126
35 83 0.222
35 84 0.192
35 85 0.132
35 93 0.079
35 99 0.096
36 69 0.6
36 85 0.522
36 90 1
36 70 0.575
36 92 0.593
36 66 0.787
36 59 0.743
36 54 0.514
36 62 0.366
36 50 0.25
36 53 0.536
36 43 0.183
36 83 0.139
36 47 0.077
36 67 0.018
36 73 0.158
36 93 0.134
36 39 0.131
36 41 0.125
36 56 0.155
36 63 0.179
36 78 0.11
36 79 0.21
36 87 0.153
36 91 0.176
36 98 0.173
36 40 0.217
36 46 0.028
36 48 0.219
36 55 0.145
36 61 0.106
36 64 0.17
36 72 0.03
36 74 0.233
36 37 0.125
36 38 0.166
36 44 0.13
36 45 0.186
36 49 0.169
36 51 0.135
36 60 0.188
36 71 0.162
36 76 0.163
36 81 0.186
36 82 0.215
36 84 0.202
36 86 0.116
36 88 0.127
36 89 0.124
36 97 0.163
36 99 0.163
37 89 0.819
37 73 0.695
37 38 0.807
37 93 0.513
37 88 0.955
37 94 0.789
37 80 0.867
37 43 0.393
37 50 0.245
37 60 0.024
37 86 0.399
37 99 0.235
37 57 0.354
37 74 0.379
37 56 0.581
37 61 0.157
37 63 0.159
37 64 0.138
37 66 0.155
37 69 0.215
37 77 0.301
37 78 0.316
37 82 0.342
37 85 0.13
37 92 0.032
37 42 0.129
37 45 0.128
37 54 0.173
37 55 0.113
37 62 0.149
37 65 0.27
37 71 0.055
37 81 0.22
37 97 0.141
37 98 0.131
37 40 0.13
37 46 0.18
37 48 0.178
37 51 0.2
37 52 0.209
37 53 0.156
37 59 0.053
37 90 0.084
37 95 0.179
37 96 0.129
38 76 0.682
38 62 0.954
38 98 0.943
38 84 0.989
38 63 0.803
38 79 0.413
38 67 0.981
38 53 0.82
38 43 0.266
38 48 0.385
38 49 0.652
38 70 0.54
38 41 0.367
38 64 0.258
38 74 0.477
38 90 0.054
38 96 0.413
38 52 0.185
38 65 0.184
38 97 0.263
38 40 0.535
38 59 0.222
38 42 0.153
38 44 0.12
38 54 0.317
38 56 0.284
38 87 0.03
38 94 0.056
38 46 0.152
38 55 0.036
38 60 0.192
38 75 0.104
38 82 0.165
38 83 0.148
38 88 0.024
38 99 0.149
38 50 0.113
38 51 0.158
38 69 0.132
38 71 0.151
38 77 0.112
38 81 0.151
38 85 0.187
38 89 0.122
38 91 0.199
38 93 0.139
38 95 0.132
39 98 0.599
39 65 0.9
39 86 0.527
39 76 0.983
39 70 0.691
39 81 0.436
39 83 0.197
39 57 0.172
39 71 0.042
39 88 0.031
39 85 0.208
39 91 0.215
39 49 0.268
39 64 0.049
39 67 0.225
39 55 0.165
39 63 0.221
39 48 0.186
39 51 0.223
39 62 0.062
39 73 0.094
39 78 0.159
39 45 0.143
39 46 0.173
39 47 0.193
39 53 0.181
39 66 0.406
39 82 0.186
39 92 0.275
39 40 0.154
39 41 0.127
39 50 0.161
39 56 0.129
39 60 0.161
39 75 0.11
39 79 0.161
39 87 0.135
39 93 0.106
39 94 0.162
39 95 0.134
39 97 0.146
40 73 1
40 99 0.443
40 47 0.661
40 70 0.813
40 43 0.502
40 68 0.833
40 57 0.124
40 76 0.115
40 90 0.206
40 52 0.052
40 55 0.39
40 56 0.096
40 42 0.171
40 58 0.194
40 78 0.359
40 96 0.066
40 48 0.302
40 50 0.113
40 54 0.114
40 75 0.135
40 77 0.159
40 85 0.085
40 95 0.046
40 51 0.124
40 53 0.088
40 59 0.149
40 65 0.141
40 67 0.088
40 81 0.187
40 82 0.231
40 83 0.141
40 87 0.207
40 89 0.147
40 91 0.165
40 94 0.097
40 45 0.181
40 49 0.147
40 60 0.113
40 63 0.156
40 71 0.181
40 72 0.126
40 74 0.113
40 79 0.129
40 84 0.077
40 86 0.186
40 88 0.162
40 93 0.138
40 97 0.145
41 76 0.791
41 72 0.945
41 47 0.641
41 84 0.748
41 96 0.283
41 45 0.301
41 60 0.175
41 81 0.02
41 67 0.132
41 78 0.472
41 80 0.312
41 94 0.1
41 65 0.252
41 77 0.109
41 71 0.234
41 85 0.289
41 87 0.294
41 91 0.139
41 61 0.064
41 66 0.087
41 74 0.182
41 79 0.408
41 83 0.142
41 89 0.086
41 90 0.093
41 55 0.131
41 63 0.24
41 73 0.181
41 82 0.171
41 95 0.115
41 97 0.226
41 98 0.106
41 43 0.109
41 46 0.157
41 50 0.15
41 51 0.165
41 52 0.121
41 53 0.132
41 59 0.167
41 68 0.19
41 75 0.131
41 86 0.186
41 92 0.114
41 93 0.176
41 99 0.138
42 55 1
42 85 0.9
42 56 0.717
42 76 1
42 44 0.74
42 45 0.033
42 48 0.166
42 91 0.086
42 59 0.253
42 63 0.169
42 65 0.229
42 75 0.102
42 49 0.304
42 53 0.055
42 60 0.369
42 66 0.133
42 69 0.181
42 71 0.441
42 72 0.156
42 81 0.095
42 97 0.128
42 54 0.292
42 64 0.123
42 67 0.156
42 87 0.186
42 43 0.22
42 47 0.099
42 79 0.201
42 83 0.137
42 88 0.195
42 50 0.111
42 57 0.173
42 62 0.145
42 70 0.217
42 74 0.185
42 77 0.127
42 84 0.134
42 89 0.155
42 90 0.121
42 93 0.105
42 94 0.137
42 99 0.152
43 91 0.721
43 90 0.804
43 61 1
43 49 0.613
43 79 0.825
43 58 0.915
43 95 0.832
43 78 0.922
43 51 0.781
43 54 0.801
43 88 0.436
43 84 0.252
43 93 0.474
43 64 0.121
43 74 0.425
43 59 0.092
43 57 0.341
43 66 0.241
43 81 0.165
43 99 0.075
43 62 0.278
43 67 0.228
43 85 0.166
43 87 0.133
43 89 0.194
43 98 0.094
43 45 0.074
43 50 0.157
43 56 0.154
43 60 0.204
43 70 0.089
43 80 0.134
43 86 0.186
43 92 0.157
43 94 0.205
43 46 0.146
43 48 0.139
43 52 0.127
43 53 0.134
43 55 0.095
43 63 0.115
43 68 0.155
43 71 0.136
43 72 0.214
43 73 0.153
43 75 0.123
43 77 0.131
43 82 0.16
43 83 0.144
43 96 0.122
44 50 1
44 67 1
44 76 0.992
44 91 0.967
44 47 0.552
44 61 0.105
44 96 0.542
44 55 0.158
44 68 0.31
44 84 0.689
44 70 0.396
44 54 0.273
44 60 0.173
44 73 0.165
44 52 0.054
44 62 0.116
44 72 0.126
44 89 0.053
44 98 0.001
44 45 0.061
44 51 0.561
44 71 0.116
44 79 0.225
44 81 0.006
44 92 0.189
44 64 0.476
44 65 0.144
44 78 0.144
44 82 0.154
44 87 0.299
44 46 0.274
44 63 0.193
44 83 0.299
44 57 0.167
44 58 0.157
44 59 0.084
44 80 0.112
44 95 0.182
44 99 0.184
45 64 0.817
45 80 0.805
45 60 0.831
45 70 0.927
45 73 0.617
45 81 0.904
45 59 0.196
45 82 0.402
45 49 0.239
45 52 0.172
45 50 0.26
45 62 0.182
45 65 0.274
45 67 0.412
45 79 0.408
45 96 0.271
45 97 0.228
45 51 0.177
45 95 0.146
45 92 0.149
45 46 0.11
45 54 0.208
45 56 0.197
45 57 0.125
45 66 0.218
45 69 0.145
45 74 0.132
45 75 0.138
45 86 0.258
45 87 0.185
45 89 0.156
45 99 0.333
45 58 0.16
45 68 0.152
45 71 0.12
45 72 0.165
45 76 0.17
45 78 0.139
45 84 0.135
45 88 0.166
46 98 0.744
46 94 0.703
46 78 0.677
46 51 0.75
46 96 0.536
46 87 0.254
46 58 0.35
46 77 0.303
46 79 0.59
46 82 0.195
46 83 0.115
46 99 0.141
46 93 0.25
46 48 0.432
46 92 0.192
46 53 0.166
46 71 0.059
46 88 0.144
46 49 0.343
46 56 0.112
46 63 0.064
46 66 0.313
46 67 0.121
46 91 0.181
46 54 0.304
46 64 0.003
46 72 0.152
46 74 0.139
46 81 0.1
46 89 0.177
46 50 0.158
46 52 0.136
46 59 0.162
46 60 0.18
46 65 0.142
46 68 0.117
46 70 0.137
46 73 0.174
46 76 0.165
46 80 0.148
46 84 0.195
46 95 0.17
46 97 0.148
47 66 0.988
47 56 0.571
47 55 0.662
47 93 0.858
47 72 0.177
47 99 0.069
47 82 0.701
47 86 0.043
47 54 0.31
47 79 0.057
47 51 0.1
47 65 0.025
47 78 0.263
47 85 0.217
47 92 0.234
47 48 0.204
47 57 0.107
47 60 0.314
47 68 0.152
47 69 0.13
47 71 0.163
47 73 0.152
47 76 0.088
47 77 0.131
47 91 0.068
47 49 0.129
47 50 0.135
47 53 0.181
47 59 0.146
47 61 0.184
47 63 0.128
47 64 0.107
47 67 0.118
47 70 0.23
47 74 0.156
47 75 0.164
47 80 0.167
47 81 0.139
47 83 0.14
47 84 0.163
47 90 0.166
47 94 0.158
47 95 0.138
47 97 0.145
48 98 0.275
48 97 0.564
48 79 0.829
48 84 1
48 54 0.614
48 61 0.56
48 78 0.752
48 70 0.512
48 49 0.628
48 58 0.622
48 63 0.328
48 86 0.589
48 95 0.425
48 99 0.052
48 52 0.255
48 53 0.15
48 75 0.16
48 66 0.169
48 89 0.251
48 90 0.115
48 94 0.333
48 55 0.161
48 56 0.197
48 59 0.091
48 71 0.138
48 80 0.135
48 93 0.18
48 96 0.132
48 50 0.138
48 51 0.164
48 64 0.126
48 67 0.154
48 69 0.103
48 72 0.168
48 73 0.117
48 74 0.149
48 76 0.158
48 77 0.173
48 83 0.149
48 85 0.128
48 87 0.152
48 91 0.154
49 69 0.549
49 72 0.7
49 70 1
49 52 0.846
49 53 0.665
49 59 0.53
49 83 0.638
49 56 0.174
49 98 0.127
49 73 0.408
49 94 0.061
49 54 0.063
49 67 0.113
49 80 0.239
49 88 0.03
49 64 0.194
49 68 0.112
49 76 0.051
49 93 0.073
49 55 0.063
49 58 0.155
49 61 0.206
49 84 0.212
49 86 0.129
49 89 0.119
49 96 0.222
49 97 0.046
49 99 0.15
49 57 0.166
49 65 0.133
49 74 0.136
49 78 0.17
49 79 0.176
49 81 0.173
49 82 0.145
49 90 0.2
49 92 0.114
49 95 0.135
50 94 0.658
50 60 0.75
50 58 0.452
50 85 0.597
50 77 0.736
50 56 0.792
50 69 0.176
50 89 0.359
50 59 0.155
50 96 0.266
50 68 0.127
50 70 0.005
50 80 0.193
50 83 0.19
50 65 0.161
50 66 0.184
50 72 0.044
50 92 0.224
50 57 0.195
50 63 0.307
50 88 0.154
50 54 0.178
50 55 0.149
50 74 0.155
50 81 0.14
50 82 0.12
50 87 0.18
50 90 0.181
50 91 0.152
50 93 0.196
50 97 0.163
50 99 0.17
51 75 0.507
51 93 0.531
51 55 0.676
51 58 0.38
51 79 0.096
51 77 0.378
51 70 0.053
51 85 0.34
51 88 0.078
51 96 0.168
51 52 0.116
51 62 0.172
51 63 0.017
51 66 0.466
51 74 0.151
51 80 0.235
51 81 0.169
51 56 0.179
51 65 0.062
51 67 0.071
51 95 0.062
51 57 0.293
51 61 0.156
51 64 0.08
51 69 0.072
51 76 0.155
51 99 0.18
51 59 0.137
51 60 0.174
51 90 0.094
51 92 0.156
52 74 0.836
52 77 0.516
52 93 0.418
52 72 0.22
52 95 0.524
52 57 0.357
52 54 0.199
52 61 0.246
52 56 0.186
52 58 0.088
52 75 0.146
52 82 0.408
52 88 0.087
52 97 0.382
52 59 0.184
52 73 0.134
52 78 0.114
52 79 0.181
52 81 0.103
52 53 0.143
52 55 0.173
52 60 0.161
52 64 0.143
52 66 0.151
52 68 0.156
52 69 0.151
52 70 0.213
52 80 0.165
52 83 0.146
52 87 0.171
52 89 0.145
52 90 0.146
52 91 0.163
52 94 0.191
52 98 0.14
52 99 0.18
53 59 0.585
53 57 0.729
53 66 0.791
53 85 0.923
53 93 0.674
53 97 0.69
53 71 0.035
53 89 0.289
53 58 0.031
53 77 0.217
53 83 0.304
53 56 0.117
53 80 0.127
53 69 0.203
53 87 0.208
53 88 0.26
53 54 0.154
53 60 0.307
53 62 0.357
53 70 0.106
53 74 0.102
53 86 0.169
53 67 0.082
53 68 0.211
53 75 0.152
53 84 0.15
53 91 0.146
53 95 0.262
53 61 0.163
53 64 0.158
53 72 0.178
53 78 0.179
53 79 0.137
53 90 0.143
53 94 0.098
53 99 0.166
54 70 0.787
54 55 0.712
54 96 0.405
54 81 0.682
54 94 0.493
54 79 0.539
54 97 0.124
54 62 0.088
54 65 0.358
54 68 0.251
54 75 0.148
54 57 0.122
54 58 0.182
54 89 0.164
54 90 0.085
54 91 0.263
54 86 0.291
54 63 0.023
54 71 0.12
54 80 0.272
54 84 0.387
54 88 0.105
54 64 0.101
54 83 0.168
54 92 0.213
54 98 0.181
54 56 0.061
54 60 0.175
54 67 0.149
54 69 0.177
54 72 0.163
54 73 0.145
54 74 0.113
54 76 0.224
54 78 0.184
54 82 0.16
54 87 0.13
54 93 0.14
55 78 0.939
55 99 0.544
55 60 0.875
55 56 0.803
55 73 0.763
55 74 0.424
55 72 0.32
55 71 0.395
55 68 0.001
55 65 0.075
55 85 0.15
55 95 0.145
55 86 0.185
55 88 0.31
55 98 0.258
55 61 0.136
55 81 0.327
55 87 0.141
55 58 0.166
55 63 0.097
55 67 0.148
55 76 0.013
55 79 0.146
55 94 0.097
55 62 0.121
55 69 0.173
55 77 0.119
55 83 0.164
55 91 0.145
55 93 0.08
55 96 0.152
56 93 0.952
56 95 0.84
56 81 0.878
56 68 0.615
56 70 0.563
56 89 0.147
56 59 0.17
56 74 0.225
56 92 0.246
56 64 0.177
56 67 0.28
56 77 0.164
56 80 0.251
56 86 0.232
56 88 0.341
56 61 0.018
56 65 0.124
56 73 0.103
56 75 0.297
56 78 0.247
56 60 0.163
56 84 0.166
56 87 0.186
56 94 0.14
56 96 0.165
56 58 0.174
56 62 0.133
56 63 0.17
56 66 0.157
56 91 0.159
57 77 0.625
57 60 0.642
57 70 0.222
57 72 0.307
57 74 0.335
57 93 0.512
57 59 0.202
57 67 0.447
57 91 0.115
57 85 0.248
57 83 0.309
57 62 0.256
57 65 0.228
57 66 0.122
57 69 0.144
57 75 0.078
57 78 0.142
57 80 0.16
57 84 0.127
57 90 0.08
57 94 0.185
57 61 0.115
57 64 0.191
57 71 0.141
57 76 0.098
57 79 0.178
57 81 0.095
57 82 0.196
57 96 0.138
57 97 0.183
58 96 0.972
58 72 0.817
58 67 1
58 80 0.886
58 95 0.157
58 79 0.225
58 90 0.095
58 60 0.145
58 77 0.104
58 78 0.405
58 59 0.144
58 65 0.368
58 88 0.121
58 89 0.09
58 85 0.148
58 87 0.112
58 91 0.34
58 68 0.113
58 70 0.189
58 73 0.142
58 81 0.148
58 92 0.145
58 93 0.192
58 97 0.167
58 62 0.158
58 71 0.19
58 75 0.16
58 76 0.154
58 82 0.083
58 83 0.178
58 84 0.214
58 86 0.151
58 98 0.124
58 99 0.174
59 65 0.554
59 60 0.599
59 79 1
59 61 0.984
59 63 0.772
59 68 0.591
59 83 0.662
59 73 0.129
59 74 0.354
59 69 0.281
59 71 0.223
59 64 0.164
59 66 0.133
59 70 0.089
59 77 0.136
59 84 0.305
59 87 0.019
59 89 0.086
59 81 0.19
59 85 0.18
59 91 0.125
59 92 0.103
59 94 0.127
59 62 0.17
59 67 0.134
59 72 0.162
59 76 0.192
59 78 0.207
59 82 0.126
59 86 0.171
59 90 0.156
59 93 0.159
59 95 0.181
59 99 0.129
60 82 0.99
60 78 0.793
60 95 0.036
60 84 0.29
60 89 0.188
60 96 0.127
60 86 0.045
60 88 0.388
60 64 0.386
60 67 0.241
60 71 0.153
60 85 0.14
60 87 0.065
60 99 0.18
60 68 0.235
60 93 0.108
60 61 0.226
60 63 0.114
60 69 0.147
60 74 0.255
60 75 0.111
60 77 0.187
60 80 0.13
60 81 0.168
60 90 0.176
60 94 0.136
60 97 0.126
60 65 0.121
60 73 0.112
60 76 0.169
60 83 0.152
60 91 0.153
60 92 0.154
60 98 0.128
61 72 0.584
61 97 0.75
61 87 0.975
61 62 0.026
61 92 0.237
61 95 0.368
61 69 0.014
61 71 0.113
61 74 0.147
61 77 0.085
61 86 0.124
61 88 0.149
61 93 0.102
61 63 0.183
61 66 0.169
61 67 0.124
61 68 0.217
61 81 0.116
61 90 0.433
61 91 0.129
61 76 0.134
61 80 0.126
61 83 0.114
61 84 0.189
61 85 0.134
61 89 0.125
61 94 0.133
61 98 0.165
62 82 0.961
62 70 0.62
62 93 0.079
62 73 0.569
62 76 0.207
62 79 0.347
62 85 0.181
62 63 0.138
62 95 0.053
62 78 0.287
62 99 0.024
62 68 0.172
62 69 0.147
62 72 0.313
62 77 0.143
62 83 0.111
62 71 0.214
62 84 0.12
62 88 0.11
62 90 0.137
62 96 0.143
63 81 0.724
63 71 0.842
63 93 0.728
63 83 0.22
63 73 0.405
63 84 0.592
63 85 0.019
63 89 0.233
63 86 0.318
63 92 0.153
63 97 0.17
63 65 0.054
63 72 0.004
63 79 0.082
63 91 0.011
63 67 0.079
63 68 0.149
63 82 0.144
63 96 0.122
63 64 0.141
63 70 0.129
63 75 0.104
63 76 0.132
63 77 0.111
63 78 0.163
63 88 0.158
63 90 0.18
63 94 0.197
63 95 0.172
63 99 0.098
64 68 0.663
64 70 0.892
64 84 0.639
64 78 0.333
64 81 0.266
64 96 0.305
64 76 0.002
64 69 0.054
64 80 0.125
64 83 0.385
64 90 0.24
64 94 0.184
64 86 0.251
64 87 0.217
64 99 0.162
64 67 0.133
64 73 0.127
64 74 0.165
64 77 0.249
64 82 0.116
64 85 0.147
64 88 0.081
64 91 0.211
64 95 0.093
64 65 0.173
64 89 0.183
64 92 0.15
64 93 0.207
64 97 0.252
65 90 0.667
65 71 0.77
65 99 0.472
65 75 0.106
65 98 0.24
65 79 0.01
65 73 0.058
65 87 0.401
65 70 0.136
65 95 0.178
65 72 0.323
65 74 0.153
65 83 0.162
65 86 0.115
65 94 0.108
65 96 0.13
65 66 0.155
65 67 0.145
65 68 0.137
65 69 0.147
65 76 0.188
65 77 0.142
65 81 0.162
65 89 0.15
65 91 0.162
66 90 0.773
66 86 0.926
66 71 0.786
66 93 0.495
66 85 1
66 77 0.609
66 81 0.044
66 68 0.388
66 70 0.223
66 79 0.218
66 84 0.067
66 94 0.421
66 73 0.275
66 74 0.53
66 98 0.124
66 67 0.099
66 69 0.215
66 76 0.088
66 87 0.25
66 97 0.31
66 78 0.11
66 83 0.184
66 99 0.151
66 82 0.161
66 88 0.151
66 89 0.141
66 92 0.142
66 95 0.159
66 96 0.132
67 72 0.73
67 84 0.873
67 73 0.283
67 69 0.286
67 77 0.221
67 82 0.093
67 95 0.029
67 68 0.374
67 88 0.076
67 74 0.209
67 78 0.197
67 81 0.317
67 85 0.146
67 90 0.092
67 91 0.123
67 75 0.222
67 79 0.198
67 86 0.068
67 89 0.261
67 94 0.334
67 99 0.177
67 76 0.152
67 87 0.146
67 92 0.145
67 93 0.175
67 97 0.209
68 85 0.514
68 96 1
68 81 0.607
68 78 0.487
68 97 0.305
68 99 0.273
68 83 0.171
68 74 0.184
68 76 0.163
68 70 0.168
68 87 0.15
68 90 0.097
68 92 0.132
68 71 0.09
68 73 0.359
68 82 0.184
68 84 0.213
68 89 0.134
68 91 0.181
68 94 0.133
68 98 0.135
68 69 0.168
68 77 0.146
68 79 0.177
68 80 0.145
68 86 0.173
69 89 1
69 82 0.622
69 77 0.959
69 85 0.365
69 84 0.172
69 87 0.141
69 73 0.099
69 91 0.014
69 94 0.225
69 96 0.236
69 72 0.062
69 71 0.152
69 76 0.319
69 80 0.518
69 86 0.115
69 75 0.157
69 78 0.133
69 70 0.128
69 74 0.342
69 88 0.156
69 79 0.201
69 90 0.103
69 93 0.145
69 97 0.147
69 99 0.148
70 95 0.819
70 79 0.743
70 91 1
70 75 0.937
70 76 0.464
70 77 0.157
70 85 0.184
70 74 0.051
70 80 0.066
70 96 0.02
70 71 0.275
70 98 0.119
70 72 0.189
70 82 0.133
70 86 0.18
70 87 0.137
70 88 0.136
70 89 0.156
70 92 0.161
70 97 0.107
71 98 0.72
71 89 0.581
71 79 0.042
71 85 0.401
71 87 0.244
71 97 0.236
71 94 0.351
71 72 0.227
71 84 0.19
71 86 0.097
71 96 0.139
71 99 0.326
71 73 0.106
71 74 0.178
71 76 0.129
71 77 0.117
71 88 0.16
71 93 0.207
72 82 0.706
72 85 1
72 93 0.691
72 78 0.847
72 90 0.005
72 91 0.266
72 77 0.115
72 79 0.221
72 83 0.113
72 84 0.167
72 86 0.042
72 88 0.155
72 97 0.394
72 87 0.097
72 94 0.255
72 81 0.127
72 98 0.076
72 74 0.167
72 75 0.204
72 76 0.11
72 80 0.133
72 89 0.149
72 95 0.125
73 94 0.814
73 80 0.491
73 93 1.0
73 87 0.983
73 82 0.879
73 86 0.962
73 91 0.2
73 76 0.173
73 77 0.141
73 84 0.056
73 75 0.249
73 90 0.206
73 98 0.269
73 78 0.272
73 79 0.019
73 95 0.178
73 81 0.117
73 83 0.097
73 99 0.164
73 74 0.161
73 85 0.133
73 92 0.181
73 96 0.165
73 97 0.183
74 83 0.898
74 97 0.238
74 77 0.756
74 84 0.021
74 87 0.115
74 89 0.275
74 80 0.272
74 82 0.152
74 90 0.125
74 96 0.081
74 95 0.16
74 75 0.106
74 86 0.214
74 94 0.065
74 76 0.106
74 78 0.136
74 79 0.136
74 81 0.141
74 85 0.131
74 88 0.141
74 92 0.135
74 98 0.132
75 87 0.822
75 97 0.069
75 81 0.12
75 84 0.224
75 86 0.102
75 83 0.172
75 92 0.116
75 95 0.237
75 88 0.16
75 89 0.226
75 91 0.164
76 99 0.517
76 91 0.593
76 93 0.962
76 84 0.439
76 87 0.325
76 95 0.227
76 83 0.243
76 77 0.129
76 79 0.312
76 81 0.33
76 88 0.147
76 94 0.164
76 97 0.171
76 85 0.131
76 86 0.14
76 89 0.163
76 90 0.126
76 92 0.141
77 78 0.984
77 90 1
77 89 0.822
77 83 1
77 79 0.743
77 86 0.842
77 80 0.257
77 97 0.229
77 98 0.196
77 88 0.281
77 85 0.125
77 87 0.226
77 92 0.13
77 94 0.161
77 99 0.138
78 89 0.375
78 91 0.573
78 93 0.321
78 83 0.209
78 79 0.056
78 82 0.087
78 95 0.213
78 96 0.169
78 81 0.124
78 84 0.142
78 85 0.145
78 87 0.106
78 90 0.201
78 94 0.181
78 98 0.13
78 99 0.152
79 94 0.986
79 96 0.707
79 85 0.666
79 99 0.784
79 89 0.05
79 83 0.192
79 81 0.283
79 91 0.191
79 80 0.221
79 84 0.2
79 86 0.183
79 88 0.152
79 90 0.125
79 97 0.132
79 98 0.133
80 98 0.749
80 95 0.878
80 88 0.497
80 97 0.23
80 90 0.062
80 87 0.278
80 99 0.237
80 89 0.011
80 92 0.14
80 81 0.174
80 85 0.128
80 86 0.137
81 90 0.754
81 88 0.772
81 97 0.008
81 99 0.033
81 86 0.213
81 95 0.294
81 87 0.165
81 93 0.085
82 90 0.61
82 98 0.944
82 97 0.726
82 85 0.239
82 88 0.346
82 92 0.438
82 95 0.017
82 84 0.144
82 87 0.23
82 89 0.148
82 94 0.164
82 99 0.16
83 98 0.974
83 90 0.166
83 93 0.272
83 84 0.267
83 94 0.161
83 95 0.189
83 85 0.108
83 88 0.047
83 89 0.26
83 96 0.177
83 99 0.041
83 92 0.165
83 97 0.15
84 88 0.629
84 97 0.704
84 85 0.684
84 96 0.042
84 92 0.288
84 95 0.223
84 86 0.208
84 94 0.166
84 99 0.241
84 91 0.089
85 89 0.78
85 93 0.812
85 86 0.056
85 92 0.226
85 87 0.309
85 94 0.101
85 91 0.153
85 90 0.121
85 96 0.198
86 96 0.573
86 88 0.231
86 93 0.203
86 98 0.345
86 90 0.224
86 94 0.139
86 87 0.192
86 89 0.174
86 91 0.163
86 92 0.188
86 95 0.163
87 93 0.386
87 96 0.08
87 94 0.112
87 95 0.245
87 90 0.198
87 89 0.224
87 97 0.168
87 99 0.137
87 91 0.183
87 98 0.203
88 97 0.61
88 90 0.517
88 96 0.518
88 99 0.22
88 94 0.093
88 98 0.212
88 89 0.188
88 93 0.181
88 95 0.122
89 90 0.938
89 91 0.141
89 93 0.183
89 94 0.165
89 96 0.167
89 99 0.148
90 91 0.541
90 98 0.625
90 92 0.064
90 94 0.017
90 97 0.023
90 93 0.131
90 95 0.141
90 99 0.179
91 93 0.316
91 97 0.18
91 94 0.216
91 98 0.252
91 99 0.123
91 92 0.194
91 96 0.178
92 93 0.626
92 95 0.703
92 98 0.037
92 94 0.298
92 96 0.14
92 99 0.166
93 94 0.281
93 97 0.008
93 99 0.229
93 96 0.22
93 98 0.152
94 97 0.762
94 99 0.125
94 98 0.178
95 98 0.296
95 97 0.243
95 99 0.141
96 99 0.775
96 97 0.13
96 98 0.127
97 99 0.972
97 98 0.476
98 99 0.174
