0 99 0.59
0 40 0.723
0 43 1
0 25 0.831
0 4 0.551
0 53 0.556
0 50 0.702
0 66 0.62
0 44 0.535
0 86 0.762
0 16 0.894
0 49 0.595
0 93 0.615
0 5 0.13
0 22 0.155
0 77 0.16
0 96 0.14
0 70 0.165
0 74 0.1
0 88 0.136
0 3 0.149
0 9 0.086
0 13 0.157
0 18 0.139
0 54 0.2
0 55 0.103
0 58 0.086
0 59 0.134
0 64 0.167
0 67 0.154
0 68 0.154
0 72 0.08
0 75 0.122
0 82 0.154
0 84 0.131
0 94 0.212
0 6 0.15
0 11 0.137
0 15 0.151
0 19 0.166
0 20 0.164
0 23 0.12
0 24 0.176
0 26 0.071
0 33 0.165
0 36 0.108
0 39 0.151
0 42 0.132
0 46 0.173
0 48 0.044
0 56 0.152
0 71 0.165
0 73 0.163
0 76 0.122
0 78 0.114
0 80 0.157
0 81 0.145
0 90 0.174
1 96 0.768
1 27 0.925
1 88 0.664
1 57 0.848
1 14 0.918
1 10 0.935
1 23 0.858
1 60 0.797
1 19 0.897
1 20 0.918
1 59 0.976
1 5 0.789
1 43 0.567
1 26 0.657
1 94 0.538
1 25 0.13
1 84 0.121
1 38 0.165
1 52 0.147
1 21 0.131
1 29 0.122
1 32 0.12
1 68 0.162
1 80 0.164
1 7 0.144
1 9 0.141
1 11 0.154
1 15 0.112
1 40 0.132
1 41 0.137
1 47 0.205
1 51 0.13
1 55 0.105
1 63 0.158
1 65 0.163
1 75 0.107
1 82 0.124
1 87 0.161
1 2 0.124
1 6 0.156
1 8 0.132
1 18 0.124
1 22 0.121
1 34 0.098
1 35 0.173
1 36 0.176
1 42 0.122
1 46 0.111
1 48 0.115
1 53 0.152
1 54 0.096
1 58 0.175
1 66 0.088
1 70 0.126
1 72 0.183
1 76 0.135
1 81 0.111
1 83 0.149
1 86 0.156
1 89 0.161
1 90 0.168
1 92 0.197
1 95 0.188
1 99 0.151
2 48 0.781
2 11 0.502
2 43 0.651
2 23 0.769
2 24 0.619
2 8 0.125
2 25 0.134
2 29 0.143
2 36 0.149
2 40 0.144
2 81 0.139
2 91 0.166
2 6 0.122
2 7 0.162
2 14 0.177
2 21 0.161
2 34 0.133
2 41 0.141
2 46 0.16
2 59 0.154
2 60 0.092
2 62 0.17
2 69 0.146
2 71 0.167
2 93 0.202
2 98 0.12
2 10 0.186
2 12 0.188
2 15 0.212
2 16 0.158
2 20 0.122
2 22 0.116
2 27 0.164
2 28 0.167
2 32 0.122
2 33 0.136
2 37 0.216
2 42 0.158
2 47 0.173
2 51 0.136
2 54 0.144
2 56 0.207
2 57 0.169
2 58 0.121
2 61 0.118
2 64 0.187
2 65 0.192
2 67 0.128
2 70 0.192
2 74 0.133
2 76 0.157
2 80 0.177
2 87 0.151
2 89 0.23
2 92 0.126
2 94 0.108
2 95 0.154
2 96 0.114
2 99 0.142
3 84 1
3 41 0.868
3 36 0.596
3 25 0.583
3 56 0.535
3 32 0.888
3 28 0.918
3 14 0.611
3 54 0.926
3 47 0.681
3 95 0.576
3 76 0.532
3 63 0.156
3 69 0.176
3 7 0.146
3 12 0.128
3 30 0.111
3 96 0.183
3 16 0.128
3 18 0.154
3 65 0.141
3 81 0.156
3 8 0.158
3 15 0.155
3 24 0.127
3 40 0.135
3 48 0.153
3 49 0.167
3 52 0.124
3 67 0.112
3 75 0.181
3 79 0.111
3 83 0.123
3 87 0.158
3 91 0.178
3 5 0.104
3 11 0.16
3 19 0.207
3 20 0.153
3 21 0.154
3 23 0.151
3 26 0.182
3 29 0.158
3 31 0.133
3 34 0.137
3 38 0.12
3 44 0.095
3 51 0.15
3 55 0.198
3 57 0.167
3 58 0.151
3 60 0.166
3 61 0.127
3 66 0.118
3 70 0.109
3 71 0.163
3 72 0.176
3 80 0.142
3 82 0.149
3 85 0.133
3 86 0.153
3 88 0.153
3 92 0.171
3 93 0.129
3 97 0.166
3 98 0.151
4 78 0.758
4 47 0.836
4 43 0.777
4 37 0.795
4 95 0.73
4 14 1
4 22 0.704
4 9 0.567
4 99 0.161
4 70 0.101
4 40 0.15
4 63 0.134
4 90 0.148
4 15 0.136
4 29 0.152
4 33 0.139
4 42 0.207
4 45 0.095
4 56 0.124
4 61 0.131
4 67 0.193
4 69 0.101
4 71 0.187
4 81 0.133
4 82 0.18
4 89 0.16
4 92 0.143
4 5 0.112
4 6 0.13
4 10 0.181
4 11 0.141
4 16 0.138
4 18 0.075
4 25 0.205
4 26 0.17
4 35 0.164
4 36 0.146
4 44 0.127
4 49 0.101
4 54 0.173
4 55 0.186
4 60 0.119
4 66 0.155
4 68 0.219
4 74 0.124
4 80 0.1
4 84 0.108
4 86 0.168
4 87 0.14
4 97 0.091
5 19 0.925
5 84 1
5 10 1
5 65 0.589
5 24 0.745
5 21 0.718
5 59 0.72
5 75 0.773
5 70 0.56
5 94 0.614
5 74 0.648
5 89 0.511
5 71 0.115
5 32 0.194
5 33 0.131
5 53 0.164
5 57 0.183
5 98 0.14
5 8 0.188
5 17 0.09
5 35 0.196
5 37 0.125
5 41 0.14
5 83 0.154
5 85 0.137
5 86 0.12
5 88 0.118
5 93 0.139
5 6 0.178
5 11 0.148
5 14 0.177
5 18 0.142
5 25 0.154
5 27 0.127
5 31 0.123
5 36 0.195
5 38 0.174
5 45 0.122
5 46 0.119
5 47 0.174
5 48 0.157
5 50 0.141
5 51 0.176
5 52 0.12
5 56 0.13
5 67 0.175
5 69 0.224
5 72 0.199
5 73 0.077
5 76 0.082
5 77 0.122
5 79 0.129
5 80 0.161
5 96 0.153
5 97 0.037
6 75 0.628
6 73 0.623
6 69 1
6 59 0.777
6 38 0.734
6 20 0.934
6 68 1
6 52 0.857
6 28 0.713
6 29 0.818
6 15 0.772
6 82 1
6 87 0.842
6 83 0.988
6 27 0.654
6 17 0.857
6 12 0.577
6 81 0.134
6 84 0.128
6 24 0.148
6 31 0.163
6 49 0.213
6 70 0.151
6 21 0.166
6 55 0.107
6 79 0.134
6 35 0.167
6 37 0.135
6 41 0.148
6 44 0.147
6 48 0.146
6 64 0.175
6 72 0.122
6 88 0.131
6 95 0.123
6 7 0.108
6 16 0.134
6 22 0.175
6 23 0.167
6 25 0.148
6 26 0.164
6 33 0.136
6 36 0.146
6 39 0.136
6 42 0.16
6 43 0.112
6 45 0.163
6 46 0.139
6 47 0.122
6 50 0.153
6 51 0.137
6 53 0.212
6 57 0.141
6 77 0.148
6 86 0.154
6 90 0.18
6 91 0.126
6 92 0.131
6 97 0.082
7 93 1
7 9 0.883
7 30 1
7 81 0.59
7 82 0.987
7 64 0.983
7 50 0.777
7 26 0.56
7 20 0.534
7 44 0.624
7 23 0.12
7 62 0.178
7 77 0.153
7 97 0.138
7 42 0.111
7 92 0.179
7 19 0.167
7 80 0.131
7 15 0.103
7 27 0.157
7 32 0.172
7 36 0.146
7 37 0.142
7 54 0.147
7 65 0.115
7 66 0.146
7 72 0.141
7 85 0.151
7 87 0.167
7 89 0.12
7 98 0.149
7 10 0.096
7 14 0.178
7 18 0.192
7 22 0.148
7 24 0.159
7 28 0.153
7 33 0.161
7 39 0.154
7 40 0.19
7 46 0.194
7 47 0.126
7 48 0.174
7 49 0.179
7 53 0.139
7 57 0.069
7 59 0.179
7 60 0.137
7 63 0.169
7 67 0.131
7 68 0.157
7 69 0.163
7 70 0.144
7 73 0.118
7 75 0.158
7 76 0.169
7 83 0.146
7 84 0.14
7 86 0.121
7 88 0.212
7 94 0.163
7 99 0.168
8 84 0.633
8 72 0.796
8 63 0.851
8 37 0.976
8 97 0.943
8 11 0.899
8 71 0.592
8 21 0.548
8 55 0.181
8 18 0.14
8 59 0.168
8 94 0.154
8 33 0.171
8 49 0.103
8 52 0.141
8 80 0.159
8 85 0.153
8 90 0.223
8 96 0.146
8 99 0.159
8 9 0.194
8 14 0.159
8 19 0.118
8 23 0.126
8 24 0.151
8 27 0.113
8 31 0.192
8 35 0.09
8 36 0.154
8 42 0.11
8 67 0.145
8 81 0.164
8 89 0.18
8 10 0.163
8 12 0.144
8 13 0.098
8 15 0.147
8 17 0.101
8 26 0.13
8 28 0.146
8 30 0.139
8 32 0.143
8 39 0.204
8 43 0.164
8 46 0.158
8 47 0.095
8 50 0.177
8 56 0.168
8 57 0.15
8 58 0.172
8 61 0.161
8 62 0.138
8 65 0.13
8 68 0.162
8 74 0.142
8 75 0.198
8 76 0.154
8 77 0.211
8 79 0.125
8 82 0.149
8 83 0.176
8 88 0.117
8 92 0.09
8 93 0.153
8 98 0.164
9 14 0.988
9 75 0.731
9 91 0.639
9 44 0.815
9 43 0.703
9 42 0.998
9 70 0.561
9 74 0.14
9 22 0.117
9 83 0.186
9 57 0.177
9 62 0.131
9 11 0.18
9 13 0.117
9 19 0.132
9 21 0.17
9 24 0.146
9 37 0.149
9 59 0.137
9 65 0.131
9 94 0.153
9 96 0.146
9 98 0.16
9 12 0.172
9 15 0.111
9 18 0.13
9 20 0.185
9 23 0.155
9 25 0.17
9 27 0.223
9 29 0.168
9 30 0.092
9 31 0.132
9 38 0.129
9 45 0.194
9 52 0.155
9 55 0.124
9 56 0.167
9 58 0.172
9 60 0.155
9 61 0.175
9 64 0.155
9 66 0.176
9 71 0.118
9 72 0.125
9 76 0.179
9 77 0.152
9 79 0.168
9 84 0.114
9 90 0.175
9 95 0.108
9 97 0.196
10 88 0.879
10 22 0.577
10 80 0.688
10 12 0.552
10 75 0.744
10 71 1
10 94 0.775
10 98 1
10 27 0.96
10 18 0.799
10 36 0.778
10 40 0.901
10 17 0.196
10 20 0.128
10 35 0.113
10 89 0.102
10 92 0.143
10 11 0.193
10 14 0.111
10 15 0.116
10 26 0.124
10 29 0.098
10 43 0.157
10 52 0.164
10 53 0.176
10 59 0.118
10 62 0.142
10 66 0.157
10 81 0.164
10 85 0.143
10 90 0.116
10 95 0.127
10 96 0.171
10 13 0.133
10 16 0.149
10 23 0.12
10 24 0.155
10 28 0.11
10 30 0.121
10 31 0.165
10 33 0.123
10 37 0.152
10 39 0.147
10 41 0.137
10 44 0.182
10 45 0.118
10 50 0.185
10 51 0.16
10 60 0.173
10 64 0.145
10 67 0.141
10 70 0.153
10 78 0.193
10 84 0.177
10 86 0.137
11 89 0.791
11 16 0.682
11 49 0.735
11 71 0.937
11 67 0.742
11 83 0.123
11 25 0.155
11 30 0.163
11 34 0.156
11 35 0.088
11 41 0.167
11 56 0.179
11 66 0.126
11 69 0.134
11 75 0.166
11 96 0.113
11 98 0.135
11 17 0.067
11 19 0.156
11 20 0.184
11 33 0.145
11 43 0.156
11 48 0.194
11 63 0.114
11 64 0.104
11 72 0.13
11 73 0.119
11 82 0.152
11 84 0.125
11 85 0.144
11 93 0.197
11 95 0.114
11 99 0.132
11 12 0.117
11 13 0.179
11 14 0.124
11 18 0.18
11 22 0.102
11 29 0.099
11 32 0.108
11 36 0.171
11 39 0.158
11 44 0.13
11 46 0.117
11 47 0.199
11 51 0.127
11 54 0.148
11 55 0.21
11 57 0.153
11 76 0.207
11 81 0.16
11 88 0.114
11 91 0.113
11 94 0.176
12 13 0.783
12 84 0.907
12 78 0.879
12 63 1
12 21 0.996
12 86 0.929
12 33 1
12 58 0.597
12 70 0.172
12 17 0.159
12 23 0.148
12 26 0.175
12 38 0.145
12 40 0.087
12 41 0.146
12 62 0.089
12 80 0.213
12 16 0.106
12 18 0.193
12 35 0.16
12 44 0.081
12 47 0.138
12 54 0.121
12 56 0.171
12 57 0.166
12 67 0.144
12 74 0.138
12 95 0.179
12 98 0.16
12 14 0.201
12 22 0.154
12 28 0.141
12 34 0.208
12 37 0.109
12 39 0.161
12 43 0.126
12 48 0.121
12 51 0.219
12 52 0.114
12 55 0.134
12 60 0.153
12 61 0.141
12 65 0.198
12 69 0.204
12 71 0.149
12 76 0.123
12 79 0.133
12 81 0.16
12 82 0.202
12 85 0.128
12 87 0.199
12 91 0.15
12 92 0.12
12 93 0.168
12 97 0.127
12 99 0.123
13 70 1
13 83 0.868
13 29 0.735
13 27 0.824
13 16 0.603
13 37 0.73
13 77 0.508
13 74 0.98
13 59 0.527
13 31 0.513
13 89 0.789
13 91 0.15
13 26 0.149
13 51 0.153
13 69 0.13
13 72 0.096
13 87 0.145
13 19 0.163
13 23 0.167
13 35 0.165
13 38 0.147
13 43 0.186
13 47 0.111
13 62 0.168
13 66 0.129
13 75 0.155
13 81 0.126
13 82 0.179
13 98 0.126
13 17 0.134
13 18 0.162
13 22 0.133
13 32 0.142
13 33 0.12
13 42 0.18
13 44 0.107
13 49 0.142
13 52 0.131
13 54 0.136
13 58 0.194
13 60 0.141
13 65 0.156
13 71 0.114
13 73 0.149
13 79 0.105
13 85 0.138
13 86 0.198
13 88 0.137
13 95 0.116
13 96 0.09
14 81 0.864
14 37 0.737
14 19 0.729
14 47 0.835
14 86 0.737
14 20 0.816
14 68 0.554
14 25 0.886
14 46 0.61
14 50 0.816
14 71 0.519
14 89 0.227
14 63 0.194
14 82 0.135
14 99 0.164
14 27 0.118
14 30 0.137
14 31 0.138
14 22 0.151
14 38 0.156
14 41 0.165
14 93 0.121
14 21 0.11
14 35 0.112
14 36 0.128
14 43 0.113
14 44 0.14
14 52 0.194
14 56 0.202
14 58 0.195
14 69 0.226
14 75 0.184
14 87 0.097
14 95 0.097
14 97 0.111
14 17 0.193
14 18 0.214
14 23 0.137
14 29 0.137
14 32 0.128
14 34 0.099
14 40 0.159
14 42 0.142
14 45 0.18
14 48 0.201
14 51 0.133
14 53 0.152
14 54 0.143
14 57 0.137
14 59 0.101
14 61 0.211
14 62 0.109
14 64 0.179
14 74 0.141
14 79 0.187
14 80 0.138
14 84 0.096
14 85 0.13
14 90 0.17
14 94 0.139
14 96 0.117
15 53 1
15 23 0.748
15 56 0.808
15 70 1
15 99 0.683
15 43 1
15 36 0.735
15 80 0.97
15 31 0.749
15 63 0.5
15 95 0.512
15 49 0.126
15 73 0.145
15 87 0.124
15 28 0.122
15 42 0.154
15 46 0.155
15 52 0.187
15 83 0.12
15 22 0.134
15 24 0.126
15 25 0.196
15 32 0.144
15 41 0.123
15 44 0.172
15 48 0.181
15 72 0.126
15 75 0.189
15 84 0.161
15 18 0.157
15 19 0.169
15 20 0.178
15 21 0.174
15 26 0.167
15 27 0.192
15 29 0.141
15 30 0.151
15 33 0.168
15 35 0.139
15 37 0.111
15 39 0.131
15 40 0.166
15 50 0.166
15 59 0.156
15 60 0.126
15 74 0.214
15 76 0.144
15 79 0.102
15 82 0.175
15 94 0.149
16 46 0.958
16 48 1
16 17 0.901
16 73 0.791
16 59 0.719
16 40 0.554
16 83 0.633
16 45 0.106
16 94 0.222
16 34 0.107
16 75 0.183
16 97 0.152
16 22 0.166
16 25 0.113
16 50 0.175
16 78 0.13
16 92 0.136
16 21 0.149
16 26 0.113
16 29 0.129
16 38 0.122
16 39 0.127
16 47 0.112
16 77 0.139
16 84 0.112
16 86 0.18
16 89 0.16
16 91 0.113
16 20 0.081
16 23 0.186
16 24 0.127
16 27 0.165
16 28 0.165
16 35 0.171
16 36 0.106
16 37 0.204
16 41 0.144
16 42 0.135
16 52 0.155
16 54 0.11
16 57 0.133
16 58 0.185
16 60 0.138
16 61 0.157
16 64 0.176
16 65 0.141
16 66 0.124
16 72 0.13
16 74 0.162
16 81 0.148
16 87 0.14
16 90 0.179
16 93 0.183
16 96 0.097
16 99 0.124
17 24 0.995
17 18 0.989
17 44 0.739
17 39 0.119
17 43 0.184
17 94 0.19
17 20 0.156
17 23 0.14
17 52 0.128
17 60 0.181
17 98 0.151
17 77 0.128
17 80 0.149
17 81 0.119
17 82 0.174
17 85 0.095
17 88 0.141
17 93 0.155
17 19 0.126
17 21 0.135
17 26 0.166
17 31 0.161
17 32 0.124
17 33 0.17
17 35 0.137
17 36 0.082
17 37 0.23
17 38 0.224
17 40 0.175
17 41 0.141
17 42 0.143
17 45 0.181
17 46 0.182
17 48 0.103
17 50 0.083
17 51 0.201
17 53 0.196
17 54 0.12
17 56 0.165
17 61 0.124
17 62 0.174
17 63 0.177
17 66 0.138
17 70 0.143
17 72 0.158
17 73 0.137
17 74 0.17
17 75 0.181
17 79 0.122
17 83 0.12
17 91 0.181
17 96 0.128
17 99 0.17
18 56 0.759
18 28 0.826
18 38 0.936
18 86 0.846
18 36 0.758
18 90 0.869
18 20 0.918
18 79 0.93
18 92 0.876
18 45 1
18 19 0.737
18 49 0.893
18 89 0.632
18 81 0.645
18 68 0.58
18 54 0.15
18 24 0.174
18 25 0.201
18 27 0.199
18 37 0.121
18 46 0.154
18 50 0.103
18 52 0.123
18 69 0.161
18 22 0.19
18 23 0.135
18 30 0.123
18 33 0.165
18 34 0.127
18 35 0.145
18 47 0.185
18 53 0.152
18 59 0.124
18 62 0.122
18 65 0.197
18 70 0.153
18 71 0.173
18 75 0.183
18 78 0.17
18 82 0.135
18 83 0.222
18 85 0.101
18 87 0.073
18 91 0.142
18 95 0.159
18 99 0.185
19 81 0.768
19 67 0.717
19 38 1
19 24 1.0
19 55 0.662
19 31 0.981
19 20 0.687
19 39 1
19 35 0.732
19 48 0.957
19 84 0.754
19 65 0.603
19 33 0.551
19 68 0.127
19 28 0.134
19 36 0.163
19 60 0.127
19 94 0.12
19 21 0.195
19 30 0.111
19 42 0.169
19 88 0.173
19 92 0.116
19 98 0.106
19 56 0.155
19 62 0.111
19 64 0.177
19 69 0.149
19 80 0.165
19 90 0.168
19 26 0.157
19 29 0.137
19 32 0.173
19 37 0.129
19 40 0.164
19 43 0.166
19 44 0.102
19 45 0.138
19 47 0.151
19 49 0.161
19 50 0.183
19 51 0.138
19 52 0.189
19 54 0.174
19 58 0.137
19 59 0.156
19 61 0.159
19 66 0.172
19 70 0.106
19 71 0.164
19 72 0.088
19 74 0.134
19 78 0.141
19 85 0.098
19 89 0.124
19 91 0.15
19 95 0.141
19 99 0.125
20 31 0.93
20 53 1
20 71 0.697
20 29 0.799
20 58 0.911
20 79 0.504
20 86 0.861
20 38 0.78
20 78 0.679
20 64 0.764
20 82 0.515
20 80 0.537
20 27 0.149
20 50 0.109
20 84 0.128
20 25 0.17
20 28 0.11
20 33 0.202
20 44 0.156
20 55 0.106
20 63 0.161
20 68 0.173
20 75 0.177
20 81 0.145
20 83 0.186
20 90 0.216
20 93 0.121
20 36 0.129
20 39 0.173
20 40 0.138
20 41 0.091
20 42 0.161
20 46 0.161
20 47 0.158
20 49 0.166
20 54 0.127
20 57 0.095
20 62 0.116
20 66 0.193
20 67 0.155
20 70 0.167
20 72 0.168
20 73 0.145
20 74 0.194
20 85 0.132
20 91 0.201
20 92 0.081
20 94 0.098
20 96 0.132
20 98 0.107
20 99 0.118
21 75 1
21 57 0.874
21 56 0.687
21 99 0.818
21 73 0.907
21 94 0.562
21 59 0.675
21 44 0.639
21 27 0.558
21 29 0.806
21 69 0.663
21 48 0.224
21 90 0.13
21 58 0.142
21 24 0.15
21 39 0.181
21 52 0.111
21 65 0.185
21 70 0.106
21 83 0.165
21 32 0.127
21 35 0.088
21 38 0.154
21 42 0.143
21 55 0.187
21 63 0.164
21 72 0.129
21 74 0.069
21 89 0.158
21 91 0.106
21 22 0.161
21 23 0.1
21 25 0.159
21 26 0.132
21 28 0.168
21 30 0.163
21 33 0.138
21 36 0.165
21 43 0.142
21 47 0.132
21 50 0.15
21 53 0.139
21 54 0.151
21 62 0.14
21 66 0.125
21 67 0.164
21 71 0.135
21 78 0.189
21 79 0.072
21 80 0.151
21 84 0.166
21 86 0.165
21 88 0.186
21 92 0.119
21 96 0.142
21 98 0.1
22 55 0.821
22 44 0.924
22 56 0.505
22 40 1
22 50 0.792
22 33 0.515
22 58 0.621
22 85 0.128
22 24 0.115
22 26 0.13
22 96 0.144
22 27 0.158
22 29 0.12
22 47 0.172
22 63 0.095
22 64 0.136
22 66 0.206
22 67 0.128
22 68 0.105
22 70 0.192
22 79 0.14
22 80 0.146
22 81 0.157
22 82 0.167
22 92 0.186
22 94 0.141
22 95 0.208
22 23 0.18
22 30 0.094
22 31 0.177
22 32 0.105
22 35 0.105
22 36 0.138
22 39 0.13
22 42 0.217
22 43 0.154
22 48 0.171
22 49 0.169
22 54 0.126
22 60 0.113
22 61 0.167
22 65 0.197
22 69 0.161
22 74 0.114
22 75 0.149
22 77 0.117
22 83 0.158
22 89 0.114
22 93 0.105
22 97 0.164
22 99 0.162
23 60 0.539
23 34 0.623
23 55 1
23 49 0.624
23 42 0.989
23 43 0.585
23 79 1
23 77 0.607
23 87 0.673
23 85 0.191
23 36 0.154
23 45 0.15
23 61 0.124
23 24 0.158
23 51 0.147
23 64 0.116
23 66 0.166
23 84 0.175
23 96 0.142
23 30 0.169
23 44 0.137
23 47 0.116
23 54 0.131
23 65 0.152
23 81 0.183
23 88 0.189
23 92 0.142
23 25 0.153
23 27 0.15
23 29 0.155
23 37 0.171
23 38 0.17
23 39 0.077
23 40 0.141
23 46 0.217
23 48 0.101
23 50 0.139
23 52 0.13
23 68 0.106
23 69 0.181
23 70 0.218
23 71 0.122
23 76 0.16
23 86 0.129
23 90 0.181
23 91 0.136
23 94 0.181
23 98 0.151
24 82 0.719
24 30 0.825
24 33 0.638
24 81 0.725
24 26 0.848
24 62 0.802
24 97 0.625
24 60 0.745
24 50 0.18
24 28 0.135
24 32 0.179
24 54 0.131
24 86 0.149
24 94 0.159
24 37 0.2
24 39 0.175
24 41 0.134
24 49 0.075
24 51 0.125
24 75 0.124
24 29 0.12
24 35 0.092
24 38 0.156
24 44 0.144
24 45 0.177
24 46 0.177
24 48 0.228
24 52 0.163
24 53 0.104
24 56 0.159
24 61 0.113
24 63 0.054
24 66 0.152
24 71 0.128
24 72 0.131
24 74 0.122
24 77 0.111
24 78 0.189
24 79 0.121
24 80 0.184
24 85 0.139
24 88 0.144
24 92 0.15
24 93 0.162
24 95 0.156
24 99 0.19
25 91 1
25 68 1
25 55 0.981
25 70 0.96
25 33 0.824
25 63 0.73
25 45 0.68
25 75 0.52
25 66 0.574
25 48 0.529
25 86 0.504
25 82 0.146
25 47 0.145
25 57 0.133
25 29 0.129
25 35 0.129
25 52 0.078
25 53 0.129
25 27 0.141
25 31 0.148
25 36 0.133
25 51 0.144
25 69 0.141
25 81 0.132
25 84 0.193
25 92 0.145
25 94 0.105
25 95 0.098
25 97 0.143
25 26 0.164
25 37 0.188
25 41 0.166
25 42 0.18
25 43 0.19
25 46 0.177
25 54 0.144
25 58 0.153
25 60 0.157
25 62 0.13
25 72 0.157
25 74 0.168
25 76 0.159
25 77 0.158
25 79 0.105
25 89 0.141
25 90 0.104
25 93 0.177
26 27 0.741
26 67 0.508
26 38 0.574
26 81 0.673
26 79 0.645
26 87 0.629
26 47 1
26 60 0.126
26 66 0.2
26 44 0.167
26 86 0.184
26 32 0.144
26 37 0.129
26 41 0.179
26 55 0.112
26 65 0.156
26 88 0.188
26 89 0.18
26 29 0.16
26 33 0.199
26 34 0.164
26 35 0.143
26 36 0.169
26 40 0.1
26 46 0.16
26 50 0.141
26 51 0.184
26 54 0.12
26 56 0.136
26 57 0.149
26 62 0.147
26 64 0.143
26 68 0.105
26 71 0.126
26 72 0.178
26 74 0.196
26 77 0.137
26 80 0.119
26 82 0.165
26 94 0.131
26 96 0.139
27 67 0.614
27 28 0.732
27 41 0.544
27 40 0.601
27 30 0.178
27 50 0.152
27 54 0.175
27 56 0.124
27 60 0.171
27 64 0.133
27 32 0.121
27 36 0.094
27 42 0.146
27 44 0.115
27 57 0.168
27 62 0.089
27 63 0.166
27 66 0.099
27 69 0.134
27 74 0.087
27 75 0.18
27 85 0.158
27 33 0.132
27 37 0.171
27 38 0.109
27 48 0.153
27 49 0.18
27 51 0.155
27 53 0.129
27 70 0.101
27 71 0.153
27 72 0.103
27 76 0.12
27 77 0.087
27 78 0.158
27 80 0.165
27 82 0.144
27 86 0.111
27 88 0.147
27 89 0.16
27 95 0.135
27 99 0.135
28 76 0.885
28 59 0.932
28 63 0.807
28 95 0.722
28 41 0.839
28 68 0.942
28 48 1
28 88 0.793
28 81 0.187
28 29 0.144
28 94 0.157
28 45 0.128
28 67 0.112
28 84 0.137
28 91 0.155
28 42 0.121
28 47 0.17
28 55 0.124
28 58 0.165
28 62 0.144
28 78 0.148
28 82 0.136
28 96 0.17
28 30 0.143
28 34 0.191
28 38 0.149
28 44 0.167
28 51 0.177
28 56 0.14
28 61 0.13
28 70 0.15
28 74 0.159
28 75 0.165
28 77 0.117
28 79 0.184
28 83 0.172
28 89 0.168
28 90 0.143
28 92 0.108
28 97 0.182
28 99 0.158
29 40 0.928
29 64 1
29 84 0.953
29 62 0.932
29 52 0.801
29 66 0.851
29 91 0.614
29 50 0.186
29 31 0.098
29 85 0.156
29 69 0.119
29 79 0.075
29 37 0.229
29 41 0.165
29 44 0.103
29 47 0.094
29 53 0.12
29 75 0.188
29 82 0.197
29 88 0.129
29 94 0.131
29 30 0.151
29 32 0.156
29 33 0.158
29 34 0.092
29 35 0.103
29 36 0.16
29 43 0.154
29 45 0.121
29 46 0.103
29 48 0.142
29 49 0.116
29 51 0.165
29 54 0.15
29 55 0.1
29 56 0.144
29 57 0.134
29 61 0.145
29 65 0.132
29 76 0.149
29 77 0.206
29 80 0.134
29 81 0.156
29 83 0.12
29 92 0.136
29 93 0.135
29 99 0.121
30 61 1
30 40 1
30 66 0.862
30 78 0.878
30 55 0.57
30 37 0.721
30 90 0.983
30 42 1
30 75 0.9
30 81 0.157
30 89 0.117
30 33 0.119
30 43 0.138
30 46 0.154
30 50 0.176
30 54 0.141
30 65 0.105
30 79 0.102
30 95 0.144
30 97 0.163
30 31 0.192
30 32 0.165
30 34 0.131
30 38 0.198
30 45 0.192
30 51 0.105
30 52 0.129
30 56 0.161
30 57 0.142
30 58 0.106
30 59 0.195
30 60 0.143
30 62 0.137
30 64 0.148
30 67 0.165
30 72 0.105
30 74 0.148
30 76 0.133
30 77 0.166
30 80 0.145
30 83 0.131
30 84 0.126
30 96 0.147
30 99 0.138
31 75 0.755
31 73 0.92
31 49 0.999
31 62 0.757
31 77 1
31 42 0.763
31 69 0.128
31 83 0.159
31 74 0.166
31 76 0.167
31 89 0.1
31 82 0.149
31 86 0.168
31 87 0.154
31 33 0.104
31 34 0.219
31 35 0.144
31 36 0.127
31 37 0.207
31 38 0.128
31 39 0.159
31 43 0.129
31 46 0.19
31 47 0.141
31 48 0.18
31 51 0.09
31 52 0.145
31 54 0.153
31 55 0.079
31 57 0.226
31 59 0.155
31 65 0.165
31 68 0.129
31 71 0.161
31 72 0.205
31 90 0.131
31 94 0.109
31 95 0.121
32 53 0.729
32 49 0.917
32 41 0.828
32 60 0.828
32 51 0.782
32 46 0.73
32 76 0.697
32 61 1
32 39 0.695
32 56 0.5
32 78 0.151
32 80 0.199
32 35 0.186
32 54 0.089
32 67 0.138
32 74 0.171
32 99 0.156
32 33 0.108
32 34 0.131
32 36 0.174
32 43 0.2
32 48 0.177
32 59 0.088
32 64 0.121
32 69 0.169
32 70 0.165
32 71 0.194
32 72 0.127
32 75 0.125
32 79 0.125
32 83 0.166
32 85 0.162
32 88 0.183
32 89 0.111
32 90 0.145
32 92 0.157
32 93 0.138
33 70 1
33 62 1
33 50 0.616
33 48 0.613
33 63 0.611
33 79 0.206
33 64 0.116
33 81 0.154
33 52 0.162
33 61 0.126
33 69 0.186
33 71 0.118
33 75 0.123
33 80 0.178
33 87 0.095
33 93 0.124
33 94 0.107
33 37 0.156
33 38 0.19
33 44 0.124
33 47 0.149
33 54 0.205
33 56 0.175
33 57 0.205
33 60 0.183
33 65 0.147
33 68 0.164
33 73 0.147
33 74 0.118
33 76 0.168
33 82 0.206
33 85 0.143
33 86 0.142
33 88 0.162
33 91 0.155
33 92 0.15
33 96 0.159
33 97 0.18
34 54 0.858
34 82 0.991
34 65 0.595
34 80 0.611
34 99 0.798
34 78 0.513
34 42 0.579
34 69 0.95
34 58 0.869
34 84 0.582
34 60 0.637
34 93 0.528
34 40 0.106
34 72 0.204
34 37 0.156
34 52 0.172
34 57 0.149
34 63 0.218
34 68 0.148
34 77 0.133
34 48 0.153
34 49 0.203
34 53 0.126
34 61 0.117
34 75 0.147
34 87 0.151
34 35 0.138
34 39 0.172
34 41 0.156
34 44 0.174
34 45 0.142
34 51 0.155
34 70 0.159
34 71 0.176
34 73 0.149
34 79 0.156
34 81 0.133
34 83 0.128
34 85 0.109
34 96 0.155
34 98 0.163
35 41 0.59
35 54 0.728
35 50 0.585
35 84 0.688
35 60 0.545
35 72 0.749
35 45 0.717
35 81 0.926
35 87 0.583
35 55 0.143
35 83 0.143
35 40 0.166
35 53 0.108
35 85 0.201
35 86 0.127
35 97 0.111
35 37 0.197
35 39 0.11
35 49 0.227
35 51 0.151
35 58 0.17
35 64 0.174
35 77 0.134
35 80 0.124
35 98 0.151
35 43 0.158
35 44 0.115
35 46 0.139
35 47 0.12
35 56 0.166
35 59 0.107
35 61 0.135
35 62 0.166
35 63 0.076
35 66 0.174
35 68 0.133
35 71 0.122
35 73 0.19
35 74 0.155
35 78 0.143
35 79 0.16
35 82 0.125
35 90 0.152
35 95 0.186
35 96 0.194
36 99 1
36 87 0.728
36 66 0.9
36 39 1
36 48 0.513
36 96 0.535
36 37 0.101
36 54 0.138
36 76 0.158
36 91 0.178
36 68 0.178
36 77 0.108
36 64 0.194
36 84 0.095
36 41 0.128
36 44 0.192
36 58 0.13
36 73 0.214
36 79 0.15
36 38 0.121
36 40 0.143
36 46 0.116
36 49 0.159
36 50 0.149
36 53 0.097
36 67 0.139
36 69 0.167
36 70 0.206
36 71 0.209
36 72 0.104
36 74 0.109
36 75 0.156
36 78 0.188
36 81 0.134
36 82 0.118
36 83 0.157
36 89 0.132
36 92 0.215
36 95 0.155
37 78 0.676
37 62 0.788
37 52 0.68
37 94 0.5
37 82 0.927
37 90 0.534
37 80 0.148
37 45 0.19
37 85 0.129
37 44 0.126
37 51 0.142
37 54 0.147
37 60 0.182
37 63 0.092
37 64 0.168
37 65 0.161
37 68 0.141
37 76 0.105
37 79 0.097
37 86 0.16
37 87 0.113
37 38 0.101
37 39 0.137
37 41 0.111
37 47 0.192
37 48 0.115
37 50 0.163
37 53 0.104
37 56 0.178
37 66 0.147
37 67 0.148
37 69 0.137
37 73 0.184
37 75 0.128
37 88 0.159
37 89 0.172
37 91 0.094
37 92 0.098
37 95 0.16
38 82 0.638
38 85 0.768
38 80 0.554
38 59 1
38 90 0.864
38 96 0.812
38 86 0.687
38 78 0.166
38 48 0.173
38 60 0.132
38 39 0.204
38 41 0.154
38 45 0.067
38 49 0.13
38 52 0.177
38 54 0.13
38 58 0.147
38 64 0.192
38 88 0.143
38 97 0.149
38 42 0.223
38 51 0.12
38 55 0.129
38 61 0.127
38 63 0.174
38 65 0.132
38 66 0.175
38 68 0.133
38 70 0.13
38 76 0.111
38 87 0.158
38 89 0.163
38 94 0.151
38 95 0.182
38 98 0.139
39 55 0.712
39 82 1
39 52 0.883
39 61 0.713
39 72 1
39 77 0.948
39 75 0.518
39 84 0.166
39 42 0.178
39 88 0.123
39 92 0.157
39 49 0.134
39 73 0.164
39 62 0.188
39 68 0.165
39 79 0.148
39 85 0.127
39 86 0.185
39 93 0.177
39 98 0.177
39 99 0.176
39 40 0.158
39 46 0.167
39 53 0.179
39 54 0.163
39 56 0.171
39 58 0.186
39 60 0.175
39 63 0.137
39 64 0.131
39 65 0.128
39 66 0.131
39 70 0.156
39 74 0.155
39 76 0.139
39 78 0.153
39 80 0.141
39 81 0.17
39 83 0.128
39 91 0.155
39 94 0.158
39 97 0.123
40 78 0.636
40 57 0.83
40 56 0.69
40 81 0.989
40 69 0.642
40 85 0.797
40 89 0.655
40 59 0.951
40 46 0.583
40 45 0.571
40 62 0.624
40 48 0.171
40 60 0.175
40 99 0.127
40 58 0.12
40 61 0.123
40 94 0.15
40 70 0.157
40 73 0.136
40 79 0.105
40 42 0.132
40 54 0.163
40 64 0.087
40 66 0.155
40 75 0.185
40 76 0.163
40 82 0.168
40 87 0.144
40 88 0.109
40 92 0.143
40 93 0.14
41 50 0.913
41 62 0.916
41 43 0.927
41 88 0.771
41 97 0.899
41 57 1
41 90 0.758
41 86 0.812
41 52 0.114
41 73 0.116
41 92 0.137
41 77 0.134
41 85 0.176
41 44 0.165
41 58 0.153
41 64 0.149
41 68 0.091
41 78 0.134
41 79 0.191
41 93 0.092
41 47 0.155
41 48 0.167
41 51 0.149
41 55 0.096
41 56 0.173
41 59 0.168
41 60 0.193
41 61 0.106
41 63 0.143
41 65 0.13
41 67 0.131
41 69 0.086
41 76 0.096
41 80 0.18
41 82 0.122
41 84 0.147
41 89 0.17
41 94 0.175
42 68 0.529
42 93 0.953
42 56 0.752
42 59 0.763
42 71 0.869
42 76 0.711
42 89 0.585
42 99 0.647
42 62 0.168
42 67 0.171
42 73 0.167
42 91 0.141
42 48 0.163
42 53 0.132
42 72 0.174
42 90 0.135
42 95 0.162
42 96 0.131
42 45 0.129
42 51 0.173
42 52 0.138
42 55 0.088
42 57 0.163
42 60 0.116
42 64 0.187
42 66 0.149
42 70 0.122
42 74 0.173
42 75 0.167
42 79 0.16
42 81 0.141
42 83 0.167
42 85 0.146
42 94 0.252
43 61 0.668
43 50 0.751
43 70 0.59
43 88 1
43 79 0.672
43 52 0.62
43 44 0.528
43 62 0.148
43 67 0.157
43 47 0.142
43 57 0.15
43 73 0.134
43 76 0.145
43 81 0.131
43 45 0.111
43 77 0.155
43 80 0.104
43 82 0.185
43 86 0.085
43 91 0.197
43 46 0.154
43 48 0.134
43 53 0.166
43 54 0.127
43 55 0.175
43 56 0.148
43 58 0.117
43 63 0.15
43 64 0.191
43 66 0.174
43 68 0.213
43 71 0.122
43 72 0.141
43 74 0.122
43 78 0.164
43 83 0.141
43 84 0.191
43 85 0.201
43 87 0.156
43 89 0.119
43 92 0.162
43 95 0.138
43 97 0.129
44 93 0.591
44 82 0.131
44 86 0.134
44 78 0.127
44 46 0.161
44 51 0.138
44 52 0.138
44 59 0.142
44 61 0.107
44 73 0.162
44 75 0.147
44 94 0.139
44 96 0.155
44 45 0.101
44 47 0.165
44 49 0.174
44 50 0.159
44 54 0.168
44 64 0.124
44 69 0.141
44 72 0.132
44 81 0.105
44 83 0.151
44 84 0.156
44 88 0.083
44 89 0.137
44 99 0.136
45 61 1
45 71 0.984
45 73 0.586
45 48 0.643
45 53 1.0
45 68 0.525
45 55 0.162
45 91 0.133
45 64 0.146
45 81 0.146
45 98 0.13
45 46 0.173
45 47 0.156
45 50 0.178
45 59 0.143
45 62 0.104
45 69 0.157
45 75 0.169
45 79 0.164
45 80 0.191
45 82 0.157
45 83 0.16
45 85 0.119
45 87 0.123
45 90 0.12
45 95 0.129
45 96 0.153
46 92 0.925
46 97 0.802
46 83 0.65
46 88 0.589
46 89 0.524
46 85 0.716
46 90 0.211
46 56 0.196
46 64 0.17
46 47 0.167
46 59 0.197
46 63 0.099
46 67 0.138
46 68 0.174
46 81 0.111
46 49 0.161
46 50 0.155
46 51 0.107
46 52 0.174
46 53 0.147
46 55 0.112
46 57 0.15
46 58 0.151
46 60 0.134
46 61 0.137
46 62 0.21
46 74 0.124
46 76 0.173
46 77 0.08
46 79 0.157
46 80 0.133
46 82 0.106
46 93 0.096
46 94 0.154
46 95 0.14
46 98 0.173
47 68 1
47 57 0.801
47 66 0.643
47 82 0.905
47 72 0.993
47 48 0.583
47 90 0.192
47 53 0.173
47 69 0.094
47 74 0.178
47 98 0.152
47 63 0.122
47 78 0.162
47 83 0.193
47 49 0.133
47 54 0.121
47 60 0.178
47 62 0.089
47 64 0.182
47 71 0.189
47 73 0.154
47 76 0.181
47 77 0.196
47 85 0.19
47 87 0.189
47 88 0.149
47 89 0.144
47 91 0.139
47 93 0.188
47 99 0.153
48 69 0.893
48 84 0.902
48 99 0.952
48 74 0.904
48 83 0.918
48 88 0.174
48 59 0.162
48 66 0.193
48 53 0.196
48 54 0.158
48 58 0.16
48 60 0.111
48 61 0.188
48 76 0.115
48 91 0.138
48 97 0.137
48 49 0.11
48 50 0.142
48 64 0.13
48 68 0.193
48 72 0.167
48 75 0.147
48 77 0.135
48 78 0.132
48 79 0.193
48 81 0.095
48 87 0.186
48 90 0.145
48 96 0.104
48 98 0.125
49 80 0.826
49 70 0.882
49 56 1
49 66 0.67
49 63 0.665
49 83 0.166
49 82 0.202
49 95 0.179
49 51 0.131
49 53 0.139
49 58 0.171
49 65 0.158
49 71 0.157
49 77 0.157
49 78 0.158
49 79 0.154
49 84 0.133
49 86 0.098
49 87 0.174
49 91 0.179
49 98 0.19
50 71 0.871
50 67 0.764
50 91 0.753
50 65 0.622
50 92 0.591
50 61 0.147
50 62 0.114
50 57 0.129
50 68 0.187
50 69 0.15
50 72 0.139
50 74 0.157
50 83 0.194
50 56 0.138
50 63 0.145
50 76 0.174
50 81 0.114
50 84 0.163
50 98 0.137
50 99 0.142
51 59 0.972
51 83 0.673
51 85 0.854
51 64 1
51 72 1
51 77 0.912
51 62 0.687
51 90 0.651
51 65 0.767
51 73 0.108
51 69 0.127
51 56 0.185
51 63 0.146
51 67 0.166
51 70 0.218
51 74 0.165
51 75 0.171
51 80 0.113
51 89 0.171
51 96 0.184
51 60 0.149
51 66 0.109
51 71 0.165
51 76 0.18
51 78 0.088
51 79 0.13
51 81 0.175
51 84 0.119
51 86 0.122
51 91 0.096
51 93 0.223
51 94 0.077
51 97 0.142
51 98 0.174
52 92 0.743
52 61 0.99
52 88 0.738
52 84 1
52 98 0.799
52 65 0.978
52 93 0.845
52 58 0.818
52 69 0.175
52 60 0.123
52 75 0.166
52 86 0.155
52 53 0.185
52 54 0.167
52 56 0.147
52 57 0.125
52 64 0.147
52 66 0.147
52 68 0.164
52 70 0.1
52 71 0.097
52 74 0.147
52 77 0.13
52 83 0.157
52 87 0.139
52 91 0.173
52 96 0.167
53 77 0.841
53 95 0.76
53 82 0.622
53 64 0.526
53 98 0.915
53 61 0.161
53 70 0.129
53 85 0.165
53 59 0.142
53 62 0.171
53 63 0.169
53 80 0.173
53 92 0.19
53 93 0.169
53 94 0.107
53 96 0.171
53 54 0.125
53 56 0.159
53 57 0.191
53 58 0.169
53 60 0.127
53 68 0.163
53 69 0.15
53 74 0.162
53 76 0.128
53 81 0.126
53 83 0.109
53 84 0.135
53 86 0.12
53 87 0.105
53 89 0.118
54 69 0.613
54 81 0.546
54 67 0.539
54 60 0.608
54 79 0.701
54 57 0.943
54 75 0.625
54 97 0.69
54 89 0.598
54 63 0.532
54 95 0.501
54 59 0.122
54 66 0.149
54 73 0.158
54 80 0.155
54 78 0.13
54 84 0.144
54 94 0.215
54 55 0.175
54 56 0.169
54 58 0.137
54 61 0.12
54 62 0.148
54 72 0.104
54 77 0.201
54 86 0.187
54 87 0.195
54 90 0.172
54 91 0.147
54 98 0.146
54 99 0.134
55 83 0.836
55 72 0.519
55 96 1
55 98 0.783
55 93 0.65
55 99 0.875
55 88 0.555
55 89 0.584
55 91 0.153
55 92 0.161
55 79 0.143
55 56 0.217
55 58 0.131
55 61 0.159
55 78 0.151
55 90 0.131
55 59 0.153
55 60 0.156
55 62 0.212
55 67 0.168
55 69 0.186
55 71 0.156
55 75 0.185
55 81 0.125
55 85 0.201
55 94 0.14
56 68 0.652
56 81 0.765
56 70 0.808
56 66 0.763
56 74 0.873
56 80 0.603
56 58 0.164
56 65 0.116
56 69 0.135
56 77 0.188
56 87 0.173
56 98 0.15
56 61 0.129
56 72 0.162
56 73 0.143
56 75 0.138
56 78 0.182
56 79 0.12
56 85 0.134
56 86 0.136
56 89 0.134
56 90 0.154
56 91 0.218
56 92 0.131
56 93 0.118
56 96 0.133
57 99 0.554
57 60 0.814
57 67 0.652
57 74 0.856
57 63 0.747
57 85 0.883
57 65 0.806
57 59 0.113
57 78 0.102
57 58 0.151
57 77 0.163
57 95 0.157
57 62 0.157
57 81 0.126
57 91 0.217
57 66 0.182
57 75 0.128
57 76 0.163
57 79 0.201
57 83 0.108
57 89 0.198
57 92 0.182
57 93 0.097
57 96 0.163
58 99 0.743
58 75 0.539
58 84 0.551
58 65 1
58 68 0.725
58 88 0.708
58 83 0.135
58 71 0.146
58 90 0.1
58 93 0.08
58 63 0.105
58 64 0.151
58 70 0.16
58 85 0.213
58 86 0.108
58 87 0.16
58 96 0.205
58 97 0.153
58 59 0.152
58 61 0.158
58 66 0.149
58 67 0.187
58 73 0.161
58 74 0.132
58 76 0.183
58 82 0.15
58 89 0.139
58 91 0.061
58 92 0.182
58 95 0.191
58 98 0.165
59 82 1
59 76 0.999
59 87 0.814
59 62 0.779
59 93 0.938
59 99 0.596
59 78 0.561
59 80 0.157
59 88 0.165
59 66 0.174
59 65 0.135
59 69 0.049
59 91 0.201
59 61 0.126
59 64 0.161
59 75 0.17
59 63 0.147
59 67 0.104
59 71 0.114
59 74 0.171
59 77 0.174
59 81 0.116
59 85 0.196
59 86 0.172
59 92 0.138
59 94 0.148
59 96 0.15
59 98 0.151
60 95 1
60 68 0.136
60 91 0.139
60 80 0.133
60 96 0.153
60 74 0.152
60 85 0.134
60 67 0.213
60 86 0.116
60 61 0.166
60 63 0.16
60 64 0.124
60 65 0.179
60 66 0.102
60 73 0.138
60 75 0.143
60 76 0.171
60 78 0.156
60 79 0.116
60 83 0.162
60 89 0.123
60 90 0.172
60 92 0.169
60 97 0.202
60 98 0.162
60 99 0.118
61 79 0.897
61 73 0.895
61 70 0.76
61 83 0.617
61 69 0.144
61 75 0.158
61 77 0.092
61 97 0.151
61 64 0.146
61 66 0.154
61 72 0.148
61 74 0.162
61 80 0.149
61 81 0.165
61 82 0.163
61 86 0.151
61 87 0.135
61 88 0.147
61 90 0.183
61 92 0.226
61 94 0.143
61 95 0.178
61 96 0.125
61 99 0.109
62 82 0.921
62 95 0.986
62 63 0.671
62 73 0.646
62 94 0.987
62 99 0.578
62 79 0.164
62 98 0.107
62 68 0.137
62 70 0.122
62 96 0.172
62 97 0.158
62 64 0.15
62 65 0.117
62 76 0.121
62 87 0.154
62 88 0.153
62 91 0.188
62 92 0.116
63 77 0.143
63 78 0.129
63 94 0.036
63 66 0.129
63 68 0.212
63 85 0.064
63 64 0.174
63 69 0.08
63 72 0.123
63 74 0.174
63 79 0.103
63 80 0.204
63 81 0.197
63 82 0.107
63 83 0.224
63 84 0.17
63 86 0.18
63 93 0.134
63 96 0.135
63 97 0.131
63 98 0.181
63 99 0.151
64 87 0.865
64 74 0.804
64 72 0.642
64 76 0.151
64 71 0.178
64 77 0.169
64 94 0.148
64 65 0.164
64 66 0.13
64 86 0.109
64 91 0.166
64 95 0.219
64 68 0.143
64 70 0.184
64 80 0.142
64 82 0.229
64 85 0.155
64 89 0.153
64 90 0.144
64 92 0.155
64 99 0.137
65 85 0.685
65 98 0.856
65 70 1
65 79 0.76
65 94 0.945
65 73 0.137
65 81 0.243
65 83 0.117
65 72 0.135
65 92 0.161
65 95 0.117
65 66 0.124
65 67 0.193
65 68 0.213
65 71 0.111
65 77 0.121
65 84 0.188
65 86 0.144
65 87 0.177
65 90 0.133
65 93 0.117
66 78 0.637
66 83 0.818
66 89 0.194
66 70 0.16
66 75 0.141
66 91 0.169
66 98 0.204
66 69 0.105
66 74 0.182
66 80 0.17
66 82 0.13
66 84 0.138
66 85 0.154
66 90 0.135
66 99 0.198
67 90 0.935
67 76 0.735
67 83 0.584
67 81 0.192
67 78 0.095
67 82 0.125
67 93 0.226
67 69 0.11
67 71 0.139
67 75 0.122
67 77 0.134
67 84 0.106
67 85 0.177
67 88 0.109
67 91 0.122
67 95 0.21
67 96 0.125
67 98 0.143
68 91 1
68 71 1
68 73 0.881
68 99 0.129
68 69 0.166
68 85 0.172
68 89 0.115
68 97 0.212
68 74 0.166
68 75 0.095
68 76 0.112
68 78 0.134
68 82 0.194
68 83 0.129
68 70 0.15
68 72 0.136
68 77 0.158
68 81 0.092
68 87 0.176
68 88 0.134
68 95 0.147
69 92 0.717
69 76 1
69 91 0.57
69 88 0.512
69 96 0.165
69 74 0.107
69 98 0.189
69 73 0.139
69 78 0.114
69 82 0.143
69 87 0.163
69 70 0.137
69 71 0.183
69 72 0.127
69 81 0.182
69 90 0.174
69 93 0.166
69 99 0.131
70 97 1
70 75 0.56
70 93 0.588
70 82 0.148
70 72 0.136
70 77 0.17
70 88 0.149
70 94 0.15
70 96 0.14
70 76 0.068
70 79 0.073
70 81 0.15
70 84 0.166
70 85 0.145
70 86 0.165
70 87 0.173
70 90 0.116
70 91 0.126
71 83 0.789
71 76 0.769
71 75 0.13
71 98 0.154
71 73 0.159
71 86 0.093
71 80 0.184
71 84 0.177
71 87 0.131
71 88 0.142
71 89 0.128
71 90 0.112
71 91 0.146
71 93 0.095
71 72 0.158
71 81 0.134
71 85 0.193
71 92 0.15
71 95 0.144
71 96 0.117
72 99 0.606
72 95 1.0
72 98 0.542
72 86 0.141
72 73 0.18
72 74 0.031
72 84 0.158
72 85 0.133
72 87 0.144
72 92 0.204
72 97 0.132
72 75 0.126
72 77 0.177
72 81 0.124
72 82 0.16
72 83 0.144
72 88 0.191
72 89 0.114
72 90 0.153
72 93 0.13
72 94 0.166
72 96 0.133
73 90 1
73 83 0.65
73 99 0.931
73 75 0.909
73 81 0.863
73 88 0.779
73 80 0.512
73 89 0.124
73 82 0.117
73 91 0.141
73 97 0.143
73 76 0.107
73 93 0.121
73 95 0.17
74 99 0.888
74 77 0.827
74 84 0.607
74 91 0.152
74 97 0.168
74 88 0.187
74 95 0.08
74 76 0.147
74 81 0.163
74 83 0.116
74 86 0.12
74 90 0.138
74 96 0.175
75 95 1
75 77 0.602
75 83 0.655
75 80 0.576
75 94 0.182
75 91 0.162
75 81 0.159
75 79 0.189
75 89 0.167
75 82 0.173
75 86 0.147
75 88 0.121
75 96 0.178
75 99 0.17
76 91 0.518
76 95 0.146
76 84 0.114
76 85 0.159
76 98 0.17
76 77 0.12
76 79 0.13
76 80 0.126
76 82 0.207
76 86 0.134
76 87 0.121
76 90 0.152
76 94 0.143
77 78 0.85
77 94 0.862
77 83 0.116
77 97 0.156
77 80 0.157
77 88 0.113
77 79 0.136
77 84 0.185
77 90 0.158
77 91 0.215
77 81 0.125
77 82 0.155
77 92 0.151
77 93 0.193
77 99 0.105
78 97 0.936
78 79 0.854
78 94 0.5
78 91 0.624
78 88 0.14
78 81 0.152
78 93 0.158
78 80 0.17
78 82 0.116
78 86 0.172
78 92 0.124
78 95 0.177
78 96 0.154
78 99 0.088
79 91 0.999
79 82 0.605
79 83 0.126
79 88 0.162
79 97 0.127
79 90 0.119
79 92 0.113
79 93 0.15
79 98 0.146
80 89 0.962
80 82 0.74
80 85 0.741
80 92 0.148
80 91 0.147
80 81 0.124
80 83 0.151
80 84 0.156
80 87 0.166
80 90 0.166
80 93 0.2
80 97 0.136
81 93 0.978
81 88 0.944
81 97 0.715
81 87 0.13
81 90 0.143
81 99 0.132
81 84 0.133
81 91 0.149
81 82 0.197
81 83 0.178
81 92 0.119
81 96 0.084
81 98 0.115
82 91 0.633
82 92 0.136
82 87 0.169
82 89 0.135
83 95 1
83 91 0.614
83 84 0.137
83 85 0.14
83 90 0.122
84 96 0.884
84 98 0.756
84 89 0.565
84 97 0.17
84 85 0.108
84 87 0.152
84 88 0.099
84 90 0.173
84 91 0.082
84 92 0.201
84 95 0.149
85 87 0.859
85 95 0.159
85 91 0.185
85 86 0.094
85 88 0.127
85 97 0.163
85 89 0.143
85 90 0.155
85 92 0.163
85 98 0.11
86 88 0.823
86 95 1
86 89 0.119
86 99 0.172
86 91 0.203
86 93 0.148
86 97 0.173
86 98 0.173
87 93 0.934
87 90 0.161
87 96 0.121
87 99 0.138
87 89 0.15
87 92 0.149
87 95 0.212
88 97 0.668
88 96 0.123
88 94 0.175
88 90 0.183
88 91 0.127
88 92 0.174
88 93 0.108
89 92 1
89 98 0.161
89 91 0.127
89 95 0.107
89 99 0.157
90 92 0.152
90 99 0.135
90 91 0.183
90 93 0.187
90 95 0.154
90 96 0.115
90 97 0.129
91 94 0.158
91 95 0.12
91 96 0.152
91 97 0.171
91 98 0.134
91 99 0.123
92 98 0.163
92 99 0.189
93 95 0.822
93 96 1
93 99 0.16
94 97 0.52
94 95 0.211
94 98 0.121
94 99 0.122
95 96 0.112
95 99 0.106
95 97 0.096
95 98 0.117
96 97 0.128
96 98 0.147
96 99 0.142
97 99 0.202
97 98 0.139
