0 40 1
0 43 0.983
0 25 0.982
0 4 0.565
0 50 0.709
0 66 0.751
0 16 0.63
0 49 0.968
0 68 0.174
0 19 0.17
0 55 0.075
0 58 0.068
0 76 0.22
0 29 0.18
0 54 0.16
0 59 0.168
0 88 0.069
0 3 0.146
0 14 0.282
0 23 0.086
0 24 0.184
0 33 0.136
0 60 0.099
0 61 0.166
0 72 0.138
0 73 0.155
0 90 0.271
0 91 0.349
0 1 0.179
0 2 0.172
0 5 0.165
0 6 0.148
0 7 0.109
0 9 0.134
0 10 0.178
0 13 0.165
0 17 0.175
0 18 0.159
0 20 0.147
0 21 0.159
0 22 0.136
0 27 0.183
0 35 0.185
0 39 0.205
0 41 0.116
0 42 0.155
0 45 0.183
0 47 0.176
0 51 0.187
0 52 0.166
0 62 0.176
0 63 0.144
0 64 0.153
0 65 0.191
0 70 0.102
0 71 0.184
0 74 0.121
0 78 0.121
0 79 0.159
0 80 0.14
0 83 0.186
0 85 0.14
0 87 0.129
0 89 0.181
0 93 0.153
0 94 0.142
0 95 0.188
1 27 0.853
1 57 0.73
1 14 0.549
1 10 0.537
1 23 0.975
1 60 0.63
1 19 0.811
1 20 0.829
1 59 0.926
1 43 0.856
1 26 0.818
1 94 0.953
1 76 0.284
1 66 0.084
1 70 0.022
1 25 0.185
1 6 0.107
1 53 0.162
1 63 0.24
1 5 0.149
1 7 0.149
1 31 0.233
1 44 0.187
1 47 0.132
1 58 0.12
1 69 0.117
1 78 0.127
1 80 0.142
1 83 0.125
1 85 0.137
1 86 0.17
1 93 0.226
1 2 0.148
1 3 0.145
1 8 0.178
1 12 0.163
1 15 0.182
1 16 0.181
1 22 0.178
1 24 0.116
1 28 0.174
1 32 0.164
1 37 0.179
1 39 0.129
1 45 0.155
1 46 0.139
1 48 0.154
1 50 0.123
1 51 0.195
1 52 0.114
1 61 0.168
1 62 0.168
1 68 0.19
1 71 0.164
1 72 0.172
1 73 0.109
1 79 0.179
1 81 0.144
1 87 0.163
1 88 0.168
1 97 0.166
1 98 0.21
1 99 0.164
2 48 0.538
2 65 0.541
2 71 0.122
2 67 0.318
2 80 0.13
2 9 0.174
2 11 0.127
2 15 0.119
2 22 0.175
2 23 0.174
2 31 0.163
2 49 0.272
2 55 0.162
2 84 0.144
2 96 0.178
2 3 0.139
2 8 0.169
2 19 0.095
2 40 0.127
2 47 0.247
2 64 0.171
2 79 0.181
2 92 0.121
2 95 0.17
2 4 0.11
2 5 0.194
2 18 0.176
2 21 0.181
2 26 0.146
2 32 0.147
2 33 0.13
2 34 0.132
2 35 0.173
2 46 0.153
2 51 0.069
2 53 0.187
2 54 0.128
2 57 0.142
2 58 0.107
2 60 0.133
2 61 0.106
2 62 0.148
2 63 0.15
2 68 0.181
2 69 0.142
2 72 0.183
2 73 0.176
2 75 0.168
2 82 0.102
2 93 0.143
2 97 0.183
2 99 0.116
3 84 0.822
3 41 0.894
3 28 0.916
3 14 0.815
3 54 0.833
3 47 0.674
3 95 0.694
3 76 0.677
3 26 0.104
3 21 0.137
3 36 0.172
3 39 0.178
3 51 0.131
3 55 0.169
3 57 0.207
3 79 0.115
3 85 0.181
3 87 0.153
3 4 0.143
3 12 0.03
3 13 0.074
3 20 0.182
3 23 0.268
3 30 0.316
3 42 0.131
3 61 0.146
3 67 0.128
3 68 0.153
3 73 0.133
3 78 0.132
3 89 0.155
3 94 0.067
3 99 0.179
3 6 0.205
3 8 0.152
3 9 0.128
3 10 0.167
3 11 0.175
3 16 0.191
3 27 0.099
3 29 0.088
3 31 0.143
3 35 0.174
3 37 0.125
3 43 0.2
3 44 0.193
3 45 0.204
3 48 0.16
3 49 0.167
3 50 0.126
3 52 0.113
3 59 0.125
3 60 0.102
3 64 0.101
3 70 0.13
3 83 0.127
3 86 0.128
3 90 0.153
3 91 0.171
3 98 0.12
4 78 0.59
4 47 1
4 43 0.809
4 37 0.632
4 95 0.767
4 22 0.984
4 17 0.129
4 34 0.352
4 44 0.102
4 72 0.231
4 93 0.175
4 7 0.252
4 13 0.191
4 19 0.124
4 20 0.086
4 26 0.192
4 45 0.05
4 54 0.12
4 65 0.125
4 83 0.144
4 98 0.188
4 5 0.106
4 8 0.138
4 9 0.187
4 12 0.145
4 16 0.169
4 30 0.159
4 38 0.164
4 39 0.149
4 41 0.108
4 42 0.128
4 53 0.181
4 56 0.177
4 57 0.169
4 61 0.176
4 62 0.163
4 63 0.139
4 64 0.134
4 69 0.17
4 70 0.166
4 74 0.167
4 79 0.103
4 82 0.08
4 85 0.136
4 91 0.112
4 96 0.191
5 19 0.724
5 10 0.951
5 65 0.765
5 24 0.765
5 75 0.919
5 94 0.947
5 74 0.838
5 89 0.738
5 7 0.122
5 35 0.412
5 67 0.162
5 84 0.091
5 99 0.135
5 28 0.229
5 52 0.119
5 77 0.178
5 82 0.194
5 15 0.219
5 42 0.169
5 44 0.183
5 54 0.164
5 63 0.173
5 64 0.082
5 69 0.142
5 80 0.17
5 8 0.157
5 9 0.129
5 11 0.12
5 12 0.145
5 14 0.177
5 16 0.116
5 17 0.135
5 20 0.201
5 22 0.135
5 26 0.165
5 30 0.147
5 31 0.09
5 32 0.137
5 36 0.125
5 37 0.14
5 39 0.161
5 40 0.172
5 45 0.129
5 48 0.149
5 50 0.102
5 51 0.127
5 53 0.149
5 57 0.159
5 58 0.177
5 59 0.098
5 66 0.154
5 68 0.169
5 78 0.169
5 90 0.167
5 96 0.146
6 75 0.782
6 73 0.903
6 69 0.937
6 59 0.421
6 38 0.54
6 20 1
6 68 0.931
6 52 1
6 28 0.914
6 29 0.641
6 15 0.815
6 82 0.871
6 83 0.935
6 17 0.571
6 12 0.769
6 53 0.024
6 91 0.211
6 42 0.193
6 14 0.135
6 16 0.203
6 25 0.343
6 30 0.112
6 40 0.151
6 47 0.178
6 60 0.079
6 61 0.172
6 63 0.222
6 70 0.12
6 77 0.177
6 86 0.193
6 88 0.106
6 13 0.114
6 18 0.135
6 19 0.154
6 21 0.113
6 22 0.153
6 32 0.133
6 36 0.112
6 39 0.124
6 45 0.137
6 46 0.171
6 48 0.192
6 55 0.212
6 56 0.159
6 58 0.143
6 66 0.118
6 72 0.178
6 74 0.15
6 76 0.121
6 80 0.159
6 81 0.188
6 87 0.081
6 90 0.198
6 93 0.136
7 93 0.812
7 9 0.654
7 30 0.878
7 81 0.927
7 82 0.601
7 64 0.368
7 20 0.459
7 44 0.838
7 79 0.194
7 8 0.205
7 95 0.127
7 26 0.16
7 32 0.093
7 84 0.116
7 86 0.125
7 88 0.069
7 16 0.121
7 22 0.175
7 25 0.107
7 27 0.172
7 31 0.108
7 33 0.154
7 35 0.156
7 41 0.162
7 48 0.203
7 51 0.132
7 52 0.112
7 77 0.135
7 92 0.248
7 98 0.142
7 14 0.117
7 17 0.156
7 21 0.195
7 34 0.145
7 36 0.093
7 37 0.075
7 40 0.146
7 42 0.145
7 46 0.171
7 50 0.203
7 54 0.103
7 55 0.154
7 58 0.173
7 61 0.139
7 66 0.187
7 68 0.185
7 70 0.048
7 71 0.165
7 72 0.144
7 73 0.141
7 74 0.131
7 75 0.214
7 80 0.236
7 83 0.183
7 85 0.143
7 87 0.126
7 89 0.185
7 90 0.126
7 91 0.106
7 94 0.098
7 96 0.188
7 97 0.128
7 99 0.172
8 72 0.862
8 63 0.921
8 37 1
8 97 0.976
8 71 0.671
8 95 0.787
8 88 0.023
8 30 0.248
8 65 0.135
8 67 0.208
8 10 0.052
8 12 0.167
8 21 0.136
8 44 0.115
8 46 0.252
8 81 0.139
8 17 0.137
8 22 0.116
8 27 0.004
8 41 0.122
8 51 0.22
8 59 0.116
8 62 0.144
8 77 0.135
8 78 0.152
8 87 0.169
8 90 0.121
8 96 0.104
8 11 0.105
8 14 0.14
8 18 0.138
8 19 0.207
8 24 0.161
8 25 0.134
8 26 0.094
8 28 0.195
8 29 0.146
8 32 0.166
8 33 0.115
8 34 0.225
8 36 0.113
8 39 0.126
8 45 0.148
8 47 0.133
8 48 0.079
8 49 0.151
8 52 0.16
8 60 0.183
8 61 0.163
8 66 0.169
8 75 0.112
8 79 0.162
8 82 0.186
8 84 0.138
8 94 0.167
9 14 0.963
9 91 0.611
9 44 0.912
9 43 0.605
9 52 0.133
9 29 0.015
9 46 0.16
9 22 0.025
9 24 0.187
9 47 0.243
9 50 0.154
9 51 0.174
9 86 0.09
9 13 0.19
9 20 0.258
9 21 0.136
9 27 0.19
9 33 0.14
9 53 0.018
9 56 0.168
9 93 0.113
9 11 0.116
9 12 0.15
9 15 0.164
9 16 0.153
9 17 0.144
9 25 0.157
9 31 0.134
9 35 0.146
9 36 0.108
9 37 0.206
9 38 0.151
9 39 0.14
9 40 0.077
9 41 0.133
9 48 0.161
9 49 0.137
9 54 0.137
9 55 0.147
9 58 0.142
9 60 0.141
9 62 0.157
9 69 0.158
9 70 0.197
9 72 0.164
9 73 0.12
9 74 0.165
9 75 0.21
9 81 0.206
9 87 0.151
9 88 0.22
9 90 0.099
9 92 0.096
9 94 0.112
9 96 0.171
9 97 0.188
9 98 0.174
9 99 0.127
10 88 0.74
10 80 0.659
10 12 0.914
10 75 1
10 71 0.99
10 94 0.806
10 98 1
10 27 0.899
10 36 0.685
10 40 0.764
10 37 0.153
10 22 0.288
10 90 0.041
10 99 0.181
10 13 0.18
10 21 0.165
10 31 0.265
10 39 0.144
10 11 0.127
10 18 0.186
10 19 0.103
10 24 0.215
10 38 0.16
10 47 0.203
10 57 0.169
10 67 0.15
10 78 0.237
10 81 0.201
10 87 0.18
10 89 0.109
10 15 0.181
10 16 0.135
10 17 0.133
10 32 0.142
10 41 0.143
10 44 0.226
10 45 0.125
10 46 0.16
10 50 0.167
10 53 0.163
10 54 0.152
10 55 0.102
10 56 0.144
10 59 0.111
10 60 0.205
10 62 0.137
10 65 0.218
10 76 0.119
10 84 0.132
10 86 0.144
10 91 0.144
10 96 0.131
11 16 0.624
11 49 0.746
11 71 0.699
11 67 0.659
11 14 0.215
11 59 0.192
11 37 0.051
11 44 0.101
11 74 0.207
11 80 0.096
11 86 0.138
11 12 0.138
11 32 0.116
11 36 0.17
11 46 0.137
11 51 0.182
11 54 0.142
11 64 0.152
11 66 0.146
11 93 0.154
11 13 0.165
11 15 0.098
11 18 0.11
11 19 0.155
11 20 0.171
11 21 0.145
11 25 0.101
11 38 0.229
11 42 0.2
11 52 0.134
11 55 0.128
11 58 0.13
11 61 0.17
11 63 0.189
11 65 0.148
11 68 0.144
11 69 0.126
11 72 0.146
11 73 0.118
11 76 0.15
11 77 0.224
11 82 0.215
11 84 0.15
11 90 0.122
11 92 0.143
11 94 0.147
11 96 0.087
11 98 0.136
12 13 0.929
12 84 0.746
12 78 0.614
12 63 1
12 21 0.998
12 33 0.896
12 58 0.835
12 85 0.314
12 40 0.161
12 49 0.098
12 95 0.144
12 52 0.15
12 16 0.072
12 17 0.172
12 18 0.17
12 22 0.169
12 23 0.141
12 24 0.163
12 31 0.117
12 43 0.154
12 45 0.165
12 47 0.028
12 57 0.137
12 64 0.167
12 74 0.154
12 80 0.129
12 83 0.173
12 87 0.199
12 88 0.123
12 91 0.19
12 20 0.16
12 25 0.127
12 27 0.116
12 28 0.215
12 30 0.156
12 37 0.096
12 38 0.147
12 39 0.174
12 51 0.149
12 54 0.136
12 55 0.144
12 59 0.178
12 61 0.106
12 67 0.111
12 76 0.122
12 77 0.182
12 81 0.145
12 82 0.17
12 94 0.191
12 98 0.173
12 99 0.121
13 70 0.922
13 83 0.982
13 27 0.815
13 16 0.689
13 37 0.691
13 77 0.626
13 74 0.897
13 89 0.72
13 54 0.786
13 53 0.506
13 60 0.15
13 95 0.351
13 14 0.173
13 69 0.149
13 73 0.181
13 15 0.171
13 23 0.325
13 24 0.147
13 38 0.018
13 39 0.08
13 44 0.182
13 45 0.138
13 56 0.009
13 58 0.15
13 72 0.168
13 76 0.152
13 82 0.182
13 87 0.105
13 18 0.125
13 21 0.14
13 25 0.16
13 26 0.194
13 28 0.152
13 31 0.156
13 32 0.196
13 34 0.137
13 35 0.182
13 41 0.157
13 43 0.111
13 49 0.164
13 52 0.119
13 57 0.113
13 61 0.12
13 66 0.114
13 71 0.134
13 80 0.099
13 81 0.111
13 85 0.153
13 86 0.131
13 91 0.187
13 94 0.142
13 99 0.145
14 81 0.62
14 19 0.778
14 86 0.602
14 20 0.596
14 25 0.813
14 71 0.714
14 95 0.097
14 29 0.158
14 47 0.121
14 69 0.047
14 33 0.151
14 54 0.112
14 67 0.169
14 68 0.126
14 90 0.136
14 91 0.172
14 26 0.119
14 28 0.161
14 34 0.185
14 43 0.093
14 50 0.168
14 53 0.213
14 55 0.095
14 72 0.115
14 74 0.143
14 98 0.126
14 15 0.203
14 16 0.204
14 23 0.123
14 30 0.145
14 31 0.116
14 32 0.149
14 42 0.172
14 46 0.146
14 51 0.121
14 57 0.171
14 58 0.12
14 62 0.169
14 63 0.116
14 64 0.186
14 66 0.124
14 70 0.11
14 73 0.222
14 76 0.168
14 79 0.165
14 84 0.204
14 99 0.125
15 56 0.888
15 43 1
15 36 0.8
15 80 0.526
15 31 1
15 18 0.166
15 87 0.111
15 97 0.169
15 44 0.124
15 76 0.083
15 65 0.065
15 74 0.31
15 99 0.028
15 17 0.087
15 26 0.195
15 28 0.249
15 29 0.189
15 34 0.143
15 35 0.144
15 39 0.194
15 49 0.168
15 54 0.189
15 60 0.381
15 73 0.134
15 75 0.166
15 89 0.134
15 91 0.168
15 19 0.191
15 21 0.183
15 23 0.145
15 27 0.174
15 30 0.106
15 37 0.169
15 38 0.13
15 40 0.148
15 45 0.157
15 52 0.14
15 53 0.124
15 55 0.104
15 59 0.17
15 61 0.149
15 63 0.162
15 64 0.162
15 66 0.166
15 68 0.148
15 71 0.15
15 72 0.123
15 77 0.147
15 78 0.203
15 81 0.14
15 83 0.161
15 88 0.178
15 90 0.183
15 95 0.172
16 46 0.647
16 48 0.572
16 17 0.883
16 83 0.845
16 33 0.123
16 21 0.05
16 27 0.254
16 50 0.156
16 87 0.145
16 95 0.172
16 20 0.339
16 35 0.139
16 41 0.149
16 75 0.138
16 25 0.085
16 31 0.164
16 38 0.13
16 40 0.183
16 45 0.187
16 52 0.164
16 57 0.163
16 59 0.204
16 66 0.178
16 71 0.125
16 72 0.122
16 76 0.224
16 78 0.153
16 99 0.163
16 22 0.197
16 23 0.165
16 26 0.233
16 29 0.155
16 30 0.151
16 36 0.118
16 56 0.111
16 60 0.176
16 64 0.178
16 67 0.145
16 68 0.15
16 73 0.145
16 74 0.155
16 77 0.171
16 79 0.126
16 82 0.139
16 86 0.13
16 88 0.15
16 92 0.167
16 94 0.195
16 98 0.144
17 24 0.812
17 18 0.936
17 44 0.821
17 21 0.162
17 23 0.247
17 37 0.067
17 22 0.202
17 25 0.001
17 38 0.387
17 41 0.324
17 46 0.035
17 81 0.084
17 31 0.126
17 39 0.144
17 66 0.028
17 69 0.119
17 73 0.176
17 75 0.079
17 79 0.078
17 80 0.353
17 84 0.206
17 90 0.111
17 93 0.134
17 97 0.149
17 99 0.156
17 28 0.163
17 30 0.164
17 32 0.159
17 33 0.178
17 34 0.123
17 35 0.203
17 36 0.14
17 42 0.125
17 50 0.172
17 51 0.118
17 53 0.167
17 54 0.161
17 55 0.098
17 56 0.171
17 58 0.122
17 60 0.157
17 61 0.198
17 65 0.153
17 67 0.109
17 70 0.132
17 71 0.201
17 74 0.16
17 85 0.146
17 89 0.142
17 94 0.096
18 56 0.583
18 28 0.75
18 38 0.643
18 86 1
18 36 0.937
18 90 0.844
18 20 0.644
18 79 0.545
18 92 0.842
18 45 1
18 19 0.781
18 49 0.664
18 81 0.749
18 68 0.934
18 33 0.128
18 55 0.08
18 64 0.095
18 78 0.157
18 24 0.137
18 25 0.155
18 42 0.145
18 43 0.188
18 44 0.174
18 51 0.34
18 75 0.12
18 76 0.124
18 83 0.117
18 84 0.317
18 89 0.17
18 91 0.097
18 23 0.169
18 26 0.13
18 27 0.185
18 31 0.147
18 35 0.159
18 41 0.119
18 54 0.137
18 57 0.135
18 58 0.116
18 61 0.145
18 63 0.165
18 65 0.218
18 66 0.147
18 69 0.167
18 70 0.16
18 71 0.164
18 73 0.129
18 77 0.182
18 85 0.119
18 93 0.182
18 98 0.165
18 99 0.141
19 38 0.869
19 24 0.864
19 55 0.918
19 20 1
19 39 0.537
19 35 0.638
19 84 0.672
19 73 0.953
19 29 0.154
19 47 0.18
19 69 0.051
19 33 0.209
19 42 0.306
19 48 0.148
19 57 0.19
19 60 0.154
19 67 0.058
19 91 0.12
19 21 0.163
19 31 0.182
19 34 0.2
19 40 0.191
19 43 0.113
19 44 0.17
19 46 0.129
19 49 0.156
19 50 0.171
19 52 0.154
19 53 0.133
19 54 0.151
19 56 0.146
19 58 0.14
19 64 0.186
19 66 0.163
19 68 0.108
19 71 0.144
19 76 0.115
19 78 0.14
19 80 0.161
19 81 0.146
19 85 0.128
19 86 0.17
19 87 0.128
19 89 0.173
19 90 0.142
19 95 0.149
19 98 0.166
20 31 0.902
20 53 0.939
20 71 0.742
20 58 1
20 79 0.508
20 86 0.974
20 38 0.656
20 78 1
20 64 0.837
20 62 0.088
20 42 0.296
20 61 0.16
20 73 0.117
20 22 0.193
20 26 0.057
20 23 0.044
20 33 0.157
20 35 0.244
20 36 0.257
20 37 0.102
20 44 0.186
20 60 0.18
20 66 0.146
20 88 0.148
20 93 0.137
20 96 0.159
20 99 0.177
20 24 0.103
20 25 0.136
20 28 0.162
20 40 0.171
20 47 0.16
20 51 0.168
20 54 0.171
20 55 0.088
20 56 0.175
20 72 0.133
20 76 0.128
20 80 0.167
20 81 0.151
20 83 0.176
20 85 0.196
20 87 0.17
20 90 0.164
20 94 0.185
20 97 0.136
20 98 0.116
21 75 1
21 57 0.734
21 99 0.719
21 73 0.944
21 27 0.803
21 29 0.685
21 30 0.183
21 85 0.265
21 89 0.191
21 33 0.173
21 51 0.15
21 54 0.126
21 58 0.251
21 64 0.057
21 24 0.143
21 25 0.151
21 26 0.233
21 35 0.182
21 47 0.154
21 50 0.18
21 52 0.138
21 62 0.171
21 82 0.128
21 93 0.217
21 23 0.158
21 32 0.141
21 39 0.153
21 41 0.122
21 42 0.135
21 45 0.14
21 46 0.183
21 48 0.122
21 49 0.197
21 53 0.134
21 59 0.112
21 61 0.175
21 63 0.173
21 65 0.178
21 66 0.069
21 68 0.131
21 69 0.134
21 70 0.152
21 71 0.177
21 72 0.154
21 74 0.195
21 81 0.132
21 84 0.125
21 87 0.176
21 88 0.151
21 91 0.13
21 92 0.13
21 95 0.129
22 44 0.62
22 40 0.916
22 50 1
22 47 0.635
22 26 0.118
22 57 0.122
22 92 0.113
22 25 0.164
22 28 0.058
22 29 0.158
22 30 0.426
22 31 0.167
22 48 0.243
22 81 0.128
22 85 0.141
22 89 0.057
22 91 0.18
22 93 0.147
22 23 0.113
22 27 0.128
22 35 0.142
22 36 0.198
22 37 0.196
22 38 0.161
22 41 0.158
22 43 0.117
22 45 0.158
22 49 0.197
22 54 0.145
22 59 0.144
22 62 0.132
22 63 0.174
22 64 0.117
22 65 0.141
22 68 0.148
22 70 0.163
22 73 0.096
22 74 0.157
22 75 0.118
22 76 0.126
22 77 0.175
22 80 0.138
22 82 0.147
22 88 0.121
22 90 0.129
22 94 0.199
22 96 0.132
22 99 0.139
23 60 0.597
23 34 0.875
23 55 1
23 49 0.849
23 43 0.934
23 79 0.828
23 77 0.802
23 78 0.51
23 47 0.208
23 94 0.118
23 61 0.159
23 89 0.092
23 95 0.383
23 38 0.113
23 39 0.17
23 58 0.093
23 59 0.101
23 64 0.146
23 71 0.109
23 73 0.162
23 85 0.17
23 92 0.115
23 93 0.18
23 24 0.165
23 28 0.148
23 31 0.184
23 33 0.112
23 42 0.123
23 44 0.169
23 45 0.214
23 51 0.136
23 52 0.16
23 54 0.136
23 57 0.147
23 63 0.118
23 67 0.117
23 68 0.191
23 69 0.152
23 72 0.169
23 74 0.15
23 76 0.111
23 82 0.182
23 86 0.203
23 96 0.177
23 98 0.105
23 99 0.151
24 82 0.927
24 33 0.765
24 81 0.939
24 26 0.979
24 62 0.839
24 60 0.97
24 40 0.128
24 43 0.121
24 52 0.243
24 95 0.164
24 54 0.027
24 87 0.274
24 35 0.083
24 42 0.017
24 44 0.159
24 46 0.117
24 49 0.15
24 51 0.276
24 58 0.163
24 65 0.153
24 66 0.113
24 79 0.134
24 88 0.101
24 90 0.15
24 92 0.133
24 99 0.136
24 25 0.211
24 28 0.12
24 36 0.164
24 37 0.083
24 47 0.149
24 55 0.157
24 64 0.166
24 69 0.175
24 70 0.103
24 71 0.138
24 73 0.173
24 75 0.193
24 80 0.128
24 83 0.127
24 85 0.127
24 86 0.103
24 91 0.084
24 97 0.128
25 91 0.813
25 68 0.899
25 55 0.647
25 70 0.885
25 33 0.738
25 63 0.984
25 66 0.536
25 43 0.79
25 78 0.129
25 42 0.128
25 28 0.28
25 73 0.144
25 80 0.216
25 71 0.065
25 83 0.178
25 30 0.152
25 39 0.133
25 45 0.135
25 57 0.139
25 58 0.158
25 77 0.076
25 88 0.042
25 90 0.158
25 92 0.115
25 26 0.09
25 31 0.154
25 32 0.14
25 41 0.166
25 44 0.173
25 46 0.092
25 48 0.178
25 49 0.099
25 51 0.122
25 53 0.133
25 54 0.173
25 56 0.176
25 60 0.143
25 64 0.095
25 65 0.134
25 67 0.091
25 69 0.162
25 72 0.148
25 74 0.178
25 75 0.227
25 79 0.15
25 81 0.197
25 84 0.16
25 87 0.114
25 89 0.178
25 93 0.098
25 96 0.16
26 27 0.95
26 67 0.789
26 38 0.94
26 81 0.649
26 87 1
26 47 0.949
26 77 0.128
26 82 0.195
26 57 0.136
26 71 0.282
26 91 0.108
26 45 0.14
26 61 0.122
26 74 0.134
26 76 0.213
26 85 0.135
26 28 0.103
26 29 0.184
26 42 0.08
26 43 0.151
26 46 0.22
26 49 0.121
26 75 0.275
26 83 0.306
26 84 0.161
26 99 0.162
26 30 0.141
26 31 0.131
26 32 0.212
26 36 0.142
26 39 0.124
26 40 0.2
26 48 0.083
26 50 0.198
26 52 0.15
26 53 0.203
26 58 0.147
26 59 0.157
26 62 0.187
26 65 0.151
26 66 0.146
26 68 0.175
26 69 0.144
26 73 0.115
26 86 0.158
26 90 0.182
26 92 0.109
26 93 0.134
26 95 0.158
26 96 0.11
26 97 0.162
26 98 0.09
27 41 0.836
27 51 0.13
27 67 0.137
27 74 0.293
27 82 0.324
27 86 0.193
27 93 0.185
27 29 0.101
27 40 0.146
27 50 0.109
27 54 0.096
27 56 0.092
27 58 0.177
27 61 0.17
27 71 0.162
27 83 0.207
27 98 0.143
27 32 0.178
27 33 0.123
27 34 0.11
27 36 0.241
27 42 0.123
27 43 0.174
27 48 0.149
27 52 0.156
27 57 0.162
27 59 0.161
27 60 0.117
27 62 0.183
27 63 0.123
27 66 0.135
27 68 0.152
27 73 0.145
27 75 0.163
27 81 0.204
27 88 0.153
27 89 0.149
27 90 0.175
27 94 0.147
27 95 0.177
27 97 0.142
27 99 0.204
28 59 1
28 63 0.626
28 95 0.729
28 68 0.834
28 48 0.888
28 88 0.737
28 43 0.125
28 69 0.202
28 73 0.161
28 89 0.158
28 32 0.131
28 55 0.13
28 61 0.19
28 65 0.142
28 74 0.03
28 75 0.131
28 82 0.206
28 90 0.128
28 31 0.11
28 33 0.167
28 34 0.218
28 38 0.141
28 41 0.176
28 42 0.155
28 44 0.233
28 45 0.154
28 47 0.135
28 50 0.146
28 51 0.141
28 53 0.113
28 54 0.142
28 56 0.107
28 67 0.092
28 70 0.169
28 71 0.162
28 72 0.172
28 76 0.111
28 80 0.17
28 81 0.153
28 83 0.142
28 86 0.18
28 91 0.144
28 93 0.136
28 94 0.128
28 97 0.143
29 64 0.786
29 84 0.903
29 62 0.937
29 52 0.835
29 66 1
29 75 0.762
29 32 0.03
29 49 0.161
29 33 0.187
29 37 0.158
29 41 0.138
29 74 0.191
29 89 0.138
29 93 0.173
29 95 0.127
29 97 0.025
29 98 0.192
29 30 0.146
29 36 0.158
29 39 0.124
29 43 0.144
29 45 0.141
29 46 0.138
29 48 0.133
29 50 0.175
29 51 0.124
29 53 0.163
29 56 0.139
29 57 0.133
29 58 0.143
29 63 0.155
29 65 0.189
29 69 0.15
29 70 0.196
29 76 0.203
29 77 0.133
29 81 0.125
29 82 0.197
29 83 0.166
29 85 0.119
29 86 0.165
29 87 0.178
29 90 0.089
29 94 0.131
29 99 0.136
30 61 0.869
30 40 0.763
30 66 0.582
30 78 0.893
30 55 0.548
30 90 0.982
30 42 1
30 75 0.884
30 38 0.119
30 45 0.174
30 99 0.108
30 32 0.055
30 44 0.184
30 69 0.026
30 70 0.04
30 88 0.102
30 31 0.161
30 58 0.159
30 59 0.145
30 62 0.212
30 84 0.148
30 34 0.109
30 36 0.164
30 39 0.13
30 41 0.145
30 46 0.156
30 47 0.141
30 51 0.217
30 53 0.187
30 56 0.181
30 60 0.2
30 63 0.19
30 64 0.162
30 65 0.136
30 72 0.136
30 76 0.186
30 77 0.159
30 81 0.127
30 87 0.132
30 91 0.203
30 95 0.14
30 96 0.148
31 75 0.752
31 73 0.908
31 49 0.781
31 62 0.459
31 77 0.925
31 42 0.944
31 93 0.75
31 44 0.752
31 38 0.033
31 90 0.153
31 72 0.151
31 32 0.224
31 36 0.206
31 48 0.142
31 64 0.166
31 67 0.099
31 79 0.139
31 89 0.094
31 96 0.168
31 33 0.12
31 35 0.134
31 43 0.172
31 45 0.132
31 47 0.161
31 51 0.123
31 52 0.166
31 53 0.149
31 55 0.195
31 56 0.12
31 61 0.104
31 63 0.147
31 70 0.136
31 78 0.157
31 80 0.171
31 81 0.145
31 83 0.214
31 84 0.139
31 91 0.18
31 95 0.105
31 97 0.196
32 53 0.939
32 49 0.632
32 41 0.893
32 60 0.85
32 76 0.636
32 61 0.822
32 39 1
32 56 0.806
32 44 0.223
32 62 0.128
32 93 0.156
32 70 0.172
32 73 0.116
32 75 0.335
32 77 0.136
32 90 0.294
32 36 0.101
32 55 0.135
32 74 0.157
32 85 0.116
32 95 0.119
32 97 0.236
32 34 0.16
32 35 0.138
32 37 0.149
32 40 0.176
32 43 0.13
32 46 0.183
32 52 0.133
32 54 0.171
32 58 0.181
32 59 0.108
32 63 0.123
32 71 0.191
32 80 0.199
32 84 0.158
32 91 0.153
32 94 0.148
32 96 0.144
32 98 0.133
33 70 0.891
33 62 0.975
33 48 0.636
33 63 0.684
33 66 0.485
33 54 0.186
33 65 0.154
33 82 0.049
33 98 0.175
33 99 0.155
33 51 0.194
33 69 0.165
33 71 0.14
33 73 0.127
33 78 0.195
33 85 0.162
33 91 0.139
33 34 0.147
33 36 0.211
33 37 0.131
33 38 0.183
33 39 0.184
33 40 0.122
33 41 0.153
33 42 0.149
33 47 0.103
33 50 0.188
33 52 0.141
33 53 0.165
33 55 0.135
33 59 0.121
33 61 0.132
33 64 0.185
33 67 0.193
33 72 0.23
33 74 0.15
33 76 0.128
33 83 0.108
33 89 0.215
33 92 0.195
33 97 0.168
34 54 0.952
34 82 0.866
34 65 0.638
34 99 0.687
34 69 1
34 58 0.937
34 60 0.709
34 91 0.017
34 81 0.124
34 95 0.191
34 41 0.099
34 51 0.061
34 75 0.2
34 77 0.14
34 37 0.204
34 42 0.169
34 49 0.163
34 61 0.137
34 68 0.151
34 74 0.141
34 76 0.127
34 78 0.15
34 87 0.044
34 39 0.134
34 40 0.128
34 43 0.142
34 46 0.096
34 52 0.155
34 57 0.162
34 79 0.16
34 80 0.205
34 86 0.159
34 89 0.124
34 93 0.132
34 96 0.169
34 97 0.212
35 41 1
35 50 0.976
35 72 0.684
35 45 0.629
35 81 1
35 87 0.919
35 52 0.153
35 60 0.31
35 42 0.133
35 51 0.15
35 70 0.16
35 71 0.114
35 74 0.006
35 80 0.122
35 82 0.14
35 92 0.13
35 93 0.102
35 99 0.122
35 39 0.156
35 44 0.145
35 47 0.228
35 48 0.178
35 53 0.113
35 55 0.149
35 61 0.179
35 63 0.161
35 69 0.111
35 73 0.126
35 75 0.134
35 76 0.11
35 77 0.133
35 84 0.156
35 85 0.125
35 89 0.145
35 91 0.163
35 95 0.173
35 96 0.135
36 99 0.751
36 87 0.972
36 66 0.925
36 79 0.285
36 43 0.134
36 60 0.142
36 72 0.093
36 40 0.214
36 52 0.235
36 70 0.208
36 82 0.174
36 85 0.122
36 86 0.197
36 88 0.067
36 89 0.177
36 97 0.156
36 37 0.207
36 39 0.11
36 41 0.169
36 44 0.1
36 45 0.072
36 46 0.173
36 47 0.1
36 48 0.138
36 49 0.187
36 51 0.158
36 54 0.159
36 59 0.124
36 61 0.176
36 62 0.143
36 63 0.201
36 64 0.195
36 67 0.152
36 69 0.1
36 75 0.141
36 76 0.138
36 77 0.149
36 78 0.11
36 83 0.166
36 84 0.109
36 90 0.205
36 92 0.138
36 96 0.136
36 98 0.197
37 78 0.858
37 62 0.999
37 82 0.898
37 90 0.42
37 88 0.15
37 50 0.16
37 51 0.162
37 45 0.093
37 48 0.132
37 53 0.154
37 59 0.14
37 66 0.144
37 69 0.196
37 73 0.142
37 79 0.187
37 89 0.153
37 94 0.149
37 99 0.131
37 41 0.17
37 42 0.165
37 43 0.15
37 47 0.119
37 54 0.19
37 56 0.199
37 57 0.169
37 65 0.196
37 70 0.143
37 76 0.156
37 80 0.123
37 81 0.117
37 83 0.17
37 91 0.19
37 92 0.156
37 93 0.134
37 95 0.12
37 96 0.145
37 98 0.196
38 85 0.877
38 59 1
38 90 0.82
38 96 0.615
38 86 0.845
38 67 0.774
38 79 0.819
38 47 0.132
38 50 0.187
38 56 0.094
38 91 0.173
38 40 0.128
38 51 0.307
38 52 0.108
38 57 0.19
38 61 0.067
38 69 0.157
38 70 0.187
38 74 0.134
38 76 0.181
38 83 0.163
38 42 0.188
38 43 0.109
38 58 0.173
38 63 0.116
38 64 0.204
38 65 0.155
38 72 0.113
38 75 0.104
38 77 0.114
38 80 0.144
38 88 0.18
38 94 0.119
38 95 0.156
38 97 0.194
38 99 0.172
39 55 0.864
39 82 0.953
39 61 0.917
39 72 0.898
39 57 0.183
39 63 0.327
39 41 0.137
39 42 0.154
39 71 0.226
39 73 0.209
39 40 0.156
39 47 0.145
39 69 0.161
39 70 0.155
39 80 0.192
39 81 0.165
39 89 0.103
39 90 0.185
39 95 0.127
39 43 0.195
39 46 0.16
39 52 0.155
39 56 0.137
39 58 0.14
39 59 0.101
39 66 0.178
39 77 0.177
39 83 0.147
39 84 0.153
39 88 0.17
39 96 0.175
39 99 0.124
40 57 0.338
40 56 0.585
40 81 0.507
40 85 0.872
40 89 0.958
40 59 0.798
40 45 0.765
40 62 0.852
40 92 0.147
40 95 0.228
40 42 0.115
40 50 0.02
40 53 0.223
40 61 0.183
40 65 0.159
40 72 0.16
40 84 0.179
40 43 0.133
40 44 0.127
40 47 0.123
40 49 0.137
40 51 0.183
40 55 0.137
40 58 0.208
40 60 0.126
40 63 0.14
40 64 0.155
40 66 0.18
40 67 0.143
40 70 0.152
40 71 0.144
40 74 0.123
40 75 0.124
40 76 0.182
40 78 0.124
40 79 0.156
40 82 0.158
40 91 0.208
40 94 0.12
40 96 0.118
40 97 0.124
40 98 0.131
40 99 0.155
41 50 0.916
41 62 1
41 43 1
41 88 0.887
41 57 1
41 90 0.627
41 86 0.784
41 67 0.151
41 74 0.304
41 44 0.105
41 47 0.177
41 61 0.157
41 64 0.125
41 68 0.072
41 70 0.147
41 73 0.171
41 78 0.102
41 83 0.177
41 42 0.138
41 45 0.165
41 46 0.122
41 49 0.173
41 52 0.192
41 58 0.134
41 59 0.114
41 60 0.145
41 76 0.089
41 79 0.203
41 80 0.123
41 81 0.163
41 82 0.164
41 87 0.166
41 89 0.16
41 94 0.154
41 95 0.147
41 99 0.165
42 93 0.898
42 56 1
42 59 0.77
42 71 0.907
42 76 0.57
42 99 0.796
42 54 0.064
42 68 0.309
42 83 0.196
42 90 0.018
42 66 0.196
42 67 0.153
42 52 0.128
42 53 0.142
42 55 0.156
42 62 0.123
42 70 0.216
42 46 0.135
42 51 0.226
42 60 0.135
42 61 0.198
42 64 0.158
42 65 0.114
42 69 0.099
42 72 0.205
42 75 0.071
42 84 0.169
42 88 0.134
42 89 0.161
42 94 0.196
42 95 0.159
42 98 0.126
43 70 0.864
43 88 0.78
43 79 0.868
43 52 0.735
43 55 0.178
43 47 0.27
43 77 0.156
43 44 0.095
43 45 0.174
43 49 0.129
43 54 0.187
43 56 0.085
43 60 0.194
43 61 0.114
43 62 0.19
43 67 0.181
43 72 0.167
43 80 0.13
43 87 0.202
43 48 0.139
43 50 0.137
43 59 0.173
43 65 0.09
43 75 0.149
43 76 0.171
43 82 0.191
43 83 0.221
43 86 0.116
43 89 0.115
43 90 0.122
43 91 0.142
43 93 0.2
43 94 0.116
43 95 0.152
43 97 0.111
43 98 0.153
43 99 0.186
44 81 0.397
44 82 0.28
44 92 0.21
44 47 0.16
44 53 0.211
44 59 0.111
44 64 0.17
44 70 0.106
44 71 0.149
44 78 0.17
44 90 0.33
44 94 0.165
44 96 0.111
44 45 0.136
44 46 0.115
44 50 0.185
44 52 0.147
44 55 0.157
44 56 0.138
44 57 0.146
44 60 0.213
44 63 0.107
44 67 0.13
44 69 0.116
44 72 0.166
44 75 0.163
44 77 0.16
44 80 0.13
44 86 0.116
44 87 0.128
44 89 0.115
44 93 0.143
44 97 0.168
44 99 0.171
45 61 1
45 71 0.554
45 73 0.886
45 53 0.866
45 48 0.525
45 49 0.152
45 63 0.16
45 47 0.153
45 52 0.16
45 64 0.153
45 82 0.093
45 46 0.187
45 50 0.14
45 55 0.158
45 56 0.171
45 57 0.123
45 62 0.154
45 67 0.156
45 68 0.111
45 74 0.125
45 75 0.183
45 76 0.14
45 78 0.122
45 79 0.16
45 80 0.178
45 84 0.148
45 85 0.13
45 86 0.137
45 87 0.15
45 88 0.153
45 92 0.152
45 94 0.173
45 95 0.148
45 96 0.174
45 99 0.164
46 92 0.725
46 97 0.616
46 85 0.64
46 75 0.157
46 78 0.052
46 98 0.252
46 68 0.137
46 70 0.373
46 73 0.123
46 79 0.145
46 48 0.139
46 56 0.223
46 61 0.134
46 54 0.126
46 55 0.179
46 57 0.188
46 62 0.078
46 63 0.166
46 64 0.131
46 65 0.197
46 66 0.14
46 69 0.153
46 71 0.152
46 76 0.144
46 80 0.102
46 81 0.225
46 82 0.175
46 84 0.148
46 86 0.237
46 88 0.122
46 89 0.189
46 93 0.178
46 96 0.164
46 99 0.122
47 68 0.889
47 57 0.516
47 82 0.951
47 72 0.608
47 86 0.103
47 61 0.193
47 70 0.158
47 49 0.204
47 53 0.121
47 58 0.165
47 75 0.134
47 83 0.292
47 55 0.172
47 84 0.164
47 87 0.103
47 97 0.082
47 54 0.157
47 62 0.118
47 63 0.13
47 64 0.082
47 65 0.159
47 66 0.163
47 71 0.152
47 73 0.109
47 74 0.146
47 77 0.16
47 79 0.151
47 81 0.181
47 85 0.148
47 88 0.113
47 89 0.141
47 91 0.152
47 92 0.147
47 93 0.192
47 96 0.111
47 98 0.174
47 99 0.126
48 69 1
48 84 0.629
48 99 0.999
48 74 0.936
48 83 0.963
48 66 0.14
48 51 0.09
48 96 0.29
48 54 0.054
48 68 0.11
48 72 0.267
48 81 0.193
48 85 0.16
48 86 0.132
48 90 0.183
48 97 0.146
48 50 0.159
48 52 0.133
48 53 0.151
48 55 0.16
48 57 0.136
48 58 0.117
48 60 0.111
48 61 0.178
48 62 0.088
48 70 0.189
48 73 0.164
48 76 0.126
48 77 0.141
48 78 0.221
48 79 0.157
48 80 0.163
48 87 0.088
48 89 0.126
48 91 0.182
49 80 0.769
49 70 0.898
49 56 1
49 63 0.503
49 78 0.186
49 76 0.108
49 85 0.271
49 59 0.149
49 71 0.2
49 77 0.114
49 82 0.165
49 90 0.185
49 92 0.135
49 99 0.185
49 50 0.098
49 51 0.135
49 52 0.132
49 54 0.113
49 60 0.145
49 61 0.16
49 62 0.11
49 64 0.177
49 65 0.171
49 67 0.125
49 68 0.126
49 75 0.119
49 79 0.149
49 81 0.183
49 83 0.16
49 84 0.168
49 86 0.136
49 94 0.059
50 71 0.595
50 65 0.847
50 53 0.134
50 78 0.122
50 54 0.155
50 55 0.2
50 56 0.123
50 58 0.166
50 68 0.217
50 70 0.125
50 75 0.145
50 91 0.164
50 93 0.226
50 99 0.181
50 51 0.158
50 59 0.151
50 60 0.153
50 61 0.166
50 64 0.159
50 67 0.168
50 77 0.154
50 79 0.15
50 81 0.159
50 82 0.166
50 85 0.205
50 86 0.15
50 87 0.144
50 90 0.197
50 94 0.131
50 95 0.165
50 97 0.161
51 59 1
51 83 0.586
51 85 1
51 64 0.799
51 72 1
51 68 0.127
51 53 0.124
51 61 0.027
51 65 0.171
51 67 0.18
51 96 0.152
51 52 0.151
51 54 0.188
51 56 0.169
51 57 0.153
51 66 0.103
51 69 0.18
51 71 0.128
51 74 0.181
51 75 0.135
51 76 0.14
51 77 0.177
51 79 0.127
51 80 0.157
51 84 0.145
51 86 0.205
51 89 0.214
51 91 0.088
51 95 0.22
51 97 0.125
52 61 1
52 88 0.742
52 84 0.715
52 65 0.706
52 93 1
52 58 0.813
52 75 0.2
52 68 0.185
52 71 0.342
52 94 0.078
52 55 0.167
52 60 0.165
52 62 0.151
52 74 0.261
52 82 0.132
52 95 0.164
52 53 0.178
52 54 0.228
52 63 0.127
52 64 0.155
52 66 0.182
52 72 0.13
52 79 0.148
52 80 0.157
52 81 0.154
52 85 0.14
52 86 0.142
52 87 0.176
52 92 0.137
52 96 0.111
53 77 0.871
53 95 0.884
53 69 0.102
53 70 0.152
53 80 0.133
53 60 0.153
53 83 0.187
53 89 0.119
53 99 0.165
53 56 0.111
53 58 0.156
53 62 0.132
53 64 0.091
53 66 0.155
53 67 0.198
53 68 0.176
53 73 0.186
53 78 0.155
53 82 0.157
53 85 0.123
53 86 0.149
53 90 0.139
53 93 0.181
53 96 0.205
53 98 0.124
54 60 0.999
54 57 0.704
54 75 0.675
54 55 0.249
54 96 0.148
54 68 0.153
54 58 0.114
54 59 0.246
54 62 0.128
54 64 0.16
54 73 0.139
54 90 0.167
54 95 0.229
54 56 0.136
54 61 0.143
54 65 0.128
54 66 0.149
54 67 0.14
54 69 0.166
54 74 0.137
54 78 0.167
54 83 0.199
54 84 0.082
54 86 0.052
54 87 0.082
54 94 0.175
54 97 0.202
55 96 0.988
55 98 0.7
55 93 0.694
55 99 0.683
55 89 1
55 65 0.48
55 77 0.147
55 66 0.055
55 82 0.162
55 88 0.113
55 57 0.071
55 73 0.172
55 80 0.146
55 56 0.08
55 60 0.168
55 61 0.113
55 63 0.15
55 64 0.168
55 67 0.134
55 68 0.126
55 74 0.15
55 75 0.162
55 79 0.156
55 81 0.146
55 86 0.123
55 90 0.136
55 95 0.175
55 97 0.151
56 68 0.809
56 81 1
56 70 0.947
56 66 1
56 83 0.142
56 89 0.398
56 58 0.128
56 61 0.125
56 88 0.291
56 94 0.199
56 57 0.165
56 62 0.114
56 63 0.154
56 72 0.156
56 73 0.186
56 78 0.137
56 80 0.107
56 85 0.128
56 86 0.175
56 93 0.161
56 95 0.176
56 97 0.139
56 99 0.115
57 60 0.879
57 67 0.592
57 74 0.651
57 85 0.662
57 65 0.862
57 73 0.103
57 77 0.117
57 82 0.034
57 83 0.143
57 94 0.096
57 63 0.152
57 79 0.105
57 80 0.079
57 81 0.135
57 87 0.102
57 88 0.153
57 91 0.008
57 97 0.172
57 61 0.151
57 62 0.152
57 64 0.175
57 68 0.151
57 69 0.168
57 72 0.181
57 76 0.156
57 78 0.152
57 84 0.209
57 86 0.167
57 90 0.153
57 92 0.163
57 98 0.166
57 99 0.127
58 65 0.745
58 68 0.854
58 88 0.806
58 84 0.132
58 91 0.134
58 86 0.118
58 92 0.135
58 94 0.113
58 67 0.326
58 73 0.187
58 78 0.229
58 80 0.16
58 74 0.147
58 81 0.214
58 82 0.141
58 83 0.154
58 85 0.188
58 87 0.113
58 93 0.169
58 97 0.222
58 99 0.121
59 82 0.678
59 87 0.827
59 93 0.767
59 61 0.537
59 60 0.148
59 94 0.154
59 70 0.156
59 89 0.136
59 90 0.139
59 91 0.122
59 63 0.126
59 64 0.146
59 67 0.185
59 76 0.163
59 80 0.143
59 81 0.162
59 84 0.144
59 86 0.164
59 92 0.179
59 95 0.144
59 97 0.122
59 98 0.157
59 99 0.185
60 95 0.746
60 63 0.261
60 74 0.181
60 68 0.08
60 72 0.259
60 73 0.178
60 85 0.124
60 64 0.146
60 67 0.11
60 70 0.186
60 77 0.211
60 79 0.151
60 81 0.209
60 86 0.17
60 87 0.151
60 88 0.131
60 96 0.112
60 97 0.107
61 79 0.906
61 99 0.193
61 85 0.16
61 64 0.166
61 68 0.145
61 80 0.137
61 86 0.154
61 88 0.134
61 89 0.142
61 90 0.254
61 95 0.09
61 62 0.127
61 63 0.191
61 67 0.162
61 69 0.145
61 71 0.155
61 73 0.183
61 74 0.135
61 75 0.213
61 76 0.177
61 77 0.187
61 82 0.137
61 84 0.16
61 87 0.149
61 93 0.126
61 96 0.129
61 98 0.138
62 82 1
62 95 0.908
62 94 1
62 64 0.154
62 74 0.084
62 65 0.152
62 69 0.04
62 75 0.169
62 83 0.113
62 86 0.12
62 88 0.161
62 66 0.166
62 67 0.161
62 70 0.151
62 77 0.129
62 78 0.127
62 80 0.177
62 87 0.159
62 91 0.187
62 93 0.129
62 97 0.207
62 98 0.163
62 99 0.149
63 86 0.128
63 76 0.176
63 89 0.07
63 94 0.182
63 70 0.171
63 73 0.127
63 78 0.173
63 81 0.175
63 82 0.128
63 85 0.133
63 91 0.162
63 93 0.196
63 95 0.155
63 98 0.091
63 99 0.119
64 87 0.694
64 72 0.803
64 68 0.16
64 98 0.12
64 71 0.116
64 79 0.158
64 81 0.112
64 88 0.132
64 89 0.127
64 90 0.128
64 93 0.152
64 95 0.161
64 97 0.162
65 85 0.759
65 98 0.924
65 70 0.836
65 79 1
65 94 0.944
65 77 0.143
65 72 0.042
65 78 0.22
65 83 0.146
65 95 0.116
65 67 0.144
65 73 0.178
65 76 0.176
65 84 0.15
65 90 0.191
65 68 0.151
65 74 0.178
65 82 0.165
65 86 0.167
65 88 0.198
65 91 0.232
65 92 0.104
65 93 0.151
65 99 0.149
66 78 0.666
66 83 0.98
66 73 0.14
66 77 0.22
66 98 0.332
66 70 0.069
66 84 0.12
66 68 0.158
66 86 0.126
66 88 0.199
66 67 0.169
66 71 0.178
66 74 0.166
66 75 0.124
66 76 0.183
66 87 0.165
66 91 0.216
66 92 0.123
66 93 0.129
66 95 0.124
66 96 0.14
66 99 0.104
67 90 0.8
67 73 0.144
67 74 0.173
67 84 0.043
67 87 0.264
67 72 0.139
67 82 0.196
67 92 0.255
67 93 0.302
67 94 0.127
67 96 0.242
67 69 0.154
67 70 0.16
67 71 0.104
67 75 0.122
67 76 0.165
67 79 0.169
67 80 0.136
67 81 0.115
67 89 0.161
67 91 0.084
67 95 0.092
68 91 0.787
68 71 0.836
68 73 0.967
68 84 0.157
68 96 0.367
68 82 0.209
68 89 0.191
68 93 0.311
68 83 0.153
68 88 0.151
68 98 0.137
68 70 0.198
68 74 0.152
68 76 0.15
68 79 0.181
68 81 0.16
68 85 0.21
68 87 0.116
68 94 0.194
68 97 0.152
69 76 0.794
69 91 0.86
69 72 0.199
69 74 0.115
69 90 0.123
69 77 0.053
69 79 0.069
69 89 0.187
69 78 0.211
69 80 0.172
69 92 0.155
69 70 0.098
69 73 0.14
69 81 0.136
69 87 0.154
69 88 0.156
69 96 0.129
69 97 0.138
69 98 0.126
70 97 0.829
70 75 0.931
70 93 1
70 78 0.095
70 82 0.168
70 76 0.167
70 84 0.226
70 90 0.121
70 71 0.168
70 73 0.098
70 77 0.134
70 79 0.156
70 80 0.134
70 83 0.201
70 86 0.171
70 87 0.141
70 88 0.163
70 98 0.149
71 81 0.193
71 72 0.02
71 91 0.306
71 93 0.179
71 75 0.094
71 80 0.12
71 83 0.152
71 86 0.129
71 88 0.164
71 90 0.145
71 92 0.128
71 96 0.17
72 99 0.599
72 95 0.898
72 85 0.152
72 93 0.157
72 94 0.023
72 84 0.202
72 92 0.241
72 78 0.165
72 97 0.128
72 73 0.112
72 75 0.198
72 79 0.134
72 80 0.173
72 81 0.109
72 83 0.141
72 86 0.203
72 87 0.18
72 89 0.109
72 90 0.163
72 96 0.176
73 90 0.902
73 99 0.833
73 75 0.899
73 81 0.92
73 88 0.83
73 80 0.766
73 94 0.172
73 97 0.068
73 78 0.084
73 86 0.185
73 87 0.216
74 99 0.631
74 77 1
74 78 0.13
74 82 0.111
74 83 0.193
74 93 0.2
74 94 0.216
74 75 0.128
74 76 0.124
74 80 0.084
74 84 0.17
74 85 0.188
74 86 0.134
74 87 0.152
74 88 0.119
74 89 0.142
74 90 0.158
74 91 0.097
74 92 0.17
75 95 0.898
75 77 0.597
75 80 0.799
75 96 0.723
75 82 0.162
75 98 0.098
75 88 0.25
75 93 0.228
75 99 0.137
75 78 0.137
75 84 0.133
75 89 0.122
75 92 0.146
75 97 0.159
76 98 0.27
76 89 0.094
76 92 0.159
76 95 0.118
76 78 0.125
76 85 0.148
76 94 0.156
76 96 0.144
76 82 0.172
76 83 0.188
76 86 0.12
76 90 0.17
76 91 0.165
76 97 0.206
76 99 0.127
77 78 1
77 97 0.097
77 79 0.189
77 82 0.185
77 84 0.183
77 93 0.191
77 80 0.153
77 85 0.15
77 86 0.159
77 88 0.102
77 89 0.19
77 90 0.183
77 92 0.137
77 94 0.195
77 95 0.134
77 98 0.15
77 99 0.163
78 97 0.943
78 79 0.715
78 89 0.129
78 88 0.127
78 94 0.169
78 80 0.152
78 81 0.166
78 83 0.128
78 90 0.16
79 91 1
79 92 0.292
79 82 0.143
79 86 0.114
79 80 0.168
79 83 0.163
79 85 0.13
79 88 0.123
79 93 0.186
79 96 0.149
79 97 0.174
79 99 0.124
80 82 0.441
80 85 0.852
80 95 0.162
80 84 0.217
80 90 0.017
80 98 0.153
80 83 0.125
80 86 0.165
80 89 0.187
80 93 0.2
80 94 0.195
80 97 0.157
80 99 0.19
81 93 1
81 88 0.883
81 97 0.715
81 83 0.099
81 86 0.124
81 96 0.093
81 84 0.155
81 92 0.158
82 91 0.586
82 92 0.087
82 84 0.097
82 86 0.12
82 93 0.13
83 95 0.819
83 91 0.915
83 94 0.212
83 96 0.242
83 98 0.224
83 99 0.16
83 84 0.159
83 86 0.117
83 87 0.159
83 90 0.177
83 92 0.203
84 96 0.78
84 98 0.557
84 89 0.702
84 92 0.11
84 94 0.116
84 97 0.141
85 87 0.589
85 96 0.65
85 97 0.196
85 88 0.14
85 90 0.165
85 93 0.177
85 95 0.15
85 98 0.127
85 99 0.139
86 95 1
86 87 0.138
86 88 0.141
86 90 0.162
86 98 0.149
87 93 0.842
87 99 0.143
87 90 0.132
87 89 0.159
87 97 0.219
87 98 0.177
88 97 0.842
88 95 0.542
88 96 0.121
88 98 0.144
88 89 0.149
88 93 0.172
88 94 0.175
88 99 0.146
89 92 0.762
89 97 0.153
89 96 0.148
89 93 0.147
89 94 0.136
89 95 0.099
89 90 0.142
90 94 0.136
90 97 0.088
90 93 0.085
91 95 0.168
91 93 0.14
91 98 0.268
91 92 0.127
91 96 0.068
91 99 0.12
92 99 0.31
92 94 0.112
92 98 0.165
92 93 0.163
92 95 0.136
92 96 0.182
92 97 0.154
93 95 0.823
93 96 1
93 97 0.153
93 99 0.159
94 96 0.032
94 98 0.11
94 99 0.148
95 99 0.13
96 99 0.144
96 97 0.157
96 98 0.134
97 99 0.152
98 99 0.166
