0 15 0.534
0 79 0.662
0 3 0.79
0 16 1
0 49 0.74
0 52 0.936
0 58 0.983
0 36 0.67
0 64 0.245
0 9 0.143
0 69 0.157
0 77 0.12
0 22 0.166
0 32 0.158
0 41 0.117
0 54 0.124
0 59 0.138
0 63 0.12
0 76 0.173
0 83 0.007
0 84 0.164
0 88 0.136
0 91 0.127
0 93 0.063
0 6 0.112
0 7 0.175
0 8 0.141
0 11 0.166
0 12 0.144
0 13 0.171
0 20 0.134
0 21 0.102
0 25 0.13
0 31 0.13
0 33 0.128
0 37 0.123
0 38 0.176
0 40 0.133
0 42 0.138
0 43 0.157
0 44 0.177
0 45 0.15
0 56 0.088
0 57 0.173
0 60 0.115
0 65 0.155
0 66 0.146
0 67 0.151
0 68 0.076
0 71 0.159
0 73 0.131
0 75 0.163
0 80 0.152
0 81 0.16
0 82 0.093
0 86 0.189
0 87 0.216
0 89 0.15
0 92 0.116
0 98 0.168
1 47 0.935
1 49 1
1 14 0.986
1 75 0.832
1 62 1
1 87 1
1 89 0.629
1 18 0.911
1 45 0.883
1 77 1
1 13 0.198
1 23 0.114
1 36 0.133
1 71 0.18
1 88 0.106
1 93 0.114
1 95 0.106
1 4 0.31
1 24 0.245
1 28 0.13
1 33 0.239
1 54 0.233
1 61 0.303
1 63 0.18
1 65 0.104
1 69 0.145
1 80 0.31
1 83 0.15
1 84 0.162
1 91 0.139
1 94 0.182
1 96 0.12
1 98 0.183
1 2 0.077
1 3 0.135
1 8 0.094
1 11 0.199
1 21 0.116
1 25 0.116
1 30 0.158
1 31 0.122
1 34 0.191
1 37 0.165
1 42 0.069
1 43 0.171
1 46 0.162
1 48 0.154
1 51 0.228
1 52 0.184
1 53 0.087
1 56 0.158
1 58 0.147
1 59 0.124
1 66 0.143
1 67 0.165
1 68 0.161
1 70 0.114
1 74 0.123
1 79 0.178
1 85 0.168
1 92 0.186
2 55 0.99
2 14 0.756
2 76 1
2 50 0.971
2 11 0.544
2 69 0.7
2 8 0.627
2 53 0.063
2 18 0.173
2 49 0.031
2 17 0.178
2 31 0.188
2 70 0.083
2 87 0.122
2 96 0.129
2 3 0.145
2 7 0.133
2 10 0.113
2 13 0.173
2 16 0.129
2 21 0.124
2 22 0.182
2 26 0.205
2 29 0.177
2 34 0.144
2 36 0.19
2 38 0.186
2 39 0.114
2 40 0.123
2 41 0.176
2 47 0.192
2 48 0.188
2 51 0.103
2 52 0.184
2 56 0.11
2 58 0.11
2 59 0.178
2 62 0.191
2 64 0.141
2 65 0.169
2 68 0.162
2 75 0.221
2 77 0.153
2 78 0.204
2 79 0.132
2 80 0.149
2 81 0.15
2 86 0.14
2 88 0.149
2 89 0.122
2 90 0.131
2 91 0.116
2 94 0.127
2 95 0.161
2 97 0.167
3 77 0.922
3 37 1
3 86 0.84
3 10 1
3 66 0.835
3 64 0.968
3 47 0.78
3 60 0.02
3 97 0.2
3 61 0.322
3 87 0.193
3 93 0.17
3 29 0.178
3 65 0.141
3 5 0.142
3 12 0.093
3 17 0.108
3 20 0.126
3 24 0.077
3 25 0.094
3 34 0.098
3 58 0.145
3 73 0.152
3 75 0.183
3 89 0.185
3 92 0.125
3 95 0.113
3 8 0.074
3 9 0.106
3 15 0.167
3 22 0.144
3 27 0.216
3 28 0.104
3 30 0.146
3 39 0.155
3 41 0.154
3 42 0.196
3 43 0.178
3 44 0.161
3 45 0.163
3 48 0.116
3 49 0.194
3 51 0.17
3 52 0.12
3 53 0.229
3 54 0.208
3 55 0.114
3 56 0.175
3 62 0.136
3 67 0.166
3 72 0.197
3 76 0.144
3 79 0.215
3 80 0.148
3 81 0.098
3 82 0.143
3 84 0.098
3 85 0.132
3 88 0.123
3 94 0.073
4 8 0.791
4 64 0.568
4 5 0.747
4 29 0.814
4 39 0.601
4 90 1
4 28 1
4 49 0.844
4 22 0.72
4 15 0.072
4 70 0.183
4 19 0.256
4 24 0.095
4 43 0.143
4 47 0.065
4 97 0.156
4 11 0.169
4 14 0.159
4 27 0.35
4 31 0.279
4 62 0.174
4 65 0.108
4 66 0.048
4 68 0.218
4 69 0.142
4 73 0.173
4 78 0.169
4 83 0.146
4 89 0.171
4 6 0.178
4 7 0.165
4 9 0.126
4 10 0.151
4 12 0.164
4 16 0.167
4 18 0.192
4 20 0.097
4 21 0.107
4 23 0.196
4 25 0.177
4 26 0.15
4 30 0.12
4 34 0.175
4 36 0.15
4 40 0.221
4 41 0.144
4 44 0.168
4 51 0.178
4 52 0.201
4 55 0.177
4 59 0.17
4 63 0.191
4 72 0.13
4 74 0.115
4 75 0.111
4 76 0.205
4 80 0.146
4 82 0.133
4 84 0.112
4 91 0.142
4 94 0.132
4 96 0.109
4 99 0.049
5 25 0.934
5 16 0.687
5 98 0.896
5 43 0.816
5 27 0.839
5 31 0.831
5 95 0.601
5 42 0.595
5 13 0.705
5 41 0.727
5 88 0.887
5 14 0.05
5 37 0.156
5 39 0.219
5 58 0.14
5 70 0.029
5 96 0.116
5 19 0.169
5 40 0.221
5 65 0.202
5 83 0.128
5 91 0.116
5 26 0.117
5 66 0.138
5 67 0.143
5 68 0.123
5 71 0.133
5 72 0.132
5 77 0.082
5 84 0.159
5 85 0.107
5 89 0.088
5 6 0.158
5 11 0.154
5 20 0.191
5 30 0.141
5 36 0.159
5 38 0.135
5 46 0.147
5 47 0.134
5 48 0.118
5 50 0.127
5 51 0.162
5 53 0.108
5 54 0.111
5 55 0.13
5 56 0.179
5 57 0.126
5 61 0.138
5 63 0.143
5 64 0.156
5 76 0.095
5 78 0.149
5 79 0.18
5 80 0.128
5 81 0.148
5 82 0.193
5 86 0.152
5 87 0.143
5 90 0.16
5 93 0.181
5 94 0.102
6 68 0.901
6 8 1
6 59 0.784
6 85 0.811
6 95 0.873
6 43 0.148
6 44 0.077
6 70 0.183
6 82 0.312
6 49 0.17
6 53 0.211
6 78 0.293
6 80 0.17
6 84 0.13
6 15 0.441
6 24 0.028
6 30 0.148
6 32 0.211
6 36 0.142
6 62 0.387
6 71 0.065
6 73 0.152
6 89 0.136
6 11 0.093
6 12 0.182
6 17 0.186
6 19 0.175
6 25 0.126
6 27 0.205
6 31 0.216
6 35 0.169
6 38 0.188
6 39 0.135
6 42 0.14
6 45 0.146
6 46 0.154
6 47 0.149
6 48 0.139
6 50 0.176
6 57 0.165
6 60 0.11
6 64 0.079
6 65 0.181
6 66 0.125
6 75 0.208
6 76 0.197
6 87 0.175
6 92 0.111
6 94 0.148
6 97 0.136
6 99 0.116
7 70 0.806
7 49 1
7 46 0.937
7 85 0.939
7 83 0.681
7 32 1
7 63 0.66
7 22 0.919
7 51 0.71
7 97 0.948
7 40 0.673
7 35 0.963
7 33 0.14
7 68 0.189
7 60 0.121
7 11 0.134
7 28 0.15
7 34 0.193
7 98 0.131
7 16 0.156
7 17 0.204
7 30 0.212
7 41 0.132
7 45 0.117
7 47 0.146
7 57 0.146
7 65 0.102
7 71 0.113
7 92 0.157
7 8 0.124
7 9 0.108
7 10 0.166
7 12 0.171
7 15 0.171
7 19 0.157
7 20 0.145
7 21 0.119
7 23 0.167
7 31 0.187
7 36 0.174
7 38 0.139
7 44 0.13
7 48 0.138
7 50 0.155
7 52 0.136
7 54 0.11
7 59 0.13
7 61 0.115
7 64 0.112
7 69 0.156
7 72 0.146
7 81 0.113
7 84 0.103
7 88 0.137
7 89 0.16
7 90 0.205
7 94 0.096
7 96 0.2
7 99 0.171
8 34 1
8 25 0.823
8 57 0.522
8 12 0.924
8 92 0.983
8 50 0.831
8 19 0.121
8 59 0.149
8 20 0.196
8 30 0.237
8 16 0.224
8 35 0.306
8 63 0.174
8 71 0.139
8 9 0.207
8 10 0.152
8 23 0.127
8 40 0.155
8 51 0.093
8 56 0.237
8 65 0.158
8 86 0.065
8 91 0.163
8 95 0.187
8 96 0.105
8 14 0.117
8 15 0.153
8 18 0.131
8 21 0.134
8 26 0.124
8 27 0.145
8 28 0.151
8 29 0.173
8 31 0.171
8 33 0.171
8 39 0.128
8 44 0.205
8 47 0.139
8 52 0.182
8 54 0.108
8 62 0.213
8 64 0.245
8 70 0.142
8 74 0.13
8 75 0.135
8 78 0.147
8 79 0.151
8 82 0.136
8 83 0.127
8 84 0.147
8 94 0.165
8 97 0.142
9 22 0.938
9 76 1
9 50 0.81
9 16 0.59
9 36 0.111
9 66 0.291
9 80 0.132
9 34 0.099
9 45 0.151
9 59 0.11
9 65 0.152
9 88 0.106
9 91 0.223
9 27 0.113
9 32 0.205
9 39 0.134
9 40 0.158
9 61 0.097
9 82 0.105
9 95 0.097
9 96 0.133
9 97 0.144
9 99 0.199
9 15 0.151
9 19 0.155
9 20 0.152
9 23 0.174
9 24 0.162
9 25 0.12
9 26 0.078
9 28 0.185
9 30 0.106
9 31 0.142
9 38 0.165
9 42 0.141
9 43 0.094
9 46 0.13
9 48 0.151
9 51 0.128
9 52 0.109
9 54 0.093
9 55 0.123
9 57 0.149
9 58 0.135
9 60 0.113
9 72 0.157
9 75 0.169
9 78 0.142
9 86 0.116
9 87 0.116
9 90 0.14
9 93 0.171
9 94 0.186
9 98 0.212
10 40 0.725
10 31 0.811
10 99 0.742
10 25 0.962
10 49 0.836
10 42 0.757
10 92 0.734
10 41 0.513
10 13 0.089
10 55 0.139
10 77 0.201
10 78 0.132
10 93 0.26
10 96 0.017
10 11 0.148
10 14 0.123
10 16 0.372
10 18 0.122
10 21 0.234
10 24 0.108
10 32 0.139
10 33 0.157
10 52 0.216
10 60 0.15
10 65 0.097
10 79 0.155
10 12 0.14
10 15 0.15
10 17 0.175
10 19 0.177
10 26 0.13
10 28 0.119
10 29 0.181
10 30 0.19
10 35 0.132
10 36 0.141
10 37 0.186
10 44 0.15
10 45 0.153
10 50 0.167
10 51 0.106
10 53 0.185
10 56 0.162
10 59 0.161
10 62 0.158
10 63 0.116
10 70 0.153
10 72 0.168
10 74 0.207
10 75 0.161
10 87 0.132
10 89 0.176
10 90 0.152
10 91 0.162
10 95 0.191
10 98 0.153
11 45 0.899
11 25 0.693
11 99 0.541
11 38 1
11 32 0.908
11 19 0.65
11 98 0.987
11 47 1
11 95 0.702
11 42 0.847
11 13 0.679
11 34 0.789
11 60 0.292
11 71 0.241
11 75 0.501
11 37 0.349
11 77 0.173
11 18 0.104
11 23 0.217
11 27 0.374
11 40 0.217
11 41 0.137
11 84 0.158
11 17 0.182
11 35 0.154
11 54 0.223
11 59 0.042
11 61 0.166
11 63 0.136
11 73 0.173
11 74 0.159
11 81 0.119
11 82 0.141
11 88 0.142
11 14 0.098
11 16 0.121
11 22 0.143
11 24 0.177
11 29 0.122
11 30 0.147
11 33 0.223
11 39 0.189
11 43 0.159
11 44 0.089
11 50 0.202
11 53 0.168
11 55 0.219
11 57 0.181
11 58 0.119
11 62 0.139
11 64 0.115
11 67 0.15
11 68 0.132
11 76 0.164
11 79 0.151
11 86 0.185
11 87 0.149
11 89 0.102
11 90 0.16
11 91 0.147
11 93 0.193
12 20 0.618
12 65 0.846
12 40 0.12
12 21 0.26
12 23 0.205
12 26 0.264
12 42 0.168
12 46 0.096
12 55 0.162
12 72 0.283
12 80 0.207
12 87 0.205
12 16 0.152
12 29 0.181
12 33 0.198
12 38 0.212
12 51 0.151
12 52 0.195
12 59 0.15
12 64 0.144
12 71 0.197
12 77 0.142
12 13 0.165
12 14 0.156
12 17 0.141
12 18 0.128
12 28 0.205
12 30 0.169
12 31 0.177
12 32 0.218
12 34 0.134
12 35 0.13
12 36 0.173
12 39 0.157
12 43 0.187
12 44 0.174
12 47 0.176
12 53 0.172
12 54 0.151
12 56 0.174
12 57 0.155
12 58 0.182
12 61 0.133
12 62 0.202
12 68 0.096
12 69 0.159
12 78 0.13
12 81 0.097
12 82 0.103
12 83 0.127
12 84 0.117
12 85 0.125
12 89 0.125
12 93 0.2
12 95 0.159
12 98 0.165
13 40 0.741
13 62 1
13 44 1
13 86 0.626
13 17 0.307
13 22 0.247
13 30 0.109
13 32 0.125
13 39 0.218
13 51 0.227
13 83 0.155
13 84 0.265
13 94 0.18
13 14 0.193
13 20 0.086
13 28 0.191
13 36 0.183
13 38 0.133
13 46 0.145
13 55 0.041
13 64 0.182
13 79 0.164
13 82 0.109
13 87 0.157
13 89 0.132
13 16 0.129
13 21 0.098
13 24 0.128
13 27 0.13
13 31 0.139
13 37 0.175
13 41 0.184
13 42 0.196
13 50 0.169
13 54 0.166
13 56 0.163
13 57 0.186
13 58 0.15
13 61 0.125
13 66 0.153
13 69 0.174
13 71 0.119
13 72 0.152
13 73 0.14
13 76 0.14
13 77 0.118
13 78 0.149
13 80 0.141
13 81 0.172
13 85 0.106
13 88 0.13
13 90 0.162
13 91 0.166
13 92 0.119
13 96 0.162
13 97 0.176
13 98 0.112
14 33 1
14 75 0.949
14 70 0.826
14 42 0.914
14 26 1
14 21 0.544
14 35 0.14
14 93 0.171
14 59 0.135
14 23 0.412
14 29 0.172
14 43 0.133
14 80 0.197
14 86 0.174
14 15 0.241
14 22 0.146
14 46 0.159
14 50 0.153
14 53 0.12
14 55 0.164
14 58 0.123
14 88 0.157
14 91 0.137
14 92 0.168
14 96 0.249
14 16 0.162
14 24 0.11
14 27 0.184
14 28 0.132
14 31 0.134
14 32 0.158
14 34 0.134
14 36 0.153
14 38 0.155
14 39 0.151
14 41 0.152
14 44 0.146
14 45 0.15
14 48 0.17
14 49 0.077
14 54 0.116
14 56 0.127
14 57 0.189
14 60 0.126
14 62 0.113
14 63 0.15
14 66 0.165
14 68 0.135
14 71 0.131
14 74 0.094
14 78 0.166
14 81 0.182
14 82 0.149
14 83 0.157
14 85 0.164
14 90 0.124
14 95 0.184
14 97 0.17
15 59 0.907
15 40 0.905
15 69 0.85
15 68 0.911
15 31 0.921
15 29 1
15 77 0.746
15 99 0.407
15 35 0.14
15 65 0.138
15 78 0.253
15 19 0.252
15 42 0.162
15 49 0.223
15 70 0.008
15 22 0.124
15 23 0.067
15 50 0.431
15 55 0.174
15 64 0.153
15 66 0.169
15 83 0.021
15 87 0.143
15 98 0.174
15 16 0.118
15 26 0.165
15 30 0.125
15 32 0.133
15 33 0.146
15 34 0.122
15 37 0.177
15 43 0.122
15 46 0.128
15 52 0.161
15 53 0.143
15 56 0.159
15 58 0.181
15 60 0.11
15 67 0.162
15 71 0.127
15 75 0.123
15 80 0.2
15 81 0.124
15 85 0.156
15 88 0.141
15 89 0.187
15 90 0.16
15 92 0.149
15 93 0.141
15 96 0.187
16 43 0.826
16 67 0.79
16 22 0.602
16 23 0.194
16 33 0.153
16 62 0.104
16 66 0.1
16 32 0.189
16 35 0.02
16 38 0.169
16 44 0.123
16 45 0.138
16 65 0.161
16 68 0.123
16 70 0.12
16 82 0.114
16 83 0.176
16 87 0.284
16 88 0.175
16 93 0.177
16 17 0.174
16 19 0.202
16 21 0.104
16 24 0.135
16 25 0.064
16 27 0.175
16 30 0.117
16 31 0.143
16 34 0.176
16 37 0.181
16 47 0.118
16 49 0.136
16 50 0.156
16 54 0.133
16 58 0.083
16 59 0.153
16 61 0.114
16 63 0.185
16 64 0.137
16 69 0.139
16 72 0.165
16 73 0.142
16 74 0.169
16 77 0.125
16 78 0.155
16 95 0.118
16 96 0.154
16 98 0.106
16 99 0.153
17 75 0.685
17 99 1
17 53 1
17 21 1
17 83 0.53
17 91 0.773
17 77 0.992
17 92 1
17 72 0.032
17 85 0.148
17 50 0.13
17 67 0.13
17 94 0.138
17 18 0.295
17 22 0.133
17 65 0.139
17 73 0.241
17 79 0.137
17 90 0.106
17 95 0.164
17 20 0.134
17 23 0.173
17 24 0.152
17 27 0.156
17 28 0.121
17 29 0.119
17 32 0.138
17 35 0.166
17 38 0.186
17 41 0.176
17 44 0.131
17 47 0.146
17 48 0.185
17 49 0.153
17 52 0.145
17 57 0.142
17 59 0.19
17 61 0.139
17 62 0.152
17 64 0.148
17 66 0.088
17 68 0.143
17 71 0.165
17 74 0.179
17 93 0.175
17 96 0.164
17 97 0.118
17 98 0.201
18 54 0.777
18 92 0.906
18 21 1
18 20 0.739
18 84 0.703
18 85 0.7
18 24 0.639
18 26 0.167
18 97 0.229
18 28 0.173
18 70 0.119
18 82 0.166
18 86 0.15
18 23 0.061
18 29 0.166
18 33 0.008
18 38 0.159
18 56 0.141
18 59 0.209
18 62 0.321
18 74 0.156
18 75 0.109
18 90 0.172
18 19 0.159
18 22 0.122
18 27 0.178
18 32 0.132
18 35 0.153
18 36 0.155
18 40 0.124
18 42 0.119
18 43 0.191
18 44 0.17
18 47 0.115
18 48 0.155
18 49 0.172
18 53 0.162
18 64 0.195
18 65 0.161
18 66 0.1
18 67 0.112
18 68 0.143
18 72 0.138
18 76 0.189
18 81 0.132
18 87 0.081
18 89 0.155
18 95 0.16
18 96 0.181
18 99 0.176
19 58 0.759
19 27 0.771
19 24 0.658
19 86 0.685
19 47 0.16
19 44 0.162
19 54 0.112
19 59 0.037
19 23 0.121
19 60 0.164
19 64 0.152
19 69 0.062
19 71 0.137
19 85 0.188
19 32 0.166
19 45 0.117
19 55 0.131
19 61 0.133
19 66 0.132
19 67 0.243
19 75 0.301
19 78 0.14
19 81 0.135
19 82 0.116
19 95 0.114
19 20 0.122
19 28 0.139
19 31 0.116
19 34 0.198
19 36 0.077
19 39 0.161
19 40 0.115
19 43 0.132
19 46 0.205
19 49 0.137
19 53 0.16
19 62 0.111
19 68 0.148
19 73 0.168
19 76 0.153
19 84 0.171
19 88 0.171
19 90 0.181
19 93 0.113
19 97 0.107
19 98 0.148
20 75 0.697
20 90 0.158
20 22 0.087
20 31 0.139
20 33 0.216
20 34 0.095
20 41 0.285
20 97 0.338
20 24 0.136
20 43 0.189
20 47 0.196
20 54 0.142
20 67 0.164
20 71 0.15
20 76 0.154
20 78 0.093
20 79 0.149
20 84 0.136
20 85 0.167
20 88 0.102
20 92 0.131
20 25 0.149
20 29 0.167
20 30 0.144
20 32 0.151
20 36 0.127
20 37 0.134
20 40 0.139
20 42 0.133
20 44 0.147
20 48 0.153
20 50 0.164
20 51 0.201
20 52 0.153
20 53 0.141
20 55 0.117
20 56 0.167
20 58 0.172
20 60 0.111
20 61 0.144
20 64 0.2
20 68 0.141
20 74 0.197
20 81 0.141
20 82 0.155
20 83 0.22
20 89 0.148
20 91 0.171
20 94 0.097
20 96 0.165
20 99 0.12
21 41 0.735
21 42 0.946
21 90 0.788
21 43 0.831
21 29 0.85
21 38 0.272
21 60 0.052
21 25 0.067
21 31 0.029
21 65 0.115
21 76 0.175
21 82 0.014
21 40 0.161
21 47 0.351
21 49 0.15
21 62 0.114
21 64 0.127
21 72 0.117
21 78 0.155
21 85 0.152
21 23 0.126
21 27 0.15
21 30 0.144
21 33 0.117
21 35 0.194
21 39 0.143
21 44 0.131
21 48 0.142
21 50 0.205
21 51 0.096
21 52 0.166
21 57 0.152
21 58 0.171
21 59 0.118
21 66 0.14
21 67 0.157
21 69 0.143
21 70 0.176
21 71 0.113
21 75 0.13
21 80 0.193
21 81 0.163
21 83 0.138
21 84 0.142
21 86 0.195
21 88 0.174
21 92 0.179
22 68 0.688
22 50 0.803
22 66 0.607
22 62 0.583
22 91 0.514
22 28 0.319
22 26 0.139
22 38 0.149
22 58 0.219
22 61 0.018
22 64 0.143
22 76 0.172
22 77 0.023
22 34 0.156
22 36 0.154
22 52 0.189
22 63 0.217
22 65 0.175
22 79 0.155
22 80 0.126
22 88 0.153
22 93 0.143
22 96 0.156
22 30 0.172
22 33 0.108
22 35 0.102
22 40 0.108
22 42 0.188
22 44 0.174
22 49 0.128
22 53 0.103
22 55 0.129
22 56 0.149
22 57 0.155
22 59 0.156
22 70 0.153
22 71 0.126
22 72 0.173
22 73 0.191
22 83 0.136
22 87 0.138
22 89 0.152
22 92 0.152
22 95 0.142
22 97 0.202
23 95 0.87
23 49 1
23 90 0.746
23 38 0.153
23 43 0.047
23 56 0.147
23 80 0.069
23 25 0.261
23 31 0.232
23 33 0.105
23 34 0.152
23 39 0.175
23 44 0.214
23 48 0.143
23 54 0.113
23 55 0.138
23 57 0.177
23 59 0.153
23 71 0.112
23 77 0.233
23 85 0.12
23 89 0.104
23 96 0.212
23 24 0.132
23 27 0.197
23 29 0.151
23 36 0.143
23 37 0.079
23 41 0.162
23 45 0.118
23 47 0.136
23 63 0.158
23 69 0.146
23 72 0.176
23 74 0.187
23 78 0.166
23 79 0.108
23 86 0.196
23 87 0.131
23 88 0.124
23 91 0.166
23 92 0.165
23 93 0.145
23 99 0.093
24 81 0.981
24 67 0.697
24 84 0.575
24 64 0.746
24 98 1
24 90 0.941
24 54 0.107
24 60 0.129
24 69 0.119
24 78 0.1
24 30 0.154
24 31 0.171
24 38 0.165
24 45 0.122
24 49 0.145
24 50 0.114
24 52 0.137
24 58 0.151
24 59 0.113
24 63 0.119
24 74 0.119
24 76 0.27
24 87 0.125
24 91 0.363
24 27 0.131
24 32 0.173
24 35 0.167
24 37 0.133
24 39 0.121
24 41 0.155
24 42 0.155
24 46 0.137
24 47 0.171
24 51 0.145
24 53 0.189
24 57 0.183
24 62 0.127
24 68 0.143
24 72 0.157
24 73 0.15
24 79 0.17
24 82 0.151
24 92 0.164
24 95 0.076
24 96 0.121
24 97 0.148
24 99 0.131
25 92 0.801
25 60 0.861
25 65 0.696
25 51 0.829
25 28 1
25 44 0.578
25 94 0.218
25 64 0.208
25 97 0.216
25 45 0.14
25 59 0.34
25 75 0.113
25 81 0.109
25 99 0.05
25 27 0.162
25 35 0.159
25 47 0.146
25 49 0.036
25 61 0.147
25 63 0.165
25 67 0.148
25 68 0.104
25 77 0.161
25 89 0.188
25 93 0.148
25 26 0.175
25 30 0.151
25 32 0.183
25 34 0.097
25 38 0.221
25 39 0.098
25 42 0.108
25 50 0.147
25 52 0.154
25 54 0.126
25 55 0.145
25 57 0.186
25 58 0.193
25 62 0.131
25 71 0.134
25 76 0.119
25 79 0.166
25 80 0.179
25 82 0.183
25 83 0.139
25 84 0.151
25 85 0.151
25 86 0.133
25 88 0.154
25 90 0.144
25 96 0.186
26 46 0.641
26 76 0.835
26 60 0.769
26 56 0.847
26 55 0.625
26 59 0.503
26 73 0.9
26 58 0.288
26 62 0.07
26 43 0.041
26 49 0.117
26 51 0.357
26 71 0.16
26 44 0.175
26 47 0.128
26 61 0.125
26 64 0.138
26 77 0.161
26 84 0.092
26 90 0.134
26 93 0.161
26 97 0.095
26 28 0.176
26 30 0.157
26 31 0.136
26 33 0.138
26 34 0.127
26 36 0.15
26 39 0.169
26 40 0.14
26 41 0.137
26 45 0.131
26 48 0.17
26 50 0.165
26 52 0.084
26 57 0.199
26 63 0.2
26 65 0.168
26 66 0.126
26 70 0.119
26 72 0.179
26 74 0.145
26 75 0.18
26 80 0.148
26 81 0.139
26 86 0.11
26 89 0.18
26 91 0.113
26 94 0.139
26 95 0.122
26 96 0.145
27 51 0.529
27 48 1
27 85 0.853
27 52 0.708
27 63 0.751
27 39 1
27 34 0.201
27 31 0.072
27 98 0.142
27 32 0.147
27 42 0.169
27 57 0.104
27 83 0.169
27 88 0.146
27 92 0.104
27 28 0.126
27 30 0.22
27 35 0.167
27 37 0.108
27 66 0.129
27 68 0.117
27 73 0.203
27 99 0.1
27 29 0.144
27 40 0.165
27 41 0.153
27 43 0.114
27 44 0.135
27 46 0.165
27 49 0.122
27 55 0.191
27 56 0.129
27 65 0.156
27 71 0.174
27 74 0.121
27 76 0.204
27 77 0.146
27 79 0.169
27 80 0.157
27 82 0.122
27 87 0.145
27 93 0.106
27 97 0.172
28 59 0.782
28 87 0.822
28 72 1
28 86 0.595
28 71 0.237
28 80 0.26
28 57 0.154
28 85 0.33
28 32 0.196
28 34 0.142
28 66 0.157
28 67 0.156
28 89 0.229
28 31 0.148
28 40 0.231
28 99 0.149
28 29 0.17
28 33 0.144
28 37 0.149
28 39 0.143
28 43 0.166
28 44 0.15
28 45 0.161
28 49 0.148
28 50 0.184
28 51 0.136
28 52 0.147
28 53 0.107
28 54 0.21
28 55 0.217
28 62 0.166
28 63 0.16
28 69 0.209
28 77 0.177
28 82 0.189
28 84 0.17
28 88 0.167
28 90 0.101
28 96 0.104
29 96 0.808
29 91 1
29 67 0.983
29 71 1
29 56 1
29 47 0.284
29 93 0.156
29 35 0.138
29 43 0.098
29 48 0.241
29 49 0.133
29 50 0.165
29 54 0.156
29 59 0.141
29 64 0.182
29 65 0.149
29 30 0.111
29 32 0.139
29 33 0.102
29 37 0.194
29 41 0.105
29 45 0.178
29 46 0.153
29 57 0.095
29 60 0.122
29 62 0.167
29 63 0.12
29 68 0.154
29 70 0.161
29 74 0.163
29 80 0.111
29 81 0.186
29 82 0.149
29 83 0.148
29 87 0.134
29 88 0.155
29 89 0.152
29 98 0.177
29 99 0.152
30 97 0.919
30 47 0.905
30 35 0.91
30 50 0.841
30 60 0.198
30 63 0.135
30 91 0.101
30 43 0.129
30 45 0.118
30 54 0.165
30 62 0.137
30 65 0.126
30 67 0.086
30 71 0.108
30 78 0.179
30 79 0.197
30 31 0.197
30 32 0.176
30 33 0.181
30 36 0.199
30 37 0.22
30 39 0.153
30 41 0.119
30 46 0.132
30 48 0.128
30 51 0.159
30 52 0.162
30 53 0.141
30 56 0.134
30 58 0.163
30 59 0.08
30 68 0.207
30 69 0.132
30 70 0.163
30 75 0.159
30 84 0.149
30 87 0.159
30 88 0.194
30 89 0.152
30 92 0.158
30 93 0.173
30 94 0.172
30 95 0.182
30 96 0.142
30 99 0.158
31 78 0.693
31 61 0.956
31 37 0.24
31 48 0.148
31 45 0.319
31 40 0.141
31 43 0.152
31 59 0.156
31 75 0.09
31 99 0.137
31 32 0.111
31 36 0.197
31 42 0.156
31 49 0.218
31 53 0.133
31 58 0.195
31 73 0.188
31 85 0.145
31 88 0.152
31 93 0.177
31 34 0.157
31 38 0.159
31 41 0.159
31 46 0.147
31 47 0.191
31 50 0.172
31 52 0.164
31 56 0.121
31 66 0.141
31 69 0.118
31 70 0.149
31 72 0.164
31 74 0.142
31 79 0.168
31 81 0.195
31 82 0.155
31 83 0.125
31 86 0.143
31 91 0.171
31 94 0.199
31 95 0.159
31 98 0.168
32 73 0.991
32 58 0.812
32 44 0.975
32 49 1
32 90 0.146
32 43 0.164
32 40 0.196
32 37 0.188
32 45 0.266
32 46 0.085
32 55 0.133
32 56 0.183
32 59 0.18
32 60 0.145
32 77 0.186
32 82 0.129
32 85 0.145
32 86 0.144
32 87 0.178
32 92 0.028
32 93 0.105
32 96 0.17
32 33 0.152
32 36 0.162
32 39 0.226
32 48 0.186
32 52 0.166
32 53 0.12
32 54 0.126
32 61 0.163
32 62 0.133
32 64 0.171
32 65 0.161
32 66 0.149
32 67 0.107
32 69 0.163
32 70 0.155
32 75 0.16
32 78 0.131
32 83 0.161
32 91 0.151
32 94 0.135
32 95 0.178
32 97 0.131
32 98 0.139
32 99 0.174
33 52 0.944
33 77 0.741
33 71 0.68
33 84 0.832
33 87 1
33 66 0.785
33 34 0.361
33 46 0.238
33 51 0.194
33 85 0.141
33 42 0.252
33 43 0.268
33 49 0.087
33 58 0.204
33 47 0.137
33 53 0.118
33 65 0.167
33 68 0.02
33 72 0.156
33 92 0.202
33 98 0.149
33 37 0.131
33 38 0.185
33 39 0.127
33 40 0.175
33 50 0.149
33 57 0.137
33 60 0.176
33 61 0.195
33 63 0.192
33 64 0.083
33 73 0.187
33 74 0.184
33 78 0.123
33 79 0.13
33 80 0.155
33 88 0.154
33 90 0.199
33 94 0.172
33 95 0.19
33 96 0.149
34 61 0.95
34 64 0.993
34 67 1
34 57 0.988
34 77 0.884
34 47 0.213
34 68 0.149
34 85 0.284
34 36 0.164
34 38 0.127
34 39 0.164
34 72 0.097
34 75 0.153
34 93 0.155
34 35 0.161
34 42 0.135
34 44 0.192
34 45 0.141
34 49 0.162
34 50 0.208
34 55 0.144
34 60 0.155
34 62 0.123
34 69 0.154
34 70 0.152
34 73 0.187
34 74 0.143
34 80 0.169
34 87 0.128
34 88 0.112
34 91 0.135
34 94 0.184
34 95 0.205
34 96 0.191
34 97 0.156
35 56 0.682
35 53 0.94
35 77 0.81
35 48 0.241
35 51 0.195
35 73 0.232
35 85 0.175
35 95 0.201
35 45 0.117
35 49 0.227
35 57 0.114
35 63 0.187
35 64 0.192
35 70 0.122
35 74 0.148
35 76 0.163
35 83 0.155
35 91 0.161
35 92 0.13
35 96 0.186
35 40 0.093
35 41 0.137
35 44 0.176
35 46 0.121
35 50 0.198
35 58 0.196
35 61 0.126
35 62 0.145
35 65 0.143
35 68 0.141
35 69 0.13
35 72 0.19
35 75 0.2
35 82 0.153
35 84 0.213
35 86 0.121
35 87 0.132
35 88 0.093
35 90 0.169
35 93 0.145
35 94 0.152
35 99 0.165
36 59 1
36 43 0.171
36 86 0.228
36 88 0.16
36 38 0.176
36 45 0.149
36 65 0.194
36 66 0.145
36 77 0.16
36 79 0.181
36 93 0.181
36 98 0.119
36 37 0.163
36 42 0.141
36 46 0.125
36 49 0.147
36 51 0.174
36 52 0.159
36 54 0.147
36 55 0.171
36 61 0.134
36 62 0.15
36 68 0.17
36 72 0.103
36 73 0.187
36 78 0.132
36 87 0.162
36 89 0.125
36 90 0.163
36 91 0.109
36 95 0.142
36 96 0.169
36 97 0.146
37 73 0.864
37 93 0.927
37 88 0.594
37 80 0.681
37 79 0.839
37 49 0.12
37 85 0.129
37 54 0.139
37 45 0.09
37 69 0.161
37 81 0.203
37 40 0.145
37 55 0.157
37 74 0.112
37 76 0.223
37 78 0.171
37 83 0.163
37 89 0.138
37 90 0.137
37 94 0.151
37 39 0.134
37 44 0.154
37 46 0.12
37 47 0.118
37 52 0.159
37 53 0.188
37 63 0.118
37 64 0.15
37 67 0.103
37 72 0.157
37 75 0.167
37 77 0.139
37 87 0.152
37 91 0.157
37 95 0.138
37 99 0.114
38 62 0.724
38 98 1
38 63 0.616
38 70 1
38 75 0.589
38 43 0.782
38 80 0.126
38 39 0.096
38 46 0.098
38 49 0.332
38 53 0.215
38 72 0.022
38 73 0.181
38 78 0.147
38 81 0.168
38 88 0.275
38 89 0.117
38 93 0.177
38 47 0.157
38 48 0.071
38 51 0.145
38 52 0.132
38 57 0.152
38 59 0.133
38 60 0.191
38 61 0.097
38 67 0.116
38 69 0.143
38 82 0.153
38 85 0.12
38 86 0.163
38 91 0.168
38 92 0.142
38 97 0.145
39 76 0.721
39 44 0.657
39 63 0.581
39 75 0.322
39 57 0.106
39 45 0.095
39 50 0.056
39 51 0.174
39 53 0.188
39 62 0.071
39 65 0.155
39 68 0.137
39 71 0.164
39 72 0.128
39 90 0.109
39 98 0.162
39 42 0.183
39 49 0.104
39 52 0.15
39 56 0.204
39 58 0.194
39 60 0.156
39 61 0.142
39 64 0.141
39 70 0.168
39 78 0.159
39 82 0.071
39 83 0.191
39 84 0.16
39 86 0.124
39 89 0.172
39 91 0.143
39 99 0.059
40 73 0.86
40 47 0.921
40 70 0.569
40 56 0.593
40 78 0.94
40 83 0.843
40 52 0.673
40 60 0.156
40 66 0.136
40 76 0.021
40 84 0.109
40 99 0.103
40 86 0.181
40 90 0.165
40 41 0.377
40 51 0.162
40 54 0.124
40 62 0.195
40 75 0.212
40 88 0.181
40 42 0.187
40 43 0.179
40 53 0.125
40 58 0.174
40 61 0.161
40 63 0.13
40 64 0.146
40 72 0.109
40 79 0.156
40 85 0.164
40 89 0.147
40 91 0.164
40 92 0.155
40 93 0.164
40 95 0.193
41 76 0.849
41 72 0.97
41 48 0.079
41 49 0.156
41 66 0.109
41 51 0.072
41 56 0.181
41 67 0.091
41 70 0.149
41 74 0.201
41 81 0.12
41 82 0.151
41 83 0.167
41 85 0.145
41 88 0.132
41 98 0.219
41 42 0.183
41 50 0.167
41 55 0.167
41 58 0.148
41 59 0.168
41 63 0.209
41 64 0.179
41 68 0.11
41 71 0.208
41 73 0.117
41 80 0.129
41 84 0.102
41 87 0.194
41 90 0.156
41 93 0.127
41 94 0.175
41 95 0.197
41 96 0.179
42 55 0.905
42 56 0.894
42 76 0.98
42 52 0.123
42 68 0.147
42 73 0.134
42 86 0.184
42 63 0.12
42 70 0.277
42 80 0.129
42 85 0.134
42 95 0.148
42 43 0.153
42 44 0.167
42 51 0.155
42 53 0.114
42 57 0.154
42 59 0.16
42 65 0.131
42 66 0.194
42 67 0.12
42 77 0.15
42 78 0.164
42 79 0.17
42 81 0.169
42 87 0.14
42 88 0.183
42 92 0.212
42 96 0.142
42 97 0.179
43 91 0.624
43 49 0.979
43 79 1
43 58 0.983
43 78 0.578
43 51 0.766
43 54 1
43 92 0.201
43 71 0.118
43 81 0.073
43 46 0.126
43 59 0.173
43 60 0.157
43 66 0.164
43 75 0.12
43 94 0.223
43 98 0.166
43 44 0.137
43 48 0.136
43 50 0.121
43 52 0.099
43 55 0.158
43 56 0.192
43 57 0.167
43 64 0.187
43 67 0.165
43 68 0.216
43 73 0.162
43 74 0.206
43 76 0.157
43 77 0.186
43 83 0.145
43 84 0.172
43 85 0.209
43 89 0.185
43 93 0.123
43 96 0.182
43 97 0.147
44 50 1
44 76 0.932
44 91 1
44 84 1
44 52 0.167
44 54 0.131
44 80 0.119
44 92 0.043
44 48 0.159
44 63 0.22
44 97 0.156
44 45 0.171
44 55 0.174
44 58 0.084
44 59 0.151
44 61 0.17
44 62 0.187
44 64 0.154
44 65 0.131
44 66 0.134
44 68 0.165
44 69 0.19
44 71 0.11
44 74 0.146
44 78 0.206
44 81 0.14
44 86 0.165
44 87 0.124
44 88 0.162
44 89 0.159
44 94 0.143
44 96 0.145
45 64 1
45 60 0.927
45 81 1
45 82 0.612
45 72 0.85
45 73 0.763
45 98 0.168
45 46 0.146
45 55 0.236
45 65 0.152
45 93 0.259
45 54 0.177
45 69 0.315
45 62 0.118
45 74 0.113
45 85 0.149
45 86 0.151
45 95 0.127
45 53 0.147
45 56 0.163
45 58 0.14
45 59 0.1
45 61 0.141
45 63 0.157
45 70 0.156
45 71 0.141
45 76 0.175
45 77 0.157
45 78 0.153
45 79 0.166
45 87 0.175
45 88 0.119
45 94 0.143
45 96 0.169
46 98 1
46 94 0.637
46 78 0.577
46 51 0.611
46 86 0.876
46 48 0.226
46 60 0.195
46 61 0.236
46 65 0.141
46 91 0.148
46 55 0.144
46 63 0.035
46 66 0.126
46 49 0.177
46 52 0.125
46 54 0.119
46 57 0.198
46 62 0.185
46 71 0.147
46 75 0.117
46 76 0.169
46 79 0.18
46 80 0.166
46 81 0.169
46 84 0.144
46 85 0.095
46 87 0.185
46 89 0.1
46 99 0.139
47 66 0.977
47 56 0.882
47 93 0.952
47 77 0.182
47 96 0.094
47 57 0.332
47 74 0.08
47 80 0.127
47 99 0.118
47 59 0.025
47 62 0.173
47 68 0.136
47 69 0.159
47 71 0.167
47 83 0.171
47 84 0.018
47 92 0.156
47 94 0.193
47 48 0.049
47 49 0.166
47 50 0.11
47 52 0.122
47 54 0.133
47 55 0.118
47 63 0.16
47 64 0.106
47 65 0.214
47 67 0.146
47 70 0.125
47 88 0.202
47 89 0.239
48 98 0.618
48 84 1
48 54 0.823
48 78 0.627
48 70 0.266
48 74 0.11
48 79 0.094
48 90 0.184
48 97 0.2
48 75 0.314
48 89 0.163
48 91 0.122
48 93 0.112
48 94 0.188
48 95 0.143
48 99 0.2
48 49 0.111
48 50 0.138
48 51 0.132
48 52 0.198
48 53 0.178
48 55 0.132
48 62 0.102
48 63 0.163
48 64 0.143
48 66 0.141
48 71 0.181
48 73 0.104
48 80 0.133
48 83 0.131
48 86 0.138
48 87 0.119
48 88 0.14
48 96 0.121
49 69 0.827
49 70 1
49 52 0.796
49 83 1
49 75 0.365
49 76 0.455
49 80 0.076
49 53 0.116
49 61 0.194
49 67 0.122
49 77 0.171
49 81 0.144
49 91 0.143
49 96 0.189
49 50 0.149
49 56 0.155
49 59 0.156
49 62 0.15
49 63 0.124
49 68 0.113
49 78 0.186
49 79 0.117
49 86 0.174
49 87 0.162
49 89 0.185
49 93 0.1
49 98 0.142
50 60 1
50 85 1
50 77 0.352
50 56 0.608
50 59 0.154
50 97 0.004
50 67 0.145
50 54 0.177
50 73 0.343
50 76 0.317
50 79 0.157
50 84 0.045
50 53 0.133
50 55 0.225
50 57 0.19
50 65 0.151
50 70 0.182
50 71 0.106
50 78 0.149
50 80 0.142
50 82 0.154
50 88 0.191
50 89 0.159
50 93 0.105
50 94 0.163
50 98 0.197
50 99 0.192
51 83 0.07
51 79 0.294
51 96 0.177
51 78 0.018
51 57 0.131
51 64 0.159
51 73 0.023
51 90 0.152
51 58 0.117
51 61 0.123
51 81 0.121
51 95 0.199
51 97 0.144
51 98 0.217
51 52 0.215
51 56 0.17
51 59 0.16
51 62 0.122
51 67 0.136
51 68 0.137
51 69 0.181
51 72 0.128
51 74 0.143
51 75 0.126
51 80 0.087
51 85 0.182
51 86 0.176
51 93 0.128
51 94 0.093
52 74 0.91
52 60 0.988
52 81 0.632
52 70 0.65
52 98 0.187
52 64 0.139
52 67 0.175
52 83 0.184
52 53 0.119
52 54 0.09
52 55 0.145
52 57 0.165
52 61 0.178
52 63 0.229
52 65 0.137
52 66 0.145
52 68 0.154
52 69 0.122
52 73 0.08
52 76 0.15
52 79 0.182
52 82 0.105
52 84 0.225
52 85 0.106
52 87 0.186
52 97 0.131
52 99 0.105
53 66 0.693
53 97 0.798
53 99 0.105
53 57 0.178
53 87 0.347
53 60 0.166
53 76 0.156
53 77 0.056
53 84 0.163
53 79 0.268
53 81 0.14
53 86 0.137
53 91 0.041
53 55 0.173
53 58 0.195
53 61 0.121
53 65 0.148
53 67 0.088
53 69 0.164
53 71 0.098
53 75 0.181
53 80 0.142
53 82 0.141
53 83 0.221
53 89 0.122
53 90 0.163
53 93 0.147
53 94 0.142
53 98 0.141
54 55 0.855
54 81 1
54 59 0.074
54 96 0.169
54 99 0.193
54 57 0.084
54 62 0.175
54 63 0.212
54 83 0.121
54 90 0.078
54 94 0.149
54 56 0.087
54 61 0.16
54 66 0.197
54 67 0.139
54 68 0.172
54 72 0.162
54 75 0.206
54 76 0.118
54 89 0.158
54 95 0.176
54 97 0.103
55 78 1
55 99 0.659
55 60 0.775
55 56 0.737
55 67 0.84
55 90 0.141
55 95 0.194
55 58 0.144
55 66 0.179
55 70 0.342
55 82 0.178
55 85 0.068
55 93 0.152
55 59 0.166
55 64 0.206
55 65 0.131
55 68 0.147
55 71 0.132
55 72 0.152
55 73 0.174
55 75 0.201
55 76 0.18
55 77 0.148
55 80 0.141
55 81 0.163
55 84 0.177
55 87 0.155
55 88 0.185
55 91 0.155
56 95 0.866
56 68 0.528
56 88 0.143
56 91 0.202
56 76 0.153
56 80 0.152
56 58 0.168
56 69 0.025
56 72 0.137
56 82 0.197
56 93 0.143
56 97 0.335
56 60 0.151
56 61 0.14
56 62 0.126
56 63 0.174
56 64 0.112
56 67 0.138
56 70 0.166
56 75 0.187
56 81 0.144
56 83 0.123
56 86 0.104
56 90 0.072
56 98 0.144
56 99 0.089
57 89 0.115
57 94 0.332
57 76 0.183
57 60 0.442
57 68 0.139
57 77 0.095
57 78 0.217
57 84 0.173
57 86 0.148
57 93 0.095
57 99 0.16
57 59 0.148
57 66 0.156
57 69 0.165
57 70 0.154
57 72 0.206
57 73 0.174
57 75 0.219
57 79 0.145
57 80 0.158
57 82 0.111
57 83 0.123
57 85 0.15
57 91 0.163
57 92 0.179
57 97 0.182
57 98 0.122
58 96 0.952
58 72 0.973
58 67 0.794
58 77 0.595
58 70 0.024
58 88 0.21
58 75 0.387
58 76 0.161
58 74 0.194
58 83 0.144
58 84 0.17
58 90 0.021
58 99 0.122
58 59 0.124
58 60 0.166
58 61 0.107
58 62 0.111
58 68 0.217
58 81 0.143
58 85 0.157
58 87 0.094
58 91 0.124
58 94 0.113
58 95 0.167
59 60 0.573
59 79 0.997
59 61 0.625
59 68 0.794
59 63 0.132
59 65 0.191
59 72 0.126
59 80 0.167
59 95 0.183
59 98 0.13
59 64 0.162
59 67 0.144
59 70 0.178
59 74 0.15
59 78 0.122
59 81 0.175
59 83 0.09
59 85 0.172
59 86 0.144
59 91 0.137
59 99 0.22
60 82 0.849
60 78 0.929
60 81 0.962
60 97 0.07
60 62 0.162
60 67 0.129
60 69 0.192
60 71 0.18
60 80 0.176
60 85 0.154
60 89 0.231
60 91 0.161
60 64 0.132
60 68 0.152
60 70 0.164
60 75 0.152
60 76 0.16
60 84 0.151
60 86 0.18
60 87 0.139
60 88 0.139
60 94 0.162
60 95 0.2
60 98 0.115
61 75 0.179
61 91 0.17
61 88 0.172
61 72 0.135
61 73 0.158
61 81 0.165
61 83 0.161
61 98 0.211
61 62 0.198
61 65 0.147
61 68 0.196
61 69 0.145
61 70 0.197
61 74 0.201
61 77 0.114
61 78 0.124
61 80 0.147
61 87 0.083
61 89 0.116
61 92 0.154
61 94 0.159
62 82 0.947
62 84 0.08
62 69 0.17
62 70 0.271
62 91 0.129
62 99 0.068
62 63 0.233
62 76 0.132
62 64 0.094
62 67 0.167
62 68 0.14
62 74 0.163
62 77 0.132
62 81 0.162
62 83 0.134
62 85 0.137
62 86 0.161
62 87 0.155
62 89 0.14
62 90 0.155
62 93 0.134
62 94 0.107
62 95 0.06
62 98 0.096
63 92 1
63 78 0.417
63 64 0.986
63 67 0.226
63 99 0.122
63 68 0.059
63 82 0.129
63 91 0.15
63 98 0.141
63 66 0.193
63 70 0.138
63 72 0.168
63 73 0.122
63 74 0.155
63 76 0.139
63 77 0.176
63 79 0.147
63 83 0.191
63 84 0.183
63 87 0.159
63 96 0.166
64 68 0.756
64 78 0.907
64 87 0.93
64 65 0.224
64 74 0.172
64 93 0.191
64 73 0.118
64 75 0.163
64 85 0.192
64 91 0.1
64 66 0.194
64 72 0.121
64 76 0.211
64 80 0.149
64 82 0.072
64 83 0.176
64 89 0.206
64 90 0.176
64 95 0.151
64 96 0.133
64 98 0.16
64 99 0.153
65 90 0.828
65 71 0.897
65 69 0.715
65 78 0.129
65 67 0.188
65 87 0.194
65 91 0.155
65 66 0.125
65 72 0.193
65 73 0.148
65 74 0.143
65 77 0.149
65 84 0.152
65 85 0.11
65 86 0.167
65 88 0.102
65 94 0.141
65 95 0.149
65 96 0.183
65 97 0.17
65 98 0.148
66 86 1
66 85 0.748
66 74 0.733
66 99 0.165
66 67 0.126
66 73 0.127
66 76 0.126
66 77 0.175
66 80 0.154
66 83 0.088
66 84 0.129
66 88 0.176
66 90 0.157
66 94 0.107
66 96 0.161
66 98 0.191
67 84 0.646
67 94 1
67 75 0.15
67 77 0.265
67 79 0.127
67 70 0.156
67 74 0.169
67 76 0.252
67 78 0.078
67 95 0.111
67 68 0.135
67 71 0.176
67 73 0.13
67 82 0.107
67 89 0.104
67 91 0.161
67 93 0.153
67 98 0.148
68 96 0.56
68 81 0.756
68 77 0.001
68 84 0.123
68 86 0.159
68 91 0.128
68 95 0.257
68 99 0.132
68 70 0.16
68 72 0.106
68 73 0.122
68 75 0.177
68 76 0.133
68 79 0.175
68 85 0.161
68 94 0.104
68 97 0.134
69 89 1
69 82 0.958
69 76 0.144
69 90 0.044
69 92 0.138
69 73 0.193
69 80 0.201
69 83 0.176
69 88 0.149
69 94 0.175
69 71 0.137
69 78 0.127
69 81 0.102
69 91 0.174
69 98 0.167
70 95 0.732
70 79 0.623
70 91 1
70 76 0.598
70 99 0.658
70 98 0.109
70 96 0.13
70 77 0.139
70 97 0.166
70 71 0.176
70 74 0.124
70 75 0.14
70 80 0.14
70 83 0.152
70 87 0.135
70 88 0.155
70 89 0.176
70 92 0.165
70 93 0.153
71 98 1
71 89 0.675
71 85 0.527
71 87 0.146
71 88 0.202
71 72 0.144
71 75 0.21
71 77 0.151
71 78 0.146
71 82 0.188
71 83 0.179
71 86 0.143
71 92 0.172
71 95 0.139
71 96 0.149
72 85 1
72 93 0.871
72 78 0.953
72 90 0.835
72 74 0.12
72 94 0.173
72 98 0.116
72 76 0.173
72 77 0.126
72 80 0.216
72 83 0.122
72 84 0.208
72 86 0.131
72 87 0.151
72 89 0.102
72 91 0.155
72 95 0.161
72 96 0.122
72 97 0.125
73 94 0.944
73 93 1
73 87 0.633
73 84 0.068
73 75 0.073
73 81 0.126
73 96 0.137
73 74 0.107
73 77 0.101
73 78 0.209
73 80 0.131
73 82 0.114
73 85 0.204
73 91 0.101
73 92 0.131
73 95 0.162
73 98 0.143
74 87 0.156
74 84 0.187
74 86 0.105
74 76 0.193
74 77 0.123
74 80 0.187
74 81 0.207
74 83 0.145
74 88 0.093
74 89 0.158
75 87 0.874
75 95 0.358
75 76 0.071
75 83 0.271
75 91 0.198
75 78 0.192
75 86 0.131
75 93 0.182
75 81 0.113
75 82 0.099
75 84 0.183
75 90 0.135
75 96 0.138
75 97 0.179
76 83 0.152
76 89 0.002
76 77 0.163
76 95 0.148
76 78 0.196
76 85 0.117
76 87 0.12
76 90 0.147
76 92 0.209
76 93 0.211
76 94 0.134
76 96 0.162
77 78 1
77 89 0.88
77 83 1
77 79 0.912
77 86 0.862
77 87 0.171
77 85 0.164
77 92 0.142
77 94 0.077
77 82 0.191
77 84 0.123
77 88 0.164
77 90 0.142
77 91 0.17
77 96 0.154
77 98 0.14
78 84 0.084
78 89 0.26
78 85 0.099
78 90 0.169
78 96 0.197
78 99 0.15
78 79 0.143
78 82 0.122
78 83 0.157
78 86 0.111
78 87 0.165
78 92 0.131
78 95 0.139
79 99 1
79 98 0.739
79 80 0.792
79 97 0.156
79 81 0.126
79 83 0.141
79 85 0.156
79 87 0.111
79 92 0.185
79 82 0.202
79 84 0.09
79 89 0.097
79 93 0.167
79 94 0.177
79 96 0.116
80 98 0.85
80 95 0.886
80 88 0.125
80 93 0.178
80 96 0.133
80 81 0.156
80 83 0.111
80 85 0.157
80 92 0.119
81 90 0.922
81 88 0.601
81 94 0.165
81 85 0.112
81 91 0.137
81 83 0.181
81 86 0.138
81 87 0.175
81 89 0.175
81 95 0.126
81 98 0.119
82 90 0.626
82 98 0.617
82 97 0.626
82 96 0.515
82 83 0.192
82 85 0.187
82 87 0.229
82 84 0.178
82 86 0.195
83 98 0.928
83 86 0.228
83 95 0.135
83 97 0.112
83 87 0.142
83 88 0.313
83 85 0.124
83 90 0.136
83 92 0.178
83 96 0.167
83 99 0.183
84 97 0.739
84 99 0.824
84 93 0.754
84 86 0.168
84 89 0.117
84 90 0.058
84 95 0.164
84 85 0.171
84 91 0.16
85 89 0.749
85 87 0.078
85 88 0.148
85 90 0.162
85 92 0.125
85 95 0.086
85 96 0.191
85 97 0.153
85 98 0.142
85 99 0.161
86 96 0.838
86 98 0.183
86 92 0.12
86 95 0.111
86 97 0.203
86 90 0.125
86 93 0.158
86 99 0.126
87 88 0.194
87 91 0.115
87 98 0.131
87 99 0.264
87 90 0.144
87 93 0.172
87 94 0.168
87 97 0.215
88 90 0.126
88 93 0.156
88 94 0.154
88 96 0.143
89 90 1
89 92 0.134
89 91 0.12
89 94 0.127
89 95 0.168
89 96 0.203
89 97 0.106
89 99 0.165
90 91 0.881
90 99 0.125
90 92 0.158
90 93 0.143
90 94 0.152
90 97 0.134
91 97 0.127
91 98 0.096
91 93 0.151
91 94 0.124
91 92 0.129
91 95 0.164
91 99 0.134
92 93 0.899
92 95 1
92 97 0.138
92 98 0.263
92 96 0.193
92 99 0.207
93 99 0.15
93 98 0.185
93 94 0.108
93 95 0.1
93 97 0.104
94 99 0.182
94 98 0.209
94 97 0.129
95 97 0.193
95 96 0.133
95 99 0.157
96 98 0.175
97 99 0.152
98 99 0.28
