0 16 1
0 49 0.702
0 52 1
0 58 0.928
0 36 0.926
0 17 0.189
0 46 0.213
0 2 0.41
0 38 0.13
0 96 0.174
0 15 0.243
0 29 0.345
0 87 0.166
0 14 0.203
0 26 0.375
0 30 0.2
0 39 0.253
0 47 0.156
0 57 0.229
0 63 0.174
0 67 0.176
0 81 0.278
0 82 0.356
0 95 0.22
0 98 0.243
0 1 0.187
0 20 0.311
0 21 0.181
0 27 0.145
0 53 0.469
0 75 0.151
0 91 0.144
0 3 0.547
0 4 0.184
0 9 0.063
0 13 0.024
0 24 0.226
0 32 0.152
0 40 0.146
0 54 0.321
0 66 0.291
0 72 0.182
0 74 0.133
0 76 0.359
0 77 0.058
0 84 0.05
0 85 0.183
0 97 0.344
0 22 0.158
0 50 0.206
0 62 0.391
0 65 0.237
0 69 0.125
0 71 0.215
0 86 0.248
0 99 0.142
0 6 0.14
0 8 0.149
0 11 0.174
0 18 0.198
0 34 0.145
0 41 0.096
0 51 0.132
0 61 0.193
0 64 0.151
0 68 0.102
0 73 0.19
0 78 0.113
0 79 0.163
0 83 0.12
0 88 0.174
0 89 0.145
0 92 0.148
0 93 0.149
0 94 0.077
1 47 0.919
1 49 0.63
1 14 0.985
1 75 0.996
1 62 0.951
1 87 0.825
1 89 0.89
1 18 1
1 45 0.877
1 77 0.706
1 44 0.359
1 98 0.216
1 19 0.032
1 40 0.24
1 51 0.208
1 9 0.141
1 23 0.221
1 56 0.153
1 58 0.286
1 78 0.174
1 82 0.064
1 83 0.035
1 53 0.305
1 61 0.154
1 64 0.169
1 71 0.16
1 84 0.377
1 97 0.265
1 2 0.153
1 7 0.106
1 11 0.376
1 52 0.203
1 3 0.232
1 4 0.079
1 8 0.122
1 15 0.165
1 16 0.041
1 21 0.134
1 24 0.268
1 29 0.124
1 31 0.187
1 36 0.184
1 63 0.156
1 67 0.143
1 70 0.169
1 85 0.199
1 91 0.157
1 22 0.196
1 26 0.071
1 30 0.383
1 37 0.026
1 41 0.141
1 42 0.159
1 43 0.204
1 48 0.121
1 57 0.173
1 60 0.263
1 73 0.346
1 76 0.156
1 92 0.145
1 99 0.12
1 5 0.162
1 6 0.182
1 17 0.151
1 20 0.17
1 25 0.129
1 27 0.119
1 28 0.136
1 33 0.213
1 34 0.114
1 46 0.101
1 50 0.103
1 55 0.151
1 59 0.173
1 66 0.092
1 68 0.125
1 69 0.163
1 74 0.129
1 86 0.142
1 88 0.158
1 94 0.128
1 96 0.207
2 55 0.832
2 14 0.732
2 76 0.98
2 50 0.968
2 11 0.404
2 69 0.547
2 32 0.722
2 51 0.113
2 73 0.043
2 88 0.414
2 5 0.017
2 13 0.094
2 34 0.149
2 47 0.176
2 59 0.176
2 67 0.131
2 78 0.155
2 84 0.663
2 86 0.239
2 95 0.463
2 99 0.018
2 10 0.266
2 18 0.172
2 25 0.222
2 28 0.109
2 37 0.295
2 39 0.55
2 45 0.172
2 53 0.333
2 85 0.19
2 90 0.067
2 3 0.041
2 17 0.136
2 71 0.153
2 4 0.189
2 6 0.369
2 12 0.24
2 21 0.297
2 22 0.227
2 23 0.122
2 30 0.13
2 62 0.209
2 66 0.135
2 72 0.309
2 80 0.446
2 83 0.175
2 92 0.106
2 7 0.198
2 15 0.144
2 24 0.157
2 26 0.095
2 29 0.246
2 41 0.223
2 49 0.146
2 56 0.246
2 58 0.136
2 60 0.263
2 63 0.2
2 68 0.12
2 70 0.152
2 79 0.203
2 87 0.144
2 96 0.172
2 98 0.189
2 9 0.181
2 16 0.117
2 20 0.165
2 36 0.139
2 38 0.162
2 40 0.164
2 42 0.157
2 46 0.112
2 61 0.159
2 65 0.191
2 74 0.075
2 82 0.15
2 89 0.102
2 91 0.161
2 93 0.18
2 97 0.147
3 77 0.777
3 37 0.929
3 86 0.845
3 10 1
3 64 0.96
3 47 0.604
3 4 0.219
3 39 0.274
3 19 0.28
3 74 0.095
3 92 0.081
3 15 0.187
3 65 0.312
3 87 0.284
3 90 0.177
3 95 0.039
3 5 0.08
3 7 0.295
3 11 0.167
3 26 0.095
3 28 0.212
3 34 0.184
3 49 0.309
3 53 0.158
3 58 0.013
3 78 0.186
3 84 0.016
3 96 0.344
3 98 0.282
3 6 0.06
3 27 0.162
3 56 0.346
3 80 0.056
3 81 0.3
3 83 0.231
3 23 0.243
3 32 0.063
3 38 0.625
3 55 0.041
3 63 0.197
3 69 0.066
3 82 0.241
3 93 0.281
3 18 0.212
3 42 0.157
3 67 0.171
3 76 0.107
3 79 0.192
3 22 0.106
3 29 0.205
3 33 0.139
3 40 0.149
3 46 0.233
3 48 0.101
3 50 0.195
3 57 0.167
3 73 0.137
3 8 0.202
3 14 0.092
3 17 0.216
3 25 0.138
3 31 0.138
3 35 0.177
3 36 0.157
3 41 0.121
3 45 0.192
3 51 0.162
3 54 0.147
3 59 0.183
3 61 0.151
3 62 0.152
3 70 0.086
3 85 0.149
3 91 0.148
3 97 0.179
4 8 0.977
4 5 0.905
4 29 1
4 90 1
4 28 0.691
4 49 0.889
4 22 0.791
4 51 0.187
4 76 0.1
4 13 0.285
4 19 0.193
4 20 0.279
4 23 0.652
4 24 0.065
4 54 0.095
4 67 0.169
4 70 0.509
4 72 0.245
4 79 0.117
4 80 0.384
4 87 0.202
4 97 0.274
4 25 0.192
4 37 0.063
4 39 0.212
4 53 0.516
4 55 0.295
4 84 0.233
4 10 0.13
4 11 0.273
4 18 0.039
4 34 0.159
4 43 0.189
4 46 0.148
4 56 0.169
4 6 0.15
4 9 0.146
4 12 0.316
4 15 0.152
4 16 0.081
4 31 0.193
4 35 0.105
4 41 0.413
4 58 0.097
4 61 0.073
4 71 0.102
4 89 0.125
4 92 0.136
4 94 0.123
4 17 0.283
4 27 0.161
4 30 0.147
4 57 0.148
4 65 0.183
4 66 0.09
4 69 0.19
4 78 0.168
4 81 0.128
4 91 0.061
4 95 0.19
4 99 0.065
4 7 0.179
4 14 0.175
4 21 0.127
4 32 0.149
4 45 0.117
4 47 0.231
4 52 0.103
4 62 0.16
4 64 0.158
4 73 0.147
4 75 0.244
4 82 0.132
4 83 0.137
4 86 0.139
4 96 0.111
5 98 0.785
5 43 0.681
5 27 1
5 31 0.974
5 13 0.701
5 41 0.539
5 88 0.787
5 85 0.125
5 25 0.168
5 44 0.211
5 9 0.159
5 30 0.206
5 32 0.135
5 38 0.548
5 45 0.017
5 55 0.404
5 59 0.346
5 60 0.127
5 68 0.168
5 77 0.078
5 89 0.02
5 97 0.124
5 99 0.123
5 24 0.21
5 33 0.22
5 40 0.262
5 50 0.233
5 53 0.109
5 57 0.214
5 64 0.028
5 69 0.286
5 71 0.191
5 74 0.243
5 7 0.204
5 12 0.281
5 19 0.2
5 21 0.147
5 48 0.366
5 49 0.215
5 56 0.033
5 70 0.271
5 83 0.023
5 20 0.042
5 22 0.15
5 29 0.169
5 35 0.242
5 42 0.018
5 47 0.171
5 54 0.301
5 63 0.199
5 84 0.254
5 94 0.331
5 39 0.188
5 62 0.195
5 65 0.249
5 67 0.241
5 73 0.128
5 81 0.137
5 93 0.23
5 10 0.148
5 11 0.155
5 14 0.151
5 17 0.205
5 18 0.142
5 23 0.178
5 28 0.199
5 52 0.128
5 58 0.131
5 72 0.202
5 76 0.172
5 79 0.092
5 87 0.153
5 90 0.171
5 96 0.145
6 68 0.91
6 8 0.608
6 59 0.779
6 85 0.647
6 95 0.793
6 70 0.892
6 25 0.141
6 19 0.197
6 26 0.247
6 29 0.253
6 55 0.143
6 79 0.219
6 18 0.254
6 91 0.179
6 7 0.178
6 9 0.345
6 15 0.194
6 20 0.331
6 24 0.189
6 32 0.385
6 37 0.186
6 41 0.375
6 43 0.209
6 44 0.221
6 45 0.126
6 48 0.04
6 60 0.325
6 61 0.11
6 62 0.075
6 63 0.121
6 80 0.056
6 82 0.245
6 88 0.444
6 96 0.228
6 97 0.104
6 99 0.276
6 16 0.263
6 23 0.212
6 27 0.116
6 53 0.114
6 69 0.202
6 74 0.053
6 98 0.381
6 35 0.103
6 56 0.011
6 77 0.211
6 13 0.165
6 36 0.24
6 46 0.265
6 47 0.203
6 65 0.513
6 66 0.076
6 67 0.133
6 78 0.446
6 81 0.107
6 84 0.136
6 89 0.032
6 92 0.133
6 10 0.14
6 11 0.186
6 14 0.16
6 17 0.12
6 21 0.168
6 22 0.202
6 28 0.163
6 31 0.143
6 34 0.157
6 38 0.169
6 39 0.173
6 49 0.137
6 50 0.165
6 57 0.146
6 72 0.188
6 76 0.162
6 83 0.133
6 86 0.179
6 90 0.136
6 93 0.156
7 49 0.818
7 46 1
7 85 0.992
7 32 1
7 63 0.623
7 22 0.88
7 97 0.792
7 40 0.664
7 35 0.598
7 66 0.114
7 17 0.247
7 10 0.247
7 33 0.181
7 39 0.199
7 43 0.134
7 55 0.161
7 61 0.121
7 69 0.234
7 70 0.371
7 71 0.557
7 79 0.171
7 91 0.16
7 98 0.36
7 13 0.21
7 25 0.144
7 38 0.37
7 50 0.305
7 57 0.18
7 59 0.321
7 62 0.311
7 84 0.296
7 20 0.181
7 37 0.235
7 44 0.125
7 48 0.168
7 51 0.03
7 67 0.136
7 74 0.193
7 77 0.08
7 94 0.12
7 21 0.135
7 34 0.128
7 41 0.188
7 76 0.326
7 82 0.157
7 88 0.41
7 93 0.161
7 11 0.129
7 12 0.116
7 16 0.141
7 18 0.16
7 28 0.207
7 30 0.155
7 36 0.182
7 42 0.099
7 52 0.258
7 54 0.14
7 68 0.147
7 73 0.144
7 83 0.167
7 87 0.235
7 90 0.122
7 8 0.151
7 9 0.166
7 23 0.139
7 26 0.168
7 27 0.158
7 31 0.147
7 47 0.124
7 56 0.199
7 58 0.118
7 60 0.182
7 64 0.145
7 65 0.196
7 72 0.14
7 75 0.142
7 81 0.114
7 86 0.145
7 89 0.147
7 95 0.161
7 99 0.132
8 34 0.929
8 25 0.614
8 12 0.68
8 92 0.861
8 50 1
8 20 0.16
8 56 0.212
8 41 0.244
8 21 0.216
8 32 0.051
8 78 0.168
8 31 0.159
8 49 0.309
8 90 0.097
8 98 0.079
8 14 0.079
8 16 0.037
8 22 0.146
8 46 0.564
8 53 0.296
8 65 0.068
8 76 0.021
8 83 0.072
8 84 0.189
8 9 0.194
8 26 0.146
8 42 0.471
8 63 0.066
8 13 0.169
8 19 0.179
8 23 0.383
8 24 0.177
8 27 0.126
8 66 0.229
8 72 0.156
8 74 0.181
8 96 0.176
8 18 0.122
8 29 0.128
8 30 0.122
8 37 0.162
8 39 0.181
8 57 0.042
8 58 0.227
8 59 0.244
8 71 0.144
8 73 0.151
8 80 0.2
8 85 0.342
8 93 0.148
8 17 0.205
8 33 0.087
8 35 0.201
8 36 0.145
8 38 0.165
8 43 0.179
8 44 0.178
8 48 0.084
8 51 0.111
8 54 0.186
8 62 0.155
8 67 0.12
8 68 0.118
8 69 0.114
8 70 0.14
8 75 0.13
8 79 0.128
8 81 0.144
8 82 0.169
8 87 0.154
8 89 0.13
8 94 0.099
9 22 0.798
9 76 0.875
9 50 0.761
9 16 0.332
9 39 0.562
9 32 0.142
9 56 0.629
9 13 0.291
9 21 0.251
9 43 0.044
9 58 0.09
9 72 0.372
9 92 0.59
9 40 0.227
9 44 0.426
9 45 0.231
9 51 0.275
9 53 0.142
9 68 0.195
9 79 0.181
9 85 0.033
9 89 0.076
9 99 0.216
9 19 0.462
9 24 0.256
9 46 0.264
9 54 0.059
9 70 0.299
9 80 0.124
9 28 0.086
9 34 0.157
9 37 0.185
9 48 0.117
9 62 0.394
9 63 0.336
9 65 0.252
9 67 0.093
9 71 0.152
9 86 0.047
9 94 0.129
9 20 0.252
9 23 0.043
9 42 0.176
9 59 0.222
9 66 0.188
9 69 0.191
9 81 0.139
9 90 0.425
9 98 0.167
9 15 0.203
9 17 0.052
9 25 0.201
9 41 0.062
9 55 0.072
9 73 0.173
9 96 0.141
9 97 0.123
9 11 0.136
9 18 0.147
9 26 0.113
9 33 0.194
9 35 0.154
9 36 0.119
9 47 0.123
9 49 0.109
9 57 0.148
9 60 0.149
9 64 0.207
9 75 0.157
9 77 0.108
9 82 0.153
9 84 0.209
9 87 0.171
9 88 0.156
9 95 0.167
10 31 0.699
10 99 0.651
10 25 0.786
10 49 0.807
10 42 0.871
10 92 0.868
10 30 0.577
10 34 0.115
10 52 0.047
10 12 0.151
10 65 0.103
10 95 0.09
10 24 0.042
10 28 0.158
10 32 0.306
10 59 0.27
10 60 0.014
10 61 0.18
10 73 0.182
10 15 0.188
10 16 0.535
10 26 0.225
10 36 0.01
10 39 0.251
10 48 0.131
10 69 0.284
10 71 0.151
10 75 0.088
10 83 0.298
10 87 0.151
10 97 0.04
10 22 0.097
10 23 0.327
10 41 0.093
10 74 0.164
10 81 0.229
10 90 0.004
10 96 0.179
10 11 0.482
10 18 0.169
10 40 0.301
10 47 0.281
10 57 0.152
10 77 0.177
10 91 0.053
10 94 0.109
10 98 0.072
10 27 0.082
10 45 0.162
10 50 0.065
10 55 0.132
10 67 0.12
10 70 0.017
10 80 0.113
10 85 0.275
10 93 0.077
10 14 0.159
10 33 0.123
10 43 0.127
10 44 0.204
10 51 0.115
10 54 0.122
10 58 0.127
10 68 0.179
10 82 0.156
10 84 0.167
10 86 0.175
10 89 0.126
11 45 1
11 25 0.639
11 38 0.873
11 32 1
11 19 0.634
11 98 0.77
11 47 0.784
11 95 0.75
11 34 0.919
11 75 0.644
11 72 0.444
11 83 0.333
11 79 0.057
11 80 0.075
11 87 0.293
11 21 0.073
11 26 0.136
11 31 0.422
11 41 0.115
11 43 0.021
11 44 0.158
11 49 0.196
11 78 0.309
11 81 0.18
11 86 0.17
11 91 0.251
11 92 0.122
11 97 0.258
11 17 0.245
11 28 0.204
11 39 0.064
11 40 0.129
11 59 0.071
11 61 0.272
11 66 0.15
11 68 0.194
11 73 0.339
11 77 0.085
11 93 0.39
11 12 0.097
11 30 0.177
11 48 0.163
11 55 0.193
11 20 0.208
11 23 0.188
11 36 0.275
11 52 0.084
11 60 0.149
11 70 0.27
11 71 0.118
11 74 0.154
11 76 0.013
11 88 0.161
11 96 0.157
11 35 0.107
11 54 0.132
11 57 0.275
11 64 0.161
11 67 0.16
11 84 0.303
11 85 0.238
11 99 0.122
11 16 0.13
11 18 0.168
11 22 0.186
11 27 0.195
11 29 0.184
11 33 0.142
11 37 0.15
11 46 0.16
11 50 0.158
11 51 0.15
11 62 0.156
11 63 0.127
11 65 0.169
11 82 0.146
11 94 0.131
12 20 0.508
12 65 0.973
12 38 0.656
12 42 0.102
12 83 0.157
12 77 0.205
12 86 0.036
12 26 0.041
12 31 0.106
12 39 0.155
12 40 0.174
12 53 0.127
12 76 0.057
12 79 0.344
12 14 0.325
12 16 0.161
12 24 0.133
12 25 0.263
12 30 0.35
12 33 0.455
12 44 0.154
12 48 0.122
12 56 0.065
12 71 0.351
12 90 0.031
12 99 0.146
12 21 0.176
12 27 0.144
12 52 0.273
12 67 0.011
12 96 0.022
12 13 0.16
12 18 0.107
12 23 0.187
12 50 0.179
12 94 0.182
12 35 0.141
12 43 0.16
12 47 0.091
12 61 0.3
12 70 0.162
12 72 0.204
12 80 0.165
12 85 0.144
12 93 0.198
12 95 0.149
12 98 0.045
12 15 0.159
12 19 0.141
12 28 0.176
12 29 0.098
12 32 0.138
12 34 0.161
12 37 0.209
12 41 0.094
12 55 0.176
12 57 0.165
12 58 0.234
12 59 0.127
12 62 0.126
12 63 0.158
12 64 0.151
12 66 0.13
12 68 0.138
12 69 0.198
12 74 0.111
12 75 0.164
12 78 0.124
12 89 0.113
12 91 0.2
13 40 0.925
13 44 0.541
13 14 0.033
13 59 0.163
13 15 0.285
13 22 0.063
13 17 0.213
13 52 0.282
13 56 0.125
13 60 0.095
13 78 0.21
13 79 0.364
13 81 0.108
13 23 0.42
13 32 0.291
13 37 0.271
13 54 0.213
13 61 0.342
13 64 0.356
13 96 0.114
13 18 0.515
13 27 0.143
13 29 0.13
13 36 0.01
13 90 0.096
13 24 0.198
13 48 0.159
13 73 0.143
13 99 0.164
13 16 0.216
13 19 0.045
13 20 0.117
13 21 0.169
13 28 0.11
13 30 0.111
13 31 0.16
13 33 0.146
13 39 0.121
13 41 0.227
13 50 0.136
13 53 0.19
13 62 0.125
13 67 0.128
13 75 0.073
13 80 0.107
13 84 0.123
13 88 0.063
13 93 0.157
13 95 0.123
13 26 0.151
13 35 0.148
13 38 0.117
13 43 0.214
13 46 0.076
13 47 0.145
13 51 0.155
13 55 0.155
13 57 0.14
13 58 0.123
13 65 0.09
13 66 0.176
13 71 0.158
13 77 0.154
13 82 0.082
13 85 0.186
13 87 0.125
13 89 0.135
13 91 0.157
13 97 0.133
13 98 0.162
14 33 0.904
14 75 0.931
14 70 0.985
14 42 0.653
14 26 0.863
14 99 0.165
14 84 0.121
14 16 0.281
14 19 0.205
14 22 0.263
14 29 0.153
14 48 0.278
14 56 0.094
14 68 0.222
14 73 0.194
14 74 0.279
14 85 0.261
14 89 0.081
14 15 0.123
14 23 0.304
14 31 0.145
14 37 0.155
14 43 0.228
14 46 0.199
14 54 0.151
14 63 0.087
14 65 0.099
14 69 0.187
14 71 0.15
14 82 0.163
14 88 0.182
14 98 0.121
14 24 0.109
14 32 0.122
14 45 0.454
14 60 0.074
14 72 0.137
14 35 0.163
14 39 0.196
14 51 0.142
14 55 0.118
14 61 0.064
14 66 0.153
14 77 0.223
14 78 0.148
14 79 0.298
14 87 0.096
14 95 0.14
14 18 0.154
14 27 0.141
14 30 0.147
14 38 0.201
14 44 0.108
14 49 0.133
14 52 0.075
14 81 0.143
14 86 0.105
14 93 0.004
14 94 0.153
14 21 0.144
14 28 0.178
14 36 0.146
14 47 0.137
14 62 0.201
14 64 0.189
14 67 0.203
14 76 0.161
14 90 0.134
14 91 0.198
14 97 0.14
15 59 0.851
15 40 0.535
15 69 0.627
15 68 1
15 31 1
15 29 0.584
15 77 0.719
15 16 0.272
15 64 0.169
15 35 0.167
15 57 0.16
15 22 0.308
15 33 0.204
15 45 0.253
15 46 0.008
15 60 0.202
15 61 0.103
15 81 0.032
15 58 0.25
15 62 0.084
15 70 0.138
15 83 0.115
15 84 0.125
15 86 0.142
15 87 0.043
15 91 0.355
15 96 0.311
15 97 0.289
15 26 0.084
15 27 0.286
15 38 0.271
15 42 0.026
15 67 0.183
15 74 0.098
15 89 0.137
15 95 0.063
15 99 0.237
15 44 0.117
15 53 0.189
15 79 0.078
15 80 0.276
15 90 0.148
15 93 0.14
15 98 0.341
15 18 0.059
15 20 0.06
15 34 0.195
15 41 0.14
15 47 0.191
15 48 0.108
15 49 0.166
15 50 0.184
15 55 0.235
15 73 0.253
15 82 0.246
15 85 0.156
15 88 0.232
15 92 0.221
15 94 0.243
15 17 0.117
15 19 0.094
15 21 0.152
15 28 0.155
15 32 0.16
15 36 0.143
15 37 0.195
15 39 0.191
15 43 0.12
15 51 0.117
15 52 0.174
15 56 0.152
15 65 0.056
15 66 0.106
15 71 0.171
15 76 0.18
15 78 0.199
16 43 1
16 22 0.992
16 34 0.138
16 37 0.205
16 39 0.164
16 60 0.115
16 74 0.133
16 78 0.067
16 18 0.107
16 38 0.079
16 42 0.155
16 55 0.259
16 73 0.159
16 96 0.503
16 20 0.298
16 23 0.313
16 26 0.297
16 31 0.156
16 33 0.274
16 35 0.15
16 48 0.137
16 49 0.262
16 62 0.084
16 66 0.245
16 77 0.173
16 89 0.196
16 93 0.41
16 25 0.207
16 29 0.22
16 47 0.052
16 53 0.143
16 64 0.155
16 71 0.062
16 79 0.148
16 84 0.258
16 95 0.004
16 97 0.156
16 19 0.213
16 45 0.157
16 58 0.172
16 63 0.225
16 86 0.139
16 91 0.251
16 98 0.308
16 99 0.135
16 21 0.112
16 24 0.1
16 28 0.164
16 54 0.136
16 61 0.173
16 68 0.216
16 69 0.278
16 80 0.151
16 81 0.143
16 85 0.182
16 87 0.147
16 59 0.193
16 70 0.132
16 72 0.169
16 82 0.177
16 83 0.139
16 88 0.147
16 90 0.118
16 92 0.111
16 94 0.138
17 75 0.966
17 99 0.597
17 53 0.836
17 21 1
17 91 0.701
17 77 1
17 92 0.842
17 40 0.174
17 72 0.353
17 33 0.132
17 48 0.347
17 74 0.147
17 66 0.004
17 71 0.384
17 34 0.762
17 61 0.227
17 88 0.479
17 94 0.045
17 98 0.238
17 24 0.105
17 31 0.028
17 42 0.287
17 46 0.111
17 59 0.365
17 60 0.158
17 79 0.138
17 93 0.405
17 97 0.373
17 23 0.14
17 36 0.083
17 39 0.337
17 45 0.336
17 52 0.131
17 70 0.007
17 38 0.003
17 49 0.17
17 56 0.024
17 65 0.149
17 68 0.039
17 81 0.158
17 82 0.323
17 90 0.213
17 19 0.15
17 30 0.164
17 32 0.163
17 37 0.103
17 43 0.195
17 44 0.113
17 47 0.13
17 50 0.183
17 78 0.163
17 84 0.152
17 85 0.209
17 86 0.053
17 87 0.139
17 18 0.164
17 20 0.106
17 22 0.122
17 25 0.135
17 41 0.168
17 51 0.176
17 57 0.156
17 67 0.16
17 69 0.19
17 80 0.183
17 83 0.139
17 96 0.204
18 54 0.854
18 92 1
18 21 0.815
18 20 0.878
18 85 0.898
18 24 0.67
18 60 0.129
18 25 0.101
18 39 0.162
18 75 0.392
18 41 0.609
18 46 0.109
18 65 0.181
18 29 0.537
18 30 0.166
18 34 0.197
18 50 0.024
18 53 0.283
18 68 0.307
18 77 0.149
18 87 0.366
18 19 0.019
18 26 0.054
18 36 0.101
18 40 0.126
18 49 0.085
18 67 0.163
18 82 0.491
18 83 0.137
18 96 0.155
18 28 0.183
18 33 0.065
18 48 0.093
18 74 0.552
18 76 0.195
18 79 0.171
18 88 0.054
18 32 0.039
18 45 0.298
18 52 0.143
18 57 0.282
18 62 0.337
18 78 0.327
18 81 0.295
18 84 0.17
18 35 0.154
18 37 0.188
18 38 0.169
18 51 0.035
18 71 0.141
18 86 0.273
18 90 0.158
18 91 0.153
18 99 0.222
18 27 0.144
18 31 0.141
18 42 0.138
18 55 0.132
18 56 0.124
18 59 0.147
18 61 0.173
18 63 0.128
18 69 0.138
18 70 0.148
18 89 0.202
18 97 0.195
18 98 0.191
19 58 0.99
19 27 0.537
19 67 0.212
19 78 0.259
19 31 0.014
19 37 0.463
19 51 0.239
19 20 0.174
19 32 0.062
19 35 0.188
19 44 0.029
19 47 0.193
19 49 0.131
19 59 0.358
19 71 0.185
19 90 0.129
19 54 0.182
19 68 0.029
19 69 0.389
19 72 0.314
19 79 0.29
19 85 0.237
19 97 0.486
19 22 0.208
19 29 0.087
19 33 0.174
19 41 0.253
19 42 0.324
19 46 0.127
19 48 0.185
19 50 0.19
19 74 0.184
19 88 0.299
19 21 0.15
19 34 0.143
19 52 0.041
19 66 0.149
19 75 0.213
19 82 0.128
19 84 0.182
19 86 0.092
19 87 0.09
19 89 0.138
19 28 0.1
19 36 0.152
19 38 0.146
19 43 0.19
19 57 0.081
19 70 0.18
19 83 0.187
19 93 0.145
19 23 0.158
19 25 0.148
19 39 0.173
19 40 0.177
19 45 0.148
19 53 0.183
19 62 0.142
19 73 0.127
19 76 0.125
19 80 0.129
19 91 0.168
19 95 0.113
19 96 0.153
20 75 0.487
20 79 0.292
20 66 0.201
20 94 0.12
20 25 0.071
20 33 0.099
20 80 0.083
20 93 0.106
20 30 0.085
20 34 0.196
20 70 0.049
20 86 0.123
20 23 0.002
20 24 0.139
20 31 0.093
20 32 0.078
20 39 0.042
20 43 0.213
20 52 0.085
20 56 0.14
20 58 0.127
20 55 0.253
20 72 0.151
20 82 0.149
20 90 0.195
20 95 0.065
20 22 0.331
20 26 0.175
20 37 0.078
20 45 0.044
20 76 0.022
20 83 0.143
20 87 0.159
20 21 0.283
20 27 0.262
20 29 0.179
20 36 0.284
20 40 0.163
20 42 0.16
20 48 0.169
20 61 0.114
20 73 0.203
20 74 0.187
20 88 0.166
20 89 0.186
20 91 0.312
20 92 0.111
20 96 0.123
20 28 0.154
20 44 0.153
20 47 0.121
20 50 0.155
20 54 0.165
20 57 0.175
20 60 0.189
20 63 0.104
20 64 0.177
20 67 0.161
20 68 0.147
20 71 0.142
20 77 0.153
20 78 0.118
20 81 0.161
20 98 0.121
21 41 0.652
21 42 0.855
21 90 1
21 43 0.713
21 29 1
21 32 0.473
21 55 0.014
21 23 0.135
21 31 0.401
21 82 0.237
21 87 0.15
21 22 0.257
21 34 0.382
21 46 0.176
21 47 0.537
21 57 0.351
21 68 0.133
21 80 0.024
21 92 0.61
21 93 0.387
21 37 0.121
21 39 0.192
21 50 0.057
21 54 0.175
21 56 0.243
21 67 0.095
21 73 0.114
21 77 0.174
21 24 0.058
21 26 0.253
21 30 0.245
21 49 0.078
21 71 0.157
21 89 0.37
21 98 0.121
21 35 0.24
21 52 0.135
21 58 0.137
21 66 0.076
21 69 0.051
21 70 0.232
21 81 0.121
21 97 0.113
21 28 0.12
21 33 0.142
21 36 0.088
21 59 0.061
21 60 0.144
21 61 0.182
21 74 0.117
21 75 0.084
21 76 0.253
21 96 0.146
21 44 0.146
21 48 0.142
21 53 0.178
21 65 0.152
21 72 0.172
21 79 0.146
21 83 0.186
21 84 0.126
21 86 0.093
21 99 0.159
22 68 1
22 50 1
22 62 0.813
22 91 0.916
22 36 0.221
22 53 0.263
22 45 0.079
22 47 0.047
22 61 0.127
22 86 0.142
22 42 0.166
22 48 0.097
22 63 0.207
22 88 0.255
22 32 0.225
22 34 0.08
22 46 0.098
22 52 0.093
22 56 0.156
22 60 0.113
22 67 0.295
22 72 0.434
22 81 0.231
22 82 0.193
22 98 0.185
22 25 0.172
22 27 0.101
22 43 0.46
22 44 0.066
22 49 0.29
22 65 0.158
22 75 0.127
22 79 0.344
22 93 0.103
22 54 0.255
22 57 0.249
22 58 0.15
22 71 0.157
22 83 0.167
22 26 0.138
22 30 0.177
22 38 0.12
22 74 0.18
22 84 0.092
22 85 0.139
22 87 0.122
22 96 0.241
22 23 0.132
22 24 0.1
22 28 0.145
22 35 0.172
22 39 0.146
22 55 0.167
22 64 0.171
22 78 0.145
22 80 0.128
22 90 0.207
22 95 0.104
23 95 0.695
23 49 0.686
23 90 0.876
23 97 0.054
23 44 0.567
23 62 0.495
23 72 0.333
23 74 0.132
23 24 0.257
23 40 0.117
23 46 0.216
23 51 0.036
23 57 0.57
23 58 0.206
23 60 0.131
23 69 0.124
23 70 0.139
23 75 0.13
23 79 0.148
23 81 0.124
23 29 0.014
23 32 0.085
23 33 0.158
23 34 0.085
23 41 0.076
23 80 0.332
23 84 0.147
23 50 0.166
23 64 0.176
23 73 0.018
23 76 0.164
23 38 0.114
23 65 0.301
23 83 0.071
23 87 0.228
23 28 0.178
23 30 0.14
23 39 0.128
23 45 0.203
23 47 0.068
23 48 0.218
23 52 0.114
23 61 0.25
23 63 0.189
23 86 0.203
23 88 0.239
23 89 0.169
23 92 0.133
23 94 0.138
23 26 0.165
23 27 0.197
23 42 0.145
23 43 0.125
23 54 0.173
23 66 0.127
23 77 0.194
23 85 0.158
23 91 0.158
23 93 0.173
23 99 0.182
24 81 0.736
24 67 0.87
24 64 0.748
24 98 0.946
24 90 0.807
24 38 0.013
24 65 0.268
24 72 0.15
24 45 0.045
24 47 0.263
24 48 0.332
24 54 0.079
24 75 0.288
24 80 0.08
24 92 0.321
24 93 0.15
24 27 0.2
24 36 0.126
24 37 0.346
24 41 0.308
24 49 0.343
24 55 0.405
24 76 0.111
24 82 0.06
24 33 0.051
24 68 0.168
24 74 0.442
24 95 0.24
24 96 0.225
24 26 0.159
24 32 0.089
24 42 0.129
24 57 0.254
24 59 0.061
24 71 0.084
24 73 0.331
24 77 0.183
24 84 0.138
24 88 0.109
24 30 0.279
24 34 0.292
24 51 0.01
24 61 0.145
24 85 0.222
24 87 0.147
24 94 0.083
24 25 0.102
24 40 0.181
24 44 0.162
24 46 0.107
24 52 0.148
24 62 0.131
24 63 0.136
24 66 0.165
24 70 0.159
24 79 0.133
24 89 0.142
24 91 0.131
24 99 0.139
25 92 1
25 65 0.81
25 51 0.543
25 28 0.873
25 44 0.651
25 32 0.221
25 64 0.086
25 29 0.289
25 46 0.11
25 53 0.203
25 58 0.199
25 68 0.244
25 72 0.298
25 89 0.496
25 94 0.163
25 97 0.169
25 30 0.28
25 31 0.009
25 43 0.379
25 59 0.508
25 69 0.216
25 93 0.172
25 96 0.175
25 98 0.144
25 47 0.21
25 49 0.187
25 56 0.288
25 75 0.128
25 78 0.242
25 26 0.157
25 52 0.147
25 55 0.191
25 57 0.13
25 41 0.076
25 42 0.025
25 63 0.189
25 66 0.186
25 70 0.099
25 73 0.115
25 81 0.204
25 85 0.11
25 33 0.187
25 34 0.127
25 35 0.116
25 37 0.176
25 39 0.188
25 60 0.112
25 61 0.134
25 71 0.144
25 74 0.139
25 76 0.237
25 80 0.12
25 84 0.237
25 86 0.159
25 87 0.2
25 88 0.184
25 90 0.2
25 99 0.126
26 46 0.687
26 76 1
26 60 0.721
26 56 0.958
26 55 0.853
26 59 0.636
26 73 1
26 48 0.241
26 90 0.228
26 41 0.119
26 68 0.341
26 83 0.084
26 85 0.036
26 95 0.161
26 97 0.097
26 39 0.353
26 43 0.084
26 50 0.281
26 77 0.302
26 79 0.091
26 84 0.501
26 40 0.109
26 42 0.16
26 65 0.211
26 28 0.158
26 52 0.229
26 53 0.218
26 66 0.221
26 72 0.104
26 74 0.025
26 99 0.112
26 32 0.124
26 37 0.098
26 45 0.152
26 61 0.14
26 62 0.148
26 70 0.043
26 71 0.127
26 82 0.197
26 91 0.027
26 93 0.219
26 94 0.152
26 96 0.124
26 30 0.146
26 31 0.16
26 36 0.139
26 44 0.11
26 47 0.157
26 58 0.19
26 63 0.174
26 67 0.19
26 78 0.145
26 80 0.12
26 88 0.12
26 89 0.191
26 98 0.125
27 48 1
27 85 0.707
27 52 1
27 39 1
27 90 0.194
27 87 0.068
27 91 0.081
27 42 0.312
27 53 0.154
27 59 0.1
27 65 0.129
27 70 0.113
27 76 0.351
27 79 0.163
27 50 0.031
27 57 0.053
27 60 0.148
27 71 0.342
27 72 0.26
27 77 0.033
27 83 0.344
27 93 0.301
27 61 0.397
27 62 0.184
27 96 0.365
27 32 0.039
27 34 0.283
27 35 0.111
27 45 0.185
27 78 0.204
27 81 0.125
27 82 0.172
27 84 0.159
27 30 0.165
27 33 0.373
27 37 0.075
27 44 0.124
27 58 0.168
27 67 0.051
27 28 0.165
27 29 0.179
27 47 0.166
27 49 0.134
27 56 0.18
27 66 0.145
27 73 0.189
27 74 0.234
27 80 0.138
27 94 0.135
27 95 0.137
27 98 0.149
27 99 0.131
28 87 0.678
28 86 0.507
28 61 0.704
28 97 0.687
28 56 0.08
28 54 0.452
28 30 0.383
28 39 0.309
28 42 0.163
28 62 0.195
28 63 0.257
28 66 0.287
28 91 0.328
28 98 0.366
28 99 0.141
28 29 0.039
28 34 0.183
28 43 0.185
28 67 0.148
28 71 0.277
28 81 0.03
28 83 0.11
28 92 0.096
28 95 0.061
28 36 0.229
28 50 0.159
28 58 0.18
28 73 0.079
28 89 0.091
28 31 0.179
28 48 0.291
28 57 0.098
28 65 0.091
28 88 0.198
28 96 0.146
28 37 0.114
28 53 0.274
28 60 0.281
28 68 0.127
28 70 0.14
28 74 0.019
28 75 0.291
28 85 0.172
28 32 0.188
28 33 0.134
28 35 0.157
28 46 0.197
28 47 0.176
28 49 0.186
28 51 0.175
28 52 0.168
28 76 0.162
28 77 0.167
28 79 0.131
28 80 0.191
28 82 0.179
28 93 0.122
28 94 0.147
29 96 0.8
29 91 0.866
29 67 1
29 71 1
29 56 0.972
29 38 0.096
29 44 0.236
29 59 0.139
29 65 0.088
29 69 0.252
29 92 0.217
29 76 0.069
29 93 0.454
29 34 0.188
29 40 0.09
29 41 0.134
29 64 0.08
29 68 0.201
29 73 0.069
29 79 0.347
29 83 0.433
29 89 0.175
29 32 0.193
29 39 0.324
29 53 0.176
29 55 0.157
29 72 0.179
29 88 0.021
29 43 0.233
29 46 0.149
29 52 0.308
29 60 0.13
29 90 0.118
29 95 0.355
29 31 0.179
29 33 0.136
29 51 0.179
29 57 0.206
29 62 0.119
29 75 0.18
29 77 0.106
29 82 0.126
29 85 0.195
29 86 0.188
29 30 0.145
29 35 0.145
29 42 0.148
29 45 0.074
29 54 0.15
29 63 0.137
29 70 0.142
29 78 0.113
29 81 0.215
29 84 0.11
29 97 0.146
29 98 0.193
29 99 0.195
30 97 1
30 47 0.547
30 35 0.925
30 50 0.924
30 41 0.165
30 55 0.512
30 81 0.139
30 37 0.078
30 49 0.286
30 66 0.149
30 74 0.071
30 95 0.179
30 34 0.234
30 36 0.119
30 40 0.083
30 43 0.37
30 48 0.252
30 89 0.109
30 32 0.266
30 52 0.135
30 56 0.109
30 58 0.083
30 70 0.105
30 76 0.226
30 79 0.078
30 86 0.258
30 88 0.172
30 57 0.157
30 59 0.158
30 71 0.148
30 84 0.086
30 94 0.31
30 42 0.209
30 53 0.142
30 64 0.127
30 68 0.14
30 69 0.16
30 78 0.068
30 85 0.025
30 93 0.088
30 96 0.208
30 98 0.162
30 33 0.141
30 45 0.164
30 46 0.159
30 51 0.11
30 61 0.106
30 65 0.117
30 72 0.14
30 73 0.154
30 75 0.123
30 80 0.164
30 82 0.144
30 83 0.083
30 99 0.232
31 61 0.892
31 46 0.259
31 39 0.18
31 41 0.312
31 90 0.266
31 47 0.233
31 64 0.043
31 65 0.199
31 66 0.136
31 69 0.085
31 71 0.448
31 81 0.283
31 84 0.24
31 92 0.224
31 94 0.205
31 95 0.229
31 99 0.112
31 35 0.126
31 68 0.247
31 79 0.251
31 80 0.216
31 82 0.043
31 83 0.284
31 96 0.264
31 33 0.12
31 34 0.278
31 37 0.269
31 44 0.533
31 52 0.091
31 63 0.131
31 73 0.133
31 32 0.141
31 36 0.287
31 38 0.159
31 40 0.145
31 49 0.116
31 53 0.14
31 76 0.191
31 57 0.121
31 59 0.159
31 60 0.135
31 67 0.399
31 75 0.095
31 77 0.141
31 78 0.141
31 86 0.116
31 87 0.08
31 91 0.125
31 93 0.21
31 42 0.151
31 45 0.187
31 58 0.149
31 85 0.199
31 89 0.206
31 97 0.142
31 98 0.111
32 73 0.933
32 58 1
32 44 0.681
32 49 0.598
32 48 0.042
32 92 0.295
32 46 0.137
32 47 0.133
32 59 0.263
32 63 0.198
32 77 0.267
32 78 0.172
32 85 0.143
32 38 0.353
32 42 0.086
32 71 0.114
32 94 0.082
32 98 0.155
32 39 0.13
32 40 0.138
32 50 0.078
32 52 0.308
32 55 0.3
32 87 0.114
32 34 0.129
32 35 0.216
32 53 0.243
32 64 0.356
32 65 0.214
32 76 0.192
32 84 0.095
32 89 0.042
32 37 0.165
32 51 0.118
32 66 0.199
32 83 0.156
32 95 0.3
32 33 0.116
32 41 0.106
32 45 0.193
32 54 0.205
32 60 0.147
32 61 0.135
32 68 0.141
32 70 0.16
32 72 0.167
32 74 0.191
32 75 0.138
32 79 0.171
32 80 0.147
32 81 0.127
32 82 0.096
32 86 0.153
32 97 0.169
32 99 0.19
33 52 0.803
33 77 0.717
33 71 0.721
33 84 0.599
33 87 1
33 66 1
33 65 0.241
33 90 0.047
33 82 0.152
33 53 0.159
33 81 0.413
33 45 0.188
33 49 0.116
33 59 0.22
33 68 0.228
33 74 0.233
33 78 0.024
33 37 0.156
33 39 0.092
33 43 0.161
33 57 0.14
33 58 0.238
33 69 0.397
33 99 0.221
33 42 0.282
33 51 0.144
33 83 0.405
33 40 0.208
33 44 0.224
33 54 0.098
33 73 0.151
33 34 0.301
33 60 0.177
33 62 0.235
33 63 0.112
33 64 0.108
33 70 0.242
33 75 0.156
33 76 0.084
33 88 0.001
33 95 0.152
33 96 0.275
33 36 0.139
33 38 0.181
33 56 0.125
33 61 0.184
33 67 0.126
33 79 0.152
33 85 0.141
33 89 0.143
33 97 0.146
34 61 0.638
34 64 0.959
34 67 1
34 57 0.561
34 77 0.643
34 46 0.074
34 56 0.584
34 66 0.058
34 70 0.15
34 99 0.108
34 45 0.337
34 47 0.191
34 65 0.109
34 88 0.1
34 35 0.212
34 38 0.186
34 43 0.271
34 44 0.3
34 54 0.406
34 69 0.207
34 84 0.355
34 94 0.11
34 63 0.197
34 81 0.167
34 87 0.128
34 96 0.185
34 97 0.225
34 48 0.151
34 52 0.194
34 73 0.12
34 79 0.183
34 86 0.151
34 95 0.098
34 98 0.178
34 36 0.318
34 55 0.183
34 58 0.08
34 60 0.176
34 75 0.136
34 78 0.169
34 91 0.143
34 37 0.155
34 40 0.185
34 41 0.115
34 49 0.191
34 51 0.157
34 53 0.153
34 59 0.154
34 76 0.147
34 83 0.164
34 92 0.199
35 56 0.287
35 53 1
35 77 0.725
35 82 0.268
35 70 0.134
35 72 0.152
35 88 0.209
35 37 0.215
35 43 0.063
35 67 0.081
35 73 0.126
35 78 0.109
35 86 0.04
35 95 0.481
35 57 0.466
35 62 0.062
35 63 0.22
35 81 0.279
35 39 0.208
35 42 0.111
35 51 0.089
35 65 0.133
35 79 0.304
35 85 0.079
35 87 0.226
35 36 0.201
35 40 0.176
35 44 0.078
35 47 0.087
35 49 0.078
35 58 0.17
35 61 0.184
35 75 0.18
35 76 0.151
35 93 0.118
35 94 0.128
35 97 0.242
35 98 0.234
35 38 0.145
35 41 0.165
35 45 0.169
35 54 0.139
35 55 0.135
35 68 0.103
35 69 0.122
35 74 0.16
35 80 0.167
35 83 0.176
35 91 0.111
35 96 0.114
36 59 0.824
36 47 0.016
36 51 0.18
36 69 0.141
36 71 0.152
36 41 0.033
36 46 0.056
36 49 0.356
36 66 0.042
36 84 0.2
36 96 0.483
36 52 0.228
36 72 0.307
36 75 0.094
36 77 0.023
36 78 0.129
36 90 0.141
36 95 0.225
36 44 0.035
36 53 0.126
36 57 0.099
36 64 0.061
36 74 0.126
36 85 0.092
36 87 0.207
36 92 0.152
36 97 0.219
36 99 0.168
36 40 0.18
36 55 0.128
36 76 0.221
36 91 0.187
36 39 0.152
36 45 0.057
36 58 0.075
36 68 0.186
36 81 0.132
36 82 0.254
36 86 0.155
36 88 0.138
36 89 0.101
36 37 0.181
36 38 0.176
36 42 0.165
36 43 0.147
36 54 0.168
36 56 0.209
36 61 0.166
36 63 0.13
36 67 0.112
36 70 0.184
36 73 0.17
36 80 0.149
36 83 0.184
37 73 0.566
37 93 0.865
37 88 0.534
37 80 0.677
37 79 0.722
37 76 0.075
37 86 0.192
37 61 0.067
37 67 0.306
37 44 0.166
37 49 0.283
37 50 0.295
37 56 0.148
37 75 0.185
37 78 0.426
37 82 0.233
37 85 0.244
37 90 0.335
37 97 0.099
37 41 0.186
37 43 0.303
37 53 0.051
37 58 0.012
37 60 0.218
37 42 0.322
37 48 0.158
37 52 0.303
37 62 0.282
37 65 0.135
37 72 0.188
37 81 0.288
37 84 0.156
37 87 0.182
37 91 0.274
37 94 0.031
37 38 0.027
37 46 0.122
37 47 0.144
37 51 0.163
37 54 0.086
37 69 0.191
37 83 0.319
37 89 0.146
37 98 0.403
37 45 0.185
37 55 0.143
37 57 0.111
37 59 0.179
37 64 0.152
37 66 0.129
37 71 0.145
37 74 0.163
37 92 0.183
37 99 0.186
38 62 0.719
38 98 0.702
38 70 0.987
38 75 0.541
38 43 0.557
38 95 0.512
38 40 0.047
38 84 0.195
38 41 0.256
38 59 0.406
38 60 0.194
38 64 0.085
38 68 0.175
38 76 0.177
38 81 0.094
38 94 0.01
38 72 0.011
38 86 0.099
38 91 0.214
38 99 0.096
38 54 0.243
38 65 0.151
38 71 0.289
38 44 0.156
38 46 0.371
38 47 0.084
38 66 0.028
38 73 0.089
38 78 0.295
38 79 0.135
38 80 0.061
38 85 0.222
38 88 0.184
38 97 0.226
38 42 0.123
38 53 0.187
38 55 0.158
38 61 0.127
38 69 0.128
38 74 0.29
38 83 0.087
38 90 0.435
38 39 0.123
38 45 0.228
38 48 0.111
38 49 0.144
38 51 0.14
38 57 0.131
38 58 0.12
38 63 0.169
39 76 0.786
39 44 0.879
39 63 0.95
39 62 0.378
39 79 0.269
39 87 0.295
39 99 0.242
39 41 0.024
39 50 0.187
39 67 0.192
39 69 0.216
39 72 0.097
39 77 0.369
39 40 0.256
39 43 0.246
39 47 0.242
39 64 0.042
39 71 0.226
39 84 0.141
39 49 0.188
39 51 0.053
39 59 0.033
39 60 0.134
39 61 0.186
39 74 0.083
39 80 0.08
39 48 0.152
39 70 0.119
39 75 0.151
39 81 0.101
39 83 0.189
39 85 0.191
39 91 0.247
39 95 0.108
39 97 0.146
39 42 0.095
39 53 0.186
39 57 0.096
39 58 0.138
39 65 0.137
39 66 0.161
39 78 0.098
39 88 0.152
39 89 0.125
39 90 0.133
39 93 0.132
39 96 0.213
40 73 1
40 47 1
40 70 0.895
40 56 0.778
40 78 0.715
40 83 0.518
40 52 0.655
40 66 0.138
40 67 0.163
40 49 0.158
40 69 0.348
40 79 0.262
40 91 0.223
40 92 0.521
40 44 0.425
40 50 0.249
40 53 0.418
40 55 0.45
40 68 0.068
40 75 0.087
40 77 0.597
40 93 0.004
40 95 0.151
40 43 0.41
40 48 0.175
40 54 0.283
40 58 0.259
40 76 0.353
40 41 0.027
40 42 0.504
40 61 0.191
40 87 0.083
40 88 0.317
40 57 0.222
40 80 0.398
40 81 0.119
40 96 0.226
40 59 0.145
40 60 0.139
40 62 0.272
40 63 0.101
40 65 0.188
40 71 0.253
40 84 0.145
40 85 0.127
40 86 0.036
40 89 0.157
40 94 0.158
40 97 0.148
40 45 0.178
40 51 0.131
40 72 0.088
40 82 0.173
40 90 0.132
41 76 0.754
41 72 0.983
41 74 0.06
41 49 0.196
41 54 0.211
41 70 0.041
41 62 0.452
41 64 0.318
41 85 0.044
41 88 0.082
41 98 0.115
41 42 0.222
41 44 0.047
41 47 0.118
41 53 0.291
41 60 0.171
41 55 0.266
41 71 0.213
41 99 0.354
41 46 0.148
41 59 0.012
41 68 0.142
41 89 0.192
41 91 0.183
41 96 0.317
41 45 0.185
41 48 0.126
41 50 0.191
41 51 0.201
41 56 0.139
41 58 0.192
41 61 0.196
41 63 0.186
41 65 0.194
41 66 0.087
41 69 0.141
41 77 0.114
41 78 0.134
41 81 0.19
41 82 0.104
41 84 0.11
41 93 0.162
41 97 0.121
42 55 0.359
42 76 1
42 60 0.102
42 70 0.328
42 83 0.2
42 43 0.195
42 44 0.208
42 54 0.143
42 86 0.095
42 51 0.175
42 59 0.199
42 69 0.249
42 80 0.119
42 93 0.121
42 95 0.215
42 48 0.204
42 57 0.073
42 64 0.3
42 65 0.252
42 88 0.11
42 99 0.172
42 45 0.125
42 47 0.374
42 58 0.081
42 67 0.367
42 75 0.172
42 79 0.163
42 81 0.212
42 87 0.093
42 89 0.129
42 90 0.194
42 91 0.136
42 92 0.173
42 97 0.186
42 56 0.139
42 61 0.145
42 62 0.141
42 63 0.165
42 66 0.139
42 73 0.153
42 74 0.139
42 77 0.131
42 78 0.138
42 82 0.107
43 91 0.88
43 49 0.91
43 79 0.856
43 58 0.937
43 51 0.894
43 54 0.756
43 93 0.195
43 76 0.313
43 68 0.254
43 74 0.21
43 90 0.073
43 48 0.293
43 52 0.119
43 57 0.237
43 62 0.156
43 65 0.043
43 66 0.231
43 67 0.005
43 70 0.153
43 75 0.27
43 80 0.038
43 87 0.15
43 88 0.225
43 60 0.303
43 45 0.21
43 69 0.049
43 73 0.123
43 85 0.216
43 46 0.169
43 47 0.242
43 59 0.132
43 63 0.225
43 71 0.1
43 72 0.197
43 78 0.065
43 81 0.213
43 82 0.073
43 92 0.056
43 97 0.169
43 53 0.166
43 56 0.141
43 61 0.209
43 86 0.197
43 89 0.196
43 94 0.149
43 95 0.112
43 99 0.118
44 50 0.891
44 76 0.916
44 91 0.992
44 84 0.944
44 94 0.409
44 51 0.492
44 56 0.319
44 53 0.222
44 49 0.107
44 78 0.348
44 79 0.024
44 81 0.398
44 83 0.166
44 87 0.027
44 46 0.101
44 52 0.289
44 55 0.323
44 58 0.086
44 92 0.175
44 47 0.273
44 72 0.174
44 75 0.038
44 45 0.156
44 69 0.133
44 86 0.142
44 90 0.27
44 95 0.098
44 96 0.418
44 99 0.301
44 60 0.16
44 62 0.173
44 63 0.14
44 65 0.38
44 88 0.14
44 89 0.102
44 93 0.149
44 97 0.171
44 48 0.156
44 54 0.173
44 61 0.122
44 64 0.19
44 66 0.164
44 68 0.157
44 73 0.084
44 80 0.159
44 98 0.167
45 64 0.825
45 60 1
45 81 0.876
45 73 1
45 88 0.207
45 63 0.277
45 51 0.158
45 58 0.101
45 66 0.422
45 69 0.315
45 75 0.041
45 85 0.208
45 50 0.5
45 87 0.416
45 67 0.111
45 76 0.197
45 96 0.168
45 54 0.296
45 70 0.061
45 72 0.152
45 82 0.134
45 90 0.293
45 56 0.113
45 79 0.238
45 80 0.168
45 86 0.21
45 89 0.119
45 91 0.233
45 95 0.136
45 97 0.088
45 47 0.148
45 48 0.179
45 49 0.193
45 52 0.16
45 53 0.104
45 55 0.121
45 59 0.104
45 62 0.165
45 65 0.122
45 68 0.124
45 74 0.136
45 77 0.18
45 78 0.128
45 98 0.116
45 99 0.152
46 98 0.875
46 78 0.417
46 51 0.793
46 86 0.798
46 95 0.565
46 69 0.953
46 50 0.126
46 53 0.162
46 58 0.16
46 61 0.197
46 88 0.018
46 59 0.351
46 62 0.155
46 64 0.235
46 77 0.327
46 81 0.283
46 97 0.106
46 99 0.546
46 55 0.052
46 63 0.23
46 67 0.128
46 75 0.282
46 76 0.119
46 93 0.179
46 66 0.235
46 68 0.206
46 70 0.081
46 82 0.185
46 85 0.144
46 87 0.089
46 89 0.054
46 47 0.163
46 56 0.086
46 73 0.195
46 79 0.156
46 91 0.22
46 48 0.141
46 49 0.157
46 52 0.087
46 57 0.204
46 65 0.173
46 71 0.156
46 72 0.11
46 83 0.175
46 90 0.14
46 92 0.114
46 96 0.154
47 66 0.618
47 56 0.979
47 93 1
47 54 0.293
47 83 0.217
47 88 0.212
47 73 0.164
47 80 0.217
47 89 0.201
47 58 0.081
47 65 0.168
47 71 0.297
47 78 0.041
47 86 0.37
47 96 0.03
47 70 0.241
47 76 0.118
47 87 0.171
47 98 0.128
47 53 0.169
47 61 0.242
47 68 0.279
47 91 0.178
47 50 0.108
47 51 0.122
47 64 0.358
47 72 0.154
47 75 0.117
47 77 0.386
47 84 0.101
47 94 0.17
47 97 0.191
47 48 0.154
47 49 0.098
47 52 0.112
47 55 0.14
47 60 0.137
47 62 0.133
47 63 0.135
47 67 0.128
47 69 0.136
47 74 0.121
47 81 0.176
47 82 0.127
47 85 0.177
47 92 0.206
47 95 0.124
47 99 0.166
48 98 0.764
48 84 0.616
48 54 0.946
48 70 0.252
48 61 0.204
48 87 0.269
48 66 0.173
48 80 0.194
48 59 0.229
48 63 0.089
48 68 0.21
48 76 0.023
48 82 0.45
48 88 0.065
48 90 0.018
48 91 0.281
48 69 0.069
48 71 0.097
48 55 0.02
48 57 0.24
48 65 0.165
48 72 0.11
48 78 0.587
48 81 0.22
48 86 0.2
48 93 0.19
48 99 0.029
48 56 0.152
48 67 0.165
48 77 0.179
48 83 0.229
48 89 0.06
48 49 0.215
48 50 0.104
48 53 0.145
48 62 0.178
48 64 0.139
48 94 0.193
48 95 0.153
49 69 0.79
49 70 0.852
49 52 0.735
49 83 0.83
49 72 0.076
49 88 0.098
49 76 0.28
49 85 0.173
49 93 0.128
49 53 0.057
49 54 0.15
49 77 0.043
49 80 0.16
49 89 0.266
49 91 0.177
49 64 0.274
49 65 0.136
49 67 0.096
49 87 0.155
49 94 0.137
49 95 0.223
49 97 0.245
49 56 0.332
49 58 0.115
49 60 0.1
49 73 0.219
49 78 0.224
49 86 0.399
49 51 0.151
49 55 0.268
49 66 0.135
49 74 0.141
49 75 0.249
49 82 0.148
49 90 0.227
49 61 0.177
49 62 0.178
49 71 0.135
49 81 0.177
49 84 0.169
49 96 0.158
49 99 0.151
50 60 0.964
50 85 0.932
50 77 0.189
50 53 0.215
50 58 0.276
50 63 0.088
50 69 0.233
50 70 0.011
50 88 0.301
50 94 0.076
50 96 0.139
50 51 0.122
50 52 0.279
50 62 0.273
50 73 0.153
50 57 0.291
50 64 0.013
50 71 0.099
50 78 0.102
50 79 0.022
50 86 0.188
50 91 0.35
50 67 0.266
50 68 0.181
50 72 0.373
50 76 0.172
50 80 0.407
50 83 0.133
50 95 0.246
50 55 0.143
50 61 0.168
50 65 0.199
50 87 0.138
50 89 0.168
50 92 0.147
50 99 0.153
50 54 0.195
50 56 0.161
50 74 0.188
50 75 0.124
50 90 0.138
50 93 0.122
50 98 0.083
51 86 0.166
51 52 0.374
51 55 0.164
51 69 0.426
51 79 0.171
51 81 0.094
51 83 0.053
51 89 0.156
51 53 0.077
51 61 0.145
51 62 0.004
51 66 0.256
51 72 0.148
51 91 0.176
51 95 0.189
51 63 0.159
51 93 0.155
51 76 0.164
51 78 0.186
51 88 0.174
51 99 0.145
51 56 0.107
51 94 0.222
51 57 0.146
51 58 0.178
51 59 0.163
51 60 0.122
51 65 0.176
51 67 0.136
51 68 0.163
51 71 0.124
51 73 0.115
51 74 0.188
51 77 0.15
51 84 0.189
51 90 0.197
51 96 0.14
51 98 0.147
52 74 0.763
52 60 0.982
52 81 0.921
52 70 0.807
52 68 0.102
52 76 0.133
52 57 0.205
52 63 0.093
52 90 0.192
52 71 0.113
52 75 0.264
52 92 0.147
52 53 0.062
52 61 0.241
52 64 0.146
52 80 0.135
52 86 0.068
52 91 0.447
52 54 0.02
52 72 0.33
52 88 0.271
52 94 0.141
52 62 0.098
52 67 0.023
52 77 0.017
52 82 0.128
52 83 0.17
52 87 0.102
52 89 0.175
52 93 0.144
52 96 0.205
52 55 0.146
52 58 0.118
52 66 0.163
52 73 0.173
52 79 0.202
52 85 0.131
52 95 0.14
52 97 0.121
53 97 1
53 95 0.175
53 71 0.692
53 62 0.624
53 68 0.144
53 72 0.203
53 81 0.143
53 76 0.16
53 79 0.46
53 92 0.036
53 59 0.121
53 61 0.156
53 64 0.044
53 67 0.269
53 84 0.499
53 85 0.282
53 88 0.114
53 96 0.112
53 99 0.384
53 55 0.142
53 69 0.129
53 74 0.131
53 89 0.189
53 58 0.127
53 70 0.102
53 73 0.161
53 75 0.256
53 83 0.171
53 86 0.145
53 57 0.104
53 60 0.169
53 63 0.137
53 65 0.205
53 77 0.164
53 78 0.141
53 80 0.128
53 90 0.226
53 91 0.109
53 94 0.195
53 98 0.177
54 55 0.731
54 81 0.717
54 85 0.306
54 56 0.335
54 71 0.248
54 76 0.2
54 89 0.167
54 96 0.229
54 65 0.305
54 77 0.114
54 80 0.092
54 83 0.222
54 88 0.481
54 58 0.031
54 72 0.146
54 73 0.142
54 86 0.204
54 99 0.107
54 61 0.198
54 69 0.234
54 79 0.2
54 59 0.156
54 63 0.292
54 70 0.155
54 75 0.157
54 90 0.191
54 91 0.192
54 94 0.098
54 95 0.282
54 97 0.135
54 62 0.159
54 64 0.136
54 66 0.133
54 68 0.18
54 74 0.124
54 82 0.136
54 92 0.143
54 93 0.159
55 78 0.862
55 60 0.925
55 56 0.804
55 67 0.916
55 87 0.118
55 66 0.261
55 58 0.085
55 68 0.205
55 77 0.281
55 73 0.025
55 74 0.2
55 85 0.197
55 93 0.073
55 97 0.121
55 98 0.112
55 64 0.257
55 69 0.063
55 92 0.211
55 96 0.227
55 57 0.114
55 79 0.215
55 83 0.359
55 88 0.072
55 62 0.231
55 65 0.213
55 70 0.12
55 75 0.322
55 76 0.223
55 82 0.015
55 71 0.189
55 84 0.142
55 94 0.112
55 99 0.123
55 63 0.148
55 72 0.19
55 80 0.155
55 91 0.188
56 95 1
56 91 0.364
56 97 0.089
56 83 0.215
56 57 0.08
56 61 0.273
56 62 0.32
56 69 0.142
56 70 0.239
56 81 0.124
56 92 0.33
56 73 0.153
56 74 0.09
56 76 0.13
56 80 0.021
56 84 0.173
56 90 0.109
56 71 0.282
56 96 0.116
56 58 0.106
56 64 0.192
56 67 0.144
56 72 0.076
56 77 0.146
56 82 0.242
56 85 0.16
56 88 0.163
56 94 0.102
56 98 0.211
56 59 0.174
56 75 0.143
56 79 0.179
56 89 0.16
57 77 0.273
57 67 0.003
57 73 0.209
57 58 0.047
57 69 0.235
57 75 0.221
57 95 0.181
57 96 0.061
57 63 0.239
57 83 0.189
57 94 0.176
57 59 0.119
57 68 0.116
57 84 0.25
57 60 0.027
57 70 0.043
57 76 0.14
57 82 0.171
57 86 0.178
57 90 0.144
57 93 0.307
57 61 0.165
57 65 0.13
57 74 0.163
57 78 0.075
57 88 0.143
57 91 0.192
57 92 0.214
57 97 0.202
57 98 0.154
57 99 0.141
58 72 0.358
58 67 1
58 77 0.745
58 99 0.128
58 73 0.098
58 79 0.413
58 78 0.217
58 93 0.293
58 98 0.267
58 66 0.119
58 74 0.2
58 80 0.029
58 83 0.381
58 85 0.425
58 87 0.159
58 89 0.221
58 97 0.34
58 61 0.127
58 82 0.296
58 68 0.336
58 76 0.131
58 91 0.17
58 94 0.021
58 59 0.211
58 63 0.128
58 81 0.155
58 86 0.094
58 88 0.128
58 92 0.088
58 62 0.138
58 64 0.141
58 70 0.161
58 75 0.167
58 84 0.226
58 95 0.14
58 96 0.217
59 60 0.816
59 79 0.939
59 61 0.886
59 70 0.258
59 87 0.169
59 78 0.482
59 86 0.131
59 64 0.234
59 80 0.238
59 85 0.119
59 88 0.137
59 91 0.288
59 96 0.09
59 97 0.079
59 99 0.04
59 67 0.131
59 72 0.138
59 75 0.167
59 77 0.433
59 95 0.07
59 98 0.129
59 73 0.096
59 83 0.318
59 71 0.178
59 81 0.244
59 63 0.136
59 65 0.17
59 66 0.153
59 69 0.161
60 82 1
60 78 1
60 81 0.893
60 72 0.492
60 95 0.158
60 69 0.02
60 93 0.093
60 97 0.036
60 61 0.157
60 66 0.152
60 73 0.243
60 83 0.034
60 94 0.017
60 63 0.053
60 77 0.143
60 88 0.17
60 99 0.005
60 68 0.295
60 71 0.076
60 64 0.071
60 70 0.218
60 74 0.039
60 75 0.135
60 87 0.185
60 92 0.028
60 67 0.213
60 76 0.199
60 84 0.186
60 85 0.154
60 90 0.138
60 98 0.166
61 87 0.072
61 85 0.326
61 99 0.022
61 75 0.328
61 78 0.445
61 64 0.166
61 71 0.222
61 82 0.209
61 66 0.236
61 67 0.062
61 68 0.064
61 70 0.124
61 90 0.198
61 88 0.24
61 96 0.293
61 97 0.193
61 98 0.129
61 63 0.126
61 65 0.138
61 69 0.199
61 83 0.124
61 86 0.121
61 92 0.188
61 62 0.134
61 76 0.2
61 77 0.14
61 79 0.104
61 81 0.111
61 84 0.15
61 89 0.121
61 91 0.17
61 93 0.114
61 95 0.109
62 82 0.928
62 66 0.139
62 72 0.027
62 97 0.175
62 99 0.237
62 63 0.291
62 65 0.505
62 68 0.047
62 69 0.409
62 73 0.436
62 77 0.026
62 87 0.037
62 98 0.312
62 64 0.102
62 80 0.18
62 90 0.168
62 91 0.033
62 76 0.185
62 84 0.144
62 85 0.158
62 89 0.171
62 93 0.153
62 95 0.123
62 79 0.169
62 83 0.171
62 92 0.111
62 94 0.147
63 92 0.902
63 64 0.939
63 94 0.44
63 72 0.165
63 80 0.174
63 85 0.214
63 88 0.007
63 91 0.297
63 67 0.218
63 74 0.178
63 76 0.188
63 82 0.166
63 90 0.048
63 97 0.386
63 77 0.087
63 93 0.236
63 96 0.147
63 98 0.117
63 99 0.187
63 66 0.348
63 70 0.231
63 83 0.244
63 69 0.144
63 79 0.131
63 86 0.037
63 89 0.149
63 71 0.191
63 84 0.076
63 87 0.161
64 68 0.461
64 78 0.894
64 87 1
64 84 0.51
64 95 0.131
64 66 0.149
64 79 0.535
64 72 0.417
64 69 0.136
64 71 0.031
64 74 0.004
64 83 0.022
64 88 0.115
64 89 0.188
64 94 0.25
64 81 0.095
64 86 0.286
64 91 0.012
64 97 0.251
64 65 0.225
64 67 0.14
64 70 0.171
64 75 0.125
64 76 0.147
64 77 0.227
64 80 0.114
64 85 0.106
64 92 0.102
64 96 0.137
64 98 0.213
64 99 0.155
65 90 0.611
65 71 0.847
65 69 0.849
65 89 0.174
65 73 0.088
65 96 0.274
65 98 0.143
65 67 0.143
65 74 0.113
65 87 0.111
65 68 0.129
65 75 0.102
65 79 0.193
65 80 0.149
65 82 0.165
65 85 0.089
65 86 0.159
65 92 0.096
65 95 0.067
65 70 0.132
65 76 0.092
65 77 0.159
65 78 0.136
65 81 0.135
65 83 0.123
65 84 0.121
65 88 0.186
65 91 0.138
65 93 0.133
65 94 0.177
65 99 0.186
66 86 0.877
66 81 0.902
66 67 0.226
66 88 0.443
66 68 0.149
66 70 0.348
66 74 0.267
66 91 0.31
66 69 0.121
66 83 0.261
66 90 0.073
66 72 0.027
66 75 0.141
66 78 0.234
66 85 0.429
66 79 0.184
66 87 0.289
66 93 0.085
66 99 0.101
66 71 0.081
66 76 0.402
66 84 0.141
66 92 0.166
66 97 0.117
66 73 0.106
66 82 0.181
66 89 0.138
66 95 0.15
66 96 0.133
67 84 0.965
67 94 0.747
67 97 0.102
67 71 0.355
67 73 0.421
67 80 0.226
67 82 0.128
67 92 0.222
67 95 0.465
67 72 0.11
67 74 0.109
67 79 0.146
67 81 0.18
67 96 0.199
67 70 0.465
67 83 0.286
67 98 0.145
67 76 0.061
67 85 0.118
67 86 0.099
67 91 0.2
67 68 0.182
67 77 0.153
67 88 0.117
67 89 0.197
67 90 0.183
68 81 0.989
68 72 0.14
68 73 0.07
68 83 0.121
68 84 0.118
68 86 0.031
68 96 0.246
68 82 0.106
68 92 0.188
68 93 0.104
68 75 0.178
68 78 0.072
68 80 0.148
68 95 0.213
68 70 0.272
68 71 0.185
68 85 0.168
68 91 0.102
68 94 0.126
68 74 0.155
68 77 0.141
68 79 0.136
68 88 0.163
68 89 0.158
68 98 0.153
68 99 0.141
69 89 0.654
69 82 0.905
69 99 0.188
69 90 0.279
69 76 0.147
69 80 0.409
69 92 0.301
69 95 0.078
69 81 0.124
69 86 0.208
69 87 0.167
69 88 0.205
69 70 0.16
69 75 0.095
69 71 0.136
69 77 0.018
69 84 0.074
69 85 0.117
69 94 0.203
69 96 0.135
69 97 0.132
69 72 0.085
69 74 0.17
69 79 0.149
69 91 0.167
70 95 0.946
70 79 0.347
70 91 0.712
70 99 0.964
70 77 0.298
70 80 0.081
70 94 0.14
70 97 0.061
70 85 0.078
70 92 0.168
70 81 0.164
70 83 0.145
70 73 0.177
70 76 0.142
70 82 0.341
70 93 0.111
70 96 0.13
70 71 0.346
70 75 0.183
70 98 0.144
70 74 0.14
70 87 0.19
70 88 0.189
70 89 0.189
71 98 0.954
71 89 0.937
71 72 0.317
71 93 0.055
71 79 0.101
71 82 0.423
71 97 0.464
71 81 0.291
71 91 0.073
71 92 0.263
71 73 0.087
71 94 0.213
71 96 0.217
71 86 0.202
71 87 0.106
71 88 0.079
71 75 0.028
71 80 0.177
71 83 0.124
71 84 0.186
71 74 0.183
71 76 0.15
71 85 0.159
71 95 0.126
71 99 0.142
72 85 0.875
72 93 1
72 78 0.786
72 90 0.788
72 86 0.421
72 74 0.03
72 91 0.017
72 97 0.067
72 73 0.046
72 89 0.202
72 81 0.51
72 79 0.234
72 80 0.215
72 92 0.11
72 98 0.413
72 77 0.121
72 94 0.193
72 96 0.164
72 76 0.235
72 84 0.146
72 87 0.122
72 88 0.215
72 95 0.124
73 94 1
73 93 1
73 87 0.505
73 80 0.16
73 79 0.179
73 86 0.425
73 98 0.09
73 76 0.055
73 85 0.298
73 88 0.178
73 84 0.16
73 90 0.292
73 91 0.032
73 96 0.192
73 95 0.074
73 99 0.156
73 74 0.264
73 82 0.294
73 78 0.14
73 81 0.146
73 89 0.183
73 92 0.171
74 92 0.132
74 77 0.23
74 90 0.167
74 96 0.434
74 76 0.161
74 88 0.143
74 79 0.087
74 81 0.097
74 85 0.202
74 98 0.189
74 75 0.135
74 78 0.145
74 82 0.193
74 83 0.076
74 84 0.093
74 86 0.204
74 89 0.134
74 95 0.148
74 99 0.148
75 84 0.376
75 87 0.242
75 81 0.355
75 89 0.241
75 93 0.092
75 97 0.102
75 88 0.082
75 92 0.132
75 83 0.301
75 90 0.248
75 80 0.125
75 76 0.108
75 82 0.186
75 91 0.029
75 78 0.169
75 85 0.103
75 94 0.127
75 96 0.168
75 98 0.159
75 99 0.152
76 99 0.408
76 85 0.201
76 92 0.4
76 88 0.251
76 90 0.255
76 98 0.151
76 81 0.166
76 84 0.182
76 95 0.089
76 78 0.141
76 79 0.151
76 91 0.104
76 93 0.156
76 94 0.06
76 96 0.146
76 77 0.051
76 82 0.135
76 86 0.164
76 87 0.153
77 78 1
77 89 0.804
77 83 0.98
77 79 1
77 86 0.59
77 93 0.272
77 88 0.265
77 99 0.143
77 91 0.279
77 94 0.413
77 80 0.166
77 84 0.186
77 92 0.221
77 96 0.298
77 98 0.247
77 81 0.182
77 87 0.13
77 97 0.17
78 98 0.082
78 80 0.114
78 83 0.217
78 89 0.448
78 90 0.003
78 96 0.235
78 79 0.248
78 84 0.183
78 81 0.116
78 87 0.294
78 92 0.127
78 97 0.124
78 85 0.295
78 86 0.154
78 93 0.173
78 88 0.131
78 94 0.159
78 95 0.11
78 99 0.158
79 99 1
79 98 0.535
79 80 0.864
79 92 0.062
79 86 0.116
79 91 0.021
79 94 0.013
79 95 0.242
79 84 0.177
79 85 0.162
79 87 0.066
79 89 0.134
79 97 0.383
79 81 0.165
79 83 0.154
80 98 0.737
80 95 0.882
80 96 0.443
80 84 0.181
80 87 0.158
80 89 0.16
80 90 0.095
80 94 0.048
80 83 0.511
80 86 0.277
80 88 0.155
80 81 0.214
80 82 0.16
80 85 0.171
80 92 0.108
80 97 0.038
80 93 0.153
80 99 0.113
81 90 0.897
81 88 0.184
81 83 0.335
81 91 0.008
81 92 0.1
81 93 0.158
81 85 0.193
81 86 0.302
81 97 0.05
81 95 0.049
81 87 0.189
81 96 0.192
81 82 0.155
81 89 0.104
81 94 0.208
81 99 0.151
82 90 0.935
82 95 0.143
82 83 0.181
82 88 0.121
82 96 0.139
82 84 0.129
82 86 0.026
82 91 0.207
82 93 0.165
82 94 0.04
82 99 0.15
82 87 0.192
82 89 0.179
82 97 0.163
83 98 0.902
83 85 0.025
83 92 0.086
83 88 0.309
83 89 0.383
83 93 0.136
83 95 0.175
83 97 0.235
83 91 0.245
83 84 0.298
83 86 0.179
83 87 0.171
83 96 0.206
83 90 0.168
83 94 0.108
84 93 0.744
84 96 0.1
84 88 0.094
84 89 0.212
84 90 0.122
84 94 0.13
84 92 0.233
84 97 0.298
84 85 0.16
84 87 0.166
84 95 0.167
84 98 0.163
84 99 0.195
85 89 0.872
85 90 0.082
85 97 0.261
85 92 0.056
85 88 0.181
85 91 0.287
85 98 0.119
85 86 0.111
85 93 0.108
86 96 0.925
86 90 0.175
86 99 0.192
86 89 0.157
86 91 0.132
86 94 0.185
86 95 0.359
86 87 0.228
86 93 0.117
86 98 0.141
86 88 0.12
86 92 0.131
87 95 0.422
87 88 0.306
87 91 0.158
87 96 0.133
87 93 0.023
87 98 0.292
87 92 0.283
87 89 0.119
87 94 0.114
87 97 0.188
87 99 0.151
88 89 0.275
88 95 0.132
88 90 0.447
88 93 0.418
88 96 0.138
88 97 0.348
88 98 0.118
88 94 0.123
88 99 0.077
89 90 1
89 94 0.252
89 98 0.029
89 92 0.206
89 91 0.11
89 96 0.167
89 97 0.134
90 91 1
90 92 0.139
90 98 0.184
90 99 0.165
90 93 0.098
90 94 0.154
90 96 0.228
90 97 0.184
91 94 0.21
91 99 0.084
91 95 0.204
91 97 0.126
92 93 1
92 95 0.805
92 97 0.003
92 99 0.338
92 94 0.082
92 96 0.128
93 95 0.11
93 99 0.212
93 98 0.223
93 94 0.301
94 95 0.117
94 99 0.186
94 96 0.119
94 97 0.106
94 98 0.179
95 96 0.187
95 97 0.344
95 99 0.031
95 98 0.202
96 99 0.06
97 98 0.208
98 99 0.038
