0 33 0.831
0 36 0.569
0 51 1
0 64 0.947
0 65 0.907
0 68 0.655
0 3 0.898
0 25 0.928
0 28 0.537
0 46 0.464
0 53 0.413
0 70 0.265
0 9 0.453
0 34 0.493
0 58 0.033
0 75 0.227
0 22 0.086
0 4 0.206
0 11 0.551
0 31 0.229
0 67 0.288
0 72 0.22
0 1 0.334
0 2 0.063
0 19 0.324
0 88 0.266
0 5 0.394
0 15 0.058
0 54 0.077
0 55 0.144
0 57 0.117
0 81 0.149
0 89 0.427
0 92 0.033
0 93 0.102
0 8 0.124
0 10 0.207
0 12 0.156
0 13 0.118
0 21 0.141
0 24 0.052
0 32 0.219
0 41 0.232
0 44 0.15
0 62 0.176
0 73 0.143
0 74 0.115
0 87 0.261
0 90 0.128
0 91 0.165
0 94 0.113
0 7 0.152
0 17 0.129
0 18 0.117
0 20 0.123
0 23 0.143
0 30 0.179
0 39 0.191
0 40 0.181
0 45 0.162
0 48 0.169
0 50 0.121
0 59 0.1
0 61 0.167
0 69 0.137
0 95 0.116
0 97 0.178
0 99 0.165
1 28 0.644
1 62 0.892
1 63 0.614
1 64 0.925
1 52 0.43
1 55 0.65
1 14 0.327
1 18 0.144
1 65 0.469
1 88 0.206
1 38 0.287
1 6 0.105
1 31 0.212
1 39 0.158
1 72 0.112
1 84 0.048
1 4 0.202
1 7 0.012
1 15 0.135
1 23 0.063
1 24 0.056
1 35 0.178
1 40 0.343
1 70 0.196
1 37 0.15
1 45 0.033
1 48 0.179
1 67 0.171
1 68 0.137
1 69 0.179
1 77 0.071
1 95 0.101
1 3 0.119
1 8 0.102
1 11 0.189
1 19 0.218
1 20 0.112
1 22 0.047
1 29 0.059
1 30 0.221
1 43 0.009
1 44 0.127
1 47 0.187
1 49 0.125
1 56 0.211
1 66 0.132
1 73 0.108
1 80 0.143
1 82 0.194
1 85 0.119
1 97 0.132
1 98 0.165
1 99 0.262
1 9 0.158
1 10 0.192
1 12 0.124
1 13 0.144
1 16 0.179
1 25 0.143
1 26 0.15
1 27 0.126
1 32 0.166
1 33 0.161
1 36 0.146
1 41 0.167
1 53 0.184
1 54 0.18
1 59 0.105
1 60 0.186
1 61 0.169
1 71 0.121
1 76 0.104
1 89 0.19
1 90 0.141
1 91 0.12
1 92 0.146
1 93 0.16
1 94 0.192
1 96 0.141
2 26 0.409
2 83 0.576
2 23 0.446
2 82 0.91
2 35 0.845
2 56 0.545
2 17 0.277
2 76 0.08
2 87 0.006
2 88 0.166
2 60 0.07
2 65 0.195
2 67 0.324
2 11 0.25
2 33 0.005
2 38 0.16
2 54 0.148
2 71 0.151
2 3 0.156
2 5 0.157
2 14 0.267
2 20 0.032
2 21 0.212
2 59 0.243
2 61 0.033
2 66 0.094
2 97 0.174
2 98 0.082
2 15 0.264
2 16 0.358
2 24 0.125
2 25 0.36
2 34 0.201
2 39 0.167
2 48 0.156
2 52 0.103
2 58 0.209
2 89 0.16
2 92 0.173
2 94 0.046
2 96 0.083
2 7 0.119
2 8 0.161
2 9 0.154
2 19 0.151
2 22 0.103
2 29 0.209
2 32 0.103
2 36 0.105
2 37 0.125
2 40 0.171
2 41 0.184
2 42 0.091
2 45 0.148
2 49 0.195
2 50 0.103
2 53 0.145
2 57 0.127
2 63 0.133
2 64 0.167
2 68 0.163
2 69 0.142
2 70 0.12
2 73 0.175
2 75 0.146
2 78 0.138
2 81 0.148
2 84 0.164
2 85 0.15
2 91 0.161
2 93 0.153
2 95 0.112
3 30 0.936
3 38 0.954
3 59 0.735
3 64 1
3 96 0.819
3 98 0.932
3 11 0.956
3 29 0.7
3 39 1
3 78 0.72
3 54 0.871
3 19 0.211
3 44 0.386
3 45 0.156
3 84 0.253
3 32 0.058
3 22 0.131
3 57 0.113
3 81 0.305
3 9 0.007
3 27 0.118
3 34 0.054
3 56 0.357
3 76 0.192
3 5 0.197
3 16 0.134
3 25 0.096
3 31 0.344
3 62 0.057
3 66 0.226
3 67 0.227
3 75 0.127
3 79 0.201
3 94 0.074
3 4 0.229
3 8 0.173
3 12 0.09
3 15 0.045
3 18 0.151
3 51 0.185
3 68 0.142
3 69 0.096
3 70 0.06
3 71 0.32
3 87 0.192
3 88 0.313
3 90 0.331
3 92 0.214
3 14 0.131
3 20 0.183
3 28 0.241
3 37 0.054
3 47 0.142
3 48 0.093
3 53 0.083
3 58 0.063
3 61 0.538
3 77 0.112
3 85 0.256
3 89 0.331
3 93 0.1
3 95 0.229
3 13 0.148
3 17 0.178
3 23 0.16
3 24 0.185
3 36 0.155
3 41 0.087
3 43 0.192
3 46 0.123
3 49 0.174
3 50 0.129
3 55 0.198
3 60 0.138
3 65 0.158
3 72 0.135
3 73 0.097
3 74 0.192
3 83 0.168
3 86 0.139
3 91 0.14
3 97 0.099
4 5 1
4 35 0.881
4 49 0.839
4 51 0.714
4 76 0.823
4 82 0.538
4 42 0.899
4 86 0.87
4 25 0.674
4 62 0.516
4 98 0.709
4 65 0.73
4 20 0.359
4 28 0.671
4 73 0.239
4 87 0.075
4 14 0.353
4 18 0.084
4 52 0.34
4 89 0.191
4 91 0.366
4 90 0.255
4 13 0.28
4 17 0.075
4 38 0.318
4 44 0.178
4 47 0.451
4 59 0.241
4 66 0.147
4 74 0.173
4 7 0.364
4 12 0.005
4 21 0.283
4 69 0.113
4 10 0.15
4 19 0.173
4 24 0.166
4 26 0.111
4 34 0.141
4 41 0.109
4 43 0.231
4 46 0.164
4 48 0.13
4 60 0.131
4 64 0.118
4 71 0.122
4 93 0.151
4 94 0.105
4 29 0.138
4 30 0.155
4 33 0.157
4 37 0.069
4 53 0.142
4 57 0.124
4 58 0.165
4 63 0.162
4 67 0.08
4 68 0.173
4 70 0.165
4 72 0.149
4 75 0.109
4 92 0.099
4 95 0.12
5 23 0.849
5 31 0.377
5 50 0.848
5 79 0.913
5 64 0.553
5 12 0.607
5 88 1
5 93 0.833
5 21 0.731
5 34 0.277
5 85 0.656
5 48 0.843
5 51 0.573
5 47 0.371
5 72 0.424
5 10 0.089
5 14 0.055
5 26 0.046
5 30 0.337
5 33 0.28
5 53 0.163
5 61 0.293
5 91 0.199
5 17 0.255
5 18 0.318
5 20 0.286
5 38 0.097
5 49 0.154
5 62 0.273
5 65 0.005
5 74 0.184
5 97 0.212
5 16 0.252
5 19 0.338
5 22 0.127
5 35 0.134
5 54 0.146
5 57 0.103
5 58 0.015
5 8 0.035
5 29 0.374
5 36 0.125
5 42 0.075
5 56 0.153
5 73 0.158
5 75 0.18
5 90 0.138
5 6 0.218
5 15 0.187
5 24 0.194
5 25 0.155
5 27 0.137
5 28 0.138
5 39 0.147
5 40 0.156
5 41 0.16
5 43 0.125
5 52 0.171
5 59 0.097
5 60 0.154
5 68 0.138
5 69 0.082
5 71 0.141
5 76 0.103
5 77 0.108
5 82 0.109
5 83 0.122
5 96 0.156
5 98 0.164
5 99 0.213
6 7 0.969
6 9 1
6 11 0.855
6 37 0.877
6 43 1
6 91 0.613
6 12 0.922
6 60 0.793
6 44 0.623
6 76 0.149
6 57 0.625
6 63 0.12
6 34 0.352
6 32 0.163
6 62 0.258
6 65 0.283
6 69 0.253
6 73 0.207
6 75 0.158
6 95 0.371
6 8 0.293
6 25 0.234
6 33 0.327
6 61 0.056
6 77 0.1
6 79 0.244
6 22 0.195
6 46 0.056
6 47 0.23
6 49 0.103
6 51 0.145
6 52 0.3
6 53 0.165
6 66 0.229
6 70 0.162
6 78 0.198
6 87 0.08
6 90 0.024
6 19 0.13
6 20 0.245
6 23 0.146
6 24 0.148
6 27 0.183
6 31 0.175
6 39 0.133
6 48 0.195
6 50 0.332
6 58 0.047
6 93 0.075
6 10 0.142
6 13 0.173
6 17 0.139
6 21 0.201
6 26 0.112
6 29 0.189
6 30 0.193
6 35 0.132
6 38 0.144
6 41 0.148
6 42 0.118
6 56 0.175
6 59 0.167
6 67 0.152
6 72 0.171
6 81 0.151
6 82 0.112
6 85 0.101
6 92 0.165
6 96 0.187
6 97 0.127
6 98 0.167
7 10 0.847
7 70 0.902
7 74 0.809
7 26 0.797
7 58 0.667
7 86 0.546
7 66 0.268
7 55 0.054
7 12 0.081
7 88 0.42
7 14 0.188
7 15 0.091
7 20 0.156
7 41 0.497
7 50 0.292
7 96 0.329
7 99 0.229
7 11 0.187
7 23 0.255
7 45 0.049
7 93 0.151
7 9 0.086
7 29 0.212
7 36 0.361
7 51 0.147
7 65 0.137
7 80 0.204
7 90 0.018
7 8 0.001
7 21 0.05
7 30 0.034
7 31 0.013
7 38 0.149
7 67 0.235
7 71 0.149
7 92 0.327
7 97 0.358
7 27 0.026
7 33 0.137
7 34 0.125
7 39 0.108
7 40 0.144
7 52 0.205
7 56 0.116
7 61 0.401
7 63 0.202
7 64 0.152
7 72 0.081
7 85 0.08
7 87 0.056
7 94 0.297
7 13 0.166
7 16 0.159
7 25 0.155
7 28 0.186
7 35 0.138
7 37 0.123
7 42 0.184
7 43 0.17
7 46 0.102
7 49 0.207
7 53 0.087
7 54 0.102
7 59 0.103
7 60 0.113
7 62 0.106
7 75 0.158
7 81 0.152
7 82 0.159
7 83 0.144
7 95 0.144
7 98 0.182
8 46 0.898
8 54 0.971
8 64 1
8 66 0.942
8 82 0.784
8 99 0.936
8 20 0.821
8 85 0.943
8 23 0.555
8 75 0.671
8 10 0.518
8 61 0.362
8 15 0.125
8 74 0.055
8 78 0.004
8 9 0.088
8 42 0.263
8 44 0.288
8 63 0.153
8 11 0.168
8 16 0.001
8 21 0.067
8 30 0.401
8 60 0.072
8 91 0.267
8 98 0.212
8 14 0.184
8 25 0.173
8 27 0.106
8 41 0.122
8 59 0.169
8 87 0.328
8 90 0.112
8 22 0.175
8 58 0.064
8 72 0.158
8 76 0.18
8 95 0.361
8 19 0.118
8 35 0.111
8 38 0.129
8 43 0.155
8 50 0.231
8 57 0.229
8 79 0.06
8 80 0.121
8 89 0.122
8 93 0.251
8 96 0.145
8 18 0.168
8 24 0.18
8 26 0.097
8 29 0.165
8 31 0.185
8 39 0.193
8 45 0.161
8 47 0.202
8 51 0.163
8 55 0.092
8 70 0.159
8 71 0.188
8 73 0.141
8 81 0.134
8 84 0.19
8 86 0.072
8 94 0.147
8 97 0.157
9 33 0.606
9 39 0.821
9 53 0.718
9 56 1
9 73 1
9 92 0.743
9 97 0.728
9 31 0.723
9 96 0.484
9 46 0.549
9 90 0.166
9 14 0.433
9 18 0.142
9 77 0.287
9 64 0.513
9 89 0.26
9 41 0.18
9 57 0.254
9 83 0.181
9 17 0.301
9 45 0.195
9 50 0.315
9 52 0.21
9 84 0.122
9 60 0.229
9 29 0.198
9 70 0.055
9 82 0.215
9 93 0.215
9 95 0.194
9 11 0.331
9 16 0.146
9 20 0.039
9 27 0.251
9 40 0.189
9 49 0.384
9 61 0.061
9 67 0.278
9 72 0.111
9 10 0.188
9 12 0.023
9 21 0.115
9 24 0.084
9 35 0.171
9 44 0.059
9 51 0.225
9 55 0.245
9 63 0.285
9 69 0.088
9 74 0.132
9 79 0.123
9 80 0.157
9 87 0.181
9 19 0.168
9 26 0.147
9 28 0.173
9 36 0.147
9 47 0.092
9 48 0.145
9 54 0.177
9 66 0.206
9 68 0.175
9 85 0.162
9 88 0.195
9 94 0.098
10 15 0.877
10 53 0.719
10 84 0.75
10 90 0.817
10 33 0.801
10 61 0.631
10 74 0.384
10 17 0.708
10 79 0.809
10 23 0.672
10 29 0.931
10 13 0.529
10 39 0.267
10 44 0.516
10 43 0.669
10 75 0.57
10 92 0.244
10 98 0.366
10 46 0.614
10 57 0.039
10 72 0.098
10 94 0.236
10 38 0.332
10 56 0.339
10 68 0.182
10 91 0.233
10 24 0.136
10 31 0.272
10 35 0.165
10 67 0.061
10 85 0.022
10 87 0.202
10 50 0.294
10 51 0.196
10 58 0.378
10 65 0.148
10 80 0.078
10 83 0.478
10 99 0.069
10 11 0.005
10 12 0.14
10 19 0.234
10 41 0.105
10 42 0.02
10 48 0.234
10 52 0.116
10 59 0.112
10 60 0.129
10 64 0.12
10 66 0.163
10 69 0.24
10 73 0.167
10 77 0.162
10 78 0.182
10 95 0.123
10 14 0.137
10 18 0.156
10 21 0.163
10 28 0.088
10 32 0.139
10 36 0.167
10 47 0.117
10 55 0.147
10 71 0.126
10 86 0.149
10 88 0.181
10 96 0.148
11 58 1
11 77 0.672
11 88 1
11 98 0.8
11 54 0.733
11 89 0.593
11 14 0.843
11 33 0.828
11 51 0.499
11 87 0.462
11 47 0.469
11 70 0.419
11 36 0.189
11 64 0.229
11 71 0.076
11 95 0.133
11 99 0.283
11 29 0.416
11 76 0.103
11 24 0.203
11 27 0.192
11 49 0.155
11 55 0.113
11 68 0.208
11 78 0.09
11 19 0.098
11 22 0.193
11 31 0.096
11 38 0.301
11 48 0.277
11 75 0.061
11 97 0.08
11 12 0.138
11 13 0.138
11 16 0.106
11 20 0.169
11 28 0.176
11 35 0.064
11 40 0.153
11 43 0.195
11 52 0.12
11 61 0.061
11 62 0.151
11 66 0.131
11 80 0.191
11 93 0.088
11 21 0.16
11 23 0.196
11 25 0.203
11 34 0.132
11 39 0.1
11 42 0.215
11 45 0.17
11 50 0.129
11 53 0.179
11 56 0.095
11 57 0.138
11 59 0.136
11 63 0.142
11 67 0.146
11 72 0.098
11 73 0.202
11 74 0.133
11 79 0.162
11 81 0.113
11 85 0.18
11 90 0.129
11 91 0.177
12 21 1
12 27 0.606
12 35 0.295
12 37 0.818
12 57 1
12 58 0.824
12 95 0.932
12 16 0.708
12 13 0.947
12 47 0.61
12 81 0.718
12 60 1
12 72 0.059
12 15 0.051
12 65 0.551
12 56 0.275
12 90 0.233
12 28 0.12
12 36 0.269
12 64 0.209
12 52 0.02
12 62 0.083
12 73 0.157
12 33 0.242
12 61 0.077
12 66 0.074
12 79 0.101
12 94 0.153
12 17 0.296
12 67 0.174
12 80 0.071
12 87 0.294
12 89 0.314
12 20 0.197
12 38 0.017
12 43 0.199
12 54 0.025
12 68 0.254
12 77 0.168
12 98 0.337
12 99 0.16
12 22 0.191
12 29 0.117
12 31 0.123
12 34 0.168
12 40 0.085
12 41 0.23
12 46 0.135
12 70 0.328
12 71 0.153
12 88 0.153
12 93 0.192
12 19 0.187
12 24 0.134
12 25 0.169
12 26 0.133
12 32 0.116
12 42 0.135
12 49 0.132
12 51 0.162
12 55 0.182
12 74 0.109
12 75 0.188
12 78 0.178
12 83 0.142
12 85 0.146
12 86 0.133
12 91 0.118
12 92 0.196
12 97 0.105
13 15 0.736
13 16 1
13 25 0.833
13 51 1
13 66 0.809
13 43 0.763
13 97 0.545
13 73 0.677
13 47 0.198
13 92 0.536
13 46 0.176
13 18 0.205
13 39 0.392
13 57 0.672
13 71 0.307
13 40 0.197
13 54 0.251
13 60 0.425
13 78 0.095
13 80 0.108
13 27 0.226
13 52 0.279
13 70 0.159
13 75 0.086
13 98 0.279
13 99 0.055
13 14 0.18
13 19 0.16
13 24 0.11
13 29 0.249
13 34 0.169
13 36 0.299
13 42 0.397
13 45 0.19
13 58 0.175
13 61 0.004
13 90 0.216
13 17 0.199
13 21 0.261
13 23 0.052
13 30 0.182
13 31 0.158
13 41 0.179
13 55 0.136
13 62 0.164
13 65 0.139
13 69 0.125
13 81 0.119
13 82 0.186
13 84 0.103
13 86 0.087
13 93 0.115
13 26 0.124
13 28 0.142
13 37 0.143
13 44 0.177
13 48 0.168
13 49 0.099
13 53 0.216
13 59 0.164
13 63 0.15
13 64 0.232
13 74 0.155
13 77 0.167
13 79 0.143
13 83 0.088
13 85 0.162
13 94 0.18
13 95 0.143
13 96 0.146
14 17 0.823
14 64 0.981
14 77 0.929
14 78 0.763
14 80 1
14 73 0.768
14 21 0.112
14 25 0.734
14 95 0.39
14 22 0.387
14 88 0.531
14 53 0.32
14 91 0.04
14 45 0.254
14 70 0.304
14 69 0.145
14 90 0.142
14 96 0.346
14 31 0.231
14 57 0.165
14 67 0.123
14 89 0.183
14 26 0.146
14 29 0.307
14 30 0.012
14 40 0.268
14 48 0.22
14 61 0.127
14 62 0.165
14 81 0.146
14 84 0.313
14 98 0.172
14 99 0.17
14 16 0.186
14 23 0.143
14 32 0.122
14 37 0.302
14 49 0.027
14 52 0.215
14 60 0.133
14 65 0.169
14 71 0.344
14 74 0.144
14 85 0.105
14 86 0.153
14 93 0.111
14 15 0.197
14 18 0.178
14 19 0.132
14 20 0.126
14 24 0.169
14 27 0.194
14 28 0.14
14 33 0.154
14 35 0.123
14 39 0.163
14 47 0.219
14 50 0.184
14 51 0.163
14 55 0.132
14 58 0.125
14 63 0.179
14 66 0.113
14 68 0.152
14 82 0.184
14 83 0.178
14 87 0.086
14 92 0.164
14 97 0.104
15 21 0.897
15 37 0.782
15 47 0.426
15 73 0.622
15 98 1
15 49 0.527
15 83 0.775
15 18 0.597
15 95 0.974
15 71 0.846
15 93 0.558
15 44 0.911
15 54 0.349
15 99 0.331
15 43 0.728
15 53 0.042
15 85 0.273
15 20 0.143
15 22 0.114
15 60 0.268
15 67 0.043
15 75 0.299
15 97 0.119
15 25 0.53
15 55 0.133
15 56 0.138
15 57 0.268
15 80 0.298
15 61 0.238
15 17 0.247
15 30 0.208
15 41 0.02
15 46 0.26
15 48 0.241
15 51 0.054
15 59 0.508
15 64 0.146
15 86 0.162
15 16 0.109
15 24 0.113
15 29 0.18
15 31 0.13
15 32 0.062
15 34 0.16
15 58 0.118
15 76 0.198
15 79 0.044
15 82 0.025
15 90 0.236
15 19 0.085
15 26 0.118
15 28 0.151
15 35 0.133
15 36 0.165
15 40 0.148
15 42 0.153
15 52 0.189
15 65 0.127
15 66 0.111
15 77 0.149
15 78 0.088
15 81 0.194
15 91 0.161
15 92 0.207
15 96 0.155
16 45 1
16 54 0.762
16 67 1
16 68 0.762
16 79 0.831
16 98 1
16 28 1
16 25 1
16 47 0.529
16 60 0.573
16 73 0.371
16 51 0.769
16 75 0.21
16 18 0.082
16 34 0.203
16 52 0.415
16 81 0.188
16 76 0.395
16 78 0.088
16 96 0.378
16 43 0.383
16 44 0.132
16 53 0.07
16 57 0.099
16 58 0.077
16 63 0.182
16 70 0.05
16 95 0.012
16 22 0.156
16 23 0.13
16 24 0.087
16 26 0.102
16 31 0.128
16 33 0.213
16 36 0.114
16 37 0.129
16 48 0.081
16 49 0.161
16 55 0.158
16 62 0.018
16 71 0.115
16 72 0.148
16 83 0.104
16 86 0.407
16 89 0.172
16 90 0.388
16 91 0.091
16 93 0.056
16 99 0.207
16 17 0.14
16 27 0.189
16 32 0.18
16 39 0.066
16 50 0.113
16 61 0.13
16 69 0.139
16 77 0.165
16 80 0.134
16 82 0.132
16 84 0.188
16 87 0.157
16 88 0.187
16 92 0.167
16 94 0.145
16 97 0.145
17 22 0.772
17 30 1
17 39 0.501
17 66 0.832
17 57 0.757
17 47 0.633
17 87 0.278
17 76 0.136
17 33 0.024
17 74 0.425
17 35 0.093
17 53 0.252
17 38 0.098
17 86 0.171
17 94 0.271
17 97 0.218
17 37 0.256
17 48 0.133
17 58 0.165
17 72 0.176
17 83 0.012
17 24 0.11
17 25 0.06
17 31 0.234
17 32 0.109
17 43 0.199
17 77 0.21
17 85 0.276
17 90 0.078
17 95 0.048
17 21 0.105
17 27 0.132
17 29 0.14
17 41 0.176
17 44 0.15
17 45 0.174
17 52 0.124
17 54 0.324
17 56 0.146
17 64 0.182
17 65 0.151
17 69 0.239
17 71 0.228
17 73 0.15
17 84 0.388
17 92 0.204
17 93 0.165
17 28 0.157
17 34 0.13
17 40 0.182
17 42 0.12
17 50 0.125
17 59 0.129
17 61 0.134
17 62 0.117
17 63 0.172
17 78 0.141
17 81 0.145
17 88 0.125
18 46 1
18 47 0.93
18 69 1
18 73 0.709
18 96 0.97
18 41 0.787
18 92 0.872
18 90 0.63
18 44 0.714
18 36 0.745
18 24 0.788
18 38 0.276
18 85 0.883
18 98 0.258
18 75 0.019
18 19 0.177
18 34 0.228
18 55 0.028
18 43 0.311
18 56 0.16
18 72 0.22
18 83 0.152
18 22 0.389
18 32 0.115
18 51 0.283
18 64 0.021
18 77 0.305
18 78 0.201
18 20 0.337
18 26 0.148
18 28 0.361
18 31 0.11
18 40 0.14
18 52 0.008
18 58 0.161
18 62 0.191
18 70 0.144
18 74 0.057
18 80 0.037
18 81 0.158
18 82 0.161
18 89 0.325
18 93 0.11
18 29 0.135
18 30 0.184
18 35 0.181
18 37 0.151
18 39 0.127
18 48 0.167
18 49 0.12
18 50 0.148
18 53 0.209
18 61 0.146
18 76 0.191
18 86 0.133
18 87 0.156
18 94 0.139
18 97 0.116
19 20 0.714
19 21 0.809
19 35 0.765
19 75 0.574
19 80 0.985
19 40 0.941
19 37 0.682
19 95 0.886
19 25 0.145
19 23 0.126
19 74 0.02
19 55 0.053
19 62 0.679
19 39 0.446
19 32 0.021
19 52 0.44
19 59 0.43
19 67 0.053
19 92 0.353
19 58 0.312
19 97 0.078
19 98 0.334
19 38 0.29
19 42 0.008
19 47 0.13
19 50 0.128
19 53 0.193
19 61 0.133
19 66 0.002
19 81 0.135
19 88 0.351
19 90 0.061
19 24 0.162
19 26 0.133
19 28 0.186
19 30 0.159
19 31 0.148
19 41 0.272
19 44 0.164
19 56 0.121
19 63 0.145
19 64 0.119
19 68 0.239
19 85 0.189
19 91 0.156
19 27 0.111
19 33 0.213
19 34 0.116
19 43 0.238
19 45 0.196
19 51 0.137
19 54 0.153
19 57 0.121
19 69 0.188
19 76 0.136
19 77 0.149
19 82 0.134
19 84 0.139
19 87 0.129
20 41 0.784
20 57 0.972
20 65 0.555
20 94 0.864
20 71 0.799
20 24 0.741
20 37 1
20 74 0.418
20 42 0.428
20 63 0.277
20 45 0.509
20 61 0.188
20 35 0.007
20 50 0.142
20 76 0.154
20 25 0.093
20 28 0.125
20 47 0.034
20 51 0.197
20 66 0.107
20 70 0.118
20 90 0.211
20 22 0.042
20 29 0.18
20 36 0.117
20 82 0.217
20 85 0.241
20 92 0.181
20 96 0.075
20 30 0.109
20 31 0.174
20 39 0.113
20 46 0.138
20 48 0.012
20 55 0.074
20 59 0.045
20 75 0.002
20 84 0.199
20 87 0.143
20 89 0.178
20 21 0.155
20 26 0.144
20 27 0.141
20 38 0.128
20 40 0.171
20 43 0.161
20 49 0.189
20 58 0.152
20 60 0.16
20 72 0.163
20 73 0.134
20 83 0.122
20 88 0.169
20 98 0.178
21 29 0.649
21 58 1
21 62 0.847
21 69 0.753
21 82 0.929
21 95 0.537
21 96 0.862
21 42 0.925
21 88 0.686
21 48 0.983
21 33 0.425
21 90 0.32
21 70 0.011
21 38 0.628
21 43 0.266
21 57 0.293
21 59 0.048
21 86 0.506
21 40 0.195
21 36 0.268
21 75 0.223
21 77 0.423
21 83 0.044
21 87 0.014
21 27 0.022
21 54 0.142
21 79 0.31
21 92 0.231
21 93 0.268
21 32 0.203
21 45 0.179
21 50 0.158
21 64 0.08
21 67 0.174
21 74 0.201
21 80 0.08
21 89 0.282
21 99 0.125
21 30 0.298
21 31 0.31
21 37 0.131
21 39 0.044
21 44 0.138
21 51 0.152
21 61 0.095
21 72 0.087
21 76 0.176
21 81 0.059
21 84 0.19
21 34 0.183
21 35 0.169
21 41 0.155
21 46 0.178
21 47 0.108
21 49 0.154
21 52 0.133
21 53 0.152
21 65 0.16
21 66 0.213
21 78 0.157
21 85 0.154
21 91 0.11
21 94 0.123
22 31 0.582
22 38 0.933
22 52 1
22 55 0.64
22 70 0.677
22 74 0.812
22 24 0.967
22 40 1.0
22 44 0.735
22 71 0.768
22 84 0.635
22 82 0.143
22 32 0.216
22 61 0.276
22 72 0.357
22 94 0.541
22 29 0.429
22 60 0.343
22 76 0.269
22 45 0.053
22 58 0.053
22 66 0.167
22 83 0.451
22 93 0.331
22 42 0.261
22 92 0.012
22 23 0.185
22 30 0.193
22 34 0.181
22 35 0.089
22 48 0.086
22 56 0.162
22 62 0.185
22 64 0.187
22 68 0.174
22 75 0.267
22 90 0.162
22 98 0.171
22 26 0.158
22 43 0.157
22 50 0.149
22 51 0.156
22 54 0.17
22 59 0.176
22 63 0.129
22 69 0.137
22 73 0.1
22 77 0.192
22 78 0.147
22 85 0.154
22 86 0.192
22 88 0.134
22 91 0.146
23 48 1
23 53 0.836
23 90 0.914
23 94 0.851
23 40 0.83
23 85 0.659
23 37 0.841
23 83 0.549
23 38 0.894
23 52 0.682
23 60 0.766
23 87 0.646
23 71 0.06
23 65 0.095
23 75 0.124
23 24 0.333
23 26 0.21
23 44 0.158
23 67 0.221
23 96 0.309
23 61 0.382
23 31 0.082
23 32 0.373
23 43 0.049
23 81 0.138
23 82 0.232
23 89 0.081
23 35 0.386
23 39 0.221
23 55 0.262
23 66 0.187
23 78 0.098
23 91 0.428
23 99 0.301
23 29 0.147
23 33 0.153
23 36 0.124
23 41 0.162
23 45 0.134
23 56 0.117
23 57 0.178
23 64 0.177
23 73 0.076
23 79 0.231
23 93 0.186
23 34 0.104
23 47 0.143
23 49 0.16
23 50 0.189
23 54 0.156
23 62 0.163
23 69 0.151
23 70 0.135
23 76 0.134
23 86 0.154
23 92 0.179
23 95 0.149
23 97 0.163
24 31 0.575
24 45 0.833
24 56 0.894
24 98 0.885
24 38 0.71
24 39 0.603
24 87 0.786
24 48 0.766
24 43 0.872
24 27 0.764
24 34 0.023
24 96 0.616
24 63 0.146
24 70 0.083
24 83 0.248
24 79 0.104
24 42 0.137
24 58 0.305
24 73 0.186
24 76 0.203
24 88 0.049
24 35 0.216
24 37 0.206
24 52 0.21
24 54 0.136
24 26 0.173
24 29 0.124
24 53 0.182
24 57 0.057
24 61 0.169
24 64 0.077
24 66 0.036
24 67 0.106
24 74 0.15
24 80 0.153
24 91 0.224
24 30 0.197
24 32 0.059
24 33 0.068
24 40 0.145
24 49 0.265
24 51 0.035
24 71 0.136
24 77 0.138
24 82 0.085
24 85 0.133
24 86 0.264
24 92 0.2
24 25 0.165
24 36 0.172
24 41 0.145
24 46 0.145
24 50 0.11
24 55 0.189
24 59 0.089
24 60 0.107
24 69 0.159
24 72 0.197
24 75 0.167
24 81 0.176
24 90 0.143
24 99 0.163
25 37 0.381
25 47 0.629
25 75 0.82
25 84 0.779
25 98 1
25 44 0.951
25 53 1
25 87 0.859
25 45 0.144
25 85 0.213
25 86 0.261
25 35 0.254
25 76 0.524
25 88 0.085
25 41 0.04
25 54 0.255
25 64 0.115
25 65 0.059
25 78 0.384
25 51 0.11
25 79 0.338
25 90 0.01
25 39 0.311
25 49 0.192
25 59 0.302
25 97 0.19
25 27 0.402
25 32 0.145
25 55 0.205
25 63 0.152
25 66 0.025
25 92 0.053
25 95 0.258
25 99 0.154
25 28 0.239
25 30 0.103
25 40 0.133
25 50 0.145
25 52 0.09
25 56 0.109
25 68 0.075
25 72 0.263
25 77 0.104
25 80 0.173
25 81 0.108
25 83 0.003
25 33 0.16
25 34 0.138
25 36 0.157
25 43 0.197
25 46 0.139
25 62 0.116
25 69 0.164
25 73 0.167
25 74 0.165
25 82 0.181
25 91 0.194
25 93 0.18
25 94 0.181
25 96 0.171
26 34 0.691
26 73 0.932
26 91 1
26 44 0.776
26 77 1
26 63 0.645
26 81 0.252
26 95 0.332
26 50 0.047
26 76 0.881
26 70 0.452
26 37 0.325
26 54 0.286
26 59 0.179
26 65 0.129
26 47 0.004
26 48 0.194
26 57 0.239
26 68 0.135
26 80 0.086
26 28 0.259
26 30 0.229
26 53 0.42
26 55 0.349
26 60 0.017
26 79 0.247
26 96 0.121
26 97 0.1
26 35 0.145
26 39 0.18
26 40 0.129
26 43 0.096
26 56 0.149
26 58 0.146
26 66 0.046
26 72 0.022
26 83 0.13
26 88 0.107
26 98 0.182
26 31 0.146
26 32 0.187
26 33 0.116
26 36 0.099
26 41 0.154
26 42 0.151
26 45 0.132
26 49 0.169
26 51 0.153
26 61 0.121
26 64 0.112
26 71 0.146
26 78 0.171
26 82 0.18
26 86 0.177
26 93 0.146
26 94 0.158
27 65 1
27 76 0.85
27 91 0.739
27 93 0.849
27 47 0.867
27 88 0.783
27 28 0.59
27 41 0.722
27 52 0.758
27 53 0.605
27 71 0.583
27 84 0.12
27 36 0.026
27 42 0.569
27 77 0.223
27 33 0.285
27 48 0.211
27 51 0.278
27 63 0.363
27 59 0.249
27 75 0.111
27 39 0.387
27 43 0.194
27 56 0.116
27 60 0.005
27 72 0.226
27 79 0.166
27 85 0.142
27 96 0.178
27 32 0.18
27 34 0.107
27 37 0.112
27 38 0.233
27 40 0.054
27 44 0.148
27 46 0.147
27 49 0.183
27 61 0.145
27 62 0.097
27 70 0.113
27 89 0.241
27 97 0.078
27 35 0.139
27 50 0.169
27 58 0.094
27 66 0.155
27 68 0.136
27 74 0.12
27 78 0.176
27 81 0.178
27 82 0.203
27 83 0.158
27 98 0.138
27 99 0.166
28 39 0.911
28 55 0.636
28 93 0.251
28 75 0.937
28 64 0.805
28 65 0.066
28 34 0.593
28 76 0.055
28 68 0.109
28 85 0.124
28 88 0.289
28 36 0.319
28 69 0.142
28 72 0.45
28 30 0.271
28 51 0.087
28 54 0.236
28 58 0.238
28 60 0.157
28 66 0.041
28 99 0.224
28 29 0.074
28 38 0.143
28 40 0.146
28 41 0.152
28 47 0.149
28 52 0.147
28 63 0.113
28 79 0.131
28 80 0.165
28 89 0.174
28 92 0.129
28 98 0.166
28 32 0.145
28 33 0.088
28 35 0.218
28 37 0.185
28 43 0.134
28 45 0.165
28 53 0.164
28 59 0.159
28 61 0.133
28 62 0.171
28 70 0.159
28 71 0.177
28 78 0.195
28 81 0.231
28 83 0.133
28 84 0.071
28 86 0.19
28 87 0.124
28 90 0.162
28 91 0.151
28 94 0.154
29 44 0.901
29 49 0.654
29 76 0.846
29 83 0.741
29 32 1
29 85 0.786
29 75 0.993
29 92 0.435
29 74 0.722
29 38 0.232
29 52 0.276
29 72 0.14
29 39 0.275
29 35 0.041
29 88 0.245
29 37 0.208
29 43 0.16
29 63 0.08
29 67 0.06
29 31 0.083
29 34 0.077
29 40 0.307
29 50 0.155
29 64 0.077
29 87 0.012
29 89 0.29
29 91 0.129
29 93 0.112
29 95 0.165
29 30 0.26
29 42 0.151
29 48 0.133
29 51 0.156
29 53 0.353
29 55 0.403
29 56 0.166
29 57 0.159
29 60 0.003
29 61 0.129
29 66 0.152
29 69 0.095
29 70 0.121
29 36 0.1
29 41 0.179
29 45 0.131
29 46 0.127
29 54 0.174
29 58 0.139
29 62 0.107
29 68 0.131
29 71 0.134
29 73 0.136
29 77 0.123
29 79 0.127
29 82 0.151
29 84 0.169
29 86 0.178
29 97 0.152
29 99 0.171
30 35 0.68
30 43 0.917
30 46 0.801
30 37 0.931
30 79 0.753
30 60 0.681
30 93 0.602
30 88 0.124
30 58 0.839
30 49 0.569
30 92 0.084
30 87 0.397
30 44 0.343
30 78 0.426
30 62 0.146
30 82 0.054
30 38 0.301
30 64 0.195
30 66 0.266
30 84 0.234
30 85 0.339
30 86 0.292
30 39 0.197
30 42 0.03
30 53 0.199
30 59 0.237
30 76 0.125
30 81 0.139
30 98 0.215
30 32 0.208
30 33 0.102
30 50 0.157
30 67 0.117
30 71 0.022
30 72 0.126
30 75 0.224
30 89 0.198
30 95 0.124
30 31 0.158
30 47 0.155
30 54 0.12
30 57 0.199
30 68 0.146
30 69 0.136
30 73 0.195
30 90 0.136
30 91 0.166
30 94 0.168
30 96 0.142
30 97 0.162
30 99 0.145
31 33 0.719
31 38 1
31 43 0.933
31 45 0.568
31 47 1
31 49 0.595
31 67 0.803
31 74 0.648
31 75 1
31 54 0.683
31 96 0.651
31 90 0.07
31 95 0.849
31 32 0.01
31 99 0.089
31 56 0.307
31 36 0.185
31 63 0.276
31 92 0.208
31 57 0.04
31 73 0.326
31 87 0.244
31 89 0.173
31 58 0.162
31 66 0.036
31 70 0.024
31 72 0.119
31 79 0.03
31 82 0.222
31 85 0.089
31 98 0.144
31 42 0.112
31 44 0.09
31 50 0.183
31 55 0.073
31 59 0.181
31 68 0.272
31 77 0.175
31 80 0.168
31 81 0.144
31 84 0.163
31 86 0.157
31 94 0.114
31 35 0.171
31 37 0.207
31 41 0.142
31 46 0.079
31 48 0.164
31 61 0.187
31 62 0.129
31 64 0.101
31 65 0.109
31 78 0.141
31 83 0.182
32 45 0.836
32 46 0.96
32 68 0.788
32 76 1
32 83 0.711
32 82 0.177
32 51 0.559
32 79 0.204
32 39 0.107
32 53 0.159
32 97 0.278
32 44 0.167
32 52 0.143
32 33 0.391
32 42 0.209
32 71 0.21
32 84 0.221
32 87 0.357
32 88 0.375
32 99 0.311
32 34 0.091
32 35 0.146
32 54 0.24
32 56 0.249
32 74 0.139
32 85 0.177
32 89 0.353
32 91 0.205
32 95 0.204
32 96 0.048
32 36 0.091
32 38 0.183
32 47 0.08
32 66 0.141
32 72 0.154
32 78 0.076
32 80 0.035
32 81 0.151
32 40 0.199
32 48 0.174
32 49 0.165
32 50 0.141
32 58 0.236
32 62 0.138
32 63 0.184
32 64 0.181
32 67 0.153
32 69 0.09
32 73 0.168
32 86 0.18
32 93 0.181
33 60 0.743
33 66 0.606
33 72 0.996
33 78 0.888
33 85 0.834
33 95 0.454
33 65 0.656
33 44 0.222
33 47 0.536
33 53 0.292
33 58 0.377
33 45 0.197
33 79 0.095
33 62 0.137
33 77 0.278
33 84 0.162
33 49 0.359
33 56 0.289
33 64 0.216
33 67 0.072
33 73 0.062
33 90 0.199
33 92 0.44
33 34 0.074
33 42 0.199
33 46 0.098
33 54 0.172
33 55 0.152
33 68 0.183
33 70 0.32
33 74 0.158
33 75 0.081
33 35 0.106
33 50 0.089
33 57 0.101
33 80 0.159
33 81 0.276
33 94 0.17
33 96 0.062
33 36 0.187
33 37 0.132
33 38 0.205
33 39 0.119
33 40 0.141
33 41 0.138
33 48 0.173
33 51 0.245
33 52 0.169
33 59 0.096
33 61 0.207
33 63 0.146
33 71 0.188
33 83 0.124
33 86 0.21
33 87 0.127
33 91 0.119
33 93 0.174
33 97 0.177
34 39 0.894
34 64 0.834
34 48 1
34 97 0.366
34 73 0.603
34 35 0.471
34 62 0.267
34 77 0.526
34 81 0.33
34 76 0.365
34 78 0.172
34 96 0.008
34 47 0.568
34 61 0.122
34 83 0.185
34 42 0.178
34 50 0.123
34 56 0.129
34 59 0.087
34 71 0.261
34 74 0.085
34 75 0.121
34 79 0.08
34 85 0.424
34 46 0.167
34 51 0.121
34 58 0.136
34 68 0.134
34 69 0.182
34 95 0.324
34 98 0.14
34 41 0.122
34 44 0.171
34 45 0.175
34 60 0.164
34 65 0.172
34 70 0.16
34 80 0.168
34 82 0.146
34 84 0.14
34 88 0.156
34 90 0.142
34 93 0.156
34 99 0.156
35 42 0.946
35 72 0.734
35 82 0.582
35 85 0.848
35 50 0.652
35 87 0.118
35 56 0.601
35 58 0.732
35 40 0.19
35 49 0.287
35 67 0.874
35 76 0.239
35 88 0.22
35 66 0.338
35 70 0.325
35 81 0.446
35 83 0.203
35 38 0.08
35 57 0.156
35 84 0.63
35 60 0.216
35 73 0.174
35 41 0.342
35 78 0.146
35 97 0.296
35 43 0.169
35 48 0.196
35 61 0.195
35 65 0.19
35 77 0.196
35 90 0.155
35 36 0.154
35 46 0.116
35 64 0.154
35 74 0.228
35 75 0.166
35 79 0.156
35 80 0.092
35 86 0.184
35 96 0.105
35 98 0.192
35 99 0.185
36 58 0.934
36 76 0.843
36 91 0.902
36 95 0.951
36 78 0.539
36 45 0.911
36 75 0.558
36 84 0.809
36 40 0.521
36 99 0.275
36 56 0.116
36 68 0.178
36 48 0.671
36 87 0.359
36 54 0.37
36 55 0.543
36 60 0.127
36 97 0.276
36 43 0.065
36 80 0.188
36 92 0.153
36 37 0.329
36 42 0.246
36 63 0.323
36 70 0.295
36 72 0.239
36 74 0.013
36 88 0.133
36 90 0.167
36 93 0.145
36 38 0.117
36 44 0.2
36 46 0.177
36 47 0.201
36 64 0.148
36 65 0.168
36 82 0.159
36 83 0.121
36 96 0.148
36 98 0.179
36 39 0.154
36 51 0.129
36 57 0.173
36 66 0.164
36 67 0.183
36 71 0.144
36 73 0.184
36 79 0.18
36 94 0.144
37 57 0.857
37 71 0.828
37 77 1
37 81 1
37 76 0.962
37 70 0.129
37 46 0.144
37 59 0.174
37 89 0.174
37 38 0.121
37 56 0.625
37 48 0.035
37 54 0.22
37 52 0.24
37 55 0.028
37 58 0.133
37 73 0.052
37 86 0.142
37 87 0.152
37 98 0.062
37 40 0.155
37 51 0.115
37 53 0.187
37 60 0.083
37 63 0.079
37 67 0.014
37 78 0.111
37 94 0.239
37 96 0.33
37 41 0.109
37 69 0.088
37 72 0.111
37 75 0.107
37 80 0.067
37 92 0.21
37 95 0.323
37 39 0.125
37 42 0.116
37 43 0.142
37 44 0.18
37 45 0.159
37 49 0.142
37 61 0.151
37 66 0.173
37 68 0.112
37 74 0.153
37 79 0.16
37 82 0.167
37 83 0.19
37 85 0.122
37 90 0.129
37 91 0.1
37 99 0.139
38 40 1
38 95 1
38 51 0.713
38 49 0.774
38 68 0.961
38 98 0.682
38 44 0.269
38 76 0.097
38 84 0.269
38 53 0.21
38 57 0.13
38 72 0.022
38 48 0.165
38 56 0.107
38 43 0.238
38 62 0.252
38 39 0.184
38 41 0.093
38 47 0.168
38 63 0.358
38 64 0.201
38 82 0.172
38 97 0.202
38 46 0.2
38 50 0.128
38 54 0.147
38 58 0.261
38 66 0.129
38 69 0.183
38 73 0.107
38 86 0.036
38 88 0.083
38 45 0.133
38 52 0.122
38 60 0.117
38 61 0.135
38 67 0.155
38 71 0.157
38 78 0.149
38 79 0.115
38 80 0.165
38 81 0.195
38 89 0.119
38 94 0.194
38 99 0.146
39 51 0.936
39 75 0.905
39 80 0.605
39 97 1
39 90 0.831
39 66 0.738
39 84 0.201
39 50 0.239
39 55 0.127
39 76 0.363
39 48 0.342
39 42 0.491
39 67 0.348
39 73 0.405
39 52 0.247
39 49 0.141
39 53 0.116
39 64 0.006
39 69 0.092
39 87 0.087
39 43 0.165
39 44 0.358
39 96 0.036
39 40 0.205
39 47 0.172
39 58 0.221
39 61 0.129
39 78 0.146
39 82 0.179
39 91 0.115
39 41 0.151
39 45 0.176
39 54 0.143
39 56 0.152
39 57 0.145
39 59 0.133
39 60 0.13
39 62 0.13
39 63 0.132
39 65 0.132
39 70 0.095
39 72 0.101
39 74 0.149
39 77 0.163
39 79 0.169
39 85 0.203
39 98 0.124
40 45 1
40 64 0.849
40 71 1
40 81 0.809
40 92 0.541
40 95 0.963
40 99 1
40 91 0.914
40 60 0.597
40 59 0.329
40 41 0.431
40 44 0.082
40 46 0.194
40 55 0.183
40 86 0.157
40 48 0.119
40 58 0.008
40 79 0.615
40 82 0.012
40 69 0.066
40 70 0.164
40 89 0.116
40 93 0.178
40 96 0.131
40 98 0.09
40 47 0.192
40 53 0.061
40 63 0.074
40 65 0.25
40 72 0.133
40 73 0.059
40 74 0.176
40 80 0.149
40 84 0.135
40 90 0.243
40 43 0.14
40 51 0.112
40 52 0.148
40 54 0.173
40 67 0.176
40 68 0.17
40 76 0.139
40 78 0.172
40 83 0.108
40 87 0.154
40 97 0.124
41 45 0.62
41 49 1
41 52 0.611
41 48 0.871
41 60 0.954
41 46 0.379
41 73 0.643
41 50 0.405
41 58 0.495
41 92 0.242
41 95 0.697
41 54 0.101
41 62 0.839
41 94 0.136
41 91 0.108
41 78 0.662
41 59 0.244
41 69 0.071
41 71 0.092
41 83 0.187
41 85 0.343
41 88 0.082
41 47 0.152
41 53 0.246
41 65 0.063
41 72 0.166
41 82 0.054
41 89 0.053
41 44 0.101
41 67 0.095
41 74 0.119
41 79 0.185
41 81 0.016
41 86 0.19
41 96 0.03
41 42 0.134
41 55 0.146
41 57 0.16
41 63 0.176
41 64 0.123
41 80 0.12
41 90 0.145
41 93 0.166
41 98 0.112
42 66 0.454
42 75 0.769
42 86 0.799
42 87 0.398
42 88 0.705
42 91 0.853
42 93 1
42 89 1
42 73 1
42 97 0.886
42 85 0.618
42 46 0.713
42 99 0.87
42 63 0.59
42 94 0.291
42 58 0.35
42 80 0.165
42 65 0.004
42 79 0.247
42 45 0.19
42 74 0.235
42 51 0.212
42 52 0.084
42 61 0.282
42 62 0.216
42 84 0.133
42 96 0.099
42 98 0.222
42 48 0.281
42 54 0.022
42 56 0.158
42 67 0.249
42 78 0.154
42 81 0.16
42 92 0.045
42 44 0.18
42 50 0.147
42 53 0.123
42 57 0.162
42 68 0.139
42 70 0.178
42 76 0.166
42 77 0.145
42 90 0.144
42 95 0.153
43 52 0.702
43 53 1
43 68 0.879
43 92 0.969
43 98 1
43 87 0.658
43 69 0.746
43 64 0.482
43 45 0.142
43 59 0.355
43 61 0.117
43 72 0.347
43 74 0.076
43 79 0.065
43 46 0.141
43 47 0.242
43 48 0.142
43 65 0.027
43 81 0.443
43 82 0.206
43 88 0.094
43 89 0.15
43 49 0.301
43 63 0.106
43 70 0.266
43 71 0.165
43 90 0.183
43 96 0.193
43 54 0.076
43 56 0.265
43 58 0.082
43 75 0.191
43 77 0.128
43 86 0.145
43 97 0.093
43 44 0.126
43 55 0.148
43 60 0.136
43 62 0.107
43 66 0.137
43 80 0.152
43 83 0.126
43 91 0.207
43 94 0.182
43 95 0.134
43 99 0.148
44 50 1
44 55 0.554
44 56 0.613
44 89 0.916
44 82 0.72
44 52 1
44 47 0.829
44 87 0.17
44 98 0.421
44 91 0.271
44 72 0.246
44 76 0.107
44 85 0.772
44 61 0.174
44 59 0.113
44 65 0.141
44 77 0.045
44 79 0.355
44 93 0.289
44 48 0.149
44 58 0.053
44 60 0.209
44 70 0.079
44 73 0.146
44 78 0.136
44 80 0.177
44 83 0.121
44 90 0.165
44 94 0.165
44 45 0.149
44 46 0.192
44 53 0.175
44 54 0.149
44 62 0.089
44 64 0.134
44 66 0.118
44 67 0.182
44 68 0.115
44 69 0.114
44 74 0.176
44 75 0.123
44 86 0.124
44 92 0.141
44 95 0.137
44 97 0.109
45 46 1
45 50 1
45 74 0.74
45 58 0.961
45 56 0.669
45 48 0.316
45 99 0.176
45 81 0.341
45 84 0.11
45 95 0.096
45 61 0.105
45 65 0.105
45 66 0.032
45 52 0.03
45 71 0.304
45 73 0.176
45 78 0.254
45 92 0.206
45 51 0.252
45 59 0.137
45 64 0.15
45 68 0.02
45 87 0.242
45 91 0.141
45 72 0.121
45 79 0.165
45 80 0.171
45 82 0.278
45 93 0.017
45 94 0.181
45 98 0.126
45 47 0.199
45 49 0.23
45 53 0.148
45 54 0.135
45 60 0.147
45 62 0.108
45 63 0.172
45 67 0.136
45 69 0.178
45 77 0.12
45 83 0.099
45 89 0.162
45 90 0.137
46 50 0.763
46 70 0.85
46 71 0.626
46 75 1
46 80 0.88
46 53 0.745
46 60 0.436
46 79 0.919
46 94 0.747
46 64 0.559
46 47 0.505
46 58 0.624
46 67 0.925
46 89 0.412
46 61 0.227
46 91 0.541
46 48 0.058
46 56 0.483
46 51 0.042
46 52 0.179
46 54 0.11
46 66 0.166
46 72 0.148
46 77 0.156
46 93 0.235
46 95 0.002
46 96 0.115
46 98 0.177
46 99 0.149
46 49 0.159
46 55 0.163
46 57 0.156
46 59 0.113
46 62 0.19
46 63 0.13
46 69 0.158
46 73 0.145
46 74 0.144
46 76 0.153
46 78 0.127
46 81 0.196
46 82 0.205
46 83 0.17
46 84 0.154
46 86 0.131
46 88 0.147
46 90 0.136
47 70 0.81
47 72 1
47 83 0.757
47 88 0.827
47 93 0.84
47 69 1
47 64 0.874
47 96 0.877
47 76 0.443
47 78 0.582
47 80 0.156
47 73 0.721
47 60 0.124
47 59 0.566
47 75 0.486
47 95 0.312
47 62 0.244
47 67 0.257
47 94 0.241
47 51 0.169
47 81 0.171
47 82 0.145
47 91 0.201
47 48 0.131
47 53 0.203
47 56 0.175
47 74 0.189
47 77 0.102
47 84 0.125
47 90 0.244
47 98 0.145
47 50 0.166
47 52 0.142
47 57 0.163
47 61 0.171
47 66 0.137
47 79 0.193
47 86 0.174
47 92 0.181
47 99 0.136
48 55 0.864
48 80 0.521
48 88 0.901
48 62 0.722
48 99 0.551
48 49 0.546
48 84 0.451
48 66 0.494
48 53 0.292
48 96 0.477
48 68 0.196
48 56 0.159
48 97 0.507
48 58 0.247
48 61 0.238
48 67 0.461
48 90 0.103
48 57 0.209
48 70 0.423
48 75 0.078
48 86 0.242
48 87 0.146
48 92 0.328
48 52 0.158
48 60 0.137
48 63 0.157
48 93 0.195
48 94 0.285
48 98 0.114
48 50 0.179
48 59 0.14
48 64 0.13
48 71 0.138
48 74 0.107
48 77 0.145
48 79 0.142
48 81 0.158
48 82 0.18
48 85 0.136
48 89 0.115
48 91 0.242
48 95 0.139
49 51 0.718
49 65 0.789
49 67 0.993
49 77 0.5
49 92 0.724
49 78 0.879
49 53 0.665
49 76 0.88
49 52 0.236
49 63 0.01
49 83 0.522
49 97 0.022
49 50 0.214
49 55 0.068
49 68 0.003
49 86 0.246
49 88 0.21
49 66 0.102
49 54 0.132
49 56 0.245
49 57 0.124
49 64 0.205
49 73 0.176
49 79 0.166
49 82 0.135
49 84 0.178
49 89 0.011
49 94 0.175
49 58 0.177
49 59 0.135
49 61 0.127
49 62 0.184
49 70 0.152
49 71 0.162
49 72 0.143
49 75 0.091
49 80 0.084
49 81 0.102
49 87 0.12
49 95 0.185
49 98 0.12
50 57 0.769
50 77 0.95
50 78 0.827
50 91 0.593
50 62 1
50 55 0.878
50 75 0.169
50 52 0.407
50 71 0.366
50 51 0.34
50 67 0.227
50 70 0.273
50 76 0.291
50 72 0.276
50 86 0.193
50 73 0.137
50 84 0.107
50 56 0.185
50 59 0.181
50 66 0.219
50 68 0.149
50 82 0.029
50 92 0.153
50 98 0.182
50 53 0.149
50 54 0.168
50 58 0.172
50 60 0.113
50 64 0.103
50 65 0.138
50 69 0.193
50 74 0.188
50 80 0.145
50 81 0.102
50 83 0.175
50 85 0.158
50 89 0.196
50 93 0.113
50 94 0.182
50 96 0.162
51 56 0.9
51 70 0.783
51 82 0.987
51 85 1
51 68 0.678
51 63 0.138
51 69 0.243
51 78 0.078
51 55 0.279
51 59 0.095
51 61 0.017
51 54 0.276
51 57 0.15
51 65 0.246
51 74 0.088
51 87 0.162
51 92 0.22
51 94 0.241
51 67 0.144
51 89 0.054
51 73 0.107
51 75 0.053
51 79 0.128
51 84 0.185
51 86 0.079
51 88 0.126
51 91 0.214
51 97 0.144
51 98 0.214
51 53 0.162
51 62 0.136
51 64 0.111
51 72 0.164
51 77 0.138
51 99 0.162
52 57 0.787
52 71 0.799
52 93 0.628
52 84 0.253
52 88 0.135
52 63 0.494
52 64 0.225
52 58 0.065
52 69 0.173
52 82 0.071
52 90 0.308
52 54 0.387
52 76 0.177
52 68 0.267
52 53 0.117
52 72 0.164
52 74 0.202
52 80 0.171
52 92 0.125
52 95 0.085
52 96 0.129
52 60 0.372
52 65 0.199
52 73 0.194
52 77 0.203
52 78 0.153
52 87 0.128
52 94 0.221
52 99 0.149
52 56 0.192
52 59 0.119
52 61 0.147
52 66 0.2
52 67 0.122
52 70 0.135
52 85 0.112
52 89 0.161
52 97 0.198
52 98 0.106
53 88 0.672
53 85 0.799
53 77 0.736
53 95 1
53 57 0.284
53 65 0.329
53 58 0.101
53 81 0.117
53 82 0.047
53 69 0.188
53 71 0.258
53 84 0.239
53 87 0.026
53 90 0.237
53 92 0.05
53 98 0.335
53 54 0.096
53 60 0.112
53 68 0.13
53 73 0.121
53 79 0.097
53 80 0.058
53 86 0.065
53 94 0.048
53 99 0.122
53 55 0.137
53 59 0.188
53 64 0.1
53 67 0.176
53 70 0.135
53 78 0.224
53 83 0.181
53 93 0.206
53 96 0.186
54 61 1
54 84 0.905
54 92 0.849
54 98 0.839
54 81 0.517
54 97 0.616
54 78 0.046
54 80 0.019
54 87 0.195
54 70 0.092
54 72 0.083
54 85 0.128
54 91 0.171
54 55 0.22
54 56 0.128
54 62 0.366
54 75 0.05
54 79 0.204
54 83 0.142
54 88 0.147
54 90 0.177
54 57 0.089
54 58 0.159
54 63 0.122
54 65 0.171
54 67 0.158
54 69 0.172
54 73 0.198
54 74 0.196
54 76 0.131
54 77 0.16
54 82 0.123
54 86 0.129
54 89 0.194
54 93 0.146
54 95 0.119
54 96 0.134
54 99 0.184
55 62 0.747
55 71 0.839
55 72 0.41
55 82 0.921
55 78 0.559
55 91 0.675
55 94 0.218
55 61 0.186
55 66 0.255
55 70 0.371
55 79 0.162
55 88 0.258
55 90 0.102
55 60 0.067
55 64 0.158
55 75 0.216
55 77 0.102
55 56 0.256
55 69 0.075
55 73 0.138
55 74 0.164
55 85 0.419
55 95 0.104
55 57 0.168
55 58 0.238
55 76 0.069
55 87 0.127
55 67 0.158
55 68 0.11
55 80 0.158
55 81 0.214
55 83 0.17
55 89 0.137
55 93 0.228
56 81 0.996
56 62 0.652
56 92 0.564
56 70 0.526
56 89 0.041
56 96 0.441
56 58 0.287
56 59 0.107
56 64 0.327
56 83 0.084
56 93 0.645
56 74 0.131
56 77 0.04
56 82 0.061
56 91 0.181
56 60 0.091
56 79 0.331
56 63 0.111
56 65 0.184
56 66 0.165
56 69 0.126
56 71 0.172
56 72 0.16
56 73 0.103
56 84 0.162
56 86 0.141
56 90 0.161
56 94 0.183
56 95 0.106
56 99 0.168
57 69 0.82
57 73 0.783
57 84 0.271
57 85 0.375
57 61 0.113
57 95 0.176
57 98 0.17
57 99 0.184
57 64 0.016
57 74 0.179
57 76 0.108
57 65 0.291
57 66 0.18
57 80 0.178
57 94 0.105
57 60 0.003
57 63 0.154
57 67 0.076
57 77 0.11
57 91 0.151
57 96 0.193
57 62 0.159
57 75 0.178
57 81 0.121
57 82 0.116
57 83 0.104
57 87 0.172
57 88 0.185
57 97 0.159
58 70 0.794
58 83 1
58 73 0.687
58 63 0.887
58 92 1
58 86 0.576
58 72 0.581
58 98 0.322
58 97 0.288
58 99 0.218
58 71 0.177
58 64 0.068
58 65 0.232
58 74 0.242
58 88 0.126
58 93 0.151
58 77 0.105
58 78 0.004
58 82 0.242
58 95 0.167
58 59 0.16
58 61 0.14
58 66 0.12
58 69 0.075
58 75 0.107
58 84 0.187
58 87 0.1
58 89 0.207
58 90 0.184
58 91 0.138
58 94 0.161
59 70 0.674
59 84 0.955
59 88 1
59 69 0.801
59 64 0.238
59 93 0.078
59 89 0.323
59 95 0.17
59 67 0.63
59 73 0.333
59 81 0.416
59 86 0.511
59 96 0.169
59 97 0.273
59 61 0.059
59 76 0.19
59 77 0.123
59 62 0.131
59 63 0.114
59 74 0.041
59 79 0.076
59 91 0.107
59 71 0.089
59 72 0.147
59 75 0.153
59 83 0.203
59 90 0.138
59 92 0.151
59 94 0.152
59 98 0.149
60 96 0.839
60 86 0.893
60 83 0.381
60 97 0.284
60 64 0.512
60 66 0.311
60 79 0.014
60 65 0.114
60 99 0.097
60 67 0.147
60 78 0.199
60 82 0.042
60 90 0.107
60 61 0.234
60 68 0.145
60 69 0.165
60 71 0.02
60 76 0.133
60 77 0.243
60 85 0.307
60 92 0.088
60 62 0.103
60 73 0.117
60 75 0.178
60 89 0.196
60 91 0.172
60 93 0.184
60 95 0.157
61 89 0.889
61 93 0.621
61 70 0.797
61 67 0.965
61 63 0.878
61 96 0.786
61 92 0.566
61 76 0.184
61 86 0.142
61 78 0.45
61 73 0.126
61 83 0.002
61 64 0.226
61 75 0.106
61 77 0.318
61 88 0.221
61 94 0.064
61 65 0.177
61 68 0.207
61 79 0.154
61 84 0.142
61 95 0.066
61 62 0.2
61 69 0.188
61 71 0.128
61 80 0.11
61 81 0.135
61 82 0.18
61 90 0.156
61 91 0.112
61 97 0.156
62 65 0.767
62 94 0.84
62 66 0.719
62 73 0.496
62 71 0.624
62 78 0.171
62 86 0.172
62 80 0.296
62 81 0.526
62 98 0.607
62 68 0.12
62 79 0.132
62 91 0.159
62 95 0.019
62 97 0.255
62 74 0.137
62 84 0.124
62 90 0.182
62 96 0.21
62 64 0.16
62 72 0.14
62 82 0.116
62 87 0.135
62 88 0.14
62 89 0.108
62 93 0.138
62 99 0.137
63 64 0.866
63 73 0.867
63 82 0.501
63 74 0.273
63 69 0.075
63 78 0.327
63 90 0.29
63 66 0.046
63 72 0.102
63 86 0.266
63 71 0.159
63 83 0.111
63 94 0.372
63 95 0.179
63 85 0.226
63 65 0.265
63 77 0.139
63 80 0.059
63 91 0.046
63 93 0.145
63 68 0.189
63 70 0.15
63 75 0.151
63 76 0.169
63 81 0.175
63 84 0.14
63 87 0.13
63 88 0.146
63 96 0.126
63 97 0.135
63 98 0.182
63 99 0.142
64 66 0.899
64 74 0.982
64 81 0.748
64 93 0.956
64 99 0.31
64 73 0.291
64 80 0.215
64 84 0.35
64 72 0.536
64 67 0.128
64 96 0.032
64 68 0.26
64 70 0.156
64 77 0.123
64 87 0.249
64 91 0.228
64 78 0.072
64 82 0.071
64 90 0.15
64 98 0.276
64 69 0.196
64 71 0.152
64 75 0.14
64 85 0.102
64 86 0.13
64 92 0.127
64 94 0.133
64 97 0.103
65 72 1
65 74 0.99
65 82 0.937
65 87 0.503
65 77 0.547
65 85 0.254
65 96 0.064
65 84 0.174
65 92 0.153
65 94 0.23
65 86 0.25
65 90 0.073
65 91 0.123
65 67 0.169
65 78 0.128
65 79 0.15
65 66 0.119
65 69 0.157
65 70 0.201
65 73 0.134
65 76 0.148
65 81 0.173
65 89 0.158
65 93 0.143
65 95 0.15
65 97 0.129
66 92 0.776
66 97 1
66 87 0.694
66 72 1
66 85 0.554
66 91 0.047
66 95 1
66 77 0.179
66 70 0.274
66 67 0.387
66 68 0.046
66 80 0.194
66 89 0.159
66 96 0.071
66 98 0.169
66 69 0.297
66 71 0.135
66 75 0.292
66 78 0.129
66 79 0.09
66 84 0.238
66 99 0.257
66 74 0.141
66 81 0.148
66 83 0.193
67 96 0.825
67 94 1
67 69 0.141
67 98 0.169
67 70 0.27
67 72 0.184
67 95 0.11
67 76 0.3
67 80 0.206
67 89 0.366
67 90 0.356
67 99 0.029
67 81 0.203
67 75 0.142
67 77 0.143
67 87 0.188
67 88 0.132
67 97 0.215
67 78 0.153
67 79 0.199
67 83 0.066
67 85 0.205
67 86 0.135
67 92 0.204
67 93 0.124
68 83 0.584
68 88 1
68 91 0.612
68 99 0.067
68 75 0.793
68 72 0.573
68 70 0.494
68 71 0.087
68 95 0.155
68 81 0.156
68 84 0.078
68 93 0.058
68 73 0.15
68 74 0.193
68 76 0.172
68 77 0.171
68 82 0.259
68 85 0.023
68 87 0.153
68 97 0.153
68 98 0.073
68 78 0.104
68 79 0.174
68 86 0.176
68 89 0.166
68 94 0.113
69 77 0.994
69 88 0.897
69 75 0.354
69 80 0.147
69 99 0.159
69 98 0.32
69 96 0.044
69 72 0.061
69 70 0.289
69 79 0.155
69 91 0.173
69 71 0.159
69 81 0.237
69 82 0.225
69 86 0.158
69 87 0.158
69 92 0.013
69 94 0.156
69 73 0.144
69 76 0.141
69 78 0.142
69 83 0.165
69 89 0.159
69 90 0.144
69 95 0.128
69 97 0.149
70 89 0.625
70 74 0.604
70 80 0.214
70 95 0.148
70 86 0.061
70 77 0.231
70 90 0.184
70 99 0.149
70 72 0.154
70 73 0.152
70 78 0.134
70 79 0.14
70 83 0.162
70 84 0.146
70 87 0.145
70 91 0.139
70 92 0.207
70 93 0.127
71 88 0.989
71 99 0.889
71 95 0.55
71 81 0.213
71 78 0.135
71 86 0.171
71 90 0.109
71 76 0.257
71 82 0.17
71 89 0.181
71 75 0.081
71 85 0.124
71 87 0.155
71 73 0.101
71 77 0.118
71 84 0.16
71 97 0.174
72 77 0.812
72 83 0.952
72 91 0.516
72 86 0.875
72 95 0.541
72 89 0.2
72 90 0.018
72 85 0.286
72 76 0.168
72 94 0.225
72 97 0.179
72 73 0.146
72 74 0.159
72 75 0.252
72 78 0.152
72 80 0.169
72 81 0.121
72 88 0.146
72 93 0.138
72 96 0.153
72 98 0.125
72 99 0.165
73 95 0.517
73 98 0.901
73 88 0.062
73 82 0.057
73 92 0.506
73 85 0.214
73 91 0.206
73 77 0.293
73 74 0.151
73 81 0.095
73 86 0.376
73 99 0.114
73 75 0.205
73 76 0.166
73 80 0.19
73 83 0.166
73 87 0.188
73 89 0.202
73 94 0.181
73 96 0.144
74 75 0.796
74 82 1
74 89 0.789
74 95 0.621
74 93 0.822
74 94 0.514
74 78 0.254
74 96 0.805
74 84 0.324
74 92 0.089
74 77 0.066
74 99 0.306
74 81 0.078
74 85 0.132
74 90 0.204
74 91 0.196
74 97 0.128
75 83 0.683
75 88 0.605
75 90 0.784
75 91 0.9
75 92 0.661
75 94 0.952
75 96 1
75 89 0.817
75 86 0.005
75 77 0.542
75 81 0.151
75 97 0.205
75 76 0.033
75 98 0.421
75 93 0.154
75 78 0.181
75 79 0.086
75 82 0.212
75 84 0.141
76 80 0.771
76 90 0.71
76 96 0.798
76 77 1
76 91 0.275
76 88 0.065
76 86 0.351
76 84 0.138
76 92 0.227
76 94 0.189
76 98 0.123
76 78 0.177
76 85 0.154
76 87 0.156
76 93 0.086
76 95 0.165
76 97 0.152
77 84 0.708
77 90 0.201
77 85 0.377
77 87 0.227
77 97 0.158
77 98 0.223
77 95 0.372
77 78 0.109
77 79 0.205
77 81 0.201
77 93 0.153
77 96 0.073
77 99 0.094
77 80 0.141
77 82 0.152
77 86 0.186
77 88 0.19
77 89 0.132
77 91 0.214
78 79 0.889
78 99 0.987
78 91 0.848
78 86 0.824
78 88 0.161
78 85 0.52
78 81 0.141
78 96 0.205
78 95 0.167
78 97 0.113
78 80 0.165
78 82 0.155
78 89 0.127
78 90 0.148
78 92 0.168
78 93 0.19
78 94 0.152
78 98 0.065
79 82 0.903
79 91 0.527
79 98 0.72
79 83 0.156
79 89 0.285
79 92 0.286
79 99 0.199
79 81 0.162
79 88 0.113
79 94 0.153
79 80 0.128
79 85 0.165
79 97 0.098
80 97 0.924
80 92 0.621
80 98 0.104
80 84 0.204
80 85 0.002
80 87 0.268
80 90 0.316
80 83 0.128
80 91 0.217
80 93 0.09
80 94 0.187
80 95 0.17
80 81 0.11
80 82 0.148
80 96 0.188
81 88 0.816
81 99 0.947
81 82 0.815
81 84 0.364
81 98 0.121
81 83 0.62
81 94 0.089
81 96 0.211
81 86 0.338
81 97 0.188
81 89 0.162
81 90 0.181
82 89 0.889
82 97 0.989
82 90 0.986
82 95 0.206
82 94 0.923
82 85 0.24
82 88 0.181
82 92 0.286
82 98 0.155
82 83 0.118
82 87 0.461
82 84 0.141
82 91 0.128
82 93 0.103
82 99 0.108
83 94 0.693
83 90 0.603
83 98 0.156
83 84 0.05
83 85 0.111
83 92 0.108
83 89 0.199
83 96 0.252
83 97 0.201
83 99 0.125
83 86 0.149
83 87 0.138
83 93 0.179
84 90 0.376
84 86 0.23
84 93 0.271
84 85 0.019
84 92 0.243
84 87 0.138
84 99 0.244
84 89 0.164
84 95 0.142
85 86 0.862
85 96 0.95
85 99 0.58
85 90 0.945
85 91 0.9
85 97 0.094
85 94 0.163
85 88 0.188
85 87 0.147
85 89 0.15
86 95 0.451
86 93 0.252
86 98 0.018
86 90 0.163
86 88 0.252
86 89 0.031
86 91 0.169
86 94 0.273
86 96 0.176
86 99 0.104
87 93 0.901
87 96 0.681
87 90 0.814
87 94 0.157
87 91 0.386
87 99 0.108
87 88 0.151
87 89 0.142
87 92 0.138
87 95 0.11
88 93 0.69
88 97 0.478
88 90 0.23
88 91 0.174
88 94 0.147
88 92 0.135
88 89 0.158
88 95 0.169
88 98 0.143
88 99 0.105
89 92 0.173
89 96 0.244
89 98 0.339
89 93 0.171
89 90 0.144
89 94 0.183
89 97 0.203
90 98 0.662
90 99 0.701
90 94 0.87
90 91 0.544
90 92 0.749
90 96 0.19
90 93 0.29
90 95 0.141
90 97 0.14
91 94 0.781
91 92 0.092
91 97 0.122
91 99 0.145
91 96 0.101
92 98 0.084
92 97 0.096
92 93 0.076
92 99 0.188
93 94 0.674
93 99 0.704
93 98 0.176
93 95 0.154
93 96 0.151
93 97 0.229
94 96 0.355
94 95 0.243
94 98 0.171
94 97 0.169
94 99 0.162
95 97 0.989
95 96 0.246
95 98 0.145
95 99 0.208
96 99 0.194
97 99 0.1
97 98 0.152
98 99 1
