0 46 0.633
0 29 0.651
0 33 0.599
0 21 0.359
0 1 0.099
0 15 0.211
0 43 0.209
0 2 0.145
0 5 0.28
0 31 0.101
0 41 0.107
0 18 0.177
0 27 0.059
0 13 0.176
0 38 0.147
0 16 0.165
0 24 0.19
0 30 0.185
0 34 0.518
0 11 0.127
0 23 0.141
0 28 0.181
0 32 0.13
0 37 0.208
0 40 0.122
0 44 0.125
0 48 0.094
0 3 0.162
0 4 0.19
0 6 0.115
0 8 0.143
0 9 0.159
0 12 0.174
0 22 0.107
0 36 0.162
0 39 0.169
0 45 0.147
0 49 0.14
1 10 1
1 2 0.182
1 26 0.175
1 41 0.128
1 13 0.176
1 5 0.04
1 23 0.217
1 48 0.272
1 27 0.148
1 29 0.211
1 35 0.131
1 7 0.36
1 21 0.03
1 34 0.035
1 16 0.184
1 28 0.164
1 30 0.107
1 42 0.058
1 49 0.124
1 37 0.151
1 45 0.161
1 47 0.142
1 4 0.161
1 6 0.15
1 9 0.127
1 11 0.141
1 12 0.124
1 15 0.178
1 17 0.091
1 18 0.133
1 24 0.167
1 46 0.162
2 6 0.965
2 28 0.786
2 16 0.145
2 17 0.155
2 14 0.048
2 33 0.166
2 8 0.229
2 42 0.106
2 22 0.269
2 27 0.117
2 29 0.021
2 43 0.079
2 9 0.1
2 38 0.155
2 11 0.157
2 13 0.188
2 24 0.161
2 35 0.176
2 40 0.142
2 41 0.088
2 46 0.155
2 4 0.113
2 5 0.134
2 7 0.142
2 10 0.128
2 12 0.126
2 15 0.15
2 19 0.172
2 20 0.153
2 21 0.167
2 37 0.2
2 39 0.135
2 47 0.109
2 48 0.116
2 49 0.112
3 22 0.941
3 28 0.589
3 48 0.12
3 31 0.208
3 10 0.093
3 19 0.153
3 24 0.141
3 25 0.119
3 26 0.229
3 30 0.145
3 7 0.202
3 9 0.078
3 21 0.172
3 29 0.259
3 43 0.292
3 44 0.119
3 8 0.164
3 27 0.197
3 32 0.173
3 45 0.3
3 5 0.132
3 6 0.154
3 14 0.124
3 23 0.112
3 47 0.158
3 4 0.224
3 11 0.159
3 15 0.147
3 18 0.101
3 20 0.143
3 33 0.109
3 34 0.164
3 35 0.115
3 36 0.103
3 37 0.191
3 42 0.143
3 46 0.155
3 49 0.139
4 14 1
4 13 0.683
4 37 0.199
4 34 0.3
4 36 0.228
4 40 0.141
4 12 0.02
4 46 0.088
4 21 0.36
4 25 0.154
4 9 0.02
4 7 0.065
4 18 0.136
4 23 0.214
4 35 0.329
4 44 0.285
4 45 0.203
4 17 0.189
4 26 0.185
4 15 0.103
4 20 0.17
4 22 0.064
4 28 0.079
4 32 0.178
4 42 0.124
4 48 0.142
4 5 0.147
4 16 0.133
4 19 0.155
4 24 0.18
4 30 0.183
4 33 0.113
4 39 0.081
4 41 0.147
4 43 0.163
4 49 0.195
5 18 1
5 17 0.542
5 40 0.86
5 23 0.745
5 31 0.766
5 49 0.114
5 46 0.053
5 15 0.258
5 32 0.141
5 14 0.259
5 41 0.105
5 13 0.156
5 16 0.174
5 21 0.086
5 24 0.052
5 19 0.204
5 8 0.119
5 10 0.125
5 26 0.015
5 29 0.208
5 45 0.086
5 48 0.025
5 20 0.189
5 22 0.162
5 33 0.165
5 35 0.162
5 11 0.138
5 12 0.158
5 30 0.198
5 39 0.084
5 43 0.108
5 47 0.165
6 29 0.703
6 37 0.544
6 8 0.193
6 25 0.253
6 26 0.208
6 19 0.279
6 32 0.08
6 10 0.2
6 22 0.085
6 24 0.263
6 12 0.138
6 13 0.135
6 18 0.266
6 31 0.195
6 34 0.092
6 36 0.084
6 43 0.111
6 46 0.259
6 7 0.272
6 9 0.216
6 11 0.451
6 15 0.164
6 21 0.311
6 33 0.167
6 40 0.055
6 42 0.101
6 14 0.194
6 16 0.118
6 17 0.181
6 20 0.182
6 30 0.157
6 35 0.097
6 38 0.149
6 39 0.187
6 45 0.165
7 37 0.603
7 14 0.236
7 18 0.15
7 21 0.118
7 19 0.179
7 27 0.024
7 47 0.62
7 8 0.154
7 32 0.219
7 36 0.071
7 49 0.281
7 43 0.139
7 44 0.126
7 45 0.135
7 10 0.188
7 11 0.237
7 15 0.103
7 16 0.148
7 25 0.127
7 28 0.208
7 29 0.26
7 38 0.143
7 42 0.149
7 12 0.15
7 22 0.141
7 26 0.211
7 46 0.143
7 48 0.01
7 13 0.172
7 20 0.082
7 31 0.134
7 33 0.218
7 34 0.122
8 35 0.787
8 11 0.085
8 36 0.145
8 22 0.143
8 49 0.168
8 39 0.382
8 24 0.142
8 38 0.214
8 25 0.054
8 27 0.173
8 32 0.198
8 34 0.146
8 40 0.187
8 43 0.107
8 9 0.233
8 12 0.077
8 26 0.146
8 31 0.142
8 44 0.319
8 13 0.118
8 16 0.141
8 23 0.18
8 45 0.046
8 47 0.109
8 10 0.147
8 15 0.172
8 17 0.13
8 19 0.159
8 20 0.163
8 21 0.175
8 28 0.114
8 29 0.2
8 37 0.101
8 41 0.149
8 42 0.156
8 48 0.114
9 34 0.735
9 23 0.224
9 12 0.204
9 11 0.183
9 32 0.093
9 38 0.172
9 41 0.363
9 46 0.077
9 48 0.171
9 16 0.041
9 28 0.163
9 37 0.045
9 49 0.21
9 13 0.132
9 24 0.135
9 31 0.174
9 33 0.169
9 35 0.398
9 36 0.17
9 42 0.127
9 15 0.17
9 18 0.104
9 20 0.167
9 21 0.157
9 26 0.16
9 27 0.137
9 29 0.167
9 30 0.192
9 39 0.16
9 40 0.159
9 44 0.161
9 45 0.121
10 41 0.896
10 37 0.346
10 32 0.201
10 36 0.145
10 13 0.195
10 16 0.01
10 44 0.18
10 49 0.036
10 24 0.159
10 34 0.111
10 40 0.17
10 42 0.125
10 45 0.153
10 47 0.148
10 48 0.173
10 12 0.166
10 14 0.215
10 19 0.156
10 20 0.095
10 23 0.11
10 30 0.335
10 33 0.148
10 21 0.126
10 28 0.138
10 29 0.163
10 39 0.117
10 43 0.155
10 46 0.182
11 43 0.61
11 35 0.2
11 37 0.147
11 13 0.347
11 32 0.227
11 41 0.432
11 14 0.129
11 19 0.173
11 25 0.153
11 31 0.216
11 34 0.085
11 42 0.193
11 12 0.123
11 18 0.132
11 46 0.156
11 27 0.191
11 28 0.111
11 29 0.112
11 36 0.163
11 38 0.145
11 39 0.14
11 49 0.156
11 15 0.121
11 16 0.148
11 17 0.16
11 26 0.151
11 33 0.092
11 40 0.147
11 45 0.195
11 47 0.162
12 37 0.743
12 13 0.03
12 46 0.118
12 28 0.181
12 22 0.174
12 35 0.167
12 43 0.085
12 25 0.279
12 31 0.158
12 40 0.01
12 48 0.182
12 18 0.127
12 19 0.141
12 27 0.188
12 44 0.066
12 47 0.13
12 15 0.187
12 16 0.141
12 17 0.172
12 23 0.155
12 29 0.152
12 30 0.17
12 33 0.174
12 34 0.157
12 38 0.16
12 42 0.173
13 23 1
13 15 0.626
13 40 0.111
13 24 0.379
13 47 0.236
13 17 0.133
13 22 0.193
13 18 0.234
13 30 0.329
13 31 0.159
13 34 0.16
13 25 0.062
13 32 0.243
13 35 0.277
13 42 0.305
13 43 0.151
13 49 0.084
13 20 0.145
13 27 0.127
13 28 0.179
13 33 0.161
13 37 0.115
13 38 0.114
13 14 0.153
13 36 0.173
13 41 0.124
13 44 0.176
14 24 0.807
14 40 0.093
14 16 0.317
14 30 0.124
14 20 0.216
14 27 0.343
14 28 0.033
14 46 0.152
14 21 0.238
14 29 0.209
14 31 0.164
14 33 0.15
14 17 0.178
14 22 0.181
14 35 0.129
14 37 0.102
14 15 0.085
14 18 0.218
14 19 0.189
14 23 0.151
14 34 0.164
14 38 0.149
14 43 0.137
14 44 0.143
14 45 0.125
14 47 0.147
15 24 0.96
15 47 0.804
15 31 1
15 39 0.105
15 32 0.14
15 37 0.029
15 41 0.085
15 23 0.181
15 28 0.102
15 25 0.355
15 33 0.112
15 36 0.134
15 18 0.091
15 27 0.163
15 43 0.151
15 45 0.153
15 48 0.154
15 49 0.112
15 19 0.116
15 20 0.19
15 21 0.171
15 30 0.199
15 34 0.107
15 38 0.151
15 42 0.175
16 41 0.54
16 42 0.09
16 18 0.194
16 21 0.234
16 44 0.197
16 39 0.165
16 45 0.166
16 20 0.152
16 22 0.189
16 30 0.195
16 32 0.09
16 36 0.176
16 37 0.157
16 47 0.168
16 49 0.178
16 24 0.193
16 25 0.178
16 26 0.148
16 28 0.123
16 31 0.186
16 33 0.151
16 35 0.194
16 40 0.111
16 43 0.12
17 43 1
17 25 0.982
17 29 0.483
17 49 0.175
17 19 0.122
17 26 0.155
17 40 0.128
17 22 0.231
17 20 0.179
17 31 0.096
17 35 0.009
17 37 0.292
17 44 0.11
17 18 0.14
17 23 0.169
17 27 0.176
17 30 0.106
17 33 0.198
17 34 0.145
17 39 0.213
17 42 0.106
17 45 0.129
17 46 0.13
17 47 0.168
17 48 0.089
18 43 0.097
18 45 0.507
18 37 0.238
18 24 0.275
18 31 0.181
18 47 0.131
18 48 0.025
18 22 0.189
18 29 0.122
18 42 0.15
18 23 0.125
18 25 0.161
18 26 0.127
18 27 0.128
18 34 0.054
18 36 0.164
18 46 0.157
18 20 0.166
18 21 0.135
18 28 0.153
18 30 0.144
18 32 0.18
18 38 0.185
18 39 0.113
18 40 0.148
18 49 0.132
19 41 0.83
19 44 0.978
19 39 0.849
19 28 0.762
19 42 0.048
19 48 0.515
19 36 0.067
19 25 0.168
19 31 0.163
19 33 0.12
19 22 0.164
19 27 0.112
19 30 0.151
19 40 0.118
19 24 0.388
19 29 0.183
19 35 0.202
19 38 0.158
19 20 0.162
19 26 0.162
19 34 0.196
19 37 0.147
19 45 0.156
19 47 0.18
20 34 0.561
20 23 0.217
20 35 0.077
20 40 0.139
20 26 0.142
20 27 0.321
20 30 0.243
20 39 0.145
20 21 0.138
20 22 0.17
20 33 0.247
20 36 0.148
20 48 0.137
20 32 0.109
20 37 0.128
20 38 0.162
20 42 0.095
20 43 0.167
20 44 0.209
20 45 0.153
20 47 0.179
21 29 0.14
21 30 0.048
21 44 0.356
21 47 0.311
21 46 0.234
21 49 0.238
21 28 0.038
21 39 0.166
21 42 0.07
21 45 0.151
21 24 0.166
21 25 0.181
21 26 0.173
21 32 0.161
21 41 0.109
21 22 0.151
21 23 0.173
21 27 0.091
21 34 0.185
21 35 0.142
21 36 0.17
21 37 0.119
21 40 0.138
21 48 0.131
22 29 0.805
22 48 0.981
22 46 0.844
22 36 0.287
22 42 0.069
22 38 0.149
22 39 0.108
22 44 0.145
22 47 0.355
22 26 0.079
22 25 0.138
22 37 0.184
22 43 0.108
22 28 0.143
22 32 0.001
22 34 0.123
22 40 0.153
22 41 0.102
22 24 0.12
22 30 0.146
22 31 0.184
23 29 0.606
23 34 0.641
23 45 0.322
23 26 0.143
23 24 0.014
23 32 0.141
23 46 0.038
23 49 0.34
23 31 0.178
23 35 0.209
23 28 0.109
23 33 0.028
23 36 0.26
23 44 0.191
23 48 0.174
23 25 0.131
23 30 0.153
23 39 0.166
23 40 0.08
23 42 0.138
23 47 0.126
24 40 0.866
24 31 0.199
24 42 0.186
24 43 0.285
24 29 0.19
24 33 0.122
24 35 0.084
24 44 0.159
24 26 0.146
24 39 0.106
24 46 0.132
24 25 0.176
24 28 0.139
24 30 0.126
24 36 0.129
24 37 0.154
24 38 0.187
24 41 0.166
24 45 0.164
24 47 0.229
25 39 0.705
25 33 0.191
25 41 0.201
25 45 0.205
25 47 0.013
25 29 0.12
25 31 0.111
25 40 0.278
25 32 0.162
25 34 0.174
25 42 0.14
25 26 0.147
25 30 0.139
25 35 0.125
25 36 0.136
25 37 0.177
25 38 0.168
25 43 0.114
25 46 0.179
25 49 0.113
26 32 0.586
26 49 0.192
26 48 0.184
26 28 0.23
26 36 0.288
26 31 0.182
26 33 0.1
26 38 0.222
26 39 0.114
26 42 0.115
26 47 0.157
26 29 0.179
26 30 0.109
26 35 0.124
26 37 0.154
26 40 0.152
26 43 0.151
27 33 0.143
27 48 0.618
27 30 0.15
27 38 0.164
27 45 0.009
27 35 0.116
27 41 0.164
27 46 0.158
27 28 0.124
27 29 0.145
27 31 0.128
27 39 0.077
27 42 0.155
27 43 0.134
27 44 0.155
27 47 0.097
27 49 0.154
28 35 1
28 43 1
28 45 0.052
28 31 0.145
28 30 0.233
28 49 0.119
28 36 0.299
28 38 0.15
28 46 0.122
28 47 0.326
28 32 0.162
28 34 0.113
29 34 0.657
29 31 0.264
29 49 0.254
29 39 0.227
29 46 0.261
29 38 0.053
29 40 0.327
29 48 0.227
29 42 0.155
29 45 0.134
29 30 0.124
29 32 0.139
29 33 0.156
29 41 0.139
29 35 0.176
29 36 0.193
29 43 0.159
29 44 0.124
29 47 0.157
30 35 0.789
30 33 0.093
30 44 0.031
30 36 0.12
30 47 0.126
30 48 0.21
30 34 0.152
30 38 0.189
30 39 0.13
30 41 0.172
30 42 0.189
30 43 0.145
30 45 0.21
30 49 0.139
31 47 0.781
31 33 1
31 32 0.105
31 38 0.103
31 36 0.111
31 40 0.155
31 42 0.198
31 39 0.121
31 46 0.103
31 48 0.149
32 47 0.016
32 33 0.076
32 36 0.101
32 40 0.112
32 35 0.163
32 45 0.37
32 41 0.105
32 42 0.127
32 43 0.19
32 44 0.117
32 48 0.177
32 49 0.213
33 45 0.81
33 49 0.277
33 38 0.021
33 37 0.338
33 41 0.155
33 39 0.084
33 46 0.181
33 35 0.112
33 36 0.158
33 40 0.16
33 44 0.182
33 47 0.157
33 48 0.134
34 45 0.569
34 42 0.305
34 40 0.033
34 49 0.29
34 39 0.315
34 35 0.154
34 41 0.202
34 43 0.179
34 37 0.198
34 46 0.145
35 38 0.846
35 47 0.54
35 48 0.504
35 41 0.062
35 43 0.184
35 36 0.284
35 39 0.152
35 40 0.208
35 42 0.194
35 44 0.144
35 45 0.194
35 49 0.214
36 44 0.423
36 45 0.111
36 47 0.193
36 39 0.119
36 43 0.165
36 46 0.228
36 48 0.162
36 37 0.116
36 38 0.143
36 40 0.127
36 41 0.095
37 43 0.25
37 41 0.15
37 45 0.136
37 48 0.208
37 40 0.129
37 39 0.179
37 42 0.138
37 44 0.114
37 46 0.165
38 49 0.423
38 40 0.22
38 47 0.137
38 43 0.195
38 44 0.139
38 45 0.152
38 39 0.125
38 42 0.137
38 48 0.118
38 41 0.222
38 46 0.125
39 42 0.125
39 47 0.143
39 40 0.141
39 45 0.174
39 44 0.088
39 46 0.161
39 49 0.147
39 41 0.13
39 43 0.194
39 48 0.186
40 43 0.961
40 49 0.231
40 41 0.024
40 47 0.189
40 48 0.134
40 42 0.176
40 44 0.119
40 45 0.123
40 46 0.138
41 42 0.085
41 45 0.137
41 47 0.198
41 49 0.246
41 43 0.05
41 48 0.202
41 44 0.149
41 46 0.188
42 48 0.137
42 46 0.29
42 43 0.134
42 45 0.119
42 47 0.153
43 46 0.088
43 48 0.362
43 44 0.24
43 45 0.168
43 49 0.238
44 46 0.098
44 45 0.111
44 48 0.133
44 49 0.126
45 48 0.098
45 49 0.146
45 46 0.133
45 47 0.148
46 49 0.169
46 48 0.302
46 47 0.134
47 49 0.302
47 48 0.113
