0 46 0.971
0 29 0.767
0 34 0.617
0 35 0.584
0 5 0.033
0 2 0.037
0 4 0.301
0 25 0.356
0 7 0.162
0 19 0.166
0 20 0.187
0 37 0.058
0 40 0.093
0 1 0.12
0 9 0.109
0 11 0.119
0 12 0.177
0 18 0.153
0 23 0.117
0 24 0.117
0 26 0.185
0 27 0.114
0 28 0.194
0 30 0.11
0 32 0.131
0 33 0.164
0 38 0.175
0 41 0.114
0 44 0.143
0 47 0.109
1 10 1
1 25 0.176
1 13 0.272
1 4 0.156
1 9 0.409
1 15 0.303
1 43 0.079
1 2 0.118
1 5 0.157
1 12 0.144
1 19 0.192
1 22 0.177
1 41 0.131
1 44 0.102
1 48 0.169
1 3 0.148
1 6 0.137
1 8 0.194
1 14 0.098
1 16 0.182
1 17 0.137
1 20 0.142
1 26 0.181
1 30 0.163
1 31 0.161
1 33 0.151
1 39 0.131
1 42 0.111
1 46 0.169
1 47 0.121
2 6 1
2 28 0.902
2 20 0.639
2 35 0.241
2 5 0.237
2 30 0.023
2 46 0.146
2 7 0.148
2 15 0.099
2 27 0.188
2 29 0.173
2 38 0.133
2 4 0.116
2 9 0.125
2 10 0.165
2 12 0.125
2 13 0.076
2 19 0.151
2 26 0.129
2 39 0.114
2 41 0.111
2 45 0.134
2 47 0.118
3 22 0.984
3 28 0.96
3 4 0.17
3 45 0.084
3 49 0.119
3 14 0.149
3 15 0.142
3 18 0.148
3 35 0.145
3 39 0.22
3 7 0.229
3 9 0.124
3 10 0.098
3 12 0.152
3 19 0.144
3 23 0.165
3 25 0.151
3 31 0.145
3 32 0.157
3 36 0.159
3 38 0.192
3 40 0.133
3 41 0.126
3 43 0.19
3 44 0.136
3 47 0.158
4 14 0.762
4 36 0.144
4 20 0.137
4 43 0.039
4 22 0.136
4 42 0.004
4 45 0.161
4 46 0.166
4 48 0.242
4 49 0.132
4 5 0.162
4 9 0.165
4 12 0.141
4 13 0.153
4 18 0.149
4 25 0.156
4 26 0.13
4 28 0.138
4 30 0.104
4 31 0.118
4 33 0.128
4 34 0.156
4 37 0.188
4 38 0.183
4 41 0.163
4 47 0.095
5 18 1
5 12 0.668
5 23 0.164
5 25 0.269
5 37 0.135
5 45 0.195
5 22 0.144
5 26 0.233
5 33 0.176
5 36 0.162
5 44 0.176
5 47 0.053
5 6 0.157
5 15 0.167
5 16 0.134
5 20 0.122
5 21 0.131
5 28 0.156
5 29 0.129
5 31 0.139
5 40 0.148
5 41 0.152
5 42 0.11
5 49 0.131
6 29 0.943
6 11 0.906
6 9 0.129
6 15 0.385
6 22 0.041
6 7 0.27
6 32 0.058
6 34 0.168
6 21 0.058
6 43 0.138
6 46 0.168
6 8 0.14
6 12 0.119
6 14 0.135
6 19 0.148
6 23 0.115
6 24 0.146
6 25 0.134
6 27 0.14
6 31 0.18
6 37 0.166
6 38 0.145
6 39 0.118
6 45 0.133
6 48 0.152
7 47 0.63
7 16 0.103
7 13 0.157
7 41 0.126
7 44 0.153
7 20 0.152
7 38 0.114
7 9 0.193
7 12 0.131
7 15 0.165
7 19 0.193
7 23 0.159
7 25 0.138
7 28 0.133
7 29 0.177
7 30 0.162
7 31 0.198
7 39 0.183
7 43 0.157
7 49 0.183
8 35 0.553
8 44 0.595
8 32 0.169
8 13 0.143
8 16 0.162
8 20 0.169
8 26 0.145
8 47 0.154
8 10 0.162
8 12 0.133
8 15 0.178
8 21 0.14
8 22 0.209
8 24 0.137
8 25 0.106
8 31 0.106
8 33 0.175
8 34 0.185
8 36 0.177
8 42 0.192
8 46 0.171
9 34 0.773
9 27 0.155
9 16 0.109
9 17 0.113
9 12 0.159
9 13 0.22
9 20 0.142
9 22 0.151
9 33 0.157
9 10 0.206
9 15 0.143
9 18 0.169
9 19 0.156
9 26 0.078
9 30 0.145
9 32 0.11
9 35 0.131
9 38 0.217
9 39 0.115
9 41 0.124
9 43 0.119
9 44 0.163
9 49 0.166
10 41 0.812
10 27 0.561
10 26 0.129
10 12 0.188
10 22 0.153
10 34 0.106
10 37 0.104
10 38 0.124
10 18 0.138
10 21 0.143
10 24 0.09
10 25 0.176
10 28 0.157
10 29 0.146
10 30 0.134
10 36 0.176
10 42 0.117
10 43 0.225
10 44 0.182
10 46 0.15
10 47 0.166
10 49 0.113
11 20 0.278
11 41 0.124
11 32 0.23
11 15 0.167
11 16 0.152
11 23 0.125
11 25 0.01
11 29 0.166
11 45 0.253
11 12 0.118
11 17 0.161
11 21 0.109
11 24 0.217
11 30 0.11
11 36 0.185
11 37 0.112
11 40 0.172
11 43 0.148
11 49 0.216
12 37 0.586
12 23 0.09
12 13 0.122
12 14 0.08
12 32 0.185
12 40 0.136
12 48 0.137
12 20 0.144
12 21 0.177
12 24 0.17
12 25 0.19
12 26 0.144
12 28 0.125
12 29 0.152
12 30 0.124
12 36 0.145
12 43 0.149
12 44 0.147
12 49 0.149
13 23 1
13 15 0.917
13 14 0.112
13 18 0.023
13 24 0.209
13 27 0.13
13 28 0.195
13 29 0.113
13 37 0.097
13 40 0.195
13 42 0.136
13 16 0.15
13 20 0.166
13 22 0.136
13 25 0.139
13 26 0.198
13 30 0.172
13 32 0.17
13 34 0.098
13 35 0.143
13 36 0.152
13 43 0.214
13 49 0.122
14 24 0.558
14 29 0.723
14 39 0.05
14 26 0.182
14 49 0.085
14 17 0.154
14 20 0.25
14 27 0.188
14 28 0.115
14 30 0.173
14 32 0.2
14 38 0.165
14 41 0.173
14 44 0.12
15 24 1
15 47 0.634
15 31 0.962
15 20 0.134
15 26 0.078
15 16 0.082
15 18 0.158
15 19 0.147
15 30 0.101
15 34 0.122
15 37 0.174
15 41 0.178
15 42 0.151
15 44 0.145
15 46 0.216
15 48 0.153
16 31 0.078
16 20 0.171
16 34 0.12
16 17 0.125
16 18 0.175
16 22 0.147
16 23 0.181
16 24 0.101
16 26 0.179
16 28 0.113
16 29 0.126
16 37 0.112
16 38 0.145
16 39 0.169
16 40 0.196
16 41 0.199
16 42 0.115
16 45 0.093
16 47 0.109
17 43 0.787
17 25 0.733
17 42 0.165
17 49 0.046
17 37 0.169
17 46 0.116
17 18 0.163
17 20 0.14
17 23 0.183
17 28 0.129
17 33 0.166
17 35 0.112
17 38 0.108
17 41 0.12
17 45 0.076
17 48 0.145
18 48 0.132
18 21 0.128
18 32 0.145
18 35 0.136
18 20 0.163
18 28 0.178
18 30 0.14
18 37 0.157
18 41 0.083
18 43 0.172
18 45 0.145
18 46 0.177
18 47 0.135
18 49 0.152
19 41 0.976
19 44 1
19 39 1
19 28 1
19 48 0.57
19 43 0.743
19 32 0.169
19 20 0.035
19 35 0.14
19 34 0.165
19 21 0.168
19 22 0.141
19 26 0.132
19 30 0.184
19 40 0.118
19 49 0.144
20 25 0.174
20 26 0.179
20 27 0.21
20 45 0.221
20 30 0.087
20 49 0.106
20 21 0.16
20 31 0.177
20 35 0.118
20 40 0.227
20 48 0.141
21 38 0.623
21 23 0.065
21 29 0.194
21 39 0.133
21 25 0.224
21 26 0.132
21 28 0.212
21 33 0.167
21 42 0.171
21 43 0.148
21 24 0.162
21 34 0.142
21 41 0.144
21 44 0.208
21 49 0.145
22 29 0.87
22 48 0.623
22 46 1
22 34 0.114
22 24 0.26
22 33 0.058
22 30 0.126
22 31 0.114
22 32 0.155
22 36 0.192
22 37 0.161
22 41 0.16
22 49 0.097
23 34 0.841
23 39 0.034
23 25 0.169
23 44 0.181
23 26 0.156
23 45 0.105
23 48 0.171
23 27 0.151
23 28 0.101
23 29 0.13
23 33 0.15
23 46 0.159
23 49 0.106
24 40 0.787
24 47 0.956
24 38 0.859
24 29 0.159
24 46 0.142
24 33 0.144
24 32 0.206
24 35 0.149
24 39 0.156
24 43 0.197
24 48 0.149
24 25 0.075
24 26 0.142
24 28 0.192
24 31 0.125
24 34 0.163
24 36 0.207
25 39 0.609
25 34 0.138
25 38 0.088
25 27 0.15
25 31 0.17
25 32 0.17
25 33 0.121
25 35 0.162
25 36 0.217
25 41 0.173
25 42 0.132
25 45 0.077
25 46 0.194
25 47 0.16
25 48 0.17
25 49 0.134
26 48 0.128
26 37 0.128
26 28 0.168
26 36 0.177
26 43 0.2
26 45 0.078
26 29 0.101
26 30 0.157
26 31 0.19
26 38 0.143
26 41 0.144
26 44 0.095
26 46 0.171
26 49 0.116
27 43 0.182
27 29 0.111
27 33 0.146
27 36 0.158
27 39 0.075
27 41 0.128
27 31 0.153
27 32 0.155
27 37 0.145
27 45 0.185
27 49 0.137
28 35 0.226
28 42 0.207
28 33 0.255
28 34 0.17
28 46 0.161
28 29 0.173
28 32 0.199
28 36 0.17
28 37 0.1
28 38 0.132
28 40 0.186
28 49 0.149
29 34 0.792
29 40 0.926
29 46 0.119
29 43 0.11
29 49 0.12
29 33 0.155
29 35 0.142
29 36 0.161
29 39 0.147
29 41 0.138
29 42 0.107
29 44 0.173
29 47 0.07
30 35 0.437
30 42 0.162
30 45 0.282
30 38 0.114
30 40 0.131
30 41 0.079
30 43 0.189
30 33 0.177
30 44 0.128
30 46 0.161
30 47 0.152
31 47 0.94
31 33 0.731
31 34 0.098
31 35 0.211
31 41 0.122
31 44 0.169
31 46 0.141
31 32 0.129
31 36 0.188
31 40 0.119
31 48 0.141
32 35 0.133
32 37 0.13
32 49 0.154
32 38 0.114
32 41 0.149
32 33 0.197
32 34 0.172
32 40 0.154
32 42 0.155
32 44 0.144
32 46 0.124
33 45 0.886
33 41 0.132
33 44 0.173
33 35 0.161
33 36 0.158
33 39 0.123
33 42 0.155
33 48 0.177
34 43 0.573
34 47 0.256
34 42 0.122
34 48 0.156
34 36 0.131
34 38 0.131
34 39 0.154
34 40 0.182
34 41 0.165
34 45 0.141
35 38 0.745
35 47 0.547
35 39 0.122
35 43 0.134
35 36 0.113
35 37 0.135
35 41 0.113
35 44 0.189
35 45 0.148
36 39 0.167
36 38 0.163
36 43 0.096
36 45 0.151
36 48 0.144
37 38 0.132
37 47 0.13
37 40 0.116
37 41 0.148
37 43 0.163
37 44 0.132
37 46 0.145
38 39 0.263
38 43 0.183
38 41 0.136
38 48 0.218
38 49 0.135
39 48 0.151
39 43 0.111
39 45 0.164
39 40 0.141
39 44 0.148
40 43 0.568
40 48 0.18
40 41 0.162
40 45 0.133
40 49 0.114
41 49 0.21
41 42 0.131
41 43 0.175
41 45 0.128
41 48 0.185
42 48 0.185
42 44 0.199
42 49 0.184
43 48 0.19
43 44 0.121
43 47 0.196
45 46 0.126
45 47 0.111
45 49 0.184
46 48 0.149
46 49 0.122
48 49 0.168
