0 26 0.587
0 39 0.689
0 30 1
0 48 0.408
0 10 0.07
0 3 0.153
0 28 0.381
0 47 0.298
0 43 0.398
0 13 0.151
0 19 0.021
0 8 0.187
0 9 0.191
0 33 0.141
0 35 0.229
0 41 0.172
0 46 0.142
1 28 0.414
1 48 1
1 38 1
1 44 0.824
1 40 0.549
1 46 0.473
1 42 1
1 2 0.278
1 12 0.038
1 29 0.517
1 22 0.137
1 3 0.008
1 33 0.169
1 36 0.171
1 41 0.124
1 10 0.12
1 11 0.121
1 21 0.125
1 32 0.118
1 49 0.194
1 16 0.175
2 19 0.944
2 34 0.843
2 27 0.737
2 8 0.12
2 4 0.045
2 46 0.336
2 12 0.17
2 44 0.168
2 3 0.164
2 14 0.209
2 23 0.118
2 33 0.153
2 38 0.128
3 27 1
3 39 0.817
3 44 0.649
3 24 0.868
3 30 1
3 8 1
3 37 1
3 49 0.779
3 14 0.434
3 6 0.232
3 15 0.124
3 9 0.201
3 18 0.246
3 48 0.165
3 25 0.34
3 34 0.115
3 41 0.108
3 5 0.168
3 12 0.17
3 23 0.171
3 35 0.228
3 16 0.146
3 19 0.127
3 22 0.222
3 33 0.132
4 9 0.764
4 20 0.665
4 27 0.509
4 42 1
4 15 0.209
4 19 0.051
4 10 0.371
4 34 0.121
4 16 0.289
4 28 0.048
4 39 0.181
4 46 0.151
4 7 0.213
5 23 1
5 25 0.82
5 39 0.928
5 43 1
5 13 1
5 41 0.069
5 18 0.178
5 48 0.155
5 47 0.331
5 22 0.154
5 6 0.144
5 14 0.175
5 26 0.105
5 32 0.151
5 35 0.161
5 49 0.178
6 26 1
6 45 0.691
6 18 0.14
6 8 0.445
6 27 0.32
6 40 0.199
6 41 0.155
6 25 0.071
6 20 0.243
6 12 0.149
7 25 1
7 27 0.63
7 21 0.962
7 47 0.679
7 13 0.882
7 35 0.957
7 20 0.965
7 22 0.918
7 49 0.364
7 23 0.31
7 17 0.251
7 10 0.186
7 39 0.268
7 16 0.068
7 43 0.119
7 11 0.16
7 26 0.197
7 37 0.161
8 22 0.962
8 10 0.699
8 30 0.719
8 12 0.815
8 36 0.46
8 16 0.739
8 11 0.145
8 17 0.21
8 47 0.131
8 9 0.163
8 19 0.391
8 20 0.165
8 31 0.153
9 28 0.915
9 26 0.964
9 18 0.668
9 43 0.764
9 24 0.605
9 49 0.831
9 47 0.735
9 30 0.295
9 39 0.194
9 37 0.175
9 19 0.115
9 20 0.227
9 11 0.133
9 17 0.171
9 44 0.132
10 31 0.903
10 21 0.811
10 49 0.788
10 20 0.601
10 47 0.945
10 34 0.79
10 22 0.185
10 44 0.169
10 40 0.176
10 25 0.057
10 45 0.501
10 13 0.247
10 48 0.157
10 29 0.178
10 32 0.142
10 46 0.208
11 26 0.962
11 47 0.46
11 38 0.824
11 48 0.624
11 36 0.595
11 25 0.682
11 33 1
11 39 0.868
11 35 0.012
11 32 0.435
11 43 0.128
11 13 0.172
11 41 0.131
11 15 0.158
11 21 0.13
11 23 0.128
12 35 0.772
12 39 1
12 21 0.211
12 27 1
12 45 0.567
12 29 1
12 41 0.678
12 44 1
12 30 0.787
12 24 0.205
12 43 0.241
12 26 0.22
12 28 0.266
12 13 0.131
12 25 0.127
12 33 0.13
12 42 0.161
12 47 0.161
13 35 0.961
13 40 0.547
13 20 0.771
13 24 0.123
13 49 0.167
13 23 0.18
13 34 0.178
13 38 0.115
14 30 0.564
14 35 0.767
14 36 1
14 47 0.974
14 41 0.903
14 46 0.951
14 37 0.959
14 26 0.288
14 17 0.127
14 45 0.199
14 24 0.115
14 49 0.229
14 19 0.132
15 42 0.926
15 31 0.713
15 43 1
15 38 1
15 39 0.789
15 45 0.147
15 40 0.143
15 22 0.11
15 21 0.114
15 35 0.146
15 44 0.177
15 46 0.13
16 18 0.873
16 20 0.973
16 24 0.98
16 23 0.99
16 35 0.736
16 46 0.895
16 44 1
16 38 0.035
16 21 0.14
17 20 0.901
17 43 0.834
17 30 0.722
17 18 0.94
17 38 0.814
17 44 0.775
17 35 0.796
17 24 0.655
17 25 0.419
17 26 0.187
17 33 0.287
17 29 0.292
17 45 0.125
17 46 0.274
17 47 0.319
17 19 0.155
17 23 0.136
17 21 0.172
18 32 0.678
18 21 0.691
18 24 0.261
18 22 0.023
18 48 0.073
18 27 0.151
18 30 0.103
18 23 0.142
18 29 0.112
19 46 1
19 28 0.121
19 32 0.414
19 26 0.309
19 44 0.134
19 25 0.053
19 37 0.176
19 49 0.025
19 21 0.149
19 23 0.168
19 47 0.197
20 33 1
20 45 1
20 41 0.782
20 37 0.649
20 34 0.158
20 39 0.187
20 21 0.148
20 23 0.146
20 35 0.173
20 40 0.189
20 44 0.177
20 47 0.172
21 40 0.127
21 44 0.201
21 48 0.124
21 26 0.179
21 35 0.164
22 43 1
22 41 1
22 23 0.883
22 46 0.858
22 49 0.886
22 32 0.611
22 38 0.82
22 31 0.539
22 39 0.075
22 29 0.164
22 37 0.114
22 40 0.162
23 44 0.723
23 42 0.728
23 30 0.675
23 27 1
23 41 0.839
23 25 0.29
23 31 0.191
23 35 0.075
23 37 0.205
23 32 0.158
23 24 0.111
23 40 0.013
23 45 0.076
23 49 0.152
23 38 0.153
23 48 0.184
24 44 0.638
24 48 0.189
24 46 0.179
24 40 0.138
24 43 0.128
25 32 0.802
25 34 0.711
25 44 0.817
25 27 0.991
25 45 0.107
25 39 0.155
25 43 0.112
25 49 0.187
26 42 0.917
26 48 0.848
26 33 1
26 45 0.614
26 29 0.196
26 38 0.137
26 41 0.188
27 48 0.952
27 35 0.808
27 40 0.861
27 44 0.053
27 34 0.128
28 29 0.842
28 46 0.859
28 38 0.925
28 30 0.105
28 31 0.075
28 40 0.112
28 49 0.228
28 33 0.184
29 46 1
29 43 0.712
29 35 0.101
29 39 0.167
29 49 0.197
30 46 0.841
30 48 0.816
30 34 0.954
30 35 0.391
30 43 0.338
30 44 0.024
30 31 0.145
31 43 1
31 44 0.801
31 48 1
31 42 0.987
31 49 0.024
32 45 0.577
32 42 0.662
32 43 0.222
32 34 0.186
32 36 0.162
32 46 0.114
33 42 0.312
33 40 0.149
33 45 0.19
33 49 0.167
34 46 0.706
34 41 1
34 39 0.71
34 40 0.725
34 36 0.132
34 48 0.149
35 37 0.938
35 43 0.173
35 49 0.152
35 42 0.202
35 44 0.128
35 41 0.165
35 46 0.151
35 48 0.12
36 42 0.112
37 40 0.753
37 44 0.867
37 47 0.737
37 48 0.859
37 46 0.895
37 49 0.902
37 41 1
37 43 0.222
38 45 0.285
38 43 0.184
39 43 0.861
40 46 0.922
41 49 1
42 46 0.142
43 46 0.231
44 47 0.718
45 47 0.731
45 46 0.401
46 48 0.787
48 49 0.194
