0 26 0.551
0 39 0.571
0 30 0.793
0 23 0.152
0 33 0.148
0 34 0.108
0 5 0.175
0 6 0.156
0 12 0.125
0 16 0.221
0 19 0.207
0 38 0.167
0 40 0.145
0 41 0.111
0 42 0.167
0 44 0.116
0 48 0.165
1 48 1
1 38 0.98
1 44 0.939
1 40 0.557
1 42 0.8
1 21 0.197
1 34 0.137
1 46 0.121
1 4 0.147
1 6 0.132
1 16 0.203
1 20 0.198
1 22 0.204
1 24 0.123
1 26 0.128
1 30 0.132
2 19 0.845
2 34 0.845
2 27 0.561
2 5 0.185
2 6 0.146
2 8 0.196
2 13 0.138
2 17 0.159
2 24 0.178
2 25 0.144
2 26 0.131
2 38 0.152
2 41 0.175
3 27 0.879
3 39 0.846
3 44 0.747
3 24 0.783
3 30 0.945
3 8 0.868
3 37 0.911
3 49 0.67
3 28 0.163
3 19 0.16
3 7 0.096
3 9 0.176
3 10 0.189
3 14 0.156
3 17 0.171
3 18 0.177
3 21 0.188
3 22 0.18
3 23 0.138
3 25 0.159
3 32 0.115
3 41 0.163
3 42 0.089
3 43 0.116
3 45 0.167
4 9 0.522
4 20 0.693
4 42 1
4 44 0.187
4 5 0.19
4 6 0.228
4 8 0.183
4 14 0.163
4 16 0.147
4 22 0.121
4 23 0.129
4 24 0.124
4 25 0.169
4 28 0.191
4 29 0.082
4 35 0.172
4 38 0.151
4 47 0.162
4 48 0.183
5 23 0.928
5 25 0.909
5 39 0.557
5 43 0.886
5 13 0.732
5 8 0.2
5 45 0.185
5 11 0.2
5 12 0.155
5 15 0.193
5 16 0.133
5 18 0.162
5 19 0.166
5 22 0.134
5 28 0.154
5 35 0.155
5 36 0.172
5 41 0.153
5 47 0.132
6 26 0.919
6 45 0.648
6 24 0.135
6 44 0.144
6 8 0.189
6 43 0.083
6 10 0.166
6 11 0.154
6 15 0.157
6 19 0.139
6 20 0.136
6 27 0.105
6 28 0.146
6 29 0.201
6 30 0.144
6 32 0.144
6 34 0.215
6 36 0.139
6 38 0.122
6 42 0.199
6 47 0.164
6 48 0.173
6 49 0.164
7 25 0.878
7 27 0.777
7 21 1
7 47 0.853
7 13 0.885
7 35 1
7 20 0.977
7 22 0.85
7 16 0.113
7 46 0.167
7 15 0.137
7 17 0.117
7 30 0.129
7 33 0.138
7 36 0.138
7 39 0.099
7 42 0.084
7 43 0.127
8 22 0.987
8 10 1
8 30 0.591
8 12 0.906
8 16 0.86
8 26 0.133
8 36 0.144
8 11 0.15
8 17 0.056
8 24 0.184
8 28 0.151
8 27 0.236
8 31 0.16
8 44 0.187
9 28 1
9 26 0.676
9 43 0.908
9 24 0.659
9 49 0.755
9 47 0.885
9 27 0.144
9 30 0.137
9 12 0.174
9 13 0.166
9 17 0.145
9 19 0.112
9 35 0.191
9 38 0.142
9 39 0.151
9 40 0.123
9 44 0.135
9 45 0.123
9 48 0.173
10 31 0.907
10 21 0.811
10 20 0.626
10 47 0.969
10 34 0.898
10 45 0.574
10 39 0.154
10 11 0.19
10 15 0.134
10 19 0.107
10 25 0.148
10 27 0.155
10 28 0.177
10 29 0.181
10 33 0.15
10 36 0.157
10 40 0.118
10 41 0.104
10 43 0.199
10 44 0.153
10 46 0.167
11 26 0.951
11 38 0.7
11 25 0.767
11 33 0.966
11 39 0.822
11 21 0.128
11 20 0.117
11 22 0.121
11 24 0.143
11 31 0.171
11 32 0.174
11 47 0.139
11 49 0.153
12 35 1
12 39 0.96
12 27 0.983
12 45 0.544
12 29 0.9
12 44 1
12 30 0.607
12 13 0.184
12 37 0.197
12 14 0.127
12 16 0.161
12 17 0.143
12 19 0.184
12 21 0.146
12 32 0.162
12 33 0.139
12 34 0.12
13 35 0.971
13 40 0.549
13 20 0.747
13 16 0.175
13 29 0.157
13 34 0.216
13 21 0.093
13 24 0.196
13 25 0.139
13 32 0.148
13 33 0.155
13 38 0.156
13 41 0.17
13 42 0.147
13 46 0.143
13 47 0.214
14 30 0.671
14 35 0.777
14 36 0.962
14 47 0.941
14 41 0.936
14 46 0.77
14 37 0.766
14 16 0.106
14 19 0.237
14 34 0.157
14 40 0.191
14 42 0.111
14 45 0.169
15 42 1
15 31 0.66
15 43 0.814
15 38 1
15 39 0.857
15 45 0.136
15 16 0.131
15 22 0.188
15 17 0.176
15 18 0.121
15 24 0.165
15 26 0.095
15 29 0.142
15 30 0.156
15 32 0.091
15 33 0.166
15 34 0.158
15 37 0.189
15 40 0.221
15 41 0.126
15 46 0.175
15 47 0.116
15 48 0.083
15 49 0.121
16 18 0.81
16 20 0.994
16 24 0.884
16 23 0.924
16 35 0.727
16 46 0.912
16 44 0.84
16 25 0.194
16 31 0.174
16 17 0.16
16 27 0.108
16 30 0.168
16 34 0.102
16 41 0.144
16 42 0.124
16 45 0.128
16 48 0.158
17 20 0.766
17 43 0.864
17 30 0.723
17 18 0.784
17 38 0.824
17 44 0.65
17 35 0.993
17 24 0.559
17 27 0.15
17 36 0.146
17 37 0.112
17 29 0.156
17 33 0.199
17 40 0.16
17 46 0.158
17 49 0.156
18 32 0.682
18 21 0.662
18 24 0.749
18 35 0.24
18 19 0.1
18 23 0.17
18 25 0.091
18 36 0.146
18 37 0.179
18 38 0.2
18 39 0.191
18 44 0.156
18 45 0.189
18 49 0.136
19 46 0.94
19 32 0.617
19 22 0.159
19 40 0.131
19 24 0.15
19 25 0.125
19 28 0.135
19 29 0.186
19 37 0.141
19 38 0.158
19 41 0.207
19 42 0.185
19 48 0.2
20 33 0.717
20 45 0.83
20 41 1
20 37 0.632
20 44 0.136
20 25 0.191
20 29 0.139
20 32 0.152
20 35 0.107
20 48 0.135
20 49 0.13
21 41 0.136
21 23 0.11
21 26 0.17
21 27 0.153
21 28 0.218
21 29 0.168
21 32 0.145
21 35 0.079
21 38 0.208
21 39 0.114
21 43 0.136
21 46 0.179
22 43 0.927
22 41 1
22 23 0.938
22 46 0.617
22 49 0.774
22 32 0.621
22 38 0.755
22 35 0.098
22 29 0.104
22 30 0.121
22 33 0.124
22 34 0.197
22 36 0.153
22 39 0.097
22 45 0.125
22 48 0.126
23 44 0.532
23 42 0.728
23 30 0.961
23 27 0.866
23 41 0.905
23 33 0.128
23 36 0.105
23 46 0.156
23 25 0.175
23 28 0.205
23 29 0.154
23 34 0.113
23 37 0.153
23 40 0.169
23 43 0.12
24 44 0.825
24 28 0.126
24 36 0.138
24 38 0.136
24 41 0.118
24 43 0.116
25 34 0.517
25 44 0.809
25 27 0.762
25 40 0.143
25 48 0.142
25 31 0.127
25 36 0.187
25 37 0.167
25 38 0.16
25 42 0.118
25 43 0.114
26 42 0.93
26 48 0.851
26 33 1
26 36 0.149
26 38 0.126
26 29 0.144
26 40 0.181
26 43 0.141
26 45 0.19
27 48 0.866
27 35 0.807
27 40 0.931
27 38 0.12
27 28 0.109
27 29 0.169
27 33 0.195
27 34 0.235
27 42 0.157
27 43 0.172
28 29 0.608
28 46 0.827
28 38 0.964
28 48 0.177
28 33 0.143
28 35 0.128
28 36 0.184
28 37 0.156
28 40 0.119
28 41 0.164
28 43 0.15
28 44 0.097
29 46 0.882
29 43 0.712
29 31 0.188
29 30 0.184
29 34 0.152
29 35 0.148
29 44 0.165
29 45 0.096
29 49 0.145
30 46 0.98
30 48 1
30 34 0.846
30 31 0.135
30 32 0.2
30 37 0.16
30 39 0.115
30 40 0.189
31 43 0.953
31 44 1
31 48 1
31 42 1
31 33 0.102
31 34 0.191
31 40 0.09
31 46 0.167
32 45 0.608
32 42 0.65
32 36 0.51
32 48 0.139
32 35 0.151
32 37 0.132
32 38 0.117
32 41 0.147
32 43 0.206
32 49 0.179
33 42 0.648
33 41 0.187
33 49 0.156
33 35 0.12
33 37 0.093
34 46 0.706
34 41 1
34 39 0.628
34 38 0.134
34 35 0.118
34 36 0.105
34 44 0.158
35 37 1
35 42 0.172
35 39 0.148
35 45 0.099
35 48 0.144
35 49 0.137
36 41 0.114
36 38 0.139
36 43 0.143
36 44 0.126
36 45 0.211
36 47 0.168
36 49 0.168
37 40 0.874
37 44 0.801
37 47 0.801
37 48 0.702
37 46 1
37 49 0.915
37 41 1
37 39 0.179
37 42 0.158
38 46 0.227
38 48 0.176
38 41 0.171
39 43 1
39 42 0.141
39 41 0.141
39 46 0.182
39 48 0.108
40 46 0.711
40 45 0.191
40 42 0.172
40 44 0.156
40 49 0.141
41 49 0.666
41 46 0.193
41 42 0.144
41 43 0.122
41 48 0.169
42 46 0.139
42 48 0.144
44 47 0.598
44 45 0.111
44 49 0.186
45 47 0.893
45 46 0.722
45 48 0.183
46 48 0.772
48 49 0.067
