0 13 0.734
0 12 0.738
0 21 0.585
0 1 0.914
0 15 1
0 17 0.009
0 8 0.146
0 39 0.164
0 9 0.172
0 48 0.254
0 3 0.173
0 18 0.055
0 19 0.124
0 29 0.149
0 35 0.126
0 41 0.18
0 43 0.148
0 45 0.131
0 49 0.154
0 2 0.145
0 7 0.112
0 10 0.125
0 11 0.153
0 16 0.136
0 20 0.232
0 23 0.087
0 25 0.107
0 31 0.153
0 33 0.144
0 34 0.096
0 36 0.161
0 40 0.19
0 44 0.162
0 46 0.118
1 9 0.915
1 46 0.538
1 39 0.112
1 2 0.138
1 8 0.173
1 29 0.174
1 37 0.151
1 45 0.088
1 3 0.178
1 5 0.188
1 6 0.153
1 17 0.124
1 18 0.152
1 21 0.168
1 28 0.155
1 36 0.107
1 42 0.167
1 43 0.151
1 47 0.15
1 48 0.159
2 11 0.862
2 39 0.989
2 7 0.659
2 44 0.725
2 34 0.87
2 4 0.702
2 42 1
2 16 0.532
2 13 0.579
2 31 0.129
2 47 0.159
2 5 0.133
2 8 0.189
2 15 0.138
2 21 0.187
2 29 0.173
2 32 0.191
2 33 0.171
2 38 0.184
2 49 0.18
2 3 0.097
2 9 0.167
2 17 0.142
2 20 0.152
2 23 0.153
2 24 0.139
2 26 0.111
2 27 0.17
2 41 0.161
2 45 0.167
2 46 0.134
3 24 0.227
3 35 0.159
3 6 0.13
3 15 0.151
3 5 0.205
3 12 0.199
3 20 0.129
3 33 0.162
3 34 0.139
3 42 0.168
3 8 0.134
3 9 0.176
3 11 0.156
3 13 0.143
3 18 0.15
3 23 0.13
3 26 0.207
3 27 0.158
3 28 0.136
3 31 0.13
3 38 0.145
3 44 0.159
3 48 0.147
4 19 0.98
4 36 0.838
4 20 0.866
4 13 1
4 17 0.15
4 26 0.182
4 38 0.134
4 15 0.178
4 45 0.089
4 47 0.053
4 8 0.126
4 9 0.211
4 11 0.144
4 16 0.111
4 21 0.125
4 23 0.15
4 31 0.181
4 35 0.143
4 37 0.175
4 40 0.127
4 43 0.099
5 8 0.806
5 34 0.928
5 25 0.813
5 14 0.53
5 41 0.136
5 23 0.214
5 44 0.153
5 32 0.157
5 39 0.227
5 6 0.131
5 9 0.115
5 12 0.129
5 13 0.124
5 26 0.148
5 35 0.173
5 36 0.302
5 47 0.181
5 11 0.143
5 16 0.141
5 20 0.148
5 22 0.138
5 24 0.164
5 29 0.097
5 30 0.147
5 31 0.143
5 37 0.125
5 48 0.163
5 49 0.182
6 28 0.793
6 9 0.166
6 26 0.144
6 34 0.164
6 39 0.101
6 8 0.163
6 36 0.184
6 48 0.142
6 10 0.152
6 16 0.172
6 18 0.107
6 19 0.143
6 21 0.115
6 22 0.154
6 24 0.179
6 27 0.083
6 29 0.164
6 30 0.143
6 32 0.154
6 37 0.149
6 42 0.157
6 44 0.156
6 45 0.13
6 47 0.155
6 49 0.176
7 47 1
7 20 0.738
7 32 0.717
7 22 0.222
7 34 0.102
7 8 0.167
7 38 0.15
7 15 0.111
7 21 0.181
7 31 0.121
7 33 0.151
7 46 0.197
7 14 0.145
7 24 0.152
7 25 0.121
7 28 0.165
7 35 0.059
7 36 0.233
7 37 0.186
7 43 0.171
7 48 0.114
7 49 0.171
8 24 0.509
8 43 1
8 17 0.681
8 44 0.088
8 21 0.206
8 26 0.103
8 27 0.147
8 29 0.173
8 31 0.137
8 38 0.131
8 46 0.088
8 12 0.164
8 14 0.16
8 23 0.161
8 25 0.168
8 28 0.164
8 33 0.148
8 34 0.134
8 37 0.189
8 49 0.182
9 19 0.53
9 44 0.24
9 12 0.133
9 25 0.132
9 27 0.195
9 16 0.179
9 32 0.075
9 33 0.157
9 43 0.194
9 47 0.146
9 48 0.169
9 11 0.155
9 13 0.158
9 15 0.163
9 20 0.163
9 24 0.158
9 26 0.115
9 29 0.174
9 31 0.159
9 34 0.163
9 36 0.193
9 38 0.125
10 37 1
10 17 1
10 49 0.122
10 36 0.147
10 14 0.153
10 15 0.129
10 22 0.184
10 29 0.138
10 32 0.164
10 33 0.12
10 48 0.139
10 20 0.131
10 21 0.147
10 25 0.127
10 26 0.18
10 27 0.08
10 28 0.197
10 30 0.125
10 34 0.173
10 35 0.169
10 42 0.205
10 43 0.173
10 44 0.153
10 46 0.129
10 47 0.103
11 39 0.92
11 19 0.837
11 40 1
11 43 0.706
11 30 1
11 21 0.11
11 24 0.177
11 38 0.104
11 46 0.154
11 14 0.159
11 15 0.14
11 17 0.121
11 22 0.126
11 32 0.204
11 35 0.132
11 36 0.15
11 41 0.166
11 18 0.123
11 23 0.145
11 26 0.18
11 27 0.2
11 31 0.151
11 45 0.15
12 14 0.954
12 31 0.959
12 49 0.586
12 24 0.056
12 36 0.164
12 16 0.155
12 19 0.127
12 33 0.196
12 34 0.08
12 39 0.142
12 45 0.127
12 47 0.13
12 15 0.183
12 25 0.183
12 27 0.119
12 30 0.149
12 32 0.137
12 38 0.167
12 44 0.122
12 46 0.158
12 48 0.21
13 18 0.7
13 35 0.099
13 39 0.135
13 40 0.099
13 27 0.174
13 32 0.258
13 15 0.177
13 17 0.123
13 20 0.116
13 23 0.15
13 26 0.071
13 30 0.155
13 31 0.142
13 43 0.122
13 45 0.11
13 46 0.115
13 47 0.137
14 24 1
14 23 0.761
14 26 0.732
14 20 0.134
14 25 0.191
14 33 0.095
14 45 0.101
14 15 0.135
14 18 0.16
14 19 0.153
14 22 0.23
14 28 0.129
14 29 0.118
14 31 0.199
14 32 0.132
14 34 0.141
14 39 0.208
14 41 0.166
14 42 0.164
14 49 0.109
15 29 1
15 45 0.768
15 38 0.168
15 31 0.188
15 16 0.166
15 26 0.192
15 24 0.183
15 40 0.118
15 41 0.144
15 43 0.145
15 19 0.161
15 25 0.113
15 28 0.102
15 36 0.115
15 44 0.123
15 47 0.177
16 18 0.118
16 36 0.159
16 39 0.129
16 26 0.141
16 27 0.154
16 34 0.164
16 49 0.118
16 19 0.168
16 20 0.128
16 22 0.141
16 24 0.102
16 33 0.119
16 37 0.183
16 38 0.185
16 43 0.161
16 44 0.149
16 46 0.162
17 28 0.864
17 25 0.931
17 21 0.983
17 41 0.081
17 46 0.158
17 48 0.173
17 20 0.127
17 22 0.153
17 24 0.168
17 26 0.173
17 29 0.187
17 30 0.149
17 31 0.121
17 34 0.134
17 36 0.129
17 37 0.13
17 39 0.121
17 44 0.203
17 45 0.097
17 47 0.11
18 30 0.985
18 43 0.891
18 40 0.961
18 49 0.946
18 28 0.687
18 22 0.973
18 20 0.152
18 41 0.2
18 24 0.093
18 25 0.111
18 26 0.194
18 31 0.14
18 32 0.125
18 34 0.137
18 39 0.147
18 44 0.109
19 25 0.907
19 23 0.214
19 35 0.088
19 45 0.13
19 44 0.122
19 27 0.141
19 30 0.108
19 33 0.176
19 40 0.151
19 20 0.153
19 21 0.149
19 29 0.137
19 31 0.198
19 36 0.103
19 37 0.124
19 39 0.167
19 41 0.086
19 43 0.15
19 47 0.191
19 49 0.164
20 49 0.968
20 21 1
20 24 0.187
20 26 0.158
20 36 0.154
20 41 0.175
20 22 0.134
20 39 0.133
20 45 0.145
20 25 0.124
20 29 0.216
20 30 0.195
20 32 0.187
20 34 0.196
20 37 0.14
20 40 0.106
20 42 0.174
20 44 0.058
20 47 0.187
21 24 0.999
21 30 0.805
21 23 0.153
21 38 0.184
21 22 0.152
21 25 0.053
21 28 0.125
21 31 0.179
21 35 0.114
21 41 0.146
21 44 0.164
21 26 0.143
21 29 0.147
21 32 0.134
21 34 0.201
21 37 0.156
21 39 0.243
21 42 0.135
21 43 0.185
21 46 0.187
21 48 0.103
21 49 0.175
22 40 0.637
22 27 0.148
22 23 0.14
22 30 0.166
22 36 0.152
22 44 0.171
22 26 0.113
22 28 0.106
22 34 0.113
22 38 0.161
22 39 0.173
22 46 0.192
22 48 0.196
22 49 0.143
23 31 0.872
23 24 0.826
23 30 0.926
23 49 0.903
23 29 0.149
23 33 0.15
23 37 0.146
23 38 0.175
23 42 0.183
23 43 0.137
23 44 0.033
23 47 0.125
23 25 0.183
23 27 0.175
23 35 0.212
23 36 0.095
23 41 0.16
23 46 0.209
24 29 0.682
24 30 0.166
24 37 0.133
24 25 0.118
24 45 0.101
24 32 0.048
24 46 0.123
24 47 0.137
24 48 0.167
24 28 0.176
24 31 0.161
24 33 0.16
24 34 0.157
24 38 0.133
24 41 0.122
24 44 0.131
25 48 0.893
25 33 0.111
25 43 0.182
25 26 0.13
25 27 0.149
25 31 0.156
25 30 0.151
25 32 0.185
25 34 0.132
25 39 0.163
25 40 0.151
25 44 0.148
26 39 0.608
26 38 0.926
26 29 1
26 43 0.113
26 44 0.16
26 36 0.148
26 45 0.159
26 46 0.158
26 48 0.221
26 27 0.139
26 28 0.16
26 35 0.161
27 45 0.844
27 47 0.924
27 35 0.134
27 33 0.135
27 28 0.327
27 37 0.101
27 43 0.152
27 29 0.13
27 31 0.174
27 32 0.145
27 34 0.145
27 39 0.155
27 40 0.203
27 48 0.179
28 35 0.755
28 44 0.883
28 43 0.142
28 31 0.164
28 42 0.143
28 45 0.194
28 47 0.166
28 29 0.146
28 36 0.156
28 40 0.189
28 48 0.118
28 49 0.126
29 32 0.891
29 49 0.171
29 39 0.167
29 42 0.164
29 47 0.159
29 31 0.094
29 35 0.116
29 36 0.171
29 48 0.163
30 34 0.943
30 49 0.158
30 39 0.131
30 32 0.149
30 42 0.127
30 45 0.17
31 34 0.127
31 36 0.251
31 45 0.136
31 32 0.102
31 35 0.182
31 39 0.156
31 40 0.135
31 41 0.157
31 44 0.116
31 46 0.106
32 33 0.079
32 35 0.177
32 38 0.045
32 43 0.171
32 49 0.101
32 36 0.182
32 37 0.091
32 46 0.224
33 40 0.904
33 34 1
33 43 0.577
33 36 0.153
33 46 0.002
33 39 0.107
33 41 0.2
33 42 0.12
33 47 0.138
33 48 0.14
33 49 0.157
34 44 1
34 37 0.134
34 41 0.153
34 48 0.149
34 39 0.213
34 49 0.092
35 37 0.182
35 38 0.163
35 42 0.136
35 36 0.139
35 39 0.173
35 41 0.143
36 48 0.112
36 38 0.154
36 46 0.147
36 37 0.141
36 39 0.153
36 40 0.192
36 45 0.182
37 38 0.105
37 43 0.158
37 46 0.202
37 39 0.123
37 41 0.17
37 47 0.167
37 48 0.089
38 49 1
38 39 0.895
38 40 0.129
38 41 0.162
38 44 0.132
38 45 0.127
38 47 0.141
38 48 0.183
39 44 0.838
39 49 0.912
39 40 0.161
39 46 0.143
39 45 0.181
39 48 0.137
40 48 0.126
40 43 0.241
40 47 0.137
40 41 0.136
40 44 0.137
41 48 0.15
41 47 0.153
41 49 0.119
42 49 0.673
42 44 0.14
42 47 0.169
42 48 0.188
43 44 0.167
43 48 0.162
43 49 0.123
44 45 0.16
44 48 0.116
44 49 0.177
45 46 1
45 47 0.116
45 49 0.098
46 49 0.074
46 47 0.194
46 48 0.124
47 48 0.152
47 49 0.149
