0 13 1
0 1 0.893
0 15 0.819
0 8 0.992
0 26 0.896
0 22 0.856
0 25 0.917
0 47 0.711
0 23 0.755
0 14 0.878
0 43 0.632
0 19 0.731
0 29 0.776
0 32 0.814
0 35 0.998
0 10 0.978
0 2 0.508
0 33 0.872
0 36 0.094
0 49 0.125
0 3 0.563
0 18 0.091
0 6 0.229
0 11 0.17
0 7 0.151
0 31 0.1
0 37 0.093
0 45 0.107
0 5 0.174
0 9 0.072
0 12 0.162
0 27 0.109
0 34 0.133
0 39 0.136
0 40 0.108
0 41 0.112
0 42 0.168
0 44 0.171
1 9 1
1 40 0.56
1 21 0.745
1 11 0.471
1 23 0.834
1 48 0.546
1 6 0.823
1 20 0.741
1 47 0.329
1 45 1
1 36 0.521
1 44 0.662
1 32 1
1 35 0.987
1 4 1
1 17 0.998
1 30 0.808
1 43 0.908
1 46 1
1 38 1
1 42 0.781
1 2 0.751
1 26 0.589
1 16 0.833
1 13 0.389
1 15 0.099
1 8 0.313
1 12 0.148
1 14 0.381
1 28 0.072
1 39 0.114
1 49 0.243
1 3 0.137
1 5 0.152
1 10 0.175
1 24 0.13
1 29 0.178
1 31 0.164
1 33 0.129
1 34 0.162
1 37 0.135
2 39 0.884
2 7 0.775
2 44 0.84
2 24 1
2 32 0.429
2 49 0.568
2 6 1
2 27 0.733
2 45 0.635
2 21 0.883
2 9 0.405
2 17 0.943
2 36 0.646
2 33 0.705
2 3 1
2 13 0.449
2 31 0.745
2 29 0.644
2 20 0.811
2 19 0.29
2 22 0.326
2 18 0.325
2 37 0.31
2 4 0.327
2 10 0.032
2 5 0.22
2 30 0.376
2 38 0.101
2 48 0.212
2 11 0.189
2 12 0.205
2 15 0.182
2 16 0.152
2 25 0.117
2 26 0.163
2 28 0.168
2 40 0.129
3 29 1
3 5 0.681
3 24 1
3 6 0.714
3 17 0.713
3 23 0.869
3 27 0.775
3 46 0.531
3 13 0.616
3 33 0.654
3 34 0.844
3 9 0.988
3 45 0.972
3 31 0.623
3 39 0.99
3 43 0.881
3 8 0.705
3 12 0.259
3 15 0.175
3 38 0.259
3 40 0.234
3 7 0.125
3 30 0.137
3 16 0.146
3 18 0.192
3 28 0.084
3 35 0.167
3 11 0.149
3 21 0.116
3 32 0.161
3 36 0.146
3 37 0.108
3 41 0.15
3 42 0.205
3 47 0.152
3 48 0.143
3 49 0.143
4 20 0.568
4 13 1
4 34 0.715
4 49 0.658
4 15 0.824
4 40 0.761
4 29 0.316
4 16 0.536
4 17 0.803
4 8 0.507
4 42 1
4 30 1
4 48 1
4 32 0.705
4 28 0.742
4 19 0.443
4 35 0.41
4 18 0.318
4 14 0.168
4 5 0.219
4 37 0.071
4 44 0.388
4 11 0.228
4 21 0.33
4 27 0.226
4 36 0.209
4 6 0.112
4 10 0.08
4 12 0.14
4 22 0.139
4 26 0.119
4 41 0.113
5 8 0.278
5 38 1
5 27 0.728
5 48 0.907
5 41 0.897
5 22 0.977
5 35 0.796
5 33 0.917
5 42 0.901
5 13 0.822
5 40 0.982
5 44 0.986
5 49 1
5 10 0.864
5 47 0.888
5 12 0.773
5 45 0.922
5 6 0.067
5 11 0.165
5 16 0.15
5 25 0.095
5 20 0.328
5 43 0.241
5 46 0.194
5 7 0.123
5 9 0.297
5 17 0.183
5 18 0.261
5 19 0.351
5 21 0.163
5 23 0.046
5 24 0.034
5 34 0.04
5 36 0.082
5 37 0.175
5 15 0.098
5 26 0.132
5 30 0.103
5 32 0.169
5 39 0.118
6 28 1
6 20 0.839
6 32 0.78
6 9 0.625
6 13 0.865
6 21 0.77
6 8 0.993
6 23 0.633
6 29 0.747
6 30 0.6
6 7 0.634
6 27 0.714
6 40 1
6 12 0.724
6 16 1
6 26 0.696
6 35 0.793
6 17 0.985
6 42 0.899
6 37 0.752
6 39 0.411
6 19 0.365
6 47 0.437
6 18 0.002
6 45 0.353
6 11 0.154
6 24 0.096
6 41 0.157
6 44 0.159
6 46 0.136
6 48 0.113
7 35 0.808
7 38 0.588
7 39 0.847
7 41 0.771
7 16 1
7 25 0.772
7 23 0.905
7 48 0.661
7 37 0.536
7 28 0.61
7 22 0.628
7 29 1
7 8 0.387
7 46 0.661
7 19 0.517
7 13 0.207
7 45 0.294
7 11 0.186
7 20 0.276
7 49 0.314
7 21 0.138
7 24 0.032
7 33 0.218
7 40 0.158
7 42 0.107
7 43 0.082
7 10 0.13
7 14 0.106
7 17 0.141
7 18 0.218
7 26 0.109
7 27 0.107
7 30 0.158
8 17 0.953
8 39 0.929
8 48 0.916
8 22 0.793
8 23 0.542
8 40 0.593
8 36 0.916
8 30 0.648
8 37 0.834
8 27 0.967
8 46 0.725
8 44 0.559
8 35 0.43
8 42 0.104
8 45 0.181
8 38 0.403
8 49 0.284
8 9 0.277
8 26 0.152
8 10 0.281
8 11 0.03
8 15 0.302
8 16 0.261
8 28 0.117
8 33 0.149
8 41 0.283
8 13 0.185
8 14 0.121
8 19 0.111
8 20 0.107
8 21 0.178
8 25 0.124
8 29 0.194
8 31 0.099
9 47 0.92
9 45 0.579
9 15 0.929
9 16 0.837
9 29 0.979
9 36 0.662
9 33 0.931
9 12 0.99
9 10 0.726
9 18 0.595
9 27 0.61
9 35 0.649
9 38 0.791
9 28 0.468
9 43 0.863
9 11 0.404
9 22 0.192
9 46 0.155
9 48 0.174
9 49 0.302
9 14 0.137
9 21 0.192
9 25 0.031
9 31 0.036
9 42 0.105
9 13 0.17
9 17 0.071
9 20 0.13
9 23 0.176
9 24 0.197
9 26 0.151
9 40 0.102
9 41 0.14
9 44 0.103
10 37 1
10 17 0.937
10 43 0.768
10 32 0.829
10 16 0.896
10 31 0.575
10 40 1
10 23 0.73
10 11 0.791
10 14 0.577
10 30 1.0
10 48 0.632
10 38 0.734
10 21 0.233
10 33 0.396
10 13 0.133
10 22 0.095
10 26 0.185
10 44 0.145
10 45 0.103
10 49 0.156
10 15 0.198
10 19 0.097
10 20 0.143
10 24 0.183
10 27 0.175
10 28 0.126
10 41 0.132
10 42 0.183
11 40 0.961
11 17 0.786
11 14 0.867
11 46 0.806
11 33 0.778
11 32 0.528
11 13 0.621
11 41 0.724
11 28 0.189
11 20 0.643
11 42 0.469
11 25 0.134
11 18 0.076
11 26 0.285
11 15 0.161
11 16 0.271
11 21 0.194
11 23 0.205
11 29 0.157
11 35 0.162
11 36 0.11
11 37 0.171
11 12 0.161
11 19 0.163
11 27 0.12
11 31 0.142
11 34 0.138
11 45 0.188
12 34 0.848
12 38 0.9
12 33 0.967
12 24 0.994
12 45 0.895
12 25 0.838
12 46 1
12 36 0.917
12 37 0.903
12 40 0.828
12 35 0.994
12 30 0.804
12 28 0.541
12 27 0.61
12 42 0.963
12 23 0.584
12 17 0.629
12 43 0.759
12 13 0.399
12 16 0.585
12 49 0.218
12 20 0.208
12 14 0.072
12 18 0.157
12 15 0.176
12 22 0.118
12 26 0.153
12 31 0.211
12 39 0.145
12 41 0.153
12 48 0.154
13 41 1
13 32 0.592
13 23 0.834
13 43 1
13 27 0.752
13 30 0.785
13 15 0.943
13 37 0.724
13 47 0.941
13 35 0.58
13 44 0.946
13 45 0.697
13 24 0.949
13 49 0.859
13 39 0.108
13 34 0.155
13 48 0.073
13 20 0.033
13 38 0.067
13 19 0.025
13 21 0.034
13 22 0.345
13 33 0.048
13 14 0.187
13 17 0.181
13 26 0.159
13 28 0.155
13 31 0.168
13 36 0.174
13 40 0.187
13 42 0.183
13 46 0.207
14 23 1
14 27 0.817
14 46 0.782
14 15 1
14 19 0.84
14 34 1
14 42 0.94
14 16 0.918
14 49 1
14 47 0.64
14 35 0.725
14 18 0.556
14 28 0.395
14 41 0.858
14 44 0.406
14 38 0.716
14 39 0.553
14 25 0.7
14 43 0.959
14 17 0.776
14 29 0.144
14 45 0.165
14 36 0.099
14 24 0.166
14 26 0.148
14 40 0.125
14 48 0.146
15 29 0.729
15 45 0.779
15 39 0.841
15 17 0.904
15 47 0.973
15 35 0.749
15 40 0.602
15 43 0.883
15 16 1
15 18 0.961
15 27 0.687
15 41 1
15 42 0.68
15 38 0.937
15 34 0.399
15 33 0.9
15 30 0.995
15 37 0.359
15 23 0.059
15 36 0.066
15 24 0.268
15 25 0.178
15 28 0.086
15 31 0.163
15 49 0.093
15 19 0.179
15 22 0.151
15 26 0.207
15 32 0.198
16 35 0.898
16 32 0.66
16 46 0.902
16 33 0.761
16 42 0.524
16 22 1
16 17 0.923
16 25 0.279
16 24 0.824
16 29 0.891
16 43 0.775
16 23 0.657
16 38 1
16 49 0.187
16 45 0.326
16 27 0.193
16 37 0.141
16 40 0.115
16 44 0.262
16 30 0.108
16 47 0.21
16 18 0.226
16 20 0.137
16 26 0.135
16 28 0.142
16 31 0.172
16 34 0.204
16 39 0.178
16 48 0.201
17 21 0.685
17 37 0.605
17 49 0.66
17 24 0.444
17 33 1
17 22 0.631
17 44 1
17 20 1
17 30 0.728
17 39 0.821
17 38 0.889
17 46 0.705
17 26 0.944
17 43 0.736
17 42 0.687
17 32 0.255
17 19 0.194
17 27 0.093
17 28 0.167
17 34 0.06
17 36 0.189
17 41 0.201
17 45 0.372
17 18 0.128
17 23 0.093
17 25 0.151
17 31 0.135
17 35 0.084
17 40 0.133
17 48 0.117
18 43 0.861
18 22 0.612
18 36 0.959
18 32 0.752
18 37 0.859
18 20 1.0
18 47 0.783
18 44 0.732
18 48 0.894
18 33 1
18 42 0.782
18 21 0.538
18 38 0.104
18 19 0.048
18 25 0.151
18 28 0.4
18 26 0.132
18 29 0.132
18 30 0.018
18 39 0.14
19 25 0.932
19 39 0.968
19 28 0.81
19 32 0.687
19 34 0.822
19 47 1
19 49 0.993
19 36 0.954
19 30 0.829
19 44 0.824
19 35 0.924
19 43 0.827
19 24 0.008
19 42 0.073
19 31 0.176
19 22 0.183
19 20 0.144
19 27 0.099
19 33 0.15
19 40 0.164
19 45 0.138
19 48 0.173
20 49 0.939
20 21 1
20 36 0.767
20 22 0.924
20 31 0.513
20 23 0.646
20 44 0.649
20 26 0.545
20 48 0.616
20 45 0.651
20 39 0.268
20 25 0.15
20 30 0.156
20 35 0.178
20 43 0.126
20 24 0.083
20 28 0.204
20 37 0.198
20 38 0.202
20 41 0.17
21 24 0.875
21 41 1
21 26 0.793
21 28 1
21 43 0.483
21 40 0.811
21 48 0.725
21 35 0.629
21 49 0.701
21 31 0.825
21 33 0.633
21 34 0.977
21 36 0.512
21 47 0.108
21 45 0.148
21 46 0.304
21 25 0.113
21 23 0.173
21 32 0.153
21 38 0.123
21 42 0.115
21 44 0.135
22 48 0.81
22 36 0.911
22 23 0.782
22 44 1
22 29 0.807
22 37 0.98
22 46 0.775
22 24 0.084
22 31 0.09
22 35 0.175
22 39 0.053
22 30 0.198
22 33 0.097
22 26 0.259
22 27 0.194
22 28 0.025
22 41 0.185
22 45 0.27
22 38 0.176
22 40 0.15
22 47 0.117
23 24 0.75
23 30 0.769
23 49 0.363
23 27 0.944
23 31 0.9
23 44 0.728
23 26 1
23 38 0.656
23 43 0.872
23 41 0.861
23 28 0.682
23 37 0.725
23 35 0.326
23 46 0.104
23 36 0.222
23 48 0.15
23 25 0.133
23 32 0.14
23 39 0.169
23 42 0.131
23 45 0.118
24 49 0.907
24 37 0.714
24 41 0.527
24 36 0.801
24 47 0.319
24 26 0.899
24 42 0.512
24 31 0.778
24 35 0.544
24 34 0.501
24 27 0.65
24 45 0.154
24 46 0.464
24 33 0.119
24 25 0.066
24 30 0.267
24 39 0.144
24 28 0.182
24 32 0.095
24 38 0.202
24 40 0.14
24 44 0.174
25 48 0.8
25 46 0.899
25 49 0.879
25 42 0.811
25 47 0.732
25 26 0.669
25 45 0.901
25 31 0.783
25 27 0.677
25 29 0.156
25 30 0.215
25 32 0.288
25 34 0.088
25 39 0.102
25 40 0.018
25 33 0.025
25 37 0.015
25 44 0.211
25 36 0.162
25 41 0.108
26 38 0.739
26 30 0.654
26 35 0.849
26 43 1
26 40 0.544
26 31 0.762
26 47 0.933
26 27 0.879
26 34 1
26 41 0.709
26 46 0.389
26 29 0.292
26 39 0.289
26 45 0.234
26 33 0.12
26 36 0.172
26 37 0.188
26 49 0.134
27 47 0.84
27 43 0.376
27 38 0.75
27 30 0.759
27 28 0.677
27 31 0.404
27 32 0.851
27 48 0.07
27 37 0.514
27 29 0.107
27 46 0.216
27 33 0.066
27 36 0.053
27 34 0.182
27 40 0.097
27 41 0.158
27 42 0.175
27 44 0.17
27 45 0.16
28 44 0.932
28 41 0.912
28 42 0.903
28 40 0.259
28 47 0.414
28 38 1
28 49 0.478
28 48 0.757
28 29 0.7
28 37 0.862
28 35 0.375
28 30 0.118
28 43 0.085
28 32 0.237
28 34 0.251
28 39 0.134
28 36 0.144
28 46 0.114
29 31 0.83
29 49 0.79
29 35 0.762
29 46 0.919
29 33 0.614
29 47 0.823
29 38 0.558
29 37 0.689
29 44 0.5
29 30 0.144
29 34 0.163
29 40 0.224
29 42 0.152
29 48 0.156
30 39 1
30 33 0.599
30 31 0.67
30 37 0.895
30 48 0.929
30 42 0.847
30 35 0.931
30 38 0.766
30 41 0.197
30 34 0.13
30 36 0.123
30 43 0.166
30 40 0.168
30 46 0.16
31 39 0.809
31 48 0.877
31 44 0.652
31 32 0.8
31 41 0.915
31 34 0.872
31 33 0.959
31 49 0.574
31 36 0.166
31 35 0.271
31 46 0.282
31 40 0.092
31 42 0.022
31 37 0.189
31 45 0.1
31 47 0.154
32 40 0.78
32 42 0.86
32 36 0.828
32 39 0.889
32 45 0.455
32 48 0.729
32 38 0.187
32 44 0.181
32 37 0.392
32 34 0.137
32 35 0.15
32 41 0.122
32 43 0.142
32 46 0.116
33 40 0.757
33 41 1
33 35 0.841
33 46 0.947
33 39 0.239
33 38 0.216
33 48 0.131
33 42 0.101
33 45 0.15
33 36 0.109
34 44 0.83
34 42 0.489
34 45 0.428
34 49 0.965
34 36 0.885
34 40 1
34 35 0.065
34 41 0.143
34 43 0.221
34 46 0.032
34 38 0.151
35 43 0.542
35 39 0.979
35 47 0.583
35 45 1
35 44 0.686
35 46 0.956
35 36 0.701
35 48 0.842
35 42 0.797
35 38 0.249
35 49 0.349
35 37 0.221
36 39 0.726
36 46 0.961
36 43 0.621
36 38 1
36 44 1
36 47 0.751
36 37 0.164
36 48 0.135
36 40 0.183
36 45 0.123
37 39 0.925
37 45 1
37 48 1
37 46 0.745
37 49 0.644
37 44 0.053
37 40 0.013
37 38 0.137
37 42 0.143
37 43 0.146
37 47 0.126
38 44 0.829
38 47 1
38 41 0.759
38 43 0.13
38 45 0.152
38 39 0.188
39 46 0.79
39 45 0.796
39 43 0.823
39 44 0.114
39 42 0.185
39 40 0.145
39 47 0.175
39 48 0.186
40 43 0.844
40 49 0.635
40 46 0.637
40 41 0.099
40 48 0.152
40 44 0.159
40 45 0.185
41 47 0.956
41 44 0.729
41 42 0.121
41 49 0.152
41 48 0.186
41 43 0.127
41 45 0.143
41 46 0.105
42 49 1
42 48 1
42 43 1
42 45 0.701
42 46 0.376
42 47 0.08
42 44 0.181
43 48 0.85
43 46 0.662
43 49 0.987
43 44 0.853
43 47 0.728
44 49 0.818
44 46 0.912
44 45 0.766
44 47 0.134
44 48 0.024
45 48 1
45 47 0.912
45 49 0.666
46 47 0.973
46 49 0.247
47 48 0.237
47 49 0.158
48 49 0.133
