0 13 0.587
0 1 0.604
0 15 1
0 8 0.961
0 14 0.64
0 29 0.759
0 10 1
0 31 0.812
0 38 0.211
0 49 0.482
0 48 0.206
0 40 0.063
0 3 0.282
0 7 0.253
0 23 0.265
0 27 0.099
0 43 0.065
0 44 0.263
0 9 0.092
0 17 0.231
0 19 0.26
0 20 0.208
0 25 0.037
0 26 0.303
0 32 0.094
0 36 0.038
0 45 0.125
0 5 0.15
0 6 0.145
0 21 0.16
0 24 0.157
0 28 0.137
0 33 0.159
0 37 0.147
0 41 0.137
0 46 0.132
0 47 0.154
1 9 0.729
1 21 0.745
1 47 0.543
1 45 1
1 32 0.758
1 35 0.676
1 4 0.873
1 38 1
1 42 0.873
1 2 0.895
1 26 0.621
1 16 0.646
1 13 0.506
1 37 1
1 17 0.301
1 18 0.097
1 30 0.524
1 27 0.113
1 31 0.114
1 49 0.255
1 10 0.21
1 11 0.054
1 23 0.138
1 29 0.327
1 34 0.181
1 39 0.162
1 43 0.142
1 48 0.212
1 5 0.114
1 6 0.154
1 14 0.149
1 19 0.212
1 20 0.215
1 24 0.136
1 28 0.134
1 33 0.183
1 36 0.091
1 40 0.104
1 41 0.151
2 7 1
2 44 0.937
2 49 1
2 6 1
2 21 0.921
2 17 0.777
2 3 0.681
2 5 0.452
2 4 0.36
2 18 0.042
2 25 0.241
2 22 0.206
2 23 0.267
2 24 0.209
2 26 0.037
2 28 0.153
2 35 0.263
2 40 0.327
2 12 0.331
2 14 0.122
2 30 0.052
2 33 0.07
2 38 0.151
2 43 0.176
2 8 0.152
2 9 0.108
2 10 0.151
2 15 0.223
2 16 0.105
2 31 0.166
2 34 0.13
2 42 0.165
2 45 0.159
2 46 0.117
2 48 0.149
3 24 0.923
3 6 1
3 17 0.894
3 13 0.591
3 33 0.865
3 9 0.803
3 45 0.607
3 22 0.858
3 4 0.657
3 36 0.659
3 38 0.759
3 25 0.391
3 14 0.073
3 27 0.084
3 46 0.18
3 31 0.189
3 47 0.025
3 12 0.022
3 18 0.146
3 19 0.169
3 26 0.407
3 44 0.102
3 48 0.138
3 5 0.114
3 10 0.205
3 11 0.151
3 16 0.176
3 20 0.167
3 28 0.167
3 30 0.136
3 32 0.128
3 35 0.145
3 37 0.157
3 39 0.154
3 42 0.154
4 13 0.744
4 34 0.895
4 49 0.866
4 15 0.759
4 16 1
4 42 0.882
4 30 0.944
4 32 0.582
4 28 0.567
4 39 0.416
4 46 0.188
4 6 0.101
4 7 0.102
4 11 0.093
4 14 0.102
4 27 0.109
4 36 0.01
4 37 0.11
4 45 0.102
4 47 0.162
4 20 0.087
4 24 0.242
4 25 0.062
4 31 0.229
4 38 0.063
4 43 0.014
4 8 0.123
4 17 0.116
4 19 0.209
4 40 0.172
4 48 0.116
5 38 0.909
5 27 0.641
5 22 0.909
5 33 1
5 42 0.856
5 44 0.972
5 49 1
5 12 0.348
5 45 0.936
5 36 0.577
5 32 0.902
5 29 0.111
5 16 0.169
5 19 0.15
5 39 0.052
5 41 0.185
5 15 0.257
5 20 0.225
5 24 0.169
5 25 0.17
5 26 0.025
5 46 0.139
5 47 0.084
5 10 0.163
5 11 0.157
5 18 0.136
5 35 0.149
5 43 0.174
5 48 0.134
6 29 0.699
6 27 1
6 12 0.719
6 26 1
6 17 0.777
6 42 0.902
6 37 0.788
6 10 0.805
6 41 0.697
6 22 0.325
6 11 0.154
6 9 0.068
6 18 0.276
6 38 0.112
6 39 0.212
6 49 0.081
6 15 0.04
6 25 0.357
6 35 0.052
6 40 0.055
6 16 0.123
6 19 0.123
6 20 0.15
6 21 0.189
6 31 0.154
6 32 0.154
6 33 0.157
6 44 0.178
6 45 0.125
6 46 0.177
6 47 0.114
7 23 0.722
7 19 0.733
7 45 0.663
7 25 1
7 15 0.583
7 48 0.129
7 43 0.668
7 16 0.047
7 24 0.104
7 13 0.067
7 18 0.127
7 21 0.268
7 26 0.402
7 28 0.287
7 8 0.137
7 11 0.163
7 27 0.179
7 33 0.136
7 39 0.197
7 49 0.151
7 20 0.158
7 22 0.097
7 31 0.178
7 37 0.126
7 40 0.123
7 41 0.161
7 42 0.183
8 17 0.956
8 23 0.606
8 37 1.0
8 46 0.783
8 26 0.388
8 16 0.578
8 11 0.276
8 27 0.184
8 31 0.288
8 48 0.16
8 13 0.174
8 22 0.073
8 35 0.059
8 36 0.158
8 38 0.031
8 41 0.209
8 44 0.137
8 18 0.176
8 19 0.039
8 29 0.088
8 10 0.195
8 12 0.142
8 14 0.166
8 15 0.19
8 21 0.188
8 25 0.165
8 28 0.158
8 32 0.138
8 33 0.139
8 34 0.165
8 39 0.107
8 45 0.1
8 49 0.166
9 47 1
9 15 0.751
9 29 0.816
9 33 0.84
9 18 0.965
9 27 0.586
9 43 0.942
9 14 1
9 20 0.637
9 34 0.401
9 42 0.02
9 16 0.148
9 28 0.055
9 21 0.136
9 24 0.389
9 12 0.304
9 19 0.23
9 13 0.129
9 37 0.148
9 39 0.273
9 44 0.094
9 49 0.249
9 10 0.14
9 11 0.142
9 17 0.132
9 22 0.183
9 32 0.159
9 36 0.175
9 38 0.178
9 41 0.151
9 45 0.108
9 46 0.175
10 32 1
10 11 0.667
10 14 0.726
10 30 0.433
10 38 0.858
10 20 0.202
10 35 0.077
10 22 0.169
10 12 0.103
10 28 0.165
10 18 0.165
10 21 0.197
10 27 0.129
10 31 0.166
10 44 0.124
10 45 0.232
10 15 0.142
10 16 0.164
10 17 0.176
10 23 0.141
10 24 0.168
10 26 0.192
10 29 0.151
10 37 0.154
10 40 0.176
10 43 0.163
10 46 0.171
10 47 0.13
10 48 0.149
11 40 0.877
11 46 0.992
11 20 0.936
11 34 0.9
11 39 1
11 43 0.883
11 47 0.027
11 15 0.766
11 16 0.39
11 26 0.628
11 21 0.24
11 25 0.223
11 29 0.087
11 17 0.196
11 18 0.242
11 23 0.211
11 27 0.275
11 14 0.151
11 19 0.076
11 28 0.159
11 37 0.118
11 44 0.003
11 49 0.103
11 13 0.146
11 22 0.166
11 31 0.094
11 32 0.161
11 33 0.137
11 38 0.178
11 48 0.126
12 34 0.995
12 33 0.776
12 24 1
12 25 0.937
12 46 0.63
12 36 0.847
12 37 1
12 35 0.934
12 30 0.784
12 28 0.594
12 42 0.82
12 27 0.389
12 44 0.237
12 49 0.273
12 16 0.137
12 39 0.163
12 19 0.514
12 20 0.25
12 22 0.071
12 17 0.172
12 23 0.153
12 26 0.262
12 31 0.434
12 32 0.293
12 45 0.112
12 15 0.154
12 18 0.171
12 21 0.168
12 29 0.16
12 41 0.141
12 47 0.123
13 47 0.681
13 35 0.96
13 24 0.656
13 18 0.025
13 36 0.277
13 39 0.043
13 14 0.251
13 45 0.293
13 16 0.225
13 19 0.155
13 20 0.204
13 38 0.218
13 49 0.14
13 15 0.131
13 21 0.155
13 23 0.142
13 27 0.183
13 29 0.123
13 32 0.154
13 37 0.145
13 41 0.159
13 42 0.113
13 44 0.13
13 46 0.16
13 48 0.139
14 27 1
14 15 0.857
14 34 0.847
14 42 0.901
14 47 0.866
14 41 0.992
14 38 0.754
14 25 0.732
14 43 1
14 29 0.754
14 33 0.431
14 26 0.19
14 45 0.252
14 18 0.156
14 20 0.121
14 16 0.159
14 17 0.17
14 19 0.107
14 21 0.143
14 22 0.098
14 28 0.161
14 31 0.13
14 32 0.129
14 36 0.148
14 37 0.159
14 39 0.165
14 44 0.135
14 46 0.12
15 29 0.9
15 47 0.907
15 35 0.612
15 16 0.798
15 18 0.792
15 27 0.458
15 41 0.934
15 33 0.749
15 28 0.943
15 43 0.577
15 22 0.107
15 26 0.115
15 45 0.22
15 38 0.283
15 39 0.214
15 24 0.037
15 37 0.299
15 46 0.087
15 21 0.133
15 19 0.143
15 20 0.171
15 23 0.109
15 30 0.155
15 31 0.117
15 36 0.186
15 40 0.132
15 42 0.104
15 48 0.219
15 49 0.151
16 35 0.807
16 46 0.771
16 33 0.872
16 22 1
16 24 0.793
16 29 0.704
16 43 0.918
16 23 0.874
16 38 0.838
16 40 0.839
16 19 0.606
16 18 0.499
16 25 0.056
16 28 0.056
16 44 0.24
16 21 0.284
16 30 0.092
16 31 0.217
16 32 0.169
16 45 0.321
16 20 0.158
16 26 0.211
16 27 0.119
16 34 0.164
16 36 0.149
16 37 0.117
16 48 0.14
16 49 0.202
17 37 1
17 44 0.874
17 26 1
17 43 1
17 23 1
17 45 0.844
17 41 0.304
17 20 0.3
17 18 0.399
17 30 0.143
17 34 0.201
17 29 0.186
17 31 0.145
17 35 0.097
17 42 0.225
17 46 0.037
17 24 0.09
17 27 0.189
17 39 0.153
17 47 0.138
17 49 0.141
18 36 0.646
18 33 0.993
18 47 0.903
18 25 0.514
18 31 0.886
18 35 0.251
18 29 0.29
18 32 0.214
18 40 0.08
18 20 0.143
18 38 0.202
18 30 0.136
18 46 0.122
18 19 0.157
18 24 0.169
18 26 0.11
18 27 0.125
18 28 0.199
18 41 0.145
18 43 0.165
18 45 0.104
18 48 0.139
19 25 1
19 28 0.822
19 47 0.661
19 49 0.974
19 30 0.938
19 20 0.949
19 45 0.456
19 37 0.041
19 43 0.178
19 24 0.352
19 31 0.145
19 44 0.151
19 23 0.152
19 26 0.176
19 32 0.284
19 35 0.142
19 38 0.172
19 39 0.122
19 21 0.145
19 34 0.126
19 36 0.154
19 40 0.188
19 41 0.186
20 21 0.895
20 22 1
20 23 0.822
20 45 1
20 37 0.643
20 35 0.547
20 49 0.552
20 25 0.059
20 26 0.206
20 31 0.002
20 39 0.361
20 42 0.082
20 33 0.299
20 47 0.152
20 24 0.186
20 28 0.153
20 29 0.164
20 32 0.166
20 34 0.154
20 36 0.137
20 40 0.106
20 43 0.11
21 24 0.83
21 41 0.944
21 28 0.832
21 48 0.785
21 49 0.682
21 31 0.791
21 34 0.801
21 29 0.536
21 25 0.417
21 35 0.242
21 36 0.145
21 38 0.048
21 39 0.178
21 40 0.171
21 45 0.029
21 23 0.129
21 26 0.146
21 30 0.201
21 33 0.107
21 44 0.138
22 37 0.874
22 42 0.777
22 23 0.59
22 45 0.513
22 31 0.18
22 47 0.626
22 49 0.251
22 32 0.18
22 34 0.107
22 48 0.098
22 24 0.068
22 27 0.379
22 29 0.179
22 30 0.103
22 38 0.172
22 26 0.119
22 28 0.12
22 41 0.184
22 44 0.147
22 46 0.153
23 31 0.79
23 44 0.966
23 26 0.902
23 43 0.863
23 41 0.59
23 28 0.638
23 48 0.738
23 29 0.08
23 42 0.338
23 25 0.095
23 38 0.112
23 47 0.104
23 32 0.287
23 35 0.247
23 36 0.386
23 27 0.116
23 33 0.121
23 45 0.138
23 49 0.218
24 36 0.528
24 27 0.782
24 39 0.309
24 25 0.023
24 34 0.768
24 40 0.122
24 28 0.455
24 49 0.193
24 26 0.158
24 41 0.026
24 42 0.085
24 29 0.14
24 30 0.125
24 33 0.184
24 44 0.177
24 46 0.17
24 47 0.151
24 48 0.184
25 48 0.689
25 49 1
25 42 0.597
25 45 0.7
25 31 0.622
25 38 0.655
25 44 0.245
25 37 0.182
25 34 0.196
25 35 0.134
25 40 0.158
25 41 0.153
25 47 0.19
26 38 1
26 35 0.672
26 40 0.888
26 31 0.896
26 27 0.645
26 28 0.595
26 43 0.256
26 30 0.058
26 36 0.209
26 37 0.108
26 41 0.197
26 42 0.108
26 45 0.129
26 29 0.121
26 33 0.124
26 34 0.186
26 39 0.166
26 46 0.129
26 49 0.165
27 47 1
27 32 0.99
27 37 0.532
27 46 1
27 36 0.745
27 34 0.703
27 39 0.227
27 49 0.18
27 30 0.246
27 33 0.214
27 48 0.033
27 38 0.332
27 41 0.157
27 42 0.161
27 43 0.163
27 44 0.143
28 44 0.629
28 41 0.779
28 29 0.827
28 37 0.915
28 46 0.342
28 34 0.195
28 39 0.165
28 49 0.283
28 35 0.038
28 31 0.261
28 42 0.145
28 45 0.173
28 30 0.154
28 32 0.14
28 40 0.116
28 47 0.133
28 48 0.121
29 31 0.781
29 49 0.756
29 35 0.912
29 46 0.905
29 47 0.822
29 37 1
29 48 0.763
29 32 0.429
29 44 0.649
29 38 0.228
29 34 0.298
29 39 0.373
29 33 0.293
29 41 0.22
29 42 0.103
30 39 0.628
30 31 0.502
30 37 1
30 35 0.719
30 44 0.17
30 34 0.204
30 47 0.113
30 32 0.2
30 33 0.165
30 48 0.199
30 36 0.166
30 38 0.158
30 40 0.115
30 41 0.149
30 43 0.171
30 45 0.147
31 39 0.625
31 48 0.755
31 34 1
31 38 0.678
31 32 0.019
31 47 0.084
31 49 0.064
31 33 0.144
31 35 0.304
31 42 0.168
31 36 0.113
31 37 0.166
31 40 0.152
31 44 0.188
31 45 0.15
32 40 0.902
32 42 1
32 36 1
32 39 0.802
32 49 0.609
32 48 0.362
32 38 0.379
32 41 0.24
32 43 0.201
32 34 0.042
32 44 0.127
32 35 0.124
32 37 0.084
32 45 0.174
32 47 0.164
33 40 0.695
33 41 0.835
33 35 0.847
33 45 0.524
33 47 0.063
33 37 0.173
33 44 0.182
33 36 0.176
33 42 0.089
33 46 0.175
33 48 0.101
33 49 0.133
34 44 0.791
34 36 1
34 40 1
34 35 0.61
34 46 0.657
34 43 0.289
34 38 0.017
34 41 0.16
34 49 0.168
34 39 0.154
34 48 0.124
35 43 0.705
35 39 0.626
35 45 1
35 44 0.855
35 41 0.439
35 47 0.247
35 37 0.275
35 38 0.194
35 46 0.163
35 48 0.136
35 42 0.15
36 46 0.871
36 43 0.692
36 44 0.875
36 47 0.958
36 40 0.779
36 37 0.879
36 42 0.269
36 49 0.194
36 41 0.004
36 38 0.134
36 39 0.179
37 39 0.811
37 45 0.744
37 46 0.737
37 49 0.461
37 38 0.629
37 44 0.093
37 48 0.17
37 40 0.179
37 43 0.094
37 47 0.141
38 47 0.998
38 41 0.834
38 45 1
38 42 0.221
38 43 0.419
38 46 0.14
38 48 0.317
38 40 0.14
38 49 0.134
39 45 0.887
39 43 0.521
39 42 0.034
39 41 0.021
39 49 0.104
39 44 0.156
39 46 0.122
39 47 0.114
40 43 0.773
40 49 0.856
40 45 0.167
40 42 0.128
40 41 0.152
40 47 0.205
40 48 0.184
41 44 0.545
41 46 0.598
41 42 0.145
41 43 0.017
41 45 0.271
41 48 0.17
42 49 0.537
42 48 1
42 43 0.792
42 46 0.748
42 45 0.278
42 47 0.117
43 48 0.839
43 49 0.655
43 44 1
43 46 0.081
43 47 0.129
43 45 0.154
44 49 0.707
44 45 0.67
44 48 0.167
44 46 0.201
45 48 1
45 47 1
45 46 0.387
46 47 0.134
46 49 0.157
48 49 0.184
