0 13 1
0 26 0.644
0 42 0.629
0 40 0.85
0 15 1
0 33 0.725
0 29 0.374
0 32 0.141
0 11 0.031
0 16 0.313
0 12 0.187
0 2 0.228
0 5 0.186
0 8 0.082
0 46 0.205
0 6 0.217
0 23 0.118
0 28 0.182
0 31 0.148
0 35 0.164
0 21 0.319
0 22 0.124
0 24 0.225
0 27 0.082
0 47 0.124
0 48 0.027
0 4 0.178
0 10 0.153
0 17 0.145
0 18 0.193
0 37 0.163
0 43 0.143
0 44 0.148
0 49 0.153
1 17 0.968
1 27 0.779
1 5 0.64
1 40 0.032
1 8 0.205
1 11 0.252
1 14 0.247
1 47 0.168
1 3 0.135
1 22 0.433
1 37 0.056
1 45 0.197
1 7 0.283
1 9 0.041
1 13 0.178
1 24 0.102
1 30 0.296
1 34 0.197
1 35 0.056
1 43 0.235
1 46 0.107
1 49 0.215
1 2 0.155
1 4 0.145
1 6 0.104
1 15 0.14
1 23 0.155
1 26 0.16
1 28 0.115
1 29 0.2
1 31 0.203
1 36 0.133
1 38 0.17
1 41 0.137
2 40 0.602
2 37 1
2 9 0.627
2 22 0.727
2 33 0.537
2 15 0.285
2 41 0.697
2 32 0.354
2 42 0.376
2 46 0.683
2 7 0.028
2 44 0.278
2 11 0.289
2 39 0.628
2 28 0.174
2 34 0.082
2 38 0.146
2 12 0.122
2 20 0.004
2 36 0.312
2 43 0.357
2 47 0.174
2 49 0.216
2 3 0.082
2 16 0.084
2 23 0.183
2 30 0.343
2 31 0.001
2 45 0.13
2 4 0.132
2 5 0.116
2 8 0.136
2 10 0.082
2 13 0.154
2 18 0.098
2 25 0.112
2 27 0.155
2 48 0.127
3 30 1
3 16 0.915
3 21 1
3 37 0.562
3 8 0.858
3 35 0.52
3 32 0.02
3 44 0.196
3 7 0.293
3 23 0.037
3 36 0.106
3 39 0.278
3 48 0.121
3 11 0.317
3 18 0.07
3 20 0.067
3 28 0.239
3 17 0.158
3 19 0.225
3 22 0.09
3 41 0.105
3 42 0.168
3 49 0.071
3 5 0.323
3 10 0.113
3 31 0.103
3 33 0.131
3 38 0.045
3 6 0.152
3 9 0.071
3 12 0.159
3 13 0.172
3 15 0.178
3 27 0.194
3 29 0.162
3 40 0.171
3 43 0.122
3 47 0.166
4 9 1
4 5 0.839
4 16 0.863
4 25 1
4 39 0.591
4 11 0.937
4 20 0.629
4 31 0.725
4 46 0.469
4 15 0.788
4 13 0.446
4 43 0.111
4 10 0.036
4 18 0.211
4 37 0.34
4 14 0.245
4 24 0.298
4 19 0.008
4 28 0.171
4 45 0.01
4 17 0.21
4 21 0.176
4 23 0.198
4 29 0.185
4 35 0.155
4 40 0.076
4 6 0.127
4 12 0.224
4 22 0.18
4 27 0.157
4 30 0.18
4 32 0.181
4 33 0.175
4 34 0.145
4 36 0.189
4 38 0.135
4 41 0.109
4 48 0.145
5 11 0.93
5 31 0.707
5 25 0.839
5 43 0.307
5 27 0.296
5 40 0.07
5 46 0.18
5 6 0.499
5 17 0.478
5 24 0.233
5 22 0.09
5 44 0.05
5 13 0.336
5 29 0.44
5 48 0.385
5 8 0.018
5 12 0.213
5 14 0.111
5 26 0.134
5 30 0.199
5 33 0.114
5 35 0.143
5 9 0.116
5 10 0.115
5 15 0.084
5 16 0.153
5 18 0.086
5 20 0.167
5 21 0.227
5 23 0.134
5 28 0.161
5 32 0.193
5 37 0.121
5 38 0.161
5 41 0.098
5 42 0.151
5 45 0.133
5 49 0.18
6 35 0.539
6 27 0.62
6 45 1
6 20 0.887
6 19 0.696
6 14 0.374
6 10 0.287
6 16 0.207
6 12 0.102
6 23 0.147
6 36 0.348
6 8 0.082
6 15 0.068
6 24 0.432
6 39 0.139
6 49 0.047
6 18 0.114
6 29 0.356
6 37 0.16
6 26 0.249
6 31 0.165
6 34 0.087
6 43 0.125
6 48 0.168
6 7 0.195
6 9 0.148
6 11 0.124
6 13 0.164
6 17 0.158
6 21 0.167
6 28 0.165
6 38 0.136
6 40 0.152
6 41 0.158
6 44 0.172
7 22 0.562
7 17 0.616
7 37 0.616
7 12 1
7 14 0.26
7 11 0.274
7 15 0.521
7 40 0.042
7 8 0.165
7 24 0.164
7 29 0.241
7 35 0.281
7 43 0.318
7 46 0.22
7 48 0.376
7 18 0.239
7 23 0.129
7 36 0.157
7 42 0.113
7 44 0.102
7 49 0.086
7 10 0.118
7 13 0.142
7 20 0.126
7 25 0.205
7 26 0.136
7 27 0.114
7 33 0.198
7 38 0.14
7 41 0.163
8 33 1
8 40 0.984
8 24 0.818
8 26 0.76
8 20 0.376
8 34 0.415
8 11 0.076
8 12 0.205
8 35 0.005
8 36 0.031
8 48 0.075
8 10 0.136
8 13 0.227
8 27 0.056
8 30 0.253
8 43 0.151
8 45 0.53
8 49 0.073
8 14 0.113
8 21 0.417
8 28 0.313
8 42 0.142
8 46 0.154
8 9 0.203
8 19 0.108
8 23 0.141
8 25 0.157
8 29 0.151
8 32 0.135
8 39 0.094
8 44 0.181
9 13 1
9 46 1
9 18 0.696
9 20 0.768
9 21 0.178
9 24 0.099
9 36 0.053
9 39 0.158
9 16 0.144
9 19 0.159
9 42 0.294
9 43 0.274
9 12 0.151
9 23 0.043
9 32 0.131
9 41 0.226
9 49 0.214
9 11 0.151
9 15 0.151
9 26 0.173
9 29 0.149
9 31 0.147
9 34 0.187
9 37 0.101
9 38 0.16
9 40 0.162
9 44 0.152
9 47 0.11
9 48 0.176
10 38 0.553
10 21 1
10 48 0.679
10 45 0.942
10 33 0.209
10 47 0.05
10 13 0.27
10 18 0.366
10 26 0.214
10 20 0.212
10 49 0.518
10 17 0.016
10 22 0.139
10 31 0.047
10 42 0.395
10 40 0.202
10 14 0.137
10 15 0.234
10 23 0.282
10 29 0.217
10 35 0.159
10 37 0.186
10 43 0.148
10 44 0.17
10 27 0.086
10 30 0.076
10 36 0.115
10 39 0.156
11 18 0.904
11 26 0.889
11 47 0.786
11 21 0.938
11 22 0.946
11 30 1
11 39 0.977
11 44 1
11 15 1
11 43 0.359
11 16 0.035
11 48 0.207
11 41 0.199
11 14 0.003
11 20 0.156
11 12 0.313
11 17 0.207
11 24 0.252
11 32 0.273
11 34 0.293
11 27 0.095
11 29 0.163
11 33 0.171
11 35 0.17
11 36 0.17
11 37 0.135
11 40 0.154
12 25 0.918
12 13 0.731
12 40 0.658
12 20 0.894
12 31 0.514
12 19 0.846
12 49 0.57
12 22 0.646
12 37 0.783
12 17 0.791
12 42 0.241
12 21 0.12
12 28 0.203
12 14 0.096
12 44 0.075
12 29 0.398
12 43 0.136
12 15 0.301
12 24 0.061
12 35 0.168
12 47 0.126
12 48 0.131
12 23 0.184
12 27 0.086
12 32 0.189
12 39 0.188
12 41 0.189
12 46 0.168
13 20 0.733
13 31 0.978
13 49 0.994
13 32 0.611
13 48 0.944
13 29 0.2
13 38 0.208
13 46 0.055
13 33 0.162
13 18 0.053
13 30 0.22
13 42 0.374
13 14 0.124
13 16 0.273
13 19 0.252
13 41 0.445
13 15 0.118
13 21 0.182
13 26 0.182
13 37 0.317
13 17 0.117
13 23 0.092
13 34 0.145
13 36 0.143
13 39 0.13
14 36 0.946
14 35 0.837
14 23 0.697
14 32 0.487
14 21 0.917
14 38 0.634
14 42 0.273
14 34 0.433
14 48 0.437
14 16 0.168
14 26 0.001
14 45 0.195
14 27 0.317
14 39 0.084
14 24 0.226
14 46 0.073
14 15 0.298
14 31 0.234
14 43 0.264
14 44 0.149
14 17 0.095
14 18 0.213
14 25 0.161
14 28 0.121
14 30 0.176
14 37 0.137
14 41 0.152
14 47 0.162
14 49 0.124
15 17 0.939
15 47 0.835
15 29 0.663
15 23 0.775
15 20 0.845
15 36 0.269
15 16 0.067
15 26 0.65
15 27 0.278
15 33 0.512
15 43 0.411
15 28 0.127
15 34 0.072
15 38 0.364
15 39 0.009
15 44 0.079
15 48 0.257
15 49 0.162
15 19 0.249
15 25 0.137
15 30 0.172
15 32 0.083
15 22 0.168
15 31 0.158
15 35 0.119
15 37 0.078
15 41 0.152
15 42 0.111
15 45 0.149
16 24 1
16 21 0.976
16 35 0.988
16 38 0.542
16 27 0.565
16 19 0.107
16 18 0.293
16 33 0.215
16 32 0.024
16 34 0.358
16 36 0.265
16 37 0.033
16 23 0.089
16 25 0.182
16 29 0.14
16 43 0.388
16 44 0.149
16 45 0.136
16 20 0.115
16 26 0.176
16 31 0.141
16 41 0.129
16 42 0.18
16 46 0.159
16 48 0.148
17 41 0.845
17 24 0.482
17 26 0.55
17 29 0.738
17 22 0.75
17 35 0.946
17 34 0.105
17 21 0.15
17 36 0.225
17 38 0.188
17 47 0.039
17 30 0.04
17 31 0.111
17 45 0.24
17 48 0.178
17 28 0.071
17 32 0.259
17 40 0.067
17 20 0.124
17 23 0.094
17 25 0.084
17 33 0.189
17 37 0.143
17 42 0.104
17 43 0.164
17 44 0.177
18 42 0.715
18 48 0.947
18 19 0.806
18 39 0.471
18 46 0.964
18 21 0.418
18 31 0.645
18 37 0.184
18 22 0.123
18 26 0.203
18 34 0.207
18 44 0.018
18 23 0.493
18 28 0.087
18 32 0.006
18 33 0.116
18 38 0.098
18 41 0.125
18 20 0.138
18 24 0.148
18 29 0.132
18 30 0.102
18 35 0.094
18 36 0.171
18 43 0.134
18 45 0.174
19 35 0.884
19 40 1
19 31 0.205
19 41 0.136
19 28 0.121
19 34 0.195
19 25 0.472
19 32 0.211
19 39 0.043
19 42 0.146
19 29 0.312
19 30 0.202
19 33 0.148
19 24 0.139
19 26 0.084
19 36 0.123
19 37 0.136
19 44 0.111
19 45 0.167
19 46 0.173
19 48 0.185
20 49 1
20 44 0.652
20 22 1
20 47 0.892
20 35 0.12
20 30 0.226
20 41 0.478
20 25 0.184
20 27 0.296
20 32 0.104
20 37 0.207
20 21 0.144
20 24 0.161
20 29 0.064
20 33 0.108
20 36 0.049
20 43 0.245
20 23 0.155
20 38 0.177
20 39 0.156
20 40 0.138
20 42 0.165
21 26 0.865
21 30 0.864
21 43 1
21 42 0.671
21 34 0.123
21 23 0.129
21 28 0.288
21 31 0.009
21 32 0.176
21 27 0.183
21 33 0.095
21 35 0.066
21 37 0.144
21 49 0.18
21 22 0.138
21 29 0.142
21 38 0.14
21 40 0.179
21 44 0.203
21 47 0.133
22 27 0.659
22 46 1
22 42 0.867
22 49 0.898
22 34 0.527
22 47 0.639
22 35 0.131
22 24 0.149
22 40 0.637
22 23 0.354
22 48 0.152
22 37 0.221
22 41 0.169
22 26 0.288
22 38 0.253
22 39 0.184
22 25 0.14
22 30 0.232
22 43 0.154
22 45 0.171
22 28 0.116
22 29 0.164
22 33 0.144
22 36 0.132
23 39 0.998
23 29 0.941
23 43 0.861
23 40 0.958
23 45 0.312
23 44 0.203
23 38 0.241
23 26 0.24
23 24 0.248
23 30 0.187
23 41 0.184
23 48 0.124
23 28 0.218
23 31 0.16
23 33 0.137
23 35 0.168
23 36 0.123
23 37 0.173
23 42 0.154
23 46 0.161
23 47 0.15
23 49 0.177
24 38 0.564
24 44 0.244
24 33 0.082
24 47 0.511
24 48 0.185
24 25 0.378
24 32 0.263
24 35 0.289
24 36 0.292
24 26 0.114
24 45 0.119
24 49 0.22
24 42 0.172
24 27 0.138
24 28 0.168
24 34 0.1
24 39 0.139
24 41 0.165
24 43 0.159
24 46 0.198
25 49 0.78
25 44 0.624
25 27 0.178
25 41 0.151
25 31 0.157
25 45 0.126
25 32 0.102
25 35 0.22
25 39 0.087
25 30 0.133
25 46 0.198
25 47 0.154
25 48 0.067
25 28 0.157
25 33 0.131
25 36 0.127
25 43 0.125
26 42 1
26 35 0.628
26 28 0.813
26 49 0.411
26 27 0.272
26 40 0.028
26 29 0.087
26 45 0.527
26 32 0.195
26 33 0.279
26 39 0.351
26 43 0.521
26 30 0.02
26 41 0.242
26 36 0.225
26 37 0.17
26 38 0.125
26 48 0.171
27 31 0.642
27 28 0.542
27 38 0.415
27 48 0.041
27 34 0.102
27 35 0.086
27 29 0.156
27 30 0.199
27 32 0.175
27 33 0.141
27 36 0.194
27 37 0.128
27 39 0.187
27 40 0.171
27 42 0.127
27 45 0.131
27 46 0.178
27 47 0.13
28 34 0.738
28 42 0.647
28 39 0.807
28 47 0.633
28 48 0.224
28 49 0.245
28 30 0.125
28 45 0.098
28 32 0.152
28 33 0.131
28 35 0.202
28 31 0.176
28 36 0.181
28 38 0.158
28 43 0.093
28 44 0.158
29 44 0.94
29 47 1
29 33 0.685
29 34 0.275
29 40 0.504
29 41 0.022
29 38 0.116
29 46 0.145
29 42 0.147
29 49 0.361
29 30 0.125
29 32 0.17
29 48 0.144
30 37 0.931
30 34 0.649
30 35 0.834
30 36 0.905
30 48 0.698
30 41 0.03
30 43 0.052
30 42 0.109
30 47 0.045
30 32 0.332
30 40 0.182
30 44 0.151
30 33 0.188
30 38 0.154
30 39 0.142
30 49 0.162
31 38 0.398
31 49 0.57
31 40 0.17
31 33 0.069
31 34 0.138
31 42 0.24
31 32 0.119
31 35 0.138
31 36 0.13
31 39 0.102
31 41 0.13
31 47 0.123
31 48 0.148
32 45 0.797
32 48 1
32 37 0.872
32 43 0.523
32 34 0.336
32 46 0.068
32 39 0.215
32 41 0.121
32 33 0.154
32 36 0.151
32 38 0.161
32 40 0.109
32 42 0.163
33 39 1
33 42 0.557
33 47 0.493
33 38 0.076
33 44 0.117
33 36 0.035
33 40 0.12
33 43 0.091
33 46 0.107
33 49 0.207
34 36 0.932
34 46 0.723
34 48 0.866
34 38 0.916
34 39 1
34 43 0.877
34 49 0.318
34 35 0.228
34 41 0.225
34 42 0.137
34 44 0.143
34 45 0.158
35 40 0.635
35 45 0.568
35 47 0.414
35 48 0.376
35 36 0.14
35 38 0.136
35 39 0.19
35 41 0.177
35 44 0.199
36 43 1
36 39 0.599
36 45 0.489
36 42 0.186
36 44 0.235
36 38 0.179
36 40 0.139
36 41 0.168
36 48 0.187
36 49 0.161
37 44 0.409
37 42 0.283
37 39 0.25
37 49 0.268
37 40 0.184
37 47 0.157
38 40 0.992
38 41 0.027
38 42 0.165
38 45 0.461
38 49 0.131
38 39 0.181
38 44 0.158
38 46 0.162
38 47 0.158
38 48 0.083
39 42 0.169
39 49 0.166
39 43 0.214
39 46 0.075
39 47 0.091
39 40 0.159
39 44 0.179
40 49 0.527
40 42 0.296
40 41 0.235
40 44 0.117
40 47 0.182
40 43 0.071
40 46 0.127
40 48 0.161
41 45 0.159
41 47 0.057
41 48 0.053
41 49 0.218
41 44 0.264
41 42 0.109
41 43 0.142
42 48 0.125
42 49 0.06
42 47 0.14
43 45 0.892
43 47 0.661
43 48 0.26
43 44 0.151
44 48 0.561
44 47 0.79
44 45 0.018
44 49 0.206
44 46 0.179
45 48 0.553
45 47 0.274
45 49 0.318
45 46 0.123
46 49 0.149
46 47 0.234
46 48 0.144
47 48 0.765
48 49 0.204
