0 29 0.719
0 5 0.858
0 26 0.932
0 9 0.631
0 27 1
0 37 0.584
0 15 0.506
0 41 0.645
0 20 0.047
0 3 0.208
0 12 0.096
0 18 0.105
0 31 0.139
0 11 0.116
0 33 0.167
0 14 0.211
0 16 0.165
0 22 0.13
0 28 0.185
0 30 0.175
0 44 0.156
0 49 0.19
1 21 0.672
1 45 0.684
1 38 0.946
1 16 0.95
1 14 0.623
1 22 0.685
1 33 0.585
1 2 0.173
1 20 0.151
1 32 0.178
1 8 0.197
1 18 0.175
1 49 0.314
1 7 0.14
1 9 0.175
1 28 0.115
1 34 0.096
1 36 0.146
1 37 0.085
1 42 0.172
1 43 0.144
1 48 0.143
2 7 0.726
2 49 1
2 26 0.905
2 19 0.86
2 13 0.147
2 27 0.132
2 14 0.156
2 23 0.151
2 28 0.151
2 10 0.192
2 22 0.152
2 31 0.147
2 32 0.16
2 45 0.312
2 8 0.124
2 9 0.134
2 15 0.202
2 17 0.137
2 25 0.106
2 29 0.096
2 36 0.127
2 39 0.142
2 48 0.097
3 17 0.708
3 36 1
3 38 0.984
3 44 0.757
3 32 0.91
3 15 0.972
3 45 0.807
3 30 0.399
3 25 0.246
3 11 0.137
3 20 0.122
3 33 0.125
3 34 0.098
3 39 0.127
3 6 0.139
3 9 0.091
3 10 0.19
3 19 0.126
3 24 0.101
3 27 0.127
3 28 0.172
3 29 0.135
3 47 0.171
4 34 0.74
4 30 0.927
4 36 0.618
4 24 0.709
4 6 0.193
4 8 0.176
4 15 0.108
4 31 0.144
4 35 0.111
4 47 0.148
4 5 0.136
4 18 0.077
4 27 0.135
4 38 0.133
4 48 0.088
4 9 0.184
4 11 0.152
4 13 0.159
4 16 0.121
4 17 0.161
4 20 0.141
4 39 0.206
4 44 0.123
4 45 0.213
5 38 0.97
5 32 1
5 47 0.821
5 14 0.794
5 46 0.833
5 40 0.654
5 35 0.6
5 17 0.162
5 30 0.122
5 25 0.094
5 6 0.156
5 10 0.156
5 12 0.194
5 13 0.196
5 18 0.167
5 24 0.128
5 28 0.178
5 39 0.129
5 41 0.134
5 43 0.172
5 44 0.17
5 48 0.178
6 27 1
6 26 1
6 42 1
6 10 0.67
6 29 0.786
6 36 0.645
6 19 0.86
6 22 0.851
6 7 0.52
6 40 0.154
6 35 0.192
6 17 0.149
6 18 0.146
6 33 0.14
6 8 0.159
6 9 0.186
6 11 0.118
6 12 0.128
6 21 0.207
6 25 0.135
6 32 0.163
6 44 0.144
6 47 0.122
7 23 1
7 25 0.715
7 30 0.68
7 14 0.683
7 49 0.134
7 22 0.027
7 16 0.232
7 48 0.052
7 8 0.142
7 15 0.131
7 27 0.198
7 37 0.143
7 43 0.165
7 47 0.114
7 10 0.16
7 28 0.173
7 29 0.192
7 32 0.131
7 33 0.149
7 35 0.178
7 36 0.177
7 39 0.16
7 40 0.176
8 16 1
8 18 0.684
8 44 0.98
8 45 0.887
8 30 0.226
8 32 0.134
8 9 0.174
8 35 0.153
8 37 0.097
8 38 0.135
8 42 0.163
8 11 0.09
8 13 0.177
8 14 0.13
8 19 0.146
8 24 0.214
8 31 0.187
8 33 0.173
8 34 0.155
8 36 0.141
8 40 0.089
8 43 0.112
9 15 0.835
9 49 0.583
9 23 0.866
9 45 0.535
9 33 0.57
9 17 0.174
9 44 0.118
9 29 0.113
9 42 0.077
9 47 0.146
9 10 0.166
9 11 0.163
9 16 0.165
9 19 0.156
9 21 0.111
9 25 0.13
9 30 0.154
9 36 0.141
9 41 0.174
9 43 0.165
10 32 0.69
10 30 0.731
10 41 0.549
10 28 0.623
10 34 0.185
10 35 0.155
10 13 0.013
10 23 0.069
10 26 0.085
10 33 0.205
10 38 0.155
10 40 0.128
10 11 0.126
10 12 0.169
10 19 0.143
10 21 0.157
10 29 0.164
10 42 0.137
10 44 0.116
10 46 0.145
11 43 0.957
11 26 0.742
11 31 0.989
11 48 0.737
11 40 0.207
11 13 0.132
11 16 0.174
11 22 0.132
11 24 0.135
11 34 0.147
11 12 0.161
11 18 0.122
11 20 0.132
11 23 0.19
11 33 0.165
11 35 0.168
11 37 0.12
11 38 0.155
11 42 0.124
11 44 0.181
12 33 0.875
12 37 0.821
12 35 0.807
12 42 0.531
12 31 0.221
12 17 0.076
12 16 0.106
12 49 0.139
12 18 0.135
12 26 0.186
12 30 0.16
12 32 0.113
12 43 0.187
12 25 0.121
12 34 0.175
12 36 0.164
12 40 0.145
12 44 0.147
13 47 0.604
13 35 0.804
13 30 0.896
13 23 1
13 26 1
13 31 0.638
13 21 0.636
13 24 0.129
13 29 0.15
13 34 0.107
13 27 0.133
13 37 0.143
13 41 0.129
13 48 0.349
13 49 0.145
13 18 0.186
13 19 0.147
13 22 0.154
13 33 0.081
13 40 0.113
13 42 0.167
13 43 0.128
13 46 0.163
14 34 0.701
14 42 1
14 41 0.872
14 38 0.75
14 44 0.622
14 35 0.157
14 43 0.164
14 24 0.122
14 30 0.151
14 36 0.198
14 45 0.122
14 46 0.136
14 26 0.241
14 37 0.155
14 39 0.181
14 40 0.157
14 15 0.131
14 16 0.202
14 17 0.152
14 18 0.114
14 21 0.142
14 23 0.137
14 27 0.11
14 32 0.186
14 49 0.161
15 48 0.76
15 29 0.753
15 16 0.96
15 25 0.872
15 19 0.631
15 22 0.125
15 26 0.123
15 17 0.162
15 20 0.143
15 23 0.176
15 27 0.121
15 32 0.14
15 41 0.13
15 45 0.12
15 18 0.143
15 36 0.204
15 46 0.121
15 49 0.185
16 35 1
16 24 0.98
16 38 0.898
16 21 0.715
16 22 0.128
16 25 0.19
16 18 0.187
16 19 0.163
16 48 0.189
16 31 0.135
16 45 0.17
16 46 0.23
16 49 0.152
16 17 0.187
16 27 0.118
16 41 0.181
17 37 0.748
17 18 0.005
17 29 0.163
17 30 0.167
17 26 0.144
17 48 0.204
17 31 0.193
17 39 0.168
17 40 0.123
17 49 0.307
17 24 0.144
17 27 0.189
17 38 0.139
17 44 0.132
18 36 0.919
18 31 1
18 20 0.76
18 43 0.165
18 47 0.196
18 21 0.149
18 38 0.135
18 42 0.189
18 44 0.139
18 45 0.174
18 46 0.14
18 24 0.159
18 40 0.143
19 25 0.96
19 28 0.94
19 30 0.994
19 34 1
19 49 0.102
19 23 0.16
19 24 0.182
19 27 0.161
19 42 0.166
19 22 0.2
19 21 0.189
19 33 0.141
19 38 0.17
19 44 0.122
20 22 0.828
20 37 0.796
20 40 0.983
20 30 0.746
20 21 0.698
20 32 0.83
20 36 0.054
20 44 0.148
20 46 0.126
20 34 0.209
20 28 0.164
20 39 0.214
20 47 0.15
20 27 0.13
20 29 0.15
20 41 0.129
20 45 0.174
20 49 0.223
21 24 0.896
21 28 0.702
21 48 0.997
21 31 0.925
21 43 0.901
21 26 1
21 27 0.111
21 25 0.177
21 39 0.171
21 47 0.143
21 37 0.196
21 42 0.181
21 22 0.133
21 32 0.177
21 33 0.093
21 34 0.086
21 38 0.156
21 44 0.138
21 46 0.152
22 37 0.848
22 24 0.835
22 42 0.657
22 40 0.841
22 25 0.512
22 31 0.143
22 26 0.154
22 33 0.172
22 36 0.149
22 46 0.193
22 49 0.32
22 29 0.167
22 32 0.135
22 38 0.15
22 39 0.121
22 41 0.117
23 43 0.709
23 48 0.668
23 42 0.55
23 34 0.546
23 28 0.12
23 26 0.168
23 35 0.231
23 39 0.284
23 44 0.137
23 45 0.141
23 46 0.166
23 49 0.208
23 25 0.154
23 29 0.072
23 40 0.117
24 27 0.645
24 39 0.673
24 40 1
24 41 0.218
24 49 0.136
24 28 0.137
24 33 0.115
24 37 0.14
24 38 0.172
24 25 0.188
24 26 0.18
24 30 0.128
24 34 0.135
24 43 0.141
24 44 0.154
25 49 0.73
25 38 1
25 32 1
25 45 0.163
25 29 0.308
25 34 0.113
25 39 0.242
25 31 0.174
25 47 0.126
25 27 0.13
25 40 0.132
25 42 0.137
25 43 0.178
26 32 0.51
26 27 0.118
26 28 0.179
26 40 0.118
26 44 0.052
26 30 0.153
26 31 0.098
26 35 0.119
26 38 0.189
26 41 0.14
26 45 0.131
26 46 0.141
26 47 0.165
26 48 0.187
27 37 1
27 39 0.926
27 42 0.145
27 35 0.165
27 43 0.168
27 44 0.176
27 32 0.127
27 40 0.13
27 45 0.152
27 46 0.139
27 47 0.164
28 43 0.573
28 31 0.832
28 40 0.068
28 29 0.172
28 44 0.129
28 33 0.147
28 34 0.15
28 35 0.184
28 45 0.107
28 46 0.14
29 44 0.705
29 43 0.525
29 30 0.138
29 45 0.102
29 31 0.137
29 36 0.118
29 38 0.171
29 39 0.127
29 40 0.184
29 46 0.153
29 49 0.089
30 37 0.913
30 43 0.874
30 47 0.823
30 42 1
30 34 0.531
30 33 0.109
30 45 0.18
30 32 0.169
30 41 0.092
30 46 0.16
30 48 0.146
31 48 0.976
31 34 0.966
31 38 1
31 32 0.888
31 46 0.779
31 37 0.155
31 44 0.135
31 45 0.141
31 49 0.156
32 40 0.73
32 36 1
32 39 1
32 44 0.573
32 35 0.917
32 37 0.122
32 33 0.143
32 34 0.14
32 43 0.195
33 40 0.863
33 42 1
33 45 0.154
33 36 0.165
33 46 0.139
34 46 0.763
34 36 0.769
34 35 0.205
34 40 0.114
34 43 0.161
35 43 0.936
35 45 1
35 44 0.83
35 36 0.825
35 40 0.113
35 42 0.097
35 46 0.128
35 47 0.128
35 41 0.157
36 44 0.924
36 37 0.937
36 49 0.982
36 47 0.122
36 43 0.17
36 41 0.121
36 42 0.202
36 46 0.153
36 48 0.143
37 49 0.662
37 43 0.665
37 42 1
37 40 0.537
37 45 0.166
37 39 0.101
37 46 0.206
37 38 0.153
37 44 0.136
37 47 0.124
37 48 0.157
38 41 0.867
38 43 0.124
38 40 0.171
39 45 0.611
39 40 0.583
39 48 0.162
39 41 0.185
39 42 0.142
39 43 0.132
39 47 0.128
40 49 0.861
40 45 0.117
40 43 0.19
41 43 0.616
41 44 0.155
41 47 0.141
41 42 0.136
41 49 0.148
42 49 0.658
42 44 0.147
42 47 0.149
43 44 0.993
43 46 0.525
43 49 0.134
44 49 0.819
44 45 0.897
44 47 0.161
44 48 0.143
45 49 0.52
46 49 0.179
48 49 0.138
