0 40 0.803
0 34 0.855
0 24 0.525
0 11 0.184
0 22 0.073
0 31 0.112
0 9 0.122
0 13 0.062
0 18 0.181
0 21 0.211
0 26 0.113
0 39 0.213
0 45 0.142
0 46 0.137
0 48 0.134
0 4 0.135
0 5 0.219
0 6 0.092
0 12 0.166
0 14 0.163
0 19 0.139
0 44 0.121
1 17 0.726
1 27 0.785
1 5 0.879
1 45 0.15
1 14 0.167
1 16 0.152
1 18 0.165
1 19 0.165
1 24 0.14
1 33 0.115
1 44 0.156
1 7 0.167
1 8 0.148
1 15 0.126
1 26 0.155
1 37 0.154
1 46 0.178
1 47 0.156
1 48 0.149
1 49 0.211
2 40 0.725
2 22 0.828
2 39 0.725
2 12 0.204
2 14 0.175
2 45 0.137
2 31 0.221
2 6 0.101
2 19 0.202
2 26 0.181
2 32 0.195
2 48 0.194
2 8 0.127
2 17 0.134
2 27 0.123
2 47 0.154
2 11 0.162
2 23 0.185
2 28 0.112
2 33 0.103
2 34 0.117
2 38 0.105
2 41 0.111
2 49 0.191
3 30 0.626
3 21 0.688
3 8 0.671
3 12 0.133
3 27 0.18
3 24 0.157
3 6 0.128
3 10 0.175
3 20 0.17
3 29 0.154
3 34 0.138
3 36 0.168
3 46 0.104
3 5 0.192
3 13 0.142
3 15 0.157
3 16 0.154
3 19 0.17
3 22 0.167
3 33 0.106
3 37 0.186
4 9 1
4 5 0.533
4 16 0.696
4 25 0.576
4 39 0.856
4 20 0.708
4 31 0.694
4 15 0.794
4 32 0.125
4 11 0.14
4 24 0.161
4 40 0.189
4 42 0.185
4 48 0.13
4 7 0.12
4 10 0.112
4 21 0.128
4 22 0.135
4 29 0.181
4 35 0.191
4 36 0.131
4 43 0.176
4 47 0.176
4 49 0.161
5 11 0.617
5 31 0.861
5 25 0.724
5 17 1
5 35 0.057
5 23 0.218
5 49 0.13
5 48 0.173
5 22 0.205
5 8 0.123
5 13 0.153
5 26 0.177
5 38 0.153
5 40 0.192
5 45 0.17
5 6 0.176
5 7 0.17
5 19 0.141
5 21 0.145
5 27 0.141
5 39 0.162
5 41 0.169
5 42 0.09
5 44 0.12
6 45 0.932
6 20 0.739
6 19 0.559
6 22 0.749
6 40 0.131
6 15 0.133
6 33 0.17
6 37 0.121
6 39 0.125
6 16 0.149
6 18 0.09
6 23 0.162
6 29 0.093
6 35 0.159
6 41 0.167
6 43 0.137
6 44 0.176
6 47 0.197
7 17 0.98
7 37 0.662
7 12 0.616
7 49 0.929
7 42 0.843
7 47 0.747
7 14 0.151
7 22 0.173
7 8 0.007
7 20 0.179
7 28 0.168
7 29 0.163
7 19 0.181
7 48 0.142
7 18 0.092
7 23 0.269
7 25 0.081
7 26 0.203
7 27 0.172
7 31 0.129
7 38 0.156
7 39 0.2
8 33 0.866
8 40 1
8 24 0.879
8 26 0.574
8 34 0.83
8 48 0.681
8 12 0.752
8 27 0.153
8 41 0.153
8 13 0.162
8 49 0.173
8 10 0.139
8 11 0.155
8 23 0.17
8 25 0.072
8 36 0.147
8 47 0.165
9 46 0.837
9 18 1
9 44 0.13
9 19 0.263
9 43 0.183
9 11 0.208
9 12 0.168
9 16 0.172
9 25 0.172
9 26 0.128
9 14 0.166
9 15 0.162
9 24 0.133
9 32 0.112
9 47 0.146
9 48 0.189
10 38 0.982
10 45 0.875
10 27 0.787
10 15 0.04
10 36 0.185
10 30 0.099
10 46 0.278
10 22 0.189
10 44 0.084
10 14 0.168
10 35 0.172
10 42 0.124
10 18 0.101
10 23 0.196
10 24 0.169
10 25 0.155
10 28 0.157
10 32 0.109
10 41 0.104
10 47 0.163
10 49 0.163
11 18 0.737
11 22 0.85
11 30 0.797
11 39 1
11 44 0.56
11 15 0.964
11 21 0.181
11 29 0.179
11 38 0.193
11 17 0.126
11 20 0.206
11 26 0.192
11 48 0.116
11 16 0.101
11 27 0.116
11 33 0.168
11 42 0.11
11 46 0.111
11 49 0.153
12 25 0.92
12 40 0.78
12 19 0.788
12 22 0.984
12 17 0.856
12 44 0.576
12 49 0.129
12 38 0.073
12 18 0.162
12 32 0.166
12 33 0.074
12 37 0.161
12 39 0.178
12 13 0.16
12 47 0.151
12 15 0.13
12 20 0.126
12 24 0.172
12 27 0.228
12 28 0.175
12 41 0.158
12 42 0.104
13 31 0.832
13 49 0.938
13 32 0.523
13 48 0.793
13 33 0.769
13 37 0.501
13 42 0.184
13 22 0.15
13 26 0.182
13 46 0.166
13 21 0.143
13 36 0.135
13 25 0.26
13 41 0.12
13 14 0.173
13 15 0.181
13 28 0.122
13 35 0.157
13 43 0.173
14 36 0.88
14 23 0.566
14 38 0.847
14 46 0.807
14 16 0.133
14 45 0.348
14 32 0.198
14 22 0.145
14 24 0.1
14 25 0.184
14 39 0.12
14 41 0.121
14 15 0.13
14 20 0.162
14 21 0.149
14 26 0.147
14 30 0.12
14 33 0.173
14 37 0.154
14 48 0.105
15 17 0.99
15 47 1
15 29 0.707
15 20 0.891
15 46 0.559
15 35 0.199
15 39 0.087
15 43 0.171
15 18 0.14
15 25 0.154
15 34 0.178
15 42 0.103
15 49 0.187
16 24 0.901
16 21 0.669
16 35 0.797
16 27 0.828
16 39 0.55
16 17 0.073
16 22 0.135
16 34 0.084
16 44 0.158
16 47 0.192
16 20 0.166
16 23 0.158
16 26 0.165
16 33 0.133
16 36 0.135
16 41 0.136
17 41 0.614
17 29 0.966
17 35 0.925
17 42 0.524
17 23 0.807
17 31 0.145
17 43 0.124
17 25 0.15
17 27 0.148
17 21 0.179
17 24 0.157
17 32 0.181
17 36 0.112
18 48 1
18 19 0.855
18 39 0.102
18 46 0.07
18 29 0.12
18 30 0.173
18 35 0.181
18 40 0.211
18 44 0.202
18 25 0.162
18 26 0.15
18 33 0.139
18 36 0.174
18 37 0.168
18 43 0.15
19 35 0.829
19 40 1
19 24 0.12
19 27 0.128
19 30 0.156
19 37 0.191
19 44 0.178
19 23 0.173
19 32 0.185
19 48 0.142
19 31 0.177
19 41 0.131
19 46 0.173
19 49 0.156
20 49 0.826
20 44 0.962
20 47 0.943
20 40 0.176
20 23 0.138
20 31 0.102
20 32 0.156
20 46 0.356
20 27 0.164
20 35 0.142
20 38 0.159
20 42 0.103
20 48 0.118
21 30 0.915
21 38 0.757
21 28 0.183
21 29 0.142
21 49 0.179
21 44 0.212
21 23 0.157
21 24 0.197
21 25 0.066
21 27 0.191
21 35 0.133
21 43 0.128
22 46 0.612
22 42 0.678
22 49 0.883
22 48 0.67
22 26 0.621
22 23 0.158
22 37 0.16
22 44 0.14
22 34 0.11
22 45 0.176
22 24 0.096
22 27 0.183
22 30 0.156
22 36 0.151
22 41 0.156
23 39 0.904
23 29 1
23 43 0.972
23 40 1
23 47 0.07
23 33 0.206
23 26 0.148
23 41 0.171
23 32 0.02
23 38 0.124
23 30 0.136
23 31 0.159
23 36 0.158
23 42 0.18
23 44 0.18
24 47 0.694
24 43 0.417
24 40 0.165
24 49 0.13
24 26 0.128
24 36 0.087
24 46 0.099
24 28 0.161
24 31 0.163
24 32 0.156
24 37 0.103
24 39 0.137
24 41 0.137
24 48 0.12
25 49 0.898
25 31 0.738
25 40 0.77
25 45 0.11
25 32 0.111
25 42 0.159
25 43 0.157
25 26 0.131
25 28 0.173
25 29 0.115
25 34 0.162
25 39 0.084
25 46 0.206
26 42 0.969
26 35 0.787
26 28 0.716
26 48 0.711
26 33 0.132
26 40 0.311
26 46 0.123
26 30 0.133
26 41 0.122
26 43 0.291
26 36 0.169
26 39 0.151
27 31 0.787
27 48 0.306
27 28 0.126
27 32 0.063
27 43 0.144
27 30 0.199
27 29 0.113
27 35 0.149
27 45 0.131
27 46 0.154
27 47 0.172
28 42 1
28 39 0.722
28 38 0.681
28 34 0.15
28 46 0.124
28 30 0.181
28 41 0.163
28 29 0.183
28 44 0.153
28 31 0.132
28 40 0.177
28 45 0.194
28 47 0.114
29 44 0.977
29 47 1
29 33 0.512
29 39 0.168
29 32 0.189
29 46 0.118
29 31 0.202
29 34 0.166
29 36 0.154
29 38 0.106
29 40 0.084
29 43 0.166
30 37 0.81
30 35 0.768
30 36 1
30 48 0.927
30 38 0.564
30 49 0.134
30 47 0.136
30 34 0.176
30 40 0.104
31 48 0.234
31 38 0.207
31 37 0.131
31 39 0.149
31 36 0.117
31 43 0.121
31 47 0.128
32 37 0.717
32 35 1
32 42 0.148
32 47 0.082
32 43 0.181
32 33 0.141
32 49 0.179
32 39 0.125
32 41 0.163
32 44 0.145
32 45 0.188
33 39 1
33 36 0.087
33 37 0.14
33 42 0.147
33 45 0.177
33 46 0.146
34 36 0.762
34 46 0.947
34 48 0.939
34 38 0.91
34 39 1
34 43 1
34 41 0.037
34 42 0.125
34 44 0.11
34 45 0.175
35 40 0.907
35 36 0.643
35 42 0.118
35 45 0.12
35 46 0.149
35 47 0.146
36 43 0.575
36 39 0.8
36 40 0.941
36 37 0.17
36 41 0.144
36 46 0.137
37 39 0.855
37 41 0.181
37 38 0.103
37 47 0.144
37 48 0.154
38 39 0.23
38 44 0.184
38 47 0.154
38 48 0.176
39 47 0.126
39 49 0.132
39 46 0.175
39 48 0.174
39 44 0.168
39 45 0.156
40 42 0.834
40 46 0.193
40 43 0.179
40 48 0.157
41 49 0.146
42 46 0.093
42 48 0.133
42 49 0.183
42 44 0.123
43 47 0.749
43 49 0.085
43 46 0.114
43 45 0.191
44 48 0.786
44 47 1
44 46 0.147
44 45 0.16
45 48 0.865
45 46 0.092
45 49 0.138
46 48 0.24
47 48 0.797
