0 3 0.08
0 8 1
0 40 0.807
0 19 1
0 38 0.806
0 31 0.332
0 20 0.267
0 24 0.421
0 13 0.811
0 4 0.579
0 26 0.581
0 36 0.916
0 9 0.903
0 15 0.405
0 49 0.765
0 25 0.018
0 30 0.353
0 10 0.851
0 28 0.334
0 6 0.883
0 48 0.427
0 35 0.498
0 16 0.961
0 46 0.539
0 29 0.356
0 2 0.149
0 18 0.424
0 41 0.321
0 17 0.259
0 12 0.128
0 39 0.211
0 1 0.31
0 11 0.525
0 37 0.416
0 5 0.134
0 34 0.57
0 7 0.233
0 33 0.08
0 14 0.137
0 22 0.123
0 43 0.194
1 12 0.562
1 42 0.729
1 22 0.461
1 37 0.798
1 41 0.88
1 4 0.217
1 24 0.882
1 47 0.227
1 26 0.413
1 15 0.283
1 32 0.499
1 34 0.267
1 5 0.426
1 18 0.74
1 44 0.063
1 9 0.704
1 45 0.716
1 35 0.355
1 40 0.319
1 49 0.441
1 16 0.496
1 2 0.281
1 31 0.009
1 28 0.384
1 25 0.583
1 17 0.533
1 19 0.316
1 30 0.029
1 46 0.275
1 3 0.111
1 23 0.214
1 20 0.165
1 27 0.07
1 33 0.138
2 28 0.141
2 35 0.851
2 43 1
2 23 0.343
2 44 0.788
2 12 0.974
2 6 0.378
2 33 0.916
2 34 0.377
2 40 0.515
2 46 0.865
2 7 0.034
2 9 0.377
2 10 0.233
2 19 1
2 20 0.804
2 21 0.647
2 26 0.339
2 29 0.648
2 32 1
2 22 0.186
2 27 0.26
2 37 0.265
2 24 0.423
2 49 0.61
2 17 0.297
2 48 0.526
2 13 0.485
2 14 0.415
2 25 0.552
2 36 0.604
2 4 0.184
2 11 0.114
2 47 0.231
2 42 0.23
2 8 0.093
2 18 0.171
3 39 0.473
3 14 1
3 36 0.525
3 38 0.434
3 15 0.669
3 11 0.888
3 21 0.77
3 10 0.495
3 12 1
3 4 0.75
3 33 1
3 48 0.718
3 17 0.128
3 30 0.064
3 8 0.602
3 7 0.459
3 35 0.415
3 22 0.48
3 20 0.256
3 37 0.001
3 13 0.503
3 31 0.282
3 6 0.126
3 46 0.322
3 40 0.436
3 24 0.099
3 9 0.063
3 26 0.426
3 28 0.401
3 19 0.172
3 29 0.13
3 25 0.221
3 32 0.128
3 43 0.058
3 18 0.114
4 36 0.974
4 24 0.24
4 11 0.368
4 7 0.902
4 16 0.634
4 27 0.555
4 14 0.989
4 10 0.465
4 6 0.593
4 12 0.039
4 18 0.564
4 25 0.382
4 26 0.761
4 40 0.573
4 43 0.577
4 23 0.062
4 28 0.011
4 29 0.356
4 9 0.43
4 33 0.268
4 46 0.587
4 37 0.642
4 41 0.257
4 20 0.065
4 15 0.029
4 30 0.662
4 5 0.664
4 38 0.391
4 31 0.242
4 42 0.698
4 34 0.311
4 49 0.112
4 48 0.002
4 8 0.05
4 35 0.262
4 22 0.006
4 21 0.159
5 23 0.244
5 35 1
5 42 1
5 41 0.054
5 27 0.924
5 49 0.93
5 10 0.391
5 13 0.96
5 6 0.467
5 22 0.366
5 24 0.259
5 25 1
5 29 0.477
5 7 0.258
5 9 0.434
5 19 0.25
5 36 0.339
5 45 0.879
5 31 0.512
5 44 0.358
5 46 0.584
5 47 0.875
5 18 0.273
5 17 0.99
5 30 0.483
5 32 0.472
5 40 0.678
5 26 0.116
5 11 0.07
5 15 0.087
5 21 0.113
5 37 0.207
5 48 0.22
5 20 0.013
5 38 0.188
6 11 0.356
6 33 0.934
6 45 0.642
6 10 0.38
6 7 0.847
6 35 0.477
6 9 0.231
6 24 0.477
6 36 0.482
6 16 0.23
6 47 1
6 49 0.199
6 27 0.059
6 32 0.423
6 48 0.374
6 13 0.075
6 29 0.888
6 31 0.184
6 19 0.256
6 44 0.464
6 26 0.882
6 37 0.25
6 20 0.572
6 22 0.406
6 38 0.695
6 39 1
6 23 0.1
6 34 0.115
6 40 0.343
6 41 0.288
6 14 0.212
6 17 0.286
6 18 0.303
6 21 0.281
6 46 0.052
6 15 0.117
6 25 0.135
6 12 0.194
7 26 0.422
7 34 0.941
7 9 0.179
7 10 0.653
7 25 1
7 33 0.642
7 41 0.802
7 18 0.984
7 21 0.085
7 13 0.616
7 17 0.178
7 36 0.388
7 44 0.981
7 38 0.824
7 12 0.379
7 28 0.857
7 32 0.152
7 14 0.652
7 15 0.414
7 24 0.525
7 27 0.198
7 35 0.576
7 42 0.77
7 45 1
7 37 0.291
7 8 0.533
7 40 0.527
7 49 0.225
7 39 0.043
7 19 0.284
7 48 0.3
7 11 0.541
7 22 0.167
7 31 0.205
7 29 0.14
8 49 0.803
8 9 0.368
8 27 0.287
8 45 0.864
8 29 0.65
8 47 0.21
8 43 0.546
8 32 0.027
8 36 0.517
8 37 0.544
8 38 0.657
8 39 0.925
8 10 0.361
8 26 0.026
8 35 0.949
8 46 0.495
8 14 0.426
8 22 0.2
8 28 0.642
8 13 0.496
8 40 0.396
8 31 0.627
8 44 0.474
8 15 0.122
8 48 0.404
8 41 0.13
8 19 0.509
8 21 0.092
8 11 0.208
8 18 0.234
8 42 0.2
8 17 0.166
8 30 0.089
9 25 0.482
9 43 1
9 34 0.486
9 16 0.691
9 22 0.325
9 44 0.602
9 38 0.427
9 48 0.552
9 27 0.954
9 18 0.151
9 24 0.73
9 36 0.266
9 15 0.116
9 47 0.067
9 49 0.23
9 46 0.631
9 10 0.331
9 45 0.557
9 14 0.939
9 29 0.6
9 40 0.648
9 19 0.679
9 21 0.112
9 32 0.228
9 39 0.67
9 42 0.369
9 33 0.223
9 35 0.257
9 12 0.261
9 30 0.126
9 23 0.113
9 37 0.269
10 27 0.827
10 18 0.299
10 17 0.383
10 26 0.667
10 39 0.242
10 49 0.298
10 32 0.866
10 36 0.21
10 44 0.133
10 45 0.164
10 12 0.546
10 21 0.711
10 42 0.965
10 46 0.414
10 43 0.745
10 14 0.243
10 31 0.274
10 41 0.465
10 47 0.352
10 48 0.408
10 11 0.083
10 24 0.073
10 25 0.717
10 16 0.384
10 33 0.226
10 34 0.157
10 23 0.107
11 18 0.946
11 19 0.617
11 13 0.992
11 30 0.397
11 16 0.913
11 20 0.701
11 15 0.77
11 38 0.072
11 24 0.712
11 49 0.965
11 17 0.353
11 44 0.417
11 14 0.725
11 21 1
11 23 0.478
11 37 0.671
11 47 0.046
11 48 0.347
11 22 0.581
11 31 0.264
11 26 0.809
11 41 0.336
11 42 0.534
11 28 0.425
11 34 1
11 36 0.005
11 43 0.446
11 46 0.276
11 32 0.354
11 40 0.263
11 45 0.244
11 29 0.181
11 39 0.178
12 17 0.547
12 39 0.604
12 36 0.958
12 30 0.391
12 43 0.209
12 47 0.252
12 27 0.178
12 29 0.807
12 34 1
12 49 0.337
12 16 0.226
12 28 0.125
12 25 0.601
12 40 1
12 20 0.77
12 32 0.337
12 15 0.282
12 46 0.329
12 21 1
12 14 0.631
12 44 0.567
12 45 0.132
12 19 0.405
12 13 0.038
12 37 0.147
12 24 0.205
12 42 0.248
12 33 0.253
12 22 0.148
12 31 0.195
13 26 0.823
13 38 0.579
13 41 0.981
13 43 0.722
13 49 0.927
13 21 0.421
13 35 0.5
13 34 0.651
13 23 0.812
13 46 0.6
13 37 0.792
13 44 0.384
13 16 0.864
13 48 1
13 27 1
13 39 0.947
13 31 0.562
13 33 0.219
13 36 0.956
13 32 0.492
13 25 0.364
13 30 0.633
13 28 0.525
13 29 0.389
13 15 0.343
13 20 0.687
13 19 0.452
13 42 0.217
13 47 0.137
14 32 0.769
14 33 0.743
14 42 0.814
14 49 0.412
14 43 0.007
14 36 0.74
14 48 0.879
14 27 0.705
14 47 0.353
14 21 0.719
14 28 0.339
14 41 0.165
14 22 0.556
14 24 0.807
14 34 0.138
14 35 0.297
14 16 0.233
14 20 0.443
14 31 0.196
14 15 0.166
14 37 0.383
14 17 0.419
14 38 0.572
14 29 0.507
14 39 0.421
14 26 0.22
14 18 0.16
14 44 0.167
15 23 0.741
15 42 0.283
15 43 0.995
15 38 0.905
15 26 0.352
15 41 1
15 40 0.431
15 34 0.216
15 37 0.527
15 17 1
15 44 0.429
15 20 0.724
15 33 0.449
15 25 0.622
15 46 0.544
15 16 0.691
15 24 0.749
15 30 0.72
15 28 0.785
15 18 0.587
15 29 0.816
15 32 0.712
15 21 0.338
15 27 0.341
15 48 0.263
15 49 0.281
15 19 0.415
15 39 0.498
15 45 0.178
15 36 0.265
16 24 1
16 34 0.456
16 35 1
16 22 0.369
16 32 0.853
16 45 0.927
16 26 0.703
16 43 0.622
16 47 0.601
16 19 0.08
16 21 0.528
16 29 0.567
16 48 0.205
16 20 0.804
16 37 0.7
16 46 0.729
16 44 0.525
16 38 0.345
16 28 0.088
16 36 0.295
16 27 0.105
16 41 0.137
16 17 0.105
16 18 0.228
16 39 0.288
16 40 0.17
16 30 0.11
17 44 1
17 30 0.146
17 48 0.882
17 18 1
17 46 0.747
17 43 0.179
17 37 0.849
17 25 0.908
17 24 0.825
17 49 0.449
17 19 0.623
17 26 0.417
17 42 0.369
17 33 0.288
17 28 0.443
17 23 0.36
17 41 0.585
17 34 0.388
17 39 0.929
17 21 0.183
17 47 0.229
17 22 0.338
17 20 0.233
17 29 0.168
17 32 0.154
17 38 0.084
18 25 0.368
18 23 0.56
18 28 0.595
18 22 0.3
18 46 0.697
18 36 0.656
18 26 0.33
18 43 0.144
18 20 0.69
18 33 0.294
18 34 0.259
18 45 0.881
18 32 0.922
18 24 0.433
18 40 0.477
18 49 0.703
18 35 0.104
18 29 0.003
18 31 0.181
18 41 0.419
18 47 0.15
18 27 0.182
19 34 1
19 27 0.956
19 31 0.711
19 23 0.682
19 28 0.923
19 44 0.855
19 43 0.871
19 38 0.264
19 22 0.248
19 42 0.53
19 26 0.72
19 24 0.366
19 32 0.113
19 41 0.01
19 49 0.334
19 40 0.278
19 45 0.03
19 36 0.701
19 39 0.027
19 46 0.073
19 33 0.072
19 35 0.022
19 20 0.181
19 25 0.174
20 29 0.65
20 32 1
20 39 0.258
20 26 0.939
20 37 0.603
20 47 0.414
20 28 0.855
20 31 0.897
20 24 0.254
20 36 0.571
20 33 0.565
20 45 0.8
20 42 0.484
20 27 0.838
20 44 0.112
20 21 0.271
20 43 0.7
20 30 0.516
20 41 0.166
20 46 0.24
20 34 0.322
20 49 0.127
20 22 0.046
20 35 0.139
21 43 0.251
21 33 0.497
21 40 0.496
21 31 0.641
21 49 0.535
21 25 0.09
21 46 0.713
21 23 0.288
21 47 0.696
21 37 0.26
21 27 0.134
21 28 0.381
21 35 0.557
21 39 0.498
21 22 0.369
21 44 0.371
21 38 0.181
21 34 0.08
21 41 0.263
21 36 0.118
22 36 0.234
22 33 0.684
22 32 0.939
22 30 0.302
22 47 0.716
22 45 0.381
22 49 0.454
22 41 0.746
22 42 0.993
22 46 0.402
22 44 0.498
22 43 0.303
22 26 0.287
22 34 0.287
22 40 0.489
22 25 0.324
22 35 0.36
22 31 0.325
22 27 0.145
23 39 1
23 37 0.498
23 32 0.352
23 31 0.684
23 25 0.365
23 44 0.585
23 29 0.313
23 30 0.505
23 43 0.761
23 36 0.408
23 40 0.441
23 47 0.609
23 49 0.087
23 27 0.4
23 42 0.357
23 35 0.336
23 38 0.431
23 41 0.587
23 46 0.314
23 26 0.4
23 33 0.13
24 29 0.546
24 41 0.85
24 25 0.446
24 33 0.781
24 27 0.489
24 44 0.941
24 47 0.641
24 26 0.402
24 28 1
24 46 0.429
24 40 0.988
24 48 0.712
24 34 0.972
24 45 0.17
24 37 0.313
24 42 0.236
24 43 0.192
25 45 0.873
25 31 0.947
25 37 0.552
25 42 0.957
25 30 0.789
25 33 0.303
25 44 0.19
25 27 0.514
25 49 0.955
25 32 0.368
25 46 0.633
25 26 0.11
25 38 0.384
25 43 0.223
25 35 0.363
25 41 0.164
25 34 0.189
25 48 0.359
25 28 0.138
26 37 0.815
26 34 0.889
26 45 1
26 30 0.191
26 42 0.494
26 29 0.73
26 31 0.371
26 32 0.454
26 33 0.553
26 35 0.924
26 48 1
26 46 0.535
26 41 0.2
26 43 0.25
26 44 0.124
26 36 0.2
26 47 0.256
26 28 0.1
26 38 0.127
27 48 0.403
27 33 0.635
27 34 0.922
27 28 0.509
27 35 0.846
27 42 0.946
27 32 0.825
27 37 0.154
27 38 0.238
27 43 0.775
27 31 0.477
27 29 0.321
27 30 0.025
27 36 0.321
27 44 0.469
27 49 0.093
27 45 0.164
27 46 0.055
27 41 0.126
28 49 1
28 31 1
28 34 0.792
28 45 0.922
28 39 0.82
28 29 0.531
28 36 0.632
28 46 0.76
28 38 0.595
28 44 0.509
28 48 0.127
28 33 0.619
28 35 0.72
28 42 0.148
28 40 0.763
28 41 0.316
28 47 0.273
28 43 0.12
29 36 0.554
29 34 0.643
29 41 0.735
29 47 0.908
29 46 0.356
29 32 0.451
29 39 0.676
29 40 0.446
29 44 0.244
29 42 0.221
29 30 0.546
29 35 0.115
29 43 0.402
29 49 0.362
29 38 0.265
29 45 0.091
30 45 0.495
30 36 0.411
30 33 0.374
30 34 0.412
30 41 0.596
30 44 1
30 49 0.168
30 32 0.369
30 46 0.256
30 40 0.332
30 38 0.043
30 31 0.553
30 47 0.172
30 48 0.146
31 33 0.738
31 46 0.13
31 40 0.472
31 41 0.612
31 35 0.952
31 45 0.75
31 32 0.354
31 44 0.737
31 36 0.605
31 48 0.633
31 43 0.654
31 38 0.18
31 39 0.57
31 42 0.513
31 49 0.17
32 49 0.214
32 43 0.605
32 34 0.701
32 37 0.812
32 36 0.449
32 47 0.758
32 44 0.786
32 45 0.416
32 46 0.254
32 40 0.392
32 35 0.281
32 38 0.151
33 35 0.954
33 41 0.707
33 43 0.464
33 37 1
33 38 1
33 46 0.9
33 36 0.917
33 40 0.71
33 34 0.2
33 49 0.444
33 42 0.27
33 48 0.237
33 45 0.231
34 37 0.859
34 41 0.873
34 49 1
34 48 0.404
34 47 0.509
34 40 0.359
34 44 0.214
34 43 0.488
34 36 0.326
34 35 0.552
34 42 0.117
34 39 0.381
34 45 0.78
34 46 0.076
35 46 1
35 38 0.749
35 37 0.789
35 41 0.724
35 47 0.026
35 42 0.928
35 44 0.416
35 48 1
35 39 0.277
35 43 0.366
35 49 0.183
35 45 0.186
36 38 0.957
36 40 0.982
36 46 0.697
36 49 1
36 43 0.086
36 47 0.128
36 45 0.853
36 42 0.12
36 44 0.123
37 41 0.994
37 46 0.266
37 45 0.487
37 38 0.553
37 43 0.703
37 47 0.373
37 44 0.627
37 42 1
37 39 0.675
37 49 0.548
37 40 0.169
38 41 0.445
38 46 0.24
38 40 0.19
38 47 0.295
38 39 0.264
38 49 0.098
38 43 0.201
38 45 0.12
39 48 0.467
39 42 0.715
39 47 0.327
39 45 0.12
39 43 0.2
39 40 0.736
39 41 0.225
39 44 0.206
39 49 0.118
40 41 0.309
40 44 0.778
40 47 0.229
40 48 0.959
40 43 0.064
40 46 0.309
40 49 0.115
41 46 0.31
41 43 0.225
41 44 0.78
41 42 0.401
41 49 0.735
41 48 0.576
41 45 0.399
42 46 0.072
42 48 0.25
42 43 0.488
42 49 0.289
42 45 0.063
43 46 1
43 45 0.119
43 47 0.239
43 48 0.118
44 47 0.766
44 49 0.008
44 48 0.602
44 45 0.416
44 46 0.26
45 46 1
45 49 0.653
45 48 1
45 47 0.963
46 49 0.731
47 49 0.645
47 48 0.18
