0 32 0.897
0 26 0.999
0 47 0.779
0 25 0.89
0 7 0.629
0 14 0.085
0 36 0.692
0 4 0.288
0 34 0.125
0 30 0.274
0 35 0.337
0 41 0.045
0 6 0.136
0 8 0.236
0 10 0.149
0 20 0.258
0 23 0.188
0 24 0.23
0 42 0.091
0 13 0.198
0 19 0.058
0 37 0.203
0 9 0.195
0 33 0.128
0 38 0.14
0 48 0.209
0 11 0.238
0 28 0.126
0 31 0.188
0 46 0.221
0 2 0.042
0 40 0.147
0 43 0.123
1 22 0.577
1 15 1
1 18 0.57
1 30 0.74
1 35 0.803
1 23 0.802
1 24 0.736
1 13 0.838
1 27 0.853
1 40 0.197
1 2 0.183
1 25 0.201
1 8 0.505
1 28 0.211
1 37 0.273
1 47 0.309
1 5 0.278
1 6 0.126
1 14 0.125
1 48 0.302
1 9 0.214
1 29 0.314
1 34 0.176
1 43 0.265
1 7 0.153
1 32 0.086
1 4 0.112
1 21 0.075
1 33 0.12
1 36 0.153
1 39 0.168
1 41 0.115
1 49 0.234
2 39 0.486
2 31 1
2 14 0.781
2 37 0.934
2 45 0.868
2 42 0.811
2 43 0.22
2 30 0.237
2 38 0.146
2 25 0.156
2 33 0.254
2 36 0.144
2 40 0.306
2 6 0.107
2 35 0.272
2 9 0.029
2 32 0.522
2 44 0.18
2 18 0.047
2 4 0.147
2 12 0.117
2 47 0.11
2 49 0.486
2 8 0.158
2 23 0.219
2 29 0.161
2 11 0.161
2 15 0.117
2 22 0.159
2 26 0.12
2 46 0.202
2 48 0.15
3 7 0.682
3 20 0.761
3 47 1
3 28 0.216
3 35 0.756
3 38 0.991
3 33 0.73
3 27 0.427
3 40 0.037
3 26 0.062
3 39 0.254
3 45 0.073
3 17 0.163
3 43 0.182
3 5 0.188
3 23 0.364
3 34 0.284
3 48 0.131
3 37 0.322
3 29 0.089
3 31 0.162
3 9 0.183
3 10 0.121
3 42 0.166
3 4 0.116
3 6 0.151
3 8 0.143
3 11 0.082
3 13 0.199
3 14 0.144
3 41 0.14
3 44 0.183
4 39 0.729
4 38 0.84
4 8 0.627
4 46 0.887
4 31 1
4 12 0.804
4 34 0.119
4 11 0.136
4 24 0.331
4 25 0.223
4 41 0.244
4 23 0.108
4 35 0.141
4 10 0.065
4 13 0.155
4 20 0.134
4 44 0.214
4 15 0.121
4 21 0.306
4 48 0.12
4 16 0.267
4 33 0.122
4 37 0.142
4 7 0.158
4 9 0.127
4 32 0.142
4 45 0.151
4 47 0.149
5 43 0.565
5 37 0.796
5 11 0.922
5 33 0.881
5 42 0.941
5 41 0.819
5 38 0.593
5 8 0.776
5 15 0.181
5 45 0.317
5 18 0.255
5 46 0.027
5 7 0.111
5 14 0.37
5 16 0.08
5 19 0.343
5 48 0.126
5 10 0.131
5 17 0.128
5 22 0.172
5 9 0.06
5 26 0.272
5 23 0.291
5 27 0.159
5 28 0.094
5 49 0.191
5 21 0.14
5 31 0.049
5 32 0.103
5 34 0.111
5 25 0.163
5 30 0.117
6 20 0.596
6 38 0.647
6 16 0.788
6 45 0.68
6 22 0.322
6 25 0.911
6 19 0.033
6 26 0.125
6 18 0.393
6 48 0.325
6 34 0.124
6 47 0.163
6 15 0.577
6 39 0.123
6 41 0.192
6 12 0.081
6 21 0.179
6 33 0.288
6 40 0.016
6 46 0.138
6 44 0.208
6 11 0.114
6 13 0.178
6 14 0.127
6 24 0.152
6 28 0.154
6 31 0.179
6 37 0.178
6 43 0.119
6 49 0.139
7 17 0.888
7 29 0.894
7 48 0.691
7 9 1
7 20 0.941
7 42 0.911
7 26 0.838
7 36 0.811
7 47 0.569
7 13 0.664
7 22 0.274
7 19 0.303
7 8 0.067
7 10 0.346
7 24 0.298
7 35 0.267
7 41 0.368
7 49 0.254
7 11 0.169
7 45 0.304
7 43 0.349
7 46 0.173
7 23 0.124
7 27 0.165
7 31 0.348
7 14 0.126
7 16 0.181
7 21 0.131
7 25 0.145
7 30 0.141
7 37 0.16
7 38 0.205
7 44 0.143
8 34 1
8 12 0.788
8 16 0.675
8 46 0.676
8 36 1
8 43 0.188
8 38 0.153
8 31 0.037
8 48 0.724
8 15 0.222
8 45 0.112
8 13 0.358
8 42 0.067
8 30 0.173
8 33 0.187
8 40 0.166
8 23 0.125
8 29 0.071
8 35 0.178
8 49 0.195
8 9 0.192
8 25 0.107
8 14 0.117
8 32 0.128
8 44 0.179
9 41 0.962
9 44 0.397
9 33 0.88
9 29 0.696
9 31 0.238
9 20 0.087
9 28 0.223
9 40 0.303
9 46 0.142
9 23 0.076
9 12 0.149
9 14 0.14
9 17 0.138
9 42 0.034
9 45 0.03
9 48 0.156
9 18 0.193
9 26 0.109
9 15 0.133
9 21 0.192
9 30 0.137
9 34 0.148
10 47 0.844
10 13 0.663
10 20 0.278
10 12 0.439
10 22 0.042
10 49 0.027
10 43 0.248
10 16 0.119
10 24 0.228
10 29 0.13
10 33 0.154
10 26 0.243
10 28 0.143
10 36 0.199
10 39 0.195
10 40 0.135
10 44 0.139
10 46 0.164
10 27 0.024
10 34 0.166
10 42 0.081
10 14 0.156
10 17 0.143
10 18 0.122
10 23 0.154
10 37 0.195
10 41 0.144
11 39 0.727
11 44 1
11 26 0.907
11 42 1
11 41 0.885
11 37 0.741
11 12 0.225
11 36 0.025
11 15 0.171
11 27 0.062
11 29 0.138
11 40 0.298
11 21 0.24
11 43 0.185
11 16 0.136
11 13 0.197
11 28 0.16
11 38 0.195
11 49 0.094
11 18 0.109
11 23 0.117
11 24 0.189
11 25 0.056
11 14 0.137
11 31 0.147
11 33 0.123
11 35 0.098
11 47 0.124
12 25 0.803
12 40 0.898
12 19 0.876
12 22 0.958
12 14 0.767
12 39 0.042
12 17 0.208
12 45 0.229
12 48 0.263
12 23 0.135
12 47 0.124
12 16 0.234
12 33 0.181
12 18 0.171
12 36 0.116
12 43 0.015
12 44 0.207
12 28 0.105
12 30 0.302
12 38 0.135
12 32 0.122
12 24 0.148
12 26 0.177
12 34 0.167
12 35 0.162
12 41 0.132
12 42 0.093
13 15 0.978
13 34 0.541
13 27 0.043
13 43 0.326
13 14 0.195
13 41 0.757
13 36 0.133
13 39 0.368
13 42 0.196
13 26 0.122
13 49 0.231
13 29 0.038
13 37 0.144
13 38 0.153
13 18 0.134
13 20 0.403
13 31 0.149
13 40 0.284
13 16 0.066
13 28 0.205
13 23 0.161
13 44 0.145
13 17 0.173
13 22 0.122
14 34 1
14 27 0.698
14 24 0.669
14 22 0.787
14 17 0.638
14 23 0.305
14 33 0.415
14 31 0.145
14 48 0.339
14 29 0.311
14 15 0.349
14 25 0.149
14 39 0.155
14 45 0.142
14 44 0.068
14 46 0.166
14 36 0.198
14 37 0.058
14 19 0.157
14 21 0.154
14 32 0.139
14 38 0.173
15 16 0.721
15 26 1
15 25 0.582
15 30 0.526
15 33 0.073
15 43 0.096
15 31 0.147
15 22 0.297
15 28 0.273
15 23 0.113
15 45 0.149
15 36 0.135
15 19 0.372
15 27 0.189
15 46 0.147
15 17 0.206
15 21 0.274
15 29 0.121
15 38 0.173
15 39 0.137
15 41 0.149
15 44 0.212
15 47 0.133
15 49 0.157
16 35 1
16 37 0.879
16 18 0.807
16 46 0.664
16 42 0.651
16 34 0.906
16 39 0.166
16 31 0.198
16 19 0.406
16 25 0.29
16 28 0.28
16 17 0.142
16 41 0.107
16 43 0.208
16 45 0.381
16 20 0.019
16 32 0.258
16 40 0.272
16 47 0.097
16 24 0.148
16 29 0.165
16 36 0.176
16 26 0.175
17 29 0.773
17 19 0.786
17 23 0.364
17 48 0.038
17 25 0.213
17 33 0.219
17 43 0.087
17 26 0.223
17 42 0.218
17 21 0.034
17 24 0.068
17 30 0.091
17 20 0.109
17 47 0.2
17 22 0.198
17 28 0.122
17 41 0.096
17 32 0.192
17 39 0.128
17 46 0.074
17 27 0.124
17 35 0.172
17 45 0.189
18 48 0.902
18 19 0.985
18 31 0.883
18 49 1
18 20 0.783
18 35 0.853
18 32 0.705
18 39 0.113
18 27 0.012
18 46 0.189
18 29 0.267
18 38 0.36
18 40 0.133
18 24 0.29
18 23 0.169
18 28 0.117
18 47 0.137
18 22 0.141
18 25 0.155
18 26 0.254
18 30 0.132
18 36 0.259
18 42 0.159
18 44 0.138
19 33 0.992
19 32 0.819
19 23 0.82
19 31 0.502
19 26 0.765
19 47 0.494
19 24 0.645
19 40 0.135
19 43 0.256
19 36 0.241
19 45 0.613
19 44 0.188
19 49 0.274
19 28 0.171
19 20 0.202
19 39 0.044
19 46 0.079
19 37 0.15
19 30 0.113
19 42 0.151
19 48 0.113
20 47 0.647
20 48 0.184
20 46 0.969
20 40 0.871
20 43 0.262
20 30 0.283
20 36 0.072
20 44 0.027
20 27 0.156
20 38 0.107
20 39 0.253
20 23 0.002
20 32 0.153
20 24 0.149
20 22 0.152
20 49 0.154
21 48 1
21 35 0.843
21 42 1
21 33 0.562
21 23 0.889
21 36 1
21 38 0.622
21 43 0.526
21 40 0.248
21 39 0.242
21 45 0.278
21 34 0.249
21 30 0.133
21 31 0.199
21 26 0.143
21 37 0.113
21 41 0.191
21 44 0.187
21 47 0.15
21 25 0.159
21 27 0.139
21 46 0.093
22 33 0.86
22 46 0.887
22 36 0.86
22 26 0.748
22 45 0.377
22 32 0.187
22 40 0.073
22 38 0.23
22 43 0.127
22 28 0.25
22 30 0.139
22 37 0.114
22 41 0.26
22 42 0.134
22 47 0.351
22 35 0.169
22 27 0.091
22 31 0.168
22 48 0.179
23 29 0.794
23 43 0.821
23 38 0.743
23 42 1
23 32 0.484
23 40 0.236
23 41 0.192
23 47 0.157
23 27 0.21
23 31 0.071
23 35 0.204
23 26 0.231
23 30 0.203
23 48 0.175
23 34 0.199
23 36 0.147
23 39 0.148
23 49 0.125
24 42 0.875
24 35 0.508
24 29 0.964
24 33 1
24 37 0.876
24 49 0.983
24 43 0.225
24 47 0.01
24 44 0.318
24 28 0.029
24 31 0.14
24 46 0.066
24 27 0.146
24 34 0.14
24 39 0.2
24 25 0.182
24 30 0.142
24 40 0.129
25 33 0.84
25 43 0.619
25 38 0.112
25 45 0.271
25 36 0.155
25 26 0.072
25 28 0.109
25 35 0.088
25 41 0.145
25 30 0.168
25 29 0.139
25 32 0.13
25 48 0.104
25 27 0.14
25 37 0.151
25 39 0.147
25 46 0.16
26 27 0.649
26 42 0.18
26 33 0.267
26 49 0.219
26 28 0.233
26 31 0.309
26 35 0.151
26 37 0.199
26 29 0.123
26 32 0.344
26 36 0.132
26 38 0.121
26 30 0.086
26 41 0.18
26 43 0.154
26 45 0.178
27 41 0.811
27 37 1
27 30 0.977
27 33 0.303
27 29 0.296
27 34 0.574
27 43 0.21
27 31 0.189
27 48 0.384
27 36 0.088
27 38 0.172
27 42 0.196
27 44 0.123
27 28 0.153
27 40 0.197
27 45 0.165
28 38 0.677
28 40 0.624
28 47 0.292
28 48 0.685
28 43 0.516
28 29 0.165
28 42 0.558
28 44 0.083
28 30 0.15
28 33 0.157
28 46 0.131
28 49 0.033
28 31 0.113
28 35 0.159
28 37 0.12
28 41 0.189
28 45 0.1
29 35 0.786
29 39 0.792
29 49 0.428
29 47 0.896
29 31 0.786
29 37 0.138
29 33 0.168
29 36 0.478
29 32 0.451
29 48 0.209
29 34 0.181
29 38 0.215
29 41 0.189
30 43 0.853
30 36 0.957
30 45 0.154
30 46 0.601
30 35 0.289
30 38 0.492
30 41 0.313
30 47 0.183
30 42 0.14
30 49 0.176
30 34 0.122
30 39 0.16
30 48 0.147
30 33 0.178
31 38 1
31 48 0.523
31 32 0.033
31 34 0.154
31 47 0.046
31 49 0.237
31 33 0.246
31 39 0.164
31 37 0.13
31 43 0.246
31 44 0.172
31 40 0.128
32 37 0.712
32 46 0.739
32 38 0.905
32 33 0.218
32 49 0.161
32 41 0.123
32 44 0.197
32 47 0.199
32 34 0.133
32 36 0.108
32 39 0.105
32 40 0.18
33 49 0.881
33 45 0.491
33 40 0.202
33 39 0.166
33 35 0.265
33 44 0.115
33 36 0.168
33 37 0.186
34 43 0.719
34 35 0.17
34 46 0.162
34 49 0.179
34 47 0.184
34 41 0.182
34 45 0.104
34 44 0.075
34 38 0.247
34 36 0.099
34 37 0.2
34 42 0.217
34 39 0.112
34 40 0.121
35 36 0.444
35 44 0.321
35 40 0.102
35 45 0.193
35 47 0.087
35 37 0.16
35 38 0.139
35 42 0.115
35 48 0.122
36 38 0.923
36 48 0.204
36 41 0.197
36 43 0.348
36 37 0.792
36 40 0.168
36 45 0.458
36 46 0.176
36 49 0.05
36 42 0.119
36 44 0.149
36 47 0.113
36 39 0.169
37 42 1
37 38 0.755
37 46 0.969
37 41 0.132
37 45 0.442
37 49 0.183
37 40 0.031
37 43 0.208
38 39 1
38 46 0.455
38 41 0.042
38 45 0.045
38 49 0.085
38 42 0.13
38 43 0.191
38 44 0.232
38 47 0.185
38 48 0.14
39 43 0.613
39 40 0.62
39 44 0.196
39 41 0.211
39 47 0.031
39 42 0.272
39 46 0.233
39 48 0.152
40 46 0.273
40 48 0.18
40 45 0.161
40 49 0.185
41 42 0.519
41 46 0.697
41 48 0.689
41 49 0.121
42 44 1
42 43 0.155
42 46 0.095
42 48 0.146
43 44 0.766
43 45 0.296
43 46 0.071
43 47 0.256
43 48 0.1
43 49 0.105
44 46 0.219
44 47 0.094
44 49 0.153
45 48 0.736
45 46 0.174
46 49 0.693
46 47 0.259
46 48 0.165
47 48 0.126
48 49 0.131
