0 41 0.885
0 15 0.985
0 1 0.763
0 8 0.64
0 11 1
0 7 0.705
0 4 0.755
0 22 0.257
0 2 0.316
0 30 0.28
0 44 0.626
0 28 0.483
0 46 0.147
0 45 0.224
0 31 0.147
0 12 0.226
0 14 0.234
0 25 0.058
0 37 0.398
0 43 0.018
0 21 0.131
0 29 0.004
0 5 0.073
0 9 0.137
0 20 0.231
0 23 0.057
0 24 0.164
0 27 0.101
0 38 0.096
0 40 0.217
0 49 0.125
0 6 0.181
0 10 0.165
0 17 0.15
0 32 0.143
0 35 0.139
0 47 0.146
1 42 0.508
1 34 0.756
1 19 0.932
1 15 0.521
1 44 0.065
1 10 0.215
1 25 0.187
1 6 0.086
1 28 0.081
1 31 0.178
1 48 0.141
1 8 0.024
1 21 0.134
1 23 0.324
1 32 0.326
1 46 0.078
1 12 0.147
1 17 0.159
1 38 0.13
1 39 0.135
1 49 0.143
1 7 0.163
1 9 0.116
1 18 0.113
1 20 0.101
1 27 0.185
1 36 0.113
1 40 0.188
1 43 0.157
1 45 0.163
2 26 0.744
2 8 0.801
2 35 1.0
2 12 0.804
2 38 0.363
2 32 0.817
2 14 0.821
2 43 0.637
2 36 0.921
2 20 0.519
2 44 0.199
2 39 0.053
2 24 0.535
2 48 0.511
2 33 0.086
2 11 0.316
2 25 0.319
2 31 0.051
2 15 0.114
2 37 0.122
2 42 0.273
2 23 0.016
2 6 0.199
2 7 0.131
2 18 0.011
2 40 0.195
2 45 0.124
2 46 0.056
2 49 0.133
2 4 0.149
2 5 0.144
2 9 0.143
2 17 0.139
2 19 0.181
2 28 0.128
2 30 0.165
3 25 0.785
3 35 0.806
3 22 0.787
3 11 0.526
3 9 0.473
3 26 0.361
3 37 0.073
3 21 0.047
3 38 0.301
3 5 0.05
3 36 0.227
3 20 0.357
3 46 0.156
3 29 0.318
3 18 0.294
3 24 0.294
3 49 0.07
3 7 0.183
3 33 0.186
3 40 0.168
3 8 0.191
3 17 0.097
3 23 0.105
3 42 0.226
3 6 0.19
3 32 0.22
3 43 0.15
3 47 0.132
3 48 0.173
4 5 0.882
4 18 0.87
4 47 0.748
4 33 0.737
4 42 0.835
4 44 0.414
4 37 0.871
4 20 0.138
4 34 0.511
4 31 0.178
4 17 0.299
4 26 0.153
4 29 0.329
4 40 0.438
4 10 0.334
4 30 0.031
4 39 0.177
4 38 0.135
4 48 0.057
4 9 0.168
4 22 0.195
4 23 0.222
4 24 0.241
4 43 0.139
4 6 0.169
4 7 0.172
4 11 0.174
4 12 0.134
4 19 0.154
4 27 0.102
4 28 0.169
4 41 0.127
5 46 0.906
5 26 0.998
5 47 0.647
5 42 0.08
5 17 0.355
5 25 0.279
5 36 0.24
5 6 0.332
5 19 0.182
5 13 0.138
5 22 0.104
5 29 0.117
5 30 0.031
5 38 0.121
5 9 0.171
5 11 0.134
5 15 0.187
5 28 0.091
5 32 0.102
5 39 0.275
5 40 0.106
5 44 0.139
5 49 0.157
5 14 0.148
5 35 0.131
5 48 0.142
6 16 0.384
6 8 0.948
6 40 0.582
6 19 0.03
6 41 0.288
6 46 0.311
6 7 0.165
6 21 0.353
6 17 0.278
6 29 0.082
6 11 0.176
6 18 0.363
6 38 0.125
6 45 0.188
6 47 0.094
6 15 0.09
6 24 0.196
6 42 0.097
6 49 0.111
6 10 0.126
6 25 0.147
6 26 0.134
6 30 0.272
6 32 0.197
6 33 0.145
6 31 0.128
6 34 0.22
6 35 0.15
6 37 0.169
6 39 0.097
6 43 0.162
7 14 0.852
7 17 0.412
7 21 0.564
7 27 0.7
7 38 0.587
7 32 0.218
7 41 0.247
7 36 0.221
7 45 0.028
7 49 0.13
7 33 0.004
7 46 0.008
7 47 0.016
7 8 0.17
7 11 0.129
7 19 0.192
7 25 0.108
7 31 0.127
7 37 0.225
7 9 0.101
7 43 0.172
7 12 0.107
7 29 0.184
7 35 0.144
8 9 0.976
8 15 0.893
8 30 0.623
8 48 0.877
8 29 0.701
8 35 0.757
8 21 0.308
8 14 0.125
8 16 0.427
8 38 0.144
8 17 0.238
8 20 0.266
8 37 0.338
8 42 0.149
8 12 0.061
8 22 0.064
8 32 0.157
8 47 0.138
8 28 0.326
8 31 0.115
8 33 0.184
8 41 0.182
8 45 0.192
8 43 0.259
8 11 0.127
8 18 0.142
8 24 0.159
8 44 0.143
8 46 0.167
8 27 0.108
8 34 0.155
9 43 0.42
9 42 0.902
9 27 0.913
9 29 1
9 45 1
9 21 0.845
9 37 0.437
9 31 0.224
9 44 0.186
9 46 0.429
9 36 0.148
9 39 0.116
9 11 0.082
9 35 0.14
9 17 0.103
9 41 0.243
9 14 0.156
9 33 0.254
9 10 0.119
9 23 0.246
9 26 0.052
9 32 0.124
9 47 0.209
9 16 0.206
9 18 0.176
9 19 0.157
9 28 0.013
9 48 0.211
9 12 0.159
9 13 0.16
9 24 0.158
9 30 0.191
10 46 0.9
10 18 0.793
10 41 0.555
10 49 0.411
10 16 0.347
10 23 0.888
10 30 0.155
10 45 0.06
10 14 0.171
10 31 0.291
10 15 0.118
10 22 0.36
10 26 0.145
10 35 0.161
10 47 0.143
10 20 0.158
10 21 0.052
10 32 0.114
10 33 0.14
10 11 0.166
10 13 0.135
10 38 0.18
11 48 0.926
11 21 0.816
11 24 0.959
11 45 0.617
11 26 0.932
11 31 0.69
11 44 1
11 36 0.76
11 18 0.56
11 46 0.643
11 30 0.501
11 32 0.277
11 49 0.146
11 41 0.242
11 23 0.319
11 25 0.245
11 42 0.398
11 27 0.162
11 38 0.176
11 12 0.041
11 13 0.137
11 15 0.216
11 16 0.294
11 20 0.056
11 47 0.022
11 39 0.19
11 19 0.18
11 22 0.33
11 37 0.128
12 33 1
12 42 0.937
12 30 1
12 47 0.704
12 14 0.569
12 26 0.947
12 13 0.357
12 40 0.262
12 38 0.202
12 24 0.277
12 44 0.076
12 17 0.159
12 18 0.155
12 20 0.029
12 21 0.201
12 35 0.073
12 36 0.209
12 15 0.047
12 22 0.15
12 27 0.114
12 32 0.114
12 43 0.144
12 23 0.167
12 28 0.153
12 29 0.11
12 34 0.086
12 39 0.142
12 49 0.155
13 23 0.533
13 26 0.753
13 40 0.959
13 17 0.796
13 46 0.616
13 39 0.534
13 45 0.424
13 47 0.145
13 29 0.393
13 20 0.25
13 34 0.217
13 33 0.148
13 41 0.141
13 16 0.241
13 21 0.149
13 48 0.06
13 18 0.199
13 19 0.184
13 22 0.139
13 24 0.118
13 25 0.125
13 30 0.147
13 36 0.101
13 38 0.295
13 42 0.134
13 43 0.206
13 14 0.164
13 27 0.149
13 28 0.156
13 35 0.166
13 37 0.138
14 40 1
14 28 0.93
14 42 0.918
14 45 0.159
14 39 0.5
14 16 0.013
14 22 0.067
14 17 0.174
14 34 0.121
14 43 0.257
14 21 0.376
14 30 0.174
14 46 0.449
14 31 0.22
14 44 0.047
14 19 0.143
14 26 0.17
14 41 0.174
14 15 0.152
14 23 0.114
14 36 0.157
15 29 0.855
15 16 0.956
15 33 0.843
15 45 0.856
15 44 0.795
15 32 0.147
15 41 0.353
15 49 0.578
15 20 0.168
15 43 0.227
15 23 0.136
15 26 0.182
15 47 0.146
15 25 0.03
15 34 0.232
15 40 0.169
15 48 0.139
15 19 0.158
15 18 0.214
15 35 0.121
16 38 0.744
16 42 0.758
16 34 0.862
16 28 0.987
16 21 0.938
16 46 0.04
16 25 0.163
16 48 0.096
16 49 0.168
16 17 0.217
16 36 0.141
16 20 0.21
16 30 0.136
16 32 0.215
16 19 0.225
16 26 0.14
16 33 0.133
16 40 0.16
16 44 0.234
16 18 0.19
16 23 0.074
16 24 0.101
16 27 0.155
16 39 0.167
16 41 0.173
16 43 0.146
16 45 0.195
17 31 0.58
17 38 0.249
17 20 0.879
17 32 0.832
17 24 0.756
17 21 0.448
17 41 0.501
17 19 0.312
17 22 0.277
17 26 0.291
17 36 0.176
17 42 0.11
17 29 0.146
17 48 0.241
17 33 0.159
17 25 0.151
17 28 0.123
17 39 0.196
17 23 0.141
17 34 0.162
17 37 0.202
17 40 0.121
17 46 0.133
18 31 0.853
18 49 0.88
18 42 1
18 25 0.552
18 21 0.568
18 37 0.207
18 26 0.092
18 28 0.24
18 39 0.304
18 46 0.341
18 41 0.314
18 19 0.294
18 40 0.131
18 27 0.134
18 36 0.168
18 29 0.223
18 30 0.056
18 32 0.086
18 43 0.162
18 20 0.156
18 47 0.173
19 39 0.477
19 46 0.391
19 49 0.209
19 24 0.209
19 20 0.134
19 36 0.137
19 29 0.155
19 37 0.041
19 43 0.207
19 22 0.154
19 28 0.129
19 33 0.157
19 44 0.23
19 27 0.013
19 34 0.138
19 42 0.153
19 26 0.078
19 40 0.109
20 38 0.879
20 26 1
20 36 0.718
20 44 0.55
20 39 0.568
20 25 0.204
20 35 0.113
20 34 0.364
20 47 0.142
20 24 0.029
20 31 0.541
20 41 0.151
20 32 0.265
20 45 0.174
20 42 0.116
20 27 0.108
20 28 0.117
20 29 0.173
20 33 0.093
20 37 0.169
20 43 0.103
20 22 0.143
20 30 0.165
20 46 0.192
21 24 0.951
21 28 0.684
21 49 0.935
21 27 0.76
21 46 0.676
21 35 0.134
21 42 0.115
21 22 0.513
21 30 0.13
21 44 0.28
21 47 0.251
21 26 0.07
21 31 0.172
21 32 0.192
21 33 0.162
21 36 0.147
21 48 0.149
22 38 0.652
22 45 0.544
22 48 0.117
22 29 0.329
22 33 0.221
22 27 0.231
22 30 0.156
22 23 0.157
22 46 0.119
22 47 0.106
22 24 0.16
22 40 0.161
22 41 0.123
22 42 0.19
22 26 0.139
22 31 0.088
22 34 0.113
22 36 0.19
22 44 0.11
22 49 0.101
23 32 0.806
23 42 0.736
23 46 0.433
23 49 0.758
23 44 0.996
23 26 0.76
23 28 0.243
23 29 0.18
23 35 0.115
23 39 0.112
23 33 0.177
23 37 0.145
23 45 0.358
23 43 0.07
23 47 0.261
23 30 0.167
23 34 0.19
23 24 0.163
23 36 0.109
24 42 0.947
24 40 0.67
24 43 0.644
24 49 0.942
24 41 0.628
24 27 0.795
24 37 0.197
24 36 0.242
24 45 0.079
24 47 0.135
24 35 0.096
24 33 0.157
24 34 0.155
24 39 0.14
24 30 0.145
24 32 0.156
24 44 0.124
24 48 0.171
25 38 0.927
25 34 0.76
25 36 0.807
25 29 0.789
25 27 0.775
25 39 0.698
25 30 0.069
25 46 0.499
25 47 0.068
25 48 0.05
25 31 0.259
25 40 0.2
25 28 0.205
25 44 0.254
25 32 0.211
25 35 0.154
25 37 0.148
25 42 0.164
26 34 0.748
26 40 0.53
26 45 0.933
26 48 0.719
26 27 0.518
26 30 0.979
26 38 0.881
26 39 0.777
26 43 0.047
26 28 0.696
26 33 0.733
26 29 0.304
26 42 0.003
26 36 0.188
26 46 0.121
26 47 0.157
26 31 0.128
26 35 0.16
27 36 0.994
27 48 0.812
27 43 0.373
27 34 0.991
27 47 1
27 30 0.338
27 31 0.253
27 40 0.215
27 35 0.185
27 49 0.186
27 39 0.017
27 32 0.232
27 38 0.148
27 42 0.098
27 33 0.139
27 37 0.193
28 43 0.793
28 39 1
28 35 0.586
28 49 0.94
28 45 0.13
28 36 0.274
28 34 0.234
28 41 0.636
28 38 0.092
28 29 0.155
28 40 0.099
28 42 0.149
28 31 0.161
28 44 0.206
28 46 0.172
29 44 0.671
29 47 0.484
29 32 0.952
29 40 0.627
29 37 0.603
29 43 0.221
29 41 0.429
29 34 0.251
29 35 0.163
29 36 0.137
29 33 0.18
29 42 0.179
29 45 0.13
30 34 1
30 45 1
30 33 0.92
30 49 0.361
30 41 0.221
30 42 0.336
30 47 0.056
30 32 0.258
30 44 0.328
30 39 0.121
30 31 0.119
30 35 0.117
30 36 0.146
31 36 0.826
31 44 1
31 39 0.331
31 40 0.443
31 41 0.222
31 35 0.105
31 45 0.023
31 42 0.167
31 49 0.143
31 38 0.145
31 43 0.179
31 33 0.192
32 40 1
32 44 0.957
32 47 0.641
32 43 0.982
32 49 0.814
32 37 0.668
32 35 0.274
32 38 0.394
32 33 0.097
32 48 0.137
32 39 0.135
32 46 0.123
32 36 0.135
33 45 1
33 40 0.919
33 46 0.31
33 36 0.672
33 41 0.678
33 48 0.247
33 47 0.232
33 38 0.288
33 49 0.106
33 39 0.141
33 44 0.174
34 36 1
34 47 1
34 38 0.979
34 41 0.899
34 48 0.616
34 43 0.08
34 39 0.278
34 37 0.179
34 42 0.175
34 35 0.177
34 44 0.158
34 46 0.114
35 43 0.7
35 45 0.928
35 37 0.127
35 36 0.21
35 39 0.151
35 48 0.101
35 44 0.167
35 46 0.189
36 46 0.801
36 39 0.064
36 38 0.104
36 41 0.373
36 37 0.017
36 40 0.078
36 42 0.127
36 48 0.143
37 44 0.999
37 46 0.624
37 41 0.271
37 47 0.307
37 48 0.279
37 39 0.301
37 43 0.177
37 49 0.309
37 40 0.123
37 45 0.137
38 45 0.712
38 40 0.782
38 48 0.372
38 47 0.231
38 49 0.048
38 41 0.186
38 42 0.121
38 43 0.176
38 46 0.102
38 39 0.142
38 44 0.117
39 40 0.885
39 44 0.28
39 48 0.013
39 43 0.168
39 46 0.073
39 42 0.253
39 49 0.126
39 41 0.144
40 43 0.104
40 41 0.016
40 42 0.214
40 45 0.123
40 47 0.002
40 48 0.042
40 44 0.171
41 49 0.809
41 43 0.16
41 44 0.213
41 45 0.049
41 47 0.143
41 48 0.139
42 44 0.12
42 48 0.224
42 46 0.157
42 49 0.135
42 43 0.139
43 44 0.601
43 47 0.569
43 45 0.051
43 49 0.099
43 48 0.13
44 45 0.777
44 48 0.455
44 47 0.21
44 46 0.142
44 49 0.167
45 48 0.141
45 49 0.27
45 46 0.133
45 47 0.129
46 48 0.069
46 47 0.036
46 49 0.168
47 49 0.767
48 49 0.114
