0 41 1
0 15 1
0 1 0.87
0 8 0.833
0 11 0.452
0 42 0.408
0 17 0.252
0 33 0.258
0 24 0.061
0 12 0.407
0 16 0.176
0 31 0.548
0 36 0.121
0 45 0.147
0 3 0.213
0 46 0.195
0 10 0.052
0 19 0.182
0 35 0.151
0 49 0.004
0 2 0.149
0 27 0.151
0 38 0.094
0 48 0.121
0 4 0.178
0 6 0.125
0 21 0.153
0 25 0.182
0 44 0.182
1 42 0.71
1 30 0.168
1 48 0.926
1 14 0.502
1 22 0.289
1 43 0.099
1 2 0.208
1 45 0.406
1 3 0.43
1 40 0.079
1 28 0.056
1 16 0.086
1 17 0.07
1 11 0.318
1 34 0.072
1 23 0.176
1 29 0.17
1 33 0.227
1 5 0.07
1 12 0.165
1 24 0.155
1 35 0.033
1 41 0.164
1 7 0.131
1 46 0.156
1 49 0.122
1 9 0.157
1 13 0.189
1 18 0.098
1 20 0.15
1 26 0.15
1 31 0.154
1 36 0.125
1 38 0.18
1 44 0.19
2 26 0.88
2 8 0.899
2 35 0.752
2 12 0.831
2 32 0.478
2 14 0.805
2 43 0.616
2 36 1
2 20 0.521
2 37 0.192
2 15 0.356
2 34 0.146
2 25 0.303
2 49 0.158
2 33 0.166
2 41 0.099
2 3 0.038
2 29 0.166
2 4 0.115
2 10 0.056
2 16 0.16
2 18 0.095
2 27 0.175
2 9 0.201
2 11 0.109
2 42 0.158
2 48 0.206
2 7 0.168
2 21 0.166
2 22 0.194
2 28 0.127
2 30 0.154
2 39 0.138
2 44 0.155
2 46 0.158
2 47 0.121
3 25 0.674
3 35 0.745
3 22 0.744
3 29 0.145
3 18 0.486
3 7 0.035
3 47 0.469
3 24 0.067
3 30 0.302
3 6 0.127
3 43 0.101
3 37 0.003
3 32 0.111
3 46 0.252
3 12 0.34
3 20 0.106
3 21 0.158
3 31 0.268
3 49 0.197
3 8 0.174
3 13 0.339
3 26 0.136
3 27 0.112
3 16 0.197
3 33 0.173
3 34 0.099
3 38 0.178
3 40 0.146
3 45 0.17
4 5 1
4 18 1
4 47 0.854
4 33 0.755
4 42 0.764
4 37 0.937
4 24 0.578
4 30 0.937
4 29 0.538
4 10 0.083
4 20 0.437
4 32 0.211
4 12 0.189
4 39 0.144
4 43 0.384
4 34 0.03
4 7 0.295
4 26 0.16
4 9 0.348
4 28 0.166
4 48 0.185
4 6 0.2
4 16 0.068
4 27 0.19
4 36 0.114
4 8 0.094
4 19 0.172
4 23 0.096
4 40 0.167
4 41 0.19
4 13 0.182
4 14 0.129
4 17 0.099
4 22 0.139
4 44 0.197
5 46 0.828
5 45 0.563
5 48 0.713
5 44 0.07
5 7 0.396
5 19 0.756
5 28 0.437
5 42 0.149
5 29 0.063
5 37 0.19
5 39 0.203
5 18 0.034
5 22 0.132
5 35 0.106
5 41 0.153
5 6 0.254
5 8 0.053
5 16 0.304
5 17 0.18
5 21 0.39
5 30 0.244
5 43 0.06
5 14 0.174
5 24 0.15
5 31 0.018
5 32 0.145
5 49 0.118
5 13 0.102
5 15 0.084
5 38 0.114
5 40 0.158
5 47 0.13
6 40 1
6 28 0.171
6 26 0.115
6 32 0.192
6 7 0.138
6 38 0.109
6 13 0.087
6 44 0.167
6 18 0.382
6 24 0.265
6 35 0.225
6 37 0.174
6 14 0.12
6 25 0.353
6 27 0.121
6 34 0.297
6 47 0.133
6 8 0.158
6 15 0.169
6 20 0.118
6 22 0.156
6 43 0.155
6 23 0.113
6 31 0.188
6 45 0.16
7 14 0.964
7 34 0.052
7 8 0.035
7 12 0.12
7 20 0.294
7 10 0.455
7 13 0.037
7 15 0.3
7 9 0.292
7 11 0.195
7 40 0.205
7 48 0.356
7 25 0.164
7 31 0.252
7 37 0.162
7 43 0.016
7 16 0.146
7 21 0.134
7 22 0.199
7 28 0.13
7 30 0.122
7 41 0.3
7 19 0.259
7 26 0.149
7 27 0.056
7 49 0.16
7 17 0.135
7 33 0.168
7 36 0.165
7 38 0.19
7 45 0.115
8 9 0.966
8 15 0.815
8 48 0.792
8 29 0.749
8 41 0.758
8 24 0.72
8 40 0.688
8 22 0.454
8 45 0.561
8 39 0.039
8 34 0.196
8 43 0.501
8 21 0.237
8 17 0.256
8 18 0.119
8 31 0.076
8 42 0.184
8 13 0.148
8 16 0.108
8 19 0.146
8 27 0.154
8 32 0.165
8 35 0.163
8 38 0.136
8 44 0.101
8 47 0.11
9 43 1
9 42 0.99
9 27 1
9 29 0.84
9 45 0.544
9 46 0.663
9 33 0.319
9 44 0.15
9 12 0.143
9 38 0.253
9 49 0.491
9 19 0.092
9 24 0.111
9 14 0.061
9 20 0.09
9 21 0.215
9 22 0.092
9 25 0.08
9 48 0.199
9 11 0.246
9 17 0.321
9 26 0.159
9 30 0.14
9 32 0.212
9 16 0.177
9 34 0.143
9 35 0.113
9 39 0.066
9 40 0.056
9 10 0.164
9 15 0.166
9 23 0.144
9 28 0.151
9 37 0.152
9 47 0.141
10 46 0.947
10 18 0.936
10 41 0.925
10 23 0.94
10 42 0.004
10 16 0.29
10 45 0.325
10 40 0.213
10 47 0.51
10 13 0.161
10 31 0.136
10 12 0.237
10 21 0.114
10 25 0.188
10 14 0.116
10 35 0.171
10 15 0.33
10 28 0.216
10 36 0.225
10 39 0.128
10 24 0.194
10 29 0.174
10 33 0.131
10 37 0.126
10 43 0.158
10 44 0.149
11 21 1
11 24 1
11 26 0.59
11 31 0.74
11 44 1
11 36 0.995
11 46 0.549
11 30 0.838
11 25 0.801
11 34 0.177
11 39 0.524
11 42 0.057
11 43 0.179
11 16 0.054
11 40 0.369
11 29 0.18
11 18 0.078
11 14 0.203
11 32 0.184
11 45 0.165
11 19 0.132
12 33 0.921
12 42 0.81
12 30 0.586
12 14 0.532
12 26 1
12 23 0.894
12 15 0.733
12 35 0.162
12 46 0.579
12 16 0.396
12 18 0.086
12 40 0.236
12 28 0.12
12 20 0.197
12 34 0.09
12 39 0.174
12 17 0.025
12 22 0.086
12 44 0.181
12 45 0.196
12 19 0.124
12 27 0.174
12 36 0.136
12 43 0.164
12 48 0.155
13 23 0.803
13 40 0.809
13 17 0.86
13 46 0.454
13 48 0.59
13 16 0.144
13 37 0.315
13 38 0.165
13 32 0.146
13 45 0.221
13 36 0.163
13 29 0.181
13 34 0.233
13 42 0.175
13 18 0.17
13 30 0.167
13 33 0.13
13 41 0.135
13 14 0.149
13 15 0.184
13 19 0.184
13 20 0.106
13 22 0.133
13 25 0.159
13 43 0.215
13 21 0.19
13 27 0.15
13 31 0.193
14 40 0.897
14 28 0.764
14 42 0.743
14 26 0.6
14 24 0.691
14 46 0.946
14 45 0.019
14 39 0.127
14 41 0.476
14 32 0.103
14 34 0.198
14 21 0.28
14 35 0.194
14 37 0.041
14 38 0.148
14 49 0.158
14 17 0.143
14 22 0.124
14 27 0.116
14 29 0.155
14 30 0.221
14 47 0.203
14 18 0.153
14 33 0.166
14 44 0.118
15 29 0.939
15 16 0.865
15 33 0.74
15 45 1
15 44 0.695
15 49 0.527
15 46 0.7
15 26 0.502
15 34 0.658
15 21 0.135
15 38 0.268
15 17 0.295
15 32 0.101
15 31 0.308
15 36 0.35
15 39 0.283
15 47 0.093
15 27 0.231
15 48 0.105
15 18 0.05
15 25 0.143
15 40 0.174
15 24 0.113
15 28 0.147
15 41 0.026
15 43 0.146
15 35 0.168
15 42 0.16
16 38 0.895
16 42 1
16 34 1
16 28 1
16 21 1
16 19 0.089
16 18 0.252
16 26 0.127
16 48 0.135
16 49 0.32
16 23 0.171
16 25 0.142
16 20 0.22
16 24 0.223
16 36 0.129
16 17 0.195
16 30 0.051
16 47 0.156
16 22 0.117
16 27 0.126
16 41 0.277
16 46 0.181
16 31 0.142
16 33 0.157
16 44 0.129
17 20 0.558
17 32 0.777
17 24 0.887
17 36 0.62
17 49 0.702
17 31 0.119
17 22 0.214
17 26 0.478
17 27 0.317
17 37 0.261
17 46 0.266
17 23 0.147
17 18 0.143
17 29 0.155
17 48 0.164
17 30 0.167
17 38 0.184
17 41 0.158
17 43 0.154
17 45 0.161
18 31 0.802
18 49 0.979
18 42 0.564
18 25 0.402
18 43 0.873
18 29 0.627
18 28 0.393
18 32 0.079
18 37 0.316
18 20 0.116
18 40 0.195
18 33 0.148
18 27 0.403
18 39 0.237
18 48 0.093
18 21 0.23
18 34 0.293
18 38 0.168
18 41 0.115
19 25 0.125
19 44 0.199
19 49 0.172
19 40 0.052
19 47 0.232
19 20 0.124
19 33 0.376
19 48 0.135
19 36 0.087
19 29 0.203
19 35 0.137
19 43 0.157
19 22 0.108
19 23 0.181
19 26 0.114
19 28 0.124
19 32 0.192
19 34 0.124
20 38 0.661
20 26 0.82
20 39 0.759
20 30 0.225
20 29 0.319
20 41 0.256
20 25 0.288
20 34 0.051
20 36 0.086
20 37 0.151
20 46 0.195
20 48 0.124
20 23 0.249
20 32 0.122
20 33 0.169
20 40 0.298
20 22 0.159
20 42 0.208
20 43 0.167
20 47 0.15
20 49 0.104
21 24 0.753
21 28 0.985
21 49 0.922
21 27 0.752
21 46 1
21 22 0.855
21 40 0.119
21 43 0.164
21 29 0.14
21 25 0.167
21 30 0.149
21 44 0.091
21 34 0.171
21 36 0.125
21 37 0.122
21 26 0.267
21 31 0.011
21 38 0.29
21 39 0.081
21 45 0.195
21 32 0.114
22 38 0.695
22 45 0.593
22 29 0.513
22 23 0.092
22 26 0.085
22 24 0.382
22 25 0.146
22 36 0.298
22 42 0.428
22 47 0.309
22 32 0.158
22 44 0.212
22 33 0.219
22 39 0.213
22 46 0.151
22 27 0.218
22 30 0.026
22 34 0.213
22 49 0.155
22 43 0.105
22 37 0.092
22 40 0.164
22 41 0.13
23 32 0.41
23 49 0.615
23 44 0.956
23 26 0.773
23 34 0.172
23 31 0.132
23 25 0.146
23 29 0.167
23 37 0.218
23 40 0.116
23 47 0.045
23 46 0.369
23 48 0.108
23 24 0.108
23 27 0.159
23 28 0.156
23 35 0.115
23 36 0.158
23 42 0.108
24 42 0.875
24 49 0.63
24 41 0.211
24 27 0.483
24 30 0.303
24 32 0.367
24 31 0.164
24 33 0.122
24 46 0.204
24 36 0.2
24 40 0.169
24 47 0.145
24 25 0.18
24 26 0.108
24 28 0.104
24 38 0.065
24 43 0.137
24 45 0.151
25 34 1
25 36 0.832
25 29 0.992
25 27 1
25 39 1
25 31 0.04
25 40 0.167
25 37 0.093
25 45 0.062
25 49 0.149
25 33 0.324
25 42 0.148
25 46 0.165
25 44 0.132
25 35 0.133
25 38 0.1
26 34 0.951
26 40 0.741
26 48 0.707
26 30 0.645
26 38 0.507
26 39 0.403
26 28 0.998
26 33 0.764
26 47 0.129
26 27 0.195
26 36 0.179
26 29 0.159
26 35 0.129
26 41 0.15
27 36 0.992
27 48 0.45
27 34 0.724
27 47 1
27 32 0.51
27 37 0.079
27 46 0.319
27 49 0.158
27 31 0.103
27 43 0.133
27 33 0.132
27 29 0.16
27 30 0.134
27 35 0.136
28 43 0.365
28 39 1
28 49 0.567
28 41 0.595
28 42 0.813
28 30 0.375
28 36 0.146
28 35 0.154
28 46 0.203
28 38 0.217
28 40 0.175
28 33 0.181
28 48 0.093
28 29 0.17
28 44 0.111
29 44 0.329
29 32 0.931
29 38 0.332
29 39 0.479
29 36 0.062
29 46 0.157
29 31 0.007
29 40 0.114
29 37 0.162
29 48 0.157
29 49 0.139
30 34 1
30 45 0.906
30 33 0.855
30 46 0.825
30 37 0.191
30 47 0.268
30 39 0.119
30 32 0.135
30 42 0.148
30 43 0.13
30 36 0.095
30 40 0.174
30 41 0.171
30 48 0.03
31 36 0.888
31 41 0.349
31 47 0.493
31 33 0.006
31 42 0.172
31 38 0.099
31 48 0.179
31 45 0.094
31 32 0.203
31 34 0.128
32 40 0.897
32 44 0.967
32 43 0.821
32 37 0.776
32 33 0.056
32 39 0.153
32 45 0.328
32 41 0.212
32 35 0.124
32 36 0.102
32 46 0.147
32 48 0.168
33 45 0.825
33 40 1
33 36 0.946
33 41 0.472
33 42 0.352
33 49 0.112
33 43 0.167
33 35 0.146
33 38 0.169
33 39 0.169
34 36 1
34 47 0.926
34 38 1
34 41 0.347
34 44 0.601
34 35 0.184
34 40 0.138
34 42 0.179
34 48 0.129
34 49 0.039
34 43 0.146
34 45 0.178
34 46 0.174
35 45 0.949
35 43 0.399
35 40 0.14
35 46 0.105
35 41 0.191
35 44 0.137
35 47 0.179
35 37 0.224
35 48 0.242
35 36 0.154
35 38 0.182
35 39 0.096
36 46 1
36 49 0.454
36 39 0.187
36 41 0.125
36 43 0.123
36 47 0.118
36 37 0.141
36 38 0.16
36 48 0.265
36 42 0.12
36 45 0.149
37 44 0.903
37 46 1
37 40 0.037
37 43 0.118
37 38 0.36
37 41 0.223
37 42 0.182
37 47 0.236
37 45 0.118
37 48 0.157
38 45 0.702
38 39 0.202
38 42 0.203
38 49 0.186
38 44 0.062
38 47 0.104
38 40 0.206
38 41 0.132
38 46 0.121
38 48 0.121
39 40 0.753
39 41 0.469
39 48 0.11
39 46 0.014
39 49 0.148
39 45 0.175
39 42 0.137
40 43 0.142
40 46 0.178
40 47 0.17
41 42 0.135
41 44 0.27
41 45 0.172
42 44 1
42 43 0.188
42 45 0.101
43 49 0.543
43 46 0.06
43 44 0.02
43 48 0.12
43 45 0.159
44 45 0.711
44 48 0.163
44 47 0.214
45 46 0.07
45 49 0.614
45 48 0.362
46 49 0.294
46 47 0.232
46 48 0.136
47 49 1
