0 41 1
0 15 1
0 1 0.87
0 8 0.886
0 42 0.317
0 17 0.381
0 33 0.199
0 24 0.061
0 12 0.232
0 31 0.815
0 45 0.147
0 10 0.188
0 49 0.004
0 27 0.421
0 38 0.171
0 48 0.094
0 4 0.19
0 6 0.129
0 25 0.184
0 44 0.126
0 18 0.224
0 20 0.197
0 34 0.188
0 47 0.03
0 9 0.078
0 13 0.195
0 19 0.092
0 22 0.284
0 43 0.109
0 16 0.109
0 30 0.176
0 46 0.202
1 42 0.71
1 30 0.645
1 48 1
1 43 0.036
1 3 0.311
1 17 0.07
1 23 0.093
1 5 0.181
1 49 0.232
1 9 0.382
1 13 0.625
1 20 0.085
1 36 0.237
1 10 0.124
1 25 0.264
1 4 0.205
1 6 0.112
1 22 0.138
1 29 0.284
1 35 0.112
1 37 0.159
1 8 0.164
1 12 0.167
1 14 0.161
1 18 0.12
1 26 0.128
1 28 0.187
1 38 0.135
1 40 0.13
1 45 0.18
2 26 0.761
2 8 1
2 35 0.779
2 12 0.701
2 32 0.478
2 14 0.805
2 43 0.574
2 36 1
2 20 0.464
2 37 0.046
2 15 0.336
2 34 0.151
2 25 0.394
2 33 0.113
2 29 0.357
2 4 0.115
2 10 0.119
2 16 0.09
2 18 0.266
2 27 0.094
2 9 0.201
2 11 0.008
2 48 0.203
2 21 0.182
2 28 0.062
2 30 0.154
2 39 0.074
2 46 0.158
2 6 0.151
2 13 0.187
2 19 0.07
2 38 0.272
2 31 0.117
2 40 0.166
2 5 0.138
2 7 0.106
2 22 0.179
2 23 0.152
2 41 0.157
3 25 0.803
3 35 0.594
3 22 0.641
3 29 0.084
3 18 0.486
3 47 0.469
3 24 0.067
3 30 0.382
3 37 0.121
3 46 0.107
3 49 0.197
3 27 0.04
3 16 0.086
3 33 0.004
3 34 0.176
3 45 0.093
3 10 0.168
3 11 0.16
3 15 0.192
3 17 0.173
3 42 0.209
3 44 0.187
3 7 0.081
3 26 0.192
3 9 0.142
3 28 0.15
3 39 0.167
3 41 0.179
4 5 1
4 18 0.921
4 47 0.702
4 33 0.93
4 42 0.401
4 37 1
4 24 0.584
4 30 1
4 10 0.256
4 20 0.542
4 39 0.169
4 43 0.697
4 9 0.348
4 28 0.025
4 8 0.168
4 19 0.172
4 40 0.167
4 41 0.327
4 13 0.182
4 17 0.236
4 22 0.243
4 44 0.327
4 45 0.201
4 46 0.109
4 15 0.191
4 25 0.149
4 6 0.149
4 14 0.145
4 21 0.175
4 26 0.14
4 29 0.125
4 32 0.155
4 38 0.184
4 49 0.122
5 46 0.853
5 45 0.564
5 48 0.713
5 44 0.099
5 7 0.227
5 19 0.792
5 42 0.149
5 29 0.063
5 39 0.218
5 22 0.208
5 17 0.227
5 30 0.249
5 43 0.128
5 24 0.194
5 31 0.161
5 32 0.084
5 15 0.108
5 38 0.002
5 40 0.233
5 47 0.13
5 9 0.17
5 11 0.292
5 18 0.18
5 26 0.152
5 33 0.252
5 8 0.163
5 13 0.088
5 27 0.065
5 36 0.217
5 41 0.215
5 6 0.123
5 12 0.163
5 20 0.177
5 21 0.158
5 23 0.179
5 25 0.126
5 35 0.178
6 40 0.912
6 7 0.138
6 38 0.116
6 44 0.041
6 24 0.265
6 35 0.108
6 14 0.023
6 15 0.083
6 22 0.097
6 43 0.155
6 23 0.294
6 31 0.332
6 45 0.16
6 12 0.12
6 30 0.276
6 39 0.149
6 42 0.118
6 48 0.178
6 10 0.127
6 29 0.088
6 36 0.195
6 41 0.313
6 47 0.242
6 8 0.133
6 16 0.173
6 17 0.154
6 18 0.158
6 21 0.183
6 25 0.175
6 28 0.165
6 32 0.164
6 49 0.183
7 14 1
7 12 0.29
7 15 0.15
7 9 0.292
7 40 0.205
7 48 0.309
7 25 0.288
7 31 0.3
7 21 0.161
7 22 0.299
7 41 0.145
7 49 0.115
7 17 0.106
7 33 0.096
7 36 0.213
7 28 0.135
7 39 0.184
7 46 0.185
7 13 0.167
7 23 0.263
7 42 0.162
7 8 0.156
7 11 0.19
7 18 0.123
7 24 0.162
7 35 0.158
8 9 0.792
8 15 0.918
8 48 0.728
8 29 0.749
8 41 0.564
8 24 0.689
8 40 0.763
8 45 0.628
8 43 0.501
8 13 0.168
8 19 0.221
8 32 0.264
8 35 0.175
8 38 0.136
8 47 0.011
8 10 0.184
8 14 0.117
8 25 0.127
8 28 0.328
8 30 0.129
8 37 0.109
8 49 0.109
8 20 0.144
8 46 0.107
8 11 0.122
8 18 0.117
8 22 0.159
8 23 0.147
8 36 0.156
8 42 0.143
9 43 1
9 42 1
9 27 0.902
9 29 0.785
9 45 0.411
9 46 0.498
9 33 0.264
9 49 0.491
9 14 0.061
9 21 0.122
9 22 0.092
9 11 0.18
9 17 0.321
9 26 0.159
9 30 0.523
9 16 0.108
9 35 0.078
9 28 0.151
9 31 0.153
9 41 0.231
9 12 0.156
9 20 0.178
9 25 0.114
9 38 0.136
9 36 0.166
9 37 0.196
9 39 0.126
9 47 0.165
10 46 0.947
10 18 1
10 41 0.847
10 23 0.949
10 42 0.056
10 31 0.106
10 21 0.06
10 25 0.193
10 14 0.193
10 35 0.367
10 15 0.33
10 36 0.225
10 29 0.174
10 26 0.264
10 27 0.077
10 32 0.162
10 48 0.124
10 49 0.23
10 17 0.113
10 20 0.152
10 34 0.127
10 40 0.135
10 43 0.161
10 44 0.089
10 19 0.15
10 24 0.133
11 21 1
11 24 1
11 26 0.53
11 31 0.74
11 44 1
11 36 0.995
11 46 0.606
11 30 0.956
11 25 0.946
11 34 0.005
11 16 0.375
11 18 0.169
11 27 0.136
11 37 0.324
11 38 0.208
11 47 0.168
11 48 0.123
11 49 0.134
11 22 0.105
11 28 0.152
11 32 0.16
11 33 0.117
11 35 0.13
12 33 1
12 42 0.81
12 30 0.749
12 14 0.532
12 26 1
12 23 0.63
12 15 0.798
12 35 0.121
12 46 0.708
12 18 0.353
12 20 0.197
12 34 0.163
12 39 0.174
12 45 0.238
12 43 0.103
12 21 0.135
12 24 0.154
12 29 0.116
12 31 0.186
12 47 0.134
12 17 0.151
12 37 0.153
12 48 0.205
12 13 0.166
12 16 0.148
12 19 0.168
12 22 0.199
12 25 0.225
12 27 0.194
12 40 0.08
12 41 0.128
12 49 0.118
13 23 1
13 40 0.926
13 17 0.953
13 46 0.452
13 48 0.616
13 16 0.093
13 37 0.391
13 38 0.154
13 29 0.181
13 18 0.252
13 30 0.35
13 15 0.132
13 19 0.213
13 27 0.3
13 24 0.149
13 32 0.097
13 39 0.125
13 44 0.172
13 47 0.106
13 25 0.126
13 31 0.141
14 40 0.897
14 28 0.84
14 42 0.616
14 26 0.637
14 24 0.745
14 46 0.893
14 41 0.458
14 32 0.103
14 47 0.203
14 18 0.153
14 25 0.37
14 31 0.111
14 48 0.233
14 49 0.085
14 15 0.135
14 19 0.155
14 21 0.2
14 33 0.165
14 36 0.129
14 39 0.099
14 44 0.152
15 29 1
15 16 0.801
15 33 0.4
15 45 0.779
15 44 0.87
15 49 0.594
15 46 0.7
15 26 0.464
15 34 0.713
15 38 0.12
15 31 0.354
15 47 0.093
15 27 0.103
15 48 0.07
15 25 0.256
15 24 0.22
15 28 0.147
15 42 0.445
15 20 0.096
15 18 0.24
15 35 0.203
15 36 0.151
15 37 0.211
15 41 0.182
15 43 0.136
16 38 1
16 42 0.958
16 34 0.947
16 28 1
16 21 1
16 19 0.106
16 23 0.171
16 20 0.147
16 17 0.223
16 30 0.125
16 27 0.449
16 41 0.277
16 31 0.006
16 33 0.157
16 44 0.122
16 29 0.153
16 32 0.16
16 45 0.18
16 24 0.148
16 25 0.191
16 37 0.172
16 48 0.087
17 20 0.558
17 32 0.684
17 24 0.785
17 36 0.62
17 49 0.601
17 26 0.478
17 23 0.28
17 30 0.14
17 43 0.065
17 45 0.178
17 39 0.116
17 47 0.074
17 19 0.156
17 21 0.138
17 25 0.142
17 27 0.117
17 34 0.145
17 37 0.174
17 28 0.102
17 42 0.13
18 31 0.802
18 49 0.968
18 42 0.564
18 25 0.525
18 43 0.816
18 29 0.679
18 32 0.065
18 37 0.304
18 20 0.116
18 33 0.148
18 34 0.418
18 38 0.358
18 41 0.115
18 22 0.175
18 26 0.161
18 19 0.092
18 23 0.13
18 27 0.215
18 35 0.139
18 39 0.12
18 48 0.13
19 40 0.095
19 47 0.232
19 48 0.135
19 29 0.359
19 35 0.099
19 22 0.108
19 28 0.081
19 34 0.155
19 30 0.157
19 42 0.228
19 45 0.319
19 20 0.113
19 27 0.067
19 41 0.149
19 21 0.094
19 23 0.101
19 24 0.119
19 31 0.188
19 38 0.17
19 49 0.114
20 38 0.691
20 26 0.686
20 39 0.733
20 30 0.039
20 29 0.236
20 25 0.163
20 34 0.02
20 37 0.151
20 46 0.196
20 48 0.162
20 23 0.137
20 33 0.086
20 40 0.421
20 22 0.347
20 42 0.28
20 24 0.087
20 27 0.02
20 31 0.121
20 35 0.149
20 21 0.135
20 32 0.215
20 43 0.174
20 47 0.144
21 24 0.683
21 28 0.786
21 49 0.782
21 27 0.752
21 46 0.872
21 22 0.855
21 43 0.164
21 29 0.14
21 25 0.058
21 36 0.284
21 38 0.2
21 33 0.093
21 31 0.146
21 37 0.167
21 39 0.125
21 45 0.328
21 47 0.143
21 48 0.149
21 26 0.152
21 35 0.168
21 44 0.18
22 38 0.581
22 45 0.593
22 29 0.537
22 24 0.127
22 25 0.022
22 36 0.428
22 42 0.428
22 32 0.18
22 46 0.037
22 30 0.174
22 34 0.213
22 43 0.031
22 37 0.233
22 40 0.299
22 27 0.171
22 35 0.099
22 39 0.175
22 48 0.096
22 49 0.13
23 32 0.582
23 49 0.615
23 44 1
23 26 0.791
23 34 0.137
23 37 0.385
23 48 0.106
23 24 0.13
23 27 0.22
23 28 0.093
23 29 0.154
23 38 0.232
23 39 0.011
23 41 0.143
23 40 0.169
23 43 0.216
23 45 0.104
23 46 0.139
24 42 0.875
24 49 0.364
24 27 0.483
24 32 0.393
24 31 0.212
24 46 0.179
24 40 0.19
24 47 0.145
24 25 0.146
24 26 0.313
24 28 0.073
24 45 0.13
24 34 0.073
24 39 0.171
24 35 0.173
24 38 0.255
24 43 0.136
25 34 1
25 36 0.801
25 29 0.992
25 27 1
25 39 1
25 31 0.121
25 40 0.173
25 33 0.324
25 35 0.133
25 38 0.305
25 48 0.029
25 26 0.195
25 28 0.337
25 30 0.144
25 32 0.175
25 37 0.165
25 41 0.091
25 46 0.161
25 47 0.154
26 34 0.946
26 40 0.76
26 48 0.752
26 30 0.645
26 38 0.495
26 28 0.947
26 33 0.689
26 47 0.129
26 27 0.249
26 41 0.162
26 31 0.185
26 42 0.159
26 44 0.201
26 45 0.134
26 32 0.137
26 36 0.189
26 43 0.205
26 46 0.144
27 36 0.772
27 34 1
27 47 1
27 32 0.694
27 37 0.367
27 46 0.394
27 31 0.225
27 30 0.383
27 38 0.016
27 39 0.26
27 45 0.113
27 40 0.157
27 42 0.153
27 28 0.128
27 44 0.121
27 49 0.126
28 39 1
28 49 0.567
28 41 0.538
28 42 0.629
28 36 0.146
28 35 0.212
28 46 0.109
28 40 0.253
28 48 0.064
28 29 0.204
28 44 0.23
28 34 0.117
28 45 0.142
28 33 0.232
28 37 0.116
28 47 0.142
28 38 0.13
29 44 0.411
29 32 0.931
29 38 0.216
29 46 0.022
29 31 0.072
29 37 0.203
29 49 0.303
29 35 0.04
29 42 0.264
29 34 0.178
29 39 0.177
29 43 0.159
29 30 0.209
29 33 0.171
29 40 0.147
30 34 0.964
30 45 1
30 33 0.732
30 46 0.852
30 37 0.009
30 39 0.17
30 32 0.083
30 42 0.24
30 43 0.083
30 41 0.171
30 36 0.328
30 31 0.146
30 35 0.191
30 44 0.103
31 36 0.888
31 41 0.237
31 47 0.493
31 33 0.006
31 42 0.172
31 38 0.113
31 35 0.119
31 37 0.073
31 49 0.112
31 34 0.095
31 40 0.131
31 43 0.149
31 44 0.217
31 46 0.136
32 40 0.722
32 44 1
32 43 0.784
32 37 0.997
32 39 0.063
32 35 0.124
32 46 0.116
32 48 0.107
32 34 0.164
32 49 0.181
32 42 0.219
32 47 0.158
32 33 0.052
32 36 0.157
33 45 0.826
33 40 1
33 36 1
33 42 0.404
33 49 0.112
33 43 0.167
33 35 0.146
33 38 0.138
33 39 0.212
33 47 0.163
34 36 1
34 47 0.856
34 38 0.889
34 44 0.487
34 40 0.29
34 42 0.304
34 48 0.129
34 45 0.178
34 46 0.127
34 35 0.18
34 37 0.17
35 45 0.859
35 43 0.36
35 46 0.324
35 44 0.191
35 47 0.124
35 37 0.224
35 48 0.242
35 36 0.072
36 46 1
36 49 0.538
36 39 0.187
36 43 0.004
36 47 0.265
36 38 0.251
36 44 0.163
36 40 0.148
37 44 0.903
37 46 1
37 43 0.203
37 38 0.504
37 41 0.301
37 42 0.326
37 47 0.236
37 40 0.167
37 49 0.179
38 45 0.733
38 42 0.203
38 47 0.071
38 40 0.261
38 41 0.282
38 46 0.338
38 39 0.196
38 43 0.2
38 48 0.182
39 40 0.813
39 46 0.003
39 49 0.254
39 45 0.175
39 42 0.117
39 44 0.083
40 46 0.189
40 47 0.123
40 41 0.276
40 45 0.028
40 42 0.144
40 49 0.142
40 43 0.129
41 42 0.4
41 44 0.187
41 47 0.318
41 48 0.26
41 45 0.128
41 49 0.147
42 44 0.965
42 43 0.256
42 49 0.096
43 49 0.53
43 48 0.002
43 47 0.11
43 45 0.119
43 44 0.106
43 46 0.121
44 45 0.742
44 48 0.163
44 47 0.228
44 49 0.174
45 49 0.558
45 48 0.129
45 47 0.144
46 48 0.23
46 47 0.181
47 49 1
47 48 0.15
48 49 0.274
