0 32 1
0 25 0.727
0 35 0.973
0 8 0.215
0 16 0.024
0 17 0.247
0 26 0.188
0 27 0.351
0 39 0.321
0 1 0.213
0 2 0.116
0 6 0.107
0 15 0.128
0 20 0.15
0 21 0.188
0 33 0.164
0 37 0.167
0 48 0.129
1 22 0.686
1 15 0.755
1 18 0.792
1 30 0.87
1 23 0.625
1 24 0.519
1 6 0.166
1 10 0.145
1 44 0.299
1 2 0.149
1 3 0.123
1 8 0.127
1 11 0.18
1 13 0.065
1 14 0.187
1 20 0.148
1 28 0.148
1 32 0.136
1 33 0.185
1 35 0.15
1 40 0.172
2 14 0.929
2 42 0.66
2 24 0.162
2 3 0.083
2 29 0.085
2 45 0.084
2 5 0.171
2 16 0.143
2 17 0.165
2 18 0.147
2 22 0.158
2 27 0.103
2 30 0.148
2 33 0.188
2 36 0.144
2 38 0.141
2 39 0.114
2 43 0.2
3 20 1
3 38 0.581
3 27 0.523
3 18 0.791
3 14 0.113
3 8 0.144
3 43 0.289
3 4 0.136
3 7 0.139
3 12 0.177
3 21 0.159
3 23 0.138
3 26 0.126
3 29 0.141
3 32 0.147
3 33 0.239
3 46 0.169
4 31 1
4 32 0.087
4 7 0.183
4 30 0.059
4 36 0.131
4 12 0.155
4 15 0.133
4 19 0.147
4 21 0.18
4 23 0.197
4 33 0.178
4 46 0.159
4 49 0.129
5 8 0.757
5 9 0.128
5 28 0.143
5 23 0.329
5 31 0.226
5 43 0.18
5 47 0.141
5 15 0.194
5 21 0.157
5 25 0.155
5 29 0.16
5 30 0.199
5 36 0.174
5 46 0.128
6 16 0.777
6 45 0.812
6 31 1
6 49 0.559
6 10 0.202
6 33 0.165
6 48 0.24
6 14 0.127
6 17 0.127
6 20 0.177
6 23 0.077
6 30 0.122
6 38 0.125
6 39 0.152
6 41 0.138
7 17 0.901
7 29 0.739
7 48 0.943
7 9 0.867
7 20 1
7 42 0.758
7 26 1
7 36 0.67
7 19 1
7 35 0.766
7 34 0.658
7 24 0.128
7 28 0.074
7 16 0.169
7 23 0.166
7 25 0.134
7 30 0.116
8 34 0.714
8 36 0.738
8 48 0.721
8 20 0.018
8 17 0.122
8 18 0.153
8 27 0.152
8 32 0.184
8 35 0.173
8 38 0.162
8 39 0.166
8 40 0.075
8 47 0.135
8 49 0.179
9 29 0.848
9 16 0.144
9 25 0.161
9 37 0.141
9 48 0.154
10 12 1
10 15 0.698
10 47 0.042
10 26 0.185
10 48 0.147
10 13 0.117
10 14 0.153
10 23 0.147
10 25 0.124
10 29 0.149
10 34 0.17
10 37 0.156
10 44 0.121
11 39 1
11 42 0.733
11 41 0.713
11 32 0.982
11 24 0.202
11 29 0.325
11 16 0.151
11 22 0.126
11 25 0.136
11 26 0.153
11 36 0.161
11 38 0.137
11 40 0.129
11 45 0.167
11 49 0.128
12 21 1
12 33 0.744
12 24 0.152
12 29 0.121
12 31 0.127
12 40 0.276
12 46 0.146
12 15 0.158
12 17 0.163
12 23 0.18
12 28 0.146
12 36 0.119
12 41 0.119
12 45 0.138
12 49 0.177
13 15 1
13 27 0.137
13 20 0.159
13 35 0.151
14 34 0.951
14 27 0.913
14 17 0.915
14 33 0.836
14 40 1
14 16 0.167
14 22 0.152
14 47 0.258
14 20 0.202
14 21 0.153
14 23 0.146
14 25 0.17
14 29 0.165
14 36 0.058
14 41 0.152
14 44 0.13
14 45 0.149
14 48 0.148
15 26 0.53
15 25 0.826
15 35 0.13
15 37 0.197
15 49 0.324
15 20 0.085
15 23 0.168
15 24 0.191
15 27 0.119
15 29 0.153
15 32 0.164
15 33 0.175
15 38 0.15
15 40 0.119
15 43 0.134
15 44 0.157
15 46 0.197
16 35 1
16 18 0.146
16 27 0.209
16 37 0.125
16 40 0.131
16 45 0.082
16 17 0.187
16 23 0.208
16 36 0.131
17 27 1
17 29 0.214
17 35 0.084
17 36 0.019
17 33 0.258
17 25 0.174
17 26 0.157
17 28 0.174
17 30 0.154
17 31 0.141
17 32 0.174
17 37 0.156
17 41 0.143
17 42 0.16
17 46 0.172
18 48 1
18 31 0.594
18 35 0.946
18 39 0.851
18 22 0.139
18 40 0.104
18 42 0.21
18 21 0.124
18 23 0.136
18 32 0.115
19 47 0.799
19 48 0.689
19 30 0.717
19 21 0.116
19 20 0.199
19 22 0.111
19 24 0.121
19 26 0.164
19 34 0.088
19 40 0.136
19 49 0.141
20 40 0.964
20 48 0.968
20 26 0.635
20 25 0.1
20 37 0.141
20 34 0.109
20 45 0.177
20 46 0.15
21 35 0.93
21 23 0.678
21 36 0.733
21 30 0.243
21 34 0.117
21 24 0.166
21 25 0.169
21 40 0.214
21 44 0.108
21 46 0.137
22 36 0.628
22 45 0.803
22 35 0.056
22 26 0.129
22 29 0.278
22 27 0.149
22 28 0.117
22 30 0.173
22 32 0.178
22 37 0.163
22 44 0.153
22 48 0.14
23 32 0.812
23 27 0.833
23 48 0.91
23 37 0.085
23 24 0.203
23 28 0.186
23 34 0.126
23 25 0.084
23 29 0.121
23 30 0.151
23 31 0.154
23 36 0.126
24 42 1
24 29 0.62
24 41 0.944
24 39 0.201
24 26 0.181
24 40 0.259
24 49 0.172
24 31 0.097
24 35 0.069
24 44 0.099
24 45 0.167
24 46 0.144
24 47 0.189
24 48 0.161
25 27 0.862
25 31 0.131
25 29 0.154
25 30 0.163
25 43 0.128
25 44 0.153
26 42 0.18
26 29 0.181
26 31 0.166
26 43 0.171
26 47 0.127
27 37 0.683
27 30 0.833
27 33 0.585
27 39 0.984
27 32 0.235
27 41 0.224
27 34 0.212
27 36 0.122
27 40 0.141
27 46 0.151
28 34 0.144
28 47 0.13
28 31 0.192
28 32 0.191
28 37 0.142
28 40 0.192
28 45 0.169
29 35 0.728
29 49 0.805
29 45 0.19
29 47 0.118
29 30 0.131
29 33 0.159
29 34 0.186
29 40 0.156
29 46 0.181
30 36 0.954
30 32 0.178
30 37 0.251
30 43 0.166
30 45 0.172
30 46 0.132
30 47 0.136
31 46 0.229
31 38 0.161
31 40 0.176
31 47 0.145
32 37 0.806
32 46 0.957
32 34 0.112
32 40 0.088
32 47 0.188
32 36 0.155
33 49 0.803
33 35 0.094
33 41 0.156
33 44 0.117
33 47 0.194
34 43 1
34 48 0.931
34 40 1
34 44 0.764
34 35 0.224
34 39 0.186
34 46 0.136
35 38 1
35 40 0.168
35 36 0.163
35 37 0.118
36 37 0.135
36 44 0.164
36 45 0.128
37 42 0.882
37 38 0.509
37 48 0.51
37 44 0.199
37 49 0.159
38 48 0.632
38 44 0.124
38 39 0.145
39 43 0.523
39 40 0.172
39 46 0.085
40 43 0.282
40 44 0.154
40 45 0.17
40 41 0.211
40 46 0.183
40 49 0.186
41 48 0.75
41 49 0.123
42 44 0.798
42 45 0.137
42 49 0.024
42 43 0.161
43 45 0.06
44 45 0.143
44 49 0.175
46 49 0.688
