0 38 0.749
0 13 0.921
0 4 0.433
0 26 0.915
0 36 0.988
0 9 0.708
0 10 0.749
0 6 0.726
0 16 1
0 46 0.891
0 1 0.612
0 5 0.958
0 15 0.377
0 35 0.783
0 11 0.144
0 30 0.446
0 17 0.26
0 42 0.295
0 3 0.539
0 2 0.102
0 12 0.4
0 31 0.638
0 7 0.487
0 37 0.267
0 48 0.099
0 18 0.094
0 27 0.091
0 32 0.123
0 45 0.217
0 23 0.122
0 44 0.236
0 39 0.338
0 47 0.134
0 14 0.256
0 21 0.15
0 22 0.121
0 24 0.14
0 28 0.145
0 34 0.169
0 29 0.218
0 43 0.178
1 12 0.588
1 45 0.741
1 35 0.922
1 40 1
1 25 0.716
1 29 0.353
1 3 0.927
1 11 0.328
1 23 0.461
1 5 0.411
1 19 0.516
1 2 0.218
1 46 0.103
1 22 0.22
1 33 0.28
1 48 0.255
1 6 0.183
1 14 0.222
1 27 0.363
1 28 0.247
1 10 0.016
1 18 0.011
1 15 0.225
1 34 0.356
1 39 0.017
1 4 0.162
1 13 0.174
1 16 0.246
1 9 0.104
1 7 0.143
1 8 0.151
1 20 0.149
1 26 0.279
1 37 0.019
1 38 0.123
1 43 0.15
1 24 0.098
1 30 0.135
1 32 0.175
1 36 0.114
1 42 0.138
1 44 0.13
1 47 0.181
2 44 1
2 12 0.827
2 19 1
2 14 0.845
2 36 1
2 11 1
2 41 0.983
2 45 1
2 9 0.309
2 24 0.406
2 8 0.14
2 13 0.027
2 25 0.432
2 30 0.668
2 43 0.208
2 4 0.295
2 26 0.128
2 28 0.157
2 32 0.431
2 38 0.085
2 22 0.254
2 3 0.103
2 29 0.257
2 5 0.221
2 17 0.013
2 21 0.169
2 23 0.104
2 27 0.154
2 39 0.151
2 47 0.121
2 49 0.132
2 6 0.104
2 7 0.152
2 10 0.158
2 20 0.076
2 34 0.106
2 37 0.117
2 42 0.165
3 12 0.518
3 48 0.772
3 8 0.601
3 22 1
3 13 0.946
3 31 0.896
3 49 0.537
3 46 0.818
3 30 0.232
3 39 0.365
3 24 0.196
3 25 0.263
3 47 0.176
3 17 0.162
3 34 0.307
3 5 0.117
3 42 0.056
3 43 0.167
3 45 0.318
3 7 0.167
3 23 0.227
3 26 0.241
3 44 0.531
3 19 0.144
3 20 0.071
3 33 0.158
3 27 0.119
3 38 0.156
3 4 0.159
3 9 0.179
3 10 0.115
3 14 0.126
3 15 0.188
3 16 0.178
3 18 0.178
3 21 0.157
3 29 0.18
3 37 0.183
3 40 0.082
3 41 0.159
4 24 0.627
4 7 0.632
4 27 0.693
4 46 0.506
4 41 0.959
4 34 0.589
4 21 0.762
4 32 0.89
4 16 0.89
4 42 0.511
4 33 0.438
4 31 0.033
4 9 0.321
4 45 0.312
4 13 0.263
4 22 0.251
4 20 0.268
4 23 0.039
4 36 0.15
4 28 0.134
4 44 0.096
4 48 0.3
4 11 0.156
4 8 0.16
4 14 0.226
4 15 0.111
4 47 0.155
4 17 0.157
4 18 0.087
4 19 0.124
4 38 0.1
4 43 0.123
4 49 0.145
4 6 0.124
4 12 0.191
4 26 0.151
4 29 0.149
4 30 0.204
5 42 0.668
5 13 1
5 29 0.674
5 9 0.712
5 45 0.841
5 44 0.486
5 32 1
5 19 0.513
5 28 0.3
5 26 0.155
5 14 0.287
5 35 0.196
5 38 0.016
5 17 0.274
5 18 0.046
5 21 0.137
5 39 0.209
5 43 0.275
5 48 0.193
5 8 0.257
5 47 0.003
5 23 0.354
5 31 0.144
5 10 0.159
5 11 0.174
5 16 0.172
5 24 0.126
5 27 0.17
5 30 0.113
5 37 0.133
5 7 0.178
5 15 0.152
5 20 0.175
5 25 0.145
5 33 0.134
5 34 0.163
5 36 0.117
5 41 0.124
6 33 0.593
6 35 0.952
6 24 0.533
6 47 0.586
6 29 0.875
6 39 1
6 40 1
6 17 1
6 20 0.726
6 44 0.109
6 30 0.108
6 31 0.233
6 32 0.216
6 9 0.204
6 11 0.148
6 15 0.157
6 19 0.12
6 26 0.235
6 36 0.21
6 8 0.16
6 13 0.16
6 16 0.106
6 18 0.08
6 22 0.125
6 10 0.122
6 12 0.186
6 14 0.225
6 21 0.15
6 27 0.139
6 28 0.148
6 42 0.265
6 49 0.173
6 7 0.174
6 25 0.177
6 37 0.178
6 43 0.18
6 45 0.115
6 46 0.174
6 48 0.177
7 10 0.705
7 36 1
7 38 1
7 12 0.656
7 24 0.848
7 42 0.928
7 48 0.92
7 16 0.961
7 11 0.702
7 8 0.273
7 23 0.361
7 37 0.266
7 41 0.083
7 18 0.175
7 45 0.017
7 15 0.131
7 17 0.214
7 22 0.339
7 25 0.232
7 26 0.274
7 44 0.16
7 21 0.143
7 27 0.122
7 28 0.066
7 29 0.218
7 35 0.146
7 39 0.305
7 46 0.387
7 9 0.155
7 14 0.161
7 20 0.126
7 40 0.171
7 47 0.141
8 49 0.713
8 29 0.611
8 37 0.871
8 28 0.662
8 40 0.709
8 31 0.92
8 15 0.911
8 18 0.744
8 17 0.751
8 19 0.512
8 24 0.247
8 35 0.302
8 11 0.134
8 27 0.175
8 20 0.142
8 16 0.103
8 25 0.023
8 38 0.26
8 41 0.176
8 22 0.342
8 33 0.25
8 42 0.176
8 47 0.078
8 48 0.103
8 9 0.121
8 12 0.134
8 21 0.153
8 39 0.375
8 44 0.184
8 46 0.095
8 10 0.163
8 26 0.117
8 34 0.155
8 36 0.123
8 45 0.168
9 43 0.854
9 22 0.678
9 27 0.799
9 49 1
9 21 0.84
9 39 1
9 12 0.849
9 37 0.926
9 19 0.293
9 25 0.034
9 26 0.115
9 35 0.13
9 17 0.277
9 42 0.395
9 13 0.052
9 23 0.141
9 40 0.131
9 48 0.234
9 31 0.143
9 33 0.153
9 45 0.198
9 47 0.172
9 15 0.142
9 29 0.143
9 18 0.117
9 38 0.069
9 44 0.13
9 24 0.149
9 34 0.187
9 36 0.235
9 10 0.173
9 20 0.136
9 28 0.187
9 30 0.128
9 41 0.156
9 46 0.201
10 18 0.897
10 39 0.973
10 21 0.827
10 47 1
10 25 0.505
10 28 0.666
10 32 0.94
10 24 0.482
10 12 0.181
10 45 0.313
10 15 0.229
10 14 0.224
10 30 0.269
10 35 0.079
10 43 0.118
10 27 0.031
10 42 0.085
10 34 0.232
10 36 0.097
10 37 0.171
10 40 0.186
10 48 0.186
10 16 0.201
10 17 0.159
10 19 0.122
10 22 0.186
10 23 0.172
10 26 0.128
10 31 0.173
10 33 0.139
10 44 0.169
10 46 0.185
11 13 0.899
11 20 0.94
11 42 0.632
11 28 0.618
11 34 0.728
11 45 0.853
11 35 0.193
11 44 0.219
11 15 0.458
11 27 0.09
11 14 0.21
11 30 0.142
11 33 0.232
11 17 0.104
11 31 0.404
11 19 0.119
11 23 0.08
11 25 0.12
11 36 0.265
11 38 0.131
11 22 0.216
11 29 0.236
11 32 0.171
11 39 0.158
11 40 0.177
11 47 0.11
11 49 0.126
11 18 0.148
11 37 0.114
11 41 0.132
12 30 0.821
12 34 0.605
12 21 0.65
12 14 0.678
12 37 0.734
12 43 0.924
12 19 0.656
12 40 0.568
12 31 0.178
12 48 0.101
12 45 0.061
12 18 0.015
12 17 0.119
12 20 0.224
12 41 0.227
12 39 0.146
12 27 0.11
12 35 0.126
12 38 0.284
12 42 0.046
12 15 0.022
12 16 0.132
12 23 0.134
12 36 0.108
12 44 0.228
12 46 0.14
12 47 0.088
12 13 0.112
12 24 0.126
12 33 0.127
13 49 0.972
13 21 0.864
13 16 0.952
13 48 1
13 25 0.856
13 20 0.993
13 19 0.829
13 27 0.723
13 31 0.168
13 32 0.298
13 33 0.264
13 39 0.629
13 15 0.269
13 47 0.233
13 17 0.222
13 18 0.137
13 42 0.279
13 26 0.1
13 30 0.557
13 43 0.044
13 44 0.101
13 28 0.125
13 35 0.124
13 37 0.083
13 41 0.163
13 14 0.139
13 22 0.171
13 23 0.161
13 24 0.107
13 36 0.157
13 46 0.125
14 42 0.949
14 43 0.452
14 48 0.69
14 28 0.503
14 41 0.713
14 20 0.68
14 29 0.606
14 46 0.689
14 44 1
14 25 0.126
14 30 0.458
14 15 0.383
14 16 0.224
14 26 0.137
14 35 0.209
14 17 0.181
14 31 0.066
14 39 0.034
14 27 0.089
14 47 0.174
14 18 0.146
14 24 0.121
14 19 0.131
14 21 0.147
14 22 0.205
14 32 0.208
14 33 0.159
14 34 0.172
14 37 0.169
14 38 0.089
14 40 0.111
14 45 0.212
15 23 0.837
15 26 0.93
15 34 0.365
15 37 0.911
15 17 0.732
15 20 0.767
15 16 0.769
15 30 0.842
15 32 0.549
15 21 0.867
15 19 0.703
15 39 0.774
15 35 1
15 42 0.802
15 22 0.047
15 27 0.304
15 33 0.418
15 24 0.119
15 29 0.186
15 38 0.163
15 41 0.141
15 45 0.177
15 46 0.183
15 25 0.159
15 40 0.16
15 43 0.091
15 48 0.169
15 28 0.138
15 44 0.163
15 47 0.162
16 22 0.932
16 45 0.867
16 43 0.901
16 29 0.709
16 20 0.995
16 46 1
16 34 0.959
16 35 0.726
16 47 0.089
16 24 0.305
16 36 0.528
16 37 0.31
16 18 0.46
16 42 0.251
16 23 0.129
16 25 0.219
16 39 0.143
16 21 0.1
16 27 0.082
16 44 0.145
16 41 0.279
16 19 0.161
16 40 0.077
16 17 0.092
16 28 0.247
16 49 0.144
16 31 0.197
16 32 0.154
16 33 0.152
16 38 0.081
17 44 0.771
17 48 1
17 37 0.781
17 33 0.84
17 41 0.666
17 34 0.818
17 39 0.892
17 21 0.557
17 25 0.105
17 30 0.249
17 42 0.166
17 19 0.106
17 45 0.105
17 23 0.272
17 27 0.117
17 38 0.179
17 40 0.324
17 18 0.06
17 28 0.114
17 32 0.186
17 35 0.118
17 47 0.192
17 49 0.125
17 20 0.088
17 24 0.15
17 26 0.135
17 36 0.177
18 25 1
18 20 0.789
18 45 0.776
18 40 0.631
18 37 0.65
18 43 0.618
18 41 0.455
18 23 0.588
18 28 0.515
18 33 0.09
18 38 0.519
18 30 0.289
18 32 0.186
18 22 0.145
18 29 0.16
18 42 0.384
18 26 0.033
18 21 0.118
18 24 0.08
18 44 0.12
18 19 0.124
18 34 0.16
18 35 0.207
18 46 0.092
19 34 0.733
19 28 0.575
19 43 0.932
19 22 0.785
19 42 0.557
19 24 0.512
19 23 0.471
19 40 0.771
19 26 0.041
19 25 0.056
19 29 0.152
19 31 0.235
19 32 0.303
19 44 0.278
19 35 0.332
19 36 0.338
19 41 0.246
19 30 0.172
19 37 0.207
19 45 0.132
19 48 0.155
19 49 0.143
19 21 0.13
19 27 0.171
19 38 0.108
19 39 0.137
20 37 0.842
20 28 0.896
20 33 0.8
20 27 1
20 34 0.903
20 40 1
20 29 0.666
20 47 0.902
20 25 0.418
20 43 0.142
20 26 0.271
20 32 0.164
20 23 0.131
20 39 0.134
20 41 0.182
20 42 0.221
20 21 0.37
20 44 0.239
20 49 0.258
20 46 0.226
20 30 0.16
20 31 0.143
20 36 0.206
20 48 0.104
21 40 0.999
21 31 0.816
21 48 0.026
21 25 0.152
21 44 0.272
21 32 0.212
21 42 0.276
21 47 0.293
21 35 0.19
21 41 0.251
21 38 0.152
21 39 0.19
21 26 0.097
21 46 0.15
21 49 0.188
21 23 0.234
21 24 0.127
21 28 0.185
21 30 0.198
21 34 0.127
21 45 0.128
21 27 0.136
21 33 0.147
21 43 0.168
22 47 0.972
22 27 0.483
22 36 0.885
22 37 0.177
22 40 0.253
22 48 0.004
22 42 0.134
22 39 0.209
22 45 0.156
22 30 0.153
22 28 0.096
22 31 0.282
22 24 0.102
22 43 0.145
22 44 0.291
22 23 0.176
22 32 0.11
22 33 0.11
22 34 0.127
22 38 0.117
22 46 0.142
22 49 0.148
23 32 0.73
23 43 1
23 47 0.74
23 46 0.664
23 26 0.664
23 33 0.818
23 36 0.773
23 48 0.246
23 49 0.054
23 44 0.121
23 40 0.471
23 34 0.144
23 38 0.314
23 27 0.207
23 31 0.104
23 39 0.173
23 29 0.142
23 24 0.198
23 28 0.138
23 45 0.125
24 41 1
24 44 0.786
24 37 0.805
24 49 0.697
24 30 0.303
24 28 0.172
24 26 0.085
24 42 0.126
24 29 0.149
24 38 0.135
24 45 0.117
24 48 0.123
24 35 0.032
24 31 0.149
24 32 0.286
24 47 0.242
24 25 0.127
24 27 0.17
24 40 0.129
24 43 0.221
24 46 0.175
24 33 0.19
24 34 0.201
25 45 0.817
25 30 0.599
25 27 0.988
25 49 0.77
25 41 0.776
25 44 0.274
25 32 0.358
25 46 0.135
25 28 0.119
25 33 0.032
25 31 0.104
25 38 0.081
25 36 0.037
25 39 0.378
25 26 0.138
25 47 0.235
25 29 0.133
25 34 0.207
25 35 0.167
25 40 0.164
25 42 0.12
26 34 0.68
26 33 0.753
26 46 0.234
26 44 0.603
26 47 0.147
26 29 0.125
26 40 0.222
26 42 0.395
26 45 0.161
26 27 0.112
26 32 0.144
27 48 0.517
27 42 0.897
27 32 0.936
27 40 0.82
27 39 0.103
27 38 0.297
27 49 0.631
27 30 0.101
27 35 0.167
27 36 0.263
27 29 0.304
27 33 0.22
27 34 0.248
27 47 0.112
27 43 0.104
27 45 0.158
27 31 0.187
27 37 0.118
28 49 1
28 38 0.818
28 35 0.935
28 40 0.694
28 41 1
28 45 0.343
28 36 0.208
28 43 0.041
28 37 0.347
28 39 0.145
28 48 0.125
28 32 0.196
28 29 0.125
28 30 0.159
28 31 0.241
28 34 0.122
28 42 0.148
28 47 0.12
29 46 1.0
29 32 0.543
29 44 0.698
29 42 1
29 30 0.484
29 39 0.29
29 31 0.234
29 49 0.021
29 47 0.002
29 40 0.148
29 36 0.304
29 37 0.143
29 41 0.15
29 33 0.124
29 35 0.149
29 45 0.125
29 48 0.14
30 48 0.909
30 43 0.559
30 33 0.274
30 31 0.21
30 34 0.19
30 39 0.12
30 45 0.208
30 32 0.268
30 42 0.104
30 36 0.095
30 38 0.092
30 44 0.269
30 46 0.133
30 40 0.167
30 49 0.166
30 47 0.087
31 33 1
31 45 1
31 42 0.782
31 44 0.697
31 38 0.622
31 43 0.092
31 49 0.233
31 46 0.129
31 47 0.227
31 35 0.162
31 36 0.092
31 37 0.354
31 39 0.125
31 41 0.166
31 34 0.116
31 40 0.198
32 43 1
32 34 0.88
32 47 0.818
32 33 0.834
32 41 0.1
32 46 0.33
32 36 0.176
32 45 0.101
32 37 0.155
32 35 0.139
32 40 0.168
32 42 0.131
32 44 0.141
32 48 0.141
32 49 0.221
33 37 0.739
33 38 0.766
33 36 0.602
33 45 0.809
33 43 0.089
33 47 0.432
33 41 0.094
33 42 0.18
33 44 0.163
33 34 0.164
33 48 0.194
34 35 0.042
34 45 0.178
34 47 0.251
34 38 0.154
34 36 0.066
34 40 0.138
34 41 0.138
34 39 0.169
34 48 0.187
34 46 0.173
34 49 0.131
34 42 0.163
35 42 0.878
35 44 0.587
35 36 0.236
35 45 0.099
35 48 0.027
35 41 0.159
35 49 0.214
35 43 0.265
35 39 0.12
35 46 0.388
35 37 0.106
35 40 0.148
36 49 1
36 40 0.226
36 48 0.003
36 44 0.17
36 37 0.45
36 42 0.12
36 47 0.245
36 38 0.156
36 39 0.172
36 41 0.221
36 43 0.197
37 43 0.921
37 38 0.735
37 39 0.115
37 42 0.318
37 44 0.29
37 45 0.067
37 47 0.231
37 41 0.187
37 48 0.125
38 41 0.221
38 45 0.17
38 46 0.182
38 44 0.35
38 39 0.135
38 47 0.229
38 48 0.162
39 42 0.602
39 40 0.784
39 49 0.298
39 45 0.393
39 46 0.158
39 47 0.122
39 48 0.151
39 41 0.222
39 43 0.158
40 44 0.818
40 47 0.831
40 46 0.626
40 43 0.849
40 48 0.008
40 49 0.056
40 42 0.241
40 41 0.17
41 49 0.972
41 48 0.204
41 45 0.088
41 44 0.37
41 42 0.198
41 43 0.139
41 46 0.143
42 48 0.844
42 46 0.273
42 45 0.022
42 43 0.123
42 44 0.156
42 49 0.136
43 46 0.605
43 49 0.309
43 45 0.124
43 47 0.158
43 48 0.138
44 47 1
44 45 0.082
44 49 0.242
44 48 0.165
44 46 0.1
45 49 0.532
45 47 0.28
45 46 0.078
45 48 0.194
46 47 0.177
46 49 0.095
46 48 0.164
47 49 0.245
48 49 0.148
