0 8 0.665
0 21 0.824
0 27 0.767
0 31 0.677
0 46 0.898
0 6 0.173
0 22 0.115
0 20 0.163
0 37 0.15
0 38 0.183
0 42 0.098
0 7 0.172
0 10 0.128
0 14 0.148
0 15 0.132
0 16 0.174
0 19 0.12
0 26 0.2
0 28 0.172
0 29 0.136
0 32 0.12
0 35 0.096
0 43 0.116
1 10 0.727
1 11 1
1 42 0.951
1 37 0.883
1 24 0.098
1 26 0.17
1 34 0.091
1 41 0.152
1 2 0.127
1 3 0.114
1 6 0.148
1 17 0.174
1 19 0.201
1 21 0.15
1 23 0.188
1 33 0.189
1 40 0.111
1 46 0.136
2 8 0.698
2 36 0.789
2 17 0.617
2 27 0.828
2 25 0.605
2 45 0.146
2 3 0.186
2 4 0.141
2 10 0.12
2 12 0.189
2 13 0.08
2 15 0.128
2 18 0.153
2 19 0.164
2 21 0.16
2 28 0.14
2 31 0.141
2 35 0.185
2 37 0.113
2 42 0.163
2 47 0.172
3 32 0.922
3 41 1
3 30 0.981
3 17 0.948
3 48 1
3 39 1
3 43 0.61
3 13 0.506
3 7 0.166
3 28 0.165
3 31 0.156
3 44 0.18
3 46 0.178
3 5 0.152
3 9 0.124
3 19 0.112
3 20 0.185
3 26 0.089
3 34 0.157
3 38 0.147
3 42 0.155
3 49 0.118
4 32 0.78
4 13 0.93
4 30 0.902
4 6 1
4 31 1
4 9 0.865
4 37 0.958
4 28 0.873
4 36 0.695
4 17 0.645
4 23 0.17
4 24 0.174
4 47 0.157
4 11 0.172
4 20 0.098
4 39 0.192
4 10 0.16
4 14 0.149
4 16 0.148
4 18 0.16
4 26 0.103
4 29 0.162
4 38 0.16
4 44 0.133
5 49 0.626
5 14 0.717
5 18 0.899
5 32 0.958
5 41 0.91
5 23 0.663
5 31 0.665
5 17 0.634
5 24 0.814
5 36 0.164
5 8 0.173
5 22 0.177
5 25 0.108
5 38 0.178
5 9 0.182
5 10 0.198
5 12 0.072
5 13 0.099
5 19 0.115
5 26 0.15
5 28 0.15
5 40 0.132
5 46 0.162
5 47 0.153
5 48 0.076
6 34 0.802
6 24 0.921
6 19 1
6 44 0.613
6 40 0.942
6 8 0.991
6 26 0.708
6 13 0.541
6 12 0.1
6 35 0.174
6 48 0.172
6 7 0.128
6 10 0.139
6 14 0.146
6 16 0.099
6 17 0.111
6 21 0.094
6 22 0.175
6 25 0.185
6 30 0.18
6 31 0.093
6 36 0.156
6 38 0.109
6 42 0.143
7 11 0.616
7 42 1
7 38 0.657
7 17 0.176
7 18 0.156
7 24 0.125
7 19 0.16
7 29 0.153
7 30 0.136
7 44 0.21
7 45 0.167
7 47 0.146
7 8 0.134
7 13 0.137
7 16 0.133
7 20 0.137
7 21 0.188
7 23 0.175
7 25 0.138
7 26 0.174
7 27 0.18
7 31 0.154
7 32 0.154
7 34 0.138
7 40 0.147
7 43 0.137
7 49 0.16
8 11 0.599
8 48 0.882
8 22 0.565
8 26 0.667
8 49 0.621
8 38 0.104
8 18 0.159
8 28 0.133
8 30 0.171
8 34 0.078
8 43 0.177
8 47 0.187
8 12 0.134
8 13 0.16
8 14 0.161
8 15 0.16
8 16 0.153
8 19 0.173
8 20 0.171
8 27 0.166
8 32 0.186
8 33 0.168
8 42 0.147
8 46 0.13
9 37 0.649
9 41 0.852
9 10 0.54
9 35 0.19
9 13 0.125
9 31 0.003
9 18 0.161
9 23 0.11
9 17 0.169
9 21 0.179
9 27 0.135
9 28 0.199
9 32 0.128
9 34 0.172
9 39 0.162
9 45 0.153
10 23 0.644
10 17 0.69
10 29 0.853
10 27 0.679
10 41 0.847
10 45 0.123
10 13 0.162
10 15 0.178
10 24 0.159
10 37 0.196
10 39 0.205
10 44 0.241
10 49 0.122
10 11 0.167
10 12 0.18
10 14 0.183
10 16 0.107
10 22 0.184
10 26 0.12
10 31 0.147
10 47 0.135
11 29 0.604
11 47 0.672
11 23 1
11 44 0.926
11 36 1
11 31 0.997
11 22 0.165
11 34 0.146
11 42 0.147
11 12 0.084
11 13 0.133
11 20 0.128
11 24 0.157
11 30 0.157
11 39 0.147
11 40 0.159
11 41 0.17
11 43 0.115
11 45 0.181
12 21 0.532
12 28 0.894
12 20 0.925
12 24 1
12 30 0.137
12 33 0.102
12 49 0.324
12 14 0.181
12 19 0.176
12 27 0.168
12 29 0.158
12 36 0.139
12 42 0.109
12 43 0.148
13 39 1
13 23 0.791
13 26 0.217
13 46 0.167
13 47 0.15
13 18 0.136
13 19 0.157
13 24 0.177
13 31 0.202
13 33 0.172
13 35 0.132
13 38 0.208
13 43 0.109
13 45 0.168
13 49 0.161
14 15 0.801
14 48 1
14 40 1
14 20 0.88
14 28 0.129
14 35 0.133
14 18 0.145
14 26 0.155
14 31 0.155
14 38 0.173
14 39 0.161
14 46 0.142
15 49 0.818
15 42 0.636
15 34 0.82
15 38 0.121
15 21 0.169
15 22 0.103
15 25 0.215
15 37 0.122
15 46 0.07
15 17 0.087
15 18 0.148
15 20 0.161
15 23 0.11
15 29 0.201
15 31 0.137
15 35 0.1
15 39 0.145
15 43 0.101
15 48 0.157
16 25 1
16 48 0.664
16 23 0.176
16 28 0.15
16 40 0.175
16 45 0.156
16 46 0.091
16 17 0.155
16 18 0.141
16 19 0.103
16 24 0.182
16 30 0.109
16 36 0.14
16 37 0.198
16 41 0.202
16 47 0.218
17 19 0.727
17 43 0.925
17 49 0.772
17 37 0.195
17 18 0.145
17 20 0.148
17 24 0.162
17 25 0.215
17 28 0.183
17 29 0.127
17 30 0.158
17 36 0.172
17 39 0.202
17 40 0.179
17 41 0.18
17 42 0.139
17 45 0.158
17 46 0.186
18 41 0.82
18 44 0.767
18 31 0.859
18 33 0.563
18 24 0.672
18 27 0.937
18 23 0.92
18 35 0.934
18 22 0.146
18 34 0.355
18 19 0.147
18 30 0.192
18 20 0.149
18 21 0.146
18 28 0.168
18 32 0.166
18 45 0.098
18 48 0.115
18 49 0.128
19 31 0.779
19 29 0.517
19 41 0.731
19 35 0.734
19 25 0.294
19 23 0.118
19 30 0.181
19 37 0.152
19 21 0.131
19 24 0.158
19 26 0.092
19 32 0.186
19 39 0.168
19 44 0.154
19 47 0.18
19 49 0.19
20 38 1
20 22 0.934
20 42 0.952
20 36 0.841
20 35 0.19
20 33 0.185
20 37 0.138
20 26 0.265
20 27 0.1
20 30 0.182
20 45 0.18
20 47 0.192
20 23 0.18
20 25 0.127
20 29 0.11
20 31 0.118
20 39 0.101
20 40 0.177
20 43 0.149
20 44 0.195
21 29 1
21 24 0.166
21 30 0.105
21 32 0.141
21 37 0.164
21 42 0.17
21 44 0.176
22 35 0.66
22 45 0.568
22 33 0.128
22 40 0.179
22 42 0.142
22 23 0.183
22 24 0.182
22 27 0.151
22 28 0.145
22 30 0.161
22 31 0.162
22 37 0.153
22 41 0.195
22 43 0.188
22 49 0.221
23 40 0.548
23 29 0.712
23 41 0.971
23 38 0.548
23 47 0.883
23 35 0.633
23 32 0.14
23 37 0.102
23 46 0.149
23 25 0.103
23 27 0.219
23 28 0.119
23 31 0.171
23 33 0.183
23 34 0.089
23 39 0.138
23 42 0.107
23 44 0.083
23 49 0.176
24 31 0.748
24 28 0.146
24 32 0.133
24 38 0.115
24 29 0.179
24 33 0.132
24 42 0.148
24 44 0.145
24 45 0.158
24 46 0.118
24 47 0.112
25 27 0.968
25 26 0.718
25 30 0.631
25 46 0.138
25 44 0.181
25 42 0.165
25 43 0.173
25 45 0.156
25 48 0.178
26 43 0.635
26 33 0.167
26 38 0.132
26 27 0.135
26 47 0.165
26 28 0.142
26 35 0.177
26 37 0.149
26 40 0.097
27 41 0.838
27 34 0.671
27 42 0.953
27 46 0.615
27 32 0.052
27 37 0.124
27 29 0.174
27 35 0.177
27 36 0.167
27 39 0.17
27 43 0.138
27 44 0.148
27 45 0.172
27 48 0.176
27 49 0.159
28 37 0.793
28 46 0.92
28 38 0.222
28 42 0.132
28 35 0.271
28 33 0.162
28 36 0.195
28 44 0.217
28 45 0.131
28 49 0.179
29 38 0.531
29 49 0.87
29 33 0.148
29 30 0.197
29 36 0.16
29 44 0.106
29 40 0.174
29 43 0.135
30 39 0.995
30 47 0.128
30 31 0.108
30 32 0.122
30 35 0.126
30 36 0.133
30 40 0.135
30 41 0.135
30 45 0.123
31 35 0.948
31 44 0.953
31 43 0.795
31 36 0.186
31 39 0.142
31 40 0.154
31 48 0.175
32 34 0.725
32 37 0.144
32 35 0.166
32 38 0.12
32 40 0.168
32 43 0.127
32 48 0.154
33 48 0.76
33 34 0.134
33 37 0.135
33 40 0.177
33 42 0.11
33 43 0.171
33 47 0.113
34 47 0.833
34 35 0.646
34 37 0.963
34 38 0.058
34 43 0.172
34 46 0.123
34 48 0.155
35 42 0.171
35 49 0.145
35 45 0.164
35 47 0.118
36 47 1
36 49 0.635
36 39 0.165
36 43 0.143
37 49 0.961
37 44 0.897
37 38 0.862
37 39 0.787
37 41 0.692
37 47 0.153
37 43 0.157
37 45 0.117
38 41 1
38 49 0.609
38 48 0.214
38 39 0.144
38 40 0.154
38 43 0.151
39 42 0.095
39 48 0.188
39 49 0.184
40 45 1
41 48 0.874
41 49 0.185
41 43 0.129
41 45 0.127
42 43 0.181
42 45 0.168
43 46 0.179
43 48 0.18
43 49 0.143
44 46 0.85
44 48 0.172
45 48 0.14
45 49 0.164
46 47 0.685
46 48 0.136
47 49 0.748
48 49 0.169
