0 38 0.744
0 13 0.698
0 5 0.828
0 35 0.94
0 43 0.944
0 3 0.236
0 19 0.125
0 47 0.23
0 49 0.089
0 10 0.129
0 27 0.182
0 36 0.137
0 45 0.135
0 2 0.147
0 4 0.15
0 16 0.201
0 34 0.175
0 39 0.131
0 40 0.153
0 44 0.03
0 6 0.111
0 7 0.219
0 11 0.131
0 14 0.172
0 15 0.144
0 17 0.126
0 20 0.148
0 22 0.167
0 24 0.151
0 25 0.135
0 29 0.144
0 31 0.147
0 33 0.153
0 37 0.159
0 42 0.113
1 12 1
1 19 0.728
1 42 0.236
1 49 0.133
1 25 0.166
1 28 0.1
1 41 0.182
1 5 0.13
1 6 0.082
1 13 0.147
1 15 0.151
1 21 0.149
1 30 0.142
1 33 0.148
1 35 0.196
1 36 0.121
1 39 0.076
1 40 0.151
1 43 0.163
1 2 0.137
1 7 0.14
1 8 0.176
1 9 0.127
1 22 0.155
1 23 0.086
1 24 0.142
1 27 0.184
1 38 0.122
1 48 0.12
2 36 0.673
2 28 0.608
2 46 0.594
2 39 0.132
2 31 0.062
2 43 0.129
2 3 0.179
2 5 0.159
2 18 0.163
2 24 0.096
2 49 0.235
2 6 0.107
2 7 0.178
2 10 0.117
2 21 0.141
2 22 0.14
2 27 0.186
2 30 0.17
2 32 0.175
2 40 0.117
2 41 0.124
2 12 0.098
2 20 0.169
2 25 0.134
2 29 0.156
2 34 0.071
2 42 0.201
2 47 0.205
3 22 0.71
3 25 1
3 13 1
3 20 0.156
3 38 0.216
3 44 0.106
3 11 0.142
3 12 0.18
3 26 0.142
3 30 0.147
3 37 0.143
3 39 0.128
3 40 0.199
3 43 0.149
3 45 0.155
3 49 0.094
3 14 0.122
3 16 0.128
3 19 0.142
3 23 0.149
3 24 0.161
3 27 0.141
3 31 0.153
3 32 0.135
3 34 0.152
3 36 0.142
3 46 0.139
3 47 0.076
4 35 0.185
4 46 0.033
4 5 0.156
4 8 0.189
4 30 0.191
4 31 0.147
4 6 0.164
4 7 0.149
4 10 0.175
4 12 0.179
4 13 0.156
4 14 0.151
4 15 0.112
4 17 0.096
4 21 0.146
4 32 0.128
4 33 0.165
4 34 0.163
4 36 0.167
4 43 0.189
5 13 0.518
5 9 0.857
5 48 0.17
5 20 0.144
5 29 0.121
5 42 0.135
5 45 0.106
5 18 0.139
5 24 0.158
5 27 0.166
5 30 0.111
5 34 0.168
5 35 0.152
5 40 0.103
5 6 0.189
5 7 0.164
5 15 0.146
5 23 0.156
5 28 0.158
5 32 0.154
5 33 0.144
5 38 0.213
5 39 0.158
5 41 0.102
5 43 0.211
5 44 0.152
5 46 0.156
5 47 0.143
6 47 0.96
6 20 0.605
6 45 1
6 39 0.698
6 28 0.167
6 16 0.168
6 31 0.064
6 36 0.154
6 41 0.216
6 43 0.101
6 8 0.127
6 32 0.132
6 9 0.144
6 29 0.17
6 42 0.182
6 7 0.143
6 10 0.141
6 18 0.178
6 21 0.166
6 24 0.166
6 25 0.177
6 26 0.178
6 30 0.178
6 34 0.16
6 37 0.095
6 38 0.185
6 40 0.113
6 48 0.069
7 48 0.647
7 45 0.879
7 29 0.131
7 10 0.162
7 25 0.014
7 15 0.141
7 16 0.062
7 35 0.155
7 39 0.113
7 49 0.175
7 8 0.216
7 9 0.167
7 11 0.119
7 13 0.206
7 14 0.18
7 21 0.139
7 22 0.131
7 23 0.167
7 24 0.138
7 30 0.163
7 33 0.093
7 38 0.109
7 41 0.16
8 37 0.891
8 28 0.858
8 19 0.969
8 10 0.821
8 48 0.978
8 41 1
8 31 0.144
8 45 0.147
8 49 0.133
8 13 0.106
8 18 0.067
8 24 0.146
8 27 0.169
8 32 0.165
8 36 0.163
8 12 0.183
8 15 0.161
8 17 0.175
8 20 0.142
8 21 0.119
8 23 0.135
8 29 0.208
8 33 0.155
8 42 0.179
9 49 0.875
9 37 0.781
9 46 0.762
9 48 0.88
9 16 0.122
9 29 0.187
9 32 0.115
9 17 0.154
9 35 0.182
9 47 0.177
9 12 0.196
9 20 0.205
9 22 0.198
9 30 0.161
9 31 0.086
9 34 0.154
9 40 0.193
9 45 0.156
9 10 0.072
9 11 0.147
9 13 0.145
9 18 0.137
9 24 0.139
9 27 0.212
9 33 0.173
9 38 0.158
9 42 0.148
10 11 0.834
10 38 0.1
10 13 0.137
10 18 0.141
10 26 0.159
10 27 0.127
10 33 0.095
10 41 0.144
10 12 0.241
10 16 0.119
10 23 0.139
10 30 0.179
10 31 0.154
10 42 0.275
10 47 0.173
10 19 0.127
10 20 0.161
10 24 0.147
10 35 0.125
10 36 0.148
10 44 0.201
10 45 0.163
10 48 0.203
11 45 0.874
11 26 0.918
11 27 0.255
11 41 0.151
11 44 0.161
11 38 0.065
11 39 0.06
11 30 0.15
11 32 0.201
11 23 0.158
11 24 0.099
11 31 0.197
11 37 0.118
11 40 0.126
11 14 0.168
11 15 0.137
11 16 0.123
11 17 0.145
11 19 0.129
11 34 0.196
11 35 0.135
11 36 0.171
11 43 0.132
11 47 0.14
11 48 0.103
12 37 0.645
12 13 0.604
12 27 0.964
12 38 0.251
12 19 0.105
12 15 0.157
12 17 0.1
12 25 0.147
12 26 0.155
12 39 0.164
12 42 0.094
12 45 0.128
12 18 0.131
12 22 0.184
12 24 0.176
12 28 0.12
12 29 0.163
12 31 0.091
12 32 0.13
12 33 0.125
12 44 0.19
12 48 0.113
12 49 0.168
13 49 1
13 48 0.702
13 30 0.701
13 14 0.078
13 31 0.158
13 29 0.102
13 17 0.201
13 20 0.208
13 23 0.168
13 32 0.135
13 33 0.138
13 19 0.154
13 24 0.09
13 27 0.157
13 35 0.143
13 36 0.172
13 38 0.179
13 42 0.117
13 44 0.166
13 45 0.187
13 46 0.186
13 47 0.147
14 42 0.814
14 41 0.929
14 25 0.789
14 38 0.795
14 19 0.156
14 29 0.073
14 22 0.112
14 34 0.008
14 15 0.122
14 17 0.155
14 18 0.144
14 20 0.143
14 24 0.126
14 48 0.152
14 16 0.177
14 21 0.212
14 23 0.124
14 27 0.104
14 28 0.172
14 30 0.149
14 32 0.141
14 35 0.099
14 36 0.126
14 43 0.135
14 45 0.126
14 46 0.138
15 32 1
15 21 0.894
15 28 0.707
15 24 0.146
15 33 0.158
15 42 0.13
15 48 0.128
15 17 0.15
15 27 0.201
15 38 0.134
15 43 0.129
15 46 0.167
15 47 0.113
15 19 0.188
15 25 0.134
15 29 0.136
15 30 0.144
15 31 0.127
15 36 0.182
15 40 0.241
15 45 0.195
16 46 0.779
16 36 0.983
16 31 0.176
16 27 0.115
16 30 0.132
16 48 0.099
16 25 0.109
16 18 0.146
16 20 0.204
16 23 0.133
16 29 0.133
16 39 0.203
16 40 0.195
16 45 0.139
16 47 0.194
16 22 0.147
16 24 0.108
16 32 0.084
16 33 0.203
16 35 0.149
16 41 0.187
17 39 1
17 18 1
17 25 0.758
17 28 0.127
17 40 0.109
17 45 0.19
17 23 0.136
17 27 0.151
17 35 0.143
17 41 0.183
17 43 0.111
17 20 0.17
17 21 0.175
17 26 0.124
17 30 0.153
17 31 0.155
17 32 0.213
17 33 0.175
17 38 0.126
17 44 0.162
18 45 0.886
18 21 0.981
18 30 0.275
18 46 0.182
18 22 0.162
18 31 0.182
18 35 0.151
18 40 0.254
18 44 0.155
18 49 0.154
18 19 0.195
18 23 0.143
18 24 0.143
18 26 0.138
18 29 0.16
18 32 0.132
18 38 0.116
18 42 0.217
19 43 0.873
19 37 0.016
19 27 0.109
19 39 0.129
19 48 0.141
19 42 0.168
19 28 0.145
19 34 0.181
19 35 0.17
19 46 0.143
19 21 0.097
19 22 0.173
19 29 0.089
19 32 0.174
19 44 0.17
19 45 0.119
19 47 0.126
19 49 0.152
20 37 0.937
20 28 1
20 36 0.933
20 31 0.736
20 40 0.159
20 43 0.148
20 23 0.102
20 21 0.132
20 26 0.172
20 29 0.144
20 30 0.17
20 32 0.212
20 48 0.175
20 24 0.126
20 27 0.166
20 35 0.093
20 39 0.122
20 44 0.151
20 47 0.122
20 49 0.156
21 40 0.618
21 31 0.204
21 36 0.06
21 32 0.067
21 34 0.201
21 42 0.098
21 24 0.147
21 29 0.142
21 38 0.169
21 22 0.157
21 25 0.131
21 27 0.198
21 30 0.161
21 33 0.122
21 35 0.141
21 43 0.132
21 44 0.113
21 48 0.165
22 47 0.909
22 36 0.708
22 43 0.703
22 28 0.987
22 25 0.792
22 26 0.164
22 44 0.039
22 23 0.154
22 24 0.162
22 30 0.142
22 35 0.165
22 37 0.18
22 41 0.168
22 46 0.113
22 48 0.21
23 32 0.954
23 36 0.686
23 26 0.737
23 43 0.241
23 45 0.197
23 46 0.11
23 30 0.115
23 33 0.179
23 27 0.135
23 28 0.136
23 31 0.175
23 34 0.136
23 35 0.168
23 38 0.168
23 39 0.153
23 42 0.106
23 44 0.151
23 47 0.116
23 49 0.169
24 27 0.879
24 48 0.548
24 41 0.684
24 36 0.196
24 26 0.166
24 30 0.151
24 32 0.151
24 33 0.102
24 37 0.181
24 40 0.191
24 45 0.025
24 46 0.131
24 25 0.162
24 28 0.22
24 34 0.154
24 38 0.145
24 42 0.142
24 43 0.188
24 47 0.124
24 49 0.156
25 45 0.894
25 27 1
25 29 0.186
25 47 0.118
25 48 0.163
25 28 0.164
25 34 0.081
25 46 0.207
25 30 0.139
25 32 0.197
25 35 0.191
25 41 0.137
25 49 0.141
26 42 0.812
26 45 0.155
26 30 0.147
26 40 0.178
26 37 0.167
26 43 0.113
26 28 0.163
26 35 0.204
26 38 0.163
26 46 0.184
26 48 0.108
27 36 0.966
27 35 0.154
27 43 0.142
27 31 0.141
27 40 0.187
27 29 0.18
27 30 0.132
27 37 0.125
27 41 0.196
27 44 0.118
27 46 0.119
27 48 0.15
28 38 0.762
28 41 0.971
28 44 0.94
28 30 0.268
28 43 0.139
28 32 0.187
28 40 0.109
28 42 0.173
28 45 0.187
28 33 0.168
28 36 0.126
28 49 0.111
29 42 1
29 46 0.935
29 36 0.186
29 47 0.131
29 40 0.177
29 38 0.208
29 45 0.228
29 48 0.123
29 31 0.174
29 32 0.183
29 33 0.132
29 34 0.136
29 35 0.131
29 39 0.159
29 41 0.105
30 48 1
30 31 0.912
30 34 0.943
30 42 0.11
30 38 0.16
30 39 0.133
30 40 0.161
30 43 0.134
30 44 0.151
30 47 0.148
30 49 0.203
31 45 1
31 35 1
31 44 0.094
31 40 0.138
31 32 0.17
31 34 0.137
31 49 0.166
32 34 0.895
32 33 0.116
32 35 0.169
32 49 0.275
32 37 0.176
32 39 0.159
32 41 0.14
32 43 0.13
33 40 0.192
33 49 0.158
33 42 0.19
33 34 0.164
33 36 0.144
33 37 0.097
33 39 0.197
33 41 0.108
33 43 0.114
33 45 0.116
33 46 0.12
33 47 0.162
34 41 0.105
34 42 0.134
34 37 0.196
34 38 0.106
34 39 0.165
34 40 0.146
34 46 0.178
34 47 0.084
35 46 0.858
35 39 0.113
35 43 0.131
35 44 0.137
35 45 0.176
35 48 0.09
35 49 0.084
35 37 0.119
35 40 0.154
35 42 0.167
35 47 0.126
36 48 0.084
36 38 0.214
36 37 0.079
36 40 0.136
36 43 0.138
36 49 0.153
37 38 0.135
37 40 0.163
37 43 0.118
37 48 0.136
37 49 0.176
37 42 0.131
37 46 0.128
38 42 0.095
38 43 0.126
38 39 0.214
38 40 0.233
38 44 0.183
38 46 0.146
38 47 0.145
38 49 0.165
39 45 0.758
39 40 0.158
39 46 0.491
39 43 0.125
39 48 0.151
39 49 0.153
40 44 1
40 45 0.169
40 42 0.151
40 48 0.088
41 48 0.167
41 45 0.152
41 43 0.155
41 46 0.165
41 47 0.139
41 44 0.15
42 48 0.539
42 44 0.159
42 45 0.133
42 49 0.119
43 48 0.213
43 44 0.178
43 46 0.11
44 46 0.737
44 47 0.159
44 48 0.141
44 49 0.138
45 48 0.169
46 47 0.096
47 49 0.138
48 49 0.152
