0 38 0.744
0 13 0.698
0 5 1
0 35 0.94
0 43 0.714
0 19 0.088
0 7 0.157
0 17 0.156
0 28 0.086
0 29 0.113
0 33 0.149
0 39 0.194
0 1 0.157
0 2 0.186
0 3 0.14
0 4 0.144
0 14 0.166
0 18 0.149
0 22 0.16
0 24 0.2
0 27 0.187
0 36 0.168
0 45 0.213
0 46 0.154
0 48 0.133
0 49 0.164
1 12 0.9
1 19 0.662
1 17 0.15
1 33 0.04
1 40 0.172
1 4 0.137
1 5 0.179
1 15 0.173
1 18 0.206
1 28 0.186
1 38 0.142
1 2 0.174
1 3 0.127
1 6 0.141
1 9 0.16
1 11 0.105
1 14 0.115
1 24 0.151
1 27 0.144
1 29 0.142
1 34 0.113
1 39 0.149
1 44 0.157
1 48 0.124
1 49 0.138
2 36 0.648
2 28 0.681
2 46 0.643
2 45 0.155
2 3 0.051
2 14 0.148
2 40 0.154
2 6 0.139
2 7 0.137
2 22 0.133
2 25 0.211
2 30 0.103
2 37 0.165
2 4 0.139
2 5 0.188
2 9 0.191
2 11 0.145
2 16 0.107
2 19 0.146
2 27 0.166
2 29 0.132
2 33 0.196
2 38 0.175
2 39 0.156
3 22 0.771
3 25 1
3 13 1
3 39 0.155
3 8 0.161
3 20 0.172
3 33 0.183
3 36 0.129
3 38 0.158
3 42 0.12
3 5 0.129
3 14 0.175
3 34 0.098
3 35 0.14
3 46 0.171
3 48 0.159
3 4 0.129
3 9 0.168
3 11 0.164
3 12 0.14
3 17 0.142
3 27 0.196
3 29 0.167
3 30 0.101
3 31 0.142
3 41 0.153
3 45 0.149
3 47 0.194
4 44 0.175
4 26 0.174
4 32 0.141
4 34 0.229
4 39 0.137
4 41 0.145
4 8 0.155
4 9 0.182
4 10 0.23
4 11 0.172
4 12 0.157
4 29 0.354
4 36 0.158
4 43 0.172
4 46 0.131
4 7 0.169
4 23 0.235
4 24 0.169
4 25 0.185
4 45 0.209
4 47 0.138
4 20 0.196
4 31 0.172
4 35 0.162
4 38 0.179
4 40 0.155
5 13 0.518
5 9 0.89
5 33 0.139
5 38 0.204
5 39 0.102
5 12 0.141
5 14 0.154
5 18 0.102
5 20 0.162
5 45 0.162
5 47 0.153
5 6 0.184
5 11 0.177
5 17 0.196
5 25 0.149
5 28 0.16
5 31 0.103
5 32 0.101
5 35 0.099
5 43 0.128
6 47 0.96
6 20 0.749
6 45 1
6 39 0.698
6 28 0.125
6 7 0.091
6 10 0.154
6 49 0.136
6 14 0.166
6 19 0.235
6 23 0.132
6 29 0.087
6 30 0.132
6 32 0.135
6 11 0.115
6 12 0.154
6 18 0.134
6 21 0.183
6 22 0.161
6 24 0.139
6 27 0.134
6 36 0.182
6 37 0.181
6 40 0.142
6 43 0.179
7 48 0.634
7 45 0.872
7 15 0.061
7 20 0.25
7 49 0.186
7 13 0.022
7 26 0.162
7 30 0.145
7 9 0.153
7 12 0.146
7 14 0.161
7 35 0.089
7 11 0.092
7 24 0.105
7 40 0.201
7 42 0.159
7 43 0.164
7 44 0.187
7 8 0.185
7 18 0.188
7 22 0.108
7 28 0.144
7 29 0.167
7 37 0.109
7 39 0.16
7 47 0.167
8 37 0.837
8 28 0.858
8 19 0.771
8 10 0.904
8 48 0.912
8 41 1
8 32 0.187
8 30 0.187
8 26 0.131
8 34 0.169
8 36 0.095
8 40 0.243
8 9 0.09
8 14 0.138
8 25 0.125
8 35 0.147
8 47 0.12
8 49 0.114
8 12 0.143
8 21 0.194
8 23 0.089
8 27 0.128
8 29 0.164
8 38 0.133
9 49 0.952
9 37 0.781
9 46 0.794
9 48 0.905
9 12 0.179
9 13 0.119
9 34 0.42
9 39 0.135
9 11 0.119
9 19 0.213
9 20 0.091
9 38 0.098
9 17 0.141
9 22 0.148
9 27 0.167
9 31 0.094
9 33 0.111
9 35 0.139
9 36 0.202
9 40 0.182
9 43 0.135
9 44 0.157
9 14 0.162
9 15 0.093
9 16 0.123
9 24 0.14
9 25 0.171
9 26 0.15
9 28 0.13
9 41 0.14
10 11 0.872
10 29 0.291
10 16 0.179
10 42 0.011
10 17 0.146
10 25 0.149
10 22 0.113
10 24 0.088
10 35 0.158
10 36 0.142
10 12 0.164
10 19 0.143
10 20 0.114
10 26 0.148
10 27 0.208
10 30 0.15
10 33 0.122
10 38 0.148
10 41 0.122
10 44 0.163
10 45 0.147
10 46 0.161
11 45 1
11 26 0.846
11 40 0.132
11 25 0.107
11 30 0.133
11 31 0.113
11 36 0.296
11 37 0.187
11 21 0.089
11 28 0.178
11 34 0.175
11 43 0.178
11 48 0.169
11 12 0.174
11 13 0.157
11 16 0.191
11 18 0.161
11 20 0.126
11 22 0.153
11 27 0.181
11 33 0.15
11 35 0.113
11 39 0.13
11 41 0.146
11 44 0.138
11 49 0.112
12 37 0.721
12 13 0.268
12 27 1
12 19 0.327
12 30 0.133
12 32 0.174
12 45 0.177
12 14 0.187
12 23 0.196
12 25 0.191
12 26 0.143
12 33 0.131
12 43 0.165
12 16 0.138
12 20 0.148
12 21 0.108
12 29 0.203
12 31 0.17
12 35 0.178
12 36 0.135
12 39 0.172
12 41 0.165
12 44 0.158
12 47 0.171
13 49 1
13 48 0.689
13 30 0.658
13 19 0.158
13 20 0.195
13 15 0.145
13 27 0.172
13 14 0.154
13 24 0.183
13 28 0.12
13 32 0.166
13 33 0.17
13 34 0.161
13 37 0.188
13 39 0.133
13 41 0.098
13 42 0.148
13 43 0.107
13 44 0.134
13 45 0.16
14 42 0.95
14 41 0.946
14 25 0.789
14 38 0.795
14 39 0.172
14 15 0.26
14 17 0.181
14 33 0.139
14 35 0.119
14 36 0.141
14 20 0.147
14 22 0.168
14 30 0.138
14 31 0.11
14 34 0.141
14 37 0.201
14 44 0.157
14 47 0.171
14 19 0.189
14 21 0.166
14 23 0.133
14 26 0.188
14 27 0.182
14 28 0.16
14 40 0.132
14 48 0.14
15 32 1
15 21 0.969
15 28 0.576
15 16 0.146
15 27 0.176
15 24 0.148
15 29 0.12
15 30 0.175
15 33 0.151
15 49 0.125
15 17 0.158
15 40 0.147
15 42 0.114
15 43 0.135
15 47 0.136
15 48 0.159
15 19 0.091
15 26 0.107
15 35 0.179
15 37 0.164
15 38 0.172
15 44 0.213
15 45 0.141
15 46 0.178
16 46 0.894
16 36 0.983
16 45 0.03
16 28 0.147
16 31 0.155
16 32 0.121
16 34 0.183
16 39 0.153
16 42 0.115
16 48 0.025
16 17 0.158
16 19 0.101
16 20 0.177
16 22 0.144
16 23 0.097
16 25 0.178
16 26 0.11
16 29 0.125
16 33 0.129
16 37 0.142
16 40 0.095
17 39 1
17 18 0.902
17 25 0.771
17 49 0.132
17 22 0.099
17 38 0.144
17 24 0.209
17 26 0.171
17 27 0.125
17 43 0.133
17 44 0.174
17 47 0.135
17 20 0.145
17 23 0.162
17 29 0.187
17 30 0.126
17 34 0.117
17 36 0.179
17 41 0.175
18 45 0.886
18 21 1
18 23 0.16
18 47 0.16
18 26 0.131
18 29 0.116
18 37 0.187
18 40 0.104
18 44 0.175
18 49 0.203
18 19 0.19
18 20 0.156
18 27 0.156
18 31 0.127
18 33 0.15
18 39 0.118
18 41 0.133
18 42 0.175
18 43 0.195
18 48 0.107
19 43 0.873
19 25 0.013
19 41 0.158
19 45 0.173
19 49 0.15
19 29 0.102
19 24 0.157
19 34 0.15
19 37 0.115
19 46 0.188
19 38 0.155
19 23 0.17
19 27 0.209
19 28 0.127
19 32 0.146
19 35 0.126
19 44 0.158
19 47 0.086
19 48 0.135
20 37 0.675
20 28 0.886
20 36 0.933
20 31 0.867
20 42 0.141
20 49 0.205
20 26 0.091
20 27 0.146
20 43 0.157
20 47 0.109
20 22 0.187
20 24 0.175
20 25 0.115
20 33 0.166
20 34 0.179
20 40 0.119
20 45 0.188
20 48 0.131
21 40 0.627
21 44 0.173
21 23 0.227
21 26 0.174
21 36 0.116
21 22 0.196
21 33 0.14
21 39 0.151
21 48 0.128
21 25 0.107
21 32 0.127
21 35 0.124
21 37 0.211
21 38 0.128
21 47 0.145
21 49 0.146
22 47 0.629
22 36 0.677
22 43 0.544
22 28 0.987
22 25 0.946
22 37 0.506
22 39 0.145
22 29 0.103
22 38 0.11
22 40 0.128
22 23 0.148
22 26 0.186
22 30 0.173
22 32 0.127
22 33 0.159
22 35 0.183
22 44 0.113
22 46 0.16
22 48 0.12
22 49 0.144
23 32 1
23 36 0.738
23 26 0.788
23 33 0.142
23 35 0.121
23 47 0.153
23 49 0.16
23 27 0.129
23 29 0.187
23 34 0.159
23 40 0.158
23 43 0.108
23 46 0.141
23 48 0.111
24 27 0.995
24 48 0.544
24 41 0.56
24 29 0.26
24 33 0.149
24 35 0.156
24 45 0.127
24 26 0.15
24 37 0.171
24 43 0.187
24 25 0.177
24 28 0.141
24 32 0.112
24 42 0.128
24 46 0.133
24 47 0.189
25 45 0.773
25 27 0.981
25 34 0.136
25 29 0.181
25 30 0.146
25 42 0.177
25 26 0.081
25 32 0.12
25 36 0.15
25 39 0.171
25 41 0.13
25 43 0.166
25 49 0.14
26 42 0.849
26 37 0.157
26 33 0.331
26 46 0.141
26 27 0.133
26 48 0.186
26 36 0.141
26 47 0.151
26 49 0.119
26 28 0.184
26 29 0.142
26 32 0.12
26 35 0.123
26 39 0.145
27 36 0.866
27 32 0.134
27 45 0.11
27 40 0.087
27 31 0.202
27 33 0.155
27 38 0.126
27 39 0.139
27 41 0.143
27 43 0.116
27 44 0.134
27 46 0.106
27 47 0.208
28 38 0.975
28 41 0.955
28 44 0.836
28 36 0.12
28 48 0.127
28 29 0.193
28 31 0.162
28 32 0.119
28 33 0.15
28 35 0.181
28 39 0.122
28 40 0.137
28 42 0.193
28 45 0.152
29 42 1
29 46 0.935
29 38 0.162
29 39 0.144
29 35 0.158
29 44 0.146
29 30 0.169
29 34 0.11
29 40 0.156
29 47 0.171
29 48 0.098
30 48 0.918
30 31 0.927
30 34 0.884
30 42 0.345
30 39 0.154
30 37 0.193
30 35 0.103
30 40 0.155
30 41 0.146
30 45 0.152
31 45 1
31 35 1
31 36 0.203
31 46 0.145
31 42 0.143
31 49 0.168
31 37 0.23
31 38 0.078
31 40 0.132
31 47 0.124
31 48 0.167
32 34 0.866
32 39 0.122
32 41 0.179
32 33 0.13
32 35 0.138
32 36 0.129
32 40 0.124
32 42 0.182
32 47 0.2
32 48 0.164
32 49 0.205
33 38 0.151
33 48 0.14
33 35 0.146
33 34 0.223
33 37 0.152
33 42 0.115
33 44 0.123
33 49 0.126
33 36 0.167
33 39 0.129
33 40 0.157
33 41 0.108
34 35 0.115
34 38 0.163
34 43 0.176
34 46 0.136
34 47 0.172
34 48 0.078
34 39 0.19
34 40 0.201
34 41 0.152
34 49 0.112
35 46 0.607
35 42 0.047
35 45 0.129
35 47 0.106
35 48 0.173
35 43 0.117
35 38 0.149
35 39 0.141
35 44 0.095
35 49 0.121
36 38 0.18
36 45 0.162
36 48 0.097
36 37 0.166
36 40 0.204
36 44 0.19
36 49 0.193
37 49 0.109
37 42 0.118
37 38 0.192
37 41 0.145
37 46 0.148
38 46 0.052
38 40 0.153
38 41 0.172
38 47 0.163
38 39 0.161
38 42 0.133
38 43 0.122
38 48 0.173
38 49 0.169
39 45 0.702
39 41 0.124
39 43 0.14
39 44 0.169
40 44 1
40 41 0.205
40 45 0.165
40 46 0.127
41 43 0.119
41 42 0.132
41 44 0.126
41 46 0.145
41 49 0.181
42 48 0.545
42 47 0.157
42 44 0.151
42 45 0.112
43 44 0.146
43 48 0.193
43 47 0.179
43 49 0.116
44 46 0.726
44 48 0.164
44 45 0.189
44 49 0.134
45 46 0.127
45 47 0.108
45 48 0.184
46 47 0.114
46 48 0.151
