0 46 0.903
0 40 0.048
0 13 0.83
0 43 0.541
0 12 0.018
0 9 0.31
0 17 0.32
0 4 0.374
0 42 0.794
0 33 0.123
0 49 0.064
0 22 0.156
0 24 0.475
0 38 0.281
0 48 0.135
0 25 0.298
0 29 0.352
0 2 0.181
0 14 0.314
0 39 0.195
0 10 0.164
0 16 0.094
0 31 0.501
0 1 0.082
0 21 0.21
0 7 0.164
0 19 0.084
0 28 0.227
0 34 0.181
0 45 0.195
0 6 0.087
0 23 0.126
0 26 0.305
0 35 0.138
0 3 0.149
0 5 0.215
0 18 0.109
0 20 0.169
0 27 0.157
0 41 0.109
0 47 0.168
0 11 0.135
0 32 0.125
0 36 0.12
0 37 0.177
1 10 0.989
1 11 1
1 24 0.382
1 41 0.438
1 28 0.111
1 4 0.501
1 35 0.302
1 27 0.474
1 19 0.253
1 6 0.126
1 18 0.139
1 25 0.144
1 31 0.035
1 8 0.167
1 15 0.217
1 22 0.092
1 23 0.099
1 32 0.169
1 37 0.309
1 40 0.202
1 16 0.137
1 30 0.137
1 45 0.084
1 2 0.016
1 5 0.128
1 9 0.021
1 12 0.102
1 34 0.078
1 47 0.149
1 48 0.135
1 21 0.125
1 43 0.057
1 46 0.072
1 7 0.066
1 13 0.171
1 17 0.164
1 20 0.191
1 36 0.175
1 38 0.157
1 44 0.071
1 3 0.146
1 29 0.161
1 33 0.2
1 49 0.163
2 8 0.778
2 36 0.807
2 17 0.997
2 40 0.984
2 13 0.467
2 18 0.374
2 20 0.275
2 16 0.744
2 43 0.569
2 25 0.321
2 32 0.119
2 6 0.536
2 22 0.294
2 3 0.215
2 12 0.106
2 49 0.291
2 9 0.25
2 45 0.07
2 41 0.189
2 42 0.26
2 47 0.07
2 24 0.067
2 4 0.079
2 28 0.119
2 30 0.264
2 46 0.093
2 48 0.157
2 5 0.288
2 11 0.141
2 23 0.144
2 44 0.117
2 10 0.166
2 21 0.135
2 29 0.129
2 37 0.19
2 38 0.143
2 39 0.137
2 31 0.151
2 33 0.139
2 34 0.118
3 17 0.92
3 48 0.868
3 39 1
3 33 0.162
3 8 0.481
3 12 0.581
3 26 0.075
3 34 0.123
3 16 0.112
3 22 0.386
3 24 0.763
3 46 0.022
3 49 0.243
3 9 0.198
3 45 0.202
3 27 0.17
3 37 0.547
3 23 0.185
3 6 0.2
3 11 0.163
3 15 0.104
3 42 0.161
3 7 0.089
3 18 0.175
3 38 0.349
3 5 0.231
3 29 0.052
3 44 0.054
3 13 0.1
3 20 0.139
3 21 0.02
3 41 0.27
3 4 0.148
3 10 0.145
3 14 0.168
3 25 0.137
3 28 0.154
3 40 0.119
3 47 0.173
3 19 0.155
3 31 0.106
3 35 0.116
4 32 0.364
4 13 0.83
4 31 0.72
4 9 0.708
4 28 0.967
4 36 1
4 24 0.487
4 19 0.206
4 29 0.581
4 14 0.68
4 23 0.339
4 30 0.399
4 43 0.118
4 37 0.349
4 8 0.053
4 48 0.544
4 22 0.126
4 38 0.037
4 45 0.357
4 25 0.6
4 40 0.526
4 33 0.281
4 39 0.255
4 5 0.066
4 7 0.268
4 12 0.053
4 34 0.197
4 46 0.087
4 41 0.052
4 18 0.256
4 26 0.119
4 15 0.13
4 35 0.108
4 20 0.17
4 42 0.121
4 44 0.21
4 6 0.155
4 21 0.136
4 49 0.176
5 18 0.954
5 32 1
5 41 0.689
5 17 0.605
5 24 1
5 35 0.438
5 16 0.412
5 36 0.586
5 45 0.454
5 14 0.9
5 30 0.34
5 26 0.166
5 6 0.113
5 33 0.304
5 25 0.013
5 19 0.2
5 27 0.383
5 39 0.277
5 9 0.123
5 20 0.395
5 31 0.158
5 38 0.167
5 7 0.16
5 21 0.182
5 22 0.025
5 29 0.236
5 40 0.206
5 43 0.124
5 44 0.051
5 46 0.127
5 47 0.237
5 12 0.157
5 34 0.265
5 37 0.16
5 42 0.18
5 13 0.164
5 48 0.095
6 34 1
6 24 1
6 40 0.983
6 10 0.414
6 48 0.072
6 7 0.099
6 8 0.122
6 41 0.426
6 22 0.072
6 16 0.459
6 32 0.142
6 45 0.04
6 47 0.025
6 9 0.075
6 17 0.548
6 26 0.213
6 46 0.25
6 36 0.241
6 18 0.338
6 13 0.646
6 25 0.272
6 49 0.164
6 29 0.096
6 37 0.261
6 11 0.374
6 20 0.214
6 31 0.145
6 43 0.239
6 35 0.162
6 44 0.319
6 27 0.21
6 38 0.254
6 12 0.205
6 39 0.071
6 21 0.178
6 23 0.16
6 28 0.143
6 42 0.152
6 14 0.136
6 33 0.11
7 42 0.865
7 38 0.719
7 41 0.6
7 44 0.208
7 16 0.67
7 33 0.077
7 18 0.315
7 27 0.217
7 26 0.027
7 28 0.26
7 48 0.534
7 12 0.137
7 40 0.359
7 32 0.323
7 46 0.25
7 11 0.775
7 47 0.378
7 13 0.379
7 15 0.118
7 17 0.374
7 34 0.034
7 35 0.227
7 19 0.175
7 39 0.552
7 14 0.154
7 9 0.339
7 24 0.209
7 25 0.122
7 36 0.106
7 45 0.126
7 8 0.152
7 21 0.128
7 31 0.164
7 37 0.136
7 29 0.161
7 30 0.132
8 48 0.835
8 22 0.882
8 49 0.857
8 44 0.582
8 30 0.524
8 16 0.923
8 24 0.288
8 29 0.393
8 38 0.209
8 19 0.066
8 47 0.29
8 27 0.189
8 41 0.118
8 15 0.292
8 42 0.021
8 46 0.227
8 43 0.152
8 10 0.106
8 11 0.101
8 14 0.312
8 23 0.256
8 36 0.67
8 17 0.205
8 21 0.25
8 35 0.622
8 37 0.166
8 39 0.013
8 25 0.146
8 40 0.151
8 12 0.163
8 18 0.179
8 26 0.108
8 34 0.108
8 45 0.131
8 13 0.153
8 20 0.133
9 41 0.69
9 47 0.391
9 39 0.742
9 43 0.463
9 24 0.221
9 16 0.153
9 12 0.398
9 23 0.529
9 48 0.223
9 32 0.103
9 45 0.058
9 30 0.161
9 18 0.179
9 14 0.313
9 27 0.098
9 11 0.261
9 15 0.277
9 40 0.206
9 37 0.157
9 42 0.154
9 29 0.051
9 36 0.142
9 38 0.078
9 49 0.22
9 10 0.132
9 26 0.179
9 31 0.193
9 35 0.176
9 44 0.193
9 13 0.162
9 20 0.148
9 21 0.152
10 29 0.901
10 41 0.743
10 42 0.665
10 47 0.642
10 40 0.261
10 37 0.169
10 18 0.372
10 44 0.651
10 28 0.373
10 34 0.286
10 14 0.462
10 23 0.482
10 45 0.214
10 48 0.291
10 19 0.199
10 33 0.26
10 20 0.083
10 22 0.081
10 26 0.47
10 30 0.322
10 12 0.207
10 16 0.001
10 32 0.11
10 17 0.086
10 25 0.115
10 27 0.17
10 21 0.127
10 24 0.133
10 35 0.172
10 39 0.181
10 13 0.163
10 43 0.165
10 49 0.129
10 11 0.148
10 46 0.146
11 47 0.444
11 44 0.815
11 36 0.975
11 31 0.325
11 20 0.541
11 41 0.487
11 18 0.485
11 13 0.477
11 49 0.278
11 48 0.216
11 34 0.237
11 39 0.238
11 32 0.012
11 42 0.288
11 23 0.294
11 30 0.147
11 37 0.168
11 21 0.355
11 27 0.105
11 35 0.137
11 45 0.034
11 22 0.1
11 29 0.151
11 14 0.18
11 15 0.147
11 24 0.199
11 25 0.171
11 26 0.158
11 28 0.146
11 38 0.173
11 43 0.149
11 12 0.17
11 17 0.179
11 40 0.155
11 46 0.117
12 20 0.997
12 24 0.831
12 26 0.622
12 30 0.212
12 45 0.739
12 38 0.066
12 21 0.478
12 18 0.474
12 43 0.335
12 29 0.105
12 46 0.226
12 33 0.05
12 27 0.062
12 39 0.203
12 31 0.305
12 37 0.06
12 42 0.2
12 13 0.157
12 16 0.145
12 28 0.197
12 40 0.203
12 47 0.324
12 49 0.067
12 22 0.16
12 15 0.15
12 17 0.098
12 41 0.183
12 44 0.14
12 48 0.269
12 25 0.181
12 34 0.124
12 35 0.174
13 39 0.946
13 23 0.628
13 14 0.192
13 17 0.061
13 44 0.154
13 15 0.962
13 34 0.367
13 19 0.038
13 27 0.108
13 28 0.009
13 30 0.151
13 18 0.264
13 16 0.128
13 47 0.142
13 40 0.141
13 25 0.102
13 48 0.067
13 21 0.197
13 36 0.214
13 20 0.174
13 29 0.134
13 32 0.13
13 33 0.268
13 35 0.161
13 45 0.148
13 46 0.142
13 41 0.162
13 22 0.22
13 31 0.197
13 38 0.008
13 42 0.141
13 37 0.123
14 48 0.711
14 40 0.997
14 15 0.403
14 28 0.852
14 23 0.843
14 21 0.235
14 19 0.168
14 26 0.217
14 47 0.242
14 16 0.056
14 25 0.158
14 36 0.17
14 37 0.308
14 35 0.172
14 31 0.149
14 32 0.731
14 22 0.547
14 24 0.539
14 42 0.382
14 18 0.102
14 30 0.179
14 39 0.213
14 29 0.145
14 33 0.179
14 34 0.003
14 38 0.052
14 41 0.094
14 17 0.114
14 43 0.156
14 46 0.214
14 49 0.13
14 20 0.131
15 34 0.851
15 30 0.585
15 23 0.337
15 48 0.37
15 24 0.688
15 21 0.377
15 31 0.38
15 18 0.153
15 32 0.513
15 44 0.163
15 37 0.346
15 47 0.6
15 20 0.027
15 26 0.027
15 35 0.084
15 45 0.244
15 39 0.251
15 40 0.277
15 49 0.17
15 25 0.218
15 19 0.222
15 28 0.244
15 46 0.153
15 36 0.281
15 38 0.149
15 42 0.154
15 16 0.15
15 22 0.177
15 27 0.136
15 29 0.14
15 33 0.135
16 25 0.921
16 32 0.518
16 35 0.035
16 31 0.411
16 22 0.642
16 17 0.069
16 23 0.306
16 39 0.561
16 19 0.181
16 27 0.564
16 34 0.607
16 20 0.06
16 28 0.191
16 41 0.09
16 18 0.053
16 43 0.152
16 26 0.118
16 44 0.333
16 30 0.236
16 24 0.168
16 33 0.166
16 40 0.207
16 42 0.12
16 47 0.108
16 36 0.158
16 38 0.157
16 45 0.167
16 48 0.145
16 49 0.11
17 19 0.585
17 43 0.978
17 49 0.766
17 42 0.33
17 32 0.584
17 36 0.318
17 44 0.049
17 27 0.179
17 41 0.391
17 26 0.467
17 48 0.011
17 37 0.179
17 45 0.226
17 34 0.254
17 18 0.15
17 31 0.013
17 39 0.21
17 46 0.095
17 33 0.169
17 21 0.13
17 30 0.084
17 35 0.237
17 22 0.137
17 23 0.219
17 28 0.139
17 38 0.121
17 47 0.128
18 41 0.301
18 44 0.905
18 27 0.969
18 42 0.384
18 28 0.193
18 22 0.077
18 39 0.504
18 46 0.077
18 19 0.124
18 35 0.245
18 43 0.187
18 25 0.329
18 30 0.161
18 37 0.317
18 24 0.232
18 33 0.159
18 38 0.281
18 45 0.108
18 23 0.23
18 31 0.131
18 32 0.164
18 47 0.118
18 48 0.202
18 20 0.15
18 26 0.135
18 34 0.198
18 36 0.083
18 40 0.131
19 41 0.971
19 35 0.846
19 45 0.135
19 36 0.769
19 34 0.199
19 38 0.506
19 46 0.187
19 26 0.208
19 30 0.498
19 33 0.179
19 40 0.104
19 49 0.159
19 29 0.368
19 21 0.357
19 23 0.017
19 42 0.181
19 44 0.243
19 47 0.212
19 25 0.154
19 20 0.065
19 22 0.183
19 31 0.081
19 37 0.206
19 43 0.183
19 24 0.171
19 27 0.161
19 28 0.164
19 32 0.112
19 48 0.151
20 38 1
20 22 0.567
20 36 0.894
20 46 0.113
20 23 0.173
20 33 0.832
20 32 0.151
20 39 0.371
20 26 0.344
20 37 0.156
20 35 0.325
20 34 0.201
20 25 0.255
20 30 0.045
20 31 0.227
20 40 0.187
20 43 0.132
20 44 0.155
20 29 0.119
20 42 0.235
20 48 0.188
20 49 0.189
20 45 0.137
21 29 0.714
21 47 0.2
21 41 0.471
21 30 0.86
21 28 0.129
21 39 0.168
21 35 0.059
21 25 0.209
21 45 0.119
21 23 0.108
21 26 0.197
21 31 0.194
21 38 0.292
21 44 0.156
21 46 0.036
21 22 0.121
21 48 0.225
21 24 0.093
21 40 0.136
21 33 0.123
21 43 0.196
21 49 0.178
22 35 0.821
22 33 0.537
22 29 0.873
22 27 0.302
22 36 0.437
22 37 0.117
22 24 0.373
22 30 0.185
22 34 0.298
22 31 0.192
22 23 0.148
22 49 0.166
22 45 0.37
22 26 0.133
22 32 0.115
22 41 0.127
22 28 0.098
22 38 0.126
22 40 0.298
22 44 0.131
22 46 0.176
22 47 0.018
23 41 0.507
23 35 0.806
23 48 0.676
23 25 0.141
23 49 0.312
23 24 0.253
23 28 0.447
23 33 0.08
23 39 0.119
23 45 0.176
23 40 0.125
23 43 0.188
23 27 0.078
23 32 0.254
23 34 0.12
23 36 0.381
23 46 0.112
23 30 0.171
23 44 0.233
23 29 0.173
23 31 0.185
23 37 0.175
23 42 0.167
24 31 0.748
24 38 0.168
24 27 0.41
24 43 0.066
24 40 0.276
24 41 0.406
24 49 0.156
24 32 0.015
24 35 0.142
24 29 0.052
24 39 0.186
24 48 0.084
24 28 0.179
24 37 0.077
24 46 0.38
24 26 0.141
24 33 0.065
24 34 0.347
24 44 0.023
24 25 0.244
24 30 0.155
24 42 0.136
24 47 0.139
25 27 1
25 26 0.977
25 30 0.937
25 45 0.176
25 49 0.05
25 33 0.154
25 29 0.775
25 31 0.202
25 39 0.501
25 28 0.025
25 41 0.263
25 46 0.286
25 37 0.504
25 47 0.218
25 34 0.07
25 38 0.147
25 35 0.178
25 32 0.106
25 36 0.012
25 40 0.115
25 43 0.171
25 44 0.248
25 48 0.149
25 42 0.144
26 27 0.813
26 32 0.638
26 30 0.192
26 41 0.349
26 28 0.016
26 37 0.242
26 34 0.256
26 46 0.267
26 43 0.266
26 40 0.381
26 33 0.144
26 35 0.35
26 38 0.161
26 45 0.253
26 42 0.168
26 49 0.125
26 48 0.12
26 31 0.099
26 36 0.184
26 39 0.174
26 44 0.168
26 47 0.132
27 42 1
27 46 1
27 37 0.303
27 47 0.44
27 41 0.502
27 30 0.068
27 36 0.351
27 31 0.155
27 48 0.067
27 38 0.13
27 28 0.219
27 39 0.172
27 29 0.162
27 32 0.179
27 40 0.096
27 44 0.256
27 34 0.102
27 45 0.215
27 43 0.158
27 49 0.131
28 29 0.119
28 32 0.271
28 43 0.474
28 35 0.548
28 38 0.3
28 37 0.289
28 41 0.198
28 31 0.12
28 39 0.011
28 33 0.187
28 45 0.316
28 49 0.126
28 30 0.057
28 34 0.155
28 42 0.12
28 36 0.097
28 44 0.136
28 46 0.259
28 48 0.256
28 47 0.163
29 49 0.594
29 46 0.602
29 33 0.575
29 44 0.364
29 35 0.371
29 47 0.29
29 42 0.34
29 34 0.314
29 39 0.193
29 30 0.094
29 45 0.116
29 37 0.272
29 31 0.211
29 36 0.052
29 41 0.119
29 48 0.178
29 32 0.14
30 40 0.177
30 34 0.607
30 43 0.238
30 33 0.455
30 46 0.183
30 32 0.286
30 37 0.157
30 49 0.01
30 41 0.241
30 36 0.34
30 45 0.173
30 47 0.08
30 31 0.149
30 35 0.141
30 44 0.136
30 39 0.191
30 42 0.099
31 35 0.441
31 44 0.553
31 48 0.825
31 47 0.635
31 37 0.565
31 45 0.143
31 33 0.032
31 42 0.183
31 46 0.298
31 43 0.119
31 36 0.143
31 34 0.151
31 38 0.136
31 39 0.155
31 40 0.169
31 41 0.161
31 49 0.167
32 43 0.268
32 47 0.338
32 38 0.137
32 44 0.234
32 42 0.136
32 34 0.098
32 39 0.201
32 40 0.021
32 46 0.186
32 48 0.116
32 41 0.124
32 36 0.146
32 45 0.087
33 44 0.292
33 39 0.087
33 37 0.111
33 48 0.305
33 45 0.181
33 47 0.029
33 35 0.146
33 40 0.02
33 43 0.109
33 46 0.153
33 38 0.304
33 49 0.164
33 41 0.129
33 42 0.143
33 34 0.17
33 36 0.12
34 47 1
34 37 0.829
34 49 0.244
34 42 0.582
34 46 0.443
34 36 0.116
34 40 0.087
34 41 0.08
34 44 0.139
34 35 0.12
34 45 0.036
34 39 0.124
34 38 0.142
35 40 0.171
35 39 0.011
35 46 0.239
35 44 0.046
35 36 0.156
35 38 0.249
35 37 0.185
35 47 0.184
35 42 0.2
35 48 0.048
35 45 0.114
36 47 0.876
36 49 0.696
36 45 0.039
36 44 0.08
36 48 0.143
36 38 0.142
36 46 0.463
36 40 0.179
36 41 0.121
36 43 0.171
37 49 0.533
37 44 0.689
37 38 0.612
37 39 0.693
37 40 0.189
37 45 0.275
37 46 0.024
37 41 0.365
37 43 0.258
37 42 0.159
38 45 0.706
38 40 0.095
38 44 0.188
38 42 0.145
38 39 0.024
38 46 0.196
38 43 0.228
38 48 0.209
38 47 0.226
39 43 0.815
39 49 0.416
39 44 0.262
39 47 0.183
39 48 0.113
39 41 0.261
39 45 0.042
39 42 0.169
39 46 0.117
39 40 0.193
40 45 0.644
40 49 0.621
40 44 0.407
40 48 0.211
40 47 0.088
40 46 0.015
40 41 0.083
40 43 0.216
40 42 0.236
41 48 0.195
41 44 0.383
41 45 0.284
41 46 0.104
41 49 0.13
41 47 0.175
41 42 0.104
41 43 0.18
42 47 0.128
42 43 0.108
42 44 0.21
42 45 0.103
42 49 0.32
43 47 0.313
43 46 0.013
43 49 0.062
43 44 0.143
43 45 0.155
44 46 0.939
44 48 0.239
44 49 0.065
44 45 0.189
44 47 0.155
45 48 0.421
45 49 0.12
45 47 0.153
45 46 0.07
46 47 0.541
46 49 0.259
46 48 0.138
47 49 0.857
47 48 0.302
48 49 0.397
