0 38 1
0 13 1
0 5 1
0 35 0.974
0 43 0.711
0 41 0.549
0 28 0.926
0 30 0.546
0 37 0.323
0 6 0.947
0 11 0.169
0 20 0.113
0 27 0.677
0 12 0.394
0 15 0.112
0 34 0.156
0 44 0.143
0 33 0.476
0 29 0.564
0 36 0.107
0 48 0.208
0 26 0.044
0 31 0.085
0 42 0.152
0 2 0.405
0 22 0.119
0 23 0.207
0 32 0.04
0 8 0.394
0 17 0.341
0 18 0.174
0 21 0.136
0 16 0.096
0 39 0.06
0 1 0.168
0 7 0.079
0 10 0.25
0 25 0.156
0 3 0.151
0 46 0.128
1 12 0.945
1 19 0.157
1 14 0.604
1 34 0.764
1 42 0.882
1 25 0.804
1 43 0.049
1 18 0.5
1 5 0.386
1 22 0.405
1 9 0.281
1 15 0.464
1 24 0.27
1 21 0.176
1 23 0.057
1 30 0.254
1 41 0.158
1 33 0.197
1 35 0.131
1 36 0.594
1 40 0.25
1 44 0.141
1 46 0.165
1 10 0.156
1 3 0.339
1 4 0.042
1 17 0.15
1 27 0.125
1 39 0.137
1 47 0.132
1 48 0.167
1 29 0.095
1 37 0.162
1 8 0.077
1 28 0.123
1 32 0.097
1 6 0.193
1 13 0.18
1 26 0.195
1 38 0.209
1 45 0.188
1 7 0.152
1 20 0.116
2 36 0.607
2 28 0.867
2 48 0.169
2 29 0.37
2 4 0.492
2 20 0.255
2 49 0.589
2 39 0.719
2 34 0.29
2 38 0.455
2 17 0.163
2 6 0.046
2 21 0.124
2 46 0.274
2 7 0.289
2 8 0.411
2 10 0.24
2 41 0.354
2 26 0.231
2 3 0.503
2 5 0.271
2 13 0.162
2 16 0.028
2 9 0.398
2 43 0.091
2 12 0.281
2 45 0.21
2 11 0.084
2 23 0.153
2 32 0.208
2 35 0.48
2 22 0.075
2 18 0.144
2 47 0.046
2 14 0.166
2 24 0.138
2 31 0.111
2 44 0.135
2 25 0.149
2 27 0.185
2 33 0.135
2 40 0.143
3 25 0.751
3 13 0.844
3 32 0.396
3 46 0.612
3 42 0.43
3 24 0.045
3 11 0.174
3 8 0.052
3 21 0.235
3 18 0.107
3 27 0.471
3 40 0.055
3 38 0.268
3 49 0.049
3 45 0.164
3 4 0.183
3 47 0.146
3 5 0.078
3 7 0.012
3 12 0.139
3 14 0.054
3 28 0.132
3 35 0.459
3 29 0.115
3 37 0.094
3 39 0.052
3 48 0.2
3 16 0.094
3 23 0.176
3 19 0.152
3 20 0.156
3 9 0.155
3 26 0.312
3 30 0.111
3 31 0.113
3 34 0.252
3 10 0.131
3 22 0.164
3 43 0.251
3 6 0.163
3 15 0.153
3 17 0.132
3 33 0.143
3 36 0.104
3 41 0.135
4 31 0.061
4 34 0.435
4 49 0.43
4 47 0.505
4 10 0.847
4 8 0.389
4 16 0.738
4 27 0.554
4 35 0.073
4 33 0.116
4 45 0.241
4 7 0.156
4 28 0.22
4 11 0.263
4 14 0.213
4 20 0.295
4 26 0.112
4 22 0.118
4 38 0.258
4 6 0.473
4 42 0.268
4 40 0.155
4 44 0.367
4 9 0.181
4 17 0.134
4 18 0.158
4 41 0.239
4 21 0.158
4 24 0.185
4 29 0.103
4 39 0.131
4 19 0.017
4 23 0.158
4 25 0.253
4 30 0.116
4 46 0.114
4 5 0.176
4 13 0.146
4 32 0.131
4 37 0.126
5 9 0.834
5 30 0.632
5 32 0.786
5 6 1
5 25 0.397
5 40 0.748
5 27 0.191
5 48 0.627
5 31 0.577
5 42 0.066
5 44 0.757
5 29 0.356
5 23 0.329
5 16 0.153
5 20 0.222
5 26 0.144
5 8 0.228
5 37 0.158
5 46 0.222
5 34 0.804
5 13 0.057
5 21 0.23
5 28 0.229
5 15 0.067
5 17 0.297
5 22 0.166
5 33 0.193
5 35 0.167
5 43 0.301
5 10 0.071
5 11 0.127
5 14 0.184
5 18 0.146
5 24 0.122
5 36 0.132
5 41 0.128
5 49 0.17
6 47 0.856
6 20 0.951
6 39 0.732
6 30 0.631
6 14 0.338
6 43 0.283
6 25 0.172
6 10 0.186
6 36 0.009
6 33 0.298
6 37 0.256
6 7 0.049
6 42 0.402
6 18 0.18
6 27 0.177
6 22 0.161
6 21 0.21
6 38 0.163
6 48 0.051
6 41 0.086
6 26 0.175
6 12 0.132
6 24 0.141
6 29 0.104
6 34 0.139
6 11 0.164
6 32 0.141
6 35 0.111
6 40 0.17
6 45 0.184
6 49 0.064
6 8 0.165
6 16 0.102
6 31 0.134
6 44 0.108
7 48 0.674
7 45 0.748
7 19 0.499
7 16 0.948
7 29 0.55
7 28 0.225
7 13 0.352
7 40 0.093
7 15 0.308
7 23 0.255
7 12 0.468
7 26 0.433
7 37 0.611
7 11 0.173
7 17 0.095
7 24 0.246
7 27 0.012
7 31 0.043
7 43 0.101
7 38 0.106
7 33 0.488
7 47 0.092
7 21 0.158
7 25 0.128
7 39 0.362
7 42 0.084
7 8 0.019
7 30 0.498
7 34 0.125
7 35 0.281
7 49 0.168
7 9 0.209
7 22 0.285
7 32 0.204
7 41 0.128
7 44 0.14
7 46 0.063
7 14 0.124
7 18 0.194
8 37 0.948
8 28 1
8 10 0.857
8 48 0.785
8 41 0.829
8 14 0.634
8 12 0.234
8 30 0.448
8 42 0.289
8 44 0.058
8 9 0.082
8 27 0.032
8 15 0.023
8 25 0.015
8 40 0.113
8 24 0.135
8 31 0.397
8 18 0.32
8 46 0.127
8 47 0.085
8 16 0.058
8 33 0.217
8 34 0.117
8 43 0.022
8 20 0.231
8 23 0.133
8 32 0.191
8 19 0.142
8 22 0.184
8 29 0.134
8 36 0.118
8 38 0.134
8 26 0.142
8 35 0.159
8 45 0.198
8 49 0.087
9 49 0.933
9 37 0.664
9 46 0.506
9 48 0.885
9 29 0.48
9 31 0.255
9 13 0.083
9 14 0.049
9 17 0.165
9 43 0.254
9 25 0.513
9 40 0.599
9 18 0.159
9 36 0.317
9 39 0.058
9 34 0.286
9 27 0.122
9 22 0.012
9 21 0.144
9 32 0.161
9 23 0.132
9 28 0.131
9 42 0.251
9 16 0.135
9 20 0.111
9 30 0.132
9 10 0.156
9 12 0.165
9 15 0.137
9 33 0.153
9 38 0.154
9 41 0.127
9 47 0.129
9 24 0.148
9 35 0.183
9 44 0.153
9 45 0.151
10 38 0.212
10 43 0.667
10 21 0.304
10 23 0.427
10 24 0.657
10 36 0.483
10 12 0.132
10 45 0.479
10 17 0.143
10 41 0.012
10 19 0.109
10 42 0.109
10 49 0.633
10 15 0.144
10 28 0.148
10 14 0.23
10 46 0.332
10 16 0.175
10 22 0.416
10 33 0.227
10 30 0.336
10 32 0.033
10 44 0.209
10 25 0.157
10 27 0.191
10 39 0.415
10 11 0.135
10 35 0.173
10 29 0.14
10 47 0.14
10 18 0.136
10 20 0.146
10 34 0.117
10 37 0.144
10 48 0.09
11 45 0.955
11 26 0.522
11 25 0.606
11 35 0.872
11 40 0.449
11 42 0.849
11 48 0.643
11 47 0.348
11 27 0.015
11 29 0.226
11 31 0.157
11 18 0.176
11 14 0.376
11 34 0.8
11 32 0.108
11 39 0.212
11 46 0.008
11 21 0.581
11 30 0.269
11 36 0.154
11 38 0.027
11 41 0.047
11 44 0.038
11 33 0.103
11 49 0.144
11 17 0.234
11 15 0.221
11 23 0.161
11 37 0.095
11 22 0.273
11 28 0.142
11 12 0.037
11 13 0.237
11 16 0.08
11 19 0.184
11 24 0.129
11 43 0.168
12 37 0.922
12 27 1
12 40 0.563
12 45 0.344
12 47 0.133
12 26 0.132
12 46 0.437
12 15 0.09
12 49 0.541
12 24 0.36
12 30 0.017
12 28 0.23
12 14 0.021
12 16 0.133
12 17 0.094
12 39 0.093
12 41 0.279
12 42 0.196
12 48 0.242
12 31 0.185
12 20 0.141
12 19 0.178
12 25 0.188
12 29 0.231
12 32 0.178
12 22 0.142
12 23 0.213
12 36 0.327
12 34 0.136
12 35 0.207
12 13 0.148
13 49 0.915
13 26 0.611
13 36 0.276
13 14 0.87
13 37 0.308
13 40 0.786
13 20 0.681
13 46 0.216
13 22 0.164
13 43 0.14
13 44 0.018
13 28 0.647
13 35 0.322
13 47 0.133
13 48 0.129
13 31 0.153
13 41 0.216
13 23 0.173
13 21 0.297
13 27 0.104
13 34 0.115
13 17 0.093
13 24 0.04
13 30 0.109
13 33 0.159
13 18 0.167
13 25 0.147
13 32 0.156
13 45 0.176
13 15 0.124
13 16 0.11
13 29 0.16
14 42 0.911
14 41 0.702
14 25 1
14 38 0.923
14 27 0.08
14 37 0.385
14 47 0.076
14 40 0.244
14 44 0.572
14 46 0.329
14 34 0.17
14 17 0.129
14 45 0.22
14 20 0.163
14 30 0.189
14 19 0.063
14 36 0.322
14 18 0.275
14 35 0.177
14 22 0.109
14 23 0.184
14 32 0.174
14 16 0.122
14 43 0.079
14 15 0.177
14 21 0.147
14 24 0.196
14 29 0.163
14 28 0.163
14 33 0.207
14 39 0.186
14 48 0.12
15 32 1
15 21 1
15 28 1
15 33 0.661
15 39 0.685
15 26 0.721
15 44 0.379
15 19 0.183
15 36 0.045
15 24 0.558
15 31 0.067
15 18 0.351
15 30 0.29
15 37 0.518
15 40 0.083
15 48 0.13
15 49 0.176
15 22 0.053
15 23 0.176
15 25 0.073
15 34 0.13
15 16 0.287
15 27 0.067
15 38 0.226
15 20 0.245
15 29 0.111
15 35 0.163
15 41 0.135
16 36 0.825
16 29 0.647
16 33 0.266
16 25 0.249
16 18 0.125
16 42 0.05
16 26 0.119
16 35 0.128
16 39 0.188
16 43 0.184
16 41 0.159
16 30 0.402
16 40 0.109
16 32 0.196
16 22 0.147
16 23 0.403
16 24 0.101
16 45 0.169
16 48 0.167
16 37 0.106
16 44 0.072
16 21 0.241
16 27 0.353
16 20 0.056
16 28 0.163
16 47 0.085
16 17 0.168
16 31 0.128
16 46 0.167
17 39 0.946
17 18 0.793
17 25 0.686
17 47 0.63
17 36 0.087
17 22 0.492
17 28 0.439
17 29 0.119
17 30 0.272
17 43 0.323
17 27 0.414
17 41 0.509
17 49 0.371
17 45 0.076
17 32 0.128
17 33 0.199
17 40 0.195
17 23 0.263
17 21 0.252
17 31 0.163
17 46 0.02
17 44 0.166
17 48 0.138
17 26 0.176
17 38 0.121
17 20 0.186
17 34 0.143
17 19 0.119
17 42 0.14
18 45 0.929
18 21 1
18 29 0.653
18 47 0.485
18 49 0.41
18 42 0.266
18 43 0.314
18 25 0.04
18 31 0.27
18 37 0.257
18 34 0.181
18 19 0.259
18 28 0.165
18 38 0.292
18 39 0.422
18 26 0.304
18 33 0.164
18 36 0.175
18 22 0.081
18 24 0.15
18 32 0.139
18 20 0.131
18 30 0.313
18 40 0.103
18 27 0.182
18 35 0.128
18 46 0.157
19 43 0.738
19 48 0.26
19 47 0.231
19 49 0.641
19 34 0.511
19 25 0.185
19 31 0.025
19 32 0.29
19 21 0.133
19 24 0.274
19 41 0.185
19 28 0.259
19 27 0.157
19 36 0.033
19 37 0.046
19 30 0.238
19 45 0.182
19 22 0.33
19 29 0.093
19 33 0.251
19 38 0.082
19 44 0.134
19 20 0.175
19 26 0.166
19 35 0.149
19 40 0.14
19 42 0.127
19 46 0.121
20 37 0.77
20 28 0.517
20 36 0.904
20 31 1
20 49 0.41
20 34 0.394
20 47 0.184
20 39 0.239
20 40 0.385
20 44 0.438
20 26 0.067
20 22 0.454
20 42 0.376
20 38 0.199
20 43 0.067
20 30 0.121
20 27 0.517
20 32 0.411
20 21 0.091
20 23 0.15
20 29 0.162
20 33 0.138
20 45 0.194
20 46 0.019
20 24 0.194
20 35 0.127
20 41 0.145
20 48 0.173
21 40 0.983
21 37 0.599
21 30 0.165
21 27 0.163
21 33 0.625
21 34 0.263
21 47 0.289
21 45 0.202
21 49 0.061
21 25 0.363
21 29 0.167
21 35 0.132
21 36 0.251
21 26 0.361
21 39 0.179
21 43 0.137
21 41 0.152
21 44 0.214
21 46 0.074
21 24 0.056
21 38 0.085
21 22 0.206
21 31 0.159
21 42 0.146
21 48 0.166
21 28 0.196
22 47 0.906
22 36 0.647
22 43 0.802
22 28 0.754
22 25 0.795
22 32 0.25
22 41 0.572
22 48 0.606
22 24 0.322
22 42 0.481
22 44 0.282
22 34 0.023
22 40 0.24
22 26 0.291
22 30 0.139
22 49 0.132
22 23 0.129
22 31 0.229
22 35 0.107
22 46 0.118
22 29 0.243
22 45 0.238
22 38 0.283
22 27 0.168
22 33 0.123
23 32 0.94
23 36 0.485
23 26 0.615
23 35 0.29
23 42 0.116
23 49 0.576
23 24 0.064
23 47 0.059
23 31 0.148
23 44 0.073
23 46 0.621
23 27 0.356
23 38 0.349
23 28 0.084
23 34 0.192
23 39 0.455
23 41 0.026
23 29 0.095
23 30 0.115
23 25 0.108
23 43 0.132
23 45 0.281
23 37 0.146
24 27 0.89
24 48 0.464
24 28 0.097
24 35 0.353
24 25 0.133
24 29 0.445
24 47 0.281
24 46 0.221
24 26 0.123
24 34 0.186
24 42 0.439
24 32 0.029
24 39 0.184
24 43 0.337
24 30 0.062
24 33 0.141
24 49 0.191
24 44 0.318
24 45 0.118
24 38 0.136
24 40 0.157
25 45 0.991
25 27 0.767
25 47 0.788
25 39 0.269
25 30 0.398
25 42 0.117
25 44 0.156
25 46 0.293
25 33 0.288
25 49 0.16
25 36 0.135
25 43 0.149
25 29 0.134
25 32 0.108
25 28 0.248
25 37 0.255
25 38 0.159
25 40 0.15
25 26 0.146
25 34 0.182
25 31 0.131
25 35 0.152
26 42 0.96
26 29 0.232
26 49 0.317
26 35 0.187
26 44 0.319
26 41 0.606
26 27 0.214
26 43 0.441
26 39 0.139
26 37 0.112
26 30 0.112
26 32 0.173
26 46 0.273
26 48 0.118
26 36 0.231
26 28 0.154
26 31 0.125
26 38 0.01
26 40 0.097
26 33 0.172
26 47 0.186
27 36 0.675
27 47 0.066
27 32 0.028
27 38 0.78
27 28 0.353
27 30 0.013
27 45 0.085
27 31 0.17
27 35 0.079
27 29 0.193
27 40 0.289
27 43 0.197
27 48 0.236
27 42 0.282
27 46 0.081
27 34 0.114
27 44 0.011
27 37 0.127
27 39 0.16
27 41 0.193
28 38 0.845
28 41 0.713
28 44 0.508
28 37 0.68
28 40 0.315
28 39 0.479
28 34 0.383
28 47 0.137
28 35 0.2
28 31 0.154
28 36 0.104
28 43 0.329
28 45 0.113
28 30 0.428
28 32 0.31
28 42 0.147
28 46 0.142
28 29 0.16
28 48 0.149
28 49 0.139
29 42 1
29 46 0.577
29 40 0.234
29 34 0.233
29 47 0.348
29 48 0.247
29 45 0.125
29 38 0.579
29 31 0.3
29 35 0.192
29 36 0.169
29 49 0.088
29 32 0.14
29 30 0.018
29 33 0.138
29 44 0.154
29 39 0.205
30 48 0.86
30 31 0.614
30 41 0.189
30 32 0.288
30 42 0.336
30 33 0.13
30 47 0.252
30 45 0.123
30 34 0.081
30 35 0.111
30 49 0.187
30 39 0.156
30 40 0.181
30 37 0.14
30 38 0.19
30 43 0.156
30 46 0.123
30 36 0.165
31 45 0.78
31 35 0.641
31 33 0.276
31 47 0.24
31 38 0.211
31 32 0.055
31 37 0.471
31 46 0.099
31 48 0.157
31 36 0.078
31 43 0.128
31 40 0.149
31 34 0.113
31 41 0.172
32 34 0.864
32 40 0.396
32 49 0.612
32 33 0.223
32 37 0.413
32 44 0.357
32 46 0.331
32 45 0.229
32 35 0.415
32 39 0.236
32 36 0.133
32 41 0.217
32 42 0.163
32 47 0.15
32 48 0.152
32 38 0.107
33 42 0.55
33 47 0.653
33 39 0.59
33 46 0.328
33 38 0.063
33 43 0.114
33 49 0.135
33 37 0.15
33 45 0.135
33 36 0.102
33 44 0.098
34 47 0.693
34 36 0.526
34 42 0.138
34 41 0.405
34 44 0.588
34 38 0.283
34 40 0.069
34 48 0.049
34 49 0.272
34 43 0.048
34 35 0.047
34 39 0.003
35 42 0.77
35 36 0.061
35 43 0.295
35 40 0.147
35 37 0.037
35 38 0.273
35 44 0.525
35 49 0.256
35 46 0.29
35 48 0.105
35 47 0.171
35 41 0.301
35 45 0.094
35 39 0.18
36 47 0.513
36 44 0.59
36 45 0.411
36 43 0.043
36 41 0.082
36 42 0.509
36 46 0.417
36 39 0.108
36 37 0.205
36 40 0.143
36 38 0.192
36 48 0.152
36 49 0.167
37 39 0.275
37 41 0.108
37 45 0.129
37 42 0.119
37 47 0.026
37 48 0.184
37 38 0.273
37 46 0.115
37 40 0.138
37 44 0.151
37 43 0.101
37 49 0.173
38 47 0.454
38 44 0.034
38 40 0.291
38 41 0.038
38 42 0.14
38 43 0.243
38 46 0.118
38 45 0.105
38 49 0.146
38 39 0.185
39 45 0.904
39 47 0.236
39 42 0.348
39 49 0.105
39 44 0.15
39 41 0.233
39 48 0.239
40 44 0.859
40 43 0.178
40 45 0.392
40 48 0.177
40 49 0.169
40 47 0.072
40 46 0.143
41 43 0.459
41 46 0.155
41 49 0.2
41 47 0.217
41 44 0.178
41 45 0.165
41 48 0.171
42 48 0.852
42 43 0.003
42 47 0.283
42 46 0.074
42 49 0.032
42 44 0.278
42 45 0.164
43 44 0.007
43 47 0.295
43 45 0.122
43 48 0.216
43 46 0.241
44 45 0.183
44 47 0.234
44 46 0.129
44 49 0.133
44 48 0.071
45 47 0.149
45 46 0.168
45 48 0.149
45 49 0.169
46 48 0.173
46 49 0.407
46 47 0.195
47 48 0.272
48 49 0.099
