0 46 0.819
0 13 0.938
0 1 0.755
0 21 0.949
0 7 0.895
0 48 0.009
0 11 0.164
0 2 0.181
0 6 0.142
0 17 0.164
0 22 0.164
0 37 0.119
0 44 0.18
1 10 0.789
1 11 0.681
1 20 1
1 9 0.017
1 7 0.156
1 16 0.181
1 17 0.234
1 26 0.099
1 27 0.135
1 30 0.151
1 43 0.146
1 45 0.194
1 47 0.183
2 8 0.761
2 36 0.888
2 16 0.581
2 6 0.505
2 42 0.498
2 30 0.703
2 37 0.982
2 24 0.241
2 18 0.05
2 7 0.183
2 34 0.343
2 5 0.155
2 14 0.102
2 19 0.115
2 26 0.154
2 41 0.167
2 45 0.151
3 17 0.929
3 48 1
3 39 0.56
3 8 0.718
3 22 0.98
3 15 0.065
3 6 0.159
3 14 0.17
3 16 0.182
3 23 0.206
3 36 0.201
3 43 0.119
4 9 0.852
4 48 1
4 24 0.027
4 38 0.113
4 25 0.176
4 39 0.207
5 18 1
5 32 0.928
5 17 0.656
5 24 0.899
5 39 0.707
5 6 0.16
5 13 0.223
5 19 0.172
5 26 0.167
5 33 0.134
5 34 0.117
5 40 0.175
5 41 0.166
5 42 0.16
6 34 1
6 40 0.701
6 41 0.832
6 37 0.678
6 30 0.061
6 8 0.137
6 13 0.161
6 16 0.118
6 17 0.161
6 21 0.126
6 38 0.104
6 46 0.182
7 38 0.716
7 11 0.685
7 9 0.144
7 19 0.068
7 32 0.177
7 34 0.13
7 48 0.198
8 48 0.803
8 30 0.627
8 16 0.788
8 36 0.594
8 21 0.718
8 13 0.988
8 10 0.157
8 12 0.169
8 23 0.155
8 25 0.21
8 31 0.137
8 37 0.125
8 47 0.131
9 41 0.912
9 39 0.972
9 18 0.743
9 29 0.124
9 33 0.072
9 37 0.158
9 13 0.134
9 15 0.112
9 19 0.139
9 20 0.163
9 24 0.167
9 25 0.161
9 28 0.116
9 31 0.129
10 29 0.644
10 41 0.907
10 47 1
10 44 0.778
10 27 0.253
10 36 0.148
10 48 0.047
10 25 0.156
11 36 0.85
11 41 0.525
11 27 0.529
11 46 0.295
11 21 0.117
11 22 0.138
11 31 0.149
11 32 0.143
12 20 1
12 26 0.968
12 45 0.935
12 37 0.82
12 31 0.585
12 28 0.102
12 38 0.128
12 17 0.158
12 19 0.159
12 22 0.147
12 30 0.144
13 39 0.947
13 23 0.824
13 14 1
13 19 0.047
13 48 0.107
13 18 0.15
13 21 0.124
13 34 0.163
13 35 0.136
13 44 0.133
13 45 0.15
14 48 0.748
14 40 0.51
14 15 0.623
14 22 0.543
14 24 0.948
14 31 0.681
14 46 0.809
14 30 0.137
14 26 0.148
14 20 0.184
14 21 0.148
14 45 0.149
15 30 0.642
15 24 0.873
15 47 0.711
15 42 0.084
15 31 0.266
15 40 0.067
15 22 0.182
15 26 0.144
15 36 0.13
15 37 0.149
15 43 0.107
16 25 0.873
16 27 0.578
16 45 0.067
16 20 0.123
16 24 0.106
16 31 0.165
16 40 0.16
17 43 1
17 31 0.765
17 45 0.202
17 25 0.064
17 40 0.099
17 28 0.139
17 29 0.103
17 33 0.176
17 44 0.157
17 46 0.175
18 44 0.66
18 27 0.973
18 28 0.689
18 49 0.762
18 19 0.154
18 33 0.242
18 25 0.15
18 29 0.166
18 40 0.166
19 41 0.843
19 35 0.975
19 38 1
19 44 0.743
19 22 0.119
19 24 0.262
19 21 0.061
19 46 0.181
19 29 0.159
19 32 0.164
19 37 0.171
19 40 0.162
19 43 0.149
19 47 0.12
20 38 0.85
20 22 0.91
20 36 0.922
20 33 0.579
20 28 0.045
20 45 0.118
20 35 0.179
20 37 0.193
20 44 0.156
20 49 0.109
21 30 0.856
21 49 0.501
21 48 0.101
21 22 0.145
21 35 0.144
21 46 0.128
22 35 0.613
22 29 0.833
22 24 0.173
22 26 0.167
22 27 0.165
22 40 0.168
22 41 0.189
22 46 0.155
22 47 0.169
23 35 0.656
23 39 0.713
23 45 0.181
23 26 0.198
23 34 0.15
23 36 0.155
23 40 0.122
23 48 0.162
24 31 0.534
24 40 0.677
24 28 0.172
24 37 0.163
24 44 0.171
24 47 0.184
25 27 0.968
25 30 0.407
25 44 0.176
25 49 0.241
25 38 0.171
25 45 0.141
26 27 0.255
26 31 0.134
26 30 0.164
26 34 0.149
26 39 0.092
26 41 0.187
26 47 0.162
26 49 0.142
27 42 0.569
27 46 0.61
27 31 0.175
27 49 0.187
28 35 0.877
28 36 0.176
28 43 0.186
28 46 0.086
28 48 0.203
28 34 0.136
28 37 0.195
28 39 0.186
28 47 0.15
29 41 0.96
29 43 0.146
29 46 0.208
30 37 0.29
30 45 0.255
30 36 0.163
30 47 0.092
31 47 0.895
31 38 0.056
31 39 0.141
31 42 0.165
31 43 0.13
31 44 0.118
32 47 0.456
32 42 0.805
32 45 0.37
32 34 0.036
32 37 0.211
32 40 0.092
32 43 0.143
33 34 0.693
33 49 0.897
33 43 0.096
33 45 0.075
33 46 0.358
33 47 0.11
33 40 0.238
33 44 0.16
34 47 0.854
34 37 0.874
34 38 0.152
34 39 0.171
35 44 0.155
35 49 0.127
36 47 0.862
36 45 0.12
37 44 0.566
37 39 0.604
38 45 0.489
38 46 0.605
38 41 0.127
38 47 0.177
38 48 0.163
39 48 0.529
39 40 0.164
39 49 0.127
40 49 0.892
40 43 0.684
40 45 0.147
41 48 0.261
41 49 0.208
42 49 1
42 44 0.153
42 45 0.105
42 47 0.189
42 48 0.154
43 45 0.064
43 46 0.192
43 48 0.158
44 46 1
44 45 0.098
45 46 0.676
45 47 0.139
45 49 0.18
46 47 0.648
47 49 0.919
48 49 0.163
