0 38 0.83
0 13 0.445
0 35 0.877
0 43 0.701
0 28 0.889
0 30 0.94
0 27 0.823
0 29 0.907
0 11 0.217
0 22 0.108
0 1 0.147
0 5 0.134
0 6 0.115
0 21 0.19
0 39 0.145
0 42 0.146
0 45 0.132
0 47 0.164
1 12 0.589
1 14 0.689
1 34 0.712
1 25 0.856
1 43 0.75
1 22 0.863
1 47 0.255
1 17 0.054
1 24 0.201
1 27 0.172
1 39 0.204
1 30 0.194
1 32 0.159
1 36 0.16
1 37 0.144
1 41 0.151
1 44 0.144
2 28 0.884
2 46 0.806
2 18 0.748
2 9 0.064
2 8 0.115
2 27 0.278
2 40 0.043
2 7 0.162
2 11 0.132
2 13 0.137
2 14 0.161
2 19 0.105
2 20 0.201
2 23 0.153
2 39 0.197
3 25 1
3 46 1
3 42 1
3 17 0.756
3 5 0.138
3 9 0.162
3 10 0.121
3 24 0.135
3 30 0.18
3 33 0.117
3 36 0.163
4 47 0.798
4 10 0.966
4 16 0.881
4 44 1
4 31 0.181
4 8 0.148
4 11 0.144
4 19 0.141
4 22 0.109
4 25 0.194
4 30 0.136
4 40 0.141
4 45 0.146
4 46 0.098
5 9 0.673
5 32 1
5 6 0.594
5 40 0.784
5 48 0.802
5 31 1
5 44 0.895
5 34 0.542
5 43 0.7
5 13 1
5 20 0.205
6 20 0.818
6 39 0.692
6 42 0.802
6 49 0.961
6 7 0.076
6 45 0.273
6 11 0.149
6 13 0.121
6 18 0.165
6 26 0.171
6 27 0.12
6 41 0.161
6 43 0.115
6 44 0.181
7 48 1
7 16 0.816
7 14 0.158
7 36 0.091
7 23 0.264
7 41 0.04
7 8 0.149
7 9 0.153
7 11 0.144
7 13 0.156
7 17 0.135
7 19 0.127
7 26 0.187
7 27 0.119
7 38 0.148
7 44 0.139
8 37 0.916
8 28 0.555
8 41 0.501
8 18 0.77
8 33 0.92
8 22 0.941
8 21 0.163
8 46 0.183
8 12 0.168
8 14 0.2
8 16 0.173
8 24 0.15
8 42 0.165
8 44 0.172
8 48 0.194
9 37 0.846
9 29 0.517
9 34 0.986
9 35 0.86
9 44 1
9 13 0.053
9 24 0.176
9 30 0.042
9 16 0.182
9 19 0.217
9 23 0.112
9 25 0.153
10 45 0.71
10 27 0.94
10 25 0.05
10 46 0.015
10 11 0.13
10 13 0.178
10 17 0.131
10 23 0.176
10 36 0.156
10 37 0.132
10 41 0.121
10 43 0.16
11 45 0.915
11 35 0.606
11 48 0.698
11 23 0.911
11 17 0.034
11 47 0.553
11 26 0.183
11 42 0.101
11 20 0.149
11 24 0.141
11 27 0.156
11 28 0.16
11 38 0.115
11 49 0.17
12 16 0.037
12 38 0.078
12 26 0.138
12 34 0.168
12 37 0.181
12 46 0.185
12 47 0.159
12 48 0.165
12 49 0.173
13 14 0.998
13 20 1
13 41 0.744
13 17 0.041
13 36 0.207
13 15 0.171
13 34 0.184
13 35 0.145
14 42 0.899
14 41 0.769
14 38 0.795
14 32 0.739
14 39 0.068
14 45 0.144
14 46 0.163
14 19 0.141
14 27 0.174
14 29 0.134
14 34 0.171
14 35 0.157
14 48 0.188
14 49 0.122
15 32 0.867
15 28 0.804
15 26 0.809
15 18 0.73
15 27 0.232
15 20 0.154
15 25 0.236
15 30 0.166
15 38 0.17
15 42 0.156
15 46 0.115
15 47 0.155
15 48 0.181
15 49 0.129
16 29 0.688
16 32 0.79
16 17 0.89
16 33 0.216
16 19 0.218
16 41 0.005
16 22 0.145
16 30 0.117
16 35 0.168
16 44 0.209
16 46 0.179
16 49 0.125
17 39 0.84
17 37 0.859
17 20 0.244
17 22 0.157
17 28 0.125
17 34 0.176
17 40 0.165
17 42 0.136
17 45 0.143
18 45 0.589
18 35 0.086
18 37 0.016
18 25 0.118
18 19 0.162
18 21 0.145
18 22 0.143
19 43 1
19 34 0.918
19 28 0.715
19 33 0.31
19 39 0.173
19 42 0.132
19 49 0.127
19 32 0.154
19 36 0.167
19 47 0.138
20 36 0.982
20 31 0.7
20 42 0.759
20 27 1
20 21 0.162
21 40 0.771
21 37 0.622
21 46 0.596
21 24 0.16
21 27 0.155
21 34 0.14
21 35 0.16
21 42 0.166
22 47 0.953
22 36 0.688
22 43 0.814
22 28 0.72
22 25 0.892
22 42 0.73
22 46 0.769
22 30 0.275
22 27 0.126
22 38 0.212
22 40 0.123
22 41 0.135
22 49 0.15
23 32 0.873
23 46 0.559
23 33 0.043
24 27 0.6
24 29 0.769
24 42 0.555
24 34 0.151
24 38 0.191
24 32 0.169
24 35 0.16
24 36 0.195
25 45 0.52
25 27 0.765
25 43 0.202
25 32 0.169
25 33 0.105
25 38 0.175
25 39 0.18
25 42 0.172
25 44 0.167
25 46 0.103
25 47 0.178
26 42 0.867
26 33 0.087
26 37 0.131
27 36 0.43
27 38 0.795
27 33 0.61
27 44 0.138
27 34 0.156
27 40 0.186
27 42 0.112
27 43 0.17
27 46 0.136
28 38 0.755
28 41 0.956
28 37 1
28 39 0.769
28 42 0.933
28 35 0.143
28 33 0.095
28 45 0.207
29 42 0.878
29 33 0.197
29 38 0.152
29 46 0.148
29 47 0.108
30 48 0.847
30 31 0.959
30 40 0.098
30 41 0.314
30 43 0.116
30 44 0.142
30 45 0.136
31 45 0.631
31 35 0.824
31 37 0.641
31 43 0.268
31 48 0.127
31 32 0.128
31 49 0.109
32 34 0.826
32 37 0.958
32 35 0.146
32 38 0.142
32 40 0.18
32 46 0.159
32 49 0.148
33 47 0.894
33 34 1
33 37 0.167
33 49 0.165
34 47 0.873
34 44 0.753
34 35 0.206
34 38 0.173
34 42 0.116
34 45 0.159
35 42 1
35 46 0.87
35 47 0.136
35 44 0.141
36 44 0.742
36 38 0.244
36 40 0.261
36 37 0.154
37 40 0.171
37 39 0.121
37 49 0.149
38 39 0.221
38 49 0.136
39 45 0.391
39 42 0.88
39 41 0.045
39 44 0.164
40 44 0.869
41 43 1
41 42 0.177
42 44 0.05
42 45 0.193
43 49 0.168
44 45 0.077
44 47 0.207
44 48 0.124
44 49 0.155
45 46 0.13
45 49 0.198
46 49 0.15
