0 46 0.685
0 1 0.934
0 43 0.208
0 2 0.179
0 9 0.097
0 10 0.197
0 3 0.148
0 6 0.156
0 8 0.129
0 21 0.197
0 22 0.149
0 31 0.17
0 32 0.156
0 34 0.108
1 10 0.863
1 6 0.062
1 24 0.498
1 21 0.091
1 11 0.045
1 47 0.143
1 3 0.105
1 13 0.15
1 15 0.172
1 16 0.156
1 32 0.09
1 40 0.087
1 42 0.133
2 6 0.804
2 30 0.572
2 37 0.749
2 35 0.126
2 3 0.398
2 19 0.089
2 26 0.212
2 28 0.093
2 34 0.132
2 17 0.14
2 46 0.146
3 17 0.676
3 22 1
3 38 0.461
3 29 0.145
3 35 0.161
3 39 0.304
3 7 0.15
3 10 0.185
3 16 0.197
3 18 0.157
3 21 0.185
3 42 0.127
4 9 0.867
4 14 0.751
4 29 0.237
4 11 0.133
4 22 0.347
4 46 0.322
4 8 0.174
4 21 0.16
4 23 0.16
4 24 0.162
4 28 0.197
4 32 0.126
4 33 0.131
4 43 0.159
4 48 0.131
5 18 1
5 32 0.795
5 17 0.897
5 6 0.229
5 11 0.149
5 24 0.113
5 26 0.238
5 7 0.121
5 13 0.155
5 20 0.159
5 27 0.19
5 36 0.18
5 38 0.167
5 39 0.185
5 47 0.121
6 34 0.286
6 40 0.694
6 37 1
6 26 0.088
6 28 0.109
6 8 0.154
6 11 0.084
6 25 0.158
6 33 0.237
6 36 0.179
6 43 0.137
6 46 0.065
6 49 0.099
7 38 0.601
7 44 0.537
7 28 0.222
7 45 0.217
7 47 0.102
7 8 0.173
7 11 0.111
7 25 0.138
7 40 0.107
7 43 0.217
7 46 0.169
7 48 0.203
8 16 1
8 13 0.723
8 12 0.294
8 14 0.135
8 49 0.193
8 27 0.158
8 35 0.142
8 39 0.175
8 45 0.124
9 41 0.812
9 39 1
9 18 0.896
9 11 0.193
9 29 0.24
9 35 0.224
9 46 0.062
9 49 0.159
9 17 0.209
9 19 0.162
9 21 0.13
9 26 0.168
9 31 0.152
9 34 0.173
9 36 0.144
10 41 0.837
10 11 0.152
10 25 0.148
10 27 0.142
10 29 0.132
10 30 0.155
10 35 0.174
10 46 0.179
11 36 0.562
11 40 0.298
11 42 0.192
11 12 0.172
11 14 0.15
11 31 0.101
11 33 0.156
11 47 0.143
12 20 1
12 26 0.652
12 45 0.965
12 37 0.924
12 13 0.138
12 21 0.135
12 25 0.126
12 30 0.2
12 32 0.147
12 33 0.184
12 34 0.166
12 35 0.197
12 47 0.162
12 49 0.142
13 23 0.589
13 14 1
13 44 0.15
13 45 0.025
13 37 0.174
14 24 0.993
14 19 0.176
14 27 0.337
14 23 0.156
14 29 0.156
14 30 0.173
14 36 0.12
14 37 0.163
14 38 0.115
14 44 0.096
14 47 0.149
14 49 0.175
15 24 0.676
15 47 0.795
15 32 0.136
15 22 0.102
15 45 0.043
15 19 0.135
15 20 0.146
15 29 0.143
15 30 0.163
15 43 0.103
16 25 0.763
16 40 0.162
16 18 0.163
16 20 0.133
16 17 0.157
16 22 0.142
16 24 0.204
16 29 0.159
16 32 0.144
17 43 0.793
17 31 0.555
17 22 0.155
17 24 0.16
17 27 0.224
17 29 0.103
17 41 0.177
18 49 0.932
18 34 0.126
18 43 0.182
18 44 0.164
18 45 0.075
19 41 0.534
19 44 0.923
19 21 0.106
19 20 0.188
19 28 0.227
19 29 0.175
19 39 0.16
19 48 0.116
20 38 0.296
20 45 0.284
20 22 0.134
20 24 0.204
20 25 0.141
20 27 0.13
20 33 0.158
21 30 0.593
21 28 0.074
21 41 0.307
21 26 0.079
21 48 0.193
21 38 0.184
21 45 0.197
21 46 0.192
21 47 0.144
22 29 0.88
22 36 0.176
22 49 0.118
22 24 0.108
22 30 0.163
22 37 0.178
22 38 0.149
22 40 0.156
22 41 0.166
23 39 0.753
23 29 0.153
23 38 0.152
23 48 0.123
24 40 1
24 29 0.155
24 33 0.196
24 38 0.183
24 39 0.152
24 49 0.14
25 35 0.168
25 41 0.131
26 38 0.245
26 43 0.038
26 35 0.147
26 46 0.163
26 48 0.162
27 36 0.236
27 30 0.125
27 28 0.131
27 33 0.144
27 37 0.135
27 42 0.159
27 47 0.088
28 35 0.805
28 43 0.7
28 36 0.111
28 41 0.15
28 42 0.195
28 45 0.179
29 43 0.139
29 44 0.215
29 36 0.141
29 39 0.112
29 48 0.156
30 40 0.195
30 44 0.127
30 34 0.105
30 36 0.114
30 47 0.107
30 48 0.151
31 47 0.887
31 32 0.297
31 41 0.139
31 42 0.167
31 43 0.185
31 44 0.2
31 45 0.155
32 42 0.912
32 44 0.149
32 48 0.146
32 35 0.13
32 39 0.159
32 49 0.099
33 34 0.747
33 40 0.17
33 41 0.136
33 45 0.103
33 47 0.175
34 47 0.834
34 35 0.386
34 42 0.376
34 37 0.12
34 38 0.213
34 48 0.186
35 45 0.272
35 43 0.149
35 48 0.151
36 40 0.086
36 44 0.127
36 45 0.139
36 47 0.192
36 48 0.143
36 49 0.128
37 44 0.173
37 46 0.145
37 49 0.194
38 47 0.188
38 48 0.135
38 49 0.092
39 40 0.113
39 41 0.116
39 42 0.102
39 44 0.135
40 43 0.568
40 41 0.343
42 49 0.925
42 47 0.035
43 45 0.186
43 48 0.203
44 46 0.695
44 48 0.179
44 49 0.188
45 46 0.767
45 47 0.946
45 49 0.123
46 48 0.161
47 49 0.562
