0 23 0.953
0 96 0.72
0 17 0.974
0 35 0.902
0 55 0.926
0 34 0.565
0 72 0.538
0 42 1
0 48 0.667
0 21 0.059
0 53 0.041
0 47 0.196
0 20 0.128
0 27 0.142
0 74 0.142
0 93 0.178
0 1 0.198
0 3 0.152
0 7 0.165
0 8 0.198
0 44 0.221
0 54 0.337
0 59 0.328
0 63 0.08
0 65 0.111
0 91 0.157
0 10 0.129
0 18 0.153
0 25 0.226
0 28 0.175
0 37 0.164
0 38 0.138
0 40 0.157
0 43 0.156
0 50 0.14
0 56 0.133
0 61 0.169
0 69 0.137
0 75 0.16
0 76 0.108
0 79 0.104
0 84 0.128
0 85 0.13
0 98 0.161
1 61 0.775
1 30 0.863
1 65 0.897
1 5 0.549
1 53 0.901
1 75 1
1 80 0.898
1 93 0.776
1 39 0.973
1 20 0.251
1 21 0.218
1 2 0.12
1 13 0.208
1 38 0.165
1 58 0.183
1 87 0.139
1 89 0.184
1 3 0.113
1 17 0.172
1 19 0.136
1 28 0.14
1 31 0.098
1 36 0.118
1 44 0.103
1 48 0.15
1 51 0.163
1 57 0.142
1 59 0.217
1 81 0.159
1 91 0.128
1 94 0.16
1 97 0.142
2 76 0.797
2 43 0.726
2 10 0.734
2 15 0.749
2 58 0.968
2 61 0.068
2 26 0.267
2 51 0.134
2 56 0.254
2 67 0.171
2 65 0.176
2 72 0.209
2 88 0.059
2 89 0.156
2 11 0.176
2 30 0.154
2 38 0.135
2 47 0.178
2 50 0.19
2 55 0.187
2 63 0.168
2 66 0.177
2 70 0.123
2 82 0.129
3 48 0.865
3 9 0.837
3 66 0.988
3 6 0.933
3 63 0.193
3 22 0.113
3 33 0.033
3 59 0.308
3 86 0.33
3 15 0.326
3 23 0.138
3 50 0.623
3 80 0.265
3 21 0.164
3 29 0.171
3 67 0.059
3 68 0.028
3 75 0.06
3 82 0.415
3 98 0.222
3 18 0.124
3 19 0.176
3 26 0.2
3 30 0.164
3 38 0.151
3 40 0.18
3 60 0.166
3 87 0.133
3 90 0.171
3 96 0.126
3 97 0.15
4 34 1
4 63 0.782
4 93 1
4 69 0.898
4 42 0.592
4 14 0.239
4 35 0.169
4 11 0.228
4 33 0.191
4 68 0.166
4 82 0.13
4 97 0.534
4 21 0.159
4 57 0.196
4 65 0.175
4 78 0.097
4 84 0.179
4 85 0.116
4 5 0.129
4 9 0.2
4 10 0.17
4 16 0.129
4 24 0.178
4 28 0.164
4 30 0.128
4 37 0.19
4 39 0.102
4 41 0.122
4 50 0.176
4 53 0.129
4 54 0.173
4 70 0.192
4 72 0.113
4 74 0.132
4 77 0.058
4 88 0.164
4 91 0.18
5 89 0.884
5 20 0.63
5 78 0.886
5 94 0.726
5 40 0.892
5 19 0.875
5 7 0.565
5 82 0.685
5 34 0.144
5 38 0.051
5 80 0.106
5 24 0.199
5 49 0.206
5 58 0.089
5 60 0.142
5 67 0.237
5 68 0.171
5 72 0.07
5 81 0.075
5 13 0.16
5 14 0.113
5 17 0.15
5 27 0.185
5 39 0.123
5 51 0.174
5 54 0.132
5 56 0.154
5 66 0.195
5 71 0.154
5 73 0.11
5 85 0.125
5 91 0.17
5 96 0.147
5 99 0.146
6 89 1
6 67 0.945
6 82 0.629
6 32 1
6 17 0.689
6 52 0.563
6 88 0.166
6 21 0.076
6 39 0.223
6 46 0.323
6 49 0.214
6 81 0.174
6 18 0.251
6 23 0.155
6 41 0.141
6 43 0.16
6 92 0.163
6 14 0.193
6 16 0.114
6 26 0.138
6 40 0.131
6 42 0.114
6 56 0.138
6 61 0.129
6 63 0.148
6 66 0.161
6 69 0.197
6 70 0.183
6 72 0.133
6 78 0.117
6 85 0.178
6 90 0.16
6 91 0.108
6 94 0.087
6 95 0.18
6 97 0.141
7 85 1
7 70 0.968
7 24 1
7 82 0.528
7 29 0.979
7 17 0.058
7 28 0.078
7 32 0.119
7 39 0.146
7 51 0.106
7 90 0.196
7 11 0.086
7 27 0.129
7 35 0.219
7 36 0.261
7 38 0.187
7 40 0.134
7 52 0.126
7 63 0.169
7 76 0.171
7 78 0.177
7 20 0.158
7 30 0.158
7 41 0.154
7 64 0.135
7 65 0.202
7 67 0.208
7 68 0.105
7 72 0.134
7 75 0.199
7 79 0.14
7 84 0.154
7 87 0.172
7 89 0.115
7 96 0.108
8 21 0.788
8 27 0.502
8 46 0.659
8 25 0.337
8 34 0.19
8 53 0.123
8 88 0.166
8 98 0.203
8 28 0.11
8 78 0.166
8 97 0.063
8 9 0.137
8 15 0.157
8 24 0.155
8 29 0.133
8 30 0.169
8 31 0.129
8 32 0.15
8 44 0.206
8 48 0.134
8 56 0.138
8 69 0.137
8 84 0.112
8 85 0.151
9 28 0.785
9 32 1
9 15 0.958
9 38 0.963
9 92 0.867
9 65 0.664
9 18 0.519
9 80 0.132
9 26 0.135
9 35 0.136
9 39 0.085
9 41 0.048
9 61 0.215
9 40 0.254
9 59 0.185
9 89 0.275
9 94 0.103
9 95 0.128
9 96 0.142
9 10 0.153
9 14 0.129
9 29 0.153
9 34 0.109
9 36 0.153
9 42 0.161
9 49 0.147
9 50 0.161
9 57 0.194
9 62 0.176
9 70 0.195
9 71 0.085
9 90 0.195
9 93 0.142
10 91 0.584
10 98 0.867
10 29 0.812
10 36 0.694
10 85 0.631
10 13 0.223
10 24 0.05
10 33 0.146
10 76 0.066
10 11 0.113
10 20 0.25
10 38 0.141
10 46 0.127
10 79 0.304
10 12 0.185
10 17 0.16
10 18 0.14
10 31 0.151
10 42 0.142
10 48 0.169
10 53 0.172
10 55 0.129
10 56 0.104
10 57 0.156
10 60 0.138
10 70 0.18
10 73 0.094
10 95 0.143
10 96 0.15
10 99 0.147
11 99 0.58
11 30 1
11 56 1
11 17 0.959
11 18 0.57
11 39 0.76
11 58 0.86
11 12 0.087
11 76 0.336
11 90 0.076
11 64 0.293
11 24 0.002
11 81 0.42
11 15 0.494
11 96 0.137
11 27 0.199
11 59 0.145
11 73 0.144
11 74 0.135
11 86 0.069
11 94 0.157
11 13 0.18
11 21 0.089
11 26 0.187
11 32 0.114
11 35 0.118
11 38 0.168
11 42 0.151
11 46 0.137
11 53 0.101
11 72 0.14
11 97 0.154
12 82 0.813
12 77 1
12 35 0.92
12 17 0.084
12 80 0.188
12 87 0.238
12 16 0.175
12 19 0.25
12 26 0.184
12 27 0.249
12 42 0.028
12 84 0.315
12 13 0.147
12 14 0.14
12 15 0.132
12 22 0.153
12 24 0.137
12 25 0.202
12 36 0.197
12 45 0.154
12 46 0.152
12 51 0.117
12 55 0.143
12 56 0.125
12 64 0.11
12 73 0.166
12 76 0.073
12 78 0.14
12 98 0.16
13 31 0.779
13 47 0.964
13 68 0.761
13 88 0.282
13 78 0.047
13 54 0.214
13 69 0.62
13 41 0.059
13 48 0.218
13 75 0.255
13 18 0.137
13 95 0.16
13 33 0.108
13 45 0.146
13 16 0.172
13 21 0.136
13 24 0.114
13 32 0.15
13 34 0.165
13 39 0.221
13 50 0.104
13 64 0.189
13 72 0.176
13 77 0.139
14 43 0.965
14 16 1
14 65 0.964
14 37 0.831
14 82 0.843
14 83 0.865
14 46 1
14 58 0.213
14 69 0.158
14 89 0.258
14 90 0.347
14 15 0.066
14 26 0.165
14 28 0.217
14 45 0.069
14 53 0.132
14 99 0.145
14 18 0.118
14 27 0.125
14 38 0.085
14 44 0.127
14 51 0.147
14 52 0.14
14 55 0.174
14 60 0.15
14 76 0.172
14 80 0.149
14 86 0.192
14 92 0.059
14 95 0.16
15 27 0.944
15 36 1
15 55 0.675
15 20 0.126
15 30 0.405
15 71 0.138
15 68 0.387
15 24 0.307
15 42 0.135
15 56 0.088
15 59 0.172
15 87 0.173
15 95 0.198
15 18 0.192
15 29 0.182
15 34 0.123
15 37 0.134
15 38 0.166
15 41 0.128
15 44 0.175
15 45 0.128
15 54 0.082
15 57 0.129
15 62 0.143
15 84 0.095
15 86 0.195
15 90 0.175
16 95 0.696
16 39 0.723
16 62 0.967
16 49 0.79
16 52 0.693
16 43 0.65
16 57 0.126
16 74 0.146
16 38 0.095
16 59 0.501
16 26 0.054
16 35 0.342
16 47 0.434
16 66 0.056
16 19 0.179
16 20 0.186
16 23 0.119
16 24 0.196
16 27 0.138
16 50 0.126
16 67 0.146
16 72 0.122
16 73 0.119
16 81 0.186
16 86 0.149
16 89 0.229
16 90 0.175
16 94 0.124
17 18 0.72
17 32 0.789
17 61 0.91
17 30 0.512
17 21 0.315
17 98 0.311
17 41 0.33
17 20 0.148
17 22 0.056
17 31 0.141
17 33 0.032
17 81 0.226
17 84 0.114
17 19 0.114
17 23 0.137
17 27 0.15
17 29 0.128
17 44 0.154
17 51 0.135
17 55 0.141
17 66 0.175
17 73 0.181
17 74 0.136
17 78 0.182
18 44 0.731
18 73 0.743
18 33 0.704
18 59 0.871
18 32 0.868
18 29 0.481
18 28 0.255
18 47 0.025
18 97 0.162
18 34 0.343
18 69 0.011
18 86 0.212
18 43 0.083
18 89 0.109
18 19 0.165
18 21 0.191
18 45 0.162
18 46 0.126
18 63 0.113
18 82 0.183
18 95 0.099
19 82 0.677
19 61 0.505
19 43 0.72
19 38 0.139
19 59 0.238
19 20 0.09
19 62 0.229
19 70 0.249
19 93 0.182
19 63 0.153
19 65 0.254
19 88 0.16
19 92 0.226
19 96 0.111
19 99 0.166
19 23 0.14
19 24 0.147
19 27 0.143
19 34 0.133
19 36 0.166
19 37 0.164
19 40 0.164
19 45 0.149
19 46 0.142
19 52 0.151
19 58 0.153
19 67 0.115
19 68 0.163
19 69 0.141
19 73 0.222
19 80 0.104
19 84 0.136
19 87 0.192
19 91 0.166
19 95 0.182
20 23 0.957
20 98 0.842
20 37 0.978
20 65 0.19
20 95 0.131
20 79 0.32
20 96 0.365
20 33 0.262
20 39 0.112
20 75 0.192
20 25 0.153
20 30 0.113
20 57 0.139
20 61 0.163
20 63 0.108
20 73 0.182
20 77 0.142
20 89 0.131
21 65 0.686
21 96 0.938
21 53 0.718
21 68 0.6
21 27 0.18
21 32 0.051
21 38 0.162
21 48 0.225
21 97 0.19
21 98 0.229
21 28 0.094
21 36 0.131
21 50 0.166
21 64 0.128
21 84 0.256
21 87 0.09
21 24 0.108
21 26 0.153
21 33 0.136
21 41 0.169
21 45 0.154
21 54 0.171
21 55 0.151
21 59 0.239
21 60 0.166
21 75 0.111
21 76 0.135
21 79 0.103
21 89 0.198
22 57 0.99
22 70 0.767
22 43 0.644
22 97 0.995
22 55 0.324
22 77 0.138
22 51 0.155
22 30 0.162
22 34 0.099
22 42 0.175
22 53 0.04
22 54 0.211
22 91 0.18
22 24 0.106
22 27 0.217
22 28 0.133
22 44 0.124
22 45 0.154
22 49 0.156
22 65 0.148
22 71 0.197
22 73 0.149
22 75 0.13
22 76 0.14
22 79 0.185
22 80 0.123
22 90 0.193
23 45 1
23 97 1
23 74 1
23 54 0.383
23 37 0.285
23 61 0.127
23 80 0.195
23 34 0.136
23 50 0.297
23 59 0.062
23 95 0.232
23 24 0.151
23 26 0.193
23 27 0.16
23 77 0.155
23 82 0.149
23 86 0.161
23 98 0.168
24 28 0.739
24 50 0.584
24 65 0.8
24 77 0.301
24 25 0.28
24 35 0.359
24 43 0.195
24 57 0.115
24 63 0.069
24 75 0.127
24 94 0.264
24 83 0.259
24 87 0.124
24 27 0.178
24 33 0.136
24 37 0.177
24 41 0.207
24 46 0.216
24 47 0.131
24 51 0.217
24 59 0.135
24 66 0.173
24 67 0.117
24 69 0.208
24 76 0.174
24 93 0.179
25 39 0.588
25 55 0.202
25 54 0.149
25 98 0.372
25 35 0.313
25 48 0.168
25 72 0.107
25 90 0.075
25 26 0.114
25 33 0.114
25 61 0.136
25 62 0.116
25 63 0.171
25 64 0.18
25 76 0.172
25 84 0.158
25 86 0.18
26 69 0.649
26 61 0.735
26 75 0.154
26 95 0.146
26 38 0.458
26 58 0.413
26 97 0.4
26 55 0.117
26 72 0.188
26 81 0.198
26 92 0.158
26 28 0.16
26 29 0.171
26 36 0.195
26 40 0.15
26 46 0.141
26 67 0.15
26 71 0.202
26 84 0.158
26 87 0.151
26 91 0.194
26 98 0.114
27 45 1
27 52 1
27 68 0.57
27 75 0.064
27 28 0.301
27 42 0.036
27 47 0.136
27 54 0.02
27 95 0.134
27 34 0.21
27 51 0.146
27 69 0.206
27 80 0.122
27 81 0.134
27 87 0.231
27 99 0.274
27 36 0.112
27 38 0.096
27 40 0.206
27 43 0.152
27 48 0.181
27 49 0.14
27 59 0.114
27 64 0.159
27 65 0.149
27 93 0.155
27 98 0.133
28 80 0.823
28 41 0.942
28 72 0.914
28 71 0.573
28 93 0.209
28 99 0.194
28 33 0.372
28 43 0.118
28 46 0.303
28 75 0.109
28 47 0.115
28 48 0.141
28 57 0.152
28 67 0.111
28 32 0.126
28 36 0.125
28 39 0.13
28 42 0.181
28 60 0.154
28 62 0.16
28 86 0.148
28 87 0.186
28 97 0.164
29 53 1
29 59 0.402
29 71 0.111
29 36 0.219
29 87 0.144
29 39 0.135
29 55 0.164
29 69 0.153
29 90 0.129
29 30 0.116
29 35 0.17
29 48 0.119
29 50 0.14
29 51 0.133
29 56 0.131
29 58 0.122
29 61 0.145
29 65 0.139
29 73 0.142
29 85 0.125
29 89 0.144
29 91 0.188
30 77 0.575
30 90 0.741
30 32 0.763
30 53 0.289
30 83 0.037
30 84 0.523
30 69 0.3
30 76 0.126
30 73 0.197
30 81 0.171
30 94 0.209
30 36 0.117
30 48 0.086
30 63 0.138
30 88 0.162
30 96 0.143
30 97 0.116
31 62 0.638
31 41 1
31 59 1
31 65 0.335
31 55 0.317
31 56 0.205
31 34 0.278
31 90 0.092
31 32 0.148
31 44 0.122
31 48 0.109
31 61 0.137
31 72 0.134
31 77 0.092
31 85 0.244
31 89 0.157
31 91 0.165
31 92 0.162
31 97 0.185
32 49 0.145
32 62 0.195
32 78 0.092
32 39 0.153
32 44 0.103
32 46 0.182
32 47 0.069
32 60 0.084
32 34 0.181
32 37 0.107
32 50 0.11
32 61 0.226
32 70 0.163
32 72 0.172
32 83 0.202
33 62 0.737
33 34 0.994
33 52 0.878
33 42 0.821
33 75 0.765
33 63 0.77
33 68 0.794
33 97 0.749
33 93 0.714
33 55 0.506
33 45 0.399
33 88 0.093
33 94 0.13
33 60 0.162
33 64 0.14
33 70 0.049
33 76 0.087
33 36 0.127
33 69 0.165
33 89 0.152
33 91 0.121
33 92 0.122
33 98 0.16
34 87 0.602
34 52 0.941
34 56 0.123
34 66 0.178
34 38 0.193
34 57 0.116
34 80 0.132
34 39 0.197
34 59 0.129
34 69 0.247
34 84 0.215
34 92 0.158
34 94 0.186
34 96 0.074
35 65 1
35 81 0.942
35 39 0.72
35 40 0.201
35 60 0.208
35 53 0.157
35 55 0.107
35 57 0.179
35 66 0.262
35 74 0.035
35 83 0.201
35 85 0.144
35 93 0.194
35 45 0.185
35 46 0.172
35 49 0.169
35 51 0.149
35 52 0.199
35 69 0.117
35 70 0.192
35 76 0.167
35 79 0.183
35 89 0.119
35 91 0.096
35 94 0.123
35 99 0.21
36 68 0.893
36 70 0.89
36 46 0.922
36 79 0.882
36 51 0.196
36 56 0.074
36 45 0.012
36 88 0.311
36 95 0.291
36 38 0.129
36 41 0.152
36 87 0.14
36 37 0.115
36 40 0.179
36 44 0.163
36 59 0.163
36 60 0.182
36 62 0.128
36 63 0.186
37 56 1
37 98 0.919
37 70 0.349
37 92 0.838
37 61 0.538
37 67 0.193
37 45 0.604
37 53 0.112
37 89 0.372
37 96 0.28
37 47 0.171
37 63 0.09
37 68 0.143
37 74 0.065
37 87 0.009
37 55 0.191
37 58 0.126
37 59 0.136
37 65 0.146
37 78 0.18
37 81 0.151
37 82 0.13
37 85 0.143
37 97 0.117
37 99 0.169
38 71 0.86
38 96 0.796
38 49 0.936
38 92 0.846
38 76 0.045
38 50 0.23
38 70 0.215
38 73 0.246
38 94 0.146
38 98 0.256
38 42 0.122
38 51 0.164
38 53 0.152
38 57 0.165
38 59 0.188
38 66 0.186
38 68 0.156
38 85 0.138
38 88 0.165
38 90 0.139
39 44 0.548
39 91 0.305
39 93 0.099
39 88 0.009
39 95 0.16
39 49 0.169
39 51 0.218
39 68 0.145
39 78 0.12
39 80 0.149
39 83 0.158
39 90 0.183
40 68 0.521
40 77 0.607
40 67 0.216
40 48 0.334
40 72 0.067
40 85 0.254
40 41 0.183
40 46 0.176
40 65 0.141
40 76 0.148
40 84 0.157
40 45 0.173
40 47 0.127
40 69 0.156
40 89 0.168
40 93 0.156
40 97 0.145
40 98 0.145
41 44 0.171
41 47 0.172
41 56 0.325
41 61 0.108
41 62 0.062
41 95 0.205
41 69 0.151
41 70 0.103
41 82 0.116
41 85 0.165
41 94 0.146
42 96 0.861
42 52 0.818
42 67 0.626
42 73 0.706
42 54 0.346
42 57 0.291
42 66 0.129
42 76 0.082
42 93 0.035
42 58 0.143
42 59 0.098
42 91 0.149
42 94 0.206
43 95 0.749
43 78 0.137
43 67 0.219
43 87 0.147
43 46 0.33
43 52 0.276
43 71 0.176
43 82 0.091
43 91 0.131
43 99 0.186
43 51 0.131
43 57 0.136
43 58 0.102
43 66 0.118
43 68 0.129
43 81 0.141
43 89 0.075
43 96 0.193
43 97 0.17
44 50 0.998
44 51 0.039
44 75 0.128
44 82 0.089
44 89 0.097
44 97 0.09
44 99 0.14
44 46 0.13
44 56 0.143
44 58 0.165
44 62 0.156
44 64 0.15
44 70 0.195
44 77 0.13
44 78 0.177
44 81 0.103
44 88 0.104
44 91 0.179
44 93 0.125
45 74 0.715
45 84 0.854
45 61 0.678
45 66 0.218
45 55 0.539
45 77 0.375
45 82 0.32
45 72 0.424
45 99 0.131
45 51 0.198
45 58 0.232
45 62 0.173
45 64 0.149
45 70 0.144
45 71 0.155
45 75 0.089
45 88 0.161
45 89 0.105
45 90 0.094
46 65 1
46 89 0.639
46 50 0.009
46 54 0.17
46 56 0.257
46 66 0.166
46 69 0.17
46 74 0.152
46 77 0.202
46 91 0.103
46 47 0.15
46 52 0.12
46 55 0.159
46 58 0.114
46 60 0.179
46 63 0.183
46 64 0.145
46 68 0.173
46 73 0.188
46 88 0.142
46 93 0.131
47 97 0.764
47 77 0.877
47 98 1
47 49 0.019
47 51 0.325
47 95 0.303
47 58 0.18
47 63 0.224
47 69 0.076
47 71 0.134
47 73 0.263
47 70 0.161
47 89 0.142
47 94 0.161
47 96 0.191
47 99 0.211
48 51 1
48 90 1
48 52 0.717
48 58 0.598
48 70 0.086
48 95 0.124
48 65 0.152
48 81 0.035
48 83 0.255
48 50 0.154
48 59 0.15
48 76 0.141
48 85 0.187
48 92 0.16
48 93 0.129
48 96 0.099
49 56 0.765
49 66 0.245
49 71 0.286
49 92 0.136
49 98 0.071
49 59 0.164
49 79 0.032
49 82 0.344
49 57 0.117
49 63 0.149
49 86 0.141
49 90 0.156
49 99 0.128
50 55 0.469
50 93 0.077
50 98 0.015
50 71 0.135
50 96 0.259
50 65 0.165
50 67 0.107
50 79 0.192
50 85 0.163
50 94 0.176
51 85 0.99
51 64 0.028
51 71 0.167
51 62 0.083
51 66 0.341
51 77 0.042
51 53 0.094
51 55 0.173
51 70 0.278
51 76 0.146
51 80 0.172
51 91 0.188
51 95 0.003
51 98 0.113
51 99 0.271
51 56 0.131
51 57 0.123
51 59 0.13
51 65 0.16
51 74 0.165
51 78 0.165
51 83 0.14
51 84 0.13
51 87 0.144
51 97 0.137
52 78 0.156
52 93 0.962
52 54 0.218
52 68 0.143
52 76 0.16
52 91 0.287
52 92 0.114
52 53 0.136
52 55 0.149
52 57 0.153
52 74 0.153
52 80 0.149
52 89 0.09
52 90 0.1
52 94 0.145
53 78 0.366
53 87 0.322
53 89 0.533
53 83 0.145
53 55 0.145
53 68 0.255
53 77 0.216
53 84 0.144
53 64 0.173
53 66 0.153
53 70 0.166
53 85 0.124
53 98 0.115
54 62 0.36
54 57 0.087
54 59 0.031
54 82 0.246
54 84 0.096
54 88 0.151
54 98 0.165
54 58 0.215
54 63 0.072
54 64 0.176
54 76 0.174
54 86 0.141
54 89 0.173
54 90 0.133
54 97 0.166
55 69 1
55 79 0.602
55 88 0.06
55 64 0.099
55 74 0.187
55 81 0.108
55 84 0.085
55 93 0.129
55 62 0.211
55 63 0.088
55 76 0.132
55 78 0.133
55 94 0.132
55 98 0.177
56 75 0.844
56 85 0.551
56 81 0.354
56 74 0.322
56 61 0.134
56 65 0.145
56 79 0.045
56 62 0.131
56 63 0.174
56 71 0.148
56 72 0.133
56 73 0.225
57 99 0.719
57 63 0.936
57 65 0.287
57 86 0.052
57 59 0.013
57 66 0.035
57 70 0.101
57 93 0.144
57 98 0.017
57 60 0.171
57 61 0.202
57 69 0.136
57 84 0.125
57 88 0.172
57 90 0.114
58 93 0.628
58 71 0.182
58 59 0.138
58 69 0.11
58 81 0.165
58 98 0.152
59 77 0.483
59 78 0.155
59 95 0.173
59 66 0.181
59 84 0.17
59 81 0.203
59 83 0.11
59 85 0.108
59 86 0.162
60 64 1
60 81 0.565
60 82 0.041
60 68 0.143
60 77 0.212
60 85 0.078
60 62 0.197
60 94 0.186
60 99 0.187
60 69 0.139
60 76 0.188
60 97 0.157
61 65 0.717
61 96 1
61 77 0.519
61 87 1
61 92 0.109
61 72 0.302
61 82 0.065
61 86 0.161
61 95 0.266
61 66 0.085
61 68 0.155
61 78 0.113
61 81 0.093
61 85 0.153
61 91 0.199
61 93 0.18
61 94 0.182
62 94 0.518
62 76 0.053
62 79 0.115
62 81 0.087
62 98 0.059
62 87 0.172
62 67 0.174
62 73 0.119
62 86 0.07
62 80 0.144
62 84 0.161
63 94 1
63 64 0.308
63 95 0.18
63 75 0.152
63 82 0.343
63 90 0.201
63 66 0.125
63 68 0.127
63 74 0.173
63 80 0.145
63 96 0.184
63 97 0.188
64 72 0.845
64 67 0.479
64 95 0.165
64 78 0.098
64 68 0.153
64 69 0.161
64 75 0.12
64 88 0.132
64 92 0.165
65 70 0.897
65 82 0.581
65 84 0.699
65 97 0.555
65 68 0.148
65 85 0.091
65 94 0.103
65 66 0.215
65 67 0.16
65 80 0.118
65 81 0.167
65 86 0.168
65 92 0.18
65 95 0.136
66 73 0.525
66 87 0.228
66 81 0.106
66 97 0.321
66 80 0.05
66 82 0.232
66 69 0.142
66 70 0.071
66 94 0.214
66 68 0.126
66 74 0.161
66 75 0.13
66 79 0.131
66 84 0.128
66 91 0.113
66 96 0.114
67 84 0.528
67 90 0.212
67 68 0.209
67 79 0.009
67 73 0.179
67 76 0.125
67 78 0.223
67 82 0.111
67 83 0.103
68 80 0.73
68 70 1
68 69 1
68 85 0.128
68 79 0.292
68 84 0.231
68 87 0.096
68 92 0.14
68 96 0.385
69 88 0.544
69 94 0.206
69 72 0.239
69 93 0.265
69 75 0.045
69 76 0.144
69 80 0.319
69 85 0.151
69 71 0.155
69 77 0.15
69 79 0.162
70 91 0.929
70 87 0.176
70 78 0.194
70 79 0.137
70 89 0.198
70 93 0.157
71 77 0.634
71 95 0.363
71 81 0.103
71 94 0.218
71 74 0.152
71 76 0.179
71 93 0.13
71 96 0.177
71 98 0.134
72 91 0.965
72 73 0.141
72 80 0.086
72 79 0.201
72 82 0.127
72 93 0.158
73 84 0.059
73 77 0.124
73 97 0.128
73 80 0.169
73 85 0.168
73 91 0.111
74 92 0.166
74 85 0.09
74 87 0.118
74 90 0.161
75 98 0.741
75 94 0.144
75 85 0.04
75 81 0.146
75 83 0.135
75 87 0.163
75 88 0.13
75 91 0.149
75 95 0.156
75 97 0.156
75 99 0.094
76 77 0.042
76 84 0.249
76 98 0.22
76 78 0.121
76 79 0.107
76 89 0.178
76 99 0.104
77 98 0.696
77 79 0.265
77 96 0.347
77 99 0.217
77 92 0.061
77 84 0.118
78 79 0.742
78 81 0.277
78 85 0.087
78 90 0.168
78 95 0.154
78 84 0.145
78 86 0.159
78 88 0.154
78 96 0.13
79 81 0.941
79 84 0.783
79 96 0.007
79 89 0.432
79 86 0.17
79 87 0.195
79 88 0.114
80 96 0.823
80 94 0.765
80 87 0.144
80 88 0.178
80 86 0.148
80 90 0.177
81 90 0.156
82 83 0.298
82 89 0.205
82 99 0.23
82 86 0.125
82 87 0.149
82 92 0.142
82 98 0.195
83 87 0.329
83 94 0.162
83 84 0.144
84 96 0.148
84 90 0.227
84 87 0.186
84 93 0.155
85 91 0.843
85 87 0.183
85 92 0.187
85 88 0.117
86 91 0.153
86 94 0.171
86 97 0.144
87 96 0.886
87 93 0.045
88 94 0.879
88 89 0.101
88 90 0.126
88 93 0.168
89 98 0.204
89 90 0.141
90 93 0.57
90 92 0.112
90 99 0.149
90 94 0.157
90 98 0.123
91 94 0.895
91 98 0.188
91 92 0.126
91 97 0.123
92 98 0.112
92 97 0.188
93 95 0.415
94 99 0.854
94 95 0.192
94 96 0.162
95 96 0.161
95 97 0.117
95 98 0.178
96 99 0.374
