0 23 1
0 96 0.636
0 17 0.826
0 35 1
0 55 0.911
0 34 0.646
0 42 1
0 48 0.626
0 27 0.183
0 59 0.701
0 75 0.007
0 16 0.404
0 78 0.317
0 94 0.264
0 6 0.35
0 19 0.585
0 21 0.077
0 89 0.221
0 2 0.023
0 7 0.367
0 26 0.266
0 36 0.117
0 47 0.144
0 56 0.242
0 84 0.118
0 85 0.364
0 87 0.355
0 3 0.057
0 4 0.263
0 12 0.145
0 14 0.013
0 20 0.074
0 28 0.003
0 32 0.321
0 40 0.075
0 41 0.113
0 43 0.05
0 49 0.273
0 51 0.397
0 57 0.005
0 58 0.242
0 61 0.227
0 63 0.358
0 64 0.144
0 66 0.088
0 68 0.069
0 90 0.157
0 92 0.176
0 98 0.002
0 1 0.151
0 8 0.116
0 25 0.011
0 33 0.218
0 39 0.312
0 53 0.173
0 69 0.096
0 70 0.06
0 72 0.169
0 80 0.191
0 81 0.091
0 88 0.385
0 95 0.285
0 5 0.179
0 13 0.196
0 22 0.124
0 37 0.208
0 38 0.149
0 45 0.131
0 60 0.141
0 67 0.136
0 71 0.205
0 76 0.147
0 77 0.162
0 83 0.146
0 93 0.142
0 97 0.15
0 99 0.143
1 61 0.558
1 30 0.893
1 65 0.949
1 5 1
1 53 0.652
1 75 0.852
1 80 0.923
1 93 0.676
1 39 0.571
1 44 0.39
1 48 0.154
1 27 0.324
1 92 0.39
1 26 0.265
1 36 0.211
1 40 0.153
1 46 0.265
1 51 0.258
1 57 0.162
1 6 0.297
1 7 0.162
1 11 0.101
1 25 0.192
1 29 0.057
1 42 0.215
1 56 0.137
1 64 0.079
1 67 0.071
1 70 0.305
1 73 0.307
1 74 0.234
1 79 0.211
1 86 0.222
1 87 0.354
1 91 0.185
1 95 0.15
1 3 0.119
1 14 0.307
1 15 0.186
1 20 0.157
1 22 0.178
1 31 0.288
1 33 0.187
1 34 0.239
1 45 0.269
1 47 0.096
1 49 0.125
1 55 0.153
1 58 0.055
1 62 0.062
1 89 0.078
1 94 0.196
1 96 0.1
1 98 0.107
1 10 0.129
1 13 0.176
1 17 0.175
1 18 0.134
1 19 0.125
1 35 0.131
1 41 0.174
1 59 0.21
1 69 0.143
1 72 0.193
1 76 0.132
1 85 0.146
1 90 0.207
1 97 0.157
2 76 0.821
2 43 0.726
2 10 0.655
2 15 0.832
2 58 0.758
2 57 0.078
2 3 0.067
2 14 0.222
2 78 0.152
2 93 0.361
2 4 0.087
2 40 0.097
2 51 0.457
2 9 0.017
2 11 0.007
2 12 0.16
2 19 0.164
2 28 0.353
2 32 0.131
2 34 0.061
2 42 0.141
2 45 0.354
2 56 0.369
2 62 0.147
2 70 0.197
2 71 0.197
2 72 0.035
2 74 0.05
2 77 0.014
2 82 0.258
2 88 0.066
2 91 0.052
2 95 0.105
2 99 0.178
2 13 0.163
2 18 0.238
2 23 0.144
2 31 0.13
2 47 0.147
2 48 0.249
2 59 0.175
2 63 0.177
2 65 0.183
2 69 0.117
2 79 0.175
2 84 0.263
2 86 0.317
2 90 0.06
2 94 0.363
2 6 0.16
2 8 0.119
2 24 0.156
2 25 0.165
2 30 0.147
2 33 0.168
2 35 0.151
2 36 0.163
2 37 0.215
2 52 0.156
2 60 0.144
2 66 0.099
2 67 0.078
2 68 0.092
2 75 0.15
2 83 0.159
2 85 0.158
2 98 0.123
3 48 0.657
3 9 0.995
3 66 0.792
3 6 0.907
3 50 0.683
3 29 0.604
3 27 0.229
3 94 0.19
3 24 0.041
3 46 0.152
3 86 0.186
3 13 0.262
3 15 0.193
3 21 0.259
3 23 0.139
3 25 0.257
3 32 0.323
3 52 0.006
3 70 0.23
3 74 0.189
3 75 0.614
3 82 0.273
3 19 0.126
3 58 0.272
3 59 0.317
3 65 0.168
3 68 0.142
3 69 0.216
3 76 0.09
3 78 0.204
3 79 0.126
3 84 0.355
3 87 0.531
3 91 0.172
3 93 0.132
3 95 0.324
3 97 0.166
3 4 0.146
3 7 0.171
3 10 0.15
3 14 0.206
3 20 0.288
3 33 0.083
3 37 0.063
3 39 0.071
3 42 0.098
3 53 0.127
3 54 0.178
3 57 0.075
3 60 0.157
3 67 0.064
3 71 0.166
3 73 0.258
3 83 0.201
3 88 0.222
3 96 0.114
3 99 0.248
3 8 0.137
3 12 0.118
3 26 0.188
3 28 0.121
3 34 0.183
3 35 0.157
3 40 0.19
3 43 0.105
3 44 0.197
3 47 0.157
3 63 0.19
3 72 0.178
3 80 0.127
3 81 0.161
3 92 0.181
3 98 0.155
4 34 0.904
4 63 0.329
4 93 0.919
4 69 0.86
4 42 0.683
4 33 0.219
4 82 0.605
4 97 1
4 49 0.517
4 68 0.277
4 83 0.087
4 16 0.233
4 26 0.384
4 37 0.669
4 41 0.103
4 54 0.292
4 56 0.123
4 59 0.112
4 67 0.332
4 74 0.405
4 84 0.577
4 9 0.085
4 11 0.064
4 20 0.215
4 27 0.118
4 39 0.184
4 51 0.257
4 61 0.319
4 80 0.089
4 89 0.167
4 5 0.112
4 13 0.147
4 15 0.018
4 18 0.262
4 21 0.143
4 35 0.159
4 40 0.027
4 46 0.08
4 47 0.031
4 53 0.24
4 62 0.296
4 76 0.304
4 77 0.165
4 85 0.105
4 91 0.26
4 94 0.223
4 8 0.117
4 10 0.104
4 12 0.201
4 14 0.127
4 23 0.169
4 31 0.081
4 32 0.172
4 36 0.157
4 44 0.132
4 45 0.118
4 50 0.149
4 52 0.087
4 65 0.107
4 70 0.155
4 71 0.142
4 72 0.152
4 73 0.142
4 75 0.127
4 78 0.126
4 79 0.113
4 81 0.089
4 90 0.175
4 92 0.126
4 95 0.152
5 89 0.799
5 20 0.52
5 78 0.762
5 94 0.692
5 40 0.573
5 19 1
5 82 0.635
5 67 0.292
5 17 0.148
5 27 0.121
5 32 0.037
5 86 0.111
5 87 0.148
5 22 0.208
5 52 0.108
5 72 0.438
5 83 0.168
5 12 0.239
5 23 0.067
5 25 0.299
5 33 0.168
5 73 0.179
5 84 0.098
5 15 0.103
5 29 0.147
5 30 0.278
5 35 0.166
5 38 0.185
5 42 0.103
5 43 0.119
5 44 0.09
5 48 0.166
5 53 0.234
5 55 0.032
5 60 0.27
5 62 0.129
5 63 0.149
5 68 0.219
5 69 0.16
5 71 0.058
5 95 0.354
5 7 0.042
5 8 0.175
5 10 0.116
5 11 0.283
5 13 0.069
5 18 0.178
5 26 0.049
5 37 0.008
5 41 0.094
5 46 0.114
5 50 0.147
5 57 0.132
5 75 0.07
5 79 0.117
5 80 0.235
5 81 0.016
5 98 0.221
5 6 0.194
5 16 0.14
5 21 0.184
5 49 0.096
5 51 0.118
5 54 0.139
5 56 0.136
5 65 0.143
5 70 0.145
5 74 0.182
5 76 0.208
5 77 0.139
5 92 0.121
5 93 0.106
5 97 0.157
6 89 0.586
6 67 0.957
6 82 1
6 32 0.91
6 17 0.782
6 52 0.624
6 16 0.144
6 61 0.275
6 69 0.022
6 95 0.201
6 83 0.112
6 60 0.368
6 93 0.109
6 7 0.278
6 12 0.134
6 14 0.147
6 18 0.168
6 22 0.201
6 25 0.251
6 38 0.085
6 45 0.376
6 56 0.124
6 62 0.015
6 63 0.063
6 10 0.356
6 26 0.211
6 27 0.062
6 30 0.192
6 33 0.284
6 36 0.225
6 40 0.088
6 48 0.152
6 53 0.468
6 55 0.226
6 59 0.163
6 68 0.025
6 75 0.166
6 84 0.064
6 88 0.242
6 90 0.148
6 98 0.169
6 99 0.277
6 15 0.152
6 28 0.215
6 65 0.231
6 66 0.107
6 71 0.116
6 74 0.214
6 77 0.064
6 79 0.022
6 86 0.117
6 91 0.205
6 94 0.12
6 19 0.15
6 20 0.168
6 21 0.17
6 24 0.19
6 29 0.102
6 34 0.154
6 37 0.176
6 43 0.138
6 46 0.13
6 47 0.147
6 49 0.159
6 50 0.143
6 51 0.122
6 54 0.181
6 57 0.079
6 58 0.143
6 70 0.172
6 72 0.176
6 78 0.147
6 80 0.143
6 85 0.18
6 92 0.18
7 85 0.847
7 70 0.865
7 24 0.977
7 29 0.982
7 32 0.175
7 52 0.516
7 16 0.149
7 44 0.239
7 49 0.076
7 61 0.343
7 74 0.293
7 14 0.245
7 18 0.122
7 25 0.002
7 30 0.373
7 40 0.221
7 42 0.134
7 58 0.108
7 67 0.275
7 86 0.052
7 9 0.244
7 17 0.147
7 20 0.42
7 26 0.226
7 33 0.096
7 35 0.092
7 36 0.446
7 38 0.255
7 43 0.195
7 46 0.282
7 48 0.242
7 51 0.442
7 54 0.369
7 55 0.168
7 57 0.133
7 65 0.322
7 66 0.203
7 69 0.348
7 75 0.168
7 79 0.088
7 87 0.409
7 90 0.143
7 91 0.163
7 10 0.202
7 11 0.172
7 13 0.185
7 27 0.223
7 34 0.067
7 37 0.198
7 60 0.075
7 64 0.052
7 68 0.164
7 76 0.269
7 81 0.042
7 82 0.147
7 88 0.02
7 97 0.167
7 23 0.133
7 28 0.147
7 31 0.161
7 45 0.148
7 56 0.191
7 63 0.14
7 71 0.177
7 73 0.183
7 84 0.144
7 89 0.199
7 94 0.115
7 95 0.152
7 99 0.135
8 21 0.763
8 27 0.71
8 46 0.566
8 25 0.374
8 38 0.373
8 50 0.188
8 39 0.239
8 88 0.311
8 94 0.256
8 26 0.28
8 35 0.214
8 65 0.076
8 68 0.19
8 75 0.289
8 11 0.228
8 14 0.184
8 16 0.101
8 17 0.446
8 22 0.131
8 29 0.163
8 31 0.181
8 45 0.114
8 48 0.27
8 53 0.05
8 59 0.228
8 63 0.134
8 66 0.204
8 67 0.153
8 69 0.05
8 70 0.027
8 71 0.226
8 73 0.105
8 74 0.651
8 76 0.174
8 80 0.274
8 85 0.124
8 97 0.181
8 98 0.275
8 13 0.033
8 20 0.209
8 24 0.124
8 32 0.135
8 41 0.042
8 43 0.07
8 49 0.1
8 62 0.248
8 81 0.182
8 86 0.17
8 95 0.347
8 96 0.138
8 18 0.174
8 28 0.118
8 33 0.199
8 37 0.171
8 40 0.161
8 44 0.18
8 51 0.096
8 55 0.163
8 56 0.148
8 72 0.107
8 89 0.156
8 90 0.107
8 92 0.113
8 99 0.181
9 28 0.837
9 32 0.682
9 15 0.937
9 38 1
9 92 0.465
9 65 0.652
9 18 0.512
9 50 0.407
9 56 0.34
9 13 0.277
9 22 0.098
9 52 0.014
9 75 0.336
9 97 0.459
9 46 0.088
9 47 0.201
9 49 0.167
9 83 0.383
9 84 0.304
9 11 0.286
9 21 0.126
9 25 0.11
9 41 0.178
9 58 0.334
9 59 0.079
9 60 0.233
9 61 0.323
9 78 0.192
9 79 0.166
9 94 0.261
9 16 0.134
9 23 0.093
9 30 0.018
9 33 0.043
9 35 0.055
9 40 0.058
9 43 0.196
9 45 0.154
9 51 0.181
9 62 0.139
9 69 0.178
9 70 0.178
9 76 0.199
9 77 0.254
9 80 0.142
9 91 0.231
9 96 0.083
9 10 0.237
9 17 0.177
9 20 0.169
9 34 0.157
9 36 0.163
9 39 0.155
9 54 0.202
9 55 0.139
9 64 0.169
9 66 0.092
9 67 0.129
9 89 0.168
9 95 0.14
9 98 0.104
10 91 0.466
10 98 0.701
10 29 0.66
10 36 0.762
10 85 0.596
10 31 0.123
10 43 0.336
10 75 0.287
10 18 0.374
10 20 0.346
10 39 0.233
10 62 0.15
10 87 0.259
10 88 0.214
10 12 0.104
10 24 0.029
10 25 0.098
10 28 0.253
10 53 0.102
10 58 0.226
10 64 0.264
10 65 0.253
10 76 0.084
10 82 0.081
10 84 0.202
10 97 0.061
10 99 0.306
10 13 0.043
10 14 0.106
10 15 0.122
10 16 0.119
10 21 0.087
10 22 0.113
10 37 0.103
10 38 0.15
10 45 0.158
10 46 0.315
10 48 0.114
10 56 0.074
10 61 0.271
10 63 0.136
10 70 0.025
10 71 0.194
10 80 0.202
10 83 0.128
10 90 0.13
10 17 0.149
10 26 0.167
10 32 0.143
10 33 0.141
10 34 0.152
10 41 0.142
10 42 0.178
10 44 0.08
10 51 0.168
10 67 0.171
10 68 0.107
10 72 0.162
10 73 0.143
10 92 0.113
10 94 0.11
10 95 0.147
11 99 0.743
11 30 0.971
11 56 1
11 17 0.702
11 18 0.797
11 39 0.907
11 58 0.769
11 96 0.054
11 36 0.384
11 47 0.527
11 37 0.426
11 19 0.204
11 38 0.002
11 64 0.161
11 73 0.132
11 98 0.288
11 22 0.074
11 24 0.092
11 25 0.209
11 41 0.141
11 42 0.221
11 45 0.055
11 50 0.077
11 53 0.088
11 54 0.157
11 61 0.353
11 70 0.327
11 71 0.342
11 77 0.176
11 78 0.176
11 81 0.213
11 82 0.064
11 84 0.03
11 86 0.011
11 91 0.247
11 93 0.25
11 94 0.263
11 95 0.09
11 97 0.042
11 20 0.116
11 27 0.061
11 34 0.15
11 44 0.169
11 46 0.216
11 48 0.125
11 49 0.2
11 57 0.116
11 62 0.08
11 68 0.112
11 69 0.276
11 80 0.213
11 85 0.133
11 89 0.343
11 92 0.206
11 16 0.175
11 21 0.16
11 55 0.168
11 65 0.182
11 66 0.103
11 72 0.117
11 75 0.164
11 83 0.14
11 87 0.114
12 82 0.779
12 77 0.928
12 35 1
12 19 0.196
12 26 0.196
12 45 0.529
12 73 0.14
12 65 0.048
12 85 0.041
12 18 0.295
12 23 0.146
12 40 0.113
12 21 0.453
12 34 0.098
12 36 0.302
12 67 0.22
12 71 0.334
12 87 0.152
12 89 0.077
12 13 0.059
12 14 0.147
12 47 0.234
12 51 0.235
12 57 0.15
12 58 0.242
12 68 0.277
12 70 0.301
12 75 0.015
12 76 0.108
12 93 0.088
12 95 0.198
12 98 0.182
12 16 0.293
12 22 0.142
12 46 0.079
12 52 0.123
12 56 0.235
12 62 0.008
12 69 0.175
12 72 0.144
12 74 0.16
12 84 0.105
12 88 0.172
12 92 0.082
12 20 0.195
12 24 0.135
12 31 0.126
12 38 0.141
12 39 0.115
12 41 0.123
12 54 0.155
12 61 0.159
12 81 0.138
12 83 0.147
12 96 0.161
13 31 0.532
13 47 0.988
13 68 0.678
13 69 0.315
13 95 0.357
13 34 0.103
13 50 0.418
13 18 0.253
13 40 0.021
13 15 0.232
13 16 0.121
13 43 0.062
13 48 0.058
13 60 0.316
13 63 0.262
13 65 0.201
13 71 0.178
13 78 0.235
13 87 0.359
13 92 0.064
13 14 0.335
13 24 0.27
13 26 0.3
13 35 0.163
13 36 0.46
13 42 0.045
13 45 0.162
13 54 0.252
13 59 0.08
13 62 0.274
13 66 0.003
13 67 0.444
13 73 0.05
13 76 0.243
13 82 0.005
13 85 0.314
13 97 0.318
13 98 0.389
13 99 0.13
13 23 0.121
13 25 0.264
13 29 0.183
13 38 0.205
13 57 0.091
13 77 0.184
13 80 0.076
13 81 0.213
13 84 0.171
13 96 0.159
13 17 0.107
13 20 0.108
13 22 0.17
13 27 0.193
13 30 0.171
13 33 0.187
13 37 0.125
13 46 0.233
13 49 0.158
13 52 0.194
13 55 0.168
13 64 0.146
13 72 0.213
13 74 0.164
13 83 0.112
13 94 0.161
14 43 1
14 16 1
14 65 0.974
14 37 0.615
14 82 0.417
14 83 0.766
14 46 0.873
14 15 0.201
14 29 0.225
14 56 0.519
14 17 0.027
14 49 0.246
14 71 0.308
14 85 0.476
14 86 0.226
14 96 0.049
14 21 0.151
14 34 0.216
14 40 0.043
14 53 0.215
14 55 0.102
14 62 0.134
14 64 0.025
14 97 0.268
14 27 0.149
14 30 0.215
14 36 0.056
14 38 0.446
14 42 0.073
14 47 0.259
14 51 0.347
14 58 0.085
14 59 0.107
14 63 0.17
14 69 0.112
14 73 0.225
14 74 0.186
14 78 0.099
14 80 0.318
14 92 0.114
14 98 0.158
14 32 0.244
14 45 0.133
14 60 0.251
14 70 0.191
14 72 0.156
14 84 0.143
14 91 0.173
14 19 0.164
14 22 0.14
14 28 0.132
14 33 0.142
14 44 0.134
14 50 0.148
14 52 0.208
14 54 0.158
14 66 0.169
14 67 0.133
14 68 0.161
14 79 0.19
14 90 0.113
14 95 0.149
14 99 0.2
15 27 1
15 36 0.764
15 55 1
15 30 0.687
15 66 0.287
15 58 0.357
15 64 0.156
15 69 0.605
15 74 0.298
15 92 0.117
15 94 0.261
15 17 0.387
15 35 0.116
15 40 0.148
15 42 0.228
15 63 0.282
15 99 0.204
15 19 0.127
15 22 0.012
15 25 0.168
15 37 0.231
15 41 0.135
15 46 0.111
15 48 0.141
15 50 0.208
15 59 0.311
15 60 0.321
15 73 0.185
15 75 0.117
15 76 0.118
15 82 0.241
15 83 0.134
15 87 0.113
15 95 0.245
15 24 0.245
15 33 0.056
15 43 0.236
15 47 0.007
15 54 0.182
15 57 0.157
15 61 0.104
15 65 0.292
15 72 0.127
15 78 0.223
15 80 0.206
15 91 0.105
15 96 0.062
15 20 0.183
15 21 0.111
15 32 0.173
15 38 0.176
15 45 0.102
15 51 0.152
15 53 0.136
15 62 0.149
15 68 0.129
15 79 0.14
15 81 0.152
15 84 0.163
15 88 0.179
15 89 0.152
15 98 0.197
16 95 0.804
16 39 0.677
16 62 0.833
16 49 0.752
16 52 0.859
16 43 0.685
16 59 0.805
16 47 0.752
16 20 0.174
16 72 0.433
16 40 0.496
16 26 0.272
16 38 0.243
16 30 0.208
16 46 0.445
16 48 0.209
16 58 0.016
16 67 0.319
16 76 0.521
16 18 0.302
16 27 0.302
16 34 0.258
16 53 0.101
16 54 0.168
16 56 0.121
16 60 0.002
16 74 0.044
16 75 0.359
16 88 0.089
16 89 0.388
16 21 0.142
16 32 0.125
16 41 0.266
16 44 0.282
16 51 0.15
16 57 0.257
16 63 0.154
16 66 0.128
16 73 0.175
16 80 0.134
16 85 0.165
16 87 0.136
16 90 0.003
16 93 0.177
16 94 0.079
16 96 0.211
16 97 0.138
16 98 0.302
16 99 0.098
16 19 0.108
16 22 0.147
16 24 0.116
16 29 0.115
16 45 0.122
16 50 0.107
16 64 0.105
16 77 0.13
16 81 0.161
16 82 0.153
16 83 0.116
16 84 0.119
17 18 0.767
17 32 0.9
17 61 0.865
17 29 0.844
17 40 0.353
17 50 0.284
17 52 0.15
17 57 0.556
17 34 0.087
17 54 0.246
17 62 0.529
17 53 0.304
17 69 0.347
17 19 0.158
17 20 0.364
17 21 0.024
17 23 0.233
17 26 0.286
17 37 0.201
17 38 0.141
17 39 0.259
17 43 0.08
17 46 0.227
17 55 0.134
17 56 0.065
17 60 0.028
17 78 0.331
17 80 0.36
17 87 0.075
17 88 0.273
17 22 0.158
17 28 0.089
17 30 0.234
17 35 0.2
17 36 0.117
17 44 0.001
17 45 0.231
17 48 0.115
17 59 0.117
17 71 0.124
17 72 0.144
17 83 0.169
17 85 0.177
17 95 0.235
17 96 0.146
17 98 0.078
17 27 0.181
17 31 0.194
17 47 0.109
17 58 0.182
17 66 0.152
17 73 0.146
17 76 0.073
17 81 0.166
17 89 0.161
17 92 0.15
17 99 0.2
18 44 0.508
18 73 0.537
18 33 0.522
18 59 0.662
18 32 0.924
18 69 0.493
18 76 0.29
18 80 0.324
18 83 0.759
18 25 0.558
18 57 0.31
18 70 0.34
18 79 0.368
18 86 0.286
18 93 0.054
18 95 0.223
18 99 0.247
18 21 0.065
18 22 0.222
18 40 0.195
18 42 0.131
18 55 0.064
18 60 0.07
18 63 0.254
18 72 0.218
18 77 0.219
18 82 0.282
18 84 0.075
18 91 0.225
18 98 0.121
18 19 0.087
18 27 0.224
18 31 0.126
18 41 0.137
18 47 0.207
18 51 0.148
18 52 0.135
18 61 0.177
18 65 0.024
18 66 0.162
18 67 0.042
18 71 0.085
18 87 0.259
18 94 0.214
18 26 0.151
18 28 0.118
18 29 0.183
18 30 0.085
18 34 0.195
18 35 0.077
18 38 0.111
18 43 0.092
18 45 0.168
18 54 0.179
18 56 0.165
18 64 0.154
18 68 0.124
18 75 0.166
18 78 0.136
18 81 0.143
18 88 0.16
18 92 0.184
18 96 0.109
19 82 0.762
19 61 0.476
19 43 0.642
19 59 0.599
19 88 0.299
19 28 0.095
19 38 0.603
19 93 0.285
19 50 0.242
19 83 0.341
19 20 0.114
19 24 0.072
19 26 0.059
19 31 0.422
19 32 0.297
19 34 0.233
19 35 0.255
19 40 0.057
19 51 0.317
19 56 0.085
19 58 0.009
19 62 0.481
19 73 0.063
19 75 0.025
19 79 0.19
19 86 0.069
19 89 0.146
19 91 0.189
19 95 0.401
19 96 0.132
19 21 0.128
19 25 0.117
19 36 0.13
19 52 0.228
19 60 0.181
19 63 0.058
19 65 0.18
19 69 0.114
19 70 0.16
19 74 0.209
19 80 0.155
19 81 0.036
19 87 0.242
19 94 0.173
19 98 0.056
19 33 0.152
19 44 0.16
19 45 0.174
19 49 0.165
19 55 0.103
19 67 0.111
19 68 0.177
19 76 0.136
19 78 0.147
19 85 0.194
19 97 0.152
19 99 0.149
20 23 0.819
20 98 1
20 37 0.791
20 61 0.077
20 89 0.43
20 53 0.078
20 27 0.24
20 33 0.355
20 34 0.093
20 38 0.395
20 58 0.188
20 64 0.252
20 92 0.171
20 25 0.215
20 50 0.274
20 57 0.145
20 76 0.273
20 85 0.165
20 96 0.177
20 29 0.007
20 45 0.101
20 52 0.173
20 54 0.308
20 62 0.281
20 69 0.074
20 73 0.093
20 75 0.27
20 78 0.28
20 87 0.378
20 91 0.019
20 95 0.305
20 26 0.051
20 42 0.077
20 44 0.209
20 48 0.239
20 55 0.021
20 59 0.224
20 71 0.174
20 72 0.058
20 84 0.162
20 94 0.275
20 97 0.327
20 99 0.052
20 22 0.186
20 24 0.142
20 32 0.15
20 39 0.179
20 40 0.117
20 47 0.103
20 51 0.144
20 66 0.144
20 82 0.165
20 86 0.146
20 88 0.145
20 93 0.128
21 65 0.633
21 96 1
21 53 0.624
21 68 0.673
21 38 0.203
21 24 0.039
21 33 0.074
21 51 0.079
21 91 0.46
21 92 0.13
21 63 0.23
21 66 0.04
21 95 0.252
21 22 0.209
21 23 0.091
21 30 0.056
21 74 0.155
21 76 0.049
21 80 0.03
21 34 0.069
21 39 0.425
21 40 0.296
21 43 0.206
21 60 0.028
21 61 0.376
21 64 0.033
21 75 0.182
21 77 0.1
21 84 0.341
21 85 0.208
21 94 0.141
21 99 0.053
21 28 0.21
21 36 0.046
21 45 0.147
21 52 0.088
21 57 0.153
21 58 0.39
21 59 0.245
21 72 0.131
21 73 0.153
21 81 0.066
21 27 0.167
21 29 0.148
21 37 0.117
21 44 0.144
21 48 0.194
21 49 0.135
21 50 0.123
21 67 0.194
21 82 0.121
21 87 0.158
21 90 0.14
21 93 0.14
22 57 0.923
22 70 0.421
22 43 0.68
22 97 0.985
22 72 0.053
22 31 0.091
22 42 0.122
22 59 0.255
22 69 0.283
22 26 0.262
22 27 0.292
22 30 0.153
22 41 0.183
22 61 0.071
22 76 0.171
22 80 0.263
22 91 0.085
22 33 0.116
22 34 0.365
22 35 0.147
22 36 0.254
22 38 0.153
22 39 0.366
22 45 0.1
22 55 0.208
22 62 0.117
22 73 0.141
22 74 0.357
22 75 0.128
22 78 0.078
22 83 0.209
22 87 0.131
22 89 0.104
22 95 0.321
22 96 0.338
22 29 0.178
22 44 0.142
22 54 0.183
22 58 0.107
22 60 0.226
22 64 0.366
22 66 0.25
22 67 0.145
22 85 0.274
22 92 0.031
22 23 0.182
22 32 0.124
22 46 0.173
22 48 0.083
22 53 0.177
22 65 0.184
22 68 0.127
22 71 0.127
23 45 0.803
23 97 0.956
23 74 0.55
23 33 0.306
23 63 0.117
23 90 0.151
23 98 0.317
23 87 0.137
23 53 0.128
23 54 0.298
23 69 0.525
23 25 0.285
23 27 0.143
23 32 0.188
23 39 0.383
23 43 0.191
23 50 0.313
23 55 0.26
23 59 0.337
23 62 0.23
23 66 0.106
23 67 0.326
23 68 0.271
23 86 0.166
23 88 0.128
23 91 0.216
23 99 0.287
23 24 0.202
23 29 0.203
23 30 0.18
23 34 0.007
23 36 0.164
23 37 0.162
23 42 0.115
23 44 0.043
23 49 0.175
23 51 0.175
23 52 0.146
23 58 0.125
23 60 0.276
23 72 0.175
23 75 0.176
23 76 0.343
23 81 0.276
23 85 0.183
23 89 0.254
23 93 0.201
23 35 0.127
23 46 0.141
23 47 0.156
23 48 0.172
23 65 0.183
23 71 0.116
23 73 0.199
23 78 0.127
23 83 0.146
23 84 0.221
23 92 0.143
23 94 0.157
24 28 0.912
24 50 0.442
24 65 0.886
24 56 0.29
24 36 0.163
24 81 0.194
24 35 0.126
24 40 0.2
24 42 0.283
24 45 0.235
24 51 0.202
24 64 0.27
24 75 0.302
24 84 0.005
24 94 0.436
24 97 0.014
24 98 0.405
24 32 0.205
24 33 0.307
24 37 0.28
24 48 0.21
24 49 0.251
24 59 0.229
24 61 0.371
24 66 0.273
24 67 0.251
24 76 0.069
24 91 0.138
24 93 0.175
24 95 0.143
24 99 0.22
24 26 0.056
24 31 0.18
24 47 0.236
24 53 0.132
24 71 0.176
24 74 0.271
24 89 0.304
24 90 0.167
24 96 0.28
24 25 0.111
24 39 0.187
24 43 0.145
24 52 0.165
24 57 0.162
24 60 0.173
24 77 0.171
24 78 0.133
24 79 0.171
24 83 0.155
24 86 0.09
24 87 0.153
25 39 0.809
25 76 0.262
25 41 0.397
25 49 0.083
25 77 0.34
25 80 0.125
25 51 0.406
25 67 0.271
25 60 0.058
25 72 0.17
25 83 0.31
25 85 0.364
25 28 0.167
25 29 0.237
25 31 0.034
25 42 0.045
25 44 0.154
25 46 0.095
25 50 0.278
25 53 0.213
25 57 0.017
25 63 0.128
25 65 0.167
25 68 0.156
25 70 0.254
25 75 0.123
25 78 0.272
25 79 0.136
25 27 0.337
25 32 0.21
25 36 0.126
25 45 0.15
25 48 0.132
25 52 0.285
25 55 0.121
25 58 0.236
25 62 0.076
25 69 0.217
25 84 0.047
25 89 0.393
25 92 0.292
25 95 0.303
25 99 0.14
25 26 0.13
25 30 0.165
25 37 0.112
25 71 0.155
25 81 0.181
25 82 0.144
25 91 0.158
26 69 0.945
26 61 0.686
26 38 0.101
26 87 0.638
26 41 0.118
26 53 0.29
26 27 0.4
26 56 0.204
26 29 0.278
26 34 0.077
26 45 0.166
26 71 0.164
26 72 0.198
26 77 0.209
26 84 0.216
26 93 0.383
26 97 0.31
26 32 0.171
26 35 0.268
26 57 0.109
26 59 0.232
26 75 0.143
26 76 0.463
26 82 0.312
26 83 0.231
26 86 0.102
26 92 0.228
26 95 0.136
26 28 0.08
26 31 0.179
26 39 0.21
26 42 0.073
26 44 0.426
26 48 0.109
26 50 0.078
26 55 0.226
26 60 0.101
26 63 0.153
26 66 0.172
26 67 0.013
26 79 0.045
26 80 0.049
26 85 0.069
26 89 0.218
26 91 0.052
26 94 0.064
26 36 0.122
26 37 0.13
26 40 0.215
26 47 0.173
26 52 0.111
26 65 0.131
26 78 0.152
26 96 0.135
27 45 1
27 52 0.907
27 95 0.287
27 64 0.287
27 91 0.334
27 63 0.22
27 75 0.166
27 49 0.138
27 96 0.142
27 31 0.229
27 37 0.095
27 39 0.05
27 46 0.062
27 54 0.192
27 60 0.349
27 61 0.116
27 65 0.177
27 70 0.145
27 76 0.246
27 82 0.277
27 89 0.449
27 94 0.219
27 98 0.146
27 35 0.176
27 56 0.081
27 62 0.083
27 71 0.09
27 74 0.158
27 87 0.21
27 93 0.08
27 99 0.14
27 32 0.151
27 36 0.163
27 50 0.148
27 59 0.119
27 66 0.123
27 69 0.158
27 78 0.189
27 85 0.184
27 86 0.152
27 88 0.156
27 90 0.195
28 41 0.897
28 72 1
28 42 0.504
28 57 0.248
28 71 0.166
28 77 0.313
28 31 0.298
28 38 0.149
28 54 0.157
28 55 0.238
28 86 0.021
28 93 0.229
28 95 0.216
28 30 0.354
28 33 0.239
28 40 0.203
28 53 0.489
28 59 0.193
28 60 0.13
28 63 0.159
28 66 0.307
28 67 0.193
28 80 0.176
28 88 0.006
28 89 0.181
28 94 0.307
28 97 0.156
28 99 0.361
28 29 0.149
28 48 0.057
28 51 0.357
28 58 0.202
28 75 0.181
28 34 0.154
28 47 0.144
28 56 0.195
28 61 0.161
28 62 0.204
28 64 0.194
28 68 0.182
28 82 0.122
28 83 0.169
28 84 0.151
28 90 0.098
28 92 0.137
28 98 0.166
29 53 0.999
29 69 0.195
29 85 0.261
29 43 0.32
29 98 0.001
29 31 0.143
29 45 0.237
29 54 0.227
29 55 0.319
29 59 0.18
29 75 0.247
29 78 0.36
29 90 0.181
29 32 0.228
29 35 0.157
29 36 0.196
29 38 0.328
29 40 0.166
29 44 0.081
29 56 0.234
29 58 0.186
29 61 0.233
29 62 0.05
29 67 0.196
29 68 0.149
29 70 0.119
29 72 0.031
29 73 0.041
29 74 0.22
29 76 0.156
29 77 0.327
29 80 0.176
29 82 0.313
29 86 0.311
29 88 0.501
29 91 0.156
29 94 0.176
29 95 0.099
29 33 0.213
29 41 0.048
29 46 0.087
29 60 0.181
29 65 0.211
29 66 0.21
29 81 0.201
29 92 0.206
29 37 0.148
29 48 0.169
29 49 0.177
29 50 0.157
29 52 0.127
29 57 0.154
29 63 0.153
29 64 0.191
29 83 0.132
29 87 0.189
29 97 0.154
30 77 0.678
30 90 0.787
30 32 0.731
30 84 0.494
30 44 0.424
30 85 0.107
30 45 0.575
30 57 0.707
30 97 0.399
30 51 0.143
30 61 0.069
30 62 0.125
30 64 0.185
30 69 0.302
30 74 0.187
30 86 0.134
30 87 0.124
30 91 0.022
30 31 0.273
30 52 0.178
30 56 0.399
30 60 0.068
30 75 0.196
30 95 0.173
30 43 0.184
30 48 0.195
30 50 0.027
30 59 0.264
30 66 0.112
30 68 0.054
30 70 0.317
30 76 0.106
30 78 0.185
30 79 0.09
30 92 0.185
30 96 0.263
30 36 0.119
30 39 0.194
30 40 0.154
30 46 0.12
30 47 0.093
30 49 0.149
30 55 0.121
30 71 0.133
30 83 0.158
30 94 0.139
30 98 0.149
30 99 0.128
31 62 1
31 41 1
31 59 0.86
31 93 0.702
31 72 0.144
31 80 0.43
31 38 0.003
31 44 0.278
31 66 0.35
31 68 0.074
31 70 0.243
31 78 0.218
31 98 0.138
31 34 0.187
31 37 0.158
31 39 0.135
31 51 0.257
31 54 0.296
31 64 0.355
31 65 0.068
31 67 0.08
31 77 0.066
31 83 0.331
31 84 0.086
31 94 0.132
31 36 0.205
31 42 0.044
31 43 0.247
31 58 0.254
31 63 0.197
31 76 0.165
31 79 0.225
31 85 0.145
31 89 0.104
31 91 0.258
31 97 0.364
31 45 0.119
31 48 0.105
31 56 0.104
31 57 0.159
31 61 0.104
31 69 0.135
31 74 0.167
31 87 0.128
31 96 0.168
31 99 0.12
32 50 0.265
32 47 0.322
32 49 0.478
32 35 0.042
32 38 0.091
32 51 0.19
32 57 0.185
32 78 0.063
32 81 0.238
32 82 0.175
32 97 0.306
32 33 0.258
32 39 0.167
32 48 0.136
32 52 0.201
32 62 0.077
32 64 0.162
32 79 0.124
32 95 0.231
32 34 0.036
32 40 0.189
32 55 0.272
32 58 0.055
32 70 0.153
32 72 0.2
32 73 0.192
32 75 0.319
32 76 0.173
32 80 0.011
32 86 0.058
32 88 0.114
32 91 0.252
32 93 0.087
32 94 0.104
32 41 0.175
32 45 0.139
32 54 0.15
32 56 0.119
32 59 0.126
32 61 0.133
32 63 0.104
32 67 0.163
32 68 0.165
32 71 0.18
32 77 0.154
32 87 0.195
33 62 0.979
33 34 1
33 52 0.781
33 42 0.821
33 75 0.579
33 63 0.726
33 68 0.936
33 97 0.802
33 93 0.7
33 88 0.153
33 98 0.137
33 73 0.063
33 99 0.236
33 36 0.341
33 37 0.358
33 64 0.036
33 77 0.375
33 82 0.051
33 92 0.131
33 96 0.097
33 40 0.093
33 46 0.398
33 51 0.195
33 57 0.251
33 59 0.096
33 65 0.007
33 67 0.096
33 69 0.035
33 70 0.129
33 76 0.07
33 78 0.168
33 83 0.249
33 86 0.058
33 35 0.183
33 39 0.165
33 49 0.081
33 54 0.124
33 56 0.014
33 61 0.308
33 79 0.282
33 81 0.372
33 87 0.265
33 90 0.192
33 94 0.093
33 95 0.211
33 38 0.167
33 45 0.142
33 47 0.16
33 48 0.131
33 55 0.186
33 58 0.157
33 60 0.173
33 74 0.094
34 87 0.359
34 52 0.955
34 55 0.632
34 36 0.08
34 65 0.291
34 72 0.343
34 85 0.133
34 37 0.146
34 49 0.121
34 54 0.274
34 56 0.436
34 84 0.19
34 39 0.055
34 41 0.372
34 43 0.155
34 46 0.103
34 53 0.092
34 58 0.036
34 60 0.022
34 66 0.342
34 69 0.21
34 71 0.557
34 78 0.001
34 90 0.145
34 91 0.268
34 93 0.039
34 94 0.253
34 97 0.352
34 98 0.156
34 35 0.183
34 45 0.119
34 48 0.159
34 50 0.161
34 57 0.202
34 68 0.216
34 70 0.141
34 73 0.043
34 74 0.192
34 42 0.173
34 44 0.178
34 59 0.103
34 61 0.154
34 62 0.158
34 63 0.186
34 64 0.122
34 67 0.182
34 75 0.102
34 79 0.127
34 80 0.157
34 92 0.176
34 95 0.175
34 96 0.153
35 65 0.924
35 81 0.82
35 39 0.847
35 66 0.705
35 36 0.078
35 54 0.055
35 41 0.21
35 88 0.246
35 40 0.084
35 43 0.169
35 44 0.037
35 60 0.636
35 71 0.344
35 86 0.167
35 99 0.477
35 42 0.007
35 48 0.311
35 51 0.05
35 52 0.154
35 55 0.056
35 61 0.197
35 62 0.361
35 69 0.081
35 73 0.265
35 74 0.049
35 77 0.21
35 82 0.235
35 91 0.226
35 95 0.307
35 58 0.08
35 67 0.09
35 85 0.075
35 89 0.142
35 92 0.158
35 96 0.123
35 97 0.151
35 37 0.17
35 49 0.189
35 56 0.158
35 59 0.138
35 64 0.142
35 68 0.176
35 75 0.207
35 79 0.151
35 90 0.151
35 93 0.131
35 98 0.144
36 68 0.818
36 70 0.969
36 46 0.952
36 79 0.991
36 87 0.463
36 90 0.043
36 43 0.328
36 44 0.123
36 45 0.017
36 50 0.217
36 53 0.136
36 76 0.327
36 77 0.354
36 81 0.112
36 86 0.252
36 94 0.424
36 52 0.149
36 54 0.048
36 55 0.105
36 62 0.179
36 67 0.134
36 73 0.166
36 74 0.147
36 80 0.31
36 83 0.071
36 85 0.261
36 97 0.058
36 39 0.118
36 41 0.156
36 65 0.174
36 69 0.218
36 71 0.196
36 82 0.232
36 89 0.125
36 91 0.247
36 98 0.049
36 40 0.097
36 60 0.193
36 61 0.18
36 63 0.187
36 72 0.169
36 88 0.153
36 93 0.117
36 95 0.197
37 56 0.621
37 98 0.701
37 92 0.809
37 61 0.028
37 45 0.722
37 78 0.188
37 99 0.295
37 74 0.138
37 50 0.096
37 73 0.224
37 93 0.02
37 39 0.212
37 44 0.157
37 58 0.269
37 65 0.316
37 66 0.171
37 71 0.286
37 84 0.218
37 90 0.304
37 91 0.256
37 62 0.17
37 63 0.195
37 67 0.209
37 68 0.111
37 70 0.159
37 75 0.221
37 76 0.282
37 81 0.239
37 87 0.216
37 88 0.126
37 89 0.156
37 94 0.073
37 51 0.199
37 52 0.214
37 53 0.152
37 54 0.104
37 55 0.162
37 59 0.087
37 60 0.147
37 64 0.112
37 80 0.182
37 85 0.141
37 95 0.155
37 96 0.115
38 71 0.682
38 96 1
38 49 1
38 92 0.994
38 94 0.477
38 59 0.239
38 56 0.104
38 40 0.002
38 55 0.039
38 84 0.33
38 39 0.186
38 81 0.29
38 42 0.248
38 54 0.227
38 65 0.258
38 69 0.227
38 87 0.371
38 88 0.227
38 90 0.471
38 97 0.317
38 98 0.363
38 99 0.375
38 43 0.001
38 51 0.154
38 68 0.182
38 73 0.114
38 76 0.231
38 95 0.122
38 45 0.182
38 48 0.111
38 50 0.145
38 52 0.195
38 61 0.157
38 62 0.18
38 66 0.184
38 74 0.149
38 78 0.114
38 83 0.121
39 44 0.76
39 68 0.121
39 99 0.529
39 74 0.649
39 96 0.506
39 41 0.279
39 46 0.132
39 49 0.263
39 60 0.136
39 43 0.156
39 50 0.358
39 58 0.066
39 63 0.148
39 64 0.168
39 67 0.252
39 75 0.155
39 78 0.172
39 84 0.079
39 86 0.319
39 97 0.159
39 98 0.177
39 40 0.283
39 47 0.207
39 52 0.249
39 53 0.183
39 59 0.156
39 61 0.041
39 82 0.233
39 90 0.172
39 56 0.181
39 72 0.109
39 79 0.146
39 87 0.198
39 95 0.153
40 68 0.879
40 72 0.145
40 93 0.148
40 51 0.129
40 71 0.237
40 74 0.112
40 77 0.256
40 43 0.349
40 46 0.28
40 48 0.064
40 50 0.077
40 54 0.223
40 55 0.253
40 58 0.139
40 59 0.19
40 61 0.255
40 70 0.213
40 73 0.36
40 76 0.137
40 87 0.07
40 95 0.163
40 98 0.511
40 42 0.117
40 53 0.068
40 57 0.297
40 62 0.109
40 75 0.14
40 86 0.246
40 90 0.208
40 94 0.146
40 96 0.209
40 66 0.171
40 79 0.126
40 80 0.101
40 85 0.178
40 97 0.136
40 99 0.158
41 85 0.114
41 64 0.231
41 97 0.31
41 42 0.152
41 52 0.29
41 78 0.284
41 86 0.709
41 44 0.135
41 68 0.324
41 72 0.304
41 92 0.484
41 43 0.265
41 48 0.134
41 55 0.158
41 57 0.131
41 67 0.203
41 73 0.082
41 79 0.411
41 82 0.19
41 87 0.032
41 94 0.184
41 96 0.149
41 50 0.111
41 51 0.344
41 54 0.001
41 60 0.134
41 62 0.081
41 65 0.361
41 66 0.157
41 71 0.074
41 74 0.224
41 81 0.116
41 88 0.038
41 90 0.222
41 95 0.307
41 98 0.134
41 61 0.147
41 75 0.122
41 83 0.183
41 93 0.15
42 96 0.822
42 52 0.659
42 67 0.907
42 73 0.737
42 91 0.372
42 51 0.518
42 64 0.233
42 56 0.085
42 49 0.358
42 57 0.091
42 61 0.575
42 69 0.326
42 76 0.122
42 78 0.239
42 81 0.438
42 43 0.199
42 44 0.093
42 46 0.27
42 48 0.396
42 71 0.162
42 74 0.051
42 75 0.055
42 77 0.188
42 85 0.371
42 92 0.169
42 99 0.182
42 45 0.09
42 54 0.185
42 55 0.217
42 65 0.361
42 79 0.173
42 80 0.184
42 82 0.144
42 83 0.146
42 94 0.095
42 50 0.188
42 58 0.191
42 66 0.145
42 70 0.101
42 87 0.109
42 90 0.114
42 93 0.169
42 98 0.158
43 95 0.578
43 51 0.522
43 72 0.458
43 79 0.296
43 84 0.48
43 85 0.24
43 47 0.129
43 83 0.141
43 67 0.2
43 80 0.246
43 86 0.418
43 90 0.245
43 93 0.261
43 49 0.283
43 50 0.144
43 53 0.001
43 58 0.12
43 65 0.103
43 66 0.079
43 68 0.075
43 70 0.008
43 54 0.194
43 59 0.331
43 62 0.325
43 63 0.096
43 73 0.093
43 74 0.223
43 75 0.105
43 78 0.042
43 91 0.141
43 96 0.173
43 97 0.09
43 98 0.122
43 57 0.069
43 82 0.129
43 88 0.109
43 92 0.15
43 94 0.145
44 50 0.794
44 68 0.059
44 65 0.124
44 80 0.36
44 81 0.03
44 53 0.235
44 55 0.205
44 58 0.34
44 63 0.079
44 67 0.193
44 79 0.045
44 92 0.119
44 94 0.225
44 97 0.331
44 60 0.255
44 61 0.042
44 64 0.288
44 70 0.233
44 78 0.173
44 82 0.207
44 48 0.139
44 51 0.149
44 54 0.238
44 66 0.188
44 75 0.156
44 77 0.171
44 83 0.129
44 89 0.175
44 91 0.199
44 95 0.191
45 74 0.752
45 84 0.971
45 61 0.877
45 72 0.566
45 71 0.216
45 56 0.268
45 85 0.073
45 93 0.3
45 63 0.117
45 77 0.423
45 78 0.389
45 88 0.266
45 96 0.344
45 99 0.026
45 47 0.141
45 50 0.202
45 55 0.211
45 75 0.275
45 76 0.024
45 79 0.12
45 81 0.197
45 86 0.202
45 87 0.126
45 90 0.058
45 48 0.218
45 52 0.092
45 60 0.255
45 62 0.194
45 46 0.164
45 54 0.113
45 58 0.109
45 65 0.12
45 67 0.165
45 69 0.151
45 80 0.093
45 97 0.146
46 65 0.941
46 89 1
46 56 0.357
46 86 0.097
46 47 0.088
46 67 0.011
46 71 0.173
46 74 0.276
46 76 0.251
46 78 0.018
46 79 0.133
46 80 0.318
46 81 0.251
46 90 0.167
46 92 0.1
46 55 0.197
46 59 0.289
46 60 0.242
46 63 0.109
46 91 0.334
46 93 0.122
46 99 0.207
46 50 0.045
46 52 0.165
46 62 0.188
46 73 0.147
46 87 0.05
46 96 0.164
46 49 0.149
46 57 0.186
46 61 0.198
46 64 0.149
46 75 0.148
46 83 0.137
46 84 0.175
46 85 0.148
46 88 0.134
46 94 0.136
46 95 0.124
46 97 0.107
47 97 0.693
47 77 1
47 98 0.862
47 52 0.444
47 65 0.228
47 49 0.257
47 59 0.202
47 60 0.409
47 61 0.12
47 81 0.236
47 83 0.43
47 87 0.227
47 96 0.107
47 53 0.306
47 67 0.139
47 68 0.197
47 71 0.198
47 74 0.01
47 82 0.082
47 86 0.195
47 54 0.223
47 56 0.147
47 66 0.11
47 69 0.224
47 80 0.127
47 89 0.087
47 93 0.283
47 57 0.083
47 72 0.115
47 75 0.105
47 84 0.12
47 90 0.136
47 94 0.193
47 95 0.233
48 51 0.801
48 90 0.884
48 52 0.577
48 58 0.489
48 92 0.205
48 62 0.998
48 82 0.57
48 87 0.102
48 77 0.153
48 94 0.333
48 63 0.382
48 64 0.144
48 65 0.152
48 69 0.161
48 78 0.118
48 80 0.378
48 81 0.571
48 59 0.205
48 60 0.006
48 67 0.079
48 68 0.132
48 71 0.274
48 73 0.333
48 74 0.142
48 76 0.29
48 84 0.16
48 86 0.362
48 96 0.188
48 57 0.224
48 66 0.273
48 75 0.118
48 79 0.154
48 89 0.085
48 99 0.095
48 50 0.164
48 61 0.198
48 72 0.158
48 83 0.143
48 85 0.119
48 91 0.151
48 98 0.122
49 56 0.759
49 90 0.445
49 50 0.107
49 98 0.002
49 54 0.431
49 86 0.128
49 61 0.406
49 69 0.245
49 70 0.095
49 72 0.088
49 74 0.057
49 78 0.221
49 79 0.238
49 82 0.322
49 89 0.326
49 92 0.014
49 51 0.1
49 53 0.026
49 55 0.058
49 76 0.116
49 91 0.212
49 95 0.149
49 96 0.214
49 57 0.147
49 58 0.133
49 59 0.114
49 62 0.144
49 65 0.124
49 68 0.182
49 77 0.16
49 80 0.133
49 81 0.149
49 84 0.096
49 93 0.146
49 94 0.163
49 97 0.122
50 74 0.229
50 77 0.264
50 93 0.378
50 61 0.331
50 72 0.232
50 75 0.179
50 84 0.128
50 92 0.426
50 63 0.379
50 67 0.105
50 69 0.586
50 82 0.223
50 94 0.048
50 98 0.057
50 55 0.216
50 59 0.089
50 60 0.21
50 73 0.301
50 81 0.126
50 86 0.062
50 99 0.187
50 51 0.141
50 52 0.121
50 53 0.158
50 54 0.17
50 58 0.175
50 64 0.225
50 70 0.123
50 71 0.212
50 76 0.144
50 78 0.137
50 89 0.13
50 90 0.135
50 91 0.149
51 85 0.816
51 80 0.137
51 57 0.4
51 81 0.262
51 96 0.322
51 75 0.271
51 76 0.498
51 53 0.182
51 58 0.047
51 72 0.16
51 59 0.376
51 63 0.008
51 65 0.364
51 71 0.148
51 73 0.338
51 74 0.027
51 82 0.133
51 83 0.017
51 94 0.106
51 98 0.116
51 61 0.106
51 62 0.139
51 79 0.158
51 87 0.095
51 91 0.137
51 69 0.155
51 84 0.12
51 86 0.135
51 97 0.175
52 93 0.627
52 54 0.149
52 74 0.236
52 65 0.222
52 71 0.216
52 66 0.015
52 84 0.571
52 63 0.266
52 57 0.211
52 59 0.104
52 67 0.182
52 69 0.413
52 75 0.123
52 79 0.307
52 80 0.278
52 81 0.072
52 85 0.087
52 88 0.2
52 89 0.163
52 91 0.305
52 92 0.337
52 94 0.102
52 96 0.156
52 97 0.13
52 60 0.231
52 62 0.001
52 68 0.059
52 72 0.354
52 73 0.296
52 82 0.002
52 99 0.379
52 70 0.157
52 87 0.107
53 78 0.747
53 89 0.22
53 66 0.514
53 74 0.212
53 56 0.095
53 60 0.218
53 80 0.32
53 81 0.58
53 94 0.283
53 96 0.039
53 58 0.245
53 64 0.287
53 79 0.351
53 93 0.092
53 97 0.261
53 69 0.29
53 70 0.122
53 71 0.041
53 76 0.184
53 84 0.159
53 88 0.205
53 54 0.147
53 57 0.18
53 67 0.145
53 68 0.148
53 73 0.154
53 87 0.226
53 99 0.182
54 94 0.051
54 57 0.589
54 55 0.001
54 67 0.276
54 80 0.352
54 90 0.108
54 59 0.157
54 62 0.147
54 63 0.09
54 69 0.194
54 72 0.107
54 83 0.061
54 84 0.193
54 88 0.072
54 74 0.064
54 77 0.159
54 85 0.174
54 86 0.275
54 95 0.184
54 96 0.209
54 99 0.05
54 61 0.117
54 73 0.069
54 75 0.213
54 76 0.147
54 81 0.173
54 82 0.171
54 89 0.146
54 92 0.149
54 98 0.12
55 69 0.987
55 79 0.535
55 62 0.643
55 76 0.146
55 73 0.39
55 87 0.082
55 56 0.054
55 68 0.057
55 74 0.402
55 84 0.284
55 98 0.152
55 70 0.162
55 71 0.148
55 86 0.432
55 90 0.282
55 91 0.067
55 92 0.378
55 97 0.146
55 57 0.041
55 61 0.058
55 63 0.04
55 75 0.155
55 78 0.296
55 81 0.106
55 88 0.162
55 89 0.179
55 67 0.164
55 72 0.176
55 80 0.12
55 82 0.124
55 83 0.131
55 93 0.139
55 95 0.115
55 99 0.169
56 75 1
56 68 0.111
56 82 0.159
56 64 0.062
56 65 0.246
56 67 0.116
56 72 0.203
56 73 0.231
56 77 0.252
56 81 0.493
56 84 0.383
56 97 0.282
56 98 0.245
56 71 0.551
56 74 0.206
56 92 0.123
56 94 0.188
56 95 0.286
56 62 0.18
56 63 0.148
56 69 0.121
56 70 0.176
56 79 0.143
56 88 0.14
56 96 0.202
56 99 0.182
57 99 0.683
57 63 1
57 71 0.327
57 89 0.168
57 96 0.316
57 64 0.394
57 67 0.325
57 68 0.187
57 76 0.179
57 85 0.099
57 87 0.177
57 95 0.331
57 62 0.156
57 69 0.216
57 70 0.133
57 86 0.152
57 91 0.107
57 98 0.344
57 58 0.102
57 59 0.156
57 60 0.097
57 65 0.144
57 77 0.135
57 79 0.163
57 81 0.141
57 84 0.207
57 88 0.145
57 92 0.179
57 93 0.11
57 94 0.13
57 97 0.133
58 69 0.205
58 81 0.015
58 70 0.392
58 72 0.197
58 75 0.146
58 83 0.112
58 82 0.321
58 77 0.172
58 78 0.025
58 89 0.044
58 94 0.161
58 60 0.284
58 62 0.054
58 66 0.278
58 71 0.169
58 74 0.072
58 79 0.185
58 97 0.219
58 63 0.091
58 64 0.14
58 73 0.174
58 76 0.011
58 96 0.101
58 99 0.144
58 61 0.176
58 80 0.157
58 86 0.15
58 87 0.169
58 88 0.159
58 90 0.142
59 77 0.725
59 81 0.697
59 82 0.526
59 75 0.174
59 78 0.128
59 61 0.066
59 70 0.099
59 73 0.187
59 76 0.183
59 80 0.211
59 85 0.337
59 93 0.097
59 94 0.207
59 96 0.013
59 60 0.303
59 62 0.166
59 66 0.023
59 69 0.154
59 91 0.312
59 97 0.085
59 98 0.173
59 64 0.186
59 68 0.189
59 74 0.126
59 88 0.166
59 92 0.149
60 64 0.904
60 69 0.132
60 75 0.116
60 92 0.138
60 77 0.259
60 80 0.479
60 83 0.119
60 62 0.194
60 74 0.323
60 82 0.245
60 89 0.174
60 97 0.258
60 61 0.158
60 63 0.367
60 71 0.079
60 81 0.022
60 88 0.343
60 95 0.125
60 98 0.342
60 65 0.172
60 66 0.17
60 93 0.123
60 99 0.113
61 65 0.538
61 96 0.785
61 77 0.749
61 87 0.859
61 82 0.394
61 89 0.392
61 90 0.123
61 63 0.343
61 79 0.169
61 92 0.379
61 64 0.225
61 66 0.287
61 70 0.199
61 74 0.191
61 75 0.217
61 78 0.068
61 91 0.164
61 93 0.164
61 98 0.184
61 99 0.059
61 62 0.127
61 68 0.268
61 83 0.15
61 84 0.183
61 67 0.186
61 69 0.186
61 71 0.175
61 80 0.177
61 95 0.167
62 68 0.604
62 73 0.285
62 77 0.283
62 90 0.238
62 63 0.145
62 64 0.257
62 66 0.375
62 72 0.038
62 76 0.199
62 78 0.084
62 79 0.239
62 83 0.075
62 85 0.187
62 86 0.132
62 88 0.047
62 65 0.2
62 75 0.063
62 81 0.026
62 87 0.162
62 93 0.166
62 67 0.087
62 70 0.171
62 71 0.18
62 74 0.192
62 82 0.146
62 89 0.138
62 91 0.188
62 96 0.129
62 98 0.125
63 94 0.919
63 96 0.308
63 79 0.519
63 86 0.207
63 76 0.069
63 67 0.096
63 74 0.4
63 81 0.35
63 83 0.187
63 87 0.389
63 70 0.215
63 71 0.043
63 82 0.367
63 90 0.098
63 99 0.198
63 66 0.387
63 77 0.178
63 78 0.278
63 80 0.17
63 97 0.092
63 92 0.102
64 72 0.649
64 67 0.895
64 69 0.127
64 81 0.107
64 88 0.061
64 73 0.235
64 75 0.16
64 87 0.062
64 90 0.109
64 92 0.179
64 94 0.164
64 98 0.147
64 65 0.117
64 76 0.158
64 78 0.211
64 82 0.076
64 68 0.19
64 71 0.13
64 74 0.217
64 86 0.177
64 93 0.137
65 70 0.658
65 82 0.665
65 84 0.743
65 92 0.302
65 95 0.776
65 75 0.051
65 66 0.106
65 69 0.349
65 77 0.192
65 89 0.144
65 99 0.135
65 78 0.411
65 81 0.057
65 83 0.168
65 90 0.371
65 91 0.006
65 73 0.152
65 74 0.16
65 76 0.153
65 85 0.135
65 88 0.185
65 93 0.16
66 93 0.383
66 67 0.189
66 71 0.162
66 68 0.15
66 78 0.327
66 70 0.208
66 72 0.304
66 74 0.002
66 77 0.085
66 81 0.199
66 84 0.099
66 85 0.163
66 92 0.365
66 96 0.059
66 80 0.232
66 83 0.166
66 87 0.02
66 88 0.202
66 90 0.015
66 73 0.165
66 76 0.154
66 79 0.134
66 86 0.162
66 89 0.1
66 94 0.123
66 98 0.113
67 84 0.654
67 76 0.543
67 80 0.25
67 69 0.213
67 71 0.219
67 73 0.257
67 79 0.146
67 85 0.165
67 94 0.03
67 97 0.253
67 99 0.224
67 75 0.087
67 81 0.083
67 82 0.02
67 87 0.027
67 89 0.282
67 90 0.135
67 93 0.091
67 68 0.136
67 70 0.137
67 77 0.177
67 78 0.097
67 91 0.148
67 92 0.139
68 80 0.831
68 70 1
68 69 1
68 71 0.057
68 78 0.198
68 82 0.234
68 90 0.143
68 86 0.174
68 88 0.196
68 73 0.079
68 81 0.075
68 85 0.246
68 92 0.063
68 93 0.291
68 97 0.068
68 98 0.257
68 75 0.122
68 76 0.03
68 77 0.276
68 72 0.17
68 83 0.186
68 94 0.153
68 96 0.135
69 88 0.553
69 86 0.154
69 97 0.103
69 81 0.207
69 87 0.108
69 71 0.031
69 72 0.094
69 75 0.196
69 80 0.214
69 82 0.239
69 84 0.006
69 96 0.07
69 77 0.341
69 83 0.185
69 89 0.163
69 70 0.166
69 85 0.228
69 90 0.142
69 98 0.142
70 91 0.456
70 80 0.32
70 96 0.129
70 72 0.156
70 79 0.233
70 93 0.497
70 94 0.216
70 95 0.17
70 99 0.296
70 71 0.08
70 78 0.214
70 83 0.057
70 84 0.025
70 85 0.156
70 89 0.254
70 98 0.073
70 73 0.119
70 74 0.123
70 76 0.154
70 82 0.136
71 77 0.878
71 94 0.386
71 82 0.087
71 92 0.338
71 80 0.383
71 87 0.365
71 89 0.292
71 93 0.17
71 73 0.139
71 84 0.119
71 88 0.204
71 95 0.152
71 74 0.106
71 79 0.137
71 99 0.151
72 91 0.877
72 79 0.246
72 81 0.304
72 83 0.383
72 99 0.222
72 92 0.042
72 84 0.248
72 87 0.031
72 89 0.145
72 93 0.034
72 95 0.445
72 98 0.275
72 73 0.025
72 88 0.118
72 94 0.117
72 74 0.107
72 76 0.179
72 96 0.143
73 85 0.118
73 95 0.169
73 92 0.663
73 97 0.003
73 74 0.095
73 77 0.017
73 79 0.147
73 80 0.147
73 81 0.27
73 83 0.362
73 90 0.037
73 96 0.161
73 76 0.2
73 78 0.387
73 93 0.206
73 75 0.124
73 98 0.168
74 92 0.163
74 79 0.265
74 86 0.376
74 88 0.316
74 93 0.468
74 76 0.273
74 83 0.308
74 87 0.088
74 75 0.116
74 77 0.312
74 97 0.209
74 78 0.216
74 82 0.06
74 98 0.17
74 84 0.183
74 85 0.127
74 94 0.138
74 96 0.154
74 99 0.171
75 98 0.842
75 76 0.171
75 77 0.196
75 78 0.596
75 84 0.311
75 83 0.214
75 89 0.157
75 91 0.338
75 96 0.157
75 80 0.102
75 81 0.165
75 82 0.116
75 87 0.087
75 94 0.128
76 97 0.097
76 84 0.309
76 86 0.269
76 87 0.007
76 94 0.189
76 82 0.098
76 85 0.128
76 92 0.14
76 95 0.371
76 79 0.17
76 80 0.239
76 81 0.248
76 88 0.008
76 91 0.264
76 90 0.17
76 99 0.19
77 89 0.078
77 91 0.148
77 92 0.073
77 94 0.043
77 80 0.166
77 81 0.181
77 84 0.164
77 90 0.201
77 98 0.123
77 78 0.157
77 82 0.102
77 88 0.093
77 93 0.155
77 95 0.131
77 96 0.179
77 97 0.13
78 79 0.758
78 83 0.301
78 80 0.393
78 84 0.185
78 97 0.278
78 99 0.081
78 87 0.352
78 88 0.106
78 90 0.431
78 93 0.172
78 94 0.288
78 98 0.013
78 91 0.179
79 81 1
79 84 0.957
79 86 0.024
79 80 0.162
79 85 0.466
79 90 0.185
79 91 0.065
79 95 0.314
79 97 0.316
79 98 0.161
79 83 0.369
79 92 0.126
79 93 0.138
79 94 0.142
79 96 0.144
80 94 0.861
80 81 0.345
80 91 0.335
80 98 0.168
80 83 0.232
80 86 0.038
80 89 0.339
80 97 0.248
80 99 0.221
80 82 0.056
80 87 0.196
80 90 0.198
80 85 0.25
80 93 0.181
80 95 0.137
81 84 0.02
81 90 0.268
81 96 0.168
81 99 0.234
81 83 0.186
81 88 0.275
81 92 0.297
81 93 0.52
81 87 0.073
81 89 0.207
81 97 0.152
82 89 0.279
82 86 0.279
82 88 0.321
82 93 0.188
82 91 0.176
82 92 0.252
82 95 0.357
82 96 0.143
82 98 0.065
82 85 0.19
82 87 0.139
82 97 0.029
82 94 0.134
83 86 0.215
83 95 0.036
83 89 0.038
83 93 0.181
83 99 0.291
83 91 0.158
83 96 0.166
83 97 0.007
83 85 0.157
83 87 0.112
83 90 0.142
84 90 0.401
84 85 0.102
84 97 0.252
84 99 0.117
84 86 0.087
84 98 0.132
84 91 0.076
84 93 0.133
84 94 0.16
84 95 0.173
85 91 0.915
85 93 0.336
85 96 0.359
85 89 0.135
85 92 0.243
85 98 0.257
85 86 0.148
85 88 0.165
85 87 0.131
85 94 0.099
85 95 0.147
86 94 0.308
86 87 0.2
86 95 0.174
86 97 0.268
86 91 0.001
86 99 0.311
86 88 0.083
86 96 0.326
86 92 0.175
86 93 0.185
87 96 0.918
87 97 0.09
87 98 0.26
87 93 0.128
87 89 0.094
87 90 0.148
87 92 0.148
87 94 0.146
87 95 0.169
87 99 0.101
88 94 0.95
88 92 0.073
88 97 0.148
88 98 0.292
88 93 0.206
88 89 0.177
88 95 0.19
88 99 0.184
89 90 0.022
89 91 0.617
89 99 0.686
89 92 0.125
89 93 0.338
89 95 0.068
89 98 0.168
89 94 0.103
89 96 0.085
90 98 0.163
90 94 0.149
90 95 0.152
91 94 1
91 95 0.263
91 98 0.152
92 97 0.076
92 95 0.19
92 96 0.212
92 93 0.211
92 94 0.167
92 99 0.336
92 98 0.125
93 95 0.711
93 97 0.041
93 96 0.126
94 99 1
94 96 0.259
94 97 0.263
95 96 0.322
95 97 0.163
95 98 0.108
96 97 0.185
96 98 0.197
