0 23 0.937
0 17 0.981
0 35 0.818
0 6 0.967
0 19 0.933
0 85 0.733
0 88 0.987
0 60 0.817
0 10 0.883
0 27 1
0 69 0.856
0 98 0.762
0 91 1
0 73 0.87
0 87 0.995
0 24 0.86
0 46 0.526
0 16 0.822
0 86 0.879
0 71 0.941
0 51 0.826
0 49 0.674
0 96 0.691
0 95 0.991
0 38 0.621
0 55 0.612
0 68 0.703
0 79 0.875
0 33 0.712
0 89 0.327
0 8 0.152
0 25 0.123
0 42 0.084
0 4 0.249
0 44 0.156
0 58 0.239
0 1 0.155
0 47 0.092
0 18 0.272
0 30 0.167
0 37 0.158
0 53 0.125
0 63 0.205
0 80 0.204
0 5 0.109
0 11 0.166
0 31 0.116
0 43 0.162
0 76 0.127
0 84 0.126
0 2 0.131
0 3 0.125
0 15 0.271
0 36 0.098
0 39 0.157
0 45 0.166
0 50 0.258
0 56 0.187
0 64 0.171
0 83 0.163
0 92 0.08
0 94 0.1
0 7 0.158
0 14 0.17
0 20 0.109
0 29 0.14
0 40 0.139
0 48 0.154
0 57 0.117
0 59 0.16
0 66 0.152
0 70 0.173
0 72 0.168
0 78 0.101
1 30 0.651
1 65 1
1 80 1
1 6 0.888
1 11 0.946
1 17 0.683
1 41 0.896
1 85 1
1 89 0.953
1 29 0.636
1 34 1
1 39 1
1 95 0.748
1 96 0.695
1 90 0.791
1 32 0.554
1 53 1
1 99 0.846
1 87 0.664
1 60 0.833
1 52 0.939
1 26 0.584
1 82 0.73
1 19 0.223
1 74 0.288
1 91 0.143
1 50 0.136
1 58 0.306
1 7 0.042
1 46 0.252
1 75 0.176
1 3 0.097
1 5 0.196
1 63 0.154
1 71 0.191
1 10 0.127
1 13 0.146
1 35 0.104
1 62 0.136
1 70 0.141
1 76 0.17
1 83 0.119
1 86 0.168
1 4 0.189
1 8 0.119
1 9 0.163
1 12 0.178
1 15 0.128
1 18 0.114
1 21 0.166
1 24 0.141
1 36 0.129
1 37 0.175
1 49 0.168
1 59 0.179
1 94 0.146
1 2 0.159
1 22 0.107
1 25 0.138
1 28 0.16
1 40 0.101
1 42 0.197
1 44 0.108
1 47 0.209
1 55 0.144
1 66 0.185
1 73 0.128
1 92 0.145
2 76 0.958
2 58 0.768
2 45 0.829
2 80 1
2 79 0.852
2 44 1
2 50 0.76
2 72 0.847
2 89 1
2 41 0.805
2 8 0.818
2 57 0.683
2 92 0.622
2 25 0.75
2 68 1
2 29 0.876
2 85 0.121
2 28 0.225
2 86 0.155
2 51 0.146
2 5 0.11
2 16 0.192
2 22 0.198
2 35 0.173
2 49 0.043
2 59 0.174
2 60 0.319
2 91 0.177
2 3 0.08
2 34 0.134
2 20 0.161
2 23 0.14
2 56 0.152
2 61 0.177
2 74 0.181
2 82 0.194
2 95 0.149
2 98 0.187
2 6 0.131
2 13 0.181
2 18 0.138
2 32 0.193
2 33 0.18
2 36 0.236
2 46 0.16
2 64 0.146
2 69 0.167
2 73 0.139
2 75 0.117
2 78 0.151
2 83 0.189
2 7 0.145
2 14 0.216
2 17 0.147
2 27 0.084
2 30 0.176
2 31 0.187
2 63 0.19
2 77 0.164
2 84 0.173
2 96 0.145
2 97 0.178
2 99 0.11
3 50 1
3 57 1
3 96 0.952
3 40 0.843
3 61 0.922
3 8 0.902
3 37 0.517
3 78 0.816
3 14 0.525
3 67 0.902
3 91 0.991
3 64 0.567
3 23 0.763
3 59 0.885
3 71 1
3 10 0.754
3 90 0.805
3 7 0.833
3 68 0.756
3 85 0.135
3 6 0.161
3 22 0.068
3 30 0.103
3 62 0.194
3 84 0.237
3 51 0.158
3 98 0.198
3 13 0.205
3 15 0.142
3 33 0.148
3 53 0.112
3 63 0.106
3 44 0.139
3 46 0.152
3 66 0.161
3 97 0.043
3 17 0.134
3 25 0.18
3 42 0.219
3 52 0.218
3 88 0.171
3 95 0.145
3 4 0.023
3 5 0.159
3 9 0.117
3 11 0.189
3 21 0.156
3 39 0.095
3 55 0.159
3 77 0.131
3 94 0.223
3 99 0.137
3 12 0.162
3 19 0.178
3 26 0.125
3 31 0.204
3 32 0.197
3 34 0.093
3 38 0.145
3 45 0.131
3 47 0.174
3 48 0.152
3 65 0.15
3 72 0.139
3 74 0.184
3 75 0.171
3 76 0.115
3 80 0.191
3 92 0.119
3 24 0.113
3 29 0.137
3 36 0.147
3 49 0.164
3 70 0.217
3 83 0.154
3 87 0.12
4 34 0.718
4 69 0.959
4 37 0.739
4 73 1
4 55 1
4 10 0.463
4 96 0.914
4 78 0.798
4 63 1
4 30 0.528
4 88 0.769
4 72 0.915
4 85 1
4 40 1
4 62 1
4 80 0.589
4 53 0.969
4 13 0.682
4 35 1
4 33 0.551
4 76 0.507
4 67 0.234
4 74 0.338
4 5 0.192
4 12 0.197
4 6 0.112
4 27 0.158
4 41 0.211
4 71 0.087
4 24 0.159
4 25 0.258
4 57 0.163
4 93 0.122
4 19 0.134
4 21 0.2
4 45 0.155
4 46 0.003
4 75 0.126
4 94 0.154
4 95 0.156
4 98 0.149
4 14 0.202
4 18 0.17
4 23 0.182
4 32 0.131
4 43 0.157
4 47 0.206
4 50 0.197
4 77 0.151
4 79 0.186
4 81 0.17
4 86 0.171
4 89 0.146
4 11 0.148
4 15 0.18
4 16 0.168
4 17 0.129
4 20 0.113
4 26 0.16
4 28 0.13
4 29 0.12
4 31 0.136
4 36 0.156
4 44 0.148
4 51 0.109
4 58 0.119
4 59 0.158
4 60 0.127
4 61 0.215
4 66 0.14
4 70 0.15
4 90 0.133
5 82 0.592
5 10 0.818
5 58 0.742
5 9 0.783
5 34 0.827
5 80 0.949
5 15 0.975
5 54 0.96
5 50 0.684
5 79 0.811
5 77 0.894
5 97 0.761
5 22 0.73
5 83 0.853
5 33 0.996
5 84 0.739
5 26 0.583
5 27 1
5 81 0.719
5 14 0.47
5 42 0.962
5 92 0.649
5 90 0.155
5 12 0.252
5 28 0.276
5 67 0.147
5 71 0.133
5 74 0.161
5 24 0.203
5 40 0.064
5 45 0.137
5 52 0.285
5 98 0.062
5 16 0.176
5 44 0.178
5 57 0.171
5 70 0.12
5 19 0.171
5 32 0.187
5 56 0.138
5 60 0.284
5 73 0.107
5 76 0.133
5 99 0.145
5 29 0.139
5 41 0.117
5 43 0.148
5 46 0.156
5 53 0.27
5 61 0.158
5 66 0.133
5 69 0.153
5 86 0.156
5 96 0.149
5 8 0.13
5 13 0.129
5 18 0.171
5 21 0.185
5 23 0.136
5 36 0.158
5 38 0.123
5 47 0.133
5 49 0.149
5 51 0.133
5 55 0.137
5 63 0.113
5 68 0.12
5 72 0.166
5 75 0.141
6 67 0.667
6 17 0.908
6 52 0.779
6 78 0.575
6 73 0.781
6 25 0.888
6 64 0.395
6 54 0.931
6 98 0.909
6 60 0.844
6 59 1
6 15 0.86
6 79 0.639
6 31 0.892
6 28 0.83
6 97 0.928
6 99 0.921
6 10 0.983
6 45 0.756
6 30 0.517
6 63 0.223
6 82 0.167
6 39 0.132
6 11 0.114
6 14 0.122
6 70 0.193
6 75 0.158
6 77 0.141
6 33 0.179
6 44 0.111
6 47 0.116
6 49 0.094
6 53 0.174
6 55 0.123
6 90 0.157
6 94 0.137
6 9 0.159
6 46 0.127
6 51 0.161
6 69 0.123
6 72 0.171
6 84 0.152
6 92 0.18
6 12 0.114
6 16 0.173
6 20 0.181
6 21 0.249
6 24 0.147
6 35 0.102
6 36 0.06
6 88 0.103
6 13 0.181
6 19 0.202
6 22 0.147
6 23 0.151
6 27 0.155
6 29 0.131
6 32 0.165
6 48 0.146
6 50 0.172
6 56 0.155
6 58 0.14
6 66 0.203
6 85 0.145
6 91 0.157
6 95 0.18
6 96 0.186
7 85 1
7 67 0.939
7 46 0.839
7 91 0.544
7 21 0.752
7 42 1
7 84 0.565
7 33 1
7 44 0.874
7 96 0.677
7 62 0.788
7 41 0.984
7 86 0.781
7 18 0.625
7 64 1
7 38 1
7 26 0.565
7 60 0.858
7 56 0.621
7 75 0.743
7 47 0.74
7 45 0.628
7 40 0.206
7 77 0.203
7 82 0.023
7 98 0.094
7 28 0.323
7 32 0.1
7 35 0.373
7 93 0.193
7 8 0.178
7 16 0.165
7 76 0.172
7 94 0.162
7 11 0.145
7 13 0.194
7 49 0.163
7 50 0.091
7 63 0.174
7 66 0.299
7 71 0.19
7 73 0.171
7 14 0.115
7 22 0.134
7 37 0.149
7 55 0.161
7 57 0.193
7 68 0.164
7 10 0.144
7 15 0.174
7 20 0.146
7 24 0.171
7 29 0.202
7 65 0.205
7 88 0.171
7 25 0.195
7 27 0.141
7 34 0.215
7 39 0.146
7 51 0.138
7 52 0.141
7 61 0.193
7 70 0.071
7 72 0.15
7 81 0.135
7 89 0.191
7 90 0.195
7 95 0.108
8 46 0.918
8 85 0.849
8 58 0.611
8 60 0.786
8 34 0.917
8 24 0.786
8 68 0.619
8 87 0.982
8 32 0.798
8 74 0.92
8 12 0.661
8 30 1
8 43 0.993
8 91 0.91
8 99 0.585
8 47 0.77
8 73 0.912
8 15 0.626
8 35 0.856
8 50 0.266
8 61 0.265
8 80 0.32
8 53 0.269
8 84 0.066
8 18 0.16
8 21 0.123
8 82 0.086
8 9 0.106
8 13 0.127
8 14 0.148
8 48 0.141
8 75 0.135
8 49 0.162
8 20 0.133
8 27 0.221
8 29 0.147
8 38 0.25
8 59 0.077
8 70 0.194
8 76 0.166
8 78 0.148
8 89 0.136
8 25 0.152
8 26 0.186
8 41 0.183
8 42 0.176
8 44 0.149
8 62 0.142
8 63 0.162
8 88 0.185
8 90 0.136
8 93 0.125
8 96 0.177
8 17 0.137
8 19 0.21
8 22 0.132
8 31 0.138
8 40 0.208
8 45 0.123
8 52 0.152
8 56 0.152
8 66 0.099
8 69 0.125
8 72 0.129
8 77 0.196
8 92 0.108
8 98 0.127
9 15 0.517
9 38 0.543
9 56 0.898
9 97 0.558
9 79 0.826
9 16 0.749
9 41 0.549
9 90 0.743
9 42 1
9 87 0.745
9 68 0.892
9 30 0.654
9 72 0.866
9 26 0.666
9 58 0.849
9 64 0.689
9 94 0.908
9 83 1
9 17 1
9 25 0.901
9 21 1
9 95 0.579
9 22 0.737
9 33 0.825
9 35 0.955
9 45 0.421
9 51 0.829
9 65 0.679
9 71 0.722
9 60 0.071
9 74 0.163
9 91 0.044
9 20 0.084
9 31 0.202
9 85 0.393
9 37 0.162
9 92 0.139
9 47 0.153
9 57 0.13
9 63 0.332
9 98 0.117
9 28 0.159
9 44 0.161
9 67 0.133
9 77 0.054
9 93 0.142
9 96 0.15
9 39 0.184
9 52 0.131
9 62 0.031
9 69 0.151
9 75 0.191
9 27 0.207
9 36 0.112
9 78 0.132
9 81 0.118
9 84 0.095
9 99 0.18
9 29 0.03
9 43 0.307
9 49 0.207
9 73 0.221
9 80 0.139
9 86 0.157
9 10 0.14
9 11 0.183
9 12 0.128
9 18 0.141
9 19 0.154
9 23 0.194
9 24 0.136
9 40 0.136
9 46 0.159
9 50 0.157
9 55 0.109
9 89 0.142
10 91 0.844
10 85 0.523
10 41 0.888
10 15 1
10 35 1
10 84 0.892
10 95 0.655
10 57 0.959
10 13 0.708
10 54 0.916
10 44 1
10 75 0.972
10 14 0.834
10 27 0.702
10 19 0.797
10 24 1
10 55 0.682
10 12 0.895
10 64 0.662
10 69 0.172
10 22 0.157
10 51 0.164
10 56 0.11
10 20 0.142
10 37 0.355
10 43 0.205
10 45 0.123
10 76 0.172
10 77 0.138
10 81 0.174
10 17 0.073
10 23 0.073
10 25 0.126
10 42 0.157
10 50 0.18
10 86 0.133
10 16 0.185
10 18 0.145
10 21 0.142
10 34 0.141
10 40 0.125
10 49 0.175
10 62 0.124
10 65 0.14
10 66 0.143
10 78 0.164
10 79 0.166
10 80 0.176
10 82 0.149
10 87 0.171
10 88 0.177
10 90 0.37
10 93 0.103
10 94 0.157
10 96 0.139
10 28 0.12
10 29 0.129
10 31 0.23
10 32 0.116
10 38 0.123
10 39 0.205
10 58 0.139
10 63 0.101
10 72 0.124
10 73 0.139
10 83 0.151
10 92 0.201
11 17 0.58
11 58 0.577
11 37 0.604
11 98 0.951
11 49 0.906
11 65 0.835
11 66 0.652
11 76 0.991
11 16 0.839
11 69 0.832
11 68 0.747
11 79 0.747
11 41 0.768
11 95 0.685
11 94 0.554
11 72 0.663
11 20 0.54
11 81 0.105
11 43 0.121
11 75 0.135
11 89 0.126
11 42 0.15
11 45 0.128
11 30 0.11
11 47 0.186
11 61 0.18
11 56 0.078
11 93 0.118
11 24 0.144
11 40 0.122
11 54 0.056
11 64 0.113
11 83 0.274
11 27 0.133
11 29 0.17
11 34 0.144
11 59 0.122
11 70 0.153
11 87 0.151
11 21 0.155
11 25 0.149
11 26 0.149
11 32 0.192
11 33 0.126
11 38 0.168
11 44 0.128
11 46 0.164
11 52 0.08
11 82 0.104
11 96 0.177
11 99 0.163
11 13 0.138
11 14 0.14
11 15 0.16
11 23 0.147
11 28 0.165
11 39 0.177
11 48 0.164
11 53 0.134
11 60 0.212
11 62 0.201
11 71 0.115
11 73 0.074
11 77 0.138
11 80 0.12
12 18 0.803
12 36 0.764
12 70 1
12 93 0.704
12 23 1
12 81 1
12 59 0.896
12 24 0.727
12 19 1
12 96 0.695
12 49 0.856
12 35 1
12 66 0.814
12 27 0.805
12 67 1
12 21 0.755
12 55 1
12 51 1
12 64 0.134
12 69 0.144
12 38 0.173
12 90 0.245
12 91 0.235
12 30 0.029
12 72 0.202
12 88 0.122
12 29 0.197
12 52 0.121
12 57 0.222
12 15 0.091
12 44 0.142
12 48 0.187
12 62 0.183
12 75 0.163
12 79 0.061
12 80 0.109
12 89 0.12
12 16 0.156
12 31 0.175
12 32 0.086
12 40 0.172
12 42 0.091
12 45 0.1
12 46 0.178
12 54 0.335
12 56 0.188
12 61 0.135
12 71 0.122
12 76 0.141
12 94 0.31
12 99 0.149
12 34 0.177
12 39 0.204
12 50 0.249
12 53 0.159
12 74 0.149
12 84 0.193
12 13 0.138
12 17 0.151
12 26 0.136
12 28 0.152
12 33 0.08
12 41 0.149
12 43 0.075
12 68 0.199
12 73 0.125
12 77 0.161
12 82 0.18
12 83 0.122
12 85 0.221
12 87 0.139
13 54 0.786
13 98 1
13 14 0.739
13 17 1
13 16 0.754
13 75 0.818
13 63 0.953
13 96 0.86
13 26 1
13 45 1
13 95 0.622
13 18 1
13 28 0.708
13 92 0.807
13 58 0.931
13 19 0.778
13 64 0.843
13 78 0.735
13 36 0.232
13 94 0.138
13 35 0.134
13 80 0.318
13 33 0.151
13 40 0.255
13 51 0.234
13 68 0.077
13 79 0.04
13 81 0.077
13 87 0.133
13 27 0.013
13 56 0.128
13 69 0.063
13 74 0.13
13 85 0.139
13 34 0.2
13 41 0.096
13 60 0.093
13 82 0.128
13 83 0.327
13 91 0.138
13 20 0.153
13 25 0.219
13 71 0.16
13 77 0.163
13 86 0.212
13 90 0.134
13 97 0.187
13 21 0.101
13 24 0.115
13 32 0.143
13 39 0.186
13 44 0.137
13 49 0.159
13 52 0.15
13 59 0.162
13 62 0.189
13 65 0.16
13 66 0.177
13 72 0.124
13 89 0.13
13 93 0.149
14 43 0.836
14 82 0.678
14 46 0.651
14 49 0.853
14 85 1
14 98 0.924
14 54 0.894
14 62 0.858
14 40 0.882
14 69 1
14 57 0.836
14 17 0.842
14 68 0.98
14 73 0.655
14 48 0.466
14 61 0.717
14 53 0.963
14 44 0.882
14 32 0.157
14 39 0.131
14 70 0.223
14 31 0.186
14 97 0.146
14 21 0.351
14 47 0.397
14 26 0.184
14 81 0.136
14 79 0.137
14 84 0.149
14 91 0.131
14 24 0.154
14 72 0.189
14 88 0.081
14 96 0.16
14 42 0.187
14 65 0.126
14 80 0.158
14 90 0.149
14 92 0.179
14 28 0.132
14 45 0.164
14 52 0.14
14 63 0.175
14 64 0.137
14 66 0.144
14 74 0.098
14 75 0.161
14 77 0.179
14 93 0.23
14 16 0.192
14 18 0.176
14 25 0.143
14 27 0.181
14 30 0.179
14 34 0.154
14 35 0.16
14 50 0.119
14 55 0.105
14 60 0.146
14 67 0.172
14 71 0.128
14 78 0.155
14 83 0.163
14 86 0.121
15 69 0.844
15 64 1
15 18 0.793
15 95 1
15 86 0.647
15 26 1
15 76 0.599
15 28 0.601
15 38 0.917
15 96 0.907
15 21 0.852
15 58 0.681
15 70 0.22
15 30 0.178
15 88 0.112
15 68 0.248
15 93 0.231
15 51 0.181
15 94 0.264
15 37 0.203
15 48 0.16
15 66 0.142
15 85 0.025
15 47 0.139
15 71 0.188
15 89 0.202
15 25 0.152
15 43 0.104
15 32 0.174
15 42 0.164
15 49 0.141
15 59 0.188
15 63 0.213
15 65 0.183
15 83 0.107
15 84 0.143
15 99 0.118
15 20 0.19
15 24 0.151
15 45 0.111
15 60 0.196
15 74 0.107
15 90 0.1
15 22 0.131
15 23 0.162
15 29 0.163
15 33 0.205
15 34 0.127
15 35 0.2
15 36 0.129
15 41 0.097
15 53 0.151
15 54 0.199
15 55 0.138
15 56 0.17
15 61 0.182
15 62 0.167
15 77 0.192
15 78 0.129
15 82 0.165
15 87 0.134
15 91 0.115
16 95 1
16 62 0.823
16 49 0.98
16 43 1
16 59 0.859
16 47 0.89
16 18 0.571
16 45 1
16 87 0.905
16 63 0.709
16 60 0.906
16 86 1
16 42 0.922
16 50 0.765
16 21 0.709
16 19 0.814
16 80 0.672
16 30 0.828
16 40 0.838
16 82 1
16 81 0.555
16 46 0.519
16 99 0.914
16 79 0.776
16 20 0.748
16 22 0.767
16 91 0.199
16 98 0.14
16 94 0.145
16 48 0.137
16 77 0.142
16 90 0.23
16 44 0.046
16 61 0.142
16 66 0.197
16 68 0.183
16 69 0.156
16 33 0.169
16 38 0.109
16 85 0.134
16 23 0.151
16 24 0.12
16 31 0.143
16 83 0.192
16 89 0.192
16 25 0.254
16 32 0.165
16 34 0.156
16 35 0.18
16 37 0.181
16 41 0.128
16 51 0.137
16 55 0.139
16 73 0.143
16 75 0.176
16 96 0.146
16 27 0.129
16 29 0.114
16 54 0.119
16 58 0.163
16 65 0.186
16 74 0.145
16 84 0.203
16 88 0.152
16 92 0.184
17 29 0.825
17 40 0.802
17 53 1
17 23 0.653
17 37 0.847
17 83 0.509
17 24 0.685
17 41 0.685
17 96 1
17 35 1
17 30 0.901
17 98 0.74
17 60 0.783
17 19 0.771
17 47 0.783
17 22 0.8
17 43 0.719
17 42 0.994
17 79 0.721
17 59 0.158
17 25 0.144
17 69 0.125
17 72 0.124
17 87 0.174
17 55 0.03
17 70 0.185
17 88 0.207
17 89 0.093
17 28 0.035
17 34 0.138
17 46 0.146
17 54 0.169
17 68 0.154
17 77 0.079
17 92 0.172
17 18 0.156
17 45 0.152
17 84 0.158
17 85 0.129
17 95 0.154
17 97 0.149
17 27 0.15
17 33 0.155
17 36 0.188
17 39 0.155
17 50 0.166
17 51 0.146
17 64 0.14
17 66 0.156
17 75 0.133
17 91 0.118
17 20 0.194
17 31 0.122
17 38 0.094
17 44 0.174
17 48 0.119
17 57 0.168
17 61 0.181
17 67 0.173
17 76 0.122
17 81 0.127
17 86 0.166
17 94 0.169
17 99 0.195
18 33 0.993
18 32 0.653
18 69 1
18 83 0.362
18 26 1
18 43 0.785
18 58 0.988
18 37 0.833
18 87 1
18 97 0.629
18 88 1
18 57 0.741
18 49 0.834
18 52 1
18 25 0.622
18 78 0.888
18 39 1
18 80 0.633
18 94 0.158
18 36 0.08
18 53 0.126
18 24 0.092
18 68 0.183
18 59 0.175
18 85 0.125
18 95 0.158
18 70 0.137
18 19 0.114
18 29 0.173
18 79 0.13
18 92 0.134
18 20 0.176
18 40 0.113
18 41 0.189
18 45 0.023
18 47 0.16
18 89 0.097
18 91 0.177
18 30 0.313
18 35 0.142
18 44 0.129
18 50 0.138
18 51 0.12
18 64 0.14
18 73 0.147
18 75 0.163
18 77 0.179
18 84 0.087
18 86 0.145
18 93 0.109
18 21 0.102
18 31 0.13
18 34 0.175
18 38 0.16
18 46 0.115
18 48 0.17
18 54 0.174
18 56 0.205
18 62 0.102
18 63 0.235
18 66 0.138
18 71 0.118
18 72 0.164
18 82 0.164
18 96 0.174
18 98 0.103
18 99 0.15
19 82 0.937
19 38 0.854
19 50 1
19 35 0.931
19 62 0.81
19 79 0.539
19 36 0.93
19 55 0.977
19 73 0.745
19 54 0.927
19 51 0.795
19 83 0.598
19 20 0.918
19 59 0.965
19 57 0.928
19 48 1
19 26 0.938
19 69 0.962
19 80 0.818
19 60 0.937
19 66 0.193
19 72 0.156
19 86 0.142
19 22 0.349
19 56 0.391
19 85 0.125
19 32 0.136
19 92 0.185
19 93 0.19
19 23 0.108
19 27 0.392
19 46 0.011
19 68 0.155
19 87 0.29
19 33 0.159
19 43 0.16
19 91 0.131
19 39 0.178
19 40 0.116
19 41 0.149
19 44 0.088
19 49 0.165
19 61 0.175
19 71 0.144
19 75 0.149
19 77 0.13
19 89 0.166
19 94 0.157
19 28 0.124
19 30 0.205
19 45 0.184
19 47 0.166
19 52 0.155
19 53 0.15
19 63 0.177
19 64 0.165
19 67 0.116
19 74 0.147
19 95 0.125
19 98 0.149
20 37 0.996
20 85 0.684
20 40 0.916
20 47 0.932
20 34 0.916
20 50 1
20 51 0.729
20 65 0.681
20 25 0.424
20 94 0.739
20 57 0.767
20 42 0.861
20 66 0.665
20 64 0.162
20 23 0.197
20 52 0.256
20 35 0.142
20 90 0.169
20 27 0.05
20 44 0.122
20 76 0.186
20 58 0.227
20 74 0.151
20 75 0.132
20 86 0.017
20 98 0.091
20 21 0.081
20 39 0.171
20 41 0.126
20 55 0.131
20 63 0.171
20 72 0.12
20 88 0.152
20 38 0.138
20 49 0.15
20 54 0.139
20 56 0.105
20 60 0.193
20 62 0.18
20 67 0.142
20 68 0.175
20 70 0.119
20 82 0.167
20 84 0.145
20 87 0.107
20 92 0.154
20 96 0.189
20 99 0.152
20 22 0.159
20 24 0.138
20 26 0.199
20 30 0.165
20 43 0.171
20 48 0.148
20 59 0.168
20 69 0.205
20 73 0.184
20 77 0.159
20 79 0.198
20 83 0.127
20 89 0.146
20 91 0.105
21 96 0.795
21 38 1
21 73 0.843
21 89 0.99
21 60 1
21 90 0.677
21 77 0.71
21 34 0.876
21 43 0.701
21 83 0.965
21 44 0.666
21 59 0.925
21 92 1
21 31 0.967
21 64 1
21 81 0.85
21 23 0.82
21 63 0.873
21 97 1
21 33 0.182
21 47 0.093
21 68 0.159
21 30 0.041
21 65 0.233
21 84 0.129
21 93 0.158
21 41 0.283
21 42 0.132
21 27 0.116
21 66 0.14
21 74 0.176
21 79 0.132
21 35 0.148
21 36 0.142
21 55 0.138
21 99 0.158
21 24 0.201
21 25 0.148
21 26 0.156
21 67 0.102
21 82 0.139
21 40 0.132
21 48 0.124
21 54 0.128
21 56 0.112
21 85 0.214
21 91 0.185
21 22 0.169
21 37 0.145
21 45 0.165
21 46 0.148
21 61 0.151
21 71 0.127
21 72 0.165
21 75 0.172
21 76 0.166
21 88 0.134
21 94 0.096
21 95 0.136
21 98 0.12
22 72 0.691
22 26 0.677
22 91 0.797
22 67 0.828
22 80 1
22 52 0.783
22 35 0.754
22 63 0.874
22 64 0.63
22 32 0.74
22 47 0.595
22 65 0.474
22 42 0.586
22 44 1
22 28 0.666
22 23 0.636
22 62 0.53
22 95 0.139
22 57 0.143
22 88 0.109
22 34 0.167
22 74 0.083
22 83 0.223
22 89 0.247
22 75 0.208
22 79 0.174
22 97 0.116
22 82 0.122
22 56 0.205
22 69 0.289
22 96 0.222
22 24 0.158
22 25 0.009
22 30 0.116
22 53 0.154
22 58 0.171
22 68 0.132
22 76 0.164
22 37 0.176
22 71 0.132
22 84 0.125
22 90 0.178
22 92 0.152
22 93 0.189
22 29 0.183
22 38 0.166
22 43 0.194
22 46 0.192
22 51 0.114
22 54 0.108
22 55 0.195
22 60 0.183
22 61 0.125
22 73 0.164
22 77 0.119
22 78 0.141
22 81 0.228
22 85 0.156
22 86 0.165
22 87 0.119
22 99 0.11
23 74 0.839
23 75 0.654
23 79 0.878
23 48 0.9
23 68 0.66
23 73 0.905
23 72 0.823
23 87 0.867
23 91 0.944
23 56 0.762
23 88 0.941
23 99 0.776
23 84 0.515
23 64 0.167
23 38 0.279
23 45 0.237
23 54 0.2
23 37 0.178
23 70 0.208
23 83 0.144
23 92 0.206
23 71 0.199
23 81 0.139
23 86 0.162
23 24 0.048
23 44 0.141
23 50 0.217
23 52 0.161
23 65 0.139
23 30 0.083
23 31 0.113
23 33 0.184
23 39 0.109
23 46 0.155
23 47 0.145
23 60 0.136
23 63 0.122
23 76 0.138
23 78 0.179
23 85 0.116
23 95 0.11
23 97 0.157
23 41 0.139
23 43 0.122
23 49 0.192
23 53 0.161
23 57 0.126
23 59 0.139
23 61 0.172
23 77 0.116
23 80 0.14
23 90 0.182
23 96 0.166
24 78 0.99
24 88 0.587
24 47 0.796
24 71 1
24 93 0.793
24 51 1
24 89 0.624
24 98 0.822
24 61 0.526
24 41 0.949
24 69 0.555
24 80 0.997
24 67 0.973
24 42 0.855
24 52 0.643
24 99 0.843
24 39 0.949
24 45 0.688
24 28 0.36
24 63 0.234
24 94 0.091
24 96 0.17
24 30 0.141
24 32 0.037
24 85 0.17
24 54 0.214
24 59 0.176
24 40 0.194
24 44 0.163
24 75 0.135
24 83 0.121
24 26 0.174
24 35 0.119
24 37 0.135
24 48 0.175
24 57 0.145
24 58 0.197
24 60 0.165
24 62 0.126
24 84 0.21
24 91 0.165
24 27 0.144
24 43 0.141
24 65 0.198
24 70 0.202
24 74 0.181
24 77 0.176
24 86 0.182
24 87 0.093
24 92 0.196
24 97 0.12
25 77 0.959
25 64 0.527
25 42 0.753
25 87 0.888
25 95 0.662
25 94 1
25 72 1
25 27 0.684
25 58 0.794
25 32 1
25 76 0.126
25 73 0.115
25 35 0.299
25 67 0.141
25 68 0.128
25 29 0.114
25 86 0.092
25 90 0.147
25 44 0.162
25 59 0.118
25 60 0.145
25 75 0.141
25 84 0.143
25 30 0.168
25 55 0.163
25 70 0.195
25 71 0.151
25 79 0.161
25 48 0.079
25 49 0.134
25 53 0.106
25 54 0.121
25 62 0.172
25 63 0.125
25 80 0.115
25 92 0.147
25 99 0.154
25 26 0.128
25 28 0.159
25 36 0.149
25 37 0.184
25 39 0.145
25 40 0.129
25 41 0.154
25 43 0.183
25 45 0.138
25 47 0.201
25 52 0.183
25 74 0.13
25 78 0.195
25 81 0.137
25 89 0.126
25 93 0.238
26 61 0.746
26 87 1
26 93 0.681
26 97 0.946
26 40 0.683
26 42 0.888
26 65 0.823
26 33 0.939
26 32 1
26 63 0.888
26 44 0.961
26 99 0.694
26 71 1
26 80 0.54
26 34 0.908
26 66 0.72
26 91 0.159
26 77 0.139
26 38 0.159
26 51 0.184
26 92 0.131
26 96 0.097
26 98 0.144
26 89 0.151
26 27 0.108
26 29 0.122
26 35 0.163
26 37 0.141
26 39 0.14
26 41 0.205
26 43 0.19
26 47 0.129
26 70 0.158
26 72 0.073
26 73 0.21
26 79 0.149
26 88 0.173
26 31 0.191
26 45 0.153
26 48 0.166
26 50 0.14
26 52 0.1
26 56 0.166
26 67 0.105
26 74 0.157
26 75 0.125
26 83 0.256
26 94 0.103
26 36 0.204
26 53 0.108
26 57 0.184
26 59 0.18
26 60 0.147
26 62 0.156
26 78 0.156
26 82 0.141
26 84 0.15
26 90 0.157
27 45 0.583
27 91 1
27 89 0.705
27 90 0.916
27 33 0.794
27 81 0.794
27 98 0.951
27 46 0.565
27 78 1
27 32 0.685
27 43 0.619
27 44 0.975
27 28 0.65
27 80 1
27 82 0.516
27 57 0.679
27 53 0.728
27 38 1
27 95 0.409
27 84 1
27 69 0.175
27 68 0.172
27 42 0.049
27 60 0.261
27 40 0.019
27 41 0.116
27 31 0.363
27 39 0.158
27 37 0.062
27 48 0.096
27 49 0.144
27 56 0.108
27 63 0.345
27 71 0.119
27 76 0.167
27 93 0.154
27 96 0.153
27 29 0.146
27 34 0.091
27 50 0.173
27 51 0.089
27 67 0.089
27 79 0.247
27 85 0.082
27 86 0.13
27 87 0.158
27 94 0.135
27 30 0.127
27 35 0.15
27 36 0.185
27 47 0.119
27 54 0.227
27 55 0.135
27 58 0.16
27 59 0.176
27 66 0.169
27 70 0.1
27 72 0.156
27 74 0.185
27 75 0.176
28 94 0.585
28 34 1
28 88 0.625
28 76 0.511
28 55 0.885
28 92 0.748
28 40 0.95
28 38 1
28 59 0.138
28 61 0.184
28 87 0.113
28 65 0.178
28 42 0.097
28 78 0.09
28 36 0.182
28 57 0.179
28 62 0.166
28 73 0.16
28 91 0.164
28 33 0.133
28 35 0.134
28 43 0.166
28 45 0.169
28 67 0.075
28 68 0.154
28 70 0.149
28 86 0.108
28 93 0.12
28 96 0.151
28 30 0.144
28 39 0.157
28 44 0.144
28 51 0.124
28 52 0.178
28 53 0.124
28 56 0.126
28 64 0.158
28 72 0.214
28 74 0.111
28 77 0.15
28 79 0.268
28 82 0.194
28 90 0.121
28 95 0.138
28 31 0.121
28 32 0.193
28 47 0.113
28 49 0.182
28 54 0.165
28 58 0.165
28 69 0.12
28 80 0.134
28 83 0.153
28 84 0.197
28 97 0.216
28 98 0.121
28 99 0.149
29 31 0.45
29 61 0.97
29 57 0.609
29 88 0.964
29 43 0.902
29 70 0.899
29 67 0.812
29 86 1
29 64 0.994
29 50 1
29 60 0.666
29 55 0.631
29 75 0.679
29 69 0.114
29 94 0.321
29 76 0.155
29 71 0.11
29 79 0.142
29 32 0.202
29 36 0.098
29 42 0.041
29 52 0.096
29 58 0.146
29 84 0.176
29 40 0.138
29 44 0.162
29 59 0.104
29 96 0.228
29 35 0.157
29 45 0.134
29 48 0.131
29 83 0.112
29 30 0.151
29 47 0.133
29 51 0.157
29 53 0.182
29 54 0.137
29 62 0.12
29 63 0.154
29 65 0.16
29 80 0.2
29 99 0.115
29 33 0.201
29 37 0.167
29 41 0.146
29 46 0.103
29 49 0.146
29 66 0.139
29 85 0.164
29 87 0.172
29 91 0.148
29 93 0.173
29 95 0.123
30 77 0.842
30 56 0.982
30 37 0.932
30 93 1
30 83 0.858
30 82 0.808
30 96 0.922
30 99 0.764
30 97 0.864
30 55 0.162
30 53 0.06
30 36 0.116
30 50 0.134
30 48 0.147
30 54 0.171
30 44 0.23
30 59 0.146
30 76 0.163
30 89 0.171
30 58 0.12
30 64 0.052
30 41 0.146
30 43 0.133
30 51 0.03
30 78 0.155
30 91 0.179
30 92 0.137
30 98 0.124
30 33 0.12
30 42 0.146
30 46 0.174
30 47 0.145
30 63 0.154
30 70 0.04
30 74 0.136
30 84 0.098
30 85 0.131
30 95 0.211
30 31 0.12
30 32 0.115
30 34 0.106
30 35 0.176
30 39 0.146
30 40 0.145
30 45 0.173
30 52 0.137
30 57 0.173
30 60 0.168
30 65 0.149
30 66 0.167
30 69 0.075
30 73 0.1
30 79 0.163
30 80 0.114
30 86 0.17
30 90 0.153
31 62 0.985
31 41 0.972
31 82 0.88
31 43 0.915
31 51 0.73
31 69 1
31 59 0.719
31 73 0.204
31 37 0.051
31 39 0.299
31 77 0.136
31 83 0.122
31 89 0.077
31 98 0.28
31 64 0.125
31 75 0.134
31 84 0.169
31 96 0.193
31 36 0.134
31 66 0.159
31 67 0.151
31 76 0.111
31 90 0.149
31 54 0.163
31 55 0.144
31 88 0.186
31 34 0.184
31 35 0.165
31 45 0.195
31 52 0.198
31 56 0.033
31 57 0.098
31 60 0.126
31 65 0.147
31 74 0.16
31 79 0.086
31 94 0.162
31 95 0.151
31 32 0.145
31 33 0.17
31 40 0.136
31 42 0.137
31 44 0.141
31 47 0.131
31 49 0.159
31 50 0.173
31 53 0.169
31 61 0.094
31 63 0.126
31 78 0.183
31 81 0.119
31 93 0.227
32 49 0.984
32 52 1
32 89 0.512
32 41 0.855
32 46 0.98
32 57 1
32 79 0.644
32 99 0.561
32 33 0.542
32 38 0.76
32 35 0.751
32 74 0.726
32 85 0.947
32 91 0.858
32 36 0.604
32 77 0.671
32 98 0.974
32 82 0.54
32 86 0.338
32 58 0.218
32 81 0.169
32 94 0.146
32 44 0.139
32 55 0.122
32 61 0.266
32 67 0.138
32 83 0.135
32 50 0.157
32 73 0.156
32 88 0.186
32 68 0.109
32 78 0.138
32 80 0.215
32 84 0.146
32 39 0.133
32 47 0.073
32 48 0.158
32 53 0.107
32 54 0.159
32 62 0.12
32 63 0.161
32 64 0.162
32 66 0.188
32 69 0.199
32 87 0.164
32 92 0.109
32 40 0.158
32 45 0.164
32 51 0.161
32 60 0.119
32 65 0.182
32 70 0.148
32 71 0.162
32 72 0.174
32 75 0.18
32 97 0.121
33 42 0.97
33 63 0.607
33 97 0.835
33 94 1
33 89 0.867
33 69 1
33 64 0.879
33 74 0.874
33 92 1
33 53 0.933
33 79 0.714
33 83 0.743
33 88 1
33 78 0.69
33 49 0.926
33 37 0.136
33 47 0.07
33 56 0.143
33 68 0.096
33 46 0.14
33 45 0.176
33 66 0.145
33 50 0.241
33 70 0.202
33 90 0.132
33 35 0.219
33 62 0.13
33 73 0.143
33 86 0.113
33 98 0.15
33 36 0.099
33 39 0.098
33 51 0.15
33 55 0.157
33 57 0.135
33 59 0.132
33 76 0.135
33 84 0.167
33 85 0.105
33 93 0.18
33 34 0.135
33 41 0.135
33 44 0.154
33 48 0.148
33 58 0.15
33 67 0.153
33 75 0.143
33 77 0.12
33 81 0.192
34 98 0.854
34 90 0.841
34 68 1
34 80 0.802
34 58 1
34 44 0.764
34 97 0.922
34 42 0.977
34 75 0.675
34 51 0.648
34 49 0.057
34 40 0.04
34 62 0.243
34 43 0.065
34 79 0.078
34 55 0.108
34 70 0.173
34 60 0.189
34 78 0.177
34 89 0.168
34 37 0.166
34 48 0.208
34 50 0.131
34 52 0.128
34 61 0.088
34 63 0.055
34 65 0.168
34 86 0.127
34 94 0.141
34 35 0.139
34 59 0.153
34 72 0.185
34 81 0.135
34 87 0.157
34 92 0.12
34 45 0.143
34 46 0.199
34 57 0.246
34 66 0.171
34 67 0.179
34 69 0.165
34 71 0.091
34 74 0.097
34 76 0.195
34 77 0.201
34 82 0.149
34 84 0.187
34 85 0.148
34 91 0.141
34 99 0.107
35 39 0.984
35 66 0.904
35 85 0.72
35 68 0.892
35 38 0.884
35 70 0.902
35 51 0.673
35 55 0.831
35 64 1
35 86 0.765
35 99 0.931
35 87 0.794
35 46 0.591
35 49 0.86
35 75 1
35 74 0.586
35 80 0.189
35 82 0.115
35 98 0.088
35 37 0.334
35 65 0.196
35 67 0.14
35 60 0.113
35 77 0.167
35 47 0.14
35 96 0.167
35 97 0.079
35 42 0.147
35 83 0.135
35 48 0.136
35 62 0.142
35 72 0.215
35 90 0.165
35 43 0.101
35 44 0.328
35 56 0.142
35 59 0.157
35 61 0.302
35 76 0.189
35 84 0.116
35 88 0.188
35 89 0.157
35 36 0.134
35 50 0.13
35 53 0.168
35 58 0.173
35 69 0.121
35 73 0.167
35 78 0.094
35 79 0.117
35 91 0.117
35 93 0.156
35 94 0.136
36 62 0.93
36 58 0.993
36 64 0.67
36 48 0.84
36 77 0.916
36 75 0.998
36 53 0.867
36 50 1
36 59 0.553
36 44 0.833
36 67 0.106
36 42 0.145
36 47 0.161
36 78 0.187
36 57 0.147
36 80 0.121
36 93 0.101
36 61 0.181
36 40 0.174
36 66 0.297
36 68 0.171
36 76 0.042
36 85 0.166
36 88 0.106
36 63 0.142
36 70 0.181
36 79 0.147
36 94 0.144
36 37 0.119
36 38 0.125
36 46 0.155
36 49 0.13
36 52 0.138
36 72 0.185
36 90 0.173
36 92 0.096
36 97 0.138
36 99 0.124
36 39 0.134
36 51 0.14
36 56 0.116
36 60 0.17
36 71 0.171
36 73 0.176
36 83 0.125
36 84 0.155
36 86 0.145
36 96 0.089
37 87 0.996
37 82 0.77
37 44 0.73
37 47 0.798
37 39 0.931
37 57 0.628
37 53 0.993
37 66 0.646
37 46 0.754
37 73 0.97
37 71 0.55
37 83 0.152
37 96 0.156
37 59 0.199
37 41 0.144
37 48 0.297
37 63 0.126
37 56 0.111
37 95 0.159
37 62 0.176
37 65 0.138
37 80 0.263
37 84 0.151
37 86 0.174
37 91 0.141
37 42 0.122
37 50 0.074
37 52 0.165
37 55 0.159
37 64 0.195
37 67 0.189
37 77 0.16
37 81 0.116
37 92 0.095
37 94 0.136
37 97 0.194
37 45 0.159
37 49 0.173
37 60 0.161
37 75 0.135
37 78 0.17
37 85 0.143
37 89 0.195
38 53 0.82
38 72 1
38 52 0.914
38 40 0.72
38 51 1
38 42 0.964
38 46 0.846
38 76 0.913
38 56 0.866
38 68 0.959
38 92 0.182
38 55 0.115
38 84 0.162
38 39 0.143
38 70 0.145
38 74 0.125
38 80 0.092
38 82 0.175
38 95 0.133
38 96 0.136
38 99 0.122
38 64 0.215
38 88 0.21
38 89 0.181
38 90 0.17
38 93 0.175
38 45 0.162
38 50 0.088
38 66 0.118
38 69 0.097
38 75 0.216
38 61 0.153
38 65 0.203
38 67 0.13
38 78 0.085
38 81 0.143
38 85 0.155
38 94 0.182
38 41 0.168
38 44 0.173
38 47 0.188
38 48 0.154
38 54 0.199
38 57 0.156
38 63 0.183
38 77 0.141
38 79 0.081
38 83 0.146
38 87 0.189
38 98 0.131
39 99 1
39 96 0.732
39 46 0.516
39 51 0.895
39 59 0.793
39 76 0.91
39 97 0.659
39 45 0.771
39 78 1
39 67 0.922
39 50 0.888
39 69 0.945
39 52 0.836
39 79 0.825
39 71 0.719
39 42 0.163
39 61 0.162
39 84 0.035
39 70 0.143
39 58 0.136
39 94 0.136
39 41 0.146
39 43 0.144
39 44 0.136
39 68 0.197
39 74 0.144
39 83 0.051
39 56 0.186
39 60 0.137
39 62 0.13
39 72 0.173
39 81 0.194
39 93 0.115
39 95 0.189
39 40 0.149
39 47 0.171
39 48 0.157
39 53 0.149
39 54 0.148
39 55 0.176
39 75 0.171
39 82 0.137
39 86 0.097
39 87 0.159
39 92 0.167
40 46 0.897
40 57 0.564
40 63 0.661
40 64 0.446
40 97 0.948
40 88 0.82
40 69 0.582
40 60 0.839
40 75 0.786
40 89 0.714
40 61 0.83
40 77 1
40 95 0.907
40 83 0.52
40 56 0.847
40 78 0.726
40 80 0.045
40 76 0.16
40 72 0.169
40 90 0.164
40 42 0.503
40 82 0.133
40 50 0.177
40 59 0.126
40 66 0.179
40 84 0.256
40 98 0.154
40 49 0.297
40 73 0.122
40 81 0.133
40 43 0.152
40 48 0.242
40 74 0.158
40 99 0.105
40 51 0.279
40 53 0.182
40 55 0.141
40 62 0.181
40 68 0.209
40 71 0.145
40 87 0.172
40 94 0.118
40 41 0.149
40 45 0.209
40 54 0.13
40 58 0.134
40 67 0.15
40 85 0.147
40 86 0.097
40 93 0.119
41 58 0.879
41 56 0.754
41 85 0.641
41 74 0.801
41 54 1
41 89 1
41 73 0.668
41 50 0.656
41 82 0.819
41 66 0.603
41 48 0.823
41 53 0.762
41 69 0.709
41 42 0.844
41 47 0.187
41 97 0.299
41 43 0.162
41 59 0.152
41 44 0.14
41 49 0.155
41 51 0.137
41 61 0.16
41 67 0.228
41 70 0.231
41 75 0.152
41 80 0.118
41 83 0.158
41 92 0.27
41 96 0.128
41 94 0.191
41 60 0.171
41 68 0.073
41 71 0.152
41 77 0.146
41 90 0.111
41 93 0.098
41 95 0.027
41 99 0.144
41 55 0.114
41 62 0.155
41 64 0.099
41 79 0.152
41 84 0.122
41 87 0.198
42 52 0.851
42 55 0.913
42 66 0.957
42 59 0.919
42 71 0.671
42 44 0.829
42 69 0.652
42 67 0.676
42 46 1
42 64 0.77
42 60 0.528
42 97 0.944
42 96 0.737
42 70 0.158
42 49 0.161
42 94 0.131
42 56 0.155
42 65 0.125
42 78 0.107
42 51 0.167
42 72 0.178
42 73 0.129
42 89 0.142
42 93 0.282
42 95 0.334
42 43 0.143
42 58 0.134
42 62 0.167
42 68 0.118
42 74 0.153
42 83 0.108
42 91 0.102
42 98 0.138
42 45 0.126
42 48 0.208
42 53 0.129
42 61 0.174
42 75 0.154
42 76 0.145
42 77 0.095
42 79 0.149
42 85 0.134
42 88 0.145
42 90 0.119
42 92 0.197
43 51 0.828
43 72 0.603
43 67 1
43 54 0.562
43 88 0.452
43 52 0.916
43 48 0.532
43 56 0.971
43 85 0.853
43 76 0.847
43 73 0.887
43 86 0.931
43 61 0.98
43 58 0.183
43 60 0.181
43 75 0.025
43 94 0.136
43 49 0.23
43 78 0.214
43 80 0.165
43 65 0.076
43 95 0.072
43 59 0.352
43 63 0.204
43 69 0.074
43 70 0.148
43 84 0.168
43 99 0.17
43 50 0.11
43 71 0.151
43 89 0.115
43 97 0.129
43 46 0.14
43 62 0.096
43 87 0.13
43 91 0.147
43 96 0.191
43 44 0.104
43 45 0.165
43 47 0.159
43 53 0.2
43 57 0.172
43 64 0.123
43 68 0.122
43 77 0.123
43 79 0.095
43 92 0.14
43 98 0.142
44 58 0.932
44 94 0.777
44 75 0.566
44 71 1
44 47 0.972
44 52 0.591
44 95 1
44 60 0.714
44 72 0.937
44 91 0.57
44 62 0.328
44 79 0.207
44 57 0.173
44 46 0.17
44 76 0.169
44 93 0.182
44 69 0.169
44 99 0.135
44 59 0.204
44 70 0.144
44 85 0.128
44 78 0.169
44 49 0.109
44 54 0.162
44 66 0.15
44 68 0.116
44 81 0.053
44 82 0.129
44 83 0.144
44 53 0.069
44 56 0.139
44 67 0.134
44 74 0.166
44 84 0.183
44 86 0.172
44 50 0.176
44 51 0.174
44 55 0.131
44 63 0.148
44 64 0.171
44 80 0.103
44 88 0.161
44 89 0.156
44 97 0.142
45 56 0.757
45 78 0.948
45 96 0.906
45 46 0.555
45 53 0.866
45 65 0.576
45 67 0.802
45 63 0.9
45 86 0.559
45 64 0.95
45 50 0.892
45 85 0.826
45 80 0.689
45 81 0.205
45 69 0.203
45 73 0.189
45 48 0.16
45 61 0.215
45 92 0.177
45 52 0.152
45 87 0.163
45 90 0.28
45 97 0.158
45 51 0.099
45 71 0.14
45 79 0.159
45 84 0.184
45 99 0.231
45 55 0.17
45 58 0.183
45 66 0.178
45 68 0.165
45 77 0.163
45 47 0.17
45 54 0.175
45 70 0.162
45 93 0.128
45 94 0.189
45 59 0.122
45 62 0.205
45 72 0.13
45 75 0.158
45 76 0.134
45 89 0.133
45 95 0.105
45 98 0.149
46 65 0.848
46 54 0.92
46 67 0.582
46 74 0.781
46 60 1
46 75 0.977
46 84 0.672
46 92 0.844
46 70 0.703
46 73 0.98
46 63 0.742
46 64 0.97
46 83 0.12
46 98 0.142
46 81 0.393
46 49 0.177
46 58 0.142
46 85 0.097
46 90 0.133
46 48 0.147
46 76 0.12
46 78 0.196
46 93 0.148
46 51 0.201
46 52 0.193
46 56 0.312
46 82 0.148
46 89 0.244
46 99 0.098
46 57 0.153
46 59 0.154
46 62 0.171
46 66 0.192
46 68 0.181
46 69 0.145
46 71 0.122
46 77 0.178
46 79 0.137
46 86 0.135
46 87 0.15
46 91 0.074
46 94 0.127
46 96 0.154
47 97 0.726
47 77 1
47 65 0.793
47 69 0.805
47 96 0.857
47 73 0.998
47 94 0.782
47 52 1
47 59 0.971
47 48 0.75
47 87 0.876
47 67 0.83
47 93 0.707
47 86 1
47 88 0.649
47 63 0.527
47 80 0.119
47 74 0.149
47 75 0.133
47 79 0.154
47 99 0.223
47 50 0.149
47 66 0.156
47 84 0.109
47 91 0.117
47 55 0.152
47 57 0.119
47 60 0.17
47 61 0.09
47 64 0.18
47 81 0.091
47 85 0.15
47 53 0.168
47 54 0.202
47 68 0.155
47 70 0.196
47 71 0.145
47 82 0.168
47 92 0.14
47 95 0.148
47 98 0.131
48 90 1
48 71 0.97
48 79 0.918
48 72 0.674
48 53 0.553
48 69 0.995
48 52 0.609
48 57 0.653
48 58 1
48 77 0.911
48 78 0.533
48 80 0.502
48 88 0.595
48 94 0.958
48 70 0.321
48 55 0.111
48 76 0.13
48 61 0.121
48 63 0.174
48 73 0.115
48 81 0.157
48 92 0.132
48 93 0.149
48 97 0.165
48 83 0.178
48 50 0.141
48 64 0.14
48 65 0.154
48 85 0.141
48 49 0.117
48 59 0.139
48 60 0.182
48 66 0.134
48 84 0.207
48 87 0.166
48 91 0.158
48 95 0.16
48 96 0.062
48 99 0.125
49 56 0.87
49 50 1
49 81 0.679
49 62 0.857
49 98 0.779
49 52 0.921
49 85 1
49 67 0.121
49 74 0.147
49 87 0.165
49 75 0.091
49 79 0.176
49 88 0.074
49 55 0.16
49 70 0.139
49 83 0.131
49 53 0.197
49 60 0.153
49 89 0.15
49 99 0.133
49 57 0.163
49 58 0.205
49 63 0.179
49 64 0.196
49 66 0.151
49 69 0.104
49 72 0.165
49 77 0.187
49 78 0.151
49 82 0.041
49 84 0.12
49 90 0.022
49 92 0.124
49 93 0.14
49 80 0.182
49 91 0.17
50 78 0.534
50 84 0.901
50 89 0.644
50 80 0.954
50 53 0.941
50 75 0.601
50 57 0.838
50 93 0.642
50 65 0.741
50 64 0.126
50 61 0.194
50 79 0.161
50 51 0.161
50 91 0.16
50 70 0.148
50 71 0.28
50 52 0.149
50 68 0.133
50 73 0.133
50 87 0.128
50 95 0.138
50 96 0.118
50 62 0.098
50 63 0.182
50 67 0.185
50 77 0.06
50 83 0.18
50 85 0.148
50 86 0.081
50 97 0.173
50 56 0.175
50 60 0.132
50 74 0.137
50 81 0.187
50 88 0.172
50 90 0.152
50 99 0.174
51 76 0.809
51 59 1
51 98 0.515
51 92 1
51 63 1.0
51 58 0.781
51 55 0.559
51 83 1
51 86 1
51 52 0.151
51 89 0.117
51 81 0.13
51 88 0.134
51 64 0.153
51 79 0.046
51 54 0.089
51 65 0.164
51 70 0.156
51 95 0.103
51 96 0.138
51 67 0.116
51 77 0.036
51 90 0.098
51 91 0.172
51 56 0.151
51 93 0.175
51 99 0.132
51 53 0.111
51 60 0.205
51 62 0.131
51 66 0.091
51 73 0.098
51 75 0.125
51 84 0.127
51 85 0.147
51 87 0.103
51 97 0.171
52 93 0.841
52 71 0.802
52 60 0.971
52 89 0.963
52 90 0.907
52 87 1
52 65 0.775
52 66 1
52 77 0.633
52 72 1
52 54 0.12
52 91 0.192
52 85 0.177
52 76 0.15
52 78 0.13
52 59 0.074
52 64 0.134
52 70 0.1
52 81 0.162
52 68 0.12
52 74 0.153
52 83 0.154
52 57 0.135
52 61 0.165
52 75 0.152
52 84 0.172
52 55 0.192
52 58 0.194
52 62 0.148
52 63 0.13
52 79 0.166
52 82 0.143
52 86 0.146
52 88 0.181
52 92 0.168
52 94 0.114
52 95 0.17
52 96 0.142
52 98 0.162
53 66 1
53 81 0.866
53 79 0.603
53 87 0.843
53 63 0.807
53 86 0.884
53 75 0.786
53 57 0.973
53 54 0.892
53 71 0.7
53 78 0.228
53 56 0.229
53 60 0.211
53 73 0.193
53 85 0.23
53 92 0.14
53 84 0.208
53 93 0.171
53 95 0.111
53 62 0.134
53 67 0.097
53 68 0.177
53 74 0.202
53 77 0.121
53 98 0.092
53 58 0.127
53 61 0.18
53 64 0.108
53 76 0.121
53 80 0.183
53 82 0.131
53 83 0.131
53 91 0.196
53 96 0.158
53 99 0.185
54 80 0.613
54 66 0.924
54 65 0.829
54 92 1
54 94 0.97
54 90 0.175
54 63 0.109
54 69 0.162
54 75 0.215
54 93 0.161
54 68 0.091
54 73 0.166
54 59 0.15
54 60 0.173
54 70 0.157
54 82 0.189
54 87 0.178
54 88 0.141
54 98 0.147
54 64 0.153
54 67 0.19
54 71 0.187
54 84 0.179
54 91 0.148
54 56 0.142
54 61 0.158
54 74 0.168
54 76 0.114
54 78 0.146
54 86 0.13
54 96 0.151
55 69 1
55 66 0.604
55 82 0.975
55 80 0.655
55 67 0.167
55 85 0.054
55 86 0.237
55 62 0.091
55 99 0.193
55 71 0.089
55 74 0.132
55 56 0.192
55 57 0.209
55 59 0.132
55 60 0.13
55 63 0.123
55 78 0.176
55 83 0.194
55 94 0.243
55 72 0.171
55 87 0.238
55 89 0.138
55 90 0.178
55 92 0.155
55 65 0.136
55 75 0.111
55 76 0.21
55 77 0.193
55 88 0.092
55 96 0.183
55 58 0.09
55 61 0.19
55 64 0.111
55 81 0.105
55 84 0.152
55 91 0.111
55 98 0.123
56 79 0.887
56 78 0.599
56 83 0.978
56 96 0.995
56 92 1
56 90 0.845
56 75 0.124
56 62 0.145
56 60 0.052
56 61 0.113
56 68 0.097
56 95 0.089
56 64 0.156
56 74 0.141
56 77 0.122
56 85 0.097
56 94 0.17
56 87 0.108
56 73 0.15
56 76 0.189
56 91 0.112
56 88 0.091
56 57 0.179
56 65 0.153
56 71 0.193
56 84 0.102
56 58 0.116
56 63 0.151
56 70 0.145
56 72 0.158
56 81 0.127
56 86 0.174
56 98 0.1
57 99 0.938
57 63 1
57 73 0.83
57 98 1
57 90 0.777
57 95 0.855
57 82 0.316
57 59 0.073
57 80 0.151
57 60 0.154
57 83 0.12
57 91 0.078
57 62 0.176
57 64 0.166
57 77 0.153
57 93 0.153
57 76 0.131
57 89 0.133
57 58 0.153
57 68 0.166
57 86 0.16
57 69 0.161
57 72 0.164
57 75 0.184
57 96 0.151
57 67 0.188
57 70 0.098
57 74 0.14
57 79 0.12
57 84 0.151
57 85 0.083
57 88 0.152
57 92 0.186
57 97 0.118
58 99 1
58 77 0.862
58 90 0.66
58 92 1
58 73 1
58 86 0.248
58 69 0.155
58 98 0.137
58 59 0.166
58 65 0.138
58 74 0.162
58 79 0.192
58 81 0.087
58 82 0.185
58 84 0.08
58 88 0.118
58 68 0.155
58 75 0.128
58 76 0.136
58 80 0.168
58 96 0.163
58 62 0.128
58 64 0.138
58 78 0.128
58 85 0.143
58 87 0.142
58 93 0.129
58 94 0.11
58 95 0.207
58 97 0.154
59 67 1
59 69 0.722
59 81 0.62
59 91 0.877
59 96 0.651
59 90 0.107
59 78 0.248
59 72 0.42
59 89 0.106
59 60 0.168
59 82 0.214
59 62 0.107
59 63 0.19
59 68 0.189
59 70 0.151
59 75 0.161
59 92 0.201
59 76 0.182
59 84 0.175
59 94 0.148
59 97 0.128
59 65 0.115
59 66 0.179
59 71 0.26
59 87 0.125
59 64 0.148
59 74 0.085
59 80 0.122
59 88 0.1
59 93 0.184
59 95 0.127
60 86 0.559
60 69 0.711
60 61 0.612
60 83 0.642
60 80 0.637
60 72 0.803
60 94 0.677
60 91 0.635
60 64 0.79
60 88 0.854
60 95 0.07
60 96 0.25
60 74 0.039
60 82 0.124
60 89 0.14
60 67 0.141
60 62 0.106
60 68 0.132
60 66 0.206
60 78 0.202
60 99 0.177
60 63 0.18
60 65 0.123
60 73 0.137
60 75 0.124
60 76 0.117
60 79 0.163
60 81 0.128
60 85 0.212
60 97 0.192
61 87 0.974
61 89 0.887
61 63 0.62
61 73 0.944
61 64 0.746
61 84 0.749
61 79 0.963
61 86 0.982
61 88 0.96
61 97 0.758
61 71 0.675
61 82 0.047
61 65 0.195
61 78 0.174
61 83 0.253
61 91 0.129
61 66 0.286
61 75 0.15
61 93 0.167
61 68 0.128
61 69 0.148
61 85 0.205
61 96 0.18
61 99 0.152
61 62 0.137
61 74 0.146
61 76 0.17
61 80 0.177
61 81 0.157
61 90 0.172
62 68 0.745
62 72 0.897
62 75 1
62 81 0.855
62 93 1
62 92 0.832
62 64 0.591
62 94 0.317
62 65 0.171
62 63 0.165
62 80 0.147
62 90 0.159
62 98 0.237
62 84 0.166
62 87 0.24
62 97 0.165
62 69 0.193
62 82 0.14
62 66 0.124
62 67 0.189
62 74 0.106
62 78 0.195
62 85 0.102
62 95 0.149
62 99 0.187
63 79 0.862
63 86 1
63 71 1.0
63 99 0.901
63 88 0.791
63 65 0.619
63 92 0.738
63 81 0.815
63 70 0.787
63 94 0.122
63 84 0.148
63 95 0.184
63 67 0.142
63 72 0.191
63 74 0.116
63 96 0.088
63 80 0.129
63 83 0.136
63 85 0.174
63 87 0.153
63 89 0.171
63 97 0.103
63 98 0.132
63 64 0.154
63 68 0.096
63 69 0.172
63 73 0.139
63 76 0.119
63 93 0.173
64 72 1
64 65 0.947
64 83 0.805
64 84 0.794
64 80 0.914
64 97 0.893
64 76 0.68
64 77 0.771
64 79 0.215
64 73 0.15
64 69 0.129
64 88 0.125
64 68 0.133
64 89 0.119
64 90 0.128
64 93 0.105
64 96 0.161
64 66 0.162
64 67 0.143
64 74 0.151
64 75 0.141
64 78 0.215
64 81 0.159
64 85 0.152
64 86 0.184
64 91 0.139
64 94 0.141
64 99 0.114
65 89 0.816
65 78 0.894
65 76 0.872
65 71 0.751
65 80 0.122
65 85 0.196
65 75 0.268
65 68 0.114
65 97 0.101
65 69 0.104
65 77 0.197
65 79 0.142
65 72 0.136
65 74 0.087
65 90 0.172
65 96 0.142
65 98 0.153
65 67 0.117
65 99 0.177
65 73 0.205
65 81 0.16
65 86 0.157
65 91 0.153
65 92 0.131
65 95 0.151
66 71 0.968
66 78 1
66 76 0.66
66 99 0.726
66 95 0.647
66 69 0.146
66 80 0.17
66 72 0.24
66 92 0.163
66 82 0.153
66 89 0.147
66 67 0.069
66 83 0.123
66 74 0.152
66 81 0.123
66 85 0.152
66 68 0.137
66 70 0.131
66 73 0.145
66 79 0.147
66 87 0.15
66 91 0.161
66 94 0.133
67 76 1
67 78 0.836
67 99 0.694
67 92 0.632
67 93 0.838
67 72 0.882
67 84 0.969
67 81 0.824
67 96 1
67 97 0.248
67 69 0.124
67 80 0.13
67 71 0.114
67 77 0.271
67 75 0.164
67 86 0.18
67 88 0.137
67 68 0.148
67 74 0.188
67 89 0.042
67 90 0.167
67 95 0.128
67 73 0.174
67 79 0.141
67 87 0.171
67 91 0.159
68 80 0.978
68 78 1
68 70 0.021
68 85 0.147
68 69 0.14
68 76 0.117
68 82 0.167
68 91 0.132
68 72 0.13
68 74 0.113
68 79 0.143
68 84 0.164
68 90 0.165
68 75 0.095
68 77 0.189
68 86 0.155
68 95 0.335
68 71 0.148
68 83 0.135
68 93 0.167
69 74 0.692
69 84 0.511
69 99 0.629
69 93 0.909
69 91 0.187
69 78 0.131
69 79 0.216
69 86 0.145
69 77 0.139
69 87 0.152
69 72 0.138
69 81 0.082
69 82 0.147
69 83 0.151
69 90 0.116
69 97 0.157
69 76 0.18
69 85 0.203
69 95 0.195
70 76 0.961
70 74 0.922
70 85 0.883
70 87 0.51
70 78 1
70 81 0.762
70 84 0.852
70 95 0.673
70 72 0.888
70 92 0.402
70 88 0.045
70 93 0.245
70 86 0.13
70 73 0.092
70 89 0.089
70 97 0.135
70 99 0.135
70 77 0.153
70 79 0.145
70 82 0.209
70 83 0.16
71 95 0.704
71 73 0.615
71 89 0.952
71 97 0.831
71 79 0.594
71 84 0.847
71 75 0.833
71 94 0.806
71 81 1
71 92 0.164
71 86 0.146
71 85 0.224
71 87 0.117
71 76 0.156
71 77 0.159
71 82 0.169
71 96 0.183
71 99 0.231
71 80 0.14
71 83 0.209
71 91 0.115
72 90 0.652
72 75 0.607
72 96 0.614
72 84 0.575
72 98 1
72 88 0.392
72 86 0.893
72 83 0.09
72 91 0.17
72 73 0.154
72 74 0.384
72 89 0.139
72 93 0.137
72 76 0.18
72 79 0.134
72 94 0.168
72 99 0.14
72 81 0.12
72 92 0.166
72 95 0.192
73 78 1
73 88 0.789
73 74 0.888
73 82 0.923
73 87 0.195
73 91 0.124
73 89 0.089
73 97 0.02
73 79 0.13
73 81 0.106
73 85 0.148
73 86 0.181
73 98 0.129
73 99 0.156
73 77 0.171
73 80 0.209
73 84 0.144
73 95 0.142
73 96 0.141
74 88 0.845
74 85 0.884
74 89 0.81
74 92 0.884
74 79 0.748
74 91 0.876
74 97 1
74 86 0.142
74 83 0.193
74 90 0.089
74 78 0.158
74 80 0.18
74 75 0.132
74 76 0.163
74 82 0.163
74 93 0.127
74 95 0.136
74 77 0.126
74 84 0.131
74 96 0.112
75 98 0.592
75 92 0.822
75 99 0.711
75 76 0.303
75 81 0.176
75 84 0.121
75 88 0.169
75 94 0.162
75 80 0.171
75 89 0.153
75 93 0.123
75 95 0.172
75 96 0.169
76 82 0.671
76 83 1
76 88 1
76 93 0.26
76 87 0.079
76 99 0.25
76 92 0.085
76 90 0.131
76 86 0.189
76 89 0.141
76 91 0.149
76 80 0.05
76 81 0.145
76 78 0.145
76 85 0.146
76 95 0.176
76 96 0.091
76 97 0.174
77 81 0.933
77 89 0.76
77 88 0.055
77 84 0.142
77 95 0.138
77 86 0.146
77 94 0.15
77 97 0.153
77 98 0.142
77 90 0.221
77 91 0.16
77 80 0.195
77 87 0.151
77 78 0.156
77 79 0.172
77 85 0.162
77 93 0.138
77 96 0.132
78 87 0.906
78 94 0.513
78 93 0.81
78 84 0.628
78 81 0.155
78 98 0.148
78 79 0.123
78 90 0.173
78 91 0.177
78 85 0.152
78 88 0.143
78 95 0.172
78 80 0.14
78 82 0.142
78 83 0.192
78 86 0.179
78 89 0.176
78 97 0.111
79 85 1
79 88 0.876
79 82 0.215
79 86 0.12
79 84 0.153
79 99 0.129
79 81 0.153
79 92 0.191
79 87 0.152
79 98 0.111
79 93 0.192
79 80 0.137
79 89 0.164
79 95 0.145
80 87 0.769
80 83 1
80 93 0.992
80 97 0.149
80 86 0.145
80 95 0.138
80 98 0.222
80 88 0.157
80 89 0.157
80 91 0.167
80 94 0.148
80 99 0.16
80 81 0.132
80 84 0.112
80 85 0.155
80 92 0.158
80 82 0.196
80 90 0.196
81 96 1
81 94 0.168
81 95 0.115
81 84 0.254
81 82 0.185
81 92 0.105
81 93 0.214
81 90 0.128
81 98 0.096
81 85 0.174
82 99 0.923
82 96 0.78
82 94 0.521
82 98 0.827
82 87 0.124
82 93 0.183
82 92 0.121
82 97 0.02
82 85 0.121
82 89 0.166
82 90 0.095
82 84 0.121
82 88 0.135
82 91 0.17
83 94 1
83 92 0.3
83 96 0.002
83 91 0.141
83 84 0.124
83 93 0.179
83 85 0.087
83 86 0.163
83 89 0.17
83 87 0.094
83 88 0.145
83 98 0.149
83 99 0.128
84 95 0.994
84 98 0.875
84 88 0.003
84 90 0.205
84 92 0.089
84 87 0.133
84 91 0.189
84 94 0.138
84 85 0.141
84 93 0.152
85 87 0.848
85 88 0.866
85 95 1
85 86 0.162
85 99 0.234
85 90 0.203
85 92 0.17
85 89 0.139
85 93 0.113
85 98 0.115
86 88 0.857
86 95 0.828
86 92 0.633
86 94 0.059
86 90 0.224
86 87 0.115
86 91 0.09
86 99 0.17
86 93 0.161
86 96 0.138
86 97 0.141
87 99 0.873
87 88 0.638
87 97 0.192
87 94 0.16
87 89 0.104
87 90 0.113
87 92 0.172
87 96 0.172
87 98 0.135
88 95 1
88 90 0.891
88 94 1
88 97 0.891
88 99 0.873
88 92 0.113
88 98 0.151
88 93 0.15
88 96 0.143
89 92 0.996
89 96 0.783
89 99 0.971
89 95 0.996
89 91 0.161
89 98 0.103
89 90 0.176
89 94 0.14
89 97 0.159
89 93 0.144
90 94 0.851
90 91 0.173
90 95 0.153
90 96 0.158
90 92 0.178
90 97 0.178
91 99 0.937
91 93 1
91 94 0.12
91 92 0.17
91 98 0.201
91 95 0.153
91 97 0.2
92 96 0.083
92 93 0.163
92 98 0.108
92 97 0.137
92 94 0.128
92 95 0.192
93 97 1
93 94 0.12
93 96 0.162
93 99 0.197
94 96 0.141
94 99 0.14
94 95 0.169
94 97 0.124
94 98 0.139
95 99 1
95 97 0.564
95 96 0.166
96 97 1
96 98 0.13
97 98 0.099
97 99 0.178
98 99 1
