0 77 0.921
0 53 0.855
0 83 0.768
0 64 1
0 26 0.94
0 55 0.678
0 58 0.78
0 8 0.73
0 48 1
0 66 1
0 68 1
0 15 0.791
0 51 0.837
0 45 0.816
0 19 0.852
0 1 0.853
0 39 0.86
0 70 0.923
0 72 1
0 20 0.805
0 34 0.723
0 37 1
0 7 0.355
0 17 0.183
0 52 0.186
0 56 0.212
0 2 0.159
0 22 0.144
0 23 0.302
0 33 0.18
0 41 0.184
0 67 0.162
0 81 0.094
0 40 0.331
0 84 0.153
0 11 0.176
0 14 0.185
0 38 0.13
0 50 0.173
0 69 0.123
0 9 0.213
0 13 0.141
0 78 0.501
0 24 0.126
0 29 0.154
0 46 0.149
0 49 0.123
0 73 0.197
0 76 0.214
0 90 0.217
0 94 0.151
0 98 0.135
0 5 0.162
0 10 0.197
0 16 0.126
0 21 0.16
0 27 0.124
0 28 0.146
0 35 0.163
0 36 0.139
0 42 0.184
0 43 0.098
0 47 0.132
0 62 0.125
0 63 0.142
0 65 0.156
0 74 0.164
0 75 0.154
0 85 0.184
0 86 0.134
0 88 0.168
0 92 0.145
0 93 0.147
0 95 0.122
1 5 0.767
1 43 0.803
1 74 0.926
1 95 1
1 15 0.757
1 98 1
1 60 0.837
1 39 0.926
1 46 0.909
1 97 0.851
1 4 0.965
1 84 0.71
1 48 0.736
1 16 0.794
1 66 0.745
1 75 0.721
1 32 0.929
1 18 1
1 23 0.899
1 47 0.601
1 26 0.275
1 76 0.696
1 20 0.079
1 69 0.147
1 77 0.144
1 78 0.143
1 42 0.273
1 9 0.084
1 27 0.131
1 93 0.14
1 29 0.073
1 40 0.13
1 65 0.106
1 91 0.154
1 92 0.14
1 59 0.058
1 71 0.194
1 90 0.194
1 7 0.137
1 13 0.15
1 34 0.142
1 58 0.175
1 67 0.153
1 81 0.147
1 82 0.155
1 83 0.201
1 85 0.216
1 88 0.1
1 11 0.425
1 14 0.126
1 22 0.171
1 35 0.138
1 37 0.113
1 45 0.159
1 50 0.151
1 55 0.13
1 72 0.138
1 96 0.156
1 2 0.154
1 17 0.222
1 19 0.14
1 21 0.106
1 24 0.177
1 28 0.128
1 30 0.136
1 31 0.163
1 33 0.102
1 38 0.113
1 41 0.17
1 49 0.151
1 51 0.177
1 57 0.111
1 61 0.166
1 62 0.135
1 68 0.126
2 19 0.752
2 83 0.799
2 31 0.792
2 47 0.7
2 11 0.848
2 18 0.717
2 67 0.644
2 21 0.949
2 65 1
2 50 0.727
2 78 1
2 79 0.922
2 96 0.989
2 69 0.744
2 57 0.902
2 66 0.786
2 91 0.874
2 73 1
2 90 0.581
2 37 0.201
2 72 0.189
2 93 0.246
2 42 0.161
2 94 0.136
2 6 0.018
2 40 0.066
2 64 0.107
2 76 0.226
2 71 0.131
2 5 0.121
2 8 0.107
2 10 0.107
2 49 0.176
2 56 0.193
2 88 0.128
2 23 0.135
2 24 0.166
2 36 0.141
2 52 0.123
2 59 0.02
2 68 0.163
2 74 0.181
2 75 0.158
2 81 0.134
2 92 0.057
2 98 0.11
2 4 0.18
2 20 0.1
2 22 0.119
2 27 0.141
2 30 0.168
2 39 0.146
2 41 0.183
2 45 0.146
2 53 0.145
2 77 0.204
2 89 0.137
2 3 0.171
2 7 0.117
2 9 0.17
2 15 0.165
2 26 0.109
2 28 0.117
2 32 0.143
2 46 0.223
2 54 0.132
2 55 0.128
2 58 0.142
2 70 0.194
2 80 0.168
2 86 0.143
3 66 1
3 48 0.8
3 85 1
3 55 0.871
3 84 0.506
3 6 0.778
3 8 0.671
3 56 0.75
3 97 0.805
3 50 0.692
3 58 0.759
3 20 0.937
3 75 0.745
3 49 0.554
3 27 0.598
3 14 0.548
3 67 0.225
3 69 0.096
3 76 0.122
3 9 0.284
3 59 0.166
3 24 0.107
3 29 0.176
3 25 0.218
3 31 0.132
3 33 0.036
3 81 0.135
3 17 0.27
3 40 0.15
3 68 0.187
3 82 0.196
3 86 0.155
3 30 0.156
3 36 0.179
3 41 0.143
3 63 0.108
3 74 0.364
3 77 0.152
3 5 0.195
3 11 0.095
3 28 0.154
3 37 0.137
3 42 0.146
3 47 0.162
3 57 0.161
3 61 0.141
3 65 0.134
3 79 0.173
3 87 0.162
3 92 0.15
3 95 0.194
3 4 0.158
3 10 0.168
3 16 0.167
3 18 0.151
3 19 0.13
3 21 0.104
3 35 0.133
3 39 0.172
3 43 0.163
3 44 0.18
3 51 0.221
3 53 0.154
3 54 0.141
3 62 0.147
3 72 0.162
3 88 0.183
3 89 0.135
3 90 0.147
3 99 0.133
4 17 0.845
4 74 0.716
4 14 0.738
4 66 0.602
4 81 0.975
4 37 0.991
4 76 0.731
4 99 0.548
4 21 0.679
4 8 0.811
4 22 0.666
4 91 0.823
4 55 0.921
4 32 0.934
4 59 0.886
4 40 0.878
4 42 0.502
4 16 0.857
4 35 1
4 69 0.994
4 63 0.988
4 80 0.665
4 44 0.794
4 75 0.83
4 93 0.697
4 39 0.225
4 65 0.141
4 71 0.186
4 84 0.246
4 98 0.186
4 5 0.131
4 9 0.171
4 36 0.112
4 30 0.164
4 19 0.158
4 29 0.164
4 38 0.13
4 41 0.204
4 46 0.167
4 72 0.154
4 12 0.131
4 20 0.263
4 57 0.182
4 70 0.114
4 6 0.183
4 23 0.143
4 25 0.195
4 26 0.192
4 28 0.123
4 31 0.193
4 43 0.152
4 45 0.106
4 52 0.123
4 68 0.138
4 87 0.1
4 92 0.171
4 95 0.121
4 10 0.179
4 15 0.141
4 24 0.17
4 27 0.158
4 47 0.155
4 50 0.082
4 53 0.184
4 54 0.131
4 56 0.157
4 58 0.134
4 64 0.163
4 67 0.198
4 78 0.194
4 82 0.135
4 83 0.188
4 88 0.109
4 94 0.144
4 97 0.162
5 64 0.779
5 73 0.92
5 20 0.843
5 54 1
5 29 0.565
5 26 0.702
5 71 0.668
5 46 1
5 35 1
5 19 1
5 91 0.703
5 9 0.817
5 13 1
5 21 0.662
5 98 0.616
5 86 0.094
5 24 0.112
5 33 0.151
5 23 0.018
5 45 0.138
5 39 0.316
5 68 0.179
5 77 0.127
5 32 0.103
5 61 0.113
5 67 0.478
5 28 0.154
5 51 0.161
5 70 0.13
5 81 0.245
5 93 0.205
5 10 0.112
5 18 0.124
5 40 0.1
5 47 0.174
5 57 0.14
5 79 0.127
5 84 0.114
5 95 0.301
5 99 0.263
5 7 0.218
5 12 0.164
5 42 0.104
5 59 0.147
5 62 0.131
5 63 0.147
5 66 0.027
5 85 0.182
5 97 0.077
5 15 0.183
5 56 0.191
5 69 0.171
5 74 0.124
5 75 0.145
5 83 0.122
5 87 0.05
5 8 0.167
5 14 0.164
5 16 0.169
5 17 0.13
5 25 0.179
5 36 0.166
5 44 0.161
5 50 0.151
5 52 0.176
5 55 0.119
5 58 0.149
5 72 0.161
5 80 0.125
5 82 0.152
5 89 0.114
5 90 0.116
5 96 0.095
6 48 0.556
6 21 0.989
6 81 0.762
6 53 0.827
6 63 0.736
6 82 0.682
6 32 0.794
6 93 0.795
6 98 0.662
6 72 0.704
6 78 1
6 87 0.503
6 95 0.669
6 96 0.628
6 54 0.153
6 69 0.145
6 7 0.2
6 34 0.155
6 89 0.153
6 71 0.038
6 18 0.129
6 33 0.164
6 47 0.095
6 94 0.137
6 27 0.156
6 35 0.146
6 43 0.027
6 50 0.191
6 11 0.163
6 17 0.149
6 19 0.12
6 37 0.275
6 49 0.148
6 85 0.151
6 90 0.197
6 12 0.195
6 15 0.174
6 25 0.114
6 29 0.15
6 41 0.13
6 52 0.095
6 57 0.145
6 59 0.136
6 62 0.118
6 68 0.137
6 73 0.183
6 76 0.112
6 8 0.202
6 20 0.127
6 22 0.139
6 23 0.132
6 55 0.098
6 58 0.16
6 65 0.234
6 70 0.157
6 74 0.163
6 77 0.207
6 84 0.157
6 91 0.114
6 92 0.123
6 99 0.193
7 62 1
7 47 0.982
7 37 0.624
7 70 0.718
7 89 0.944
7 38 1
7 22 0.778
7 42 0.518
7 20 0.782
7 96 0.756
7 30 0.997
7 86 0.943
7 50 0.805
7 51 0.801
7 82 1
7 31 0.148
7 65 0.13
7 40 0.173
7 93 0.149
7 97 0.023
7 16 0.089
7 18 0.113
7 36 0.149
7 43 0.158
7 53 0.038
7 60 0.228
7 99 0.202
7 8 0.137
7 19 0.17
7 24 0.173
7 26 0.172
7 32 0.022
7 39 0.11
7 46 0.17
7 52 0.112
7 68 0.154
7 90 0.135
7 98 0.176
7 27 0.101
7 29 0.084
7 49 0.151
7 57 0.146
7 66 0.15
7 92 0.217
7 94 0.131
7 95 0.207
7 14 0.1
7 25 0.113
7 33 0.232
7 34 0.132
7 35 0.113
7 44 0.133
7 56 0.143
7 58 0.133
7 61 0.193
7 63 0.159
7 67 0.199
7 72 0.138
7 75 0.206
7 77 0.161
7 79 0.18
7 83 0.157
8 89 0.641
8 30 0.767
8 35 0.846
8 62 0.572
8 79 0.726
8 92 0.927
8 49 0.74
8 74 0.958
8 17 0.504
8 84 1
8 72 0.815
8 22 0.748
8 78 0.986
8 75 0.765
8 14 0.216
8 65 0.132
8 10 0.16
8 11 0.166
8 46 0.143
8 47 0.317
8 54 0.163
8 69 0.102
8 80 0.232
8 55 0.172
8 60 0.169
8 19 0.196
8 21 0.148
8 23 0.17
8 24 0.188
8 33 0.207
8 43 0.188
8 44 0.145
8 58 0.157
8 28 0.193
8 36 0.109
8 51 0.127
8 56 0.181
8 57 0.163
8 76 0.184
8 91 0.097
8 96 0.144
8 16 0.102
8 18 0.159
8 25 0.165
8 26 0.164
8 34 0.149
8 40 0.161
8 41 0.153
8 42 0.169
8 45 0.163
8 48 0.186
8 53 0.177
8 63 0.122
8 64 0.129
8 66 0.199
8 68 0.081
8 73 0.099
8 81 0.164
8 86 0.139
8 87 0.095
8 88 0.185
8 98 0.156
9 43 1
9 67 0.638
9 26 0.958
9 91 1
9 96 0.755
9 81 0.74
9 95 0.725
9 60 0.828
9 28 0.603
9 92 0.807
9 41 1
9 93 0.889
9 37 0.655
9 40 0.991
9 80 0.761
9 22 0.188
9 86 0.1
9 59 0.189
9 61 0.139
9 72 0.195
9 85 0.206
9 24 0.157
9 34 0.089
9 97 0.089
9 15 0.22
9 19 0.094
9 29 0.103
9 71 0.138
9 76 0.14
9 94 0.329
9 11 0.219
9 25 0.191
9 52 0.147
9 55 0.165
9 56 0.112
9 75 0.148
9 77 0.177
9 99 0.169
9 16 0.158
9 20 0.208
9 27 0.066
9 30 0.114
9 32 0.193
9 36 0.184
9 39 0.162
9 46 0.145
9 50 0.178
9 53 0.119
9 69 0.141
9 82 0.231
9 47 0.166
9 65 0.094
9 70 0.11
9 89 0.15
9 12 0.154
9 13 0.162
9 17 0.142
9 31 0.202
9 35 0.136
9 38 0.207
9 42 0.19
9 45 0.11
9 48 0.173
9 49 0.174
9 51 0.141
9 58 0.156
9 83 0.13
9 87 0.181
9 88 0.169
9 90 0.178
10 43 1
10 11 0.848
10 74 1
10 66 0.756
10 91 0.629
10 50 0.979
10 86 0.727
10 52 0.894
10 94 0.564
10 67 0.908
10 96 0.874
10 83 0.657
10 92 1
10 87 0.612
10 17 0.731
10 93 0.624
10 27 0.476
10 20 0.514
10 30 0.799
10 34 0.847
10 98 0.364
10 46 0.108
10 78 0.189
10 97 0.084
10 65 0.145
10 70 0.123
10 40 0.169
10 85 0.315
10 22 0.164
10 59 0.362
10 62 0.19
10 71 0.118
10 89 0.185
10 14 0.157
10 15 0.109
10 19 0.329
10 26 0.129
10 41 0.157
10 47 0.136
10 51 0.139
10 54 0.029
10 60 0.147
10 76 0.141
10 81 0.164
10 99 0.213
10 12 0.157
10 21 0.098
10 33 0.158
10 36 0.174
10 48 0.155
10 55 0.119
10 58 0.153
10 73 0.149
10 80 0.147
10 82 0.182
10 18 0.124
10 25 0.091
10 31 0.164
10 32 0.117
10 38 0.188
10 42 0.165
10 44 0.134
10 56 0.113
10 61 0.159
10 64 0.169
10 72 0.108
10 75 0.084
10 77 0.127
10 79 0.136
10 84 0.15
10 88 0.161
10 90 0.221
11 16 0.826
11 35 0.809
11 17 0.921
11 18 0.56
11 42 0.778
11 54 0.638
11 57 0.924
11 81 0.615
11 84 0.722
11 30 1
11 85 0.752
11 60 1
11 89 0.591
11 79 0.993
11 27 0.959
11 44 0.961
11 29 0.507
11 78 0.15
11 65 0.088
11 74 0.129
11 24 0.137
11 38 0.154
11 46 0.161
11 63 0.239
11 41 0.096
11 45 0.115
11 49 0.265
11 14 0.179
11 22 0.288
11 33 0.08
11 66 0.158
11 68 0.086
11 96 0.195
11 21 0.134
11 28 0.166
11 39 0.179
11 40 0.099
11 61 0.16
11 69 0.151
11 73 0.045
11 75 0.14
11 86 0.139
11 92 0.18
11 98 0.161
11 13 0.124
11 15 0.163
11 19 0.111
11 32 0.172
11 37 0.157
11 43 0.147
11 48 0.107
11 59 0.17
11 62 0.144
11 67 0.188
11 70 0.173
11 77 0.152
11 82 0.196
11 88 0.14
11 91 0.124
11 93 0.163
11 94 0.121
12 29 0.882
12 83 1
12 79 0.764
12 68 0.651
12 14 0.946
12 56 0.806
12 64 0.879
12 99 0.82
12 23 1
12 82 0.575
12 87 0.791
12 54 0.823
12 76 0.938
12 42 0.848
12 96 0.742
12 25 0.847
12 41 0.142
12 19 0.056
12 59 0.1
12 52 0.178
12 77 0.212
12 57 0.162
12 67 0.127
12 70 0.2
12 13 0.1
12 22 0.16
12 28 0.074
12 46 0.313
12 63 0.161
12 73 0.411
12 75 0.106
12 38 0.043
12 44 0.173
12 50 0.21
12 58 0.124
12 84 0.187
12 93 0.164
12 95 0.149
12 15 0.175
12 36 0.094
12 43 0.184
12 45 0.172
12 49 0.125
12 85 0.199
12 90 0.109
12 97 0.155
12 18 0.142
12 26 0.221
12 27 0.174
12 30 0.138
12 34 0.182
12 37 0.109
12 39 0.132
12 40 0.111
12 47 0.152
12 48 0.146
12 53 0.129
12 61 0.108
12 62 0.131
12 69 0.159
12 71 0.144
12 72 0.187
12 74 0.2
12 78 0.183
12 89 0.155
12 92 0.155
12 98 0.175
13 59 0.743
13 78 1
13 32 1
13 38 0.626
13 43 0.88
13 15 1
13 83 0.728
13 96 0.663
13 45 1
13 98 1
13 28 0.855
13 66 0.621
13 46 0.826
13 37 0.903
13 99 0.687
13 79 0.444
13 42 0.319
13 34 0.113
13 16 0.238
13 20 0.15
13 49 0.148
13 69 0.157
13 19 0.108
13 23 0.032
13 48 0.154
13 84 0.155
13 91 0.377
13 14 0.121
13 31 0.171
13 35 0.162
13 40 0.117
13 52 0.157
13 61 0.177
13 71 0.153
13 86 0.146
13 88 0.165
13 92 0.157
13 95 0.146
13 21 0.112
13 22 0.185
13 25 0.149
13 29 0.163
13 33 0.172
13 41 0.177
13 44 0.192
13 51 0.146
13 55 0.118
13 67 0.192
13 70 0.114
13 73 0.115
13 77 0.132
13 82 0.11
13 90 0.131
13 97 0.147
13 17 0.146
13 26 0.14
13 27 0.074
13 53 0.177
13 54 0.199
13 60 0.147
13 63 0.208
13 65 0.168
13 68 0.198
13 74 0.144
13 75 0.141
13 76 0.123
13 81 0.131
13 94 0.143
14 20 0.64
14 80 1
14 41 1
14 48 0.701
14 67 0.894
14 89 0.716
14 23 1
14 69 0.827
14 59 0.657
14 81 0.838
14 64 0.7
14 39 0.813
14 32 0.64
14 44 0.792
14 95 1
14 33 0.966
14 71 1
14 57 0.979
14 26 0.813
14 45 0.667
14 98 1
14 76 0.108
14 82 0.294
14 22 0.164
14 77 0.098
14 87 0.177
14 34 0.146
14 79 0.005
14 17 0.391
14 24 0.165
14 85 0.149
14 56 0.08
14 74 0.12
14 75 0.164
14 92 0.112
14 27 0.232
14 15 0.141
14 60 0.246
14 70 0.399
14 73 0.15
14 93 0.134
14 16 0.169
14 21 0.183
14 25 0.131
14 42 0.11
14 62 0.072
14 65 0.095
14 66 0.169
14 84 0.093
14 88 0.187
14 90 0.186
14 91 0.113
14 18 0.191
14 31 0.109
14 35 0.131
14 36 0.157
14 37 0.164
14 47 0.162
14 53 0.152
14 54 0.145
14 58 0.17
14 61 0.109
14 63 0.158
14 68 0.186
14 83 0.109
14 97 0.142
14 99 0.129
15 83 0.848
15 45 0.911
15 71 0.88
15 79 0.882
15 90 0.528
15 60 1
15 70 0.822
15 77 0.682
15 33 0.828
15 35 0.958
15 93 0.663
15 46 0.886
15 87 0.566
15 84 0.57
15 57 0.617
15 38 0.971
15 69 0.814
15 75 0.087
15 18 0.143
15 58 0.103
15 74 0.153
15 89 0.388
15 94 0.206
15 20 0.163
15 43 0.141
15 52 0.172
15 59 0.133
15 65 0.229
15 86 0.121
15 31 0.129
15 37 0.169
15 39 0.215
15 48 0.173
15 50 0.134
15 51 0.147
15 61 0.181
15 66 0.187
15 67 0.098
15 17 0.154
15 19 0.19
15 22 0.105
15 26 0.144
15 27 0.192
15 34 0.196
15 42 0.164
15 44 0.132
15 47 0.134
15 53 0.099
15 56 0.138
15 63 0.132
15 80 0.098
15 82 0.15
15 92 0.143
15 96 0.157
15 98 0.194
15 24 0.184
15 25 0.182
15 28 0.176
15 41 0.139
15 49 0.199
15 64 0.184
15 68 0.163
15 72 0.097
15 85 0.206
16 85 0.877
16 41 0.52
16 26 1
16 99 0.995
16 38 0.847
16 52 0.807
16 72 0.917
16 39 1
16 60 1
16 44 0.709
16 96 0.834
16 88 0.59
16 62 0.802
16 58 0.584
16 86 0.931
16 35 0.521
16 34 0.238
16 64 0.035
16 78 0.129
16 90 0.093
16 76 0.127
16 32 0.164
16 40 0.169
16 21 0.175
16 29 0.114
16 47 0.126
16 71 0.085
16 73 0.142
16 27 0.133
16 43 0.175
16 49 0.125
16 63 0.157
16 77 0.245
16 19 0.148
16 37 0.161
16 46 0.11
16 56 0.203
16 61 0.149
16 65 0.194
16 81 0.188
16 94 0.089
16 97 0.142
16 20 0.124
16 23 0.126
16 55 0.119
16 67 0.149
16 70 0.201
16 89 0.164
16 92 0.198
16 17 0.141
16 25 0.114
16 28 0.165
16 31 0.152
16 36 0.164
16 42 0.157
16 48 0.119
16 51 0.18
16 57 0.156
16 59 0.099
16 74 0.172
16 75 0.096
16 82 0.141
16 87 0.164
16 93 0.162
17 29 1
17 46 0.945
17 90 0.881
17 97 0.625
17 62 1
17 85 1
17 75 0.7
17 71 1.0
17 60 0.526
17 28 1
17 19 0.6
17 53 0.521
17 99 0.814
17 94 0.899
17 44 0.831
17 81 0.695
17 64 0.962
17 91 0.553
17 42 0.853
17 61 0.99
17 76 0.751
17 30 0.879
17 33 0.071
17 95 0.073
17 67 0.059
17 84 0.324
17 41 0.196
17 45 0.157
17 51 0.163
17 40 0.107
17 54 0.16
17 70 0.264
17 78 0.111
17 18 0.103
17 34 0.334
17 35 0.239
17 38 0.132
17 39 0.106
17 83 0.207
17 89 0.148
17 21 0.155
17 31 0.111
17 36 0.174
17 66 0.173
17 69 0.266
17 82 0.145
17 98 0.17
17 22 0.135
17 25 0.186
17 26 0.153
17 37 0.143
17 47 0.095
17 52 0.116
17 58 0.168
17 59 0.135
17 63 0.197
17 65 0.12
17 68 0.127
17 77 0.153
17 79 0.135
17 86 0.169
18 49 0.653
18 35 0.802
18 94 0.714
18 65 0.888
18 40 0.82
18 62 0.768
18 43 0.91
18 74 0.951
18 50 1
18 59 0.87
18 36 0.841
18 45 0.806
18 33 0.631
18 78 0.977
18 56 1
18 86 1
18 79 0.883
18 44 0.775
18 64 0.168
18 70 0.087
18 88 0.155
18 81 0.16
18 82 0.143
18 39 0.084
18 41 0.166
18 90 0.081
18 26 0.186
18 32 0.155
18 69 0.188
18 91 0.347
18 92 0.265
18 93 0.171
18 20 0.11
18 37 0.144
18 52 0.141
18 58 0.138
18 60 0.145
18 68 0.163
18 73 0.171
18 89 0.15
18 97 0.149
18 23 0.148
18 24 0.065
18 38 0.179
18 66 0.039
18 75 0.115
18 77 0.128
18 80 0.155
18 19 0.206
18 22 0.198
18 28 0.148
18 31 0.164
18 34 0.163
18 42 0.167
18 47 0.095
18 53 0.178
18 63 0.137
18 67 0.174
18 98 0.185
19 47 0.961
19 49 0.54
19 74 1
19 65 0.86
19 22 0.712
19 31 1
19 64 0.856
19 71 0.656
19 52 0.788
19 81 0.941
19 60 0.664
19 61 0.927
19 84 0.682
19 29 0.71
19 87 0.811
19 44 0.978
19 63 0.628
19 62 0.31
19 89 0.236
19 92 0.171
19 67 0.277
19 73 0.186
19 35 0.174
19 66 0.137
19 68 0.134
19 90 0.267
19 21 0.141
19 25 0.263
19 38 0.201
19 42 0.24
19 59 0.138
19 79 0.185
19 28 0.16
19 32 0.179
19 37 0.098
19 40 0.116
19 45 0.149
19 53 0.105
19 95 0.185
19 98 0.188
19 99 0.132
19 20 0.155
19 26 0.133
19 34 0.123
19 48 0.123
19 58 0.127
19 69 0.121
19 78 0.106
19 36 0.156
19 39 0.151
19 41 0.131
19 50 0.102
19 51 0.12
19 54 0.15
19 56 0.136
19 57 0.159
19 76 0.098
19 77 0.179
19 85 0.087
19 93 0.111
19 94 0.209
19 97 0.124
20 88 0.993
20 64 1
20 35 1
20 75 0.913
20 48 0.903
20 32 0.792
20 94 0.712
20 34 1
20 45 0.519
20 33 0.94
20 31 0.921
20 40 0.641
20 51 0.795
20 93 1
20 28 0.458
20 29 0.709
20 22 0.77
20 76 0.558
20 78 1
20 41 0.165
20 77 0.15
20 54 0.143
20 60 0.166
20 70 0.227
20 72 0.179
20 89 0.074
20 98 0.005
20 42 0.207
20 44 0.128
20 61 0.196
20 83 0.108
20 85 0.125
20 23 0.133
20 36 0.162
20 56 0.165
20 66 0.138
20 67 0.122
20 73 0.157
20 80 0.164
20 27 0.16
20 50 0.114
20 52 0.167
20 53 0.157
20 58 0.125
20 59 0.186
20 79 0.119
20 95 0.14
20 99 0.139
20 25 0.138
20 39 0.107
20 43 0.206
20 62 0.172
20 65 0.134
20 74 0.133
20 81 0.154
20 90 0.169
20 91 0.154
21 58 1
21 30 1
21 37 1
21 74 1
21 41 0.768
21 65 0.879
21 76 0.894
21 60 0.904
21 24 0.939
21 87 0.986
21 42 0.734
21 64 0.718
21 39 1
21 89 0.617
21 54 0.85
21 81 1
21 67 0.627
21 46 0.936
21 94 0.951
21 43 0.606
21 98 0.581
21 68 0.063
21 29 0.242
21 93 0.12
21 96 0.162
21 45 0.164
21 59 0.178
21 66 0.239
21 85 0.238
21 61 0.187
21 55 0.248
21 83 0.078
21 92 0.172
21 35 0.087
21 48 0.172
21 50 0.127
21 51 0.311
21 63 0.163
21 77 0.137
21 90 0.166
21 99 0.094
21 22 0.187
21 25 0.172
21 27 0.163
21 31 0.223
21 33 0.123
21 36 0.16
21 38 0.306
21 70 0.138
21 91 0.121
21 95 0.165
21 32 0.096
21 40 0.106
21 44 0.118
21 47 0.135
21 53 0.186
21 56 0.182
21 71 0.131
21 72 0.128
21 78 0.116
21 80 0.133
21 84 0.173
22 43 0.53
22 73 0.724
22 59 0.839
22 36 0.703
22 92 0.648
22 33 0.65
22 58 0.625
22 29 0.804
22 64 0.715
22 49 0.75
22 57 0.957
22 68 0.964
22 61 0.855
22 48 0.142
22 52 0.201
22 56 0.169
22 74 0.247
22 82 0.15
22 91 0.191
22 23 0.117
22 32 0.232
22 39 0.189
22 70 0.13
22 87 0.17
22 95 0.194
22 24 0.15
22 28 0.134
22 30 0.214
22 35 0.152
22 45 0.108
22 51 0.174
22 53 0.186
22 60 0.204
22 76 0.184
22 85 0.126
22 94 0.143
22 98 0.104
22 37 0.105
22 40 0.148
22 47 0.19
22 55 0.077
22 75 0.18
22 79 0.095
22 26 0.198
22 38 0.163
22 41 0.159
22 44 0.16
22 54 0.135
22 72 0.195
22 77 0.149
22 80 0.166
22 81 0.093
22 83 0.131
22 84 0.195
22 86 0.093
22 89 0.132
22 90 0.168
22 93 0.213
23 45 0.893
23 83 0.623
23 58 0.931
23 65 0.674
23 50 0.697
23 91 0.796
23 96 1
23 33 0.84
23 34 0.93
23 52 0.953
23 87 0.926
23 75 0.66
23 41 0.92
23 27 0.793
23 62 0.595
23 26 0.357
23 69 0.012
23 85 0.14
23 60 0.12
23 31 0.441
23 37 0.151
23 81 0.035
23 29 0.156
23 64 0.141
23 79 0.166
23 84 0.169
23 92 0.088
23 25 0.192
23 55 0.215
23 61 0.161
23 70 0.034
23 82 0.166
23 88 0.078
23 35 0.185
23 36 0.114
23 40 0.156
23 44 0.136
23 76 0.133
23 90 0.14
23 28 0.159
23 32 0.159
23 42 0.157
23 47 0.132
23 49 0.122
23 54 0.114
23 57 0.191
23 59 0.151
23 63 0.123
23 68 0.146
23 73 0.144
23 77 0.159
23 78 0.125
23 86 0.169
23 93 0.19
23 95 0.145
23 98 0.23
24 50 0.788
24 86 0.786
24 81 0.953
24 51 0.828
24 39 1
24 99 0.894
24 69 1
24 27 0.999
24 29 0.908
24 78 1
24 35 0.798
24 82 0.808
24 79 0.193
24 31 0.235
24 95 0.196
24 72 0.371
24 97 0.173
24 48 0.357
24 76 0.241
24 89 0.03
24 37 0.166
24 43 0.204
24 53 0.176
24 33 0.128
24 49 0.149
24 56 0.14
24 83 0.132
24 85 0.159
24 25 0.193
24 34 0.142
24 42 0.144
24 54 0.169
24 57 0.177
24 59 0.111
24 64 0.177
24 71 0.184
24 73 0.175
24 75 0.199
24 84 0.087
24 88 0.23
24 32 0.156
24 36 0.188
24 38 0.166
24 40 0.125
24 45 0.151
24 46 0.159
24 47 0.151
24 60 0.126
24 61 0.16
24 63 0.165
24 65 0.097
24 66 0.133
24 68 0.157
24 70 0.183
24 77 0.166
24 80 0.175
24 91 0.187
24 94 0.123
25 57 1
25 74 0.821
25 33 1
25 42 0.671
25 96 0.65
25 36 1
25 32 0.827
25 89 0.539
25 35 0.771
25 85 0.925
25 84 0.718
25 99 0.774
25 95 0.122
25 76 0.184
25 55 0.135
25 59 0.076
25 86 0.238
25 47 0.031
25 66 0.271
25 27 0.102
25 60 0.113
25 40 0.2
25 53 0.179
25 43 0.108
25 30 0.139
25 54 0.131
25 65 0.2
25 67 0.169
25 82 0.171
25 46 0.097
25 48 0.157
25 49 0.188
25 51 0.201
25 62 0.111
25 69 0.139
25 72 0.195
25 75 0.121
25 80 0.131
25 97 0.16
25 28 0.107
25 31 0.196
25 34 0.104
25 38 0.195
25 41 0.147
25 44 0.138
25 52 0.113
25 56 0.155
25 68 0.187
25 71 0.155
25 77 0.109
25 79 0.142
25 81 0.097
25 83 0.145
25 87 0.147
25 90 0.127
25 93 0.127
26 75 0.734
26 79 1
26 48 0.859
26 60 0.689
26 90 0.695
26 81 0.652
26 94 0.559
26 45 0.918
26 77 0.707
26 65 0.905
26 37 0.698
26 99 0.965
26 35 0.945
26 52 0.952
26 40 0.004
26 61 0.155
26 28 0.12
26 50 0.178
26 54 0.232
26 63 0.203
26 44 0.097
26 70 0.198
26 31 0.167
26 34 0.143
26 46 0.069
26 59 0.229
26 78 0.167
26 92 0.114
26 95 0.131
26 33 0.187
26 39 0.09
26 42 0.128
26 66 0.142
26 67 0.137
26 68 0.151
26 72 0.148
26 96 0.213
26 27 0.134
26 30 0.124
26 32 0.138
26 43 0.179
26 49 0.133
26 51 0.167
26 55 0.078
26 58 0.184
26 62 0.152
26 64 0.161
26 85 0.145
26 86 0.156
26 87 0.157
26 88 0.126
26 89 0.207
26 91 0.102
26 97 0.165
27 61 0.96
27 84 0.78
27 31 0.597
27 51 0.752
27 66 0.904
27 56 0.796
27 68 0.68
27 50 0.968
27 72 0.691
27 97 0.852
27 52 1
27 94 0.81
27 86 0.914
27 98 0.909
27 79 0.678
27 49 0.216
27 53 0.147
27 36 0.179
27 46 0.134
27 60 0.123
27 75 0.181
27 76 0.173
27 39 0.071
27 58 0.151
27 57 0.249
27 71 0.206
27 88 0.18
27 29 0.151
27 32 0.148
27 40 0.085
27 43 0.18
27 45 0.125
27 54 0.18
27 59 0.21
27 63 0.125
27 81 0.17
27 83 0.114
27 87 0.136
27 91 0.12
27 92 0.159
27 99 0.155
27 28 0.146
27 35 0.17
27 37 0.106
27 47 0.174
27 67 0.123
27 69 0.135
27 70 0.163
27 77 0.202
27 78 0.141
27 80 0.126
27 89 0.157
27 93 0.156
27 96 0.147
28 42 0.946
28 36 0.957
28 29 1
28 93 0.822
28 55 0.672
28 59 0.909
28 50 1
28 58 0.507
28 32 0.138
28 86 0.041
28 83 0.243
28 91 0.083
28 57 0.208
28 74 0.179
28 77 0.163
28 41 0.173
28 49 0.178
28 67 0.193
28 68 0.131
28 39 0.146
28 56 0.202
28 69 0.178
28 94 0.207
28 35 0.173
28 37 0.191
28 52 0.128
28 70 0.148
28 81 0.109
28 95 0.176
28 99 0.323
28 44 0.133
28 64 0.1
28 78 0.163
28 82 0.207
28 88 0.109
28 96 0.185
28 98 0.157
28 30 0.162
28 34 0.15
28 40 0.106
28 47 0.169
28 48 0.138
28 51 0.142
28 53 0.104
28 60 0.151
28 66 0.14
28 75 0.137
28 76 0.142
28 79 0.128
28 85 0.148
28 90 0.157
29 59 0.913
29 82 0.535
29 63 0.664
29 75 0.657
29 33 0.939
29 62 0.875
29 60 0.807
29 54 1
29 80 0.788
29 67 1
29 30 0.937
29 32 0.916
29 44 0.638
29 96 0.515
29 83 0.354
29 64 0.152
29 37 0.16
29 78 0.122
29 48 0.103
29 36 0.164
29 50 0.162
29 61 0.135
29 47 0.108
29 72 0.146
29 43 0.22
29 55 0.174
29 76 0.173
29 84 0.097
29 89 0.194
29 90 0.11
29 46 0.225
29 65 0.134
29 66 0.34
29 70 0.166
29 73 0.139
29 77 0.18
29 87 0.136
29 88 0.154
29 93 0.146
29 98 0.162
29 31 0.147
29 40 0.118
29 42 0.154
29 45 0.17
29 56 0.148
29 57 0.131
29 68 0.155
29 71 0.189
29 81 0.139
29 92 0.153
29 95 0.143
29 99 0.182
30 52 0.668
30 35 0.976
30 77 0.743
30 61 0.73
30 62 0.836
30 96 1
30 95 0.88
30 36 0.817
30 59 0.821
30 89 0.878
30 69 0.977
30 32 0.637
30 34 0.916
30 46 0.53
30 33 0.123
30 45 0.012
30 85 0.158
30 97 0.143
30 65 0.142
30 73 0.163
30 83 0.08
30 87 0.151
30 88 0.219
30 80 0.152
30 91 0.228
30 81 0.3
30 90 0.114
30 98 0.14
30 42 0.103
30 53 0.185
30 57 0.245
30 60 0.217
30 68 0.199
30 72 0.137
30 99 0.121
30 37 0.142
30 39 0.204
30 43 0.148
30 58 0.149
30 66 0.162
30 74 0.164
30 76 0.113
30 79 0.113
30 92 0.145
30 31 0.19
30 40 0.146
30 44 0.126
30 47 0.162
30 50 0.115
30 51 0.185
30 55 0.112
30 56 0.174
30 67 0.157
30 70 0.15
30 71 0.154
30 78 0.162
30 82 0.129
30 84 0.132
31 80 0.809
31 65 0.586
31 42 1
31 49 0.891
31 41 0.915
31 57 0.89
31 59 0.618
31 78 0.932
31 84 0.823
31 86 0.697
31 37 0.697
31 82 0.888
31 90 0.697
31 83 0.779
31 43 0.422
31 71 0.25
31 39 0.119
31 61 0.13
31 95 0.158
31 81 0.149
31 32 0.121
31 38 0.163
31 62 0.151
31 67 0.229
31 85 0.076
31 93 0.139
31 52 0.238
31 56 0.197
31 70 0.117
31 47 0.117
31 53 0.138
31 63 0.174
31 72 0.178
31 94 0.108
31 96 0.129
31 34 0.158
31 44 0.161
31 50 0.11
31 54 0.171
31 88 0.165
31 91 0.19
31 33 0.182
31 36 0.148
31 40 0.154
31 45 0.193
31 46 0.104
31 55 0.104
31 68 0.187
31 74 0.099
31 76 0.161
31 77 0.165
31 87 0.131
31 89 0.214
31 99 0.142
32 67 0.826
32 99 1
32 97 0.984
32 64 0.639
32 58 1
32 42 0.766
32 66 0.874
32 87 0.756
32 71 0.937
32 82 0.869
32 52 0.763
32 91 0.869
32 76 0.374
32 36 0.637
32 63 0.699
32 73 0.179
32 94 0.125
32 39 0.128
32 44 0.249
32 37 0.193
32 45 0.134
32 47 0.181
32 38 0.151
32 55 0.348
32 72 0.158
32 74 0.183
32 41 0.122
32 43 0.163
32 49 0.142
32 51 0.178
32 57 0.187
32 61 0.139
32 33 0.161
32 35 0.144
32 40 0.136
32 53 0.199
32 68 0.122
32 79 0.142
32 80 0.153
32 84 0.129
32 85 0.133
32 88 0.103
32 54 0.147
32 56 0.165
32 60 0.128
32 62 0.086
32 77 0.15
32 78 0.174
32 81 0.165
32 86 0.155
32 89 0.088
32 96 0.133
33 82 0.742
33 41 0.601
33 42 0.844
33 87 0.895
33 75 0.619
33 70 0.958
33 96 0.9
33 99 0.866
33 62 1.0
33 74 1
33 72 0.732
33 93 0.198
33 88 0.208
33 86 0.145
33 71 0.071
33 58 0.064
33 47 0.167
33 50 0.075
33 54 0.167
33 77 0.131
33 79 0.134
33 83 0.165
33 36 0.12
33 45 0.131
33 55 0.094
33 35 0.166
33 38 0.166
33 51 0.174
33 56 0.158
33 60 0.166
33 65 0.162
33 68 0.173
33 73 0.197
33 78 0.148
33 89 0.145
33 90 0.161
33 95 0.188
33 39 0.147
33 53 0.19
33 59 0.12
33 63 0.142
33 66 0.124
33 76 0.176
33 97 0.166
33 98 0.123
34 50 0.867
34 90 1
34 59 0.917
34 76 1
34 91 0.948
34 74 0.888
34 39 0.962
34 71 1
34 85 0.72
34 63 1
34 51 0.764
34 42 0.923
34 67 0.879
34 82 0.795
34 95 0.863
34 98 0.682
34 77 0.822
34 87 1
34 97 0.669
34 92 0.061
34 86 0.2
34 96 0.086
34 47 0.157
34 83 0.07
34 43 0.215
34 55 0.211
34 66 0.175
34 41 0.119
34 52 0.163
34 57 0.172
34 80 0.163
34 81 0.103
34 53 0.151
34 60 0.154
34 68 0.201
34 69 0.169
34 89 0.152
34 37 0.137
34 38 0.153
34 56 0.166
34 58 0.178
34 61 0.13
34 75 0.159
34 78 0.132
34 79 0.131
34 84 0.143
34 88 0.132
34 99 0.143
35 64 0.963
35 46 0.656
35 90 0.86
35 98 1
35 44 1
35 91 0.827
35 50 0.827
35 93 0.864
35 73 1
35 95 0.772
35 48 0.374
35 51 0.173
35 43 0.107
35 61 0.12
35 52 0.148
35 58 0.182
35 62 0.202
35 66 0.135
35 92 0.272
35 41 0.223
35 67 0.146
35 72 0.112
35 97 0.212
35 38 0.086
35 53 0.101
35 65 0.148
35 70 0.172
35 75 0.169
35 76 0.105
35 79 0.098
35 82 0.181
35 40 0.145
35 54 0.183
35 60 0.196
35 80 0.177
35 81 0.165
35 83 0.109
35 88 0.139
35 94 0.073
35 96 0.134
35 36 0.125
35 42 0.163
35 45 0.16
35 57 0.214
35 59 0.184
35 71 0.152
35 74 0.154
35 84 0.098
35 85 0.164
35 86 0.172
35 89 0.134
35 99 0.15
36 68 0.498
36 99 0.538
36 50 0.667
36 42 0.549
36 58 0.603
36 78 1
36 49 0.591
36 66 0.872
36 73 0.906
36 88 0.968
36 95 0.986
36 39 0.61
36 54 1
36 92 0.951
36 59 0.69
36 52 0.598
36 94 0.914
36 67 1
36 98 0.065
36 96 0.087
36 81 0.185
36 43 0.196
36 57 0.117
36 47 0.191
36 69 0.154
36 77 0.174
36 53 0.152
36 63 0.192
36 64 0.175
36 89 0.127
36 51 0.114
36 60 0.097
36 74 0.104
36 37 0.144
36 56 0.147
36 72 0.179
36 85 0.127
36 38 0.166
36 41 0.153
36 55 0.13
36 62 0.154
36 70 0.106
36 83 0.116
36 90 0.177
36 93 0.149
37 82 1
37 93 0.91
37 94 0.675
37 69 0.824
37 43 0.831
37 55 1
37 58 0.726
37 45 0.895
37 73 0.672
37 90 1
37 46 0.182
37 38 0.223
37 40 0.116
37 95 0.111
37 61 0.287
37 72 0.168
37 51 0.086
37 92 0.316
37 44 0.115
37 70 0.147
37 83 0.165
37 91 0.189
37 53 0.168
37 54 0.155
37 56 0.151
37 60 0.184
37 63 0.12
37 67 0.163
37 74 0.181
37 77 0.127
37 88 0.145
37 99 0.011
37 49 0.185
37 57 0.164
37 59 0.159
37 62 0.115
37 78 0.203
37 79 0.15
37 87 0.151
37 97 0.153
37 98 0.199
38 39 0.773
38 78 1
38 88 0.751
38 94 0.97
38 44 0.638
38 72 0.611
38 86 0.789
38 95 1
38 49 0.789
38 54 0.87
38 74 0.826
38 60 1
38 51 0.153
38 99 0.164
38 87 0.248
38 53 0.239
38 71 0.149
38 63 0.168
38 90 0.071
38 40 0.175
38 73 0.15
38 75 0.138
38 83 0.117
38 64 0.154
38 70 0.173
38 97 0.113
38 50 0.155
38 61 0.164
38 85 0.302
38 47 0.22
38 55 0.236
38 56 0.164
38 66 0.197
38 77 0.18
38 80 0.103
38 82 0.088
38 96 0.17
38 41 0.148
38 45 0.141
38 52 0.18
38 57 0.15
38 65 0.161
38 67 0.194
38 68 0.12
38 69 0.114
38 76 0.135
38 89 0.143
38 91 0.116
38 92 0.077
39 78 0.741
39 91 0.847
39 68 0.991
39 99 0.649
39 87 0.742
39 63 0.505
39 44 0.724
39 61 0.534
39 76 0.75
39 82 0.599
39 55 1
39 56 0.99
39 58 0.648
39 88 0.843
39 89 0.801
39 50 0.527
39 46 1
39 49 0.134
39 52 0.118
39 80 0.1
39 42 0.144
39 66 0.145
39 83 0.331
39 40 0.148
39 48 0.101
39 53 0.251
39 70 0.14
39 75 0.119
39 47 0.126
39 59 0.186
39 62 0.148
39 74 0.083
39 85 0.198
39 43 0.125
39 51 0.166
39 54 0.147
39 57 0.125
39 64 0.195
39 65 0.148
39 72 0.091
39 79 0.164
39 86 0.181
39 93 0.171
39 95 0.124
39 97 0.145
39 98 0.146
40 65 0.641
40 88 1
40 95 0.947
40 67 0.854
40 82 0.779
40 92 0.624
40 70 0.773
40 66 0.66
40 53 0.872
40 56 1
40 78 1
40 85 0.69
40 46 0.123
40 52 0.086
40 61 0.127
40 96 0.201
40 98 0.114
40 55 0.081
40 80 0.128
40 93 0.045
40 45 0.198
40 48 0.127
40 57 0.143
40 59 0.168
40 73 0.144
40 74 0.32
40 83 0.12
40 84 0.174
40 90 0.16
40 72 0.098
40 87 0.112
40 91 0.142
40 97 0.142
40 99 0.17
40 44 0.128
40 49 0.175
40 51 0.137
40 54 0.13
40 60 0.151
40 62 0.136
40 68 0.141
40 79 0.171
40 86 0.145
40 89 0.132
41 60 0.958
41 82 0.553
41 47 0.881
41 88 1
41 84 0.888
41 69 0.906
41 51 0.738
41 43 1
41 76 0.593
41 85 0.566
41 55 0.691
41 54 0.224
41 90 0.16
41 96 0.143
41 44 0.163
41 62 0.139
41 70 0.252
41 86 0.139
41 42 0.168
41 71 0.275
41 78 0.17
41 83 0.228
41 91 0.153
41 97 0.195
41 46 0.151
41 52 0.134
41 66 0.259
41 87 0.135
41 45 0.172
41 61 0.215
41 63 0.2
41 73 0.176
41 74 0.139
41 79 0.18
41 81 0.135
41 89 0.119
41 92 0.144
41 48 0.168
41 57 0.115
41 59 0.154
41 75 0.111
41 77 0.17
41 80 0.138
41 95 0.104
41 98 0.173
41 99 0.177
42 97 0.962
42 63 0.917
42 70 0.946
42 56 1
42 61 0.725
42 82 0.948
42 43 0.913
42 76 0.933
42 48 0.809
42 72 1
42 85 0.936
42 50 0.722
42 65 0.188
42 69 0.149
42 99 0.2
42 55 0.143
42 71 0.115
42 79 0.167
42 83 0.198
42 59 0.147
42 74 0.08
42 52 0.097
42 58 0.086
42 60 0.143
42 62 0.145
42 87 0.189
42 94 0.113
42 45 0.175
42 46 0.177
42 49 0.146
42 51 0.168
42 53 0.187
42 57 0.125
42 66 0.158
42 68 0.143
42 75 0.158
42 81 0.188
42 84 0.145
42 86 0.219
42 89 0.153
42 92 0.135
42 95 0.152
42 98 0.173
43 53 0.969
43 75 0.744
43 60 1
43 48 0.789
43 50 0.893
43 88 0.928
43 71 0.724
43 64 0.443
43 44 1
43 90 0.946
43 91 0.845
43 51 0.519
43 81 0.648
43 99 0.884
43 73 0.607
43 97 0.549
43 85 0.562
43 62 0.143
43 94 0.151
43 58 0.19
43 80 0.21
43 59 0.128
43 74 0.111
43 57 0.224
43 82 0.118
43 72 0.283
43 77 0.056
43 89 0.138
43 98 0.135
43 68 0.196
43 70 0.271
43 52 0.166
43 65 0.109
43 67 0.182
43 84 0.149
43 87 0.126
43 92 0.131
43 95 0.196
43 96 0.153
43 47 0.175
43 49 0.163
43 55 0.142
43 56 0.127
43 93 0.129
44 51 0.803
44 87 0.971
44 79 0.961
44 97 0.694
44 56 0.754
44 54 0.836
44 92 1
44 82 1
44 60 0.821
44 78 0.858
44 69 0.837
44 85 0.632
44 74 0.013
44 75 0.071
44 50 0.154
44 73 0.132
44 76 0.142
44 52 0.167
44 59 0.159
44 80 0.152
44 99 0.173
44 57 0.117
44 68 0.164
44 71 0.193
44 83 0.148
44 98 0.143
44 49 0.164
44 84 0.145
44 45 0.165
44 47 0.179
44 48 0.102
44 53 0.169
44 58 0.124
44 62 0.176
44 65 0.181
44 66 0.122
44 72 0.129
44 81 0.162
44 89 0.16
44 91 0.163
44 94 0.117
44 95 0.149
45 65 0.77
45 99 0.692
45 54 0.684
45 75 0.582
45 74 0.866
45 89 0.895
45 79 0.693
45 76 0.864
45 90 1
45 96 0.741
45 70 1
45 77 0.881
45 47 1
45 48 0.776
45 84 0.778
45 51 0.176
45 71 0.185
45 68 0.262
45 94 0.136
45 59 0.141
45 60 0.125
45 86 0.17
45 98 0.135
45 46 0.211
45 56 0.157
45 95 0.146
45 58 0.178
45 67 0.138
45 82 0.111
45 87 0.188
45 93 0.157
45 97 0.212
45 52 0.148
45 66 0.178
45 69 0.156
45 80 0.176
45 88 0.082
45 91 0.127
45 50 0.123
45 53 0.17
45 57 0.206
45 61 0.167
45 63 0.129
45 64 0.089
45 92 0.149
46 91 1
46 48 0.753
46 62 0.657
46 89 0.981
46 94 0.944
46 49 0.688
46 50 0.933
46 79 0.897
46 65 1
46 81 0.641
46 99 1
46 73 0.882
46 90 0.268
46 60 0.123
46 82 0.169
46 53 0.249
46 71 0.148
46 86 0.049
46 67 0.032
46 47 0.152
46 75 0.177
46 96 0.18
46 97 0.159
46 51 0.171
46 52 0.162
46 66 0.117
46 68 0.128
46 74 0.144
46 92 0.192
46 55 0.183
46 57 0.167
46 59 0.15
46 63 0.094
46 69 0.148
46 77 0.198
46 85 0.057
46 98 0.173
47 74 0.77
47 97 0.673
47 84 0.523
47 86 0.891
47 57 0.824
47 78 0.744
47 61 1
47 58 0.841
47 79 0.739
47 90 0.736
47 68 0.677
47 81 0.151
47 71 0.017
47 83 0.133
47 67 0.115
47 93 0.158
47 53 0.146
47 50 0.202
47 54 0.177
47 60 0.133
47 65 0.107
47 51 0.151
47 75 0.176
47 87 0.133
47 95 0.151
47 56 0.168
47 88 0.174
47 92 0.182
47 49 0.209
47 62 0.167
47 64 0.121
47 70 0.139
47 72 0.142
47 76 0.163
47 77 0.175
47 85 0.183
47 94 0.112
47 98 0.145
47 99 0.14
48 61 1
48 95 0.864
48 68 0.847
48 73 0.921
48 79 0.543
48 81 1
48 90 0.771
48 84 0.662
48 54 0.593
48 98 0.731
48 87 0.983
48 66 0.116
48 75 0.013
48 96 0.151
48 63 0.136
48 64 0.216
48 58 0.167
48 65 0.173
48 74 0.147
48 92 0.112
48 94 0.019
48 56 0.131
48 70 0.123
48 71 0.076
48 85 0.117
48 91 0.102
48 49 0.129
48 67 0.203
48 72 0.172
48 78 0.086
48 83 0.162
48 86 0.149
48 50 0.16
48 51 0.148
48 53 0.133
48 57 0.164
48 59 0.121
48 76 0.143
48 77 0.182
48 82 0.142
48 89 0.137
48 99 0.141
49 57 1
49 59 0.965
49 78 0.99
49 88 0.88
49 63 0.99
49 70 0.947
49 56 0.97
49 53 0.186
49 96 0.332
49 62 0.098
49 92 0.087
49 98 0.149
49 58 0.131
49 67 0.167
49 87 0.099
49 94 0.165
49 52 0.154
49 64 0.147
49 72 0.106
49 75 0.111
49 80 0.129
49 97 0.132
49 55 0.057
49 69 0.064
49 71 0.115
49 76 0.165
49 77 0.201
49 90 0.149
49 93 0.153
49 95 0.159
49 51 0.208
49 54 0.189
49 61 0.181
49 68 0.194
49 74 0.149
49 82 0.098
49 83 0.156
49 84 0.177
49 86 0.167
49 89 0.112
49 91 0.134
49 99 0.086
50 95 0.727
50 69 0.68
50 66 0.719
50 78 0.869
50 62 0.631
50 75 0.698
50 53 0.85
50 70 0.15
50 67 0.071
50 71 0.321
50 58 0.135
50 61 0.166
50 73 0.142
50 84 0.117
50 59 0.106
50 63 0.179
50 65 0.167
50 68 0.12
50 77 0.129
50 79 0.149
50 81 0.199
50 89 0.173
50 91 0.196
50 94 0.065
50 55 0.138
50 82 0.11
50 88 0.122
50 98 0.163
50 54 0.147
50 60 0.18
50 72 0.152
50 80 0.17
50 85 0.187
50 86 0.211
50 87 0.108
50 93 0.217
50 96 0.192
50 97 0.155
51 58 0.758
51 76 0.661
51 65 0.633
51 74 0.916
51 84 1
51 91 0.941
51 82 0.753
51 77 1
51 70 1
51 79 0.989
51 83 0.866
51 86 0.963
51 73 1
51 60 0.47
51 56 0.09
51 64 0.233
51 55 0.087
51 90 0.13
51 94 0.16
51 59 0.194
51 63 0.136
51 98 0.183
51 52 0.152
51 69 0.184
51 75 0.222
51 78 0.167
51 80 0.285
51 87 0.12
51 57 0.123
51 61 0.14
51 68 0.121
51 71 0.181
51 72 0.19
51 88 0.172
51 89 0.132
51 93 0.098
51 95 0.13
51 96 0.155
52 73 0.512
52 55 1
52 56 0.724
52 83 0.926
52 84 0.579
52 82 0.691
52 89 0.67
52 60 0.714
52 57 0.889
52 78 0.796
52 80 1
52 86 0.581
52 69 0.195
52 91 0.226
52 67 0.17
52 77 0.176
52 59 0.236
52 71 0.107
52 74 0.122
52 81 0.095
52 85 0.143
52 68 0.415
52 75 0.105
52 93 0.113
52 99 0.18
52 63 0.119
52 64 0.156
52 70 0.151
52 72 0.121
52 87 0.176
52 95 0.139
52 97 0.143
52 98 0.106
52 54 0.184
52 58 0.175
52 66 0.117
52 79 0.174
52 90 0.174
52 96 0.137
53 67 1
53 76 0.892
53 69 0.863
53 57 0.875
53 78 1
53 81 0.935
53 55 0.792
53 75 0.85
53 89 0.606
53 64 0.185
53 97 0.155
53 63 0.182
53 72 0.132
53 83 0.125
53 92 0.121
53 61 0.18
53 93 0.139
53 99 0.179
53 54 0.145
53 62 0.165
53 90 0.165
53 91 0.158
53 56 0.168
53 82 0.13
53 84 0.147
53 86 0.134
53 94 0.178
53 59 0.192
53 65 0.147
53 66 0.136
53 68 0.123
53 71 0.192
53 74 0.167
53 77 0.095
53 88 0.15
53 98 0.167
54 76 1
54 77 0.809
54 84 1
54 62 0.759
54 88 0.646
54 78 0.67
54 92 0.119
54 60 0.134
54 67 0.139
54 87 0.13
54 93 0.148
54 58 0.104
54 59 0.18
54 72 0.11
54 79 0.135
54 56 0.116
54 80 0.209
54 85 0.122
54 55 0.126
54 57 0.164
54 65 0.147
54 71 0.033
54 73 0.157
54 75 0.136
54 94 0.111
54 97 0.143
54 61 0.131
54 81 0.189
54 90 0.124
54 99 0.151
55 79 1
55 83 0.809
55 67 0.794
55 96 1
55 64 1
55 56 0.927
55 95 0.771
55 72 0.92
55 78 0.725
55 61 0.153
55 80 0.148
55 74 0.174
55 98 0.101
55 59 0.246
55 62 0.167
55 65 0.138
55 70 0.179
55 76 0.187
55 69 0.157
55 73 0.161
55 82 0.061
55 88 0.203
55 89 0.167
55 90 0.133
55 91 0.172
55 57 0.117
55 58 0.13
55 68 0.124
55 94 0.175
55 97 0.178
56 77 0.839
56 92 0.844
56 85 1
56 80 1
56 61 1
56 62 0.161
56 86 0.171
56 78 0.105
56 97 0.134
56 63 0.194
56 64 0.148
56 67 0.131
56 69 0.17
56 83 0.131
56 87 0.13
56 58 0.147
56 59 0.181
56 65 0.21
56 73 0.252
56 75 0.134
56 89 0.144
56 90 0.187
56 57 0.168
56 70 0.135
56 71 0.15
56 74 0.14
56 84 0.161
56 91 0.171
57 84 0.707
57 59 1
57 75 1
57 72 0.831
57 71 0.785
57 78 0.893
57 69 0.632
57 95 0.174
57 77 0.116
57 67 0.149
57 58 0.036
57 87 0.173
57 89 0.107
57 61 0.213
57 91 0.119
57 60 0.164
57 63 0.139
57 65 0.13
57 79 0.174
57 81 0.133
57 92 0.144
57 93 0.13
57 99 0.027
57 62 0.125
57 66 0.146
57 68 0.13
57 70 0.187
57 82 0.135
57 83 0.187
57 85 0.126
57 90 0.124
57 94 0.09
57 96 0.178
57 97 0.146
58 63 0.874
58 74 0.981
58 81 0.894
58 95 0.564
58 94 0.19
58 68 0.207
58 88 0.163
58 99 0.187
58 61 0.18
58 70 0.188
58 77 0.175
58 87 0.078
58 85 0.185
58 91 0.178
58 72 0.128
58 73 0.185
58 79 0.191
58 83 0.218
58 62 0.176
58 67 0.214
58 71 0.188
58 75 0.217
58 82 0.159
58 86 0.138
58 89 0.146
58 90 0.168
58 92 0.15
58 96 0.169
59 81 0.706
59 73 0.926
59 85 0.738
59 63 0.696
59 80 1
59 72 0.151
59 78 0.115
59 92 0.191
59 68 0.137
59 64 0.133
59 87 0.173
59 98 0.221
59 74 0.124
59 88 0.203
59 91 0.184
59 70 0.19
59 89 0.14
59 93 0.147
59 60 0.153
59 61 0.117
59 65 0.032
59 76 0.106
59 82 0.111
59 84 0.178
59 94 0.132
59 96 0.135
59 62 0.144
59 67 0.091
59 77 0.173
59 79 0.145
59 83 0.193
59 86 0.138
60 92 0.899
60 67 1
60 72 0.623
60 96 1
60 73 0.79
60 61 0.208
60 84 0.064
60 78 0.126
60 71 0.122
60 87 0.189
60 94 0.147
60 64 0.148
60 66 0.188
60 69 0.154
60 79 0.164
60 83 0.163
60 90 0.086
60 91 0.185
60 95 0.248
60 70 0.172
60 74 0.142
60 97 0.067
60 98 0.141
60 62 0.097
60 63 0.153
60 75 0.137
60 80 0.153
60 85 0.155
60 88 0.06
60 93 0.102
61 88 0.929
61 63 0.977
61 62 0.742
61 76 0.865
61 81 0.643
61 78 0.188
61 64 0.157
61 82 0.248
61 69 0.184
61 75 0.178
61 74 0.15
61 84 0.136
61 98 0.168
61 66 0.2
61 93 0.178
61 95 0.102
61 67 0.2
61 68 0.154
61 70 0.148
61 65 0.128
61 71 0.167
61 73 0.14
61 77 0.149
61 79 0.108
61 80 0.159
61 83 0.17
61 85 0.177
61 91 0.093
61 96 0.143
61 97 0.183
62 88 0.981
62 69 0.597
62 86 0.608
62 87 1
62 83 0.197
62 63 0.006
62 71 0.145
62 73 0.133
62 95 0.198
62 79 0.228
62 65 0.207
62 67 0.091
62 78 0.134
62 99 0.137
62 75 0.146
62 64 0.188
62 66 0.191
62 77 0.12
62 80 0.228
62 81 0.174
62 82 0.163
62 84 0.182
62 85 0.194
62 89 0.136
62 91 0.151
62 94 0.206
62 97 0.109
63 98 0.764
63 74 0.898
63 99 0.626
63 93 0.893
63 73 0.982
63 67 0.608
63 76 0.691
63 96 0.219
63 97 0.253
63 81 0.099
63 95 0.185
63 69 0.174
63 77 0.142
63 79 0.172
63 82 0.146
63 91 0.14
63 66 0.189
63 78 0.303
63 83 0.111
63 90 0.149
63 65 0.119
63 72 0.097
63 88 0.114
63 89 0.133
63 92 0.092
63 68 0.154
63 70 0.108
63 75 0.129
63 84 0.153
64 72 1
64 95 0.918
64 87 0.902
64 69 0.639
64 78 0.679
64 68 0.915
64 96 0.334
64 98 0.152
64 70 0.221
64 71 0.181
64 81 0.133
64 91 0.162
64 86 0.16
64 88 0.161
64 93 0.148
64 99 0.158
64 66 0.14
64 76 0.065
64 82 0.13
64 90 0.154
64 92 0.181
64 83 0.183
64 89 0.149
65 85 0.791
65 66 0.973
65 84 0.784
65 99 0.696
65 73 1
65 68 1
65 77 0.081
65 79 0.127
65 72 0.057
65 76 0.147
65 90 0.201
65 83 0.28
65 89 0.141
65 94 0.18
65 67 0.199
65 82 0.208
65 86 0.116
65 92 0.155
65 96 0.145
65 97 0.21
65 81 0.169
65 91 0.124
65 95 0.116
66 89 0.831
66 85 0.936
66 80 0.877
66 77 0.967
66 78 0.861
66 96 1
66 72 0.672
66 69 0.139
66 75 0.149
66 92 0.161
66 70 0.194
66 83 0.134
66 94 0.127
66 99 0.201
66 68 0.15
66 74 0.164
66 84 0.302
66 88 0.212
66 91 0.158
66 97 0.164
66 71 0.153
66 79 0.152
66 81 0.167
66 82 0.136
66 95 0.162
66 98 0.188
67 83 1
67 98 1
67 89 0.701
67 93 0.623
67 86 0.837
67 79 0.926
67 90 0.931
67 75 0.178
67 70 0.122
67 78 0.169
67 69 0.11
67 87 0.139
67 72 0.131
67 76 0.125
67 81 0.159
67 84 0.128
67 71 0.16
67 85 0.187
67 88 0.077
67 91 0.145
67 92 0.156
67 94 0.128
67 96 0.175
68 97 1
68 88 0.943
68 72 0.554
68 76 0.816
68 71 0.779
68 86 0.533
68 79 0.67
68 98 0.848
68 96 0.227
68 95 0.155
68 73 0.16
68 87 0.094
68 85 0.176
68 92 0.056
68 69 0.163
68 70 0.104
68 74 0.13
68 78 0.154
68 80 0.202
68 83 0.154
68 91 0.141
68 93 0.228
68 94 0.149
69 74 0.735
69 97 0.609
69 80 0.839
69 91 0.097
69 73 0.154
69 84 0.16
69 92 0.149
69 72 0.155
69 78 0.131
69 79 0.095
69 85 0.13
69 75 0.138
69 81 0.109
69 90 0.142
69 94 0.172
69 98 0.161
69 99 0.16
69 70 0.174
69 76 0.154
69 82 0.173
69 83 0.161
69 93 0.14
69 95 0.113
70 94 0.676
70 85 0.594
70 96 1
70 95 1
70 86 0.775
70 77 0.858
70 99 0.932
70 97 0.017
70 84 0.198
70 80 0.152
70 87 0.125
70 93 0.142
70 90 0.116
70 92 0.064
70 78 0.127
70 71 0.134
70 73 0.143
70 75 0.155
70 79 0.176
70 81 0.17
70 82 0.133
70 83 0.201
70 88 0.163
70 91 0.146
70 98 0.158
71 93 0.579
71 90 1
71 79 0.966
71 95 0.922
71 88 0.752
71 77 0.982
71 78 1
71 81 0.208
71 73 0.191
71 80 0.099
71 74 0.182
71 82 0.183
71 94 0.162
71 75 0.097
71 76 0.174
71 72 0.193
71 83 0.181
71 86 0.155
71 87 0.254
71 91 0.189
71 92 0.177
71 98 0.17
71 99 0.122
72 98 0.95
72 74 0.7
72 95 0.197
72 81 0.609
72 92 0.57
72 87 0.797
72 88 0.988
72 83 0.14
72 79 0.134
72 89 0.17
72 94 0.013
72 93 0.126
72 86 0.117
72 75 0.171
72 97 0.111
72 76 0.208
72 77 0.19
72 84 0.173
72 85 0.196
72 99 0.136
73 93 1
73 74 0.604
73 90 0.628
73 75 0.111
73 78 0.111
73 95 0.198
73 77 0.23
73 80 0.099
73 86 0.128
73 94 0.192
73 96 0.16
73 97 0.131
73 99 0.121
73 76 0.151
73 83 0.192
73 84 0.237
73 85 0.118
73 87 0.173
73 91 0.18
73 98 0.095
74 90 1
74 76 0.563
74 83 0.665
74 84 0.792
74 91 0.812
74 96 0.606
74 88 0.165
74 77 0.099
74 86 0.175
74 78 0.194
74 80 0.093
74 99 0.168
74 79 0.144
74 81 0.031
74 82 0.196
74 92 0.155
74 75 0.164
74 87 0.171
74 89 0.125
74 95 0.138
74 97 0.149
74 98 0.131
75 84 0.63
75 79 0.935
75 86 0.956
75 98 0.301
75 93 0.127
75 99 0.307
75 81 0.128
75 82 0.18
75 91 0.158
75 88 0.103
75 78 0.19
75 89 0.174
75 92 0.134
75 95 0.138
75 97 0.156
76 87 1
76 88 0.638
76 86 0.89
76 95 0.892
76 84 0.544
76 79 0.824
76 77 0.826
76 91 0.604
76 94 0.145
76 89 0.154
76 92 0.196
76 82 0.124
76 90 0.157
76 97 0.12
76 99 0.137
76 78 0.163
76 80 0.147
76 93 0.177
76 96 0.173
76 98 0.13
77 93 0.586
77 87 0.893
77 83 0.834
77 91 0.938
77 92 0.912
77 98 0.304
77 84 0.167
77 85 0.231
77 78 0.176
77 81 0.303
77 96 0.181
77 86 0.127
77 79 0.196
77 80 0.184
77 89 0.155
77 95 0.103
78 90 0.534
78 99 0.696
78 96 0.534
78 87 0.923
78 94 0.757
78 97 0.667
78 82 0.812
78 83 0.643
78 98 0.152
78 79 0.127
78 84 0.136
78 95 0.094
78 92 0.136
78 81 0.151
78 85 0.165
78 89 0.162
78 91 0.157
78 93 0.158
79 91 0.793
79 87 0.851
79 93 0.771
79 97 0.854
79 82 0.777
79 88 0.104
79 81 0.16
79 85 0.103
79 86 0.197
79 90 0.156
79 83 0.176
79 89 0.121
79 95 0.197
79 84 0.108
79 92 0.166
79 96 0.127
79 98 0.115
79 99 0.131
80 94 0.801
80 88 0.903
80 93 1
80 92 0.17
80 81 0.205
80 98 0.125
80 82 0.138
80 85 0.154
80 97 0.164
80 87 0.143
80 90 0.163
80 84 0.182
80 95 0.108
80 99 0.15
81 86 0.771
81 83 0.803
81 85 0.95
81 96 0.166
81 90 0.202
81 91 0.133
81 89 0.176
81 87 0.14
81 88 0.133
81 92 0.158
81 94 0.082
81 98 0.131
82 86 0.619
82 98 0.689
82 96 0.118
82 84 0.241
82 92 0.184
82 95 0.14
82 99 0.148
82 91 0.157
82 93 0.154
82 83 0.191
82 88 0.149
82 89 0.16
82 90 0.144
82 94 0.228
82 97 0.152
83 98 0.845
83 91 1
83 93 0.517
83 96 0.84
83 92 0.707
83 99 1
83 90 0.161
83 86 0.164
83 87 0.148
83 88 0.139
83 89 0.158
83 85 0.124
84 85 0.845
84 98 0.753
84 92 0.838
84 87 0.084
84 99 0.133
84 94 0.181
84 89 0.178
84 95 0.167
84 97 0.159
84 86 0.149
85 86 0.99
85 96 0.11
85 91 0.125
85 87 0.177
85 92 0.138
85 89 0.166
85 88 0.169
85 95 0.132
85 93 0.21
85 94 0.125
85 97 0.167
86 95 0.937
86 91 0.182
86 97 0.26
86 89 0.2
86 93 0.135
86 98 0.157
86 87 0.163
86 90 0.192
86 94 0.133
86 96 0.16
87 89 1
87 92 0.824
87 90 0.783
87 97 0.116
87 91 0.111
87 94 0.152
87 95 0.187
87 96 0.136
87 88 0.159
88 89 0.932
88 93 0.899
88 91 0.679
88 98 0.195
88 92 0.156
88 95 0.145
88 97 0.179
88 90 0.142
88 94 0.128
88 96 0.179
89 99 0.796
89 95 0.191
89 97 0.149
89 93 0.13
89 96 0.132
89 91 0.159
89 94 0.12
89 98 0.089
90 95 0.806
90 91 0.142
90 93 0.146
90 99 0.137
90 92 0.395
90 98 0.147
90 97 0.14
91 96 1
91 93 0.607
91 98 0.737
91 92 0.144
91 95 0.229
91 97 0.203
91 99 0.138
92 95 1
92 93 0.147
92 98 0.066
92 99 0.161
92 94 0.132
93 94 0.554
93 98 0.167
93 97 0.17
93 99 0.135
93 95 0.16
94 95 0.639
94 96 0.259
94 98 0.329
94 99 0.343
95 98 0.148
95 99 0.112
95 96 0.089
96 99 0.079
96 97 0.122
96 98 0.122
97 98 0.706
98 99 0.898
