0 77 0.853
0 66 0.849
0 68 0.907
0 34 0.826
0 18 0.883
0 15 0.222
0 13 0.16
0 16 0.064
0 64 0.23
0 6 0.111
0 8 0.148
0 23 0.28
0 29 0.125
0 39 0.18
0 40 0.087
0 44 0.189
0 50 0.137
0 4 0.135
0 5 0.165
0 9 0.141
0 10 0.169
0 14 0.134
0 19 0.249
0 20 0.112
0 22 0.105
0 24 0.165
0 28 0.078
0 30 0.243
0 38 0.141
0 42 0.181
0 54 0.171
0 55 0.154
0 57 0.187
0 59 0.132
0 63 0.177
0 70 0.136
0 71 0.104
0 73 0.209
0 78 0.14
0 79 0.156
0 80 0.184
0 81 0.181
0 82 0.19
0 84 0.146
0 86 0.161
0 91 0.165
0 92 0.163
0 94 0.168
0 95 0.152
0 97 0.124
0 98 0.144
0 99 0.173
1 43 0.802
1 39 0.83
1 4 0.549
1 32 0.506
1 18 0.683
1 23 1
1 17 1
1 81 0.77
1 47 0.91
1 62 0.122
1 38 0.073
1 9 0.306
1 36 0.081
1 54 0.071
1 80 0.249
1 8 0.198
1 50 0.187
1 56 0.109
1 61 0.038
1 67 0.019
1 88 0.174
1 6 0.176
1 7 0.164
1 10 0.125
1 11 0.134
1 12 0.126
1 21 0.17
1 22 0.149
1 24 0.086
1 25 0.164
1 26 0.137
1 27 0.171
1 46 0.155
1 51 0.13
1 53 0.179
1 55 0.138
1 57 0.167
1 60 0.122
1 63 0.118
1 65 0.183
1 68 0.108
1 69 0.172
1 70 0.134
1 71 0.186
1 74 0.15
1 78 0.156
1 79 0.116
1 82 0.126
1 83 0.137
1 87 0.141
1 90 0.134
1 91 0.167
1 94 0.142
2 96 0.91
2 29 0.947
2 58 0.818
2 80 0.654
2 87 0.555
2 56 0.589
2 21 0.396
2 9 0.074
2 20 0.094
2 25 0.046
2 38 0.192
2 44 0.099
2 57 0.098
2 65 0.197
2 76 0.105
2 88 0.104
2 89 0.115
2 3 0.143
2 5 0.13
2 7 0.135
2 15 0.188
2 27 0.159
2 30 0.12
2 31 0.191
2 34 0.153
2 35 0.16
2 40 0.092
2 45 0.146
2 48 0.186
2 52 0.154
2 53 0.108
2 54 0.162
2 59 0.13
2 61 0.173
2 62 0.155
2 64 0.211
2 66 0.145
2 67 0.182
2 70 0.135
2 73 0.052
2 74 0.119
2 78 0.182
2 81 0.12
2 82 0.145
2 83 0.131
2 84 0.111
2 85 0.162
2 86 0.169
2 93 0.159
2 97 0.173
3 84 0.916
3 97 0.733
3 58 1
3 96 1
3 62 0.554
3 33 0.217
3 56 0.087
3 53 0.246
3 72 0.013
3 18 0.312
3 40 0.102
3 78 0.082
3 81 0.149
3 83 0.162
3 88 0.173
3 10 0.16
3 12 0.194
3 15 0.163
3 20 0.147
3 21 0.129
3 26 0.141
3 27 0.118
3 28 0.173
3 46 0.112
3 48 0.168
3 49 0.151
3 52 0.138
3 55 0.123
3 60 0.198
3 67 0.174
3 69 0.163
3 70 0.159
3 71 0.191
3 73 0.149
3 74 0.171
3 82 0.173
3 85 0.142
3 91 0.121
3 92 0.153
3 94 0.175
3 99 0.14
4 17 0.865
4 99 0.751
4 55 0.993
4 35 0.641
4 69 0.887
4 24 0.95
4 57 0.979
4 11 0.159
4 53 0.202
4 64 0.11
4 72 0.169
4 93 0.165
4 7 0.096
4 40 0.149
4 46 0.162
4 50 0.097
4 52 0.152
4 63 0.323
4 67 0.158
4 76 0.137
4 84 0.1
4 86 0.039
4 88 0.145
4 98 0.154
4 8 0.189
4 9 0.144
4 13 0.131
4 16 0.129
4 19 0.142
4 20 0.148
4 21 0.165
4 22 0.131
4 28 0.12
4 30 0.196
4 31 0.152
4 42 0.126
4 59 0.141
4 61 0.162
4 62 0.122
4 65 0.152
4 78 0.138
4 80 0.141
4 87 0.155
4 89 0.124
4 91 0.116
4 92 0.162
5 46 0.618
5 19 0.765
5 44 0.674
5 72 0.881
5 29 0.567
5 21 0.038
5 93 0.242
5 22 0.161
5 80 0.136
5 25 0.163
5 39 0.191
5 45 0.149
5 47 0.173
5 53 0.255
5 61 0.136
5 89 0.18
5 96 0.127
5 99 0.164
5 6 0.13
5 7 0.184
5 10 0.135
5 11 0.151
5 12 0.182
5 18 0.147
5 24 0.18
5 28 0.142
5 31 0.174
5 32 0.145
5 35 0.184
5 38 0.137
5 40 0.161
5 42 0.115
5 49 0.185
5 50 0.167
5 51 0.209
5 55 0.152
5 62 0.085
5 66 0.084
5 70 0.165
5 73 0.191
5 76 0.148
5 77 0.109
5 81 0.138
5 87 0.125
5 92 0.118
5 97 0.164
6 10 0.615
6 77 0.777
6 85 0.026
6 21 0.195
6 24 0.149
6 47 0.104
6 65 0.186
6 12 0.14
6 14 0.192
6 16 0.2
6 18 0.164
6 20 0.131
6 23 0.156
6 26 0.217
6 27 0.194
6 29 0.128
6 31 0.165
6 32 0.113
6 38 0.141
6 39 0.15
6 43 0.175
6 46 0.183
6 48 0.098
6 50 0.174
6 56 0.192
6 57 0.151
6 58 0.126
6 61 0.141
6 62 0.081
6 64 0.072
6 66 0.196
6 69 0.134
6 71 0.163
6 73 0.159
6 74 0.123
6 81 0.162
6 83 0.191
6 90 0.146
6 94 0.138
6 95 0.146
6 97 0.154
7 47 0.799
7 38 0.763
7 22 0.843
7 96 0.975
7 86 1
7 51 1
7 92 0.221
7 74 0.339
7 68 0.048
7 13 0.128
7 17 0.168
7 18 0.133
7 58 0.164
7 84 0.161
7 11 0.147
7 14 0.131
7 19 0.186
7 21 0.215
7 25 0.182
7 26 0.145
7 27 0.15
7 30 0.147
7 31 0.19
7 34 0.144
7 35 0.14
7 37 0.095
7 39 0.098
7 40 0.133
7 48 0.143
7 50 0.189
7 53 0.13
7 59 0.158
7 62 0.161
7 63 0.135
7 66 0.184
7 69 0.127
7 72 0.122
7 75 0.162
7 77 0.168
7 79 0.174
7 81 0.19
7 83 0.181
7 87 0.136
7 88 0.109
7 94 0.115
7 95 0.167
7 97 0.135
7 98 0.14
7 99 0.153
8 89 0.753
8 79 0.849
8 92 0.982
8 84 1
8 75 0.934
8 80 0.587
8 32 1
8 97 0.653
8 30 0.168
8 34 0.152
8 58 0.096
8 90 0.347
8 12 0.342
8 23 0.194
8 45 0.137
8 55 0.197
8 63 0.12
8 64 0.219
8 67 0.162
8 73 0.159
8 85 0.152
8 10 0.12
8 11 0.131
8 16 0.097
8 18 0.102
8 19 0.103
8 20 0.097
8 21 0.22
8 22 0.108
8 28 0.122
8 33 0.186
8 35 0.128
8 36 0.071
8 39 0.147
8 41 0.185
8 43 0.135
8 48 0.18
8 49 0.094
8 51 0.154
8 54 0.13
8 56 0.077
8 59 0.12
8 65 0.166
8 66 0.182
8 70 0.142
8 74 0.142
8 76 0.128
8 83 0.118
8 87 0.167
8 88 0.061
8 91 0.158
9 26 1
9 95 0.593
9 60 0.994
9 69 1
9 94 0.758
9 35 1
9 93 0.17
9 34 0.215
9 96 0.151
9 11 0.108
9 29 0.135
9 72 0.245
9 77 0.152
9 78 0.191
9 84 0.068
9 12 0.106
9 14 0.161
9 15 0.114
9 19 0.141
9 21 0.13
9 22 0.149
9 23 0.148
9 24 0.147
9 31 0.138
9 36 0.17
9 37 0.14
9 38 0.17
9 39 0.157
9 41 0.12
9 42 0.153
9 43 0.155
9 44 0.207
9 46 0.139
9 47 0.167
9 48 0.129
9 51 0.177
9 52 0.121
9 54 0.153
9 58 0.196
9 61 0.166
9 63 0.141
9 64 0.165
9 65 0.132
9 66 0.163
9 68 0.187
9 73 0.161
9 75 0.134
9 79 0.111
9 83 0.188
9 92 0.142
9 97 0.162
9 98 0.174
9 99 0.146
10 11 0.675
10 66 0.975
10 94 1
10 67 1
10 93 0.995
10 40 0.884
10 69 0.926
10 16 0.746
10 88 0.688
10 47 0.142
10 48 0.082
10 83 0.238
10 17 0.189
10 21 0.362
10 32 0.185
10 35 0.178
10 53 0.172
10 54 0.126
10 58 0.191
10 75 0.05
10 85 0.126
10 87 0.072
10 95 0.11
10 97 0.234
10 98 0.21
10 12 0.164
10 13 0.169
10 19 0.141
10 26 0.118
10 28 0.184
10 30 0.143
10 36 0.164
10 37 0.195
10 38 0.181
10 42 0.163
10 49 0.141
10 50 0.219
10 57 0.163
10 65 0.147
10 68 0.178
10 71 0.111
10 74 0.166
10 79 0.155
10 81 0.167
10 86 0.128
10 89 0.093
10 92 0.081
10 96 0.156
10 99 0.095
11 17 0.88
11 60 0.568
11 79 0.961
11 44 0.487
11 48 0.864
11 20 0.305
11 67 0.095
11 73 0.137
11 18 0.188
11 33 0.248
11 36 0.193
11 45 0.033
11 59 0.137
11 71 0.282
11 78 0.119
11 89 0.155
11 14 0.215
11 19 0.032
11 22 0.085
11 25 0.097
11 38 0.148
11 41 0.191
11 43 0.125
11 51 0.117
11 65 0.16
11 81 0.132
11 16 0.154
11 23 0.183
11 28 0.114
11 29 0.163
11 32 0.104
11 34 0.16
11 37 0.146
11 40 0.122
11 49 0.17
11 50 0.166
11 53 0.157
11 54 0.125
11 55 0.148
11 58 0.164
11 64 0.203
11 74 0.122
11 75 0.166
11 83 0.155
11 87 0.143
11 91 0.126
11 92 0.123
11 93 0.181
11 98 0.127
12 68 0.723
12 64 0.666
12 99 0.693
12 96 0.999
12 63 0.608
12 58 0.951
12 20 1
12 28 0.749
12 57 0.112
12 69 0.135
12 84 0.008
12 16 0.269
12 35 0.125
12 37 0.29
12 43 0.11
12 53 0.209
12 54 0.136
12 56 0.14
12 59 0.143
12 66 0.201
12 72 0.135
12 13 0.172
12 14 0.185
12 15 0.16
12 17 0.081
12 21 0.202
12 24 0.218
12 25 0.183
12 31 0.139
12 32 0.207
12 34 0.151
12 36 0.19
12 38 0.14
12 39 0.119
12 41 0.118
12 45 0.179
12 47 0.166
12 52 0.16
12 60 0.158
12 65 0.129
12 70 0.154
12 74 0.178
12 77 0.153
12 80 0.134
12 81 0.152
12 82 0.164
12 85 0.132
12 87 0.154
12 88 0.133
12 89 0.096
12 90 0.131
12 91 0.095
13 78 0.968
13 46 0.844
13 87 0.817
13 50 0.792
13 71 0.984
13 59 0.236
13 93 0.07
13 98 0.176
13 32 0.158
13 37 0.317
13 42 0.122
13 51 0.187
13 63 0.329
13 77 0.088
13 15 0.164
13 17 0.157
13 19 0.171
13 22 0.153
13 25 0.139
13 28 0.154
13 29 0.188
13 30 0.137
13 31 0.11
13 36 0.138
13 43 0.178
13 47 0.169
13 52 0.115
13 55 0.11
13 57 0.12
13 58 0.151
13 64 0.105
13 66 0.145
13 69 0.19
13 74 0.18
13 75 0.118
13 81 0.129
13 83 0.097
13 85 0.132
13 86 0.185
13 89 0.194
13 94 0.144
13 95 0.197
14 69 1
14 82 0.88
14 40 0.88
14 81 0.182
14 29 0.175
14 95 0.199
14 96 0.201
14 15 0.185
14 20 0.107
14 25 0.172
14 28 0.24
14 30 0.162
14 39 0.173
14 63 0.172
14 76 0.171
14 78 0.191
14 90 0.164
14 18 0.15
14 19 0.176
14 23 0.162
14 24 0.158
14 26 0.131
14 31 0.137
14 34 0.176
14 35 0.149
14 36 0.15
14 37 0.15
14 38 0.232
14 41 0.199
14 44 0.104
14 45 0.125
14 55 0.099
14 56 0.146
14 60 0.156
14 67 0.139
14 68 0.134
14 77 0.169
14 79 0.136
14 84 0.222
14 86 0.078
14 89 0.197
14 93 0.155
14 94 0.172
14 97 0.186
15 60 1
15 70 0.577
15 36 0.695
15 52 0.058
15 66 0.205
15 25 0.217
15 27 0.127
15 37 0.193
15 55 0.181
15 82 0.108
15 24 0.032
15 29 0.172
15 51 0.112
15 67 0.162
15 74 0.141
15 80 0.094
15 88 0.193
15 91 0.12
15 93 0.113
15 19 0.202
15 20 0.194
15 21 0.175
15 23 0.146
15 31 0.106
15 32 0.113
15 35 0.135
15 40 0.123
15 41 0.128
15 43 0.152
15 44 0.129
15 46 0.198
15 50 0.134
15 53 0.136
15 54 0.182
15 58 0.157
15 64 0.104
15 65 0.148
15 68 0.158
15 69 0.143
15 77 0.144
15 79 0.141
15 81 0.173
15 83 0.181
15 84 0.141
15 89 0.128
15 94 0.172
15 95 0.182
15 98 0.125
15 99 0.119
16 38 0.971
16 96 0.895
16 95 0.642
16 59 0.941
16 83 0.165
16 73 0.367
16 76 0.187
16 35 0.239
16 39 0.16
16 43 0.141
16 52 0.106
16 64 0.137
16 68 0.135
16 69 0.095
16 87 0.16
16 89 0.059
16 97 0.296
16 17 0.136
16 18 0.194
16 21 0.163
16 22 0.072
16 23 0.152
16 26 0.176
16 28 0.133
16 29 0.159
16 30 0.151
16 31 0.183
16 32 0.129
16 34 0.14
16 44 0.147
16 45 0.142
16 49 0.152
16 50 0.152
16 51 0.16
16 53 0.13
16 58 0.162
16 60 0.18
16 61 0.187
16 65 0.146
16 66 0.109
16 67 0.176
16 70 0.215
16 74 0.165
16 80 0.159
16 84 0.159
16 93 0.127
16 94 0.108
16 98 0.168
17 46 0.833
17 62 0.751
17 85 0.589
17 75 0.951
17 71 0.964
17 28 0.538
17 64 0.988
17 42 0.582
17 33 0.838
17 40 0.658
17 70 0.598
17 95 0.041
17 22 0.14
17 29 0.19
17 57 0.243
17 82 0.343
17 97 0.199
17 18 0.13
17 34 0.15
17 36 0.198
17 66 0.11
17 78 0.145
17 19 0.17
17 21 0.167
17 26 0.183
17 30 0.156
17 37 0.125
17 39 0.149
17 48 0.134
17 49 0.154
17 50 0.136
17 51 0.141
17 53 0.188
17 56 0.146
17 58 0.125
17 69 0.147
17 77 0.157
17 87 0.121
17 90 0.162
17 92 0.147
17 93 0.176
17 94 0.104
18 43 0.693
18 59 0.899
18 36 0.977
18 45 0.641
18 56 0.517
18 74 0.115
18 99 0.2
18 28 0.103
18 48 0.132
18 61 0.257
18 64 0.153
18 66 0.211
18 79 0.202
18 21 0.114
18 23 0.164
18 27 0.155
18 41 0.165
18 46 0.294
18 52 0.188
18 60 0.237
18 70 0.062
18 75 0.155
18 83 0.184
18 86 0.136
18 19 0.126
18 25 0.15
18 26 0.141
18 30 0.157
18 31 0.193
18 32 0.146
18 35 0.088
18 37 0.149
18 38 0.157
18 40 0.202
18 44 0.099
18 50 0.177
18 58 0.175
18 72 0.139
18 82 0.164
18 85 0.154
18 87 0.172
18 88 0.181
18 90 0.196
18 93 0.107
18 95 0.161
18 97 0.133
19 74 0.879
19 22 0.851
19 71 0.518
19 61 0.805
19 29 0.992
19 40 0.1
19 28 0.286
19 87 0.419
19 26 0.119
19 46 0.232
19 57 0.274
19 59 0.111
19 62 0.097
19 70 0.133
19 77 0.137
19 23 0.152
19 30 0.156
19 32 0.121
19 33 0.166
19 39 0.132
19 42 0.16
19 45 0.147
19 49 0.148
19 50 0.153
19 52 0.149
19 54 0.136
19 64 0.154
19 66 0.125
19 68 0.182
19 78 0.144
19 88 0.18
19 89 0.188
19 90 0.207
20 35 0.97
20 34 0.799
20 31 0.808
20 93 0.979
20 29 0.9
20 43 0.581
20 63 0.942
20 98 1
20 40 0.29
20 77 0.152
20 85 0.014
20 87 0.084
20 27 0.079
20 53 0.39
20 69 0.107
20 76 0.125
20 95 0.167
20 22 0.162
20 23 0.155
20 24 0.129
20 25 0.156
20 26 0.177
20 28 0.119
20 30 0.11
20 32 0.099
20 36 0.166
20 38 0.112
20 39 0.141
20 41 0.123
20 45 0.168
20 46 0.125
20 49 0.155
20 52 0.167
20 58 0.15
20 59 0.172
20 62 0.127
20 66 0.169
20 70 0.153
20 73 0.158
20 75 0.21
20 78 0.17
20 82 0.115
20 84 0.124
20 86 0.184
20 88 0.175
20 90 0.188
20 91 0.156
20 97 0.154
20 99 0.142
21 58 1
21 37 0.626
21 54 0.999
21 45 0.989
21 66 0.691
21 49 0.432
21 32 0.16
21 35 0.159
21 50 0.129
21 53 0.36
21 56 0.185
21 65 0.035
21 68 0.125
21 71 0.05
21 78 0.153
21 88 0.124
21 90 0.066
21 95 0.153
21 22 0.167
21 24 0.126
21 25 0.103
21 27 0.152
21 38 0.137
21 39 0.118
21 41 0.17
21 43 0.139
21 52 0.169
21 61 0.111
21 62 0.197
21 63 0.131
21 72 0.126
21 75 0.126
21 79 0.109
21 82 0.135
21 83 0.179
21 84 0.18
21 86 0.141
21 89 0.093
21 92 0.211
21 99 0.169
22 43 0.923
22 92 0.653
22 64 1
22 57 1
22 61 1
22 25 0.589
22 46 0.868
22 38 0.574
22 50 0.767
22 53 0.665
22 42 0.063
22 24 0.309
22 44 0.113
22 48 0.132
22 49 0.204
22 82 0.171
22 83 0.28
22 26 0.147
22 27 0.172
22 28 0.147
22 29 0.146
22 30 0.163
22 34 0.196
22 35 0.18
22 39 0.148
22 51 0.159
22 52 0.149
22 58 0.167
22 59 0.155
22 60 0.11
22 66 0.162
22 69 0.139
22 70 0.163
22 71 0.171
22 72 0.166
22 75 0.129
22 77 0.158
22 81 0.147
22 85 0.072
22 93 0.194
23 91 0.571
23 34 0.804
23 87 1
23 99 1
23 43 0.94
23 94 0.917
23 49 1
23 59 0.098
23 35 0.267
23 54 0.205
23 28 0.409
23 30 0.156
23 40 0.191
23 44 0.158
23 60 0.014
23 70 0.175
23 73 0.058
23 76 0.053
23 86 0.283
23 88 0.216
23 90 0.277
23 93 0.352
23 27 0.148
23 29 0.139
23 36 0.157
23 37 0.151
23 42 0.151
23 46 0.14
23 48 0.197
23 50 0.132
23 52 0.158
23 55 0.151
23 56 0.151
23 57 0.158
23 58 0.192
23 61 0.154
23 64 0.147
23 65 0.153
23 75 0.138
23 77 0.228
23 81 0.186
23 83 0.164
23 85 0.163
23 92 0.204
23 97 0.124
24 86 0.724
24 81 1
24 82 1
24 36 0.741
24 59 0.756
24 26 0.097
24 49 0.115
24 62 0.197
24 67 0.149
24 78 0.077
24 79 0.136
24 25 0.168
24 29 0.19
24 30 0.153
24 31 0.135
24 45 0.221
24 48 0.137
24 50 0.12
24 55 0.077
24 57 0.142
24 58 0.196
24 60 0.161
24 64 0.169
24 68 0.177
24 70 0.146
24 73 0.153
24 75 0.173
24 96 0.156
24 97 0.136
25 74 1
25 81 0.938
25 54 0.261
25 94 0.17
25 41 0.201
25 56 0.111
25 71 0.014
25 89 0.081
25 97 0.147
25 27 0.135
25 32 0.132
25 33 0.171
25 36 0.162
25 37 0.155
25 42 0.193
25 43 0.13
25 45 0.155
25 46 0.225
25 48 0.172
25 50 0.15
25 51 0.153
25 52 0.189
25 57 0.107
25 58 0.123
25 62 0.125
25 65 0.167
25 68 0.136
25 72 0.125
25 77 0.11
25 78 0.155
25 83 0.141
25 84 0.076
25 87 0.137
25 88 0.181
25 91 0.16
25 92 0.135
25 95 0.131
25 98 0.178
25 99 0.186
26 48 0.907
26 65 0.533
26 99 0.822
26 35 0.792
26 58 0.894
26 59 0.939
26 78 0.688
26 86 0.235
26 50 0.139
26 28 0.07
26 43 0.12
26 44 0.212
26 51 0.349
26 62 0.126
26 69 0.083
26 75 0.096
26 91 0.119
26 31 0.188
26 38 0.125
26 39 0.136
26 40 0.145
26 42 0.215
26 45 0.177
26 46 0.149
26 49 0.124
26 54 0.161
26 57 0.158
26 60 0.181
26 63 0.161
26 64 0.147
26 70 0.15
26 72 0.095
26 73 0.118
26 80 0.151
26 82 0.136
26 83 0.13
26 88 0.168
26 92 0.168
26 94 0.184
26 95 0.151
26 96 0.12
26 97 0.126
27 84 0.677
27 50 0.872
27 52 0.838
27 69 0.664
27 74 0.543
27 35 0.643
27 36 0.764
27 28 0.167
27 30 0.128
27 65 0.25
27 96 0.218
27 29 0.276
27 33 0.202
27 42 0.171
27 46 0.005
27 58 0.162
27 63 0.159
27 86 0.051
27 89 0.083
27 34 0.132
27 37 0.156
27 38 0.168
27 40 0.151
27 43 0.129
27 44 0.158
27 47 0.122
27 55 0.091
27 57 0.187
27 64 0.149
27 70 0.172
27 71 0.117
27 72 0.151
27 73 0.178
27 81 0.158
27 85 0.147
27 87 0.119
27 91 0.131
27 92 0.148
27 94 0.184
27 95 0.119
28 50 0.75
28 88 0.143
28 69 0.269
28 49 0.122
28 75 0.14
28 76 0.183
28 86 0.087
28 91 0.231
28 29 0.161
28 30 0.122
28 32 0.162
28 35 0.117
28 37 0.117
28 39 0.136
28 40 0.19
28 41 0.12
28 42 0.134
28 43 0.178
28 47 0.104
28 51 0.157
28 52 0.132
28 54 0.117
28 58 0.118
28 59 0.201
28 61 0.091
28 62 0.192
28 63 0.164
28 64 0.172
28 65 0.2
28 67 0.153
28 72 0.127
28 73 0.192
28 79 0.127
28 80 0.159
28 84 0.176
28 85 0.196
28 87 0.214
28 93 0.204
28 94 0.144
28 95 0.153
28 96 0.16
28 97 0.142
28 99 0.153
29 33 0.848
29 80 0.6
29 67 1
29 58 0.963
29 87 0.915
29 56 0.567
29 73 0.257
29 75 0.134
29 97 0.214
29 71 0.205
29 85 0.177
29 31 0.163
29 32 0.202
29 35 0.155
29 42 0.161
29 44 0.127
29 45 0.207
29 46 0.132
29 48 0.158
29 50 0.069
29 52 0.139
29 61 0.229
29 62 0.132
29 65 0.152
29 70 0.113
29 72 0.124
29 78 0.169
29 79 0.107
29 84 0.163
29 86 0.115
29 89 0.113
29 90 0.173
29 92 0.179
29 95 0.214
29 98 0.108
29 99 0.159
30 96 0.894
30 36 0.883
30 34 0.797
30 60 0.645
30 33 0.239
30 52 0.179
30 80 0.333
30 82 0.162
30 31 0.148
30 48 0.139
30 65 0.147
30 73 0.175
30 76 0.134
30 78 0.204
30 84 0.239
30 32 0.217
30 38 0.162
30 39 0.16
30 45 0.131
30 47 0.16
30 51 0.178
30 53 0.149
30 55 0.15
30 57 0.123
30 59 0.068
30 61 0.086
30 68 0.139
30 75 0.14
30 79 0.189
30 81 0.173
30 85 0.183
30 86 0.135
30 91 0.156
30 94 0.19
30 95 0.154
30 97 0.164
30 98 0.184
31 65 0.631
31 42 0.884
31 38 0.205
31 49 0.206
31 54 0.133
31 73 0.06
31 75 0.152
31 93 0.231
31 96 0.153
31 35 0.162
31 36 0.202
31 41 0.151
31 43 0.145
31 46 0.174
31 48 0.146
31 50 0.182
31 56 0.172
31 59 0.129
31 69 0.141
31 74 0.183
31 80 0.12
31 82 0.108
31 87 0.151
31 88 0.128
31 94 0.131
31 95 0.185
31 97 0.126
32 57 0.157
32 80 0.107
32 41 0.142
32 49 0.24
32 51 0.096
32 62 0.128
32 64 0.174
32 67 0.166
32 70 0.149
32 74 0.119
32 77 0.223
32 34 0.125
32 37 0.152
32 38 0.159
32 39 0.132
32 40 0.113
32 43 0.198
32 47 0.12
32 48 0.107
32 53 0.137
32 55 0.126
32 60 0.198
32 63 0.164
32 66 0.166
32 68 0.163
32 73 0.106
32 75 0.143
32 76 0.122
32 81 0.102
32 87 0.164
32 89 0.182
32 90 0.141
32 93 0.209
32 97 0.148
32 99 0.144
33 70 1
33 99 0.888
33 54 0.935
33 35 0.107
33 36 0.109
33 53 0.146
33 58 0.185
33 62 0.129
33 48 0.134
33 49 0.073
33 52 0.08
33 61 0.09
33 76 0.3
33 78 0.11
33 86 0.145
33 94 0.223
33 34 0.2
33 37 0.137
33 38 0.165
33 43 0.134
33 50 0.102
33 51 0.129
33 55 0.138
33 59 0.152
33 60 0.121
33 63 0.117
33 65 0.158
33 67 0.17
33 68 0.125
33 71 0.138
33 72 0.161
33 74 0.14
33 77 0.17
33 79 0.154
33 81 0.128
33 84 0.129
33 85 0.125
33 90 0.082
33 91 0.173
33 92 0.126
33 93 0.146
33 96 0.104
34 50 0.898
34 90 0.707
34 91 1
34 74 1
34 39 0.877
34 51 0.957
34 82 0.732
34 77 1
34 54 0.709
34 43 0.163
34 75 0.072
34 35 0.03
34 66 0.167
34 69 0.272
34 71 0.058
34 78 0.118
34 85 0.116
34 92 0.142
34 98 0.115
34 36 0.064
34 38 0.18
34 47 0.114
34 67 0.139
34 70 0.116
34 72 0.146
34 81 0.158
34 84 0.148
34 88 0.151
34 94 0.182
34 95 0.167
34 99 0.133
35 64 0.67
35 95 0.598
35 89 0.854
35 76 0.598
35 38 0.918
35 42 0.171
35 66 0.073
35 81 0.225
35 58 0.015
35 37 0.119
35 40 0.175
35 41 0.186
35 43 0.115
35 45 0.158
35 47 0.13
35 51 0.186
35 52 0.15
35 53 0.177
35 55 0.176
35 56 0.139
35 57 0.159
35 59 0.176
35 60 0.112
35 63 0.173
35 65 0.148
35 67 0.2
35 68 0.177
35 72 0.133
35 73 0.189
35 80 0.154
35 82 0.167
35 85 0.21
35 86 0.147
35 87 0.18
35 88 0.169
35 90 0.139
35 91 0.15
35 92 0.165
35 98 0.127
36 42 0.819
36 82 0.768
36 44 0.342
36 98 0.095
36 40 0.154
36 41 0.238
36 48 0.142
36 53 0.101
36 63 0.167
36 68 0.085
36 71 0.183
36 76 0.189
36 88 0.128
36 93 0.093
36 96 0.15
36 45 0.136
36 49 0.148
36 52 0.158
36 54 0.147
36 56 0.115
36 58 0.109
36 59 0.125
36 62 0.15
36 64 0.083
36 67 0.101
36 70 0.156
36 72 0.087
36 74 0.163
36 81 0.147
36 83 0.145
36 86 0.152
36 95 0.135
37 93 0.756
37 96 0.715
37 57 0.1
37 89 0.144
37 40 0.084
37 44 0.168
37 50 0.198
37 56 0.138
37 67 0.167
37 88 0.035
37 91 0.167
37 94 0.331
37 38 0.095
37 39 0.129
37 41 0.169
37 42 0.232
37 43 0.153
37 52 0.117
37 58 0.157
37 59 0.117
37 60 0.165
37 64 0.152
37 65 0.131
37 69 0.126
37 71 0.135
37 75 0.152
37 76 0.137
37 79 0.106
37 81 0.186
37 84 0.159
37 86 0.192
37 87 0.129
37 92 0.168
38 88 0.927
38 54 0.567
38 61 0.875
38 66 0.859
38 52 0.115
38 56 0.18
38 98 0.158
38 40 0.132
38 55 0.104
38 64 0.215
38 77 0.12
38 78 0.137
38 81 0.125
38 39 0.201
38 43 0.142
38 45 0.169
38 48 0.147
38 50 0.106
38 53 0.173
38 57 0.146
38 58 0.13
38 59 0.166
38 60 0.173
38 62 0.162
38 63 0.14
38 65 0.169
38 68 0.15
38 69 0.222
38 73 0.166
38 75 0.196
38 76 0.095
38 82 0.124
38 83 0.144
38 86 0.198
38 89 0.203
38 90 0.151
38 93 0.115
38 97 0.15
38 99 0.129
39 75 0.966
39 99 0.075
39 42 0.163
39 57 0.078
39 70 0.127
39 74 0.124
39 85 0.067
39 96 0.109
39 41 0.162
39 45 0.082
39 48 0.165
39 52 0.149
39 53 0.13
39 59 0.157
39 60 0.147
39 62 0.123
39 64 0.166
39 66 0.086
39 69 0.131
39 72 0.155
39 77 0.147
39 78 0.197
39 79 0.14
39 80 0.193
39 84 0.128
39 86 0.145
39 88 0.107
39 89 0.174
39 93 0.201
39 98 0.187
40 88 0.704
40 82 0.922
40 53 1
40 62 0.894
40 45 0.787
40 57 1
40 93 0.131
40 91 0.145
40 92 0.17
40 95 0.274
40 44 0.148
40 47 0.126
40 51 0.155
40 52 0.133
40 55 0.143
40 56 0.213
40 60 0.122
40 63 0.123
40 64 0.168
40 68 0.154
40 70 0.132
40 73 0.122
40 74 0.157
40 75 0.196
40 77 0.114
40 79 0.152
40 80 0.131
40 84 0.195
40 89 0.143
40 98 0.125
40 99 0.164
41 47 0.811
41 88 0.569
41 69 1
41 43 0.745
41 55 0.588
41 59 1
41 92 0.752
41 97 0.852
41 50 0.093
41 56 0.146
41 81 0.056
41 93 0.281
41 67 0.175
41 71 0.133
41 72 0.114
41 82 0.088
41 90 0.075
41 95 0.095
41 99 0.388
41 42 0.143
41 44 0.115
41 49 0.094
41 52 0.122
41 54 0.16
41 57 0.118
41 58 0.165
41 61 0.123
41 63 0.118
41 64 0.179
41 66 0.154
41 68 0.159
41 75 0.197
41 76 0.124
41 77 0.125
41 78 0.172
41 79 0.185
41 80 0.145
41 83 0.136
41 91 0.126
42 63 0.851
42 56 0.739
42 43 0.922
42 75 0.95
42 91 0.134
42 69 0.182
42 81 0.127
42 85 0.157
42 88 0.199
42 96 0.132
42 97 0.083
42 48 0.116
42 49 0.145
42 50 0.146
42 55 0.102
42 58 0.084
42 60 0.112
42 62 0.169
42 70 0.165
42 74 0.092
42 76 0.147
42 79 0.171
42 80 0.164
42 83 0.184
42 87 0.131
42 89 0.13
42 90 0.133
42 93 0.112
43 53 0.679
43 71 0.82
43 51 0.818
43 81 1
43 99 0.985
43 96 1
43 61 0.9
43 62 1
43 97 0.747
43 82 0.689
43 46 0.189
43 48 0.441
43 98 0.043
43 56 0.229
43 72 0.122
43 86 0.122
43 45 0.063
43 47 0.147
43 49 0.173
43 50 0.19
43 52 0.193
43 58 0.094
43 59 0.128
43 63 0.143
43 73 0.128
43 75 0.103
43 76 0.164
43 77 0.115
43 79 0.072
43 87 0.148
43 88 0.143
43 91 0.149
43 92 0.215
43 93 0.136
43 94 0.123
43 95 0.108
44 51 0.637
44 78 0.728
44 76 0.981
44 97 0.566
44 75 0.237
44 85 0.016
44 93 0.057
44 89 0.151
44 45 0.152
44 48 0.17
44 49 0.145
44 50 0.142
44 53 0.139
44 54 0.155
44 56 0.135
44 57 0.109
44 61 0.062
44 63 0.174
44 64 0.147
44 67 0.203
44 68 0.085
44 69 0.147
44 70 0.189
44 71 0.081
44 74 0.189
44 77 0.169
44 80 0.179
44 81 0.179
44 84 0.183
44 87 0.127
44 88 0.161
44 92 0.164
44 94 0.186
44 96 0.17
44 98 0.14
45 99 0.802
45 56 0.7
45 69 0.229
45 55 0.1
45 70 0.146
45 72 0.06
45 80 0.004
45 88 0.093
45 58 0.102
45 68 0.478
45 73 0.133
45 89 0.202
45 96 0.145
45 46 0.135
45 47 0.117
45 49 0.093
45 53 0.157
45 54 0.136
45 57 0.161
45 59 0.079
45 65 0.149
45 76 0.134
45 77 0.145
45 78 0.182
45 81 0.108
45 82 0.144
45 83 0.13
45 85 0.186
45 97 0.137
46 94 0.638
46 65 0.786
46 99 0.789
46 59 0.089
46 71 0.157
46 75 0.09
46 77 0.132
46 83 0.067
46 47 0.114
46 48 0.082
46 52 0.126
46 53 0.141
46 55 0.107
46 56 0.156
46 57 0.099
46 60 0.21
46 69 0.173
46 72 0.106
46 73 0.163
46 74 0.177
46 76 0.205
46 78 0.181
46 84 0.166
46 87 0.106
46 95 0.223
46 96 0.191
46 97 0.172
47 74 0.764
47 57 0.793
47 78 0.819
47 59 0.871
47 56 0.134
47 58 0.197
47 66 0.012
47 79 0.15
47 88 0.08
47 53 0.182
47 60 0.109
47 65 0.191
47 67 0.12
47 69 0.167
47 71 0.149
47 80 0.156
47 82 0.098
47 83 0.123
47 90 0.113
47 93 0.167
47 95 0.115
47 96 0.189
47 97 0.102
48 68 1
48 54 0.725
48 72 0.205
48 61 0.157
48 96 0.152
48 88 0.16
48 49 0.121
48 56 0.144
48 65 0.171
48 69 0.149
48 71 0.13
48 74 0.093
48 75 0.14
48 78 0.153
48 79 0.184
48 81 0.109
48 83 0.16
49 62 0.585
49 68 0.292
49 77 0.187
49 54 0.248
49 59 0.248
49 71 0.194
49 76 0.019
49 85 0.123
49 88 0.147
49 89 0.184
49 56 0.142
49 60 0.154
49 61 0.196
49 63 0.137
49 67 0.135
49 84 0.13
49 87 0.199
49 92 0.151
49 96 0.148
49 99 0.185
50 53 0.863
50 80 0.923
50 92 0.791
50 51 0.054
50 56 0.164
50 58 0.323
50 63 0.174
50 55 0.151
50 61 0.183
50 65 0.12
50 66 0.159
50 67 0.127
50 68 0.082
50 71 0.14
50 75 0.156
50 78 0.126
50 81 0.175
50 83 0.136
50 88 0.169
50 90 0.132
50 91 0.205
50 93 0.181
50 95 0.151
50 96 0.15
50 98 0.149
50 99 0.11
51 77 0.761
51 83 0.886
51 64 0.813
51 68 1
51 81 0.13
51 90 0.192
51 54 0.249
51 63 0.188
51 88 0.266
51 93 0.181
51 55 0.168
51 56 0.143
51 57 0.138
51 58 0.139
51 59 0.127
51 60 0.134
51 61 0.15
51 62 0.163
51 66 0.192
51 67 0.118
51 69 0.131
51 71 0.195
51 72 0.178
51 73 0.138
51 75 0.175
51 78 0.134
51 80 0.179
51 89 0.224
51 97 0.181
51 98 0.157
51 99 0.076
52 55 0.758
52 89 1
52 79 0.931
52 95 1
52 65 0.536
52 62 0.217
52 83 0.274
52 54 0.121
52 69 0.199
52 71 0.151
52 73 0.155
52 76 0.275
52 97 0.148
52 59 0.172
52 66 0.171
52 72 0.098
52 74 0.083
52 78 0.125
52 80 0.152
52 81 0.16
52 85 0.186
52 86 0.165
52 87 0.144
53 67 0.807
53 84 1
53 55 0.152
53 58 0.136
53 66 0.197
53 93 0.165
53 54 0.102
53 62 0.162
53 68 0.165
53 69 0.134
53 71 0.149
53 76 0.103
53 79 0.126
53 81 0.185
53 82 0.142
53 83 0.149
53 88 0.181
53 89 0.148
53 90 0.133
53 98 0.141
54 64 0.992
54 69 0.281
54 82 0.133
54 79 0.191
54 83 0.298
54 85 0.172
54 92 0.363
54 96 0.124
54 58 0.13
54 59 0.131
54 60 0.135
54 62 0.116
54 66 0.18
54 70 0.142
54 76 0.173
54 78 0.08
54 84 0.174
54 87 0.145
55 79 1
55 67 1
55 71 0.772
55 61 0.727
55 69 0.629
55 66 0.496
55 56 0.165
55 57 0.19
55 72 0.129
55 74 0.214
55 78 0.191
55 83 0.16
55 86 0.189
55 93 0.121
55 97 0.165
55 59 0.153
55 62 0.189
55 63 0.12
55 64 0.125
55 68 0.142
55 70 0.148
55 73 0.178
55 84 0.165
55 87 0.156
55 91 0.183
55 92 0.164
55 94 0.128
55 95 0.148
56 61 0.529
56 77 0.17
56 91 0.158
56 68 0.193
56 79 0.238
56 57 0.125
56 58 0.14
56 64 0.175
56 65 0.162
56 74 0.128
56 75 0.157
56 80 0.2
56 82 0.161
56 84 0.206
56 86 0.135
56 87 0.129
56 89 0.148
56 93 0.166
56 94 0.131
56 95 0.137
56 96 0.18
57 72 0.858
57 71 0.729
57 93 0.671
57 87 1
57 81 0.284
57 73 0.036
57 86 0.02
57 94 0.268
57 96 0.147
57 59 0.157
57 63 0.166
57 65 0.14
57 68 0.096
57 70 0.098
57 75 0.105
57 78 0.165
57 80 0.111
57 83 0.14
57 88 0.168
57 89 0.158
57 90 0.134
57 95 0.15
57 97 0.142
57 98 0.174
58 73 0.953
58 68 0.969
58 90 0.077
58 94 0.111
58 61 0.111
58 62 0.123
58 63 0.021
58 65 0.271
58 83 0.226
58 59 0.11
58 64 0.123
58 66 0.178
58 67 0.232
58 70 0.168
58 71 0.159
58 76 0.113
58 78 0.16
58 88 0.168
58 92 0.124
58 95 0.164
58 96 0.201
58 97 0.132
59 61 0.118
59 79 0.157
59 81 0.135
59 82 0.236
59 89 0.158
59 90 0.153
59 95 0.116
59 98 0.088
59 60 0.094
59 65 0.145
59 66 0.159
59 67 0.151
59 69 0.149
59 70 0.17
59 71 0.142
59 73 0.124
59 76 0.089
59 77 0.094
59 85 0.155
59 87 0.11
59 88 0.161
59 91 0.16
59 93 0.176
59 94 0.103
59 96 0.147
59 99 0.123
60 64 0.846
60 74 0.205
60 69 0.002
60 86 0.159
60 98 0.129
60 61 0.185
60 63 0.143
60 71 0.142
60 78 0.11
60 79 0.083
60 82 0.155
60 87 0.226
60 93 0.139
60 94 0.118
60 96 0.168
60 97 0.156
60 99 0.159
61 88 0.798
61 65 0.065
61 79 0.209
61 77 0.308
61 93 0.109
61 94 0.179
61 99 0.149
61 66 0.177
61 71 0.128
61 73 0.058
61 80 0.167
61 82 0.134
61 84 0.096
61 87 0.126
61 89 0.181
61 92 0.122
61 95 0.131
61 96 0.144
61 97 0.135
62 73 0.898
62 95 0.843
62 65 0.098
62 71 0.194
62 76 0.122
62 79 0.26
62 99 0.13
62 63 0.174
62 64 0.141
62 66 0.14
62 67 0.102
62 72 0.168
62 75 0.199
62 81 0.142
62 82 0.143
62 88 0.148
62 90 0.199
62 94 0.135
62 98 0.185
63 99 0.868
63 67 0.698
63 78 1
63 90 0.973
63 66 0.103
63 92 0.166
63 69 0.211
63 71 0.146
63 96 0.06
63 68 0.13
63 70 0.171
63 74 0.208
63 75 0.117
63 77 0.12
63 81 0.147
63 82 0.148
63 87 0.11
63 88 0.114
63 91 0.127
63 93 0.112
64 95 1
64 87 0.705
64 68 0.796
64 76 0.098
64 65 0.152
64 67 0.131
64 69 0.17
64 72 0.123
64 74 0.167
64 77 0.207
64 81 0.126
64 82 0.142
64 84 0.134
64 85 0.163
64 89 0.133
64 90 0.206
64 92 0.091
64 94 0.138
64 96 0.138
64 98 0.156
64 99 0.086
65 66 0.815
65 89 0.732
65 79 0.834
65 68 0.154
65 75 0.126
65 70 0.144
65 74 0.192
65 80 0.156
65 87 0.194
65 92 0.161
65 93 0.142
65 97 0.182
65 99 0.153
66 91 0.727
66 70 0.185
66 74 0.079
66 83 0.065
66 86 0.281
66 89 0.258
66 72 0.166
66 76 0.17
66 77 0.132
66 78 0.166
66 80 0.164
66 95 0.162
66 96 0.128
66 97 0.148
66 99 0.136
67 98 0.639
67 89 0.735
67 93 0.874
67 79 0.922
67 68 0.907
67 94 0.132
67 71 0.044
67 77 0.166
67 70 0.188
67 73 0.206
67 78 0.119
67 81 0.149
67 82 0.18
67 83 0.126
67 85 0.137
67 86 0.117
67 90 0.178
67 91 0.173
67 95 0.165
67 96 0.13
68 98 0.931
68 83 0.551
68 91 0.132
68 92 0.34
68 70 0.297
68 73 0.044
68 78 0.411
68 89 0.128
68 95 0.154
68 69 0.086
68 75 0.187
68 76 0.122
68 77 0.199
68 79 0.138
68 80 0.125
68 81 0.182
68 84 0.17
68 86 0.131
68 88 0.17
68 93 0.169
68 96 0.165
68 99 0.168
69 80 0.715
69 79 0.008
69 84 0.124
69 70 0.16
69 71 0.137
69 72 0.161
69 74 0.131
69 75 0.133
69 78 0.145
69 82 0.161
69 83 0.17
69 85 0.148
69 89 0.17
69 91 0.127
69 95 0.118
69 97 0.116
69 99 0.181
70 96 0.622
70 95 0.963
70 77 0.851
70 88 0.83
70 90 0.865
70 73 0.177
70 78 0.214
70 94 0.298
70 71 0.126
70 89 0.201
70 93 0.137
70 72 0.161
70 75 0.131
70 79 0.126
70 80 0.174
70 81 0.14
70 82 0.14
70 84 0.178
70 85 0.146
71 88 1
71 72 0.732
71 80 0.916
71 85 0.18
71 87 0.115
71 73 0.157
71 75 0.155
71 82 0.127
71 89 0.228
71 91 0.12
71 93 0.136
71 94 0.156
71 97 0.057
71 77 0.107
71 86 0.184
71 90 0.166
71 95 0.155
71 98 0.135
71 99 0.125
72 98 0.572
72 92 0.894
72 73 0.318
72 86 0.093
72 74 0.158
72 82 0.145
72 83 0.158
72 85 0.152
72 88 0.089
72 91 0.153
72 93 0.174
72 94 0.134
72 96 0.164
72 97 0.182
72 99 0.114
73 75 0.791
73 90 0.359
73 87 0.078
73 99 0.139
73 86 0.115
73 89 0.094
74 97 0.332
74 98 0.214
74 78 0.113
74 79 0.153
74 88 0.176
74 99 0.002
74 75 0.1
74 76 0.109
74 80 0.174
74 83 0.208
74 85 0.14
74 86 0.176
74 89 0.151
74 90 0.128
74 92 0.168
74 96 0.133
75 79 1
75 95 0.824
75 90 0.156
75 77 0.19
75 78 0.192
75 80 0.116
75 84 0.118
75 87 0.166
75 88 0.082
75 89 0.16
75 94 0.13
75 97 0.13
75 99 0.149
76 87 0.515
76 88 0.199
76 80 0.152
76 81 0.294
76 94 0.157
76 84 0.155
76 79 0.138
76 82 0.08
76 85 0.202
76 89 0.108
76 90 0.181
76 92 0.174
76 93 0.146
76 97 0.134
76 99 0.135
77 82 0.923
77 95 0.762
77 81 0.154
77 83 0.138
77 87 0.147
77 88 0.096
77 89 0.164
77 90 0.133
77 96 0.169
78 87 0.736
78 93 0.123
78 99 0.154
78 83 0.247
78 96 0.063
78 80 0.134
78 81 0.086
78 84 0.164
78 88 0.205
79 88 0.176
79 80 0.135
79 97 0.134
79 83 0.171
79 86 0.178
79 90 0.195
79 91 0.163
79 95 0.182
80 93 0.162
80 98 0.143
80 84 0.146
80 87 0.134
80 88 0.181
80 89 0.159
80 92 0.171
80 94 0.114
80 99 0.16
81 83 0.805
81 85 0.744
81 93 0.108
81 90 0.163
81 82 0.165
81 87 0.153
81 89 0.158
81 91 0.132
81 98 0.114
82 98 0.699
82 85 0.201
82 83 0.183
82 86 0.124
82 90 0.181
82 94 0.18
82 96 0.135
82 97 0.124
83 93 1
83 94 0.096
83 87 0.264
83 84 0.139
83 85 0.19
83 89 0.138
83 90 0.137
83 95 0.175
83 96 0.088
84 86 0.141
84 85 0.167
84 87 0.209
84 97 0.148
84 91 0.136
84 92 0.169
84 94 0.141
84 95 0.139
84 98 0.165
85 86 0.962
85 91 0.057
85 88 0.135
85 87 0.177
85 90 0.194
85 95 0.122
85 96 0.186
85 97 0.12
86 97 0.342
86 94 0.158
86 87 0.148
86 91 0.154
86 95 0.192
86 99 0.129
87 92 0.918
87 93 0.154
88 91 0.652
88 90 0.29
88 94 0.134
88 89 0.145
88 92 0.093
88 95 0.163
88 96 0.114
88 99 0.186
89 90 0.135
89 94 0.134
89 96 0.181
89 97 0.161
89 99 0.173
90 95 0.708
90 96 0.776
90 91 0.204
90 97 0.21
90 98 0.14
90 99 0.176
91 96 0.094
91 99 0.21
92 98 0.738
92 93 0.181
92 97 0.175
92 99 0.19
93 95 0.112
93 99 0.175
93 98 0.199
94 97 0.815
94 98 0.364
95 96 0.119
98 99 1
