0 9 0.831
0 59 0.693
0 76 0.752
0 78 0.954
0 94 0.645
0 47 0.138
0 27 0.083
0 28 0.231
0 98 0.307
0 20 0.243
0 26 0.148
0 30 0.145
0 35 0.172
0 45 0.134
0 57 0.161
0 64 0.085
0 69 0.105
0 86 0.11
0 4 0.185
0 6 0.206
0 11 0.133
0 14 0.15
0 16 0.174
0 18 0.199
0 19 0.142
0 21 0.14
0 33 0.168
0 36 0.17
0 39 0.123
0 40 0.154
0 41 0.178
0 49 0.16
0 51 0.188
0 67 0.169
0 71 0.164
0 73 0.128
0 83 0.133
0 84 0.11
0 85 0.131
0 90 0.148
0 92 0.096
0 99 0.162
1 15 0.844
1 27 0.964
1 32 0.66
1 64 0.966
1 73 0.164
1 56 0.116
1 48 0.219
1 94 0.168
1 5 0.124
1 7 0.194
1 26 0.284
1 30 0.131
1 34 0.175
1 42 0.153
1 54 0.135
1 65 0.063
1 87 0.128
1 2 0.17
1 3 0.186
1 6 0.152
1 9 0.149
1 11 0.144
1 13 0.081
1 16 0.139
1 17 0.165
1 22 0.133
1 35 0.154
1 39 0.185
1 43 0.191
1 44 0.145
1 50 0.146
1 53 0.095
1 63 0.188
1 68 0.117
1 69 0.192
1 72 0.137
1 74 0.119
1 76 0.198
1 78 0.137
1 79 0.143
1 80 0.175
1 81 0.132
1 83 0.154
1 84 0.122
1 85 0.115
1 98 0.165
2 38 0.782
2 58 1
2 64 0.793
2 82 0.955
2 87 0.517
2 93 0.806
2 35 0.197
2 68 0.164
2 11 0.137
2 23 0.18
2 32 0.157
2 45 0.133
2 52 0.266
2 54 0.141
2 75 0.165
2 81 0.153
2 85 0.137
2 86 0.152
2 17 0.122
2 20 0.168
2 21 0.15
2 24 0.172
2 30 0.134
2 33 0.121
2 36 0.168
2 50 0.169
2 59 0.117
2 65 0.075
2 78 0.173
2 80 0.115
2 91 0.123
2 96 0.148
3 6 0.981
3 30 0.533
3 36 0.921
3 47 0.868
3 49 0.61
3 52 0.983
3 70 0.542
3 82 0.736
3 87 0.866
3 7 0.112
3 18 0.298
3 73 0.283
3 24 0.198
3 32 0.161
3 39 0.246
3 20 0.138
3 23 0.195
3 43 0.159
3 48 0.118
3 58 0.173
3 63 0.109
3 64 0.046
3 81 0.161
3 84 0.119
3 89 0.162
3 94 0.103
3 8 0.127
3 9 0.167
3 10 0.114
3 13 0.162
3 22 0.171
3 27 0.198
3 38 0.218
3 44 0.165
3 46 0.167
3 50 0.137
3 51 0.172
3 55 0.134
3 57 0.18
3 77 0.159
3 92 0.164
3 93 0.123
3 99 0.193
4 20 1
4 33 0.867
4 56 0.477
4 57 0.575
4 62 0.981
4 17 0.12
4 15 0.62
4 58 0.168
4 40 0.14
4 85 0.201
4 97 0.015
4 9 0.132
4 27 0.12
4 54 0.011
4 55 0.182
4 99 0.168
4 5 0.134
4 10 0.143
4 13 0.158
4 14 0.159
4 16 0.149
4 31 0.157
4 37 0.109
4 43 0.168
4 44 0.086
4 45 0.148
4 51 0.158
4 52 0.196
4 65 0.175
4 66 0.129
4 68 0.13
4 69 0.149
4 70 0.149
4 72 0.119
4 73 0.151
4 74 0.171
4 78 0.202
4 79 0.126
4 81 0.136
4 88 0.12
4 93 0.16
4 98 0.139
5 24 0.644
5 46 0.709
5 56 0.634
5 60 0.941
5 87 0.753
5 54 0.189
5 69 0.13
5 7 0.163
5 27 0.14
5 38 0.103
5 44 0.026
5 63 0.121
5 65 0.123
5 74 0.07
5 96 0.165
5 6 0.136
5 8 0.135
5 9 0.181
5 13 0.128
5 15 0.153
5 20 0.18
5 22 0.123
5 32 0.136
5 34 0.148
5 36 0.137
5 37 0.181
5 39 0.148
5 40 0.151
5 45 0.122
5 47 0.131
5 50 0.143
5 53 0.116
5 57 0.146
5 67 0.218
5 70 0.121
5 78 0.192
5 81 0.194
5 82 0.113
5 83 0.165
5 88 0.149
5 91 0.102
5 92 0.136
6 9 0.78
6 16 0.947
6 22 0.758
6 27 0.631
6 29 0.962
6 33 0.74
6 45 0.813
6 48 0.924
6 50 0.859
6 66 0.684
6 71 0.698
6 75 0.509
6 91 0.538
6 96 0.731
6 99 0.687
6 11 0.142
6 73 0.19
6 82 0.171
6 10 0.13
6 25 0.168
6 32 0.214
6 12 0.184
6 15 0.145
6 21 0.171
6 23 0.193
6 34 0.178
6 35 0.075
6 38 0.162
6 46 0.155
6 55 0.165
6 57 0.179
6 61 0.16
6 62 0.186
6 67 0.155
6 72 0.121
6 78 0.159
6 80 0.143
6 83 0.175
6 87 0.08
6 94 0.082
7 41 1
7 42 0.966
7 66 0.599
7 69 0.71
7 91 0.987
7 33 0.083
7 32 0.127
7 43 0.101
7 48 0.342
7 60 0.183
7 13 0.119
7 19 0.108
7 23 0.14
7 64 0.178
7 85 0.166
7 12 0.17
7 17 0.144
7 18 0.162
7 20 0.129
7 21 0.149
7 24 0.134
7 25 0.106
7 26 0.144
7 29 0.18
7 35 0.12
7 36 0.16
7 40 0.151
7 44 0.18
7 45 0.162
7 53 0.177
7 56 0.123
7 61 0.142
7 65 0.179
7 72 0.136
7 75 0.141
7 76 0.11
7 77 0.174
7 78 0.157
7 86 0.105
7 87 0.179
8 13 0.821
8 27 1
8 28 0.695
8 30 0.886
8 33 0.688
8 42 0.864
8 45 0.88
8 57 0.636
8 79 0.646
8 85 0.594
8 73 0.161
8 9 0.163
8 17 0.119
8 34 0.085
8 84 0.145
8 10 0.076
8 21 0.124
8 29 0.15
8 41 0.258
8 51 0.213
8 61 0.098
8 81 0.003
8 90 0.141
8 92 0.157
8 95 0.147
8 11 0.136
8 12 0.17
8 15 0.137
8 38 0.134
8 39 0.178
8 44 0.222
8 53 0.112
8 54 0.134
8 64 0.169
8 65 0.214
8 67 0.147
8 75 0.125
8 86 0.13
8 91 0.165
8 94 0.158
8 99 0.13
9 10 0.288
9 23 1
9 44 0.814
9 57 1
9 58 0.638
9 74 0.528
9 78 0.971
9 99 0.995
9 35 0.137
9 34 0.144
9 50 0.185
9 55 0.119
9 66 0.107
9 22 0.065
9 26 0.132
9 38 0.242
9 45 0.159
9 61 0.163
9 68 0.123
9 71 0.14
9 83 0.32
9 94 0.156
9 16 0.121
9 24 0.144
9 28 0.15
9 29 0.17
9 31 0.177
9 48 0.19
9 54 0.18
9 59 0.162
9 65 0.144
9 75 0.138
9 79 0.135
9 82 0.14
9 87 0.169
9 89 0.22
10 11 0.785
10 30 0.822
10 39 0.522
10 99 0.548
10 31 0.195
10 35 0.112
10 69 0.501
10 20 0.161
10 27 0.136
10 32 0.086
10 33 0.175
10 38 0.315
10 41 0.15
10 54 0.12
10 57 0.176
10 61 0.139
10 68 0.162
10 75 0.143
10 81 0.217
10 83 0.179
10 89 0.131
10 97 0.133
10 12 0.161
10 13 0.145
10 14 0.184
10 15 0.14
10 22 0.136
10 28 0.156
10 37 0.128
10 44 0.157
10 46 0.143
10 48 0.128
10 52 0.14
10 56 0.15
10 58 0.156
10 70 0.131
10 73 0.115
10 78 0.191
10 85 0.104
10 86 0.152
10 90 0.155
11 14 0.91
11 21 0.72
11 27 0.639
11 49 0.694
11 68 0.655
11 69 1
11 90 0.742
11 97 1
11 37 0.275
11 44 0.174
11 64 0.132
11 78 0.383
11 12 0.158
11 43 0.16
11 19 0.252
11 47 0.133
11 50 0.174
11 57 0.026
11 70 0.086
11 77 0.113
11 85 0.205
11 15 0.18
11 26 0.169
11 28 0.1
11 30 0.12
11 31 0.099
11 32 0.197
11 34 0.132
11 35 0.126
11 41 0.132
11 42 0.124
11 48 0.167
11 52 0.171
11 55 0.145
11 56 0.131
11 60 0.14
11 80 0.19
11 84 0.158
11 87 0.175
11 92 0.159
11 96 0.162
11 99 0.221
12 16 0.654
12 43 0.536
12 45 0.776
12 60 0.501
12 91 1
12 24 0.296
12 25 0.27
12 46 0.175
12 56 0.129
12 69 0.057
12 49 0.274
12 81 0.256
12 28 0.155
12 48 0.053
12 52 0.139
12 65 0.182
12 76 0.343
12 85 0.178
12 90 0.129
12 93 0.131
12 95 0.338
12 15 0.134
12 17 0.113
12 19 0.235
12 22 0.101
12 26 0.11
12 29 0.175
12 31 0.097
12 34 0.154
12 37 0.163
12 39 0.165
12 40 0.121
12 50 0.139
12 51 0.221
12 53 0.13
12 55 0.107
12 57 0.18
12 58 0.138
12 68 0.183
12 73 0.105
12 78 0.133
12 79 0.09
12 82 0.193
12 83 0.123
12 84 0.108
12 97 0.186
12 98 0.193
13 34 0.767
13 42 0.683
13 57 0.761
13 59 0.522
13 88 0.759
13 91 0.714
13 95 0.885
13 39 0.005
13 69 0.151
13 80 0.067
13 89 0.18
13 96 0.053
13 18 0.164
13 26 0.124
13 28 0.106
13 33 0.067
13 36 0.245
13 56 0.16
13 73 0.253
13 75 0.207
13 77 0.173
13 15 0.179
13 17 0.147
13 27 0.195
13 31 0.17
13 38 0.146
13 40 0.142
13 41 0.131
13 43 0.15
13 44 0.208
13 45 0.142
13 46 0.17
13 48 0.129
13 54 0.168
13 61 0.117
13 64 0.128
13 72 0.116
13 82 0.17
13 86 0.125
13 93 0.14
13 97 0.218
13 98 0.141
14 30 0.714
14 42 0.754
14 56 0.922
14 63 0.583
14 73 1
14 52 0.569
14 35 0.122
14 17 0.546
14 32 0.187
14 59 0.126
14 62 0.175
14 72 0.234
14 77 0.165
14 81 0.16
14 88 0.256
14 95 0.041
14 19 0.171
14 20 0.171
14 21 0.143
14 25 0.142
14 28 0.191
14 31 0.158
14 39 0.153
14 40 0.161
14 45 0.161
14 48 0.129
14 50 0.103
14 66 0.15
14 68 0.155
14 69 0.192
14 83 0.167
14 85 0.143
14 89 0.146
14 92 0.164
14 93 0.217
14 94 0.153
14 97 0.133
15 32 0.675
15 45 0.813
15 47 0.968
15 48 0.815
15 57 0.881
15 59 0.799
15 66 0.579
15 68 0.91
15 69 0.612
15 70 0.669
15 75 0.892
15 76 0.809
15 92 0.602
15 82 0.319
15 22 0.396
15 41 0.039
15 77 0.029
15 35 0.265
15 53 0.159
15 54 0.055
15 60 0.276
15 63 0.088
15 89 0.019
15 27 0.179
15 39 0.206
15 61 0.199
15 72 0.17
15 73 0.167
15 91 0.158
15 99 0.118
15 16 0.155
15 17 0.148
15 19 0.107
15 21 0.129
15 25 0.161
15 26 0.126
15 34 0.109
15 37 0.162
15 40 0.13
15 43 0.162
15 62 0.163
15 79 0.15
15 81 0.156
15 85 0.163
15 93 0.149
15 94 0.152
16 26 0.815
16 27 0.945
16 28 0.564
16 72 0.745
16 33 0.246
16 35 0.651
16 63 0.053
16 89 0.014
16 21 0.147
16 39 0.176
16 69 0.145
16 75 0.04
16 18 0.107
16 19 0.221
16 57 0.075
16 58 0.462
16 85 0.158
16 88 0.176
16 20 0.13
16 30 0.145
16 46 0.133
16 50 0.149
16 53 0.099
16 60 0.107
16 74 0.162
16 77 0.118
16 79 0.192
16 90 0.089
16 91 0.152
16 93 0.136
16 99 0.162
17 20 0.716
17 41 0.867
17 43 0.866
17 51 0.976
17 67 0.669
17 91 0.202
17 33 0.132
17 44 0.248
17 76 0.179
17 84 0.241
17 87 0.124
17 21 0.18
17 24 0.206
17 27 0.085
17 56 0.144
17 59 0.152
17 68 0.169
17 74 0.157
17 90 0.115
17 98 0.161
17 99 0.111
17 28 0.153
17 34 0.139
17 38 0.152
17 39 0.201
17 48 0.152
17 49 0.175
17 52 0.106
17 61 0.134
17 72 0.137
17 75 0.13
17 77 0.162
17 78 0.121
17 82 0.147
17 88 0.153
17 96 0.093
18 45 0.553
18 62 1
18 64 0.53
18 69 0.953
18 95 0.543
18 34 0.199
18 76 0.111
18 24 0.197
18 71 0.066
18 32 0.231
18 47 0.103
18 66 0.283
18 43 0.089
18 65 0.148
18 97 0.363
18 22 0.142
18 23 0.163
18 26 0.209
18 30 0.144
18 35 0.103
18 36 0.118
18 39 0.15
18 41 0.106
18 42 0.201
18 48 0.092
18 51 0.141
18 53 0.115
18 54 0.182
18 55 0.149
18 59 0.187
18 60 0.163
18 61 0.15
18 68 0.157
18 72 0.201
18 73 0.167
18 77 0.156
18 78 0.165
18 82 0.171
18 86 0.145
18 89 0.148
18 96 0.119
19 26 0.683
19 36 0.748
19 44 0.752
19 68 0.206
19 74 0.17
19 38 0.156
19 24 0.17
19 49 0.144
19 53 0.2
19 57 0.266
19 75 0.161
19 94 0.125
19 22 0.149
19 34 0.153
19 37 0.104
19 40 0.158
19 43 0.154
19 54 0.184
19 56 0.173
19 60 0.128
19 61 0.177
19 63 0.158
19 71 0.153
19 77 0.193
19 78 0.148
19 79 0.217
19 81 0.152
19 82 0.177
19 84 0.184
19 88 0.098
19 90 0.141
19 96 0.17
19 98 0.191
20 47 0.858
20 71 0.591
20 76 0.522
20 78 0.521
20 41 0.198
20 42 0.15
20 75 0.248
20 82 0.248
20 59 0.143
20 60 0.213
20 77 0.147
20 93 0.156
20 26 0.209
20 53 0.122
20 55 0.196
20 79 0.124
20 99 0.222
20 21 0.165
20 29 0.076
20 31 0.142
20 32 0.162
20 33 0.134
20 34 0.152
20 37 0.162
20 39 0.187
20 45 0.111
20 51 0.192
20 52 0.162
20 56 0.117
20 57 0.121
20 62 0.161
20 64 0.205
20 65 0.138
20 67 0.112
20 69 0.162
20 81 0.149
20 83 0.166
20 84 0.144
20 88 0.132
20 91 0.184
20 92 0.118
20 94 0.138
20 95 0.207
21 44 0.875
21 56 0.836
21 62 0.625
21 80 0.941
21 26 0.077
21 63 0.173
21 37 0.175
21 50 0.136
21 59 0.283
21 66 0.07
21 84 0.122
21 93 0.061
21 27 0.175
21 29 0.157
21 30 0.135
21 34 0.184
21 40 0.17
21 42 0.09
21 45 0.144
21 49 0.117
21 52 0.167
21 57 0.137
21 58 0.141
21 61 0.183
21 69 0.13
21 70 0.149
21 73 0.166
21 75 0.139
21 76 0.163
21 77 0.156
21 82 0.158
21 88 0.113
21 92 0.148
21 94 0.163
21 96 0.131
21 97 0.147
22 50 0.715
22 61 1
22 63 0.776
22 80 0.691
22 89 0.696
22 76 0.075
22 30 0.537
22 33 0.145
22 46 0.164
22 48 0.071
22 88 0.144
22 28 0.206
22 64 0.245
22 79 0.201
22 25 0.185
22 38 0.139
22 40 0.178
22 41 0.142
22 47 0.132
22 52 0.142
22 53 0.202
22 65 0.134
22 70 0.172
22 72 0.125
22 73 0.137
22 74 0.173
22 75 0.165
22 81 0.138
22 83 0.115
22 84 0.133
22 86 0.133
22 91 0.22
22 96 0.138
23 47 0.256
23 27 0.453
23 41 0.133
23 32 0.29
23 35 0.078
23 36 0.212
23 43 0.142
23 76 0.157
23 77 0.114
23 78 0.173
23 89 0.121
23 29 0.162
23 31 0.187
23 38 0.16
23 40 0.151
23 45 0.188
23 52 0.091
23 53 0.101
23 54 0.188
23 55 0.134
23 57 0.191
23 58 0.235
23 68 0.121
23 71 0.129
23 74 0.211
23 79 0.17
23 80 0.154
23 83 0.083
23 91 0.175
23 94 0.141
24 55 0.741
24 91 0.758
24 49 0.416
24 58 0.165
24 26 0.15
24 29 0.165
24 30 0.12
24 38 0.152
24 39 0.27
24 45 0.197
24 48 0.17
24 52 0.003
24 56 0.147
24 64 0.291
24 65 0.135
24 27 0.16
24 40 0.164
24 41 0.139
24 44 0.1
24 51 0.18
24 59 0.148
24 66 0.173
24 68 0.112
24 71 0.189
24 72 0.153
24 74 0.182
24 75 0.186
24 77 0.121
24 79 0.155
24 82 0.166
24 83 0.139
24 84 0.148
24 92 0.173
25 59 0.977
25 69 0.717
25 92 0.691
25 80 0.116
25 33 0.122
25 49 0.216
25 26 0.295
25 72 0.128
25 79 0.147
25 87 0.185
25 30 0.137
25 31 0.14
25 34 0.179
25 35 0.101
25 38 0.127
25 39 0.132
25 40 0.148
25 41 0.105
25 46 0.151
25 50 0.15
25 54 0.182
25 57 0.169
25 62 0.204
25 66 0.152
25 74 0.15
25 76 0.091
25 83 0.15
25 88 0.14
25 89 0.177
25 91 0.178
25 95 0.172
26 30 0.663
26 35 0.866
26 45 0.978
26 95 0.878
26 28 0.011
26 72 0.178
26 31 0.153
26 32 0.162
26 39 0.166
26 64 0.159
26 66 0.37
26 83 0.117
26 84 0.2
26 94 0.146
26 27 0.137
26 37 0.162
26 42 0.167
26 43 0.11
26 47 0.208
26 50 0.176
26 54 0.146
26 56 0.093
26 57 0.154
26 60 0.121
26 67 0.145
26 68 0.204
26 74 0.136
26 77 0.154
26 80 0.209
26 81 0.145
26 85 0.168
26 88 0.109
26 91 0.146
26 98 0.156
27 49 0.8
27 51 0.94
27 75 0.368
27 28 0.064
27 32 0.254
27 35 0.18
27 43 0.045
27 44 0.152
27 54 0.193
27 78 0.379
27 85 0.164
27 86 0.1
27 94 0.125
27 36 0.142
27 37 0.139
27 38 0.125
27 45 0.166
27 46 0.14
27 53 0.136
27 58 0.093
27 59 0.143
27 60 0.155
27 63 0.146
27 65 0.145
27 71 0.195
27 72 0.176
27 77 0.164
27 79 0.176
27 80 0.168
27 90 0.183
27 95 0.164
27 96 0.147
27 97 0.144
27 98 0.138
28 31 0.818
28 41 0.626
28 65 0.593
28 92 0.856
28 93 1
28 94 0.649
28 72 0.071
28 43 0.124
28 70 0.158
28 83 0.398
28 90 0.042
28 96 0.029
28 34 0.127
28 52 0.184
28 61 0.024
28 91 0.044
28 32 0.159
28 35 0.113
28 45 0.112
28 46 0.219
28 48 0.168
28 56 0.131
28 60 0.181
28 68 0.113
28 69 0.152
28 74 0.138
28 76 0.145
28 85 0.176
28 95 0.181
28 97 0.128
28 99 0.178
29 39 0.799
29 56 0.738
29 59 0.872
29 94 0.569
29 60 0.295
29 77 0.149
29 36 0.139
29 37 0.268
29 41 0.243
29 46 0.151
29 48 0.104
29 55 0.124
29 82 0.162
29 42 0.167
29 45 0.12
29 51 0.207
29 57 0.165
29 62 0.083
29 67 0.137
29 71 0.147
29 72 0.153
29 74 0.118
29 83 0.159
29 87 0.155
29 97 0.217
30 33 0.905
30 35 0.702
30 38 0.719
30 44 0.926
30 51 0.884
30 69 0.875
30 76 0.722
30 80 1
30 82 0.591
30 98 0.871
30 57 0.123
30 77 0.175
30 89 0.239
30 52 0.104
30 54 0.324
30 65 0.316
30 93 0.313
30 37 0.225
30 39 0.168
30 40 0.146
30 41 0.124
30 55 0.206
30 56 0.159
30 61 0.16
30 66 0.153
30 74 0.185
30 75 0.148
30 81 0.19
30 83 0.168
30 86 0.183
30 90 0.164
30 92 0.182
30 96 0.104
30 97 0.111
31 39 0.831
31 70 0.619
31 90 0.506
31 37 0.557
31 75 0.148
31 83 0.229
31 38 0.147
31 44 0.12
31 51 0.18
31 52 0.138
31 74 0.194
31 82 0.168
31 88 0.195
31 40 0.173
31 41 0.143
31 45 0.162
31 49 0.161
31 58 0.177
31 73 0.163
31 81 0.183
31 84 0.14
31 86 0.174
31 93 0.154
31 96 0.12
31 98 0.122
32 62 0.817
32 86 0.934
32 93 0.537
32 82 0.29
32 54 0.301
32 61 0.096
32 74 0.392
32 36 0.096
32 40 0.207
32 70 0.14
32 75 0.146
32 89 0.189
32 98 0.183
32 38 0.151
32 39 0.153
32 47 0.197
32 52 0.15
32 66 0.122
32 71 0.147
32 76 0.083
32 85 0.141
32 88 0.169
32 90 0.148
33 66 1
33 92 0.723
33 96 0.82
33 98 0.072
33 67 0.081
33 83 0.2
33 60 0.13
33 77 0.199
33 79 0.17
33 36 0.167
33 40 0.167
33 42 0.166
33 45 0.098
33 48 0.121
33 50 0.117
33 53 0.221
33 55 0.162
33 57 0.141
33 65 0.106
33 73 0.174
33 74 0.155
33 78 0.125
33 81 0.147
33 93 0.136
33 97 0.193
33 99 0.152
34 51 0.579
34 67 0.935
34 76 0.759
34 78 0.673
34 85 0.645
34 86 0.691
34 98 0.596
34 48 0.2
34 47 0.277
34 52 0.159
34 58 0.123
34 59 0.016
34 63 0.206
34 66 0.082
34 69 0.049
34 70 0.144
34 73 0.11
34 77 0.083
34 83 0.156
34 94 0.148
34 45 0.137
34 53 0.139
34 54 0.129
34 55 0.171
34 56 0.182
34 81 0.19
34 84 0.112
34 87 0.18
34 88 0.14
34 92 0.142
34 95 0.165
34 96 0.192
35 57 0.661
35 74 0.144
35 53 0.171
35 75 0.115
35 80 0.244
35 97 0.061
35 39 0.108
35 43 0.155
35 61 0.055
35 66 0.125
35 91 0.148
35 36 0.125
35 38 0.225
35 40 0.163
35 59 0.146
35 60 0.136
35 62 0.168
35 68 0.115
35 77 0.146
35 79 0.139
35 82 0.172
35 87 0.184
35 94 0.182
35 95 0.207
35 99 0.104
36 60 0.658
36 69 0.727
36 37 0.264
36 75 0.218
36 44 0.191
36 55 0.158
36 63 0.129
36 81 0.199
36 89 0.093
36 91 0.229
36 38 0.155
36 45 0.155
36 46 0.163
36 50 0.176
36 62 0.172
36 66 0.094
36 74 0.161
36 76 0.132
36 77 0.17
36 84 0.123
36 87 0.127
36 98 0.194
36 99 0.199
37 41 0.887
37 57 0.584
37 63 1
37 74 0.627
37 78 1
37 79 0.891
37 99 0.642
37 42 0.209
37 48 0.117
37 49 0.225
37 47 0.099
37 52 0.19
37 55 0.171
37 70 0.137
37 94 0.114
37 95 0.099
37 38 0.149
37 39 0.16
37 45 0.123
37 59 0.158
37 61 0.165
37 62 0.152
37 68 0.189
37 75 0.198
37 76 0.193
37 89 0.191
37 98 0.196
38 67 0.985
38 70 0.925
38 76 0.897
38 53 0.518
38 82 0.292
38 48 0.159
38 91 0.335
38 95 0.154
38 39 0.128
38 49 0.17
38 63 0.151
38 65 0.179
38 88 0.223
38 40 0.117
38 42 0.18
38 43 0.194
38 44 0.117
38 46 0.147
38 47 0.148
38 52 0.202
38 56 0.119
38 64 0.162
38 66 0.103
38 69 0.159
38 80 0.155
38 81 0.163
38 83 0.172
38 84 0.089
38 87 0.177
38 89 0.115
39 42 1
39 48 0.789
39 70 0.641
39 78 0.627
39 79 0.557
39 73 0.503
39 47 0.077
39 75 0.152
39 91 0.222
39 44 0.068
39 59 0.127
39 67 0.227
39 53 0.133
39 60 0.043
39 66 0.202
39 71 0.134
39 46 0.189
39 55 0.151
39 57 0.15
39 58 0.113
39 65 0.155
39 68 0.181
39 80 0.128
39 81 0.134
39 84 0.146
39 85 0.115
39 87 0.138
39 92 0.136
39 97 0.181
40 48 0.632
40 60 0.538
40 97 0.443
40 55 0.198
40 58 0.159
40 62 0.155
40 64 0.249
40 68 0.153
40 86 0.145
40 91 0.097
40 94 0.076
40 98 0.116
40 41 0.2
40 45 0.131
40 46 0.102
40 56 0.08
40 59 0.138
40 63 0.1
40 66 0.209
40 67 0.156
40 71 0.141
40 72 0.17
40 75 0.122
40 76 0.215
40 81 0.2
40 90 0.184
40 96 0.147
41 81 0.782
41 93 0.079
41 47 0.12
41 49 0.098
41 53 0.094
41 68 0.141
41 74 0.197
41 77 0.136
41 44 0.201
41 55 0.217
41 57 0.202
41 60 0.138
41 61 0.181
41 62 0.174
41 63 0.184
41 67 0.164
41 70 0.107
41 71 0.182
41 72 0.162
41 73 0.085
41 76 0.15
41 83 0.175
41 85 0.128
41 86 0.097
41 88 0.154
41 89 0.157
41 91 0.187
41 98 0.181
42 60 0.607
42 84 0.829
42 94 0.404
42 52 0.256
42 55 0.103
42 83 0.077
42 56 0.252
42 57 0.242
42 58 0.156
42 62 0.12
42 74 0.208
42 82 0.132
42 95 0.195
42 98 0.176
42 44 0.12
42 46 0.191
42 50 0.158
42 54 0.137
42 65 0.212
42 66 0.077
42 70 0.125
42 75 0.135
42 77 0.137
42 80 0.182
42 81 0.125
42 91 0.144
43 45 1
43 71 0.779
43 77 0.906
43 79 0.506
43 87 0.2
43 46 0.056
43 97 0.152
43 47 0.223
43 56 0.317
43 74 0.074
43 49 0.163
43 50 0.186
43 60 0.115
43 61 0.169
43 63 0.166
43 65 0.084
43 69 0.097
43 72 0.119
43 75 0.13
43 80 0.086
43 94 0.152
43 95 0.143
44 86 0.492
44 96 1
44 97 0.679
44 60 0.065
44 47 0.154
44 57 0.015
44 61 0.012
44 73 0.171
44 92 0.313
44 45 0.153
44 50 0.13
44 53 0.204
44 54 0.177
44 55 0.109
44 62 0.142
44 65 0.092
44 66 0.101
44 69 0.142
44 71 0.158
44 74 0.12
44 83 0.137
44 85 0.104
44 89 0.098
44 93 0.13
44 94 0.141
45 46 0.533
45 58 0.774
45 71 0.752
45 75 0.644
45 53 0.137
45 84 0.125
45 86 0.255
45 77 0.216
45 93 0.313
45 96 0.188
45 48 0.137
45 51 0.129
45 52 0.118
45 56 0.126
45 69 0.184
45 70 0.128
45 72 0.162
45 76 0.148
45 78 0.16
45 80 0.171
45 82 0.134
45 83 0.183
45 97 0.115
45 99 0.155
46 49 0.925
46 66 0.879
46 88 0.707
46 92 0.84
46 93 0.556
46 98 0.801
46 99 1
46 50 0.03
46 53 0.095
46 81 0.118
46 64 0.158
46 70 0.168
46 79 0.037
46 84 0.136
46 47 0.16
46 56 0.179
46 59 0.161
46 62 0.198
46 63 0.161
46 68 0.192
46 72 0.141
46 78 0.176
46 80 0.143
46 87 0.216
46 89 0.15
46 94 0.148
47 49 0.66
47 50 0.76
47 55 1
47 65 0.914
47 71 0.959
47 72 0.986
47 80 0.588
47 86 0.819
47 89 1
47 52 0.263
47 54 0.323
47 91 0.177
47 66 0.297
47 78 0.322
47 48 0.137
47 56 0.177
47 57 0.145
47 62 0.162
47 64 0.123
47 67 0.171
47 69 0.181
47 74 0.168
47 75 0.15
47 84 0.158
47 88 0.134
47 94 0.129
47 96 0.153
47 97 0.139
47 99 0.138
48 56 0.531
48 66 0.673
48 73 1
48 55 0.18
48 60 0.134
48 64 0.218
48 71 0.094
48 87 0.096
48 92 0.17
48 52 0.131
48 58 0.122
48 62 0.186
48 69 0.043
48 74 0.199
48 75 0.163
48 78 0.164
48 80 0.113
48 83 0.083
48 84 0.147
48 96 0.121
49 52 0.735
49 79 0.998
49 80 0.778
49 83 0.765
49 86 0.146
49 76 0.019
49 98 0.113
49 58 0.242
49 87 0.178
49 50 0.178
49 51 0.133
49 54 0.1
49 57 0.132
49 62 0.178
49 63 0.17
49 67 0.174
49 69 0.171
49 72 0.151
49 77 0.138
49 88 0.169
49 94 0.165
50 57 0.918
50 82 0.986
50 96 0.515
50 55 0.265
50 92 0.047
50 51 0.066
50 52 0.174
50 61 0.114
50 66 0.026
50 81 0.28
50 53 0.198
50 54 0.143
50 59 0.126
50 69 0.171
50 71 0.112
50 72 0.185
50 73 0.116
50 78 0.175
50 85 0.135
50 90 0.15
51 69 0.605
51 84 0.735
51 93 0.721
51 98 0.997
51 83 0.128
51 54 0.157
51 60 0.088
51 77 0.18
51 88 0.119
51 90 0.198
51 55 0.14
51 58 0.108
51 59 0.155
51 63 0.134
51 66 0.168
51 70 0.139
51 75 0.152
51 78 0.148
51 82 0.151
51 92 0.187
51 94 0.18
52 70 0.607
52 75 0.759
52 82 0.742
52 96 0.192
52 63 0.103
52 66 0.033
52 60 0.311
52 55 0.161
52 71 0.168
52 88 0.165
52 89 0.177
52 97 0.149
52 53 0.178
52 58 0.171
52 59 0.162
52 65 0.166
52 79 0.125
52 83 0.133
52 85 0.116
52 86 0.183
52 90 0.106
52 91 0.163
52 94 0.187
53 72 0.818
53 85 0.134
53 84 0.167
53 97 0.195
53 58 0.234
53 62 0.095
53 68 0.12
53 69 0.107
53 73 0.098
53 82 0.021
53 98 0.17
53 55 0.229
53 57 0.134
53 60 0.118
53 70 0.065
53 78 0.137
53 80 0.129
53 83 0.111
53 89 0.189
53 90 0.114
53 94 0.166
53 99 0.105
54 65 0.722
54 74 0.644
54 82 0.936
54 88 0.964
54 93 0.599
54 55 0.343
54 58 0.196
54 89 0.19
54 94 0.171
54 57 0.289
54 66 0.14
54 68 0.159
54 70 0.002
54 80 0.144
54 59 0.172
54 60 0.154
54 63 0.138
54 64 0.206
54 77 0.186
54 81 0.193
54 83 0.183
54 84 0.143
54 86 0.17
54 98 0.128
55 72 0.004
55 67 0.354
55 83 0.184
55 62 0.291
55 94 0.155
55 60 0.189
55 68 0.116
55 79 0.131
55 90 0.197
55 99 0.139
56 68 0.723
56 87 0.867
56 98 0.796
56 92 0.129
56 63 0.284
56 66 0.126
56 78 0.233
56 90 0.264
56 73 0.13
56 74 0.126
56 80 0.13
56 85 0.126
56 58 0.146
56 67 0.127
56 69 0.169
56 71 0.227
56 72 0.126
56 77 0.098
56 81 0.146
56 82 0.189
56 93 0.145
56 94 0.144
56 96 0.202
57 76 0.752
57 85 0.884
57 69 0.032
57 73 0.12
57 88 0.078
57 61 0.147
57 93 0.119
57 95 0.165
57 58 0.157
57 62 0.108
57 65 0.115
57 71 0.142
57 74 0.173
57 75 0.153
57 80 0.08
57 81 0.102
57 82 0.164
57 87 0.118
57 89 0.138
58 90 0.775
58 98 0.752
58 88 0.333
58 96 0.386
58 84 0.177
58 64 0.107
58 69 0.374
58 73 0.15
58 89 0.164
58 62 0.127
58 70 0.189
58 71 0.167
58 72 0.17
58 75 0.097
58 76 0.174
58 81 0.225
58 87 0.075
58 93 0.211
58 99 0.145
59 60 1
59 73 0.857
59 77 1
59 75 0.048
59 76 0.125
59 81 0.262
59 64 0.144
59 65 0.11
59 66 0.116
59 69 0.178
59 74 0.152
59 84 0.185
59 86 0.163
59 87 0.115
59 90 0.146
59 92 0.167
59 99 0.243
60 81 0.731
60 94 1
60 69 0.574
60 88 0.131
60 62 0.154
60 66 0.222
60 67 0.175
60 74 0.128
60 85 0.233
60 72 0.15
60 83 0.161
60 84 0.092
60 98 0.177
60 99 0.142
61 86 0.676
61 88 1
61 83 0.161
61 92 0.242
61 70 0.159
61 79 0.153
61 98 0.007
61 69 0.115
61 72 0.185
61 78 0.099
61 84 0.19
61 89 0.166
61 90 0.155
61 91 0.194
61 94 0.174
61 97 0.153
62 70 0.88
62 84 0.573
62 90 0.079
62 80 0.158
62 78 0.201
62 98 0.166
62 64 0.187
62 67 0.194
62 75 0.138
62 76 0.104
62 82 0.135
62 83 0.178
62 88 0.126
62 91 0.185
62 92 0.114
62 93 0.14
62 95 0.14
62 97 0.103
63 80 0.87
63 85 0.609
63 93 0.88
63 65 0.242
63 67 0.145
63 70 0.181
63 71 0.124
63 84 0.181
63 97 0.152
63 72 0.169
63 73 0.112
63 74 0.178
63 79 0.15
63 82 0.162
63 83 0.164
63 88 0.104
63 91 0.168
63 98 0.134
64 65 0.575
64 68 0.89
64 69 0.839
64 79 0.808
64 92 0.553
64 71 0.277
64 99 0.332
64 89 0.172
64 83 0.28
64 86 0.171
64 66 0.109
64 70 0.146
64 73 0.158
64 74 0.185
64 80 0.16
65 83 0.938
65 85 0.924
65 98 0.736
65 77 0.138
65 84 0.307
65 86 0.105
65 72 0.133
65 67 0.143
65 78 0.179
65 90 0.169
65 93 0.148
65 95 0.136
65 96 0.195
66 86 0.565
66 94 0.504
66 92 0.012
66 77 0.414
66 91 0.254
66 68 0.248
66 70 0.18
66 79 0.128
66 81 0.135
66 95 0.129
66 71 0.125
66 78 0.143
66 83 0.182
66 89 0.177
66 96 0.118
66 99 0.152
67 73 1
67 76 0.997
67 87 0.644
67 93 0.885
67 94 0.623
67 99 0.914
67 72 0.397
67 71 0.28
67 77 0.077
67 80 0.047
67 82 0.205
67 85 0.131
67 70 0.131
67 74 0.104
67 78 0.131
67 81 0.161
67 95 0.143
67 98 0.121
68 82 0.751
68 98 0.63
68 76 0.132
68 73 0.145
68 94 0.13
68 77 0.129
68 78 0.146
68 80 0.148
68 83 0.131
68 84 0.139
68 85 0.15
68 86 0.139
68 89 0.171
68 90 0.169
68 93 0.129
68 95 0.167
68 99 0.164
69 71 0.992
69 84 0.881
69 86 0.755
69 77 0.099
69 99 0.12
69 70 0.19
69 83 0.156
69 85 0.13
69 93 0.183
69 94 0.18
69 95 0.15
69 97 0.182
70 84 0.795
70 73 0.284
70 82 0.128
70 94 0.147
70 74 0.148
70 75 0.161
70 79 0.125
70 83 0.162
70 86 0.151
70 87 0.173
70 91 0.13
70 92 0.155
70 96 0.122
71 78 0.575
71 95 0.82
71 72 0.149
71 76 0.195
71 96 0.152
71 74 0.177
71 75 0.205
71 77 0.098
71 84 0.146
71 89 0.154
71 90 0.095
71 91 0.154
71 93 0.115
72 79 0.815
72 93 0.806
72 98 0.944
72 99 0.709
72 86 0.279
72 77 0.029
72 73 0.116
72 75 0.154
72 76 0.149
72 80 0.127
72 85 0.145
72 89 0.15
72 90 0.164
72 91 0.146
72 94 0.141
73 82 0.56
73 89 0.643
73 93 0.702
73 79 0.111
73 81 0.257
73 75 0.11
73 88 0.137
73 90 0.227
73 95 0.139
73 96 0.195
74 85 0.709
74 95 0.692
74 79 0.114
74 78 0.192
74 89 0.149
74 76 0.168
74 77 0.17
74 82 0.191
74 86 0.084
74 93 0.125
74 97 0.125
75 86 0.783
75 97 0.733
75 81 0.236
75 95 0.081
75 87 0.034
75 89 0.079
75 76 0.105
75 78 0.173
75 88 0.103
75 94 0.126
75 98 0.124
76 78 0.643
76 95 0.554
76 83 0.55
76 77 0.146
76 79 0.127
76 82 0.178
76 87 0.185
76 89 0.168
76 90 0.171
76 97 0.175
76 98 0.165
77 82 0.306
77 87 0.339
77 95 0.078
77 80 0.132
77 88 0.163
77 89 0.127
77 96 0.147
78 79 0.859
78 91 0.837
78 83 0.553
78 88 0.121
78 87 0.026
78 92 0.11
78 80 0.101
78 82 0.149
78 84 0.114
78 89 0.15
78 93 0.145
78 94 0.136
78 95 0.146
78 97 0.111
78 98 0.156
79 82 0.802
79 85 0.835
79 87 0.623
79 89 0.877
79 80 0.094
79 95 0.165
79 99 0.138
80 92 0.157
80 95 0.097
80 87 0.205
80 88 0.139
80 90 0.121
80 93 0.147
80 94 0.155
80 99 0.217
81 97 1
81 88 0.105
81 96 0.11
81 86 0.164
81 89 0.14
81 90 0.131
81 92 0.175
81 94 0.136
81 99 0.133
82 84 0.858
82 91 0.678
82 97 0.869
82 86 0.161
82 87 0.114
82 88 0.18
82 89 0.175
82 96 0.145
82 99 0.154
83 89 0.846
83 92 0.91
83 94 1
83 96 0.779
83 98 0.204
83 87 0.144
83 90 0.207
84 98 0.393
84 87 0.146
84 85 0.164
84 86 0.242
84 88 0.099
84 93 0.162
84 94 0.134
84 99 0.18
85 90 0.725
85 94 0.144
85 88 0.227
85 91 0.173
85 92 0.167
85 96 0.137
86 96 0.143
86 89 0.114
86 98 0.156
86 90 0.133
86 97 0.125
87 90 0.2
87 94 0.1
88 95 0.687
88 99 0.65
88 90 0.169
88 98 0.158
88 92 0.257
88 93 0.155
89 92 0.84
89 93 0.141
89 90 0.161
89 91 0.123
89 97 0.117
90 97 0.739
90 99 0.509
90 92 0.179
91 95 0.182
91 97 0.187
91 99 0.135
92 95 0.204
93 99 0.111
94 96 0.128
94 98 0.074
94 99 0.359
94 97 0.166
95 98 0.05
95 96 0.101
97 99 0.152
98 99 0.917
