0 9 0.831
0 59 0.732
0 76 0.752
0 78 0.954
0 94 0.632
0 47 0.145
0 27 0.024
0 98 0.105
0 33 0.028
0 40 0.191
0 73 0.168
0 85 0.182
0 2 0.112
0 3 0.205
0 12 0.18
0 13 0.146
0 17 0.207
0 31 0.068
0 32 0.442
0 44 0.138
0 54 0.147
0 56 0.096
0 65 0.358
0 75 0.29
0 14 0.174
0 16 0.14
0 19 0.099
0 21 0.174
0 24 0.191
0 28 0.143
0 37 0.109
0 42 0.184
0 51 0.195
0 55 0.109
0 58 0.197
0 60 0.131
0 61 0.146
0 62 0.092
0 63 0.103
0 66 0.183
0 67 0.127
0 69 0.131
0 74 0.127
0 81 0.15
0 97 0.137
0 99 0.157
1 15 0.678
1 27 0.924
1 32 0.499
1 64 0.824
1 73 0.164
1 94 0.168
1 43 0.265
1 50 0.049
1 63 0.243
1 81 0.316
1 83 0.191
1 45 0.187
1 46 0.118
1 59 0.227
1 62 0.257
1 70 0.231
1 91 0.05
1 92 0.146
1 99 0.137
1 2 0.15
1 7 0.123
1 8 0.109
1 9 0.136
1 12 0.12
1 14 0.169
1 17 0.143
1 24 0.13
1 38 0.144
1 44 0.165
1 48 0.134
1 49 0.159
1 55 0.119
1 58 0.176
1 65 0.15
1 66 0.116
1 68 0.161
1 72 0.148
1 75 0.153
1 82 0.134
1 87 0.106
1 88 0.17
1 93 0.157
1 95 0.145
1 97 0.138
2 38 0.776
2 58 1
2 64 0.782
2 82 1
2 87 0.618
2 93 0.837
2 35 0.197
2 11 0.001
2 23 0.204
2 24 0.111
2 78 0.123
2 9 0.19
2 10 0.129
2 26 0.214
2 39 0.146
2 48 0.044
2 63 0.185
2 69 0.165
2 77 0.164
2 3 0.168
2 12 0.134
2 19 0.147
2 21 0.175
2 25 0.169
2 27 0.122
2 36 0.186
2 37 0.173
2 41 0.115
2 43 0.091
2 44 0.197
2 45 0.142
2 47 0.138
2 57 0.14
2 66 0.09
2 70 0.093
2 72 0.182
2 73 0.16
2 74 0.148
2 79 0.117
2 80 0.139
2 83 0.135
2 84 0.149
2 86 0.172
2 89 0.169
2 91 0.157
2 92 0.138
3 6 1
3 30 0.563
3 36 0.959
3 47 1
3 49 0.731
3 52 0.983
3 70 0.543
3 82 0.736
3 87 0.71
3 18 0.421
3 13 0.223
3 44 0.165
3 92 0.191
3 14 0.175
3 45 0.145
3 75 0.171
3 80 0.22
3 88 0.334
3 96 0.118
3 7 0.17
3 11 0.116
3 20 0.12
3 29 0.149
3 32 0.155
3 42 0.174
3 48 0.181
3 51 0.1
3 53 0.17
3 54 0.142
3 56 0.125
3 57 0.104
3 59 0.157
3 60 0.171
3 62 0.139
3 67 0.133
3 68 0.155
3 77 0.181
3 83 0.173
3 90 0.147
3 95 0.181
3 99 0.113
4 20 0.964
4 33 0.867
4 56 0.575
4 57 0.512
4 62 1
4 15 0.62
4 54 0.044
4 70 0.191
4 78 0.202
4 98 0.263
4 7 0.16
4 21 0.144
4 35 0.172
4 39 0.019
4 46 0.015
4 67 0.19
4 80 0.227
4 89 0.016
4 91 0.088
4 8 0.072
4 16 0.211
4 17 0.178
4 18 0.159
4 27 0.135
4 29 0.114
4 32 0.166
4 34 0.185
4 37 0.191
4 42 0.131
4 44 0.15
4 61 0.167
4 76 0.203
4 85 0.145
4 90 0.121
4 93 0.08
4 97 0.156
4 99 0.163
5 24 0.89
5 46 0.971
5 56 0.634
5 60 0.799
5 87 0.623
5 39 0.387
5 47 0.172
5 70 0.233
5 10 0.104
5 19 0.028
5 21 0.15
5 23 0.288
5 59 0.133
5 68 0.224
5 73 0.115
5 75 0.188
5 97 0.15
5 99 0.166
5 9 0.099
5 30 0.153
5 31 0.165
5 38 0.154
5 40 0.144
5 42 0.182
5 43 0.161
5 45 0.14
5 49 0.153
5 51 0.104
5 57 0.16
5 58 0.175
5 67 0.144
5 79 0.126
5 80 0.124
5 81 0.119
5 83 0.144
5 89 0.167
5 95 0.151
5 96 0.131
6 9 0.756
6 16 1
6 22 0.764
6 27 0.614
6 29 0.962
6 33 0.74
6 45 0.73
6 48 0.77
6 50 0.94
6 66 0.609
6 71 0.365
6 91 0.215
6 96 0.692
6 99 0.79
6 73 0.251
6 32 0.157
6 15 0.145
6 23 0.239
6 62 0.196
6 67 0.042
6 78 0.178
6 14 0.022
6 18 0.228
6 26 0.149
6 31 0.138
6 39 0.121
6 49 0.155
6 84 0.051
6 92 0.156
6 93 0.052
6 8 0.167
6 12 0.156
6 24 0.172
6 42 0.173
6 46 0.128
6 47 0.162
6 53 0.153
6 59 0.113
6 60 0.165
6 61 0.141
6 68 0.145
6 70 0.142
6 77 0.14
6 90 0.148
6 94 0.161
6 98 0.129
7 41 1
7 42 0.859
7 66 0.599
7 69 0.643
7 91 0.987
7 60 0.132
7 13 0.119
7 23 0.14
7 85 0.166
7 35 0.12
7 36 0.16
7 61 0.142
7 75 0.337
7 77 0.213
7 87 0.268
7 15 0.122
7 30 0.172
7 47 0.021
7 58 0.189
7 74 0.181
7 80 0.229
7 84 0.304
7 89 0.15
7 11 0.185
7 14 0.144
7 20 0.195
7 28 0.217
7 32 0.17
7 33 0.103
7 40 0.117
7 46 0.128
7 51 0.088
7 53 0.13
7 57 0.143
7 59 0.142
7 64 0.207
7 67 0.126
7 70 0.128
7 88 0.111
7 92 0.13
7 98 0.14
8 13 0.996
8 27 1
8 30 0.837
8 33 0.71
8 42 1
8 45 1
8 79 0.591
8 85 0.661
8 17 0.233
8 10 0.076
8 29 0.108
8 95 0.052
8 67 0.315
8 22 0.145
8 46 0.228
8 47 0.165
8 49 0.125
8 69 0.06
8 76 0.14
8 82 0.172
8 14 0.075
8 31 0.174
8 34 0.109
8 40 0.173
8 41 0.121
8 54 0.144
8 55 0.171
8 64 0.164
8 66 0.111
8 70 0.158
8 74 0.167
8 81 0.177
8 83 0.131
8 86 0.16
8 89 0.147
8 91 0.152
8 92 0.157
8 93 0.132
8 97 0.138
9 23 0.951
9 44 0.571
9 57 1
9 58 0.872
9 74 0.502
9 78 0.898
9 99 0.985
9 34 0.178
9 22 0.065
9 68 0.005
9 83 0.54
9 16 0.121
9 87 0.169
9 21 0.151
9 37 0.069
9 47 0.194
9 72 0.09
9 98 0.137
9 11 0.157
9 14 0.107
9 15 0.168
9 18 0.21
9 20 0.186
9 33 0.152
9 46 0.159
9 49 0.135
9 59 0.165
9 71 0.086
9 80 0.124
9 85 0.125
9 86 0.213
9 91 0.121
9 93 0.123
10 11 0.736
10 30 0.776
10 39 0.522
10 99 0.394
10 33 0.175
10 97 0.085
10 44 0.234
10 78 0.229
10 90 0.143
10 18 0.071
10 19 0.087
10 26 0.247
10 60 0.161
10 63 0.124
10 92 0.168
10 95 0.221
10 12 0.136
10 13 0.129
10 14 0.118
10 15 0.163
10 17 0.124
10 22 0.143
10 24 0.119
10 27 0.106
10 42 0.151
10 48 0.146
10 51 0.193
10 53 0.174
10 54 0.148
10 56 0.193
10 57 0.167
10 61 0.134
10 64 0.192
10 81 0.165
10 88 0.164
10 89 0.118
10 96 0.159
11 14 0.99
11 21 0.669
11 27 0.562
11 49 0.694
11 68 0.64
11 69 1
11 90 0.802
11 97 1
11 77 0.021
11 55 0.145
11 80 0.19
11 84 0.207
11 92 0.227
11 99 0.504
11 22 0.152
11 33 0.142
11 46 0.156
11 63 0.139
11 66 0.148
11 67 0.269
11 71 0.177
11 12 0.219
11 19 0.093
11 20 0.174
11 28 0.219
11 31 0.197
11 34 0.166
11 37 0.14
11 39 0.167
11 43 0.124
11 44 0.176
11 45 0.141
11 48 0.143
11 52 0.109
11 53 0.111
11 58 0.164
11 60 0.158
11 61 0.112
11 62 0.185
11 65 0.146
11 70 0.174
11 76 0.211
11 79 0.125
11 85 0.163
11 95 0.158
12 16 0.654
12 43 0.743
12 45 0.714
12 60 0.501
12 91 0.959
12 46 0.17
12 69 0.241
12 48 0.053
12 65 0.161
12 95 0.379
12 19 0.235
12 34 0.133
12 58 0.267
12 35 0.205
12 59 0.186
12 64 0.194
12 71 0.185
12 15 0.143
12 17 0.14
12 21 0.087
12 26 0.165
12 29 0.145
12 32 0.101
12 37 0.143
12 42 0.14
12 50 0.177
12 55 0.086
12 63 0.166
12 67 0.165
12 68 0.097
12 70 0.086
12 78 0.163
12 85 0.165
12 86 0.097
12 87 0.14
12 92 0.125
12 96 0.115
13 34 0.988
13 42 0.599
13 57 0.596
13 59 0.615
13 88 0.865
13 91 0.583
13 95 0.758
13 69 0.07
13 96 0.05
13 75 0.356
13 40 0.209
13 44 0.262
13 64 0.022
13 16 0.024
13 80 0.136
13 83 0.171
13 85 0.134
13 87 0.159
13 90 0.207
13 15 0.19
13 18 0.18
13 21 0.162
13 22 0.213
13 30 0.122
13 32 0.125
13 33 0.13
13 35 0.139
13 41 0.126
13 48 0.155
13 49 0.108
13 56 0.12
13 60 0.125
13 61 0.14
13 66 0.167
13 68 0.184
13 70 0.133
13 76 0.159
13 86 0.144
13 92 0.117
13 94 0.17
13 99 0.111
14 30 0.69
14 42 0.76
14 63 0.581
14 73 1
14 52 0.569
14 17 0.441
14 59 0.126
14 81 0.16
14 45 0.161
14 69 0.192
14 18 0.106
14 24 0.107
14 27 0.136
14 37 0.152
14 58 0.121
14 96 0.513
14 15 0.161
14 16 0.152
14 19 0.125
14 22 0.181
14 25 0.131
14 28 0.209
14 49 0.153
14 53 0.177
14 60 0.107
14 61 0.13
14 71 0.17
14 78 0.112
14 80 0.087
14 86 0.176
14 89 0.173
15 32 0.573
15 45 0.88
15 47 0.968
15 48 0.815
15 57 0.865
15 59 0.78
15 66 0.583
15 68 0.884
15 69 0.609
15 70 0.491
15 75 0.901
15 76 0.773
15 92 0.602
15 19 0.233
15 20 0.193
15 36 0.243
15 51 0.002
15 52 0.119
15 80 0.189
15 83 0.201
15 17 0.191
15 24 0.149
15 29 0.124
15 34 0.147
15 38 0.132
15 53 0.13
15 60 0.183
15 64 0.144
15 81 0.126
15 87 0.109
15 88 0.165
15 91 0.142
15 95 0.163
15 98 0.172
16 26 0.731
16 27 0.945
16 28 0.506
16 72 0.755
16 35 0.651
16 63 0.053
16 69 0.147
16 18 0.042
16 85 0.137
16 30 0.145
16 46 0.28
16 50 0.026
16 29 0.201
16 65 0.079
16 66 0.112
16 87 0.049
16 95 0.12
16 97 0.182
16 98 0.154
16 20 0.169
16 32 0.131
16 42 0.134
16 43 0.144
16 49 0.122
16 51 0.155
16 56 0.189
16 70 0.193
16 74 0.195
16 77 0.145
16 80 0.198
16 92 0.197
16 99 0.181
17 20 0.686
17 41 0.867
17 43 0.866
17 51 1
17 67 0.669
17 74 0.251
17 34 0.13
17 72 0.1
17 77 0.179
17 25 0.234
17 30 0.124
17 31 0.203
17 42 0.187
17 80 0.116
17 81 0.251
17 85 0.018
17 18 0.135
17 33 0.139
17 38 0.064
17 39 0.124
17 40 0.167
17 46 0.169
17 47 0.129
17 48 0.203
17 54 0.18
17 57 0.139
17 58 0.144
17 71 0.117
17 75 0.166
17 78 0.1
17 83 0.14
17 84 0.12
17 88 0.111
17 89 0.144
17 95 0.191
17 97 0.114
17 99 0.12
18 45 0.553
18 62 1
18 69 0.953
18 47 0.191
18 43 0.089
18 23 0.187
18 55 0.372
18 61 0.195
18 68 0.221
18 72 0.201
18 20 0.2
18 67 0.058
18 81 0.214
18 83 0.157
18 84 0.242
18 85 0.26
18 88 0.119
18 19 0.129
18 28 0.125
18 31 0.123
18 32 0.159
18 37 0.191
18 39 0.105
18 40 0.18
18 42 0.148
18 46 0.16
18 50 0.125
18 52 0.174
18 54 0.113
18 56 0.161
18 66 0.118
18 75 0.196
18 78 0.152
18 87 0.131
18 92 0.142
18 96 0.164
19 26 0.683
19 36 0.812
19 44 0.797
19 71 0.148
19 84 0.044
19 41 0.058
19 45 0.043
19 46 0.182
19 58 0.235
19 73 0.196
19 76 0.14
19 89 0.178
19 27 0.12
19 31 0.067
19 35 0.164
19 38 0.115
19 39 0.144
19 40 0.168
19 48 0.162
19 65 0.162
19 66 0.207
19 72 0.164
19 74 0.184
19 80 0.078
19 82 0.176
19 90 0.199
19 92 0.168
19 93 0.141
19 94 0.122
20 47 0.877
20 71 0.648
20 76 0.583
20 78 0.71
20 93 0.098
20 53 0.122
20 29 0.076
20 91 0.229
20 61 0.165
20 66 0.089
20 24 0.146
20 25 0.074
20 37 0.198
20 38 0.146
20 42 0.151
20 48 0.161
20 59 0.106
20 65 0.134
20 73 0.153
20 80 0.13
20 88 0.161
20 89 0.109
20 92 0.18
20 99 0.149
21 44 0.875
21 56 0.836
21 62 0.625
21 80 0.857
21 66 0.07
21 84 0.242
21 58 0.158
21 61 0.183
21 76 0.179
21 88 0.178
21 22 0.103
21 46 0.104
21 72 0.028
21 85 0.344
21 89 0.151
21 27 0.188
21 30 0.14
21 34 0.16
21 35 0.209
21 36 0.138
21 38 0.153
21 39 0.085
21 43 0.136
21 51 0.131
21 54 0.09
21 69 0.139
21 73 0.149
21 74 0.132
21 75 0.169
21 79 0.147
21 81 0.157
21 91 0.154
21 93 0.133
21 94 0.158
21 99 0.123
22 50 0.822
22 61 0.938
22 63 0.629
22 80 0.762
22 89 0.609
22 76 0.076
22 30 0.651
22 70 0.172
22 81 0.072
22 84 0.083
22 23 0.167
22 26 0.023
22 39 0.155
22 49 0.188
22 78 0.168
22 82 0.295
22 83 0.124
22 92 0.17
22 93 0.133
22 25 0.2
22 32 0.165
22 37 0.134
22 38 0.141
22 40 0.202
22 43 0.151
22 44 0.119
22 47 0.153
22 66 0.175
22 68 0.189
22 69 0.148
22 74 0.113
22 87 0.168
22 97 0.153
23 76 0.356
23 89 0.121
23 24 0.226
23 44 0.125
23 48 0.106
23 56 0.159
23 90 0.239
23 92 0.057
23 93 0.125
23 28 0.129
23 37 0.104
23 42 0.192
23 45 0.128
23 49 0.194
23 58 0.161
23 67 0.168
23 75 0.165
23 79 0.152
23 84 0.173
23 85 0.154
24 55 0.594
24 91 0.758
24 39 0.27
24 44 0.1
24 74 0.081
24 60 0.153
24 62 0.159
24 81 0.131
24 98 0.143
24 28 0.115
24 30 0.157
24 31 0.163
24 38 0.114
24 42 0.189
24 46 0.16
24 48 0.192
24 50 0.149
24 51 0.169
24 54 0.176
24 56 0.145
24 57 0.077
24 64 0.177
24 66 0.127
24 69 0.148
24 70 0.172
24 71 0.117
24 73 0.125
24 76 0.167
24 79 0.141
24 87 0.171
24 89 0.155
24 92 0.105
24 93 0.195
24 99 0.143
25 59 1
25 69 0.717
25 92 0.589
25 80 0.099
25 49 0.066
25 36 0.107
25 61 0.141
25 97 0.162
25 99 0.16
25 27 0.179
25 32 0.156
25 37 0.139
25 39 0.174
25 42 0.182
25 46 0.145
25 47 0.161
25 48 0.134
25 51 0.189
25 53 0.174
25 57 0.158
25 60 0.16
25 63 0.18
25 66 0.143
25 68 0.161
25 73 0.184
25 74 0.164
25 76 0.154
25 77 0.177
25 82 0.129
25 83 0.132
25 86 0.137
25 89 0.138
25 95 0.121
25 98 0.13
26 30 0.791
26 35 0.866
26 45 0.916
26 95 0.878
26 66 0.34
26 42 0.332
26 47 0.388
26 50 0.176
26 57 0.383
26 68 0.218
26 98 0.156
26 29 0.105
26 41 0.124
26 56 0.16
26 58 0.054
26 75 0.135
26 79 0.18
26 86 0.146
26 87 0.188
26 27 0.115
26 31 0.173
26 32 0.128
26 33 0.139
26 39 0.186
26 46 0.12
26 48 0.149
26 49 0.096
26 51 0.144
26 52 0.179
26 53 0.144
26 55 0.192
26 60 0.169
26 61 0.154
26 64 0.152
26 70 0.105
26 71 0.129
26 78 0.139
26 80 0.134
26 84 0.109
26 85 0.165
26 90 0.142
26 92 0.151
26 93 0.135
26 96 0.187
27 49 0.8
27 51 0.975
27 75 0.313
27 35 0.152
27 54 0.193
27 78 0.448
27 71 0.199
27 80 0.168
27 95 0.164
27 30 0.133
27 40 0.207
27 43 0.173
27 62 0.166
27 64 0.345
27 67 0.376
27 74 0.182
27 28 0.138
27 36 0.196
27 38 0.177
27 42 0.107
27 46 0.178
27 48 0.14
27 50 0.165
27 52 0.201
27 53 0.088
27 55 0.134
27 60 0.118
27 66 0.178
27 79 0.128
27 84 0.151
27 88 0.159
27 92 0.209
27 99 0.141
28 31 0.859
28 41 0.836
28 65 0.593
28 92 0.856
28 93 1
28 48 0.2
28 56 0.127
28 85 0.024
28 97 0.114
28 63 0.099
28 64 0.126
28 77 0.148
28 80 0.1
28 87 0.236
28 89 0.378
28 98 0.116
28 29 0.171
28 35 0.144
28 37 0.126
28 40 0.182
28 49 0.126
28 53 0.145
28 62 0.143
28 66 0.075
28 71 0.119
28 75 0.135
28 76 0.115
28 91 0.134
28 94 0.171
28 95 0.147
29 39 1
29 56 0.738
29 59 0.967
29 94 0.634
29 82 0.135
29 83 0.159
29 32 0.092
29 35 0.127
29 47 0.123
29 70 0.1
29 78 0.054
29 86 0.175
29 98 0.099
29 33 0.173
29 40 0.177
29 41 0.136
29 44 0.136
29 45 0.139
29 46 0.145
29 50 0.146
29 55 0.154
29 57 0.15
29 61 0.121
29 62 0.169
29 65 0.128
29 66 0.149
29 67 0.15
29 68 0.112
29 73 0.149
29 79 0.177
29 81 0.181
29 88 0.195
29 89 0.154
29 95 0.123
29 96 0.123
30 33 0.905
30 35 0.732
30 38 0.79
30 44 1
30 51 1
30 69 0.882
30 76 0.688
30 80 1
30 82 0.69
30 98 0.851
30 57 0.13
30 55 0.256
30 66 0.153
30 81 0.03
30 83 0.3
30 86 0.479
30 90 0.412
30 97 0.111
30 45 0.171
30 47 0.199
30 50 0.185
30 31 0.199
30 32 0.15
30 41 0.158
30 42 0.119
30 58 0.113
30 62 0.162
30 64 0.154
30 68 0.146
30 71 0.14
30 72 0.179
30 74 0.162
30 78 0.15
30 84 0.125
30 89 0.149
30 94 0.211
30 95 0.191
30 96 0.171
31 39 0.831
31 70 0.513
31 90 0.713
31 37 0.538
31 83 0.148
31 45 0.025
31 49 0.356
31 81 0.098
31 86 0.096
31 47 0.19
31 62 0.061
31 69 0.254
31 78 0.141
31 87 0.169
31 34 0.159
31 41 0.155
31 42 0.141
31 46 0.167
31 51 0.185
31 54 0.159
31 58 0.171
31 59 0.183
31 66 0.181
31 68 0.127
31 77 0.181
31 79 0.086
31 88 0.14
31 91 0.157
31 95 0.193
31 96 0.149
32 62 0.817
32 86 0.926
32 93 0.537
32 74 0.392
32 40 0.399
32 44 0.137
32 45 0.141
32 53 0.153
32 58 0.099
32 65 0.152
32 80 0.136
32 92 0.18
32 38 0.154
32 39 0.171
32 48 0.16
32 49 0.102
32 50 0.116
32 56 0.157
32 57 0.097
32 63 0.107
32 71 0.094
32 76 0.087
32 78 0.142
32 79 0.147
32 81 0.144
32 85 0.157
32 88 0.2
32 98 0.12
32 99 0.166
33 66 0.896
33 92 0.71
33 96 0.82
33 53 0.218
33 99 0.152
33 51 0.088
33 60 0.124
33 80 0.179
33 34 0.098
33 37 0.169
33 40 0.181
33 41 0.143
33 43 0.174
33 46 0.137
33 47 0.14
33 52 0.201
33 54 0.172
33 55 0.109
33 56 0.152
33 64 0.143
33 67 0.121
33 69 0.18
33 70 0.173
33 74 0.112
33 75 0.107
33 76 0.178
33 83 0.12
33 88 0.164
33 98 0.204
34 51 0.483
34 67 1
34 76 0.739
34 78 0.869
34 85 0.534
34 86 0.81
34 98 0.611
34 48 0.044
34 47 0.277
34 52 0.169
34 83 0.268
34 84 0.033
34 96 0.175
34 69 0.144
34 74 0.156
34 90 0.185
34 93 0.163
34 35 0.155
34 36 0.152
34 38 0.15
34 39 0.106
34 42 0.163
34 49 0.217
34 54 0.141
34 62 0.187
34 65 0.111
34 66 0.133
34 82 0.168
34 88 0.12
34 89 0.22
34 92 0.174
34 97 0.108
35 57 0.693
35 74 0.144
35 38 0.282
35 40 0.236
35 42 0.17
35 51 0.363
35 58 0.183
35 67 0.138
35 76 0.1
35 84 0.073
35 85 0.138
35 36 0.153
35 41 0.209
35 45 0.188
35 49 0.176
35 53 0.159
35 64 0.153
35 65 0.19
35 71 0.14
35 78 0.148
35 80 0.117
35 90 0.151
35 91 0.18
35 92 0.117
35 94 0.174
35 95 0.209
35 97 0.204
35 98 0.16
36 60 0.622
36 69 0.633
36 44 0.087
36 38 0.193
36 46 0.113
36 87 0.127
36 65 0.167
36 67 0.17
36 68 0.176
36 71 0.181
36 94 0.125
36 39 0.141
36 45 0.146
36 48 0.155
36 52 0.127
36 53 0.193
36 54 0.164
36 55 0.148
36 57 0.172
36 59 0.175
36 62 0.15
36 66 0.161
36 72 0.15
36 81 0.154
36 83 0.111
36 84 0.158
36 86 0.15
37 41 0.881
37 57 0.613
37 63 0.893
37 74 0.766
37 78 1
37 79 1
37 99 0.74
37 48 0.045
37 49 0.225
37 76 0.273
37 46 0.067
37 51 0.181
37 53 0.178
37 54 0.14
37 56 0.146
37 73 0.113
37 85 0.144
37 91 0.209
37 52 0.129
37 70 0.141
37 72 0.157
37 81 0.156
37 86 0.179
37 87 0.138
37 89 0.19
37 94 0.179
37 97 0.155
38 67 1
38 70 0.89
38 76 0.897
38 49 0.17
38 42 0.188
38 43 0.205
38 47 0.099
38 66 0.057
38 61 0.152
38 90 0.2
38 97 0.23
38 53 0.166
38 59 0.205
38 71 0.168
38 73 0.126
38 75 0.127
38 77 0.157
38 80 0.121
38 81 0.144
38 86 0.201
39 42 0.959
39 48 0.892
39 70 0.528
39 78 0.602
39 79 0.572
39 73 0.471
39 47 0.077
39 65 0.083
39 87 0.138
39 41 0.065
39 56 0.104
39 74 0.1
39 76 0.264
39 77 0.16
39 86 0.158
39 96 0.286
39 99 0.147
39 40 0.161
39 44 0.184
39 46 0.153
39 58 0.225
39 61 0.208
39 63 0.183
39 67 0.139
39 82 0.237
39 88 0.144
39 90 0.176
39 91 0.153
39 92 0.146
40 48 0.755
40 60 0.561
40 68 0.142
40 54 0.286
40 57 0.439
40 73 0.154
40 77 0.218
40 83 0.054
40 95 0.12
40 41 0.143
40 43 0.129
40 45 0.141
40 50 0.115
40 55 0.142
40 59 0.149
40 63 0.158
40 64 0.116
40 66 0.133
40 75 0.135
40 76 0.194
40 79 0.107
40 82 0.181
40 88 0.137
40 90 0.105
40 94 0.184
41 81 0.668
41 93 0.019
41 71 0.182
41 76 0.15
41 83 0.227
41 89 0.157
41 91 0.187
41 50 0.095
41 69 0.172
41 84 0.182
41 95 0.08
41 46 0.127
41 48 0.181
41 49 0.107
41 54 0.103
41 60 0.164
41 62 0.167
41 77 0.122
41 87 0.091
42 84 0.803
42 94 0.549
42 48 0.064
42 62 0.221
42 68 0.291
42 90 0.163
42 96 0.164
42 44 0.147
42 50 0.138
42 52 0.127
42 55 0.157
42 56 0.129
42 57 0.163
42 58 0.159
42 59 0.189
42 63 0.178
42 75 0.163
42 76 0.109
42 77 0.175
42 81 0.193
42 82 0.15
42 91 0.118
42 92 0.145
42 95 0.139
42 98 0.155
43 45 0.896
43 71 0.703
43 77 0.8
43 74 0.074
43 60 0.069
43 63 0.337
43 69 0.094
43 75 0.076
43 94 0.152
43 54 0.157
43 68 0.121
43 81 0.187
43 44 0.123
43 48 0.13
43 49 0.13
43 51 0.153
43 55 0.169
43 56 0.153
43 57 0.193
43 58 0.165
43 72 0.149
43 79 0.148
43 80 0.169
43 89 0.188
43 91 0.167
43 99 0.142
44 96 1
44 97 0.639
44 63 0.119
44 64 0.168
44 68 0.186
44 91 0.103
44 95 0.109
44 51 0.214
44 52 0.121
44 54 0.115
44 60 0.148
44 65 0.162
44 71 0.132
44 74 0.157
44 81 0.181
44 84 0.092
44 85 0.148
44 86 0.144
44 93 0.204
44 94 0.185
45 46 0.533
45 58 0.774
45 71 0.533
45 75 0.629
45 77 0.309
45 96 0.408
45 69 0.106
45 83 0.24
45 99 0.155
45 50 0.104
45 51 0.101
45 54 0.177
45 59 0.186
45 61 0.142
45 63 0.168
45 67 0.141
45 68 0.098
45 76 0.134
45 81 0.14
45 84 0.139
45 94 0.136
45 97 0.153
46 49 0.752
46 66 0.88
46 88 0.769
46 92 0.938
46 93 0.556
46 98 0.631
46 99 0.941
46 59 0.146
46 63 0.162
46 78 0.162
46 48 0.194
46 54 0.134
46 55 0.111
46 67 0.139
46 71 0.201
46 74 0.219
46 76 0.119
46 82 0.287
46 85 0.176
46 91 0.195
46 57 0.199
46 60 0.102
46 61 0.181
46 64 0.162
46 70 0.162
46 73 0.144
46 84 0.184
46 90 0.184
46 94 0.116
46 97 0.131
47 49 0.542
47 50 0.851
47 55 1
47 65 1
47 71 0.959
47 72 1
47 80 0.582
47 86 0.819
47 89 1
47 99 0.138
47 48 0.326
47 51 0.202
47 53 0.149
47 63 0.07
47 54 0.18
47 58 0.139
47 61 0.174
47 64 0.172
47 66 0.155
47 85 0.089
47 87 0.187
47 91 0.123
47 98 0.145
48 56 0.531
48 66 0.649
48 73 1
48 64 0.125
48 52 0.225
48 69 0.043
48 49 0.316
48 53 0.137
48 59 0.124
48 77 0.114
48 79 0.18
48 85 0.168
48 91 0.144
48 94 0.26
48 50 0.115
48 51 0.158
48 62 0.12
48 68 0.18
48 71 0.169
48 75 0.142
48 80 0.176
48 87 0.125
48 88 0.151
48 89 0.173
48 90 0.128
48 92 0.141
48 95 0.124
48 98 0.156
49 52 0.596
49 79 0.998
49 80 0.778
49 83 0.722
49 62 0.271
49 94 0.135
49 51 0.166
49 68 0.151
49 71 0.1
49 97 0.132
49 99 0.137
49 50 0.217
49 61 0.133
49 64 0.149
49 69 0.159
49 70 0.127
49 73 0.148
49 75 0.172
49 81 0.096
49 82 0.14
49 85 0.169
49 86 0.079
49 88 0.157
49 90 0.13
49 93 0.144
49 98 0.14
50 57 0.979
50 82 0.934
50 61 0.23
50 90 0.278
50 67 0.11
50 83 0.228
50 97 0.323
50 53 0.165
50 55 0.154
50 56 0.148
50 58 0.147
50 59 0.172
50 60 0.177
50 64 0.07
50 68 0.21
50 73 0.165
50 76 0.145
50 78 0.153
50 84 0.17
50 93 0.105
50 99 0.138
51 69 0.751
51 84 0.929
51 93 0.833
51 98 1
51 54 0.157
51 66 0.295
51 75 0.617
51 94 0.18
51 56 0.196
51 71 0.059
51 72 0.111
51 76 0.149
51 79 0.124
51 87 0.226
51 89 0.153
51 67 0.13
51 68 0.089
51 80 0.123
51 85 0.171
51 86 0.146
52 75 0.819
52 82 0.742
52 89 0.073
52 65 0.091
52 90 0.085
52 56 0.204
52 67 0.123
52 74 0.154
52 54 0.16
52 60 0.231
52 61 0.167
52 62 0.145
52 64 0.143
52 71 0.139
52 76 0.154
52 79 0.124
52 84 0.127
52 93 0.179
52 94 0.137
52 98 0.134
53 72 0.797
53 58 0.23
53 89 0.177
53 54 0.236
53 75 0.35
53 79 0.111
53 87 0.14
53 55 0.166
53 61 0.144
53 67 0.117
53 73 0.097
53 84 0.186
53 85 0.136
53 88 0.199
53 90 0.134
53 93 0.118
54 65 0.673
54 74 0.644
54 82 0.936
54 88 0.964
54 93 0.59
54 94 0.11
54 70 0.08
54 62 0.108
54 90 0.125
54 99 0.131
54 55 0.234
54 58 0.14
54 72 0.168
54 78 0.122
54 80 0.131
54 84 0.166
54 92 0.176
54 96 0.108
55 72 0.152
55 61 0.007
55 65 0.123
55 69 0.151
55 75 0.164
55 84 0.141
55 58 0.128
55 62 0.161
55 63 0.098
55 71 0.154
55 80 0.175
55 83 0.172
55 86 0.185
55 94 0.127
55 95 0.182
55 97 0.115
55 98 0.13
55 99 0.129
56 68 0.793
56 87 1
56 98 0.894
56 85 0.077
56 71 0.368
56 72 0.126
56 82 0.147
56 79 0.192
56 88 0.158
56 59 0.173
56 60 0.158
56 61 0.124
56 63 0.157
56 64 0.173
56 67 0.171
56 69 0.153
56 74 0.169
56 76 0.162
56 78 0.182
56 80 0.155
56 84 0.175
56 90 0.182
56 91 0.173
56 96 0.115
56 97 0.151
57 76 0.592
57 85 0.884
57 61 0.198
57 63 0.19
57 68 0.172
57 86 0.175
57 92 0.195
57 96 0.189
57 97 0.126
57 64 0.067
57 69 0.159
57 77 0.211
57 81 0.151
57 83 0.112
57 99 0.156
58 90 0.692
58 98 0.752
58 84 0.209
58 64 0.107
58 62 0.245
58 93 0.551
58 67 0.233
58 82 0.139
58 91 0.224
58 61 0.147
58 68 0.153
58 69 0.178
58 85 0.119
58 87 0.12
58 94 0.161
58 96 0.111
58 97 0.158
58 99 0.1
59 60 0.813
59 73 0.873
59 77 1
59 75 0.048
59 66 0.175
59 74 0.125
59 63 0.11
59 83 0.196
59 85 0.138
59 95 0.131
59 62 0.142
59 65 0.154
59 68 0.153
59 72 0.089
59 79 0.129
59 86 0.137
59 87 0.106
59 90 0.197
59 91 0.114
59 97 0.15
60 81 0.694
60 94 0.9
60 69 0.626
60 67 0.297
60 63 0.139
60 73 0.173
60 76 0.135
60 79 0.177
60 96 0.13
60 65 0.149
60 68 0.147
60 72 0.181
60 75 0.153
60 77 0.188
60 82 0.188
60 84 0.156
60 98 0.101
61 86 0.599
61 88 1
61 63 0.171
61 74 0.098
61 97 0.093
61 77 0.198
61 79 0.149
61 81 0.121
61 84 0.178
61 87 0.124
61 90 0.14
61 92 0.163
61 94 0.158
61 95 0.135
61 98 0.123
61 99 0.138
62 70 0.763
62 84 0.573
62 97 0.103
62 65 0.114
62 72 0.177
62 79 0.12
62 94 0.029
62 63 0.137
62 64 0.06
62 66 0.139
62 74 0.179
62 75 0.106
62 77 0.146
62 78 0.142
62 80 0.123
62 85 0.174
62 90 0.199
62 95 0.116
63 80 0.814
63 85 0.619
63 93 0.88
63 97 0.193
63 79 0.101
63 76 0.153
63 77 0.187
63 92 0.143
63 64 0.138
63 69 0.174
63 75 0.154
63 82 0.164
63 89 0.155
63 90 0.144
63 91 0.187
64 65 0.575
64 68 0.966
64 69 0.746
64 79 0.766
64 92 0.589
64 83 0.29
64 73 0.255
64 77 0.2
64 71 0.156
64 74 0.095
64 76 0.164
64 80 0.132
64 84 0.174
64 86 0.12
64 90 0.157
65 83 1
65 85 0.931
65 98 0.516
65 90 0.169
65 96 0.195
65 66 0.057
65 68 0.055
65 70 0.011
65 69 0.11
65 71 0.141
65 75 0.154
65 77 0.155
65 82 0.142
65 84 0.213
65 87 0.101
65 91 0.148
66 86 0.565
66 94 0.504
66 71 0.25
66 78 0.468
66 83 0.182
66 74 0.302
66 76 0.023
66 67 0.174
66 68 0.112
66 72 0.18
66 75 0.193
66 77 0.164
66 82 0.141
66 84 0.143
66 93 0.142
66 97 0.15
66 99 0.128
67 73 1
67 76 1
67 87 0.767
67 93 0.885
67 94 0.522
67 99 0.914
67 70 0.272
67 81 0.161
67 95 0.195
67 79 0.151
67 89 0.107
67 97 0.27
67 83 0.125
67 85 0.146
67 91 0.094
67 92 0.177
67 96 0.14
68 82 0.93
68 98 0.63
68 71 0.135
68 72 0.101
68 88 0.116
68 97 0.075
68 69 0.168
68 73 0.162
68 75 0.103
68 77 0.181
68 78 0.185
68 79 0.144
68 84 0.144
68 95 0.105
68 99 0.175
69 71 0.921
69 84 0.881
69 86 0.755
69 78 0.123
69 87 0.153
69 89 0.188
69 91 0.155
69 76 0.134
69 79 0.198
69 82 0.116
69 85 0.159
69 99 0.175
70 84 0.814
70 72 0.165
70 78 0.144
70 80 0.13
70 85 0.162
70 87 0.082
70 73 0.156
70 74 0.172
70 76 0.179
70 82 0.177
70 83 0.2
70 89 0.131
70 90 0.182
71 78 0.575
71 95 0.823
71 74 0.224
71 73 0.163
71 81 0.352
71 94 0.243
71 76 0.167
71 85 0.108
71 90 0.113
71 99 0.113
72 79 1
72 93 0.806
72 98 0.938
72 99 0.709
72 86 0.114
72 77 0.144
72 76 0.118
72 94 0.141
72 78 0.206
72 81 0.197
72 88 0.173
72 73 0.103
72 84 0.159
72 87 0.123
72 90 0.157
73 82 0.519
73 89 0.614
73 93 0.704
73 81 0.435
73 96 0.195
73 86 0.15
73 78 0.131
73 88 0.167
73 90 0.139
73 91 0.126
74 85 0.709
74 95 0.662
74 78 0.395
74 93 0.042
74 98 0.209
74 75 0.149
74 79 0.15
74 80 0.156
74 82 0.143
74 86 0.131
74 87 0.121
74 94 0.167
74 96 0.163
75 86 0.822
75 97 0.84
75 79 0.152
75 76 0.131
75 77 0.165
75 82 0.144
75 85 0.093
75 89 0.165
75 90 0.2
75 96 0.174
76 78 0.532
76 95 0.67
76 83 0.565
76 82 0.164
76 84 0.141
76 91 0.123
76 79 0.085
76 86 0.13
76 87 0.145
76 89 0.137
76 99 0.165
77 92 0.342
77 78 0.124
77 79 0.104
77 83 0.139
77 87 0.156
77 88 0.139
77 89 0.154
77 90 0.228
77 94 0.186
77 95 0.104
77 96 0.209
77 98 0.234
78 79 0.682
78 91 0.856
78 83 0.596
78 84 0.114
78 95 0.196
78 87 0.159
78 90 0.134
78 82 0.162
78 89 0.175
78 92 0.165
78 94 0.18
78 98 0.154
79 82 0.764
79 85 0.916
79 87 0.582
79 89 0.889
79 99 0.17
79 91 0.174
79 97 0.122
79 80 0.185
79 98 0.187
80 95 0.097
80 82 0.137
80 84 0.094
80 83 0.187
80 85 0.132
80 93 0.123
81 97 1
81 88 0.097
81 90 0.046
81 98 0.136
81 82 0.106
81 83 0.154
81 86 0.11
81 87 0.171
81 89 0.188
81 93 0.133
81 94 0.177
81 95 0.149
81 96 0.17
82 84 0.841
82 91 0.732
82 97 0.926
82 88 0.174
82 98 0.095
82 83 0.111
82 89 0.148
82 96 0.165
83 89 0.846
83 92 0.695
83 94 0.867
83 96 0.743
83 98 0.08
83 84 0.139
83 86 0.179
83 90 0.181
83 91 0.149
83 93 0.159
83 97 0.176
84 98 0.392
84 88 0.099
84 94 0.465
84 99 0.308
84 93 0.128
84 91 0.2
84 96 0.134
84 97 0.175
85 90 0.7
85 86 0.188
85 89 0.236
85 93 0.166
85 96 0.13
85 99 0.155
86 89 0.192
86 90 0.177
86 96 0.168
86 97 0.15
86 99 0.162
87 95 0.143
87 88 0.144
87 90 0.156
87 93 0.137
87 94 0.127
87 97 0.13
88 95 0.687
88 99 0.65
88 93 0.31
88 91 0.333
88 96 0.156
88 97 0.156
89 92 0.84
89 94 0.179
89 97 0.141
90 97 0.805
90 99 0.509
90 92 0.216
90 91 0.133
90 93 0.181
90 95 0.115
90 96 0.104
91 94 0.194
91 92 0.099
91 93 0.126
91 96 0.12
92 98 0.197
92 93 0.2
92 97 0.135
93 95 0.345
93 98 0.168
94 95 0.166
94 96 0.109
94 99 0.149
95 99 0.104
96 97 0.121
98 99 0.917
