0 15 1
0 83 0.589
0 99 0.722
0 57 0.971
1 56 0.938
1 61 0.79
1 55 1
1 9 1
1 92 1
1 28 0.591
1 2 0.881
2 87 0.926
2 60 0.967
2 38 0.851
2 16 1
2 86 0.707
2 53 1
2 59 1
2 46 0.789
2 19 1
2 29 0.922
3 87 0.776
3 34 0.55
3 90 0.778
3 92 0.829
3 17 0.732
3 50 0.805
3 73 0.793
3 56 0.853
4 45 0.805
4 25 0.674
4 78 0.557
4 12 1
4 87 0.74
4 9 0.979
4 73 0.64
4 84 0.808
4 18 0.877
4 67 0.806
5 87 0.735
5 10 0.626
5 23 1
5 40 0.961
5 95 0.761
5 34 0.517
6 29 0.555
6 71 0.707
6 91 0.896
6 47 0.61
6 57 0.961
6 14 0.557
6 68 1
6 53 0.897
6 18 0.813
6 86 0.709
6 85 0.973
7 11 1
7 41 1
7 82 1
7 62 0.889
7 19 0.857
7 94 0.716
7 26 1
8 32 0.707
8 20 0.994
8 31 0.708
8 44 1
8 36 0.72
8 33 0.695
8 87 0.758
9 32 0.574
9 81 0.773
9 75 0.692
9 30 0.9
9 46 1
9 15 0.735
9 70 0.532
9 63 0.792
10 92 0.957
10 83 0.569
10 86 0.819
10 31 0.892
10 73 0.848
10 78 0.76
10 91 0.993
10 13 0.705
10 81 0.679
10 59 1
11 14 0.882
11 36 0.482
11 64 0.56
11 80 0.874
11 21 0.976
12 57 0.958
12 77 0.576
12 41 0.956
12 90 1
12 47 1
12 60 0.844
12 63 0.805
12 95 0.729
12 68 0.537
13 40 0.7
13 94 0.793
13 95 0.86
13 74 0.985
13 45 0.725
14 76 0.673
14 72 1
14 58 0.551
14 47 1
14 18 0.879
14 98 1
15 66 0.873
15 70 0.904
15 64 0.687
15 59 1
15 58 1
15 65 0.798
15 79 0.961
15 82 0.889
15 17 0.967
15 19 1
16 66 0.978
16 92 0.681
16 30 0.951
16 24 0.967
17 47 0.689
17 76 1
17 36 0.816
17 33 0.503
17 52 0.786
17 35 0.836
18 68 0.773
18 20 0.83
18 40 0.707
18 90 0.94
18 36 1
19 89 0.655
19 98 0.676
20 79 1
20 57 0.993
20 94 0.803
20 82 0.852
21 55 0.701
21 83 0.573
21 64 0.986
21 85 0.691
21 89 1
21 77 0.868
21 34 0.84
21 37 0.985
21 24 0.796
21 90 0.769
21 61 0.585
22 89 0.788
22 96 0.884
22 98 0.99
22 57 0.78
22 73 0.969
23 32 0.894
23 33 0.87
23 34 0.895
23 50 0.965
23 63 0.952
23 67 0.874
23 66 0.63
23 78 0.892
24 71 1
24 87 0.643
24 30 0.569
24 95 1
24 39 0.91
25 90 1
25 35 1
25 60 0.885
25 99 1
25 45 0.814
25 93 0.974
25 98 0.666
26 62 0.923
26 86 0.529
26 91 1
26 51 0.677
26 88 0.983
27 36 0.655
27 80 1
27 93 0.614
27 79 1
27 83 0.881
27 38 0.933
27 63 0.823
27 64 0.759
28 33 0.653
28 41 0.701
28 42 0.659
28 93 0.942
29 90 1
29 61 0.728
29 30 1
29 82 0.929
29 78 0.832
29 37 0.831
29 47 0.67
29 39 1
29 77 0.894
29 51 0.987
29 38 0.956
30 63 0.869
30 48 0.788
30 89 0.576
30 61 0.663
30 88 0.642
30 36 0.775
30 62 1
30 98 0.887
31 93 0.767
31 53 0.941
31 92 0.884
31 80 0.766
31 34 0.803
32 40 1
32 91 1
32 51 0.734
32 49 0.647
32 45 0.829
32 98 0.886
32 57 0.814
32 35 1
32 50 0.815
33 51 1
34 37 0.908
34 77 0.967
34 80 0.7
34 70 1
34 90 0.954
34 51 0.599
34 88 1
34 49 0.889
35 50 0.723
35 66 1
35 54 0.781
36 59 0.615
36 63 0.981
36 45 1
36 82 1
36 97 0.776
37 58 0.8
37 47 0.598
37 49 1
37 54 0.964
37 63 0.763
37 73 0.968
38 61 0.714
38 45 0.968
38 71 0.61
38 58 0.879
38 57 0.833
38 50 0.595
39 47 0.888
39 46 1
39 99 0.93
40 88 0.806
40 41 0.934
41 49 1
41 89 0.997
41 53 1
41 48 0.672
42 84 0.653
42 70 0.797
42 47 1
42 59 0.845
43 77 1
43 66 0.93
43 74 1
43 63 0.523
43 81 0.697
43 69 0.754
44 49 0.77
44 69 0.958
44 66 1
45 53 0.958
45 91 0.726
45 75 1
45 49 0.99
45 80 0.962
46 58 0.993
46 88 1
46 49 0.569
46 91 0.899
46 75 0.534
47 70 0.815
47 53 1
47 67 0.955
47 96 1
47 94 0.769
47 85 0.732
47 56 0.791
48 66 0.708
48 73 0.651
48 51 0.633
48 78 0.804
48 89 0.76
49 96 1
49 66 0.779
49 53 0.833
50 92 1
50 57 0.708
50 51 0.856
51 57 0.878
51 60 0.646
51 65 0.938
52 60 0.829
52 92 0.671
52 58 1
52 95 0.814
52 72 0.866
52 81 1
52 69 0.607
53 70 0.802
53 88 1
53 74 0.985
53 80 0.884
53 81 0.811
54 66 0.804
54 71 0.719
54 70 0.731
54 87 0.504
54 59 1
54 69 0.938
55 82 0.848
55 80 0.559
55 66 0.732
55 95 0.725
56 66 1
56 86 0.73
56 83 1
57 89 0.808
57 86 0.861
57 64 0.587
57 67 0.914
57 75 0.957
57 66 0.901
58 68 0.853
59 72 0.787
59 82 1
60 81 1
60 86 0.828
60 68 0.783
60 90 0.56
61 77 0.531
61 75 0.687
61 87 0.645
61 79 0.751
61 62 0.718
62 99 0.978
63 64 0.806
63 89 0.706
64 72 0.642
64 73 0.875
64 80 0.823
64 93 0.86
64 86 0.879
65 70 0.912
65 89 0.962
66 89 0.872
67 80 0.928
68 96 0.819
68 82 1
68 69 0.56
69 81 0.874
69 92 1
70 88 1
70 97 0.837
70 87 0.788
70 99 0.682
71 83 0.801
71 84 0.51
71 93 1
71 91 1
71 76 0.82
72 85 0.987
72 89 0.862
72 94 0.933
72 76 0.532
73 74 0.719
75 80 0.916
76 90 0.949
76 79 0.871
76 97 0.987
78 92 0.723
79 99 0.927
80 88 1
80 90 0.777
82 93 0.781
82 87 0.915
83 94 0.775
84 90 0.835
84 98 0.759
85 96 0.989
85 95 0.956
85 98 0.91
87 97 0.925
88 96 0.537
89 98 0.808
91 96 0.529
92 95 0.814
93 95 0.975
93 98 1
94 95 0.974
