0 49 0.625
0 77 0.987
0 76 0.583
0 73 0.999
0 72 0.961
0 38 0.856
0 18 0.791
0 51 1
1 67 0.881
1 83 0.777
1 37 1
1 73 1
1 7 0.996
2 78 1
2 7 0.68
2 99 0.799
3 49 0.763
3 21 0.673
3 80 0.566
3 68 0.931
3 59 0.638
3 38 0.98
3 99 1
4 58 0.929
4 71 1
4 50 0.769
4 97 1
5 57 0.867
5 79 0.851
5 78 0.972
5 47 1
5 69 0.881
5 16 0.653
5 58 0.673
5 94 1
5 91 0.852
5 80 0.564
5 35 0.715
5 9 0.962
6 28 0.613
6 56 0.603
6 10 1
6 91 1
6 16 1
6 82 0.779
7 88 0.58
7 42 0.936
7 27 0.835
7 12 0.75
7 8 0.845
7 20 0.552
8 94 1
8 25 0.825
9 78 1
9 99 0.61
9 17 1
9 93 0.768
9 36 0.779
9 86 0.977
9 50 0.796
9 12 0.362
10 13 0.835
10 82 0.766
10 49 0.879
10 19 1
10 37 0.749
10 42 0.812
11 26 0.546
11 80 0.548
11 67 1
11 60 0.571
11 65 1
12 45 0.794
12 20 0.715
12 66 1
12 85 0.967
12 35 0.597
12 56 0.682
13 46 0.903
13 55 1
13 52 1
13 96 0.935
13 76 1
13 81 0.723
14 81 0.817
14 72 0.796
14 47 0.997
14 61 0.886
14 26 0.598
14 75 1
14 44 0.715
14 92 0.964
15 95 0.69
15 41 1
15 47 0.817
15 78 0.801
15 88 1
15 35 0.728
15 90 0.694
15 83 0.688
15 73 1
15 71 0.935
16 81 0.648
16 27 0.937
16 18 0.63
16 29 0.967
16 50 0.741
17 84 0.899
17 18 0.815
17 71 0.899
17 65 0.928
17 25 0.676
17 36 0.728
17 29 0.718
17 85 0.692
17 40 1
18 69 0.782
18 76 1
18 19 0.879
18 67 0.7
18 63 0.719
18 43 0.527
18 58 0.885
19 77 0.846
19 91 1
19 65 1
19 90 1
19 98 0.616
19 89 0.655
19 61 1
19 79 1
20 22 0.846
20 44 0.583
20 31 0.695
20 40 0.535
20 98 0.677
21 50 1
21 76 0.803
21 69 0.567
21 41 0.834
21 78 0.603
21 63 0.994
22 78 0.986
22 36 0.708
22 49 0.864
23 46 0.526
23 53 0.776
23 38 0.989
23 43 0.661
23 27 0.786
23 55 0.847
24 37 0.735
24 83 1
24 54 0.858
24 94 0.875
24 82 0.614
24 41 0.98
24 30 0.691
24 75 0.996
25 41 0.839
25 88 0.872
25 46 0.76
25 28 0.901
25 33 0.843
26 30 0.802
26 57 1
26 47 0.778
26 90 0.914
26 36 1
26 66 0.967
26 78 0.553
27 94 0.951
27 93 0.836
27 80 0.894
27 86 0.966
27 88 0.809
28 29 0.767
28 82 0.895
28 40 0.621
28 70 0.937
28 44 0.639
28 79 0.838
29 61 0.603
29 85 0.637
29 32 0.829
29 70 0.758
29 41 1
30 91 0.748
30 97 0.838
30 74 0.808
31 91 0.728
31 70 0.861
31 77 0.69
31 57 0.976
32 51 0.527
32 75 1
32 96 1
32 72 0.918
32 45 0.628
33 96 0.901
33 81 0.641
33 42 1
34 71 0.551
34 56 0.625
34 55 1
34 87 1
35 41 0.763
35 76 1
35 95 0.92
35 99 0.778
35 42 0.621
35 43 0.647
36 45 0.651
36 85 0.859
36 80 0.631
36 81 1
36 82 0.535
36 39 0.692
37 74 0.935
37 47 1
37 67 0.761
37 58 0.664
37 61 0.789
38 64 0.736
38 58 0.719
38 85 1
39 94 0.951
39 56 0.643
39 67 0.641
39 68 0.939
39 73 0.625
39 57 1
40 93 0.685
40 98 0.962
40 94 0.793
40 67 0.982
41 79 0.542
41 98 0.62
41 51 0.773
41 80 0.977
41 78 0.943
41 88 0.872
42 57 0.977
42 58 0.788
42 77 0.565
42 90 0.552
43 79 0.908
43 57 0.785
43 66 0.793
43 58 0.739
43 96 1
43 59 1
43 64 0.968
43 89 0.972
44 49 0.689
44 75 0.899
44 65 0.636
44 66 0.809
44 60 0.926
44 78 0.686
44 51 0.891
44 76 1
45 80 0.916
45 47 0.818
45 54 0.82
45 84 0.949
46 87 0.702
46 58 0.921
47 65 0.752
47 79 0.795
48 51 1
48 68 0.981
49 57 0.705
49 74 0.835
51 93 0.933
51 74 0.538
51 80 0.671
51 71 1
51 85 0.694
51 96 0.742
52 87 1
52 97 1
52 86 0.673
52 67 0.714
52 92 0.99
53 76 0.871
54 76 0.923
54 59 1
54 79 0.899
54 75 0.805
55 93 1
55 58 0.932
55 92 0.668
55 70 0.906
56 59 0.756
56 90 0.906
56 86 0.773
57 73 0.664
58 69 0.585
58 85 0.786
58 80 1
59 89 0.614
59 81 0.826
60 96 0.882
60 63 0.985
61 88 0.645
61 77 0.978
62 97 0.845
62 90 1
63 68 0.546
63 64 0.881
63 73 0.984
64 96 0.919
64 92 0.902
64 79 0.664
64 78 0.801
65 66 0.927
65 99 0.861
65 78 1
66 89 0.694
67 79 1
67 82 0.663
67 71 1
67 69 0.913
67 97 0.811
67 93 0.795
68 71 0.871
68 76 0.913
69 84 0.887
69 99 1
69 82 0.693
69 87 0.818
70 86 0.553
70 93 0.966
70 91 0.942
71 92 0.62
71 94 1
71 83 0.843
71 91 0.787
71 93 0.941
71 99 0.822
72 93 0.912
74 82 0.847
74 84 0.704
74 91 0.769
76 80 0.815
76 81 0.738
77 97 0.914
77 90 0.755
78 85 0.822
78 96 0.506
78 81 0.927
80 95 0.774
83 95 0.5
84 95 0.62
84 98 1
84 99 0.834
88 92 0.781
88 98 1
89 95 0.875
89 99 1
90 98 0.537
90 97 0.546
90 93 0.961
98 99 0.872
