0 49 0.645
0 77 0.919
0 76 0.636
0 73 0.974
0 72 0.902
0 38 1
0 18 1
0 51 0.758
0 61 0.403
0 22 0.226
0 70 0.234
0 29 0.278
0 1 0.173
0 71 0.046
0 11 0.097
0 66 0.155
0 68 0.134
0 91 0.39
0 13 0.194
0 53 0.141
0 56 0.196
0 86 0.089
0 8 0.138
0 25 0.102
0 31 0.155
0 35 0.164
0 47 0.164
0 55 0.163
0 64 0.252
0 88 0.026
0 97 0.115
0 3 0.14
0 4 0.178
0 5 0.135
0 7 0.117
0 14 0.143
0 16 0.172
0 34 0.171
0 37 0.189
0 41 0.127
0 43 0.161
0 44 0.156
0 45 0.114
0 46 0.104
0 50 0.157
0 52 0.182
0 57 0.127
0 59 0.106
0 62 0.203
0 74 0.115
0 79 0.114
0 80 0.162
0 81 0.074
0 83 0.142
0 84 0.081
0 92 0.121
1 67 0.725
1 83 0.796
1 37 0.896
1 73 1
1 70 0.194
1 90 0.791
1 75 0.19
1 21 0.222
1 25 0.038
1 27 0.129
1 35 0.03
1 36 0.301
1 51 0.085
1 81 0.177
1 88 0.237
1 2 0.233
1 57 0.26
1 69 0.19
1 74 0.292
1 6 0.341
1 13 0.158
1 14 0.146
1 15 0.127
1 19 0.201
1 20 0.177
1 24 0.16
1 28 0.31
1 31 0.045
1 43 0.147
1 47 0.116
1 54 0.104
1 60 0.181
1 94 0.14
1 3 0.114
1 9 0.132
1 23 0.194
1 48 0.168
1 53 0.155
1 55 0.137
1 58 0.176
1 59 0.117
1 64 0.125
1 65 0.178
1 79 0.157
1 82 0.089
1 86 0.136
1 87 0.209
1 92 0.158
1 99 0.132
2 78 1
2 99 0.943
2 8 0.588
2 85 0.55
2 80 0.629
2 17 0.265
2 31 0.027
2 40 0.071
2 4 0.065
2 45 0.265
2 63 0.188
2 6 0.194
2 27 0.136
2 48 0.12
2 54 0.119
2 90 0.184
2 12 0.018
2 13 0.167
2 66 0.155
2 73 0.148
2 75 0.196
2 84 0.049
2 91 0.177
2 92 0.085
2 95 0.176
2 11 0.159
2 20 0.124
2 25 0.171
2 28 0.126
2 35 0.152
2 39 0.129
2 42 0.097
2 43 0.159
2 44 0.166
2 47 0.201
2 51 0.098
2 55 0.209
2 64 0.167
2 65 0.119
2 68 0.148
2 71 0.146
2 82 0.145
2 94 0.161
2 97 0.146
3 21 0.565
3 99 0.792
3 35 0.548
3 27 0.185
3 71 0.082
3 19 0.093
3 28 0.037
3 31 0.121
3 74 0.203
3 5 0.12
3 39 0.112
3 53 0.208
3 63 0.179
3 72 0.161
3 76 0.186
3 82 0.257
3 6 0.133
3 8 0.155
3 12 0.173
3 16 0.145
3 23 0.174
3 32 0.174
3 42 0.058
3 55 0.175
3 58 0.161
3 59 0.119
3 66 0.109
3 78 0.128
3 88 0.096
3 91 0.135
3 7 0.192
3 9 0.173
3 11 0.212
3 13 0.141
3 17 0.148
3 18 0.2
3 40 0.194
3 57 0.155
3 62 0.175
3 64 0.166
3 65 0.137
3 75 0.208
3 98 0.123
4 58 0.721
4 71 1
4 50 0.998
4 85 0.623
4 99 1
4 86 0.228
4 40 0.37
4 30 0.438
4 43 0.164
4 26 0.264
4 27 0.22
4 46 0.106
4 48 0.112
4 65 0.39
4 67 0.22
4 8 0.211
4 9 0.057
4 12 0.077
4 15 0.114
4 6 0.144
4 24 0.203
4 31 0.149
4 35 0.297
4 55 0.195
4 70 0.17
4 73 0.177
4 84 0.146
4 88 0.182
4 91 0.149
4 93 0.035
4 94 0.138
4 95 0.155
4 98 0.112
4 10 0.103
4 11 0.177
4 17 0.108
4 18 0.104
4 20 0.175
4 32 0.156
4 37 0.151
4 44 0.121
4 45 0.152
4 47 0.186
4 49 0.116
4 53 0.139
4 60 0.159
4 61 0.152
4 64 0.132
4 68 0.203
4 76 0.159
4 77 0.148
4 80 0.135
4 87 0.153
4 90 0.112
4 97 0.192
5 57 1
5 79 1
5 78 1
5 47 0.99
5 58 0.701
5 91 0.533
5 35 0.666
5 9 1
5 49 0.132
5 18 0.708
5 66 0.569
5 12 0.122
5 37 0.202
5 44 0.112
5 73 0.16
5 22 0.149
5 43 0.207
5 53 0.123
5 74 0.121
5 85 0.198
5 36 0.167
5 62 0.118
5 69 0.178
5 83 0.15
5 92 0.138
5 97 0.162
5 6 0.151
5 8 0.2
5 11 0.141
5 21 0.195
5 29 0.14
5 33 0.103
5 34 0.159
5 38 0.136
5 40 0.118
5 50 0.127
5 52 0.188
5 55 0.127
5 56 0.179
5 59 0.132
5 61 0.184
5 67 0.187
5 86 0.183
5 87 0.161
5 88 0.1
5 90 0.154
5 94 0.164
5 98 0.193
5 99 0.159
6 28 0.814
6 10 0.565
6 91 1
6 16 0.809
6 82 0.705
6 67 0.252
6 95 0.927
6 56 0.704
6 23 0.548
6 12 0.698
6 71 0.235
6 8 0.182
6 41 0.021
6 45 0.311
6 46 0.174
6 61 0.184
6 94 0.074
6 17 0.221
6 25 0.167
6 32 0.285
6 36 0.145
6 70 0.41
6 9 0.114
6 20 0.035
6 21 0.2
6 34 0.147
6 35 0.18
6 43 0.149
6 47 0.215
6 50 0.168
6 52 0.194
6 69 0.223
6 79 0.157
6 86 0.115
6 93 0.163
6 96 0.122
6 99 0.295
6 37 0.138
6 44 0.122
6 48 0.201
6 49 0.145
6 55 0.163
6 73 0.124
6 74 0.219
6 78 0.15
6 81 0.189
6 84 0.144
6 85 0.132
6 88 0.128
6 89 0.202
6 90 0.18
6 92 0.138
7 88 0.797
7 12 0.498
7 8 0.85
7 20 0.907
7 31 0.162
7 50 0.099
7 92 0.267
7 83 0.214
7 42 0.115
7 9 0.08
7 13 0.498
7 25 0.218
7 36 0.109
7 48 0.116
7 65 0.208
7 70 0.196
7 91 0.032
7 96 0.227
7 16 0.214
7 22 0.281
7 26 0.156
7 35 0.108
7 38 0.254
7 43 0.222
7 59 0.156
7 69 0.282
7 71 0.18
7 72 0.337
7 82 0.137
7 10 0.133
7 15 0.127
7 24 0.227
7 27 0.157
7 30 0.159
7 44 0.159
7 45 0.133
7 47 0.217
7 57 0.182
7 61 0.121
7 68 0.125
7 75 0.125
7 78 0.141
7 80 0.11
7 84 0.157
7 86 0.135
7 87 0.128
7 93 0.137
8 94 1
8 70 0.177
8 41 0.413
8 69 0.278
8 15 0.027
8 26 0.133
8 55 0.056
8 99 0.019
8 11 0.117
8 49 0.105
8 16 0.15
8 42 0.141
8 56 0.266
8 81 0.162
8 91 0.119
8 14 0.185
8 19 0.072
8 29 0.1
8 40 0.2
8 45 0.165
8 50 0.188
8 54 0.174
8 64 0.151
8 71 0.116
8 83 0.166
8 98 0.211
8 10 0.156
8 18 0.092
8 21 0.143
8 22 0.117
8 24 0.201
8 25 0.152
8 30 0.195
8 32 0.113
8 34 0.137
8 37 0.133
8 46 0.189
8 58 0.149
8 60 0.179
8 62 0.212
8 65 0.16
8 67 0.178
8 72 0.21
8 78 0.096
8 79 0.094
8 92 0.127
8 95 0.186
9 78 0.956
9 17 0.911
9 36 1
9 86 0.806
9 50 0.741
9 74 0.402
9 72 0.523
9 22 0.232
9 30 0.096
9 68 0.219
9 69 0.124
9 70 0.162
9 34 0.143
9 45 0.138
9 52 0.174
9 63 0.194
9 15 0.172
9 18 0.116
9 28 0.23
9 53 0.141
9 55 0.192
9 60 0.01
9 93 0.229
9 94 0.221
9 98 0.165
9 99 0.184
9 21 0.123
9 23 0.185
9 26 0.175
9 32 0.1
9 33 0.159
9 38 0.157
9 42 0.148
9 43 0.171
9 48 0.157
9 49 0.172
9 54 0.21
9 56 0.099
9 65 0.157
9 66 0.213
9 67 0.138
9 73 0.147
9 81 0.147
9 82 0.16
9 89 0.136
10 13 0.854
10 19 0.969
10 37 1
10 42 1
10 47 0.907
10 39 0.228
10 84 0.274
10 94 0.208
10 33 0.093
10 44 0.141
10 70 0.268
10 16 0.14
10 22 0.19
10 36 0.066
10 45 0.099
10 53 0.19
10 64 0.214
10 82 0.232
10 87 0.194
10 93 0.199
10 98 0.128
10 11 0.224
10 26 0.184
10 30 0.107
10 38 0.179
10 41 0.267
10 51 0.137
10 56 0.105
10 66 0.166
10 72 0.18
10 76 0.184
10 99 0.136
10 12 0.197
10 17 0.095
10 18 0.124
10 20 0.14
10 23 0.119
10 27 0.167
10 28 0.154
10 32 0.147
10 35 0.128
10 49 0.154
10 60 0.113
10 61 0.174
10 63 0.159
10 68 0.175
10 69 0.137
10 71 0.149
10 75 0.176
10 83 0.18
10 86 0.121
10 96 0.165
11 80 1
11 67 0.766
11 65 0.975
11 20 0.936
11 43 0.329
11 21 0.775
11 41 0.202
11 63 0.251
11 34 0.218
11 76 0.019
11 54 0.154
11 82 0.36
11 15 0.087
11 30 0.166
11 53 0.176
11 60 0.23
11 89 0.137
11 90 0.096
11 35 0.127
11 42 0.154
11 57 0.379
11 69 0.174
11 84 0.143
11 12 0.143
11 18 0.072
11 19 0.203
11 25 0.16
11 32 0.124
11 38 0.163
11 52 0.45
11 91 0.32
11 95 0.16
11 26 0.188
11 36 0.135
11 46 0.135
11 49 0.112
11 56 0.16
11 64 0.141
11 71 0.192
11 74 0.146
11 96 0.126
12 20 0.803
12 66 0.915
12 85 0.822
12 26 0.128
12 43 0.537
12 89 0.236
12 34 0.171
12 40 0.151
12 84 0.132
12 39 0.167
12 45 0.429
12 67 0.164
12 75 0.133
12 13 0.165
12 14 0.176
12 31 0.138
12 55 0.284
12 56 0.15
12 57 0.171
12 59 0.116
12 93 0.079
12 15 0.146
12 17 0.126
12 21 0.137
12 23 0.157
12 28 0.153
12 35 0.146
12 36 0.105
12 41 0.147
12 76 0.126
12 80 0.15
12 81 0.066
12 90 0.12
12 96 0.138
12 98 0.13
13 46 0.585
13 52 0.51
13 96 1
13 76 0.524
13 81 0.749
13 28 0.751
13 90 0.682
13 14 0.506
13 73 0.322
13 85 0.5
13 43 0.186
13 92 0.05
13 21 0.214
13 25 0.163
13 55 0.088
13 64 0.18
13 95 0.026
13 20 0.053
13 22 0.179
13 23 0.131
13 24 0.235
13 49 0.335
13 67 0.145
13 68 0.105
13 19 0.123
13 29 0.108
13 56 0.135
13 59 0.135
13 65 0.167
13 69 0.257
13 77 0.114
13 80 0.127
13 82 0.034
13 97 0.311
13 31 0.158
13 33 0.114
13 38 0.154
13 40 0.167
13 45 0.125
13 50 0.17
13 53 0.125
13 70 0.159
13 71 0.101
13 72 0.195
13 75 0.147
13 79 0.093
13 88 0.157
13 89 0.138
13 91 0.168
14 81 0.989
14 72 1
14 61 0.711
14 44 0.733
14 92 0.893
14 70 0.612
14 60 0.673
14 26 0.26
14 51 0.452
14 39 0.577
14 67 0.057
14 21 0.49
14 74 0.534
14 85 0.313
14 27 0.172
14 31 0.198
14 33 0.128
14 38 0.123
14 40 0.275
14 53 0.116
14 55 0.258
14 78 0.024
14 19 0.177
14 42 0.125
14 47 0.177
14 65 0.155
14 71 0.111
14 83 0.137
14 84 0.014
14 86 0.217
14 16 0.133
14 23 0.148
14 24 0.184
14 36 0.123
14 43 0.122
14 45 0.169
14 46 0.121
14 50 0.198
14 58 0.157
14 59 0.141
14 62 0.147
14 64 0.144
14 73 0.132
14 80 0.146
14 89 0.114
14 90 0.154
14 91 0.13
14 94 0.196
14 97 0.166
15 41 0.823
15 47 0.786
15 88 0.658
15 90 1
15 73 0.786
15 71 0.559
15 26 0.197
15 28 0.33
15 24 0.326
15 77 0.052
15 39 0.101
15 45 0.319
15 50 0.097
15 63 0.218
15 34 0.313
15 43 0.025
15 52 0.053
15 76 0.372
15 83 0.152
15 94 0.128
15 19 0.145
15 23 0.148
15 27 0.136
15 29 0.164
15 46 0.2
15 48 0.377
15 49 0.14
15 59 0.281
15 61 0.09
15 68 0.1
15 72 0.145
15 78 0.179
15 79 0.295
15 82 0.077
15 87 0.166
15 17 0.146
15 35 0.176
15 37 0.143
15 38 0.116
15 55 0.17
15 58 0.17
15 67 0.105
15 69 0.189
15 81 0.157
15 84 0.16
16 81 0.666
16 27 0.584
16 18 1
16 29 0.895
16 50 0.537
16 30 0.517
16 36 0.715
16 64 0.023
16 86 0.098
16 46 0.074
16 32 0.172
16 40 0.115
16 51 0.181
16 85 0.176
16 87 0.121
16 20 0.158
16 45 0.158
16 76 0.192
16 25 0.128
16 37 0.039
16 39 0.209
16 42 0.179
16 56 0.225
16 57 0.176
16 58 0.13
16 67 0.124
16 72 0.19
16 77 0.088
16 83 0.032
16 93 0.081
16 98 0.219
16 17 0.127
16 19 0.182
16 23 0.116
16 26 0.159
16 28 0.116
16 33 0.131
16 41 0.225
16 43 0.128
16 49 0.182
16 53 0.147
16 59 0.156
16 61 0.123
16 62 0.167
16 69 0.115
16 78 0.152
16 84 0.165
16 90 0.145
16 91 0.198
16 92 0.132
17 18 0.902
17 71 0.865
17 65 0.37
17 25 1
17 36 0.949
17 29 0.986
17 85 0.976
17 40 0.926
17 86 0.13
17 30 0.09
17 54 0.157
17 73 0.364
17 99 0.151
17 21 0.009
17 22 0.151
17 60 0.135
17 64 0.156
17 76 0.078
17 90 0.098
17 24 0.141
17 32 0.183
17 34 0.179
17 43 0.171
17 58 0.214
17 66 0.154
17 68 0.156
17 77 0.142
17 91 0.017
17 92 0.154
17 96 0.21
17 98 0.136
17 19 0.148
17 31 0.152
17 33 0.175
17 42 0.1
17 47 0.165
17 48 0.108
17 49 0.192
17 56 0.155
17 57 0.165
17 59 0.103
17 62 0.109
17 63 0.132
17 70 0.201
17 74 0.165
17 84 0.082
18 69 0.906
18 76 0.828
18 85 0.816
18 65 0.226
18 96 0.512
18 41 0.205
18 44 0.17
18 73 0.225
18 90 0.181
18 25 0.216
18 60 0.109
18 86 0.118
18 98 0.193
18 24 0.158
18 37 0.184
18 53 0.277
18 80 0.121
18 92 0.122
18 97 0.173
18 21 0.175
18 23 0.157
18 26 0.157
18 29 0.142
18 32 0.139
18 34 0.119
18 39 0.155
18 43 0.125
18 47 0.162
18 50 0.189
18 51 0.176
18 52 0.148
18 55 0.175
18 56 0.146
18 64 0.192
18 71 0.129
18 72 0.11
18 77 0.165
18 81 0.082
18 83 0.158
18 95 0.192
18 99 0.16
19 77 0.887
19 91 0.891
19 65 0.69
19 90 0.828
19 98 0.825
19 89 0.768
19 61 0.874
19 79 0.916
19 92 0.522
19 95 0.309
19 81 0.376
19 26 0.176
19 29 0.234
19 33 0.103
19 82 0.169
19 27 0.124
19 31 0.231
19 35 0.162
19 48 0.133
19 50 0.052
19 53 0.04
19 58 0.086
19 62 0.203
19 64 0.186
19 68 0.179
19 69 0.171
19 76 0.14
19 30 0.155
19 43 0.214
19 47 0.195
19 51 0.226
19 54 0.144
19 55 0.152
19 57 0.198
19 59 0.141
19 66 0.123
19 75 0.151
19 78 0.164
19 83 0.121
19 84 0.187
19 97 0.102
20 31 0.973
20 40 0.716
20 98 0.813
20 62 0.575
20 65 0.141
20 93 0.144
20 66 0.279
20 85 0.252
20 22 0.247
20 29 0.159
20 30 0.089
20 38 0.237
20 42 0.088
20 73 0.143
20 28 0.16
20 39 0.211
20 46 0.012
20 49 0.13
20 50 0.301
20 52 0.003
20 53 0.064
20 76 0.19
20 79 0.158
20 84 0.196
20 97 0.201
20 24 0.151
20 27 0.125
20 34 0.133
20 48 0.18
20 51 0.158
20 54 0.127
20 55 0.127
20 56 0.111
20 68 0.149
20 77 0.148
20 80 0.109
20 86 0.166
20 95 0.161
21 76 0.622
21 69 0.636
21 37 0.728
21 89 0.433
21 49 0.13
21 91 0.076
21 39 0.275
21 56 0.235
21 74 0.066
21 93 0.03
21 24 0.203
21 34 0.161
21 48 0.112
21 64 0.279
21 66 0.148
21 67 0.075
21 73 0.191
21 80 0.145
21 98 0.148
21 26 0.142
21 42 0.211
21 58 0.077
21 62 0.139
21 78 0.141
21 81 0.227
21 90 0.067
21 96 0.011
21 31 0.137
21 52 0.192
21 60 0.12
21 63 0.162
21 65 0.143
21 68 0.163
21 71 0.145
21 75 0.168
21 77 0.125
21 88 0.168
21 95 0.169
22 78 0.875
22 36 0.666
22 49 0.902
22 40 0.496
22 35 0.165
22 46 0.226
22 26 0.06
22 55 0.256
22 64 0.198
22 93 0.204
22 28 0.288
22 34 0.158
22 50 0.323
22 52 0.398
22 54 0.173
22 84 0.377
22 29 0.189
22 58 0.118
22 25 0.188
22 43 0.115
22 57 0.185
22 63 0.339
22 67 0.168
22 72 0.038
22 85 0.051
22 87 0.228
22 89 0.165
22 91 0.146
22 95 0.152
22 97 0.469
22 24 0.194
22 27 0.165
22 37 0.154
22 41 0.151
22 44 0.185
22 45 0.167
22 47 0.158
22 53 0.141
22 59 0.177
22 60 0.152
22 61 0.195
22 70 0.131
22 75 0.188
22 80 0.18
22 82 0.132
22 88 0.134
22 92 0.149
22 94 0.146
22 98 0.125
23 46 0.766
23 43 0.574
23 27 0.986
23 55 0.945
23 77 0.601
23 87 0.204
23 83 0.342
23 50 0.105
23 26 0.097
23 34 0.119
23 59 0.114
23 60 0.031
23 91 0.141
23 92 0.186
23 32 0.073
23 64 0.104
23 70 0.176
23 56 0.165
23 57 0.111
23 67 0.111
23 76 0.146
23 37 0.117
23 38 0.116
23 39 0.176
23 45 0.167
23 48 0.128
23 51 0.154
23 53 0.148
23 63 0.161
23 65 0.178
23 66 0.145
23 68 0.155
23 74 0.176
23 78 0.17
23 80 0.129
23 82 0.146
23 93 0.108
23 94 0.151
23 95 0.175
24 37 0.293
24 83 1
24 94 0.73
24 41 0.76
24 30 0.615
24 75 0.739
24 33 0.502
24 54 0.889
24 55 0.308
24 73 0.24
24 85 0.248
24 97 0.134
24 34 0.057
24 92 0.129
24 38 0.132
24 86 0.152
24 47 0.156
24 48 0.321
24 57 0.05
24 70 0.184
24 72 0.166
24 81 0.169
24 90 0.189
24 93 0.19
24 28 0.216
24 35 0.11
24 40 0.133
24 44 0.113
24 45 0.143
24 66 0.2
24 78 0.156
24 82 0.157
24 84 0.201
24 89 0.178
24 98 0.122
25 88 1
25 28 1
25 33 0.815
25 44 0.727
25 69 0.066
25 27 0.246
25 40 0.295
25 86 0.147
25 97 0.282
25 46 0.167
25 43 0.407
25 67 0.137
25 78 0.323
25 79 0.244
25 31 0.144
25 58 0.165
25 95 0.112
25 35 0.207
25 37 0.199
25 55 0.149
25 64 0.154
25 80 0.25
25 85 0.163
25 94 0.111
25 26 0.19
25 34 0.162
25 39 0.152
25 42 0.162
25 48 0.196
25 51 0.153
25 53 0.166
25 60 0.181
25 63 0.147
25 65 0.167
25 66 0.142
25 71 0.12
25 76 0.136
25 82 0.138
25 91 0.173
25 93 0.201
25 99 0.161
26 90 0.889
26 36 0.926
26 66 0.965
26 71 0.742
26 60 0.568
26 49 0.514
26 77 0.079
26 65 0.125
26 82 0.104
26 89 0.319
26 34 0.205
26 38 0.18
26 67 0.11
26 72 0.265
26 31 0.093
26 51 0.209
26 81 0.191
26 87 0.104
26 88 0.127
26 27 0.141
26 35 0.171
26 39 0.158
26 40 0.068
26 61 0.134
26 70 0.26
26 75 0.294
26 99 0.081
26 29 0.161
26 30 0.151
26 33 0.121
26 37 0.143
26 42 0.152
26 44 0.154
26 46 0.159
26 54 0.189
26 62 0.15
26 74 0.111
26 80 0.183
26 83 0.216
26 84 0.178
26 85 0.158
26 94 0.136
27 93 0.79
27 80 1
27 86 0.923
27 88 0.748
27 58 0.062
27 28 0.531
27 91 0.674
27 33 0.128
27 57 0.225
27 59 0.151
27 61 0.157
27 82 0.032
27 90 0.079
27 36 0.143
27 39 0.114
27 42 0.356
27 44 0.142
27 45 0.009
27 47 0.028
27 60 0.133
27 69 0.182
27 94 0.099
27 95 0.148
27 37 0.132
27 38 0.154
27 40 0.126
27 43 0.186
27 46 0.181
27 65 0.18
27 66 0.136
27 73 0.15
27 74 0.153
27 77 0.114
27 78 0.12
27 81 0.166
27 85 0.226
27 89 0.166
27 92 0.176
27 98 0.133
28 29 0.932
28 70 0.768
28 79 0.905
28 68 0.762
28 88 0.883
28 94 0.632
28 40 0.512
28 66 0.169
28 71 0.132
28 44 0.337
28 51 0.143
28 97 0.121
28 34 0.269
28 46 0.097
28 50 0.242
28 60 0.147
28 48 0.36
28 81 0.292
28 96 0.271
28 37 0.119
28 41 0.148
28 42 0.294
28 49 0.193
28 55 0.155
28 56 0.303
28 58 0.08
28 63 0.271
28 82 0.115
28 85 0.193
28 92 0.139
28 98 0.147
28 31 0.162
28 33 0.172
28 35 0.145
28 36 0.123
28 45 0.096
28 47 0.176
28 53 0.115
28 57 0.165
28 61 0.089
28 62 0.154
28 65 0.15
28 72 0.154
28 77 0.129
28 78 0.149
28 80 0.106
28 83 0.104
28 84 0.209
28 86 0.16
28 95 0.1
28 99 0.188
29 61 0.928
29 32 0.934
29 52 0.748
29 89 0.987
29 33 0.444
29 59 0.014
29 48 0.19
29 58 0.084
29 76 0.216
29 91 0.275
29 95 0.277
29 40 0.242
29 43 0.097
29 45 0.117
29 57 0.098
29 73 0.191
29 78 0.144
29 30 0.172
29 38 0.093
29 72 0.089
29 85 0.162
29 90 0.167
29 93 0.163
29 96 0.136
29 41 0.18
29 46 0.202
29 47 0.183
29 49 0.165
29 55 0.168
29 63 0.161
29 67 0.127
29 75 0.216
29 77 0.152
29 81 0.21
29 83 0.124
29 87 0.115
29 88 0.206
29 97 0.168
29 99 0.121
30 97 1
30 74 0.74
30 36 0.521
30 46 0.734
30 89 0.025
30 41 0.066
30 34 0.285
30 53 0.253
30 55 0.165
30 80 0.19
30 35 0.263
30 62 0.14
30 73 0.038
30 81 0.129
30 92 0.118
30 43 0.149
30 65 0.205
30 71 0.106
30 77 0.114
30 32 0.206
30 45 0.14
30 49 0.171
30 51 0.143
30 58 0.144
30 60 0.183
30 64 0.154
30 72 0.185
30 79 0.158
30 83 0.142
30 93 0.173
30 95 0.126
30 99 0.168
31 91 0.68
31 70 0.704
31 96 0.895
31 55 0.151
31 51 0.11
31 95 0.063
31 34 0.043
31 40 0.139
31 41 0.164
31 92 0.268
31 36 0.276
31 39 0.186
31 62 0.018
31 69 0.134
31 33 0.187
31 42 0.159
31 46 0.11
31 54 0.11
31 77 0.133
31 79 0.16
31 81 0.056
31 84 0.219
31 32 0.183
31 35 0.167
31 45 0.199
31 48 0.14
31 49 0.14
31 50 0.161
31 53 0.113
31 60 0.172
31 64 0.135
31 66 0.17
31 72 0.114
31 74 0.146
31 75 0.213
31 76 0.191
31 83 0.124
31 90 0.166
31 98 0.112
31 99 0.158
32 75 1
32 96 0.585
32 72 0.713
32 45 0.864
32 82 0.607
32 47 0.202
32 74 0.144
32 99 0.118
32 35 0.146
32 48 0.035
32 55 0.237
32 62 0.136
32 69 0.105
32 71 0.082
32 76 0.018
32 84 0.116
32 89 0.556
32 39 0.214
32 40 0.181
32 42 0.224
32 56 0.217
32 61 0.138
32 65 0.152
32 67 0.31
32 70 0.141
32 80 0.168
32 92 0.166
32 95 0.117
32 33 0.129
32 37 0.178
32 38 0.116
32 57 0.123
32 58 0.124
32 63 0.179
32 64 0.131
32 73 0.15
32 86 0.154
32 93 0.091
32 97 0.172
33 96 0.672
33 42 1
33 49 0.914
33 45 0.541
33 41 0.662
33 67 0.738
33 65 0.557
33 74 0.059
33 66 0.077
33 95 0.167
33 50 0.227
33 54 0.131
33 34 0.07
33 35 0.187
33 63 0.221
33 72 0.248
33 75 0.235
33 82 0.077
33 84 0.122
33 92 0.205
33 61 0.191
33 80 0.146
33 85 0.175
33 37 0.19
33 40 0.132
33 44 0.213
33 52 0.33
33 60 0.152
33 69 0.266
33 71 0.137
33 91 0.137
33 94 0.138
33 43 0.147
33 46 0.133
33 48 0.169
33 53 0.198
33 59 0.199
33 68 0.169
33 76 0.122
33 77 0.126
33 97 0.18
33 99 0.158
34 87 0.58
34 59 0.578
34 62 0.182
34 57 0.095
34 61 0.181
34 63 0.053
34 65 0.304
34 83 0.266
34 35 0.298
34 68 0.431
34 48 0.165
34 56 0.03
34 64 0.086
34 71 0.047
34 80 0.162
34 93 0.13
34 97 0.181
34 39 0.1
34 41 0.294
34 42 0.103
34 45 0.159
34 49 0.12
34 94 0.116
34 98 0.118
34 38 0.176
34 43 0.125
34 54 0.13
34 75 0.146
34 78 0.145
34 89 0.096
34 91 0.172
34 99 0.16
35 76 0.94
35 95 0.848
35 99 0.802
35 43 0.979
35 44 0.14
35 47 0.203
35 70 0.08
35 74 0.363
35 77 0.174
35 56 0.205
35 41 0.16
35 42 0.163
35 49 0.112
35 51 0.226
35 71 0.126
35 75 0.119
35 83 0.196
35 93 0.114
35 97 0.188
35 38 0.135
35 39 0.142
35 52 0.19
35 58 0.106
35 64 0.16
35 66 0.19
35 69 0.156
35 81 0.127
35 84 0.14
35 87 0.128
35 90 0.115
35 92 0.149
35 94 0.177
36 45 0.853
36 85 0.817
36 80 0.579
36 81 0.963
36 55 0.024
36 58 0.11
36 79 0.014
36 51 0.187
36 64 0.205
36 73 0.141
36 98 0.045
36 38 0.112
36 42 0.265
36 54 0.134
36 68 0.266
36 74 0.154
36 75 0.361
36 99 0.197
36 37 0.058
36 46 0.127
36 63 0.167
36 77 0.156
36 87 0.217
36 39 0.173
36 50 0.219
36 53 0.128
36 61 0.142
36 62 0.1
36 66 0.134
36 69 0.124
36 78 0.196
36 84 0.17
36 86 0.152
36 88 0.169
36 90 0.143
36 95 0.114
36 97 0.111
37 47 0.973
37 67 0.803
37 84 0.467
37 89 0.22
37 53 0.328
37 62 0.205
37 69 0.031
37 70 0.281
37 78 0.17
37 66 0.09
37 92 0.154
37 94 0.247
37 40 0.292
37 48 0.041
37 51 0.184
37 61 0.202
37 71 0.096
37 81 0.112
37 39 0.136
37 54 0.136
37 55 0.153
37 57 0.137
37 58 0.183
37 64 0.124
37 73 0.157
37 90 0.072
37 96 0.118
38 64 0.887
38 58 0.836
38 85 0.95
38 96 0.229
38 51 0.571
38 75 0.022
38 39 0.07
38 43 0.219
38 44 0.162
38 55 0.04
38 69 0.225
38 78 0.11
38 84 0.301
38 48 0.115
38 57 0.123
38 62 0.11
38 67 0.183
38 74 0.159
38 79 0.122
38 97 0.151
38 41 0.181
38 46 0.219
38 50 0.186
38 59 0.122
38 60 0.15
38 63 0.163
38 76 0.134
38 82 0.12
38 86 0.171
38 89 0.126
38 93 0.166
39 94 0.831
39 56 0.785
39 67 0.862
39 57 0.936
39 81 0.664
39 85 0.66
39 74 0.215
39 61 0.239
39 71 0.369
39 93 0.288
39 98 0.087
39 40 0.138
39 47 0.173
39 49 0.138
39 64 0.133
39 69 0.127
39 75 0.015
39 78 0.163
39 84 0.152
39 88 0.118
39 43 0.153
39 44 0.126
39 55 0.184
39 65 0.147
39 76 0.178
39 82 0.15
39 87 0.14
39 97 0.084
40 93 1
40 98 0.756
40 42 0.205
40 60 0.068
40 89 0.341
40 59 0.094
40 61 0.137
40 70 0.04
40 72 0.17
40 99 0.132
40 54 0.031
40 58 0.272
40 65 0.162
40 94 0.097
40 43 0.114
40 57 0.133
40 62 0.191
40 63 0.112
40 68 0.134
40 71 0.134
40 77 0.107
40 79 0.166
40 84 0.102
40 86 0.184
40 90 0.112
40 95 0.204
41 51 1
41 80 1
41 78 0.886
41 88 0.801
41 99 0.749
41 69 0.298
41 70 0.618
41 87 0.084
41 96 0.112
41 59 0.161
41 61 0.4
41 82 0.108
41 53 0.323
41 71 0.163
41 48 0.152
41 62 0.119
41 63 0.213
41 68 0.189
41 74 0.138
41 76 0.186
41 77 0.114
41 81 0.158
41 85 0.183
41 86 0.14
41 90 0.172
41 97 0.093
42 57 0.992
42 60 0.698
42 67 0.1
42 49 0.328
42 52 0.382
42 54 0.098
42 63 0.14
42 84 0.008
42 44 0.179
42 47 0.127
42 50 0.159
42 53 0.147
42 55 0.006
42 62 0.26
42 66 0.147
42 71 0.179
42 73 0.157
42 90 0.168
42 92 0.127
42 68 0.146
42 74 0.153
42 76 0.133
42 81 0.167
42 91 0.104
42 94 0.217
43 57 0.879
43 58 0.628
43 96 0.997
43 59 0.791
43 64 0.827
43 53 0.659
43 85 0.235
43 48 0.187
43 55 0.191
43 60 0.19
43 74 0.096
43 90 0.22
43 44 0.259
43 47 0.153
43 84 0.092
43 86 0.203
43 92 0.091
43 51 0.194
43 78 0.183
43 93 0.121
43 46 0.147
43 50 0.126
43 54 0.151
43 61 0.134
43 62 0.183
43 65 0.173
43 67 0.141
43 75 0.128
43 76 0.202
43 77 0.145
43 83 0.179
43 87 0.091
44 75 0.934
44 60 0.883
44 78 0.581
44 76 0.878
44 53 0.265
44 46 0.182
44 80 0.055
44 82 0.002
44 95 0.361
44 48 0.144
44 52 0.168
44 47 0.199
44 54 0.235
44 57 0.125
44 61 0.198
44 79 0.078
44 83 0.126
44 84 0.303
44 94 0.298
44 98 0.171
44 45 0.179
44 59 0.163
44 64 0.161
44 68 0.18
44 71 0.139
44 72 0.096
44 86 0.11
44 87 0.146
44 93 0.128
44 96 0.164
45 84 0.887
45 88 0.972
45 50 0.737
45 68 0.582
45 94 0.164
45 46 0.186
45 81 0.241
45 52 0.293
45 79 0.076
45 59 0.2
45 47 0.094
45 49 0.116
45 54 0.173
45 56 0.121
45 60 0.048
45 69 0.086
45 92 0.038
45 48 0.168
45 65 0.135
45 66 0.118
45 67 0.14
45 75 0.146
45 78 0.192
45 83 0.147
45 87 0.231
45 91 0.143
45 97 0.066
45 99 0.134
46 87 0.768
46 58 0.857
46 55 0.136
46 66 0.689
46 75 0.141
46 52 0.167
46 78 0.181
46 90 0.199
46 59 0.115
46 68 0.246
46 71 0.244
46 72 0.181
46 91 0.119
46 47 0.158
46 49 0.121
46 63 0.143
46 64 0.014
46 50 0.129
46 54 0.117
46 57 0.136
46 60 0.204
46 61 0.097
46 65 0.103
46 69 0.169
46 73 0.142
46 74 0.168
46 84 0.15
46 92 0.191
46 93 0.2
47 79 0.576
47 74 1
47 50 0.367
47 60 0.141
47 88 0.253
47 73 0.193
47 59 0.23
47 78 0.066
47 83 0.162
47 62 0.15
47 68 0.082
47 97 0.117
47 51 0.122
47 52 0.161
47 58 0.145
47 63 0.119
47 64 0.136
47 65 0.162
47 84 0.096
47 85 0.128
47 86 0.122
47 87 0.137
47 93 0.148
48 51 0.662
48 68 0.779
48 77 0.26
48 91 0.579
48 78 0.121
48 96 0.276
48 55 0.39
48 62 0.041
48 71 0.156
48 83 0.155
48 92 0.195
48 49 0.158
48 54 0.241
48 60 0.305
48 72 0.141
48 89 0.119
48 90 0.233
48 56 0.116
48 59 0.16
48 64 0.149
48 65 0.187
48 69 0.155
48 73 0.13
48 79 0.188
48 81 0.148
48 82 0.12
48 84 0.127
48 86 0.191
48 94 0.184
49 57 0.989
49 74 0.676
49 55 0.462
49 50 0.089
49 66 0.168
49 71 0.155
49 58 0.025
49 60 0.177
49 78 0.454
49 56 0.138
49 79 0.136
49 81 0.139
49 85 0.093
49 87 0.218
49 93 0.121
49 53 0.155
49 68 0.32
49 77 0.172
49 82 0.205
49 84 0.035
49 91 0.325
49 98 0.095
49 61 0.158
49 64 0.178
49 72 0.167
49 75 0.134
49 83 0.119
49 89 0.149
50 85 0.683
50 99 0.254
50 60 0.216
50 61 0.116
50 64 0.14
50 73 0.105
50 92 0.155
50 94 0.114
50 55 0.126
50 71 0.178
50 75 0.166
50 81 0.16
50 88 0.197
50 95 0.172
50 53 0.201
50 54 0.134
50 58 0.176
50 66 0.108
50 72 0.144
50 74 0.148
50 78 0.178
50 79 0.16
50 82 0.107
50 84 0.201
50 93 0.207
50 96 0.198
50 97 0.19
51 55 0.323
51 75 0.131
51 54 0.162
51 94 0.022
51 62 0.192
51 71 0.102
51 77 0.03
51 80 0.189
51 52 0.082
51 68 0.137
51 70 0.159
51 74 0.085
51 87 0.175
51 92 0.163
51 58 0.166
51 60 0.156
51 64 0.134
51 79 0.134
51 85 0.109
51 88 0.163
51 96 0.168
52 87 0.352
52 97 0.587
52 92 0.666
52 86 0.861
52 91 0.099
52 64 0.194
52 94 0.255
52 66 0.17
52 72 0.028
52 65 0.182
52 76 0.164
52 82 0.04
52 53 0.094
52 55 0.11
52 58 0.122
52 60 0.22
52 61 0.168
52 63 0.128
52 73 0.176
52 79 0.169
52 83 0.169
52 90 0.169
52 93 0.131
53 76 0.963
53 61 0.715
53 82 0.031
53 99 0.031
53 56 0.106
53 67 0.151
53 60 0.085
53 86 0.184
53 57 0.171
53 58 0.157
53 62 0.159
53 64 0.337
53 65 0.19
53 77 0.17
53 85 0.084
53 88 0.19
53 89 0.106
53 95 0.163
53 71 0.123
53 73 0.137
53 78 0.19
53 79 0.169
53 80 0.084
53 81 0.144
53 83 0.139
53 90 0.106
53 93 0.127
54 59 1
54 79 0.833
54 75 0.9
54 65 0.142
54 71 0.229
54 78 0.211
54 73 0.047
54 76 0.133
54 68 0.068
54 89 0.226
54 90 0.143
54 97 0.077
54 62 0.187
54 72 0.113
54 87 0.166
54 57 0.199
54 63 0.171
54 66 0.162
54 77 0.105
54 91 0.187
54 92 0.168
54 95 0.133
55 93 0.633
55 58 0.817
55 70 0.593
55 67 0.608
55 68 0.607
55 62 0.349
55 78 0.404
55 59 0.509
55 57 0.186
55 87 0.508
55 85 0.364
55 95 0.009
55 63 0.015
55 65 0.168
55 66 0.175
55 74 0.128
55 83 0.175
55 92 0.116
55 96 0.299
55 98 0.169
55 99 0.28
55 56 0.183
55 61 0.104
55 73 0.157
55 75 0.092
55 82 0.165
55 94 0.129
56 90 0.676
56 59 0.217
56 68 0.187
56 66 0.117
56 65 0.079
56 64 0.354
56 70 0.178
56 74 0.208
56 80 0.045
56 83 0.139
56 91 0.204
56 92 0.148
56 94 0.279
56 62 0.137
56 82 0.169
56 86 0.189
56 88 0.122
56 89 0.107
56 95 0.213
56 97 0.121
57 96 0.515
57 89 0.174
57 88 0.153
57 81 0.179
57 68 0.185
57 87 0.242
57 97 0.25
57 61 0.156
57 63 0.135
57 67 0.09
57 83 0.216
57 84 0.204
57 91 0.23
57 94 0.153
57 60 0.181
57 62 0.152
57 64 0.202
57 69 0.125
57 77 0.152
57 78 0.104
57 90 0.151
57 93 0.152
57 98 0.199
58 85 0.71
58 80 1
58 60 0.936
58 82 0.314
58 96 0.228
58 69 0.019
58 65 0.134
58 66 0.233
58 76 0.166
58 77 0.245
58 94 0.146
58 59 0.13
58 62 0.164
58 64 0.169
58 67 0.146
58 68 0.2
58 70 0.174
58 72 0.165
58 86 0.164
58 88 0.102
58 89 0.125
58 97 0.181
59 81 0.989
59 99 0.486
59 92 0.327
59 60 0.424
59 78 0.042
59 67 0.19
59 69 0.205
59 63 0.153
59 68 0.211
59 71 0.156
59 76 0.197
59 82 0.087
59 85 0.161
59 86 0.024
59 93 0.169
59 64 0.135
59 65 0.171
59 74 0.186
59 79 0.143
59 80 0.113
59 89 0.14
59 90 0.142
59 94 0.126
60 77 0.155
60 85 0.044
60 65 0.122
60 79 0.158
60 81 0.152
60 93 0.178
60 76 0.137
60 94 0.146
60 62 0.142
60 64 0.131
60 66 0.175
60 68 0.192
60 70 0.188
60 72 0.092
60 73 0.126
60 82 0.099
60 83 0.185
60 86 0.09
60 88 0.156
60 89 0.136
60 99 0.179
61 88 0.75
61 77 0.857
61 69 0.119
61 96 0.126
61 93 0.143
61 64 0.185
61 66 0.171
61 82 0.041
61 87 0.189
61 91 0.108
61 98 0.145
61 65 0.202
61 67 0.126
61 71 0.171
61 74 0.12
61 78 0.188
61 79 0.119
61 84 0.111
61 86 0.169
61 92 0.129
61 99 0.125
62 97 1
62 78 1
62 80 0.049
62 68 0.195
62 76 0.374
62 88 0.303
62 94 0.211
62 71 0.111
62 72 0.115
62 74 0.178
62 90 0.157
62 93 0.169
62 63 0.19
62 65 0.147
62 67 0.132
62 69 0.108
62 70 0.178
62 75 0.153
62 81 0.153
62 95 0.152
63 68 0.619
63 73 0.78
63 66 0.26
63 72 0.342
63 97 0.167
63 71 0.183
63 65 0.206
63 84 0.182
63 89 0.145
63 93 0.153
63 67 0.14
63 70 0.114
63 74 0.166
63 78 0.14
63 86 0.163
63 88 0.133
63 90 0.136
64 96 1
64 89 0.246
64 73 0.457
64 83 0.158
64 87 0.193
64 90 0.082
64 66 0.351
64 80 0.004
64 97 0.155
64 71 0.027
64 78 0.108
64 88 0.027
64 95 0.138
64 65 0.181
64 72 0.134
64 74 0.123
64 76 0.128
64 77 0.151
64 85 0.178
64 93 0.154
64 94 0.196
64 98 0.124
64 99 0.147
65 66 0.58
65 99 0.549
65 78 0.932
65 95 0.301
65 73 0.048
65 94 0.18
65 86 0.277
65 87 0.173
65 93 0.214
65 77 0.14
65 68 0.198
65 69 0.153
65 74 0.156
65 75 0.172
65 82 0.186
65 83 0.102
65 91 0.197
65 96 0.116
66 77 0.628
66 67 0.037
66 68 0.254
66 97 0.243
66 69 0.148
66 79 0.495
66 89 0.19
66 84 0.102
66 88 0.221
66 99 0.157
66 70 0.222
66 75 0.11
66 82 0.178
66 83 0.197
66 93 0.169
67 79 1
67 82 0.734
67 69 0.762
67 91 0.088
67 76 0.059
67 84 0.307
67 73 0.127
67 77 0.146
67 78 0.175
67 83 0.142
67 86 0.194
67 87 0.134
67 93 0.146
67 98 0.152
68 71 0.834
68 76 0.936
68 83 0.096
68 94 0.118
68 80 0.107
68 98 0.138
68 99 0.22
68 81 0.307
68 84 0.166
68 93 0.142
68 95 0.168
68 70 0.159
68 78 0.126
68 92 0.138
68 97 0.204
69 99 0.848
69 82 1
69 87 0.696
69 90 0.351
69 75 0.151
69 85 0.225
69 70 0.174
69 91 0.117
69 84 0.143
69 98 0.213
69 74 0.125
69 80 0.072
69 86 0.184
69 92 0.121
69 93 0.143
69 96 0.131
70 86 0.867
70 93 0.834
70 80 0.106
70 79 0.131
70 72 0.269
70 81 0.141
70 88 0.146
70 89 0.13
70 74 0.166
70 76 0.144
70 77 0.148
70 83 0.191
70 95 0.171
71 92 0.934
71 94 0.631
71 83 1
71 91 0.822
71 93 1
71 85 0.02
71 96 0.087
71 97 0.418
71 72 0.108
71 98 0.348
71 74 0.114
71 82 0.145
71 90 0.227
71 73 0.242
71 87 0.124
71 89 0.181
71 76 0.138
71 77 0.192
71 95 0.154
72 93 0.593
72 80 0.597
72 89 0.723
72 82 0.302
72 83 0.173
72 90 0.589
72 79 0.221
72 81 0.114
72 96 0.133
72 77 0.064
72 78 0.327
72 91 0.057
72 95 0.133
72 74 0.123
72 84 0.168
72 85 0.093
72 94 0.169
72 97 0.184
72 98 0.123
73 83 0.099
73 87 0.12
73 94 0.322
73 81 0.094
73 95 0.16
73 86 0.171
73 88 0.181
73 96 0.183
73 75 0.176
73 76 0.105
73 85 0.137
73 92 0.183
73 98 0.112
74 82 0.915
74 85 0.421
74 86 0.072
74 97 0.169
74 99 0.052
74 81 0.14
74 91 0.279
74 75 0.139
74 76 0.163
74 78 0.163
74 79 0.077
74 83 0.187
74 87 0.156
74 88 0.131
74 98 0.156
75 88 0.197
75 89 0.112
75 96 0.117
75 98 0.25
75 80 0.366
75 83 0.075
75 91 0.142
75 82 0.16
75 87 0.138
75 92 0.155
75 95 0.122
75 99 0.219
76 80 0.792
76 81 0.681
76 92 0.44
76 85 0.171
76 77 0.367
76 78 0.043
76 91 0.234
76 89 0.118
76 93 0.074
76 94 0.175
76 79 0.176
76 86 0.123
76 87 0.203
76 96 0.104
77 97 0.685
77 94 0.276
77 90 0.31
77 80 0.095
77 88 0.137
77 96 0.281
77 78 0.166
77 87 0.186
77 84 0.12
77 92 0.168
77 95 0.178
78 85 0.911
78 81 0.549
78 98 0.568
78 92 0.157
78 83 0.194
78 87 0.189
78 82 0.151
78 88 0.091
78 91 0.156
78 84 0.2
78 89 0.156
78 94 0.149
78 95 0.139
78 96 0.196
79 94 0.53
79 95 0.524
79 89 0.165
79 99 0.065
79 83 0.523
79 82 0.131
79 84 0.068
79 87 0.12
79 88 0.097
79 90 0.14
79 91 0.095
80 95 0.678
80 83 0.048
80 97 0.13
80 94 0.203
80 82 0.281
80 85 0.482
80 87 0.292
80 81 0.195
80 84 0.191
80 88 0.176
80 90 0.166
80 91 0.166
80 92 0.132
80 96 0.089
81 86 0.141
81 93 0.069
81 85 0.214
81 87 0.145
81 98 0.04
81 94 0.125
81 95 0.133
81 89 0.149
81 97 0.178
82 84 0.282
82 86 0.206
82 91 0.272
82 92 0.176
82 99 0.141
82 98 0.169
83 96 0.883
83 93 0.155
83 99 0.238
83 84 0.138
83 86 0.118
83 97 0.169
84 95 0.821
84 98 0.84
84 99 0.727
84 89 0.07
84 90 0.145
84 97 0.29
84 87 0.14
84 88 0.16
84 93 0.201
84 94 0.199
85 95 0.015
85 88 0.128
85 89 0.187
85 93 0.053
85 94 0.073
85 96 0.239
85 87 0.197
86 90 0.292
86 88 0.201
86 92 0.18
86 97 0.191
86 94 0.176
86 99 0.149
87 95 0.068
87 96 0.21
87 99 0.079
87 90 0.143
87 93 0.118
87 94 0.143
87 97 0.154
88 98 0.661
88 94 0.143
88 96 0.223
88 89 0.261
88 90 0.129
88 93 0.191
89 95 0.59
89 98 0.432
89 91 0.146
89 92 0.089
89 94 0.152
89 96 0.099
90 93 0.898
90 99 0.222
90 97 0.118
90 98 0.123
91 92 0.159
91 94 0.181
91 97 0.122
91 98 0.181
92 97 0.174
92 98 0.403
92 95 0.172
93 96 0.158
93 99 0.136
94 95 0.132
94 96 0.125
94 98 0.182
95 96 0.203
95 98 0.171
95 97 0.16
96 97 0.167
96 99 0.137
97 98 0.144
98 99 0.981
