0 15 0.854
0 83 1
0 57 0.658
0 58 1
0 81 0.578
0 28 0.5
0 56 0.333
0 59 0.331
0 2 0.162
0 7 0.17
0 14 0.161
0 23 0.216
0 30 0.129
0 38 0.172
0 40 0.138
0 43 0.123
0 44 0.113
0 45 0.084
0 46 0.18
0 48 0.178
0 50 0.161
0 53 0.22
0 60 0.17
0 61 0.123
0 64 0.182
0 65 0.126
0 70 0.114
0 71 0.186
0 72 0.078
0 74 0.147
0 76 0.191
0 77 0.223
0 82 0.179
0 86 0.125
0 87 0.161
0 92 0.152
0 94 0.147
0 98 0.146
1 55 0.653
1 92 0.533
1 39 0.652
1 26 1
1 94 0.59
1 30 1
1 40 0.54
1 18 0.559
1 47 0.083
1 60 0.23
1 71 0.097
1 80 0.151
1 5 0.133
1 6 0.166
1 11 0.147
1 14 0.201
1 15 0.133
1 17 0.146
1 21 0.102
1 22 0.216
1 25 0.203
1 31 0.132
1 35 0.125
1 36 0.161
1 37 0.127
1 42 0.163
1 43 0.157
1 44 0.145
1 45 0.126
1 48 0.145
1 53 0.141
1 56 0.211
1 63 0.153
1 64 0.197
1 65 0.113
1 68 0.162
1 72 0.157
1 73 0.167
1 74 0.173
1 79 0.231
1 82 0.116
1 83 0.104
1 88 0.149
1 90 0.128
1 93 0.172
1 95 0.139
1 97 0.16
1 99 0.144
2 87 0.805
2 60 0.845
2 19 1
2 67 0.611
2 44 0.803
2 99 0.737
2 51 0.03
2 31 0.165
2 47 0.189
2 53 0.121
2 89 0.005
2 3 0.108
2 4 0.16
2 6 0.129
2 7 0.105
2 9 0.171
2 13 0.172
2 15 0.15
2 18 0.117
2 21 0.103
2 22 0.161
2 25 0.134
2 27 0.155
2 38 0.197
2 40 0.101
2 41 0.181
2 43 0.166
2 45 0.164
2 56 0.119
2 57 0.171
2 61 0.202
2 62 0.172
2 63 0.179
2 64 0.157
2 68 0.148
2 76 0.201
2 79 0.187
2 85 0.225
2 91 0.149
2 93 0.127
2 97 0.133
3 90 0.846
3 17 0.53
3 50 1
3 98 0.888
3 54 0.809
3 33 1
3 36 0.139
3 72 0.166
3 6 0.185
3 7 0.155
3 14 0.146
3 15 0.096
3 21 0.178
3 25 0.097
3 26 0.14
3 32 0.13
3 40 0.149
3 42 0.137
3 45 0.154
3 47 0.141
3 49 0.13
3 55 0.149
3 58 0.169
3 65 0.137
3 68 0.163
3 69 0.136
3 70 0.153
3 73 0.141
3 75 0.157
3 76 0.164
3 91 0.134
3 92 0.111
3 93 0.159
3 94 0.162
3 96 0.162
3 97 0.152
4 87 1
4 9 0.685
4 84 1
4 18 1
4 67 0.683
4 91 0.501
4 27 0.852
4 31 0.927
4 6 0.17
4 20 0.152
4 45 0.15
4 56 0.215
4 73 0.088
4 80 0.189
4 10 0.102
4 12 0.172
4 13 0.145
4 17 0.104
4 21 0.18
4 32 0.183
4 34 0.158
4 35 0.172
4 36 0.105
4 37 0.148
4 43 0.156
4 47 0.134
4 48 0.117
4 52 0.154
4 54 0.18
4 57 0.173
4 60 0.135
4 61 0.169
4 64 0.198
4 75 0.149
4 76 0.193
4 77 0.184
4 83 0.123
4 96 0.156
5 87 0.958
5 40 0.615
5 58 0.107
5 7 0.212
5 20 0.203
5 25 0.062
5 59 0.119
5 71 0.345
5 77 0.138
5 88 0.175
5 6 0.216
5 8 0.118
5 10 0.131
5 11 0.184
5 22 0.129
5 33 0.135
5 37 0.19
5 38 0.178
5 44 0.147
5 46 0.169
5 47 0.142
5 48 0.124
5 51 0.102
5 55 0.178
5 60 0.056
5 63 0.096
5 66 0.185
5 72 0.167
5 73 0.126
5 75 0.202
5 76 0.131
5 79 0.075
5 81 0.159
5 82 0.13
5 85 0.154
5 90 0.165
6 71 0.504
6 91 1
6 47 0.856
6 68 0.86
6 53 0.739
6 18 0.706
6 36 1
6 76 0.721
6 14 0.187
6 62 0.319
6 7 0.193
6 8 0.156
6 23 0.148
6 26 0.191
6 35 0.132
6 37 0.136
6 39 0.183
6 42 0.118
6 43 0.141
6 45 0.133
6 48 0.095
6 50 0.105
6 58 0.187
6 59 0.133
6 60 0.145
6 61 0.104
6 63 0.162
6 73 0.116
6 74 0.196
6 77 0.131
6 81 0.109
6 83 0.147
6 84 0.174
6 87 0.138
6 88 0.19
6 94 0.109
6 95 0.177
6 97 0.217
6 99 0.13
7 41 0.889
7 82 0.58
7 19 0.968
7 26 0.811
7 27 0.097
7 28 0.135
7 49 0.063
7 90 0.213
7 9 0.153
7 15 0.149
7 17 0.136
7 18 0.104
7 20 0.168
7 22 0.127
7 33 0.115
7 34 0.169
7 42 0.156
7 50 0.097
7 56 0.124
7 67 0.222
7 69 0.129
7 70 0.168
7 71 0.167
7 72 0.157
7 73 0.143
7 75 0.164
7 76 0.142
7 79 0.149
7 83 0.109
7 85 0.114
7 86 0.144
7 88 0.126
7 89 0.189
7 93 0.168
7 95 0.157
7 96 0.136
7 98 0.155
8 20 0.725
8 44 0.652
8 77 0.095
8 55 0.295
8 21 0.148
8 23 0.161
8 26 0.158
8 27 0.117
8 29 0.194
8 35 0.123
8 38 0.11
8 39 0.146
8 41 0.166
8 52 0.204
8 57 0.103
8 59 0.144
8 63 0.15
8 66 0.194
8 67 0.204
8 72 0.154
8 89 0.15
8 94 0.115
9 30 0.951
9 46 0.838
9 15 0.866
9 62 1
9 96 0.642
9 45 0.092
9 22 0.138
9 43 0.269
9 20 0.121
9 21 0.133
9 23 0.155
9 24 0.139
9 27 0.132
9 28 0.183
9 32 0.176
9 35 0.151
9 40 0.153
9 51 0.202
9 53 0.194
9 54 0.157
9 56 0.179
9 57 0.168
9 59 0.123
9 61 0.096
9 65 0.132
9 66 0.14
9 72 0.125
9 75 0.135
9 79 0.175
9 81 0.145
9 82 0.119
9 84 0.166
9 94 0.171
10 86 0.984
10 31 0.931
10 13 0.724
10 81 0.979
10 78 0.852
10 66 0.134
10 11 0.126
10 12 0.132
10 19 0.142
10 22 0.106
10 24 0.195
10 25 0.173
10 26 0.125
10 28 0.093
10 29 0.147
10 35 0.158
10 41 0.151
10 44 0.157
10 47 0.15
10 49 0.101
10 50 0.173
10 53 0.137
10 58 0.18
10 68 0.125
10 70 0.14
10 71 0.142
10 72 0.154
10 73 0.115
10 74 0.192
10 75 0.176
10 77 0.146
10 79 0.188
10 83 0.125
10 90 0.118
10 91 0.129
10 92 0.124
10 99 0.177
11 21 0.76
11 46 0.87
11 14 0.149
11 16 0.179
11 23 0.143
11 27 0.194
11 28 0.158
11 40 0.095
11 41 0.172
11 43 0.115
11 45 0.105
11 48 0.168
11 49 0.103
11 51 0.148
11 53 0.159
11 54 0.189
11 57 0.134
11 58 0.171
11 64 0.171
11 65 0.177
11 66 0.214
11 71 0.16
11 73 0.129
11 74 0.149
11 76 0.177
11 83 0.15
11 88 0.168
12 90 0.924
12 47 0.853
12 95 0.921
12 80 0.75
12 97 1
12 29 0.177
12 30 0.183
12 18 0.149
12 22 0.182
12 23 0.115
12 28 0.153
12 32 0.205
12 34 0.091
12 40 0.173
12 44 0.153
12 49 0.161
12 50 0.088
12 52 0.148
12 56 0.138
12 57 0.157
12 61 0.154
12 62 0.176
12 63 0.117
12 65 0.143
12 68 0.126
12 69 0.15
12 71 0.133
12 82 0.197
12 87 0.113
12 88 0.175
12 98 0.128
13 95 1
13 45 0.943
13 26 1
13 36 0.911
13 76 0.536
13 35 0.165
13 39 0.018
13 14 0.153
13 15 0.19
13 16 0.157
13 20 0.185
13 25 0.069
13 27 0.157
13 31 0.166
13 37 0.165
13 40 0.172
13 54 0.116
13 61 0.149
13 62 0.141
13 63 0.12
13 65 0.203
13 69 0.229
13 70 0.133
13 71 0.173
13 74 0.142
13 81 0.129
13 83 0.13
13 86 0.161
13 88 0.114
13 90 0.174
13 91 0.162
14 72 0.951
14 47 1
14 98 0.956
14 71 0.882
14 26 0.118
14 18 0.123
14 21 0.156
14 22 0.12
14 29 0.153
14 31 0.121
14 32 0.124
14 34 0.149
14 35 0.17
14 36 0.17
14 46 0.15
14 48 0.182
14 49 0.124
14 57 0.149
14 61 0.195
14 65 0.141
14 68 0.188
14 73 0.138
14 76 0.156
14 78 0.152
14 89 0.131
14 90 0.177
14 99 0.173
15 70 0.65
15 64 0.85
15 59 0.689
15 58 0.752
15 79 0.948
15 17 0.731
15 87 0.899
15 97 0.546
15 42 0.51
15 88 0.112
15 16 0.138
15 18 0.178
15 21 0.169
15 22 0.18
15 31 0.135
15 38 0.204
15 39 0.146
15 41 0.127
15 43 0.14
15 47 0.121
15 51 0.114
15 52 0.153
15 55 0.15
15 56 0.179
15 57 0.153
15 60 0.163
15 62 0.159
15 65 0.166
15 68 0.171
15 71 0.153
15 73 0.139
15 77 0.085
15 78 0.165
15 80 0.164
15 86 0.183
15 96 0.17
15 98 0.168
15 99 0.121
16 22 0.906
16 45 0.705
16 21 0.901
16 41 0.592
16 20 0.129
16 24 0.334
16 48 0.355
16 79 0.157
16 80 0.222
16 17 0.165
16 19 0.182
16 25 0.17
16 27 0.124
16 32 0.103
16 34 0.188
16 35 0.117
16 37 0.139
16 38 0.129
16 43 0.149
16 44 0.161
16 46 0.136
16 47 0.14
16 50 0.111
16 54 0.135
16 55 0.113
16 56 0.103
16 57 0.164
16 58 0.129
16 63 0.159
16 73 0.177
16 74 0.167
16 83 0.185
16 86 0.153
16 88 0.168
16 98 0.138
16 99 0.142
17 76 1
17 36 0.773
17 52 0.601
17 35 0.758
17 56 0.58
17 54 0.16
17 96 0.575
17 41 0.144
17 75 0.184
17 21 0.172
17 22 0.142
17 23 0.075
17 25 0.109
17 26 0.18
17 38 0.148
17 42 0.153
17 47 0.113
17 49 0.151
17 51 0.12
17 53 0.179
17 61 0.159
17 64 0.167
17 67 0.163
17 68 0.137
17 83 0.138
17 84 0.137
17 90 0.17
17 94 0.131
17 95 0.165
17 97 0.188
17 98 0.162
17 99 0.162
18 29 0.946
18 92 0.305
18 42 0.247
18 64 0.029
18 69 0.166
18 84 0.074
18 88 0.151
18 19 0.171
18 21 0.15
18 24 0.178
18 33 0.119
18 35 0.134
18 36 0.148
18 37 0.182
18 38 0.212
18 47 0.164
18 48 0.147
18 52 0.136
18 53 0.131
18 54 0.139
18 58 0.132
18 60 0.161
18 61 0.151
18 62 0.184
18 63 0.115
18 67 0.158
18 72 0.126
18 75 0.18
18 76 0.171
18 82 0.099
18 83 0.152
18 85 0.189
18 89 0.105
18 91 0.145
18 98 0.176
19 98 0.784
19 83 0.854
19 24 0.692
19 29 0.151
19 63 0.252
19 71 0.002
19 22 0.199
19 25 0.165
19 27 0.18
19 33 0.205
19 34 0.17
19 35 0.15
19 36 0.145
19 40 0.174
19 48 0.217
19 49 0.155
19 50 0.136
19 64 0.099
19 69 0.124
19 72 0.169
19 80 0.139
19 82 0.115
19 84 0.135
19 91 0.143
19 92 0.178
19 93 0.183
19 94 0.202
19 95 0.152
19 96 0.108
20 25 0.561
20 32 0.043
20 43 0.108
20 73 0.235
20 26 0.138
20 28 0.17
20 29 0.138
20 31 0.183
20 34 0.173
20 36 0.114
20 41 0.173
20 42 0.158
20 49 0.129
20 61 0.192
20 63 0.11
20 65 0.078
20 67 0.148
20 68 0.15
20 69 0.076
20 76 0.129
20 77 0.121
20 81 0.173
20 85 0.167
20 86 0.166
20 87 0.119
20 89 0.125
20 90 0.161
20 92 0.132
20 94 0.171
20 95 0.152
20 97 0.149
20 98 0.13
20 99 0.13
21 55 1
21 64 0.6
21 85 0.916
21 77 1
21 34 0.554
21 37 1
21 41 1
21 97 0.759
21 36 0.504
21 39 0.15
21 22 0.144
21 26 0.202
21 27 0.151
21 32 0.148
21 42 0.1
21 44 0.128
21 45 0.245
21 47 0.147
21 48 0.167
21 49 0.136
21 58 0.12
21 65 0.154
21 68 0.176
21 69 0.124
21 71 0.159
21 72 0.087
21 73 0.11
21 75 0.177
21 76 0.146
21 87 0.136
21 90 0.149
21 91 0.136
21 94 0.155
21 95 0.147
21 99 0.224
22 32 0.198
22 39 0.147
22 42 0.124
22 96 0.131
22 28 0.131
22 33 0.151
22 41 0.164
22 43 0.132
22 44 0.125
22 48 0.168
22 52 0.149
22 55 0.127
22 56 0.143
22 59 0.174
22 60 0.18
22 63 0.195
22 65 0.171
22 69 0.115
22 70 0.12
22 71 0.175
22 77 0.202
22 80 0.114
22 81 0.175
22 86 0.171
22 91 0.1
22 93 0.17
22 95 0.189
22 97 0.091
22 99 0.168
23 78 0.764
23 62 0.841
23 49 0.518
23 92 0.163
23 24 0.139
23 31 0.154
23 36 0.128
23 39 0.132
23 42 0.184
23 43 0.129
23 47 0.155
23 50 0.173
23 54 0.109
23 55 0.186
23 56 0.165
23 64 0.141
23 66 0.186
23 69 0.144
23 72 0.115
23 82 0.15
23 83 0.174
23 86 0.167
23 89 0.148
23 90 0.198
23 91 0.144
23 93 0.146
23 94 0.17
23 97 0.156
24 71 0.506
24 39 0.636
24 69 0.858
24 54 1
24 44 0.05
24 58 0.097
24 78 0.205
24 90 0.235
24 92 0.232
24 27 0.219
24 28 0.144
24 29 0.119
24 33 0.107
24 35 0.125
24 42 0.131
24 46 0.125
24 47 0.132
24 49 0.157
24 60 0.165
24 62 0.124
24 65 0.194
24 70 0.142
24 76 0.099
24 79 0.13
24 84 0.118
24 86 0.153
24 88 0.184
24 96 0.142
24 97 0.16
24 99 0.177
25 90 0.767
25 35 0.836
25 60 0.885
25 99 0.993
25 93 1
25 98 0.555
25 26 0.146
25 27 0.159
25 31 0.146
25 33 0.191
25 34 0.123
25 36 0.092
25 42 0.198
25 53 0.145
25 54 0.136
25 55 0.134
25 61 0.168
25 69 0.174
25 70 0.167
25 74 0.155
25 77 0.153
25 78 0.128
25 80 0.141
25 81 0.163
25 89 0.22
25 94 0.169
25 95 0.15
26 86 0.791
26 91 0.688
26 88 0.897
26 60 1
26 77 1
26 37 0.261
26 39 0.013
26 53 0.129
26 63 0.139
26 80 0.202
26 29 0.155
26 30 0.205
26 33 0.202
26 35 0.143
26 36 0.138
26 40 0.131
26 41 0.153
26 42 0.16
26 43 0.134
26 50 0.163
26 56 0.174
26 58 0.165
26 64 0.124
26 66 0.127
26 67 0.082
26 75 0.122
26 79 0.114
26 83 0.151
26 98 0.187
27 80 0.938
27 28 1
27 62 0.962
27 31 0.683
27 46 0.141
27 95 0.107
27 40 0.146
27 41 0.16
27 43 0.109
27 47 0.123
27 49 0.163
27 51 0.135
27 52 0.152
27 53 0.188
27 54 0.107
27 56 0.159
27 63 0.163
27 64 0.112
27 65 0.18
27 71 0.127
27 74 0.126
27 76 0.139
27 78 0.123
27 82 0.172
27 84 0.127
27 92 0.165
27 96 0.128
27 99 0.144
28 93 0.583
28 51 0.098
28 67 0.138
28 81 0.173
28 33 0.171
28 36 0.135
28 40 0.192
28 41 0.172
28 42 0.148
28 45 0.206
28 48 0.163
28 50 0.16
28 52 0.138
28 54 0.128
28 55 0.138
28 63 0.141
28 64 0.117
28 65 0.205
28 66 0.115
28 70 0.202
28 74 0.182
28 75 0.122
28 77 0.09
28 79 0.113
28 82 0.15
28 85 0.115
28 88 0.168
28 95 0.151
28 98 0.16
28 99 0.141
29 37 0.999
29 39 0.828
29 51 0.758
29 38 0.52
29 98 0.783
29 71 0.868
29 43 0.86
29 35 0.834
29 87 0.142
29 31 0.172
29 34 0.152
29 54 0.145
29 58 0.144
29 59 0.143
29 61 0.121
29 62 0.14
29 65 0.186
29 67 0.096
29 83 0.123
29 84 0.125
29 88 0.158
29 90 0.165
29 92 0.117
29 95 0.154
29 97 0.185
30 36 0.894
30 98 1
30 35 0.966
30 52 0.164
30 90 0.248
30 33 0.157
30 34 0.183
30 39 0.163
30 44 0.097
30 51 0.166
30 57 0.147
30 59 0.184
30 62 0.123
30 64 0.16
30 65 0.122
30 66 0.144
30 68 0.15
30 77 0.107
30 80 0.153
30 84 0.161
30 86 0.174
30 87 0.177
30 93 0.129
30 97 0.173
31 53 0.953
31 34 0.818
31 77 0.635
31 61 0.611
31 46 0.134
31 48 0.169
31 49 0.108
31 52 0.219
31 57 0.172
31 58 0.139
31 59 0.147
31 60 0.16
31 62 0.135
31 69 0.064
31 70 0.158
31 75 0.176
31 76 0.165
31 81 0.193
31 85 0.111
31 89 0.145
31 96 0.121
31 98 0.121
32 40 1
32 51 0.866
32 35 0.997
32 54 0.194
32 73 0.173
32 98 0.198
32 38 0.125
32 39 0.154
32 42 0.166
32 45 0.21
32 48 0.139
32 56 0.153
32 59 0.159
32 61 0.166
32 62 0.117
32 66 0.096
32 67 0.173
32 70 0.172
32 71 0.163
32 79 0.166
32 89 0.167
32 94 0.166
32 95 0.146
33 97 0.961
33 34 0.193
33 82 0.153
33 37 0.112
33 40 0.117
33 41 0.133
33 42 0.152
33 47 0.154
33 54 0.159
33 57 0.118
33 59 0.118
33 60 0.159
33 64 0.209
33 65 0.117
33 69 0.175
33 72 0.17
33 75 0.153
33 76 0.094
33 79 0.148
33 83 0.172
33 89 0.117
33 91 0.126
33 92 0.154
33 94 0.158
33 95 0.128
33 96 0.18
33 99 0.079
34 37 0.963
34 80 0.78
34 88 0.74
34 41 0.972
34 63 0.138
34 73 0.167
34 83 0.375
34 36 0.184
34 38 0.147
34 39 0.117
34 45 0.133
34 47 0.162
34 48 0.126
34 49 0.136
34 55 0.098
34 60 0.118
34 69 0.15
34 74 0.207
34 78 0.153
34 81 0.119
34 85 0.173
34 91 0.118
34 92 0.152
34 94 0.167
35 37 0.137
35 51 0.041
35 61 0.126
35 73 0.122
35 88 0.158
35 40 0.173
35 43 0.184
35 45 0.145
35 46 0.135
35 57 0.183
35 58 0.145
35 64 0.162
35 67 0.187
35 69 0.126
35 72 0.162
35 79 0.172
35 83 0.182
35 84 0.2
35 92 0.139
35 94 0.139
35 95 0.156
36 63 0.828
36 82 1
36 61 0.192
36 88 0.152
36 43 0.098
36 44 0.185
36 49 0.118
36 53 0.156
36 57 0.162
36 67 0.181
36 70 0.17
36 72 0.157
36 73 0.158
36 74 0.227
36 75 0.125
36 76 0.201
36 78 0.217
36 79 0.171
36 81 0.092
36 96 0.124
37 47 0.994
37 49 1
37 54 0.751
37 73 0.644
37 53 0.28
37 86 0.168
37 90 0.228
37 42 0.155
37 43 0.137
37 44 0.154
37 46 0.149
37 52 0.162
37 58 0.175
37 61 0.205
37 63 0.153
37 67 0.114
37 68 0.152
37 69 0.109
37 70 0.145
37 78 0.142
37 79 0.135
37 85 0.136
37 87 0.164
37 88 0.142
37 89 0.168
37 92 0.171
37 94 0.142
37 96 0.113
38 57 0.975
38 43 0.191
38 46 0.142
38 47 0.143
38 52 0.106
38 55 0.189
38 56 0.124
38 60 0.122
38 63 0.13
38 64 0.105
38 65 0.166
38 66 0.152
38 70 0.209
38 72 0.132
38 73 0.179
38 76 0.125
38 80 0.077
38 86 0.128
38 88 0.135
38 89 0.164
38 96 0.159
38 97 0.161
39 46 1
39 99 0.608
39 95 1
39 91 1
39 41 0.176
39 42 0.147
39 44 0.165
39 51 0.149
39 53 0.161
39 56 0.089
39 57 0.221
39 58 0.146
39 61 0.198
39 64 0.166
39 65 0.215
39 67 0.162
39 68 0.129
39 71 0.164
39 75 0.123
39 76 0.182
39 88 0.123
39 89 0.166
39 93 0.097
39 96 0.149
39 97 0.141
39 98 0.137
40 58 0.997
40 78 0.176
40 95 0.108
40 42 0.109
40 44 0.156
40 45 0.161
40 49 0.179
40 53 0.14
40 57 0.126
40 59 0.143
40 61 0.105
40 65 0.154
40 70 0.184
40 73 0.111
40 74 0.134
40 76 0.152
40 77 0.162
40 79 0.138
40 80 0.157
40 87 0.108
40 88 0.18
40 91 0.158
40 92 0.106
40 97 0.132
40 99 0.158
41 42 0.992
41 47 0.118
41 60 0.114
41 66 0.245
41 44 0.128
41 48 0.088
41 54 0.21
41 56 0.167
41 59 0.164
41 61 0.175
41 62 0.142
41 63 0.151
41 69 0.152
41 70 0.212
41 72 0.166
41 78 0.184
41 80 0.117
41 83 0.104
41 86 0.156
41 92 0.181
41 95 0.115
41 96 0.185
41 99 0.135
42 47 0.959
42 59 0.639
42 78 0.69
42 67 1
42 91 0.892
42 51 0.092
42 48 0.123
42 49 0.117
42 50 0.143
42 52 0.139
42 54 0.06
42 55 0.128
42 57 0.108
42 65 0.176
42 68 0.162
42 73 0.101
42 79 0.174
42 83 0.158
42 88 0.153
42 92 0.143
42 94 0.157
43 77 0.978
43 81 0.709
43 94 0.633
43 46 0.253
43 86 0.186
43 49 0.128
43 51 0.138
43 54 0.149
43 56 0.162
43 68 0.214
43 69 0.133
43 80 0.134
43 87 0.208
43 89 0.158
43 90 0.193
43 91 0.095
43 92 0.125
43 93 0.162
43 96 0.17
44 85 0.86
44 59 1
44 54 0.983
44 48 0.219
44 72 0.015
44 73 0.168
44 45 0.137
44 47 0.14
44 55 0.113
44 56 0.117
44 58 0.142
44 62 0.163
44 64 0.149
44 71 0.146
44 78 0.073
44 80 0.098
44 81 0.116
44 83 0.164
44 86 0.133
44 89 0.193
44 91 0.148
44 92 0.158
44 93 0.141
44 95 0.17
44 96 0.195
44 98 0.196
45 53 1
45 56 0.816
45 50 0.185
45 84 0.168
45 94 0.19
45 48 0.13
45 51 0.164
45 54 0.181
45 58 0.191
45 61 0.132
45 63 0.155
45 64 0.123
45 65 0.11
45 71 0.11
45 73 0.135
45 76 0.159
45 77 0.188
45 78 0.168
45 86 0.15
45 91 0.112
45 93 0.203
45 97 0.129
46 58 0.843
46 88 0.73
46 49 0.652
46 91 0.751
46 51 0.124
46 52 0.195
46 57 0.16
46 62 0.158
46 65 0.133
46 67 0.165
46 73 0.158
46 74 0.088
46 75 0.117
46 78 0.193
46 81 0.127
46 86 0.111
46 87 0.202
46 93 0.158
46 96 0.202
46 98 0.192
47 96 0.933
47 75 0.015
47 85 0.14
47 49 0.18
47 50 0.103
47 56 0.173
47 59 0.201
47 61 0.108
47 66 0.183
47 68 0.127
47 73 0.169
47 78 0.168
47 81 0.178
47 82 0.093
47 83 0.181
47 89 0.159
47 91 0.143
47 92 0.204
47 93 0.146
47 95 0.192
47 97 0.135
47 98 0.202
47 99 0.172
48 73 0.584
48 78 0.998
48 99 0.143
48 66 0.154
48 90 0.053
48 49 0.195
48 51 0.111
48 55 0.194
48 56 0.139
48 62 0.184
48 63 0.176
48 64 0.113
48 69 0.159
48 70 0.183
48 71 0.132
48 72 0.146
48 74 0.155
48 77 0.127
48 80 0.132
48 81 0.198
48 82 0.102
48 85 0.166
48 89 0.117
48 93 0.146
48 94 0.187
48 97 0.129
48 98 0.139
49 66 0.802
49 53 0.601
49 59 1
49 62 0.157
49 64 0.105
49 65 0.105
49 67 0.13
49 68 0.16
49 69 0.145
49 77 0.115
49 79 0.15
49 83 0.127
49 89 0.12
49 90 0.086
49 94 0.144
49 98 0.132
50 92 0.795
50 51 0.829
50 87 0.759
50 65 0.133
50 68 0.124
50 70 0.191
50 72 0.176
50 77 0.179
50 82 0.139
50 83 0.203
50 84 0.17
50 89 0.197
50 91 0.125
50 96 0.088
51 65 0.837
51 96 0.157
51 99 0.159
51 56 0.193
51 58 0.103
51 59 0.149
51 63 0.132
51 66 0.207
51 71 0.134
51 72 0.125
51 74 0.085
51 75 0.153
51 76 0.193
51 77 0.144
51 79 0.222
51 80 0.17
51 84 0.186
51 88 0.122
51 89 0.143
51 94 0.152
51 95 0.134
52 60 1
52 58 0.533
52 95 0.53
52 92 0.503
52 64 0.129
52 53 0.177
52 65 0.114
52 66 0.139
52 67 0.13
52 70 0.157
52 73 0.164
52 76 0.18
52 81 0.163
52 82 0.174
52 89 0.138
52 90 0.154
52 94 0.132
52 96 0.176
52 97 0.188
53 70 1
53 74 0.839
53 63 0.281
53 92 0.03
53 54 0.138
53 57 0.159
53 59 0.177
53 73 0.192
53 75 0.167
53 79 0.161
53 81 0.126
53 82 0.197
53 85 0.196
53 87 0.205
53 94 0.182
53 95 0.089
53 98 0.153
53 99 0.119
54 70 0.653
54 87 0.568
54 69 0.957
54 91 0.874
54 61 0.132
54 65 0.17
54 68 0.144
54 75 0.146
54 76 0.192
54 77 0.186
54 81 0.159
54 83 0.136
54 85 0.119
54 86 0.166
54 90 0.146
54 92 0.19
54 93 0.237
55 82 1
55 96 0.665
55 69 0.161
55 58 0.174
55 66 0.102
55 71 0.114
55 72 0.124
55 74 0.186
55 77 0.161
55 80 0.088
55 86 0.159
55 88 0.109
55 89 0.152
55 90 0.109
55 91 0.146
55 93 0.171
55 95 0.157
55 97 0.149
55 98 0.105
56 66 0.935
56 77 0.656
56 58 0.089
56 73 0.184
56 95 0.171
56 59 0.139
56 60 0.137
56 62 0.135
56 64 0.13
56 65 0.158
56 68 0.141
56 71 0.182
56 74 0.15
56 75 0.114
56 79 0.078
56 82 0.141
56 88 0.17
56 92 0.139
56 93 0.121
56 96 0.119
56 99 0.16
57 86 0.979
57 66 0.939
57 74 0.259
57 58 0.145
57 61 0.131
57 69 0.21
57 70 0.159
57 75 0.173
57 81 0.14
57 84 0.193
57 85 0.061
57 90 0.149
57 92 0.15
57 94 0.125
57 95 0.154
58 89 0.943
58 75 0.784
58 86 0.804
58 71 0.636
58 64 0.128
58 67 0.119
58 68 0.187
58 70 0.124
58 77 0.146
58 87 0.205
58 95 0.166
59 96 0.877
59 60 0.121
59 62 0.151
59 65 0.155
59 76 0.185
59 81 0.137
59 84 0.174
59 89 0.061
59 94 0.16
60 81 0.593
60 63 0.155
60 66 0.162
60 67 0.122
60 68 0.173
60 71 0.104
60 73 0.131
60 74 0.107
60 77 0.142
60 79 0.182
60 82 0.132
60 83 0.177
60 85 0.13
60 86 0.153
60 87 0.162
60 93 0.126
60 94 0.161
61 87 0.891
61 90 0.752
61 81 0.708
61 97 0.181
61 63 0.156
61 64 0.109
61 65 0.222
61 69 0.141
61 70 0.121
61 71 0.134
61 74 0.181
61 83 0.137
61 86 0.131
61 88 0.166
61 91 0.202
61 94 0.211
61 98 0.121
62 78 0.897
62 82 0.665
62 71 0.159
62 75 0.025
62 67 0.192
62 70 0.224
62 72 0.147
62 74 0.136
62 80 0.123
62 83 0.185
62 84 0.146
62 87 0.185
62 88 0.123
62 98 0.197
62 99 0.179
63 64 0.155
63 72 0.152
63 73 0.157
63 75 0.191
63 82 0.142
63 84 0.14
63 85 0.172
63 87 0.111
63 95 0.143
63 96 0.185
63 99 0.129
64 80 0.814
64 86 0.866
64 85 0.677
64 95 0.898
64 66 0.183
64 69 0.153
64 71 0.174
64 72 0.175
64 73 0.119
64 75 0.169
64 77 0.145
64 83 0.143
64 89 0.115
64 90 0.198
64 96 0.165
64 98 0.117
65 87 1
65 66 0.177
65 68 0.147
65 69 0.106
65 70 0.201
65 72 0.101
65 74 0.126
65 79 0.122
65 82 0.143
65 83 0.154
65 86 0.099
65 88 0.144
65 89 0.136
65 96 0.165
65 97 0.135
66 84 0.986
66 67 0.559
66 80 0.504
66 69 0.194
66 77 0.148
66 78 0.16
66 79 0.121
66 83 0.124
66 90 0.148
66 92 0.1
66 97 0.202
66 98 0.148
66 99 0.124
67 68 0.163
67 69 0.145
67 70 0.098
67 73 0.14
67 81 0.165
67 82 0.178
67 91 0.146
67 92 0.162
67 93 0.182
67 96 0.194
67 97 0.14
67 99 0.123
68 96 0.518
68 82 0.67
68 70 0.167
68 80 0.121
68 75 0.145
68 76 0.127
68 83 0.143
68 84 0.125
68 91 0.18
68 92 0.175
68 99 0.087
69 81 0.842
69 92 0.855
69 74 0.24
69 76 0.162
69 78 0.128
69 79 0.178
69 80 0.192
69 83 0.131
69 85 0.136
69 89 0.157
69 90 0.126
69 91 0.144
69 95 0.189
69 96 0.201
70 88 0.734
70 97 0.683
70 87 0.774
70 99 0.457
70 81 0.119
70 84 0.105
70 71 0.147
70 75 0.183
70 78 0.13
70 82 0.216
70 86 0.174
70 90 0.155
70 91 0.15
70 94 0.133
70 95 0.149
71 82 1
71 77 0.036
71 79 0.051
71 74 0.168
72 89 0.733
72 85 0.091
72 76 0.129
72 80 0.121
72 87 0.137
72 93 0.235
72 94 0.128
72 97 0.163
72 98 0.134
72 99 0.104
73 88 0.653
73 77 0.09
73 78 0.11
73 79 0.181
73 86 0.177
73 89 0.182
73 97 0.104
73 98 0.135
74 87 0.922
74 85 0.122
74 89 0.062
74 90 0.125
74 78 0.148
74 81 0.119
74 83 0.132
74 88 0.101
74 91 0.205
74 97 0.115
75 80 0.734
75 93 0.626
75 86 0.155
75 77 0.135
75 79 0.105
75 81 0.17
75 82 0.114
75 84 0.104
75 87 0.148
75 90 0.131
75 97 0.119
76 79 0.825
76 97 0.995
76 90 0.809
76 81 0.172
76 98 0.035
76 77 0.166
76 80 0.154
76 84 0.178
76 89 0.181
76 93 0.147
77 80 0.168
77 81 0.132
77 82 0.108
77 90 0.098
77 92 0.174
77 94 0.116
77 95 0.169
77 96 0.165
78 79 0.201
78 83 0.176
78 85 0.166
78 86 0.159
78 87 0.159
78 90 0.138
78 91 0.196
78 94 0.097
78 97 0.165
79 99 1
79 93 0.184
79 89 0.181
79 92 0.155
79 95 0.083
80 88 1
80 81 0.231
80 82 0.142
80 86 0.158
80 89 0.145
80 99 0.137
81 83 0.161
81 89 0.119
81 91 0.107
81 94 0.13
82 87 0.933
82 83 0.143
82 84 0.145
82 90 0.146
82 92 0.202
82 94 0.207
83 96 1
83 85 0.222
83 93 0.114
83 94 0.111
83 95 0.126
83 98 0.178
84 90 0.845
84 93 0.163
84 86 0.186
84 88 0.202
84 89 0.152
84 94 0.101
84 98 0.184
85 86 0.133
85 87 0.112
85 88 0.15
85 95 0.153
85 96 0.158
86 93 0.832
86 94 0.14
86 90 0.173
86 96 0.119
86 99 0.13
87 97 1
87 94 0.573
87 92 0.17
87 95 0.158
87 99 0.123
88 90 0.122
88 95 0.131
88 98 0.162
89 98 0.94
89 90 0.123
89 91 0.19
89 93 0.172
89 94 0.17
89 96 0.199
89 99 0.172
90 93 0.162
90 95 0.145
90 96 0.151
90 97 0.157
90 99 0.136
91 93 0.701
91 95 0.12
91 97 0.136
92 95 0.661
92 94 0.863
92 97 0.146
93 95 0.911
94 95 0.57
95 96 0.197
97 99 0.112
