0 73 0.651
0 72 0.66
0 38 0.731
0 18 0.817
0 51 0.639
0 95 0.98
0 13 0.317
0 53 0.195
0 56 0.267
0 1 0.142
0 6 0.166
0 10 0.176
0 14 0.159
0 15 0.109
0 17 0.203
0 20 0.166
0 23 0.137
0 28 0.107
0 31 0.137
0 33 0.138
0 34 0.125
0 35 0.134
0 37 0.147
0 39 0.147
0 42 0.09
0 43 0.18
0 44 0.111
0 49 0.163
0 55 0.138
0 62 0.114
0 63 0.125
0 64 0.163
0 67 0.138
0 69 0.176
0 76 0.143
0 77 0.118
0 78 0.134
0 80 0.148
0 83 0.17
0 84 0.086
0 90 0.122
0 92 0.187
0 93 0.13
1 83 0.701
1 37 0.513
1 73 0.732
1 12 0.756
1 2 0.116
1 3 0.141
1 8 0.094
1 9 0.135
1 13 0.15
1 16 0.133
1 17 0.163
1 19 0.1
1 20 0.186
1 21 0.17
1 24 0.173
1 26 0.187
1 33 0.139
1 38 0.124
1 49 0.202
1 50 0.169
1 55 0.173
1 60 0.116
1 64 0.211
1 67 0.148
1 68 0.156
1 69 0.172
1 70 0.149
1 72 0.113
1 76 0.136
1 78 0.104
1 79 0.136
1 80 0.164
1 81 0.118
1 84 0.157
1 88 0.119
1 89 0.09
1 93 0.196
1 94 0.15
1 99 0.121
2 80 0.687
2 4 0.155
2 8 0.087
2 10 0.102
2 12 0.167
2 16 0.103
2 17 0.118
2 19 0.093
2 20 0.177
2 26 0.194
2 28 0.141
2 29 0.144
2 36 0.111
2 38 0.175
2 45 0.13
2 48 0.159
2 52 0.194
2 53 0.098
2 56 0.161
2 57 0.061
2 60 0.138
2 62 0.152
2 64 0.151
2 70 0.164
2 72 0.099
2 78 0.167
2 79 0.206
2 82 0.122
2 83 0.168
2 87 0.125
2 91 0.155
2 92 0.142
2 97 0.145
2 99 0.154
3 97 0.525
3 50 0.146
3 80 0.299
3 4 0.141
3 5 0.17
3 6 0.19
3 7 0.169
3 11 0.214
3 12 0.148
3 14 0.183
3 16 0.136
3 18 0.133
3 19 0.125
3 23 0.166
3 24 0.091
3 25 0.164
3 27 0.22
3 28 0.157
3 31 0.162
3 32 0.161
3 34 0.139
3 37 0.174
3 38 0.165
3 48 0.187
3 60 0.128
3 65 0.171
3 71 0.163
3 74 0.138
3 78 0.122
3 84 0.126
3 85 0.173
3 88 0.129
3 91 0.177
3 92 0.135
4 58 0.747
4 71 0.914
4 50 0.904
4 21 0.181
4 40 0.149
4 78 0.171
4 96 0.05
4 11 0.204
4 17 0.19
4 18 0.139
4 20 0.148
4 23 0.148
4 28 0.173
4 33 0.105
4 35 0.149
4 37 0.127
4 38 0.174
4 39 0.149
4 45 0.174
4 46 0.146
4 47 0.117
4 51 0.076
4 55 0.173
4 56 0.133
4 59 0.107
4 61 0.125
4 68 0.132
4 73 0.173
4 74 0.19
4 76 0.131
4 82 0.098
4 83 0.121
4 86 0.152
4 89 0.173
4 93 0.179
4 94 0.159
4 97 0.181
4 98 0.16
5 47 0.608
5 58 0.81
5 9 1
5 18 1
5 66 0.687
5 11 0.868
5 32 0.947
5 22 0.239
5 28 0.102
5 87 0.259
5 7 0.113
5 21 0.145
5 23 0.126
5 26 0.181
5 29 0.19
5 37 0.165
5 39 0.136
5 49 0.16
5 50 0.139
5 51 0.153
5 56 0.166
5 62 0.187
5 64 0.122
5 69 0.143
5 70 0.172
5 74 0.186
5 76 0.098
5 79 0.153
5 82 0.129
5 83 0.149
5 85 0.156
5 92 0.176
5 94 0.142
5 96 0.145
6 28 0.722
6 91 1
6 16 1
6 56 1
6 23 0.865
6 12 1
6 42 0.963
6 33 0.151
6 61 0.146
6 82 0.141
6 7 0.189
6 11 0.158
6 13 0.171
6 15 0.097
6 22 0.194
6 27 0.096
6 35 0.132
6 38 0.167
6 46 0.147
6 47 0.177
6 49 0.1
6 55 0.149
6 57 0.147
6 59 0.144
6 63 0.157
6 65 0.127
6 69 0.225
6 70 0.17
6 71 0.166
6 72 0.172
6 75 0.125
6 83 0.168
6 84 0.168
6 88 0.145
6 92 0.177
6 95 0.174
6 99 0.104
7 88 0.863
7 8 1
7 20 0.821
7 89 0.118
7 53 0.064
7 60 0.192
7 9 0.124
7 11 0.228
7 12 0.184
7 18 0.155
7 23 0.187
7 26 0.141
7 28 0.19
7 33 0.102
7 34 0.2
7 35 0.172
7 38 0.145
7 43 0.162
7 44 0.119
7 45 0.145
7 48 0.153
7 51 0.177
7 54 0.165
7 55 0.136
7 58 0.158
7 59 0.203
7 61 0.111
7 63 0.206
7 65 0.161
7 66 0.13
7 67 0.166
7 77 0.1
7 78 0.154
7 85 0.169
7 87 0.18
7 93 0.135
7 96 0.169
7 97 0.16
7 98 0.153
7 99 0.188
8 94 1
8 96 1
8 44 0.103
8 27 0.291
8 74 0.04
8 13 0.221
8 14 0.149
8 20 0.183
8 22 0.208
8 26 0.161
8 31 0.149
8 39 0.151
8 40 0.192
8 42 0.165
8 45 0.137
8 46 0.175
8 48 0.144
8 49 0.147
8 50 0.124
8 51 0.225
8 54 0.12
8 56 0.14
8 59 0.131
8 61 0.123
8 63 0.213
8 67 0.153
8 68 0.175
8 77 0.165
8 87 0.142
8 88 0.142
8 91 0.148
8 92 0.154
8 98 0.164
9 78 0.981
9 17 0.82
9 36 0.941
9 86 0.698
9 85 0.275
9 10 0.135
9 11 0.178
9 12 0.156
9 15 0.245
9 18 0.152
9 20 0.176
9 21 0.142
9 24 0.183
9 31 0.148
9 33 0.148
9 41 0.142
9 45 0.179
9 46 0.149
9 49 0.117
9 51 0.153
9 52 0.159
9 53 0.143
9 57 0.107
9 58 0.184
9 62 0.151
9 63 0.133
9 69 0.201
9 71 0.153
9 72 0.125
9 73 0.155
9 76 0.09
9 77 0.191
9 79 0.124
9 83 0.105
9 97 0.141
10 13 0.878
10 37 0.669
10 46 0.619
10 52 0.858
10 35 0.149
10 70 0.126
10 11 0.178
10 17 0.127
10 18 0.196
10 19 0.134
10 23 0.143
10 27 0.182
10 31 0.147
10 34 0.089
10 40 0.115
10 41 0.159
10 43 0.197
10 48 0.195
10 51 0.159
10 53 0.125
10 54 0.167
10 56 0.112
10 64 0.127
10 65 0.131
10 66 0.125
10 67 0.118
10 68 0.162
10 73 0.192
10 74 0.18
10 77 0.131
10 79 0.124
10 81 0.116
10 85 0.114
10 88 0.098
10 91 0.181
10 94 0.11
10 95 0.122
11 80 0.932
11 65 0.689
11 20 0.709
11 21 0.998
11 52 0.805
11 83 0.791
11 22 0.104
11 25 0.156
11 95 0.174
11 13 0.142
11 15 0.192
11 16 0.163
11 18 0.126
11 26 0.192
11 32 0.106
11 39 0.165
11 43 0.145
11 46 0.107
11 48 0.111
11 49 0.108
11 54 0.092
11 57 0.171
11 61 0.155
11 67 0.127
11 72 0.123
11 73 0.128
11 75 0.149
11 84 0.106
11 86 0.184
11 88 0.173
11 89 0.205
11 90 0.112
11 92 0.144
11 93 0.163
12 85 0.969
12 43 0.854
12 13 0.086
12 24 0.116
12 51 0.147
12 55 0.153
12 57 0.151
12 73 0.113
12 98 0.095
12 22 0.115
12 23 0.157
12 25 0.149
12 26 0.14
12 27 0.13
12 30 0.107
12 34 0.14
12 38 0.178
12 42 0.21
12 46 0.093
12 47 0.175
12 48 0.137
12 50 0.201
12 65 0.156
12 70 0.184
12 74 0.161
12 75 0.128
12 82 0.128
12 83 0.169
12 86 0.166
12 87 0.164
12 88 0.119
12 91 0.147
12 92 0.179
12 96 0.169
12 97 0.213
13 96 0.646
13 28 0.948
13 85 0.545
13 38 0.259
13 26 0.133
13 39 0.168
13 44 0.159
13 46 0.135
13 48 0.217
13 49 0.156
13 50 0.112
13 53 0.195
13 56 0.114
13 59 0.171
13 65 0.149
13 66 0.163
13 72 0.144
13 76 0.171
13 78 0.12
13 83 0.135
13 84 0.144
13 86 0.134
13 89 0.152
13 94 0.078
13 95 0.189
14 72 0.858
14 61 0.599
14 44 0.8
14 92 0.997
14 26 0.555
14 39 0.105
14 62 0.118
14 66 0.195
14 18 0.159
14 23 0.173
14 24 0.108
14 28 0.16
14 34 0.151
14 35 0.183
14 38 0.149
14 41 0.166
14 50 0.095
14 53 0.12
14 57 0.12
14 64 0.146
14 71 0.158
14 76 0.163
14 80 0.149
14 82 0.153
14 84 0.137
14 87 0.189
14 90 0.128
14 93 0.115
14 95 0.162
14 96 0.101
15 47 0.749
15 90 0.748
15 73 1
15 71 0.729
15 78 1
15 38 0.233
15 43 0.314
15 23 0.106
15 24 0.151
15 26 0.173
15 27 0.113
15 30 0.187
15 34 0.115
15 37 0.151
15 42 0.171
15 44 0.163
15 46 0.112
15 48 0.146
15 51 0.132
15 56 0.137
15 57 0.186
15 58 0.124
15 59 0.137
15 69 0.12
15 75 0.124
15 76 0.175
15 79 0.167
15 83 0.143
15 94 0.174
15 96 0.107
15 97 0.128
15 98 0.137
16 27 0.718
16 61 1
16 37 0.187
16 36 0.211
16 40 0.236
16 17 0.131
16 18 0.198
16 20 0.107
16 26 0.182
16 30 0.155
16 35 0.139
16 38 0.128
16 42 0.209
16 43 0.128
16 45 0.099
16 46 0.166
16 51 0.069
16 60 0.127
16 65 0.156
16 69 0.224
16 70 0.165
16 71 0.114
16 74 0.137
16 77 0.125
16 80 0.178
16 82 0.197
16 84 0.143
16 86 0.153
16 87 0.178
16 89 0.176
16 90 0.15
16 93 0.145
16 95 0.114
17 18 0.84
17 71 0.642
17 25 0.948
17 36 0.512
17 29 0.833
17 40 0.994
17 21 0.14
17 23 0.117
17 24 0.149
17 27 0.177
17 28 0.147
17 32 0.12
17 38 0.154
17 42 0.185
17 44 0.119
17 52 0.149
17 53 0.143
17 54 0.152
17 57 0.145
17 65 0.167
17 66 0.141
17 73 0.09
17 74 0.137
17 75 0.213
17 81 0.229
17 89 0.179
17 92 0.146
18 69 0.873
18 76 0.977
18 85 1
18 75 0.162
18 21 0.03
18 27 0.18
18 26 0.164
18 28 0.176
18 33 0.147
18 41 0.173
18 42 0.136
18 44 0.138
18 46 0.15
18 48 0.155
18 49 0.154
18 56 0.151
18 57 0.16
18 62 0.162
18 64 0.171
18 66 0.148
18 68 0.145
18 72 0.179
18 73 0.158
18 74 0.118
18 79 0.166
18 81 0.208
18 83 0.116
18 86 0.109
18 87 0.182
18 92 0.184
18 93 0.098
18 94 0.156
18 95 0.115
18 97 0.145
18 99 0.121
19 90 0.753
19 98 0.918
19 89 0.516
19 61 0.828
19 79 0.689
19 92 0.702
19 58 0.083
19 21 0.157
19 22 0.093
19 23 0.147
19 27 0.081
19 31 0.156
19 33 0.084
19 41 0.126
19 49 0.156
19 52 0.13
19 57 0.086
19 59 0.128
19 62 0.17
19 63 0.177
19 64 0.178
19 65 0.215
19 71 0.152
19 76 0.137
19 82 0.179
19 84 0.159
19 91 0.103
19 96 0.109
19 99 0.166
20 31 1
20 40 0.896
20 98 1
20 28 0.385
20 48 0.144
20 21 0.161
20 22 0.12
20 24 0.182
20 30 0.157
20 34 0.099
20 35 0.12
20 38 0.151
20 45 0.171
20 46 0.133
20 49 0.183
20 53 0.162
20 55 0.159
20 57 0.176
20 59 0.109
20 61 0.12
20 62 0.158
20 65 0.165
20 71 0.114
20 76 0.187
20 83 0.165
20 88 0.194
20 97 0.158
20 99 0.15
21 76 0.598
21 37 0.659
21 43 0.053
21 23 0.168
21 26 0.179
21 33 0.177
21 34 0.178
21 38 0.146
21 40 0.103
21 44 0.129
21 50 0.165
21 53 0.112
21 55 0.141
21 61 0.159
21 66 0.16
21 69 0.172
21 71 0.211
21 74 0.173
21 81 0.162
21 82 0.21
21 84 0.1
21 91 0.168
21 92 0.122
21 95 0.162
21 96 0.1
21 99 0.208
22 78 0.978
22 49 0.796
22 97 0.878
22 32 0.686
22 98 0.545
22 29 0.107
22 31 0.139
22 36 0.123
22 44 0.146
22 48 0.106
22 54 0.157
22 55 0.126
22 56 0.155
22 68 0.164
22 72 0.183
22 77 0.138
22 83 0.125
22 85 0.141
22 86 0.151
22 91 0.193
22 95 0.218
22 96 0.188
23 27 0.784
23 55 0.861
23 57 0.753
23 29 0.557
23 69 0.156
23 25 0.147
23 31 0.183
23 32 0.147
23 37 0.139
23 42 0.142
23 43 0.18
23 45 0.132
23 46 0.169
23 48 0.208
23 53 0.171
23 56 0.129
23 60 0.154
23 62 0.099
23 63 0.133
23 67 0.172
23 70 0.22
23 71 0.087
23 78 0.164
23 80 0.149
23 83 0.172
23 84 0.176
23 94 0.16
23 99 0.172
24 83 0.55
24 41 0.997
24 54 0.95
24 35 0.125
24 25 0.16
24 26 0.155
24 30 0.199
24 32 0.172
24 34 0.116
24 36 0.135
24 37 0.098
24 45 0.159
24 50 0.173
24 51 0.177
24 53 0.213
24 55 0.167
24 58 0.183
24 59 0.155
24 60 0.156
24 61 0.128
24 71 0.154
24 79 0.158
24 84 0.105
24 85 0.159
24 94 0.2
25 88 0.859
25 33 1
25 49 0.759
25 89 0.837
25 30 0.129
25 81 0.014
25 26 0.182
25 31 0.158
25 44 0.117
25 45 0.144
25 51 0.136
25 53 0.138
25 55 0.136
25 67 0.168
25 71 0.161
25 72 0.152
25 75 0.139
25 77 0.114
25 78 0.133
25 93 0.134
25 95 0.126
25 96 0.14
25 97 0.176
25 99 0.098
26 90 0.79
26 71 0.987
26 27 0.095
26 37 0.133
26 57 0.13
26 92 0.216
26 31 0.136
26 40 0.164
26 41 0.106
26 48 0.099
26 50 0.183
26 52 0.145
26 53 0.123
26 58 0.215
26 62 0.122
26 65 0.165
26 67 0.178
26 74 0.23
26 75 0.128
26 79 0.15
26 84 0.137
26 88 0.091
27 93 0.811
27 86 0.658
27 88 0.915
27 37 0.005
27 31 0.153
27 34 0.18
27 35 0.196
27 39 0.181
27 43 0.17
27 49 0.187
27 51 0.172
27 55 0.182
27 58 0.141
27 59 0.15
27 66 0.191
27 67 0.17
27 68 0.159
27 78 0.138
27 85 0.152
27 95 0.123
28 70 0.831
28 88 0.927
28 30 0.144
28 32 0.111
28 34 0.181
28 35 0.183
28 38 0.183
28 41 0.128
28 47 0.164
28 49 0.128
28 52 0.127
28 53 0.185
28 54 0.123
28 61 0.18
28 64 0.14
28 65 0.161
28 66 0.173
28 72 0.148
28 73 0.14
28 74 0.185
28 80 0.149
28 81 0.157
28 82 0.177
28 95 0.159
29 32 0.991
29 75 0.688
29 50 1
29 52 0.86
29 53 0.16
29 73 0.16
29 83 0.223
29 31 0.15
29 35 0.164
29 37 0.117
29 41 0.198
29 44 0.169
29 46 0.099
29 49 0.125
29 60 0.189
29 61 0.107
29 62 0.198
29 64 0.153
29 66 0.121
29 71 0.223
29 76 0.166
29 77 0.106
29 81 0.118
29 82 0.106
29 87 0.169
29 89 0.143
29 93 0.156
30 97 0.931
30 53 1
30 66 0.757
30 59 0.186
30 76 0.032
30 31 0.145
30 32 0.124
30 35 0.157
30 37 0.107
30 38 0.116
30 39 0.123
30 40 0.16
30 41 0.127
30 43 0.157
30 46 0.159
30 48 0.171
30 49 0.118
30 50 0.141
30 55 0.197
30 57 0.159
30 62 0.113
30 67 0.172
30 70 0.099
30 74 0.171
30 75 0.2
30 78 0.184
30 79 0.179
30 80 0.141
30 84 0.196
30 88 0.116
30 92 0.198
30 93 0.188
30 94 0.153
30 99 0.143
31 91 0.885
31 70 1
31 96 0.675
31 32 0.156
31 82 0.168
31 33 0.115
31 38 0.156
31 52 0.136
31 54 0.149
31 56 0.139
31 59 0.173
31 63 0.122
31 66 0.155
31 67 0.122
31 68 0.168
31 73 0.147
31 75 0.202
31 79 0.134
31 83 0.158
31 92 0.152
31 95 0.141
31 97 0.162
32 72 0.635
32 42 0.154
32 63 0.15
32 37 0.165
32 38 0.155
32 39 0.109
32 41 0.157
32 47 0.169
32 51 0.15
32 53 0.227
32 54 0.092
32 57 0.184
32 66 0.155
32 67 0.147
32 68 0.138
32 73 0.115
32 75 0.118
32 84 0.164
32 88 0.107
32 92 0.16
32 94 0.161
32 96 0.115
33 96 0.703
33 49 1
33 43 0.082
33 53 0.155
33 80 0.136
33 87 0.161
33 34 0.132
33 40 0.183
33 42 0.171
33 45 0.199
33 46 0.156
33 50 0.16
33 51 0.144
33 63 0.146
33 66 0.17
33 67 0.157
33 68 0.205
33 69 0.151
33 70 0.186
33 71 0.147
33 72 0.136
33 73 0.179
33 74 0.16
33 79 0.138
33 81 0.147
33 83 0.195
33 84 0.155
33 86 0.154
33 88 0.146
33 91 0.182
33 93 0.175
33 94 0.116
33 97 0.122
33 98 0.112
34 59 0.817
34 63 0.963
34 35 0.168
34 37 0.161
34 40 0.132
34 43 0.172
34 54 0.119
34 57 0.098
34 61 0.14
34 62 0.153
34 64 0.184
34 68 0.134
34 70 0.126
34 72 0.125
34 75 0.144
34 77 0.123
34 80 0.173
34 81 0.172
34 87 0.19
34 89 0.155
34 90 0.172
34 91 0.163
34 93 0.167
34 95 0.088
35 76 0.879
35 99 1
35 97 0.503
35 67 0.137
35 75 0.133
35 41 0.155
35 46 0.176
35 49 0.154
35 53 0.158
35 54 0.156
35 55 0.186
35 60 0.15
35 62 0.136
35 65 0.207
35 66 0.12
35 68 0.176
35 70 0.173
35 72 0.096
35 80 0.124
35 83 0.088
35 84 0.172
35 85 0.181
35 86 0.216
35 87 0.126
35 89 0.133
35 93 0.126
35 94 0.172
35 95 0.134
35 96 0.138
35 98 0.168
36 45 1.0
36 85 0.925
36 81 1
36 72 0.808
36 40 0.103
36 41 0.15
36 47 0.183
36 48 0.133
36 51 0.211
36 53 0.16
36 56 0.13
36 57 0.069
36 59 0.13
36 61 0.145
36 63 0.157
36 65 0.093
36 66 0.109
36 67 0.139
36 68 0.123
36 71 0.108
36 74 0.151
36 76 0.153
36 78 0.092
36 82 0.092
36 88 0.153
36 91 0.198
36 99 0.103
37 47 0.144
37 71 0.302
37 81 0.074
37 38 0.161
37 43 0.102
37 44 0.136
37 54 0.139
37 55 0.174
37 56 0.218
37 62 0.118
37 68 0.109
37 72 0.21
37 73 0.124
37 76 0.119
37 77 0.118
37 78 0.154
37 84 0.203
37 88 0.112
37 90 0.124
37 91 0.172
37 93 0.141
37 98 0.117
37 99 0.171
38 64 1
38 58 1
38 85 1
38 56 0.163
38 66 0.154
38 67 0.164
38 39 0.165
38 40 0.167
38 41 0.156
38 46 0.16
38 47 0.151
38 49 0.183
38 51 0.185
38 54 0.137
38 61 0.126
38 65 0.153
38 69 0.211
38 70 0.135
38 71 0.163
38 72 0.094
38 73 0.133
38 77 0.148
38 80 0.156
38 81 0.138
38 82 0.176
38 83 0.191
38 89 0.123
38 90 0.101
38 91 0.139
38 92 0.132
38 97 0.157
39 56 0.921
39 57 0.759
39 81 0.862
39 40 0.07
39 43 0.1
39 49 0.156
39 52 0.175
39 58 0.14
39 60 0.13
39 64 0.184
39 68 0.102
39 72 0.134
39 77 0.143
39 80 0.144
39 82 0.075
39 85 0.132
39 89 0.213
39 90 0.124
40 93 0.735
40 50 0.745
40 42 0.165
40 43 0.14
40 49 0.168
40 55 0.139
40 59 0.142
40 60 0.173
40 63 0.176
40 64 0.196
40 67 0.189
40 68 0.176
40 70 0.183
40 73 0.157
40 75 0.199
40 76 0.148
40 77 0.198
40 80 0.146
40 83 0.181
40 86 0.126
40 88 0.199
40 89 0.162
40 90 0.091
40 96 0.194
40 98 0.192
41 80 1
41 78 0.772
41 99 0.869
41 49 0.557
41 47 0.15
41 73 0.157
41 45 0.12
41 52 0.199
41 56 0.192
41 59 0.169
41 62 0.151
41 63 0.144
41 64 0.15
41 68 0.17
41 70 0.141
41 79 0.126
41 83 0.173
41 86 0.124
41 88 0.184
41 91 0.13
41 92 0.139
41 93 0.153
41 94 0.192
41 98 0.15
42 86 0.551
42 49 0.167
42 51 0.139
42 52 0.119
42 53 0.175
42 55 0.19
42 58 0.169
42 59 0.166
42 67 0.109
42 69 0.184
42 72 0.137
42 73 0.164
42 79 0.139
42 80 0.141
42 82 0.162
42 84 0.157
42 94 0.155
42 95 0.158
42 99 0.152
43 57 0.925
43 96 0.854
43 59 0.84
43 53 1
43 90 0.544
43 50 0.07
43 48 0.112
43 54 0.143
43 58 0.199
43 61 0.138
43 65 0.171
43 66 0.182
43 69 0.151
43 73 0.143
43 74 0.094
43 75 0.129
43 78 0.13
43 82 0.131
43 83 0.154
43 88 0.13
43 89 0.181
43 92 0.188
43 98 0.173
44 75 0.99
44 60 1
44 78 0.876
44 76 0.801
44 48 1
44 71 0.912
44 69 0.328
44 70 0.146
44 51 0.156
44 55 0.113
44 56 0.118
44 59 0.109
44 62 0.177
44 63 0.127
44 64 0.084
44 72 0.193
44 73 0.124
44 77 0.113
44 81 0.126
44 84 0.152
44 89 0.151
44 91 0.103
45 50 0.855
45 68 0.898
45 83 0.884
45 48 0.103
45 52 0.354
45 58 0.178
45 54 0.211
45 59 0.167
45 62 0.181
45 64 0.175
45 66 0.149
45 73 0.177
45 75 0.154
45 76 0.215
45 86 0.112
45 87 0.207
45 90 0.119
45 92 0.161
45 95 0.171
45 97 0.166
45 99 0.121
46 87 0.987
46 69 0.168
46 72 0.273
46 74 0.146
46 94 0.351
46 47 0.166
46 50 0.156
46 51 0.199
46 52 0.139
46 53 0.167
46 57 0.141
46 60 0.149
46 64 0.147
46 67 0.173
46 77 0.159
46 78 0.121
46 88 0.154
46 92 0.141
47 74 0.733
47 90 0.239
47 97 0.16
47 50 0.096
47 54 0.137
47 55 0.162
47 58 0.152
47 60 0.159
47 61 0.152
47 62 0.187
47 63 0.178
47 64 0.156
47 65 0.152
47 66 0.109
47 68 0.125
47 69 0.144
47 70 0.153
47 72 0.109
47 73 0.162
47 75 0.125
47 81 0.171
47 82 0.15
47 84 0.133
47 87 0.128
47 89 0.117
47 95 0.159
47 98 0.133
48 55 0.134
48 84 0.245
48 57 0.111
48 62 0.114
48 66 0.1
48 69 0.166
48 71 0.217
48 74 0.15
48 75 0.181
48 76 0.163
48 79 0.148
48 80 0.175
48 82 0.175
48 85 0.158
48 91 0.141
48 92 0.144
48 93 0.108
48 95 0.165
48 97 0.162
48 98 0.174
48 99 0.143
49 55 0.128
49 61 0.189
49 69 0.09
49 72 0.155
49 73 0.207
49 76 0.168
49 78 0.209
49 81 0.146
49 88 0.089
49 91 0.147
49 96 0.116
50 67 0.144
50 68 0.151
50 75 0.191
50 76 0.133
50 78 0.172
50 79 0.183
50 80 0.136
50 84 0.206
50 93 0.143
50 94 0.157
50 95 0.171
50 96 0.195
50 98 0.155
50 99 0.197
51 54 0.16
51 56 0.155
51 58 0.089
51 59 0.117
51 63 0.19
51 67 0.153
51 68 0.132
51 74 0.166
51 75 0.151
51 76 0.174
51 77 0.15
51 81 0.142
51 83 0.152
51 89 0.157
51 99 0.168
52 78 0.145
52 53 0.149
52 58 0.188
52 63 0.136
52 66 0.166
52 74 0.196
52 76 0.191
52 84 0.181
52 86 0.141
52 87 0.122
52 90 0.104
52 97 0.062
52 99 0.13
53 76 0.781
53 61 1
53 62 0.286
53 96 0.195
53 57 0.127
53 59 0.112
53 63 0.194
53 64 0.18
53 69 0.178
53 73 0.105
53 84 0.144
53 85 0.134
53 87 0.182
53 89 0.16
53 93 0.166
53 94 0.138
53 97 0.122
53 99 0.158
54 59 0.984
54 79 0.936
54 75 1
54 82 0.157
54 60 0.156
54 62 0.144
54 66 0.146
54 69 0.135
54 70 0.16
54 73 0.157
54 74 0.135
54 77 0.104
54 80 0.132
54 81 0.149
54 86 0.142
54 87 0.151
54 97 0.128
55 58 0.929
55 56 0.144
55 60 0.138
55 64 0.186
55 66 0.143
55 67 0.152
55 72 0.128
55 79 0.151
55 83 0.138
55 85 0.104
55 87 0.151
55 90 0.168
55 95 0.14
56 90 0.111
56 59 0.195
56 60 0.12
56 62 0.135
56 66 0.171
56 67 0.146
56 69 0.122
56 74 0.126
56 80 0.2
56 81 0.159
56 82 0.209
56 83 0.127
56 84 0.122
56 85 0.155
56 86 0.184
56 89 0.13
56 92 0.178
56 95 0.144
56 98 0.086
57 79 0.296
57 59 0.163
57 66 0.14
57 75 0.18
57 76 0.113
57 80 0.173
57 82 0.113
57 83 0.146
57 89 0.205
57 90 0.142
57 91 0.158
57 92 0.158
57 95 0.127
57 97 0.123
58 60 1
58 82 0.197
58 89 0.118
58 95 0.124
58 59 0.174
58 65 0.125
58 71 0.131
58 73 0.146
58 75 0.179
58 77 0.16
58 83 0.15
58 86 0.162
58 87 0.201
58 90 0.155
58 98 0.154
59 81 1
59 67 0.647
59 60 0.077
59 61 0.139
59 69 0.185
59 73 0.069
59 62 0.142
59 63 0.129
59 64 0.121
59 75 0.103
59 78 0.05
59 79 0.119
59 80 0.166
59 84 0.136
59 88 0.198
59 90 0.174
59 91 0.149
59 92 0.102
59 93 0.133
59 96 0.154
59 97 0.152
59 98 0.13
60 72 0.569
60 98 0.544
60 75 0.296
60 82 0.156
60 84 0.098
60 62 0.128
60 71 0.114
60 74 0.159
60 80 0.191
60 81 0.115
60 94 0.098
60 97 0.147
60 99 0.179
61 88 0.819
61 77 0.656
61 91 0.204
61 63 0.251
61 64 0.199
61 69 0.116
61 70 0.178
61 72 0.142
61 76 0.101
61 80 0.184
61 93 0.172
61 95 0.182
61 98 0.134
62 97 0.888
62 65 0.755
62 67 0.121
62 68 0.158
62 71 0.106
62 73 0.225
62 74 0.161
62 77 0.125
62 80 0.152
62 81 0.184
62 82 0.177
62 84 0.157
62 88 0.143
62 90 0.176
62 94 0.18
62 96 0.163
62 98 0.12
63 73 0.595
63 66 0.311
63 69 0.077
63 85 0.253
63 64 0.156
63 65 0.136
63 70 0.184
63 71 0.166
63 72 0.198
63 80 0.119
63 84 0.106
63 86 0.19
63 87 0.207
63 92 0.136
63 98 0.198
64 85 0.162
64 89 0.059
64 91 0.191
64 99 0.009
64 68 0.126
64 69 0.151
64 71 0.127
64 73 0.148
64 74 0.168
64 88 0.206
64 90 0.165
64 93 0.151
64 95 0.138
64 98 0.093
65 68 0.148
65 69 0.173
65 71 0.138
65 72 0.154
65 77 0.135
65 81 0.142
65 88 0.154
65 90 0.106
65 91 0.151
65 94 0.17
65 95 0.162
65 96 0.15
65 97 0.14
66 79 0.73
66 75 0.14
66 93 0.231
66 77 0.092
66 78 0.112
66 80 0.154
66 82 0.176
66 83 0.18
66 84 0.162
66 90 0.149
66 92 0.164
66 96 0.135
67 79 0.973
67 86 0.175
67 73 0.115
67 74 0.157
67 75 0.182
67 77 0.174
67 82 0.16
67 84 0.142
67 88 0.117
67 89 0.125
67 93 0.136
67 96 0.186
67 99 0.209
68 69 0.196
68 74 0.153
68 76 0.149
68 79 0.124
68 80 0.135
68 83 0.161
68 86 0.114
68 96 0.204
69 99 1
69 82 0.864
69 94 0.341
69 83 0.105
69 89 0.149
69 73 0.133
69 76 0.136
69 78 0.128
69 81 0.175
69 84 0.137
69 90 0.145
69 91 0.151
69 96 0.141
69 98 0.139
70 86 0.783
70 72 0.917
70 82 0.278
70 95 0.405
70 74 0.144
70 79 0.119
70 80 0.168
70 81 0.15
70 84 0.127
70 97 0.127
71 94 0.897
71 91 1
71 93 0.787
71 81 0.292
71 95 0.154
71 74 0.147
71 79 0.146
71 80 0.082
71 85 0.116
71 86 0.157
72 89 0.707
72 82 0.65
72 81 0.343
72 75 0.195
72 79 0.139
72 90 0.118
72 91 0.138
72 95 0.129
73 75 0.371
73 82 0.146
73 78 0.155
73 83 0.163
73 86 0.188
73 90 0.169
73 94 0.144
73 95 0.123
73 97 0.136
73 99 0.19
74 82 1
74 83 0.032
74 85 0.133
74 87 0.121
74 96 0.134
75 77 0.185
75 80 0.168
75 82 0.165
75 83 0.139
75 84 0.126
75 90 0.155
75 92 0.175
75 94 0.147
75 98 0.163
75 99 0.12
76 80 0.669
76 81 0.976
76 79 0.151
76 85 0.081
76 86 0.111
76 88 0.132
76 90 0.112
76 92 0.127
76 94 0.137
76 95 0.095
76 96 0.12
77 83 0.082
77 79 0.198
77 80 0.167
77 81 0.156
77 82 0.157
77 95 0.186
77 98 0.167
78 98 0.878
78 80 0.146
78 84 0.149
78 85 0.125
78 88 0.205
78 90 0.143
78 91 0.198
78 93 0.144
79 83 0.636
79 87 0.15
79 80 0.173
79 84 0.13
79 90 0.18
79 95 0.196
79 97 0.168
80 95 0.808
80 89 0.15
80 90 0.139
80 91 0.172
80 98 0.135
81 85 0.15
81 84 0.12
81 93 0.19
81 95 0.144
81 96 0.188
81 97 0.184
81 99 0.125
82 96 1
82 83 0.103
82 84 0.161
82 85 0.137
82 88 0.099
82 93 0.187
82 95 0.183
82 97 0.166
82 99 0.126
83 96 1
83 84 0.313
83 86 0.169
83 89 0.142
83 90 0.167
83 91 0.154
83 98 0.12
84 98 0.941
84 97 0.174
84 94 0.151
84 95 0.179
84 96 0.133
84 99 0.127
85 95 0.189
85 96 0.146
85 86 0.175
85 87 0.154
85 90 0.146
85 97 0.166
85 99 0.125
86 94 0.135
86 98 0.158
87 89 0.161
87 91 0.124
87 97 0.124
87 99 0.163
88 98 0.629
88 97 0.294
88 89 0.182
88 92 0.163
88 95 0.108
88 99 0.155
89 90 0.162
89 95 0.21
89 94 0.182
89 96 0.166
89 99 0.195
90 98 0.158
91 93 0.131
91 95 0.15
91 96 0.172
92 93 0.181
93 94 0.217
93 96 0.171
94 95 0.152
94 97 0.148
94 99 0.166
95 98 0.109
96 97 0.119
97 99 0.124
98 99 0.822
