0 83 0.819
0 57 0.837
0 58 1
0 54 0.067
0 9 0.131
0 21 0.066
0 1 0.161
0 2 0.175
0 7 0.154
0 11 0.125
0 14 0.212
0 18 0.181
0 26 0.172
0 30 0.163
0 33 0.143
0 34 0.121
0 35 0.185
0 36 0.143
0 38 0.184
0 39 0.144
0 44 0.169
0 47 0.161
0 49 0.142
0 50 0.189
0 51 0.166
0 55 0.158
0 61 0.159
0 62 0.173
0 64 0.129
0 70 0.087
0 71 0.18
0 73 0.158
0 75 0.158
0 76 0.148
0 79 0.137
0 80 0.078
0 86 0.126
0 88 0.133
0 93 0.09
0 94 0.194
0 97 0.141
0 98 0.136
0 99 0.132
1 39 1
1 94 0.829
1 78 0.544
1 52 0.507
1 90 0.035
1 8 0.116
1 19 0.042
1 22 0.137
1 76 0.178
1 2 0.162
1 4 0.14
1 6 0.159
1 7 0.109
1 10 0.15
1 13 0.153
1 18 0.147
1 20 0.158
1 21 0.122
1 28 0.116
1 29 0.144
1 30 0.16
1 32 0.155
1 37 0.179
1 41 0.11
1 44 0.12
1 45 0.131
1 47 0.151
1 48 0.143
1 49 0.155
1 56 0.149
1 62 0.148
1 63 0.14
1 66 0.153
1 67 0.129
1 71 0.123
1 72 0.153
1 77 0.096
1 79 0.164
1 82 0.158
1 87 0.161
1 88 0.088
1 96 0.112
1 98 0.137
2 87 0.734
2 44 0.889
2 56 0.093
2 4 0.137
2 6 0.202
2 14 0.102
2 15 0.17
2 18 0.165
2 29 0.116
2 32 0.172
2 37 0.189
2 38 0.153
2 39 0.141
2 48 0.096
2 49 0.17
2 57 0.139
2 58 0.108
2 62 0.157
2 64 0.127
2 65 0.181
2 66 0.176
2 69 0.14
2 72 0.156
2 75 0.177
2 77 0.154
2 79 0.157
2 85 0.178
2 88 0.094
2 91 0.123
2 97 0.13
2 99 0.169
3 90 1
3 54 1
3 33 1
3 27 0.605
3 32 0.033
3 47 0.096
3 4 0.124
3 12 0.205
3 17 0.185
3 21 0.119
3 22 0.122
3 23 0.141
3 24 0.138
3 28 0.096
3 29 0.101
3 30 0.111
3 31 0.122
3 38 0.198
3 39 0.123
3 43 0.146
3 45 0.145
3 49 0.147
3 51 0.169
3 53 0.137
3 58 0.187
3 59 0.118
3 60 0.187
3 62 0.102
3 65 0.09
3 68 0.211
3 74 0.156
3 81 0.167
3 91 0.215
3 93 0.167
3 96 0.14
4 84 0.896
4 9 0.176
4 28 0.214
4 6 0.136
4 7 0.186
4 10 0.179
4 15 0.15
4 18 0.173
4 19 0.178
4 22 0.121
4 27 0.12
4 31 0.161
4 34 0.205
4 35 0.116
4 36 0.156
4 37 0.18
4 38 0.137
4 42 0.164
4 51 0.176
4 53 0.155
4 54 0.144
4 64 0.198
4 65 0.135
4 66 0.148
4 67 0.077
4 69 0.142
4 72 0.135
4 75 0.163
4 76 0.124
4 77 0.17
4 82 0.182
4 85 0.12
4 87 0.188
4 88 0.169
4 89 0.109
4 90 0.148
4 92 0.174
4 94 0.197
4 95 0.153
4 96 0.115
4 97 0.13
4 98 0.153
4 99 0.106
5 87 1
5 68 0.085
5 7 0.151
5 9 0.165
5 19 0.134
5 22 0.173
5 23 0.182
5 27 0.121
5 29 0.147
5 31 0.078
5 32 0.089
5 33 0.122
5 36 0.178
5 38 0.116
5 39 0.144
5 40 0.118
5 43 0.126
5 45 0.169
5 50 0.142
5 51 0.148
5 52 0.194
5 57 0.215
5 60 0.164
5 63 0.167
5 64 0.159
5 65 0.17
5 74 0.133
5 75 0.119
5 91 0.111
5 92 0.113
5 93 0.136
5 95 0.167
5 96 0.108
6 68 0.945
6 53 0.712
6 36 0.892
6 37 0.159
6 89 0.146
6 12 0.116
6 16 0.196
6 20 0.153
6 23 0.145
6 25 0.173
6 26 0.135
6 33 0.115
6 34 0.136
6 38 0.165
6 40 0.211
6 41 0.102
6 42 0.129
6 45 0.203
6 51 0.136
6 54 0.198
6 55 0.139
6 58 0.161
6 69 0.166
6 73 0.149
6 74 0.125
6 81 0.215
6 99 0.174
7 41 0.599
7 36 0.183
7 64 0.206
7 31 0.21
7 45 0.125
7 90 0.192
7 8 0.108
7 10 0.163
7 11 0.142
7 18 0.139
7 20 0.136
7 23 0.153
7 24 0.181
7 27 0.126
7 37 0.075
7 38 0.127
7 42 0.195
7 46 0.177
7 54 0.113
7 56 0.158
7 57 0.172
7 60 0.191
7 63 0.134
7 66 0.169
7 68 0.155
7 69 0.098
7 71 0.191
7 74 0.143
7 76 0.116
7 84 0.151
7 87 0.096
7 88 0.106
7 89 0.198
7 91 0.176
7 94 0.161
7 96 0.191
8 10 0.083
8 9 0.206
8 11 0.146
8 13 0.134
8 17 0.123
8 18 0.167
8 21 0.172
8 29 0.076
8 32 0.118
8 33 0.156
8 34 0.183
8 36 0.181
8 37 0.148
8 38 0.134
8 39 0.185
8 40 0.123
8 42 0.206
8 48 0.197
8 52 0.164
8 57 0.149
8 61 0.167
8 62 0.118
8 63 0.17
8 66 0.167
8 68 0.161
8 69 0.175
8 71 0.115
8 72 0.151
8 73 0.144
8 81 0.135
8 83 0.124
8 86 0.097
8 88 0.202
8 94 0.183
8 96 0.167
8 99 0.172
9 30 0.647
9 46 1
9 24 0.617
9 39 0.136
9 43 0.127
9 13 0.129
9 15 0.167
9 19 0.145
9 21 0.123
9 26 0.215
9 29 0.148
9 44 0.136
9 52 0.105
9 53 0.108
9 55 0.178
9 58 0.183
9 63 0.176
9 69 0.136
9 71 0.129
9 77 0.157
9 83 0.187
9 84 0.17
9 85 0.135
9 86 0.087
9 89 0.152
9 92 0.11
9 94 0.147
9 95 0.152
9 98 0.16
10 86 0.976
10 78 0.814
10 23 0.141
10 80 0.152
10 95 0.146
10 11 0.169
10 16 0.136
10 21 0.187
10 24 0.109
10 25 0.106
10 27 0.15
10 30 0.132
10 31 0.165
10 33 0.142
10 37 0.124
10 40 0.122
10 47 0.127
10 48 0.109
10 50 0.183
10 52 0.202
10 57 0.158
10 59 0.114
10 63 0.186
10 65 0.147
10 69 0.19
10 70 0.105
10 71 0.135
10 72 0.133
10 73 0.159
10 74 0.181
10 76 0.198
10 84 0.151
10 85 0.164
10 87 0.199
10 91 0.074
10 93 0.181
11 21 0.714
11 69 0.126
11 14 0.184
11 73 0.147
11 16 0.183
11 19 0.139
11 23 0.175
11 25 0.117
11 26 0.125
11 27 0.14
11 30 0.179
11 33 0.155
11 37 0.16
11 39 0.191
11 46 0.181
11 50 0.093
11 51 0.143
11 52 0.128
11 53 0.16
11 54 0.137
11 56 0.198
11 57 0.093
11 63 0.143
11 67 0.155
11 70 0.14
11 71 0.173
11 72 0.134
11 74 0.17
11 76 0.152
11 80 0.092
11 84 0.179
11 88 0.118
11 94 0.175
11 98 0.168
11 99 0.115
12 90 0.941
12 47 1
12 80 0.851
12 97 0.86
12 18 0.177
12 20 0.114
12 21 0.113
12 22 0.177
12 24 0.132
12 26 0.168
12 28 0.147
12 32 0.177
12 36 0.123
12 37 0.109
12 38 0.153
12 40 0.159
12 41 0.173
12 42 0.163
12 45 0.154
12 48 0.19
12 50 0.133
12 53 0.167
12 55 0.13
12 58 0.167
12 66 0.149
12 70 0.145
12 73 0.188
12 82 0.112
12 85 0.15
12 89 0.14
12 92 0.147
12 94 0.082
12 95 0.137
12 96 0.171
13 95 0.975
13 26 0.624
13 36 0.609
13 59 0.219
13 96 0.119
13 16 0.147
13 22 0.181
13 24 0.155
13 27 0.151
13 30 0.108
13 31 0.11
13 35 0.088
13 39 0.188
13 40 0.168
13 42 0.186
13 46 0.163
13 49 0.177
13 51 0.129
13 52 0.153
13 53 0.125
13 55 0.145
13 56 0.097
13 57 0.113
13 60 0.149
13 67 0.162
13 73 0.162
13 79 0.152
13 87 0.158
13 91 0.13
13 92 0.17
14 72 1
14 47 0.633
14 98 1
14 39 0.262
14 66 0.181
14 17 0.155
14 24 0.159
14 27 0.213
14 33 0.104
14 40 0.067
14 42 0.146
14 49 0.114
14 51 0.12
14 57 0.16
14 61 0.123
14 62 0.116
14 63 0.156
14 64 0.067
14 73 0.155
14 80 0.147
14 81 0.184
14 84 0.127
14 86 0.108
14 89 0.158
14 91 0.143
14 93 0.168
14 94 0.168
15 79 0.676
15 87 1
15 62 0.324
15 91 0.189
15 19 0.176
15 20 0.159
15 21 0.186
15 27 0.193
15 31 0.114
15 32 0.149
15 36 0.174
15 42 0.161
15 44 0.121
15 48 0.143
15 49 0.146
15 51 0.117
15 59 0.065
15 65 0.139
15 71 0.163
15 72 0.151
15 74 0.158
15 84 0.139
15 93 0.103
15 97 0.101
15 98 0.113
16 22 0.707
16 30 0.02
16 58 0.133
16 73 0.128
16 93 0.061
16 25 0.124
16 27 0.129
16 34 0.156
16 36 0.09
16 42 0.109
16 43 0.144
16 45 0.138
16 49 0.114
16 50 0.177
16 51 0.203
16 55 0.119
16 57 0.108
16 60 0.146
16 62 0.155
16 63 0.137
16 65 0.164
16 68 0.135
16 71 0.184
16 86 0.091
16 88 0.208
16 89 0.15
17 76 1
17 35 0.934
17 69 0.218
17 18 0.141
17 24 0.163
17 28 0.172
17 33 0.146
17 38 0.144
17 39 0.129
17 52 0.155
17 55 0.149
17 61 0.163
17 66 0.102
17 67 0.15
17 70 0.157
17 73 0.169
17 74 0.095
17 83 0.13
17 84 0.148
17 87 0.149
17 88 0.154
17 93 0.106
17 97 0.175
17 98 0.173
17 99 0.244
18 29 1
18 24 0.152
18 30 0.148
18 32 0.091
18 35 0.321
18 95 0.141
18 20 0.137
18 22 0.156
18 25 0.145
18 26 0.146
18 31 0.168
18 33 0.12
18 38 0.128
18 39 0.156
18 47 0.132
18 52 0.163
18 63 0.098
18 64 0.15
18 66 0.137
18 67 0.174
18 72 0.158
18 76 0.212
18 78 0.167
18 83 0.135
18 85 0.131
18 86 0.129
18 88 0.17
18 92 0.141
19 83 0.686
19 71 0.112
19 61 0.306
19 63 0.142
19 21 0.157
19 23 0.162
19 33 0.146
19 34 0.164
19 37 0.16
19 38 0.167
19 41 0.148
19 48 0.127
19 49 0.147
19 51 0.158
19 52 0.151
19 54 0.133
19 64 0.131
19 65 0.171
19 70 0.202
19 73 0.152
19 74 0.143
19 76 0.182
19 79 0.194
19 86 0.15
19 92 0.098
20 25 0.809
20 92 0.104
20 21 0.143
20 23 0.125
20 24 0.138
20 29 0.153
20 34 0.108
20 36 0.177
20 38 0.198
20 40 0.177
20 42 0.182
20 46 0.173
20 48 0.213
20 49 0.081
20 50 0.212
20 52 0.171
20 57 0.206
20 59 0.157
20 61 0.141
20 65 0.147
20 66 0.123
20 69 0.126
20 70 0.147
20 72 0.144
20 74 0.113
20 84 0.165
20 87 0.162
20 91 0.188
20 97 0.183
21 55 1
21 85 1
21 41 1
21 25 0.125
21 27 0.164
21 32 0.205
21 37 0.153
21 39 0.112
21 42 0.1
21 44 0.155
21 47 0.179
21 52 0.174
21 53 0.189
21 72 0.167
21 79 0.168
21 83 0.169
21 92 0.128
21 97 0.192
21 98 0.199
22 27 0.52
22 26 0.268
22 33 0.136
22 34 0.066
22 48 0.214
22 23 0.163
22 31 0.146
22 36 0.192
22 37 0.118
22 40 0.144
22 42 0.177
22 43 0.141
22 47 0.187
22 51 0.154
22 52 0.136
22 53 0.143
22 54 0.133
22 55 0.139
22 57 0.153
22 58 0.135
22 59 0.11
22 63 0.173
22 67 0.125
22 69 0.108
22 70 0.155
22 71 0.191
22 73 0.166
22 78 0.087
22 80 0.165
22 81 0.16
22 86 0.147
22 88 0.175
22 89 0.163
22 92 0.164
22 95 0.111
22 97 0.135
22 98 0.174
23 78 0.568
23 62 0.883
23 44 0.007
23 57 0.161
23 24 0.114
23 27 0.098
23 34 0.183
23 35 0.119
23 36 0.118
23 41 0.156
23 42 0.138
23 47 0.135
23 49 0.135
23 60 0.15
23 63 0.107
23 71 0.186
23 72 0.167
23 74 0.174
23 76 0.178
23 81 0.178
23 87 0.144
23 88 0.117
23 89 0.099
23 90 0.152
24 69 1
24 54 0.921
24 63 0.175
24 25 0.134
24 31 0.127
24 32 0.092
24 33 0.119
24 34 0.084
24 36 0.171
24 37 0.093
24 38 0.139
24 39 0.177
24 40 0.178
24 42 0.114
24 44 0.169
24 45 0.19
24 46 0.185
24 50 0.135
24 64 0.142
24 67 0.125
24 68 0.087
24 70 0.184
24 72 0.188
24 73 0.126
24 78 0.129
24 81 0.148
24 82 0.125
24 85 0.128
24 91 0.132
24 94 0.172
24 99 0.122
25 60 0.859
25 99 1
25 93 0.536
25 39 0.351
25 46 0.173
25 59 0.205
25 68 0.162
25 74 0.153
25 31 0.169
25 34 0.13
25 36 0.178
25 42 0.143
25 44 0.158
25 45 0.118
25 48 0.163
25 51 0.156
25 57 0.144
25 58 0.152
25 67 0.124
25 70 0.135
25 73 0.185
25 75 0.175
25 76 0.134
25 80 0.182
25 86 0.173
25 87 0.201
25 88 0.159
25 89 0.215
25 90 0.118
25 91 0.135
25 94 0.142
26 86 1
26 60 0.937
26 77 0.846
26 28 0.165
26 29 0.131
26 30 0.167
26 34 0.132
26 36 0.186
26 38 0.138
26 40 0.178
26 41 0.14
26 43 0.075
26 44 0.149
26 47 0.156
26 49 0.156
26 50 0.16
26 56 0.155
26 59 0.22
26 69 0.181
26 73 0.122
26 74 0.128
26 78 0.13
26 79 0.09
26 83 0.172
26 84 0.141
26 85 0.152
26 90 0.179
26 92 0.12
26 95 0.199
26 96 0.17
27 80 1
27 62 0.68
27 51 0.573
27 42 0.151
27 72 0.212
27 99 0.119
27 30 0.107
27 32 0.183
27 34 0.161
27 37 0.139
27 38 0.171
27 41 0.154
27 43 0.122
27 46 0.142
27 52 0.156
27 53 0.188
27 55 0.163
27 60 0.171
27 61 0.184
27 66 0.184
27 70 0.179
27 77 0.202
27 82 0.178
27 84 0.169
27 93 0.172
27 94 0.118
27 95 0.121
27 98 0.125
28 93 0.77
28 74 0.134
28 89 0.07
28 96 0.161
28 99 0.193
28 30 0.184
28 31 0.157
28 32 0.154
28 33 0.125
28 35 0.079
28 36 0.211
28 37 0.171
28 40 0.151
28 42 0.077
28 43 0.089
28 44 0.203
28 45 0.16
28 46 0.178
28 48 0.094
28 49 0.221
28 53 0.133
28 55 0.12
28 56 0.089
28 59 0.124
28 60 0.121
28 63 0.219
28 72 0.172
28 73 0.079
28 77 0.185
28 78 0.17
28 80 0.199
28 82 0.102
28 85 0.136
28 95 0.157
29 37 0.838
29 43 1
29 35 0.9
29 57 0.087
29 79 0.155
29 84 0.181
29 30 0.126
29 32 0.127
29 33 0.121
29 40 0.123
29 41 0.139
29 45 0.162
29 48 0.182
29 49 0.139
29 51 0.183
29 54 0.187
29 56 0.134
29 59 0.118
29 60 0.149
29 61 0.139
29 68 0.156
29 75 0.085
29 80 0.191
29 85 0.123
29 90 0.156
29 91 0.148
29 92 0.118
29 95 0.129
30 36 0.909
30 32 0.113
30 33 0.143
30 34 0.118
30 37 0.156
30 38 0.122
30 41 0.181
30 43 0.156
30 45 0.187
30 49 0.175
30 54 0.155
30 56 0.112
30 57 0.177
30 61 0.156
30 64 0.116
30 69 0.158
30 70 0.171
30 73 0.181
30 77 0.167
30 82 0.145
30 84 0.131
30 86 0.145
30 90 0.076
30 94 0.194
31 53 0.614
31 34 0.922
31 61 0.79
31 33 0.18
31 40 0.144
31 46 0.179
31 47 0.165
31 48 0.141
31 56 0.201
31 65 0.173
31 66 0.12
31 67 0.193
31 68 0.115
31 69 0.15
31 72 0.15
31 74 0.185
31 77 0.144
31 79 0.19
31 81 0.124
31 82 0.175
31 84 0.162
31 99 0.166
32 40 0.807
32 35 0.946
32 37 0.088
32 39 0.22
32 83 0.193
32 41 0.168
32 44 0.126
32 45 0.135
32 49 0.214
32 50 0.137
32 53 0.117
32 55 0.148
32 57 0.156
32 58 0.143
32 59 0.17
32 62 0.085
32 63 0.152
32 65 0.144
32 68 0.219
32 69 0.155
32 71 0.083
32 72 0.123
32 74 0.148
32 80 0.142
32 81 0.179
32 84 0.086
32 86 0.147
32 88 0.145
32 93 0.198
32 94 0.123
32 95 0.124
32 99 0.138
33 97 0.938
33 96 0.135
33 59 0.174
33 72 0.155
33 34 0.181
33 36 0.154
33 39 0.145
33 41 0.187
33 44 0.169
33 45 0.147
33 47 0.159
33 49 0.086
33 50 0.16
33 51 0.139
33 56 0.121
33 63 0.147
33 67 0.163
33 68 0.111
33 74 0.174
33 75 0.235
33 79 0.118
33 84 0.122
33 85 0.202
33 88 0.11
33 91 0.129
33 95 0.18
34 80 0.928
34 88 0.817
34 41 1
34 40 0.197
34 46 0.132
34 48 0.128
34 50 0.189
34 51 0.192
34 52 0.181
34 59 0.138
34 61 0.113
34 63 0.119
34 64 0.11
34 66 0.102
34 68 0.186
34 69 0.194
34 71 0.217
34 72 0.135
34 74 0.11
34 76 0.162
34 79 0.12
34 81 0.152
34 82 0.173
34 83 0.098
34 87 0.146
34 91 0.148
34 94 0.132
34 98 0.143
34 99 0.183
35 40 0.036
35 56 0.144
35 66 0.157
35 38 0.155
35 39 0.112
35 42 0.231
35 44 0.14
35 46 0.113
35 47 0.233
35 49 0.201
35 54 0.105
35 59 0.109
35 62 0.14
35 64 0.182
35 68 0.171
35 73 0.143
35 74 0.154
35 75 0.159
35 76 0.131
35 78 0.163
35 79 0.161
35 81 0.155
35 82 0.174
35 85 0.126
35 92 0.145
36 63 0.944
36 82 0.948
36 57 0.092
36 86 0.325
36 37 0.137
36 40 0.143
36 42 0.168
36 50 0.181
36 51 0.169
36 53 0.165
36 59 0.135
36 64 0.133
36 65 0.166
36 66 0.189
36 69 0.171
36 70 0.144
36 71 0.147
36 72 0.163
36 73 0.133
36 74 0.149
36 75 0.128
36 78 0.214
36 84 0.132
36 90 0.156
36 95 0.149
36 97 0.19
36 99 0.202
37 47 0.901
37 49 0.509
37 52 0.121
37 79 0.074
37 94 0.157
37 44 0.12
37 54 0.146
37 57 0.12
37 60 0.133
37 63 0.148
37 66 0.197
37 69 0.159
37 71 0.11
37 72 0.154
37 74 0.195
37 82 0.119
37 85 0.122
37 87 0.166
37 97 0.214
38 57 1
38 62 0.745
38 41 0.16
38 71 0.12
38 82 0.207
38 42 0.133
38 43 0.105
38 44 0.197
38 49 0.118
38 51 0.132
38 52 0.083
38 55 0.177
38 63 0.178
38 64 0.139
38 68 0.171
38 73 0.153
38 78 0.177
38 88 0.166
38 90 0.097
38 93 0.1
38 94 0.157
38 95 0.143
38 99 0.173
39 46 0.669
39 91 1
39 40 0.127
39 81 0.228
39 94 0.123
39 42 0.139
39 47 0.14
39 50 0.153
39 51 0.098
39 53 0.117
39 54 0.118
39 55 0.098
39 56 0.132
39 60 0.134
39 61 0.115
39 65 0.112
39 72 0.199
39 75 0.189
39 84 0.099
39 85 0.062
39 96 0.133
39 99 0.172
40 58 0.988
40 52 0.199
40 75 0.26
40 45 0.103
40 50 0.149
40 57 0.162
40 59 0.147
40 61 0.161
40 62 0.149
40 63 0.17
40 71 0.14
40 73 0.123
40 83 0.178
40 91 0.116
40 94 0.147
40 96 0.122
40 97 0.183
40 98 0.172
40 99 0.141
41 42 0.645
41 44 0.376
41 46 0.141
41 53 0.147
41 61 0.165
41 62 0.098
41 64 0.145
41 65 0.201
41 66 0.17
41 69 0.171
41 73 0.15
41 74 0.127
41 75 0.121
41 76 0.159
41 77 0.176
41 78 0.151
41 79 0.203
41 83 0.1
41 87 0.101
41 89 0.214
41 90 0.103
41 92 0.186
41 93 0.142
41 95 0.124
41 99 0.196
42 47 1
42 59 0.886
42 67 0.791
42 92 0.538
42 52 0.078
42 44 0.11
42 56 0.152
42 60 0.174
42 61 0.121
42 62 0.141
42 63 0.112
42 64 0.113
42 70 0.161
42 76 0.186
42 79 0.205
42 80 0.077
42 81 0.093
42 84 0.149
42 87 0.14
42 88 0.151
42 89 0.191
42 90 0.128
42 93 0.17
42 94 0.18
42 96 0.15
42 98 0.145
43 94 1
43 96 0.255
43 48 0.177
43 49 0.173
43 51 0.149
43 55 0.159
43 60 0.134
43 61 0.15
43 65 0.118
43 66 0.14
43 78 0.132
43 79 0.147
43 80 0.172
43 81 0.147
43 87 0.147
43 88 0.163
43 91 0.095
43 93 0.142
43 98 0.145
43 99 0.147
44 85 0.597
44 54 0.895
44 52 0.139
44 63 0.126
44 72 0.372
44 97 0.06
44 98 0.091
44 45 0.186
44 50 0.114
44 51 0.126
44 61 0.166
44 62 0.165
44 67 0.107
44 70 0.172
44 73 0.148
44 74 0.076
44 75 0.145
44 78 0.148
44 80 0.16
44 81 0.184
44 86 0.164
44 87 0.121
44 89 0.163
44 90 0.149
44 95 0.181
45 53 1
45 56 1
45 54 0.048
45 72 0.126
45 87 0.128
45 47 0.135
45 51 0.186
45 63 0.12
45 65 0.122
45 66 0.201
45 68 0.151
45 70 0.149
45 73 0.139
45 74 0.131
45 77 0.209
45 86 0.118
45 88 0.101
45 89 0.098
45 94 0.127
46 58 0.655
46 88 0.826
46 49 0.796
46 62 0.206
46 48 0.165
46 50 0.171
46 51 0.145
46 52 0.163
46 54 0.199
46 57 0.137
46 65 0.211
46 70 0.09
46 81 0.127
46 84 0.151
46 90 0.179
46 92 0.158
46 95 0.121
46 97 0.164
46 98 0.155
47 96 0.793
47 78 0.296
47 58 0.139
47 51 0.147
47 52 0.145
47 54 0.143
47 57 0.117
47 60 0.13
47 65 0.184
47 69 0.163
47 74 0.177
47 76 0.187
47 83 0.127
47 84 0.16
47 85 0.109
47 91 0.128
47 94 0.116
47 97 0.181
48 78 0.782
48 65 0.116
48 72 0.105
48 52 0.151
48 53 0.144
48 57 0.172
48 58 0.109
48 59 0.196
48 62 0.179
48 66 0.162
48 67 0.121
48 70 0.209
48 73 0.122
48 76 0.09
48 79 0.211
48 80 0.166
48 82 0.125
48 84 0.218
48 89 0.098
48 90 0.194
48 96 0.137
49 59 0.555
49 52 0.111
49 54 0.175
49 55 0.12
49 56 0.12
49 58 0.169
49 60 0.155
49 65 0.144
49 68 0.174
49 69 0.175
49 70 0.158
49 73 0.11
49 74 0.175
49 80 0.195
49 84 0.17
49 87 0.187
49 89 0.165
49 90 0.11
49 94 0.11
49 99 0.148
50 51 0.616
50 57 0.178
50 58 0.227
50 73 0.194
50 99 0.279
50 61 0.089
50 63 0.18
50 69 0.165
50 70 0.145
50 76 0.159
50 77 0.107
50 79 0.142
50 80 0.187
50 82 0.102
50 83 0.148
50 93 0.202
50 95 0.217
50 96 0.123
50 98 0.149
51 93 0.21
51 60 0.11
51 62 0.089
51 70 0.2
51 71 0.113
51 75 0.157
51 77 0.212
51 82 0.112
51 83 0.171
51 86 0.148
51 87 0.167
51 91 0.216
51 94 0.14
51 96 0.154
51 97 0.152
51 99 0.155
52 95 0.938
52 81 0.163
52 58 0.112
52 61 0.11
52 63 0.094
52 64 0.191
52 66 0.115
52 74 0.096
52 76 0.128
52 80 0.159
52 82 0.149
52 86 0.113
52 89 0.199
52 90 0.131
52 91 0.128
53 70 1
53 54 0.125
53 78 0.119
53 90 0.212
53 58 0.126
53 61 0.176
53 62 0.113
53 63 0.161
53 65 0.17
53 67 0.17
53 68 0.155
53 69 0.148
53 77 0.143
53 81 0.195
53 82 0.141
53 89 0.149
53 94 0.162
53 95 0.129
53 96 0.19
54 70 0.541
54 69 1
54 55 0.144
54 60 0.163
54 64 0.132
54 65 0.154
54 68 0.1
54 71 0.123
54 74 0.204
54 77 0.115
54 79 0.138
54 81 0.113
54 84 0.133
54 86 0.122
54 87 0.154
54 90 0.132
54 94 0.15
54 95 0.151
55 82 0.872
55 68 0.142
55 71 0.134
55 77 0.176
55 81 0.189
55 84 0.203
55 91 0.188
55 94 0.151
56 77 0.662
56 89 0.21
56 58 0.202
56 59 0.164
56 62 0.108
56 64 0.163
56 68 0.153
56 71 0.125
56 75 0.176
56 76 0.17
56 78 0.14
56 79 0.186
56 80 0.143
56 83 0.185
56 84 0.18
56 87 0.17
56 90 0.143
56 95 0.111
56 96 0.156
57 86 0.935
57 66 0.711
57 59 0.172
57 60 0.15
57 68 0.123
57 73 0.169
57 75 0.161
57 78 0.146
57 85 0.167
57 88 0.174
57 90 0.201
57 92 0.195
57 94 0.158
57 98 0.144
57 99 0.186
58 75 0.941
58 93 0.168
58 59 0.14
58 60 0.163
58 70 0.137
58 71 0.137
58 72 0.184
58 73 0.177
58 79 0.092
58 81 0.139
58 82 0.105
58 83 0.12
58 89 0.113
58 90 0.169
58 92 0.135
58 97 0.114
59 63 0.157
59 64 0.169
59 67 0.16
59 68 0.179
59 72 0.125
59 74 0.14
59 78 0.157
59 79 0.17
59 83 0.135
59 84 0.137
59 86 0.179
59 87 0.131
59 88 0.169
59 95 0.128
59 96 0.16
60 81 0.792
60 73 0.195
60 93 0.138
60 62 0.146
60 65 0.178
60 68 0.189
60 72 0.108
60 74 0.081
60 78 0.204
60 79 0.148
60 80 0.148
60 82 0.148
60 91 0.213
60 92 0.201
60 98 0.183
61 90 0.904
61 81 0.944
61 68 0.109
61 74 0.266
61 67 0.131
61 69 0.177
61 70 0.146
61 71 0.13
61 73 0.147
61 75 0.158
61 76 0.144
61 77 0.191
61 78 0.171
61 79 0.188
61 80 0.105
61 83 0.156
61 84 0.144
61 86 0.096
61 87 0.163
61 94 0.123
61 99 0.145
62 64 0.261
62 86 0.118
62 63 0.123
62 68 0.181
62 76 0.158
62 78 0.149
62 79 0.084
62 84 0.109
62 87 0.131
62 88 0.201
62 98 0.228
63 95 0.154
63 64 0.132
63 67 0.13
63 70 0.122
63 75 0.08
63 76 0.098
63 79 0.157
63 81 0.161
63 83 0.145
63 85 0.171
63 87 0.217
63 88 0.142
63 89 0.165
63 93 0.161
64 86 1
64 95 1
64 70 0.126
64 67 0.165
64 71 0.138
64 73 0.163
64 74 0.175
64 76 0.118
64 81 0.133
64 82 0.11
64 90 0.162
64 93 0.186
64 94 0.152
64 97 0.198
64 99 0.184
65 68 0.177
65 69 0.076
65 71 0.196
65 72 0.124
65 73 0.149
65 74 0.184
65 75 0.133
65 76 0.122
65 77 0.121
65 80 0.187
65 82 0.128
65 83 0.139
65 84 0.133
65 86 0.145
65 92 0.126
65 93 0.169
65 99 0.193
66 84 0.987
66 77 0.014
66 67 0.187
66 69 0.106
66 82 0.121
66 83 0.174
66 86 0.182
66 89 0.123
66 92 0.164
66 93 0.174
66 95 0.133
66 96 0.178
66 97 0.144
67 76 0.22
67 78 0.137
67 85 0.163
67 86 0.144
67 87 0.211
67 88 0.17
67 92 0.09
67 94 0.062
67 99 0.149
68 72 0.118
68 76 0.131
68 81 0.159
68 83 0.194
68 85 0.164
68 87 0.109
68 88 0.157
68 93 0.157
68 96 0.09
68 99 0.169
69 81 0.876
69 92 1
69 76 0.67
69 85 0.181
69 87 0.102
69 70 0.136
69 73 0.114
69 80 0.142
69 82 0.206
69 84 0.161
69 91 0.141
69 96 0.142
70 88 0.868
70 81 0.112
70 98 0.223
70 75 0.161
70 82 0.133
70 85 0.139
70 92 0.184
70 94 0.155
70 96 0.164
71 72 0.133
71 87 0.114
71 88 0.175
71 89 0.167
71 91 0.168
71 95 0.19
71 97 0.123
71 99 0.171
72 89 0.706
72 74 0.149
72 75 0.113
72 79 0.105
72 83 0.195
72 86 0.149
72 90 0.154
72 91 0.109
72 93 0.2
72 94 0.036
72 96 0.137
73 88 1
73 82 0.027
73 74 0.087
73 76 0.15
73 77 0.138
73 81 0.139
73 85 0.178
73 92 0.139
73 93 0.127
73 96 0.18
73 97 0.154
73 98 0.167
74 87 0.861
74 97 0.095
74 84 0.15
74 86 0.152
74 96 0.147
74 98 0.126
74 99 0.157
75 79 0.23
75 87 0.17
75 90 0.155
75 92 0.045
75 93 0.138
75 94 0.137
75 99 0.14
76 90 0.791
76 79 0.085
76 83 0.107
76 85 0.169
76 86 0.196
76 92 0.139
77 78 0.176
77 79 0.103
77 80 0.138
77 84 0.129
77 87 0.145
77 88 0.167
77 89 0.142
77 90 0.164
77 91 0.068
77 94 0.146
77 96 0.216
77 98 0.135
78 79 0.19
78 84 0.244
78 82 0.175
78 89 0.169
78 90 0.188
78 92 0.153
78 94 0.143
78 95 0.216
78 97 0.097
78 99 0.197
79 99 0.886
79 80 0.168
79 89 0.122
79 84 0.152
79 91 0.171
79 92 0.138
79 94 0.155
79 97 0.133
79 98 0.16
80 88 0.837
80 85 0.15
80 86 0.13
80 90 0.185
80 92 0.119
80 93 0.151
80 95 0.202
80 96 0.15
81 87 0.166
81 95 0.216
81 83 0.163
81 85 0.097
81 88 0.123
81 91 0.165
82 87 0.951
82 84 0.189
82 85 0.144
82 86 0.101
82 92 0.132
82 94 0.2
82 96 0.152
82 98 0.113
82 99 0.18
83 96 0.504
83 91 0.073
83 97 0.117
83 84 0.199
83 85 0.116
83 87 0.15
83 92 0.132
83 93 0.148
83 98 0.067
84 95 0.078
84 86 0.151
84 88 0.119
84 91 0.186
85 86 0.13
85 88 0.15
85 92 0.19
85 95 0.213
86 93 1
86 87 0.075
86 91 0.139
86 95 0.177
86 99 0.157
87 97 0.887
87 92 0.122
87 95 0.192
88 92 0.34
88 89 0.148
88 90 0.197
88 95 0.141
88 98 0.175
88 99 0.16
89 98 1
89 92 0.2
89 94 0.162
89 95 0.106
89 99 0.184
90 93 0.2
90 94 0.122
90 97 0.17
90 98 0.118
91 93 0.999
91 92 0.118
91 94 0.161
91 96 0.105
91 98 0.128
92 94 0.725
92 96 0.206
92 99 0.143
93 95 0.687
93 96 0.163
94 95 0.143
94 98 0.179
96 97 0.177
97 98 0.167
