0 9 0.503
0 78 0.854
0 36 0.244
0 24 0.032
0 99 0.139
0 7 0.293
0 22 0.115
0 40 0.159
0 44 0.182
0 58 0.241
0 63 0.217
0 81 0.275
0 10 0.153
0 12 0.13
0 16 0.182
0 35 0.113
0 47 0.15
0 48 0.2
0 49 0.157
0 51 0.136
0 57 0.16
0 67 0.141
0 74 0.181
0 75 0.091
0 77 0.109
0 80 0.14
0 86 0.11
0 93 0.189
1 15 0.738
1 27 0.781
1 32 0.638
1 64 0.9
1 59 0.053
1 29 0.287
1 16 0.291
1 12 0.029
1 45 0.114
1 65 0.187
1 98 0.19
1 20 0.115
1 24 0.23
1 26 0.12
1 44 0.12
1 71 0.143
1 84 0.121
1 91 0.137
1 6 0.142
1 7 0.132
1 8 0.173
1 11 0.177
1 22 0.112
1 39 0.134
1 40 0.178
1 48 0.159
1 56 0.142
1 57 0.166
1 58 0.14
1 70 0.196
1 72 0.189
1 76 0.176
1 79 0.143
1 80 0.184
1 83 0.193
1 86 0.119
1 92 0.126
1 95 0.192
1 96 0.137
1 99 0.111
2 38 0.91
2 58 0.869
2 82 1
2 30 0.661
2 54 0.692
2 41 0.126
2 13 0.096
2 47 0.175
2 8 0.192
2 27 0.18
2 31 0.064
2 39 0.202
2 45 0.243
2 49 0.172
2 60 0.184
2 72 0.189
2 73 0.166
2 90 0.203
2 10 0.16
2 12 0.124
2 15 0.11
2 19 0.168
2 23 0.143
2 28 0.123
2 29 0.161
2 32 0.104
2 33 0.145
2 40 0.116
2 43 0.163
2 50 0.139
2 53 0.136
2 57 0.107
2 59 0.171
2 61 0.126
2 63 0.146
2 64 0.139
2 75 0.172
2 84 0.111
2 85 0.142
2 91 0.148
2 93 0.177
2 97 0.172
2 98 0.171
3 30 0.725
3 36 0.942
3 47 0.597
3 49 1
3 52 0.692
3 70 0.237
3 9 0.24
3 66 0.244
3 17 0.263
3 45 0.053
3 78 0.027
3 5 0.168
3 12 0.124
3 15 0.14
3 21 0.322
3 37 0.115
3 69 0.143
3 74 0.16
3 83 0.218
3 87 0.158
3 93 0.304
3 4 0.168
3 10 0.195
3 11 0.193
3 26 0.151
3 29 0.113
3 39 0.14
3 46 0.195
3 58 0.139
3 62 0.168
3 72 0.129
3 80 0.205
3 82 0.14
3 84 0.145
3 86 0.189
3 94 0.193
3 95 0.196
3 98 0.162
4 20 0.767
4 33 0.784
4 56 0.965
4 15 1
4 26 0.638
4 62 0.551
4 5 0.184
4 10 0.279
4 54 0.123
4 60 0.194
4 91 0.18
4 97 0.243
4 99 0.148
4 12 0.181
4 14 0.145
4 17 0.13
4 18 0.126
4 24 0.145
4 27 0.106
4 30 0.134
4 34 0.132
4 39 0.189
4 42 0.139
4 43 0.131
4 44 0.189
4 45 0.161
4 58 0.154
4 63 0.159
4 68 0.149
4 72 0.112
4 73 0.157
4 75 0.143
4 79 0.136
4 81 0.187
4 82 0.167
4 92 0.135
4 96 0.124
4 98 0.13
5 24 0.885
5 46 0.985
5 56 0.756
5 71 0.091
5 84 0.144
5 29 0.13
5 59 0.168
5 31 0.191
5 33 0.172
5 45 0.207
5 69 0.13
5 78 0.107
5 87 0.097
5 89 0.147
5 11 0.125
5 14 0.164
5 15 0.137
5 16 0.104
5 19 0.136
5 20 0.175
5 28 0.2
5 32 0.135
5 36 0.193
5 37 0.146
5 48 0.151
5 49 0.214
5 55 0.083
5 58 0.155
5 61 0.199
5 65 0.145
5 79 0.144
5 80 0.167
5 91 0.078
5 94 0.182
5 98 0.163
6 9 0.882
6 16 0.679
6 22 0.852
6 27 0.748
6 29 0.833
6 50 0.964
6 55 0.7
6 11 0.564
6 42 0.595
6 7 0.216
6 21 0.019
6 31 0.179
6 25 0.183
6 54 0.082
6 56 0.34
6 62 0.191
6 67 0.131
6 72 0.089
6 85 0.141
6 86 0.101
6 95 0.185
6 12 0.164
6 14 0.159
6 17 0.135
6 28 0.125
6 32 0.098
6 33 0.137
6 35 0.128
6 46 0.169
6 48 0.157
6 51 0.13
6 59 0.132
6 61 0.162
6 63 0.191
6 68 0.206
6 73 0.148
6 77 0.157
6 78 0.12
6 89 0.164
6 92 0.2
6 94 0.149
6 98 0.158
7 41 0.455
7 42 0.914
7 66 0.947
7 69 1
7 91 0.663
7 92 0.005
7 26 0.043
7 8 0.01
7 81 0.159
7 10 0.103
7 29 0.166
7 32 0.187
7 33 0.144
7 34 0.185
7 38 0.183
7 56 0.188
7 64 0.171
7 67 0.137
7 93 0.087
7 98 0.036
7 9 0.142
7 11 0.142
7 12 0.145
7 15 0.156
7 17 0.151
7 23 0.145
7 31 0.21
7 35 0.17
7 37 0.138
7 43 0.131
7 45 0.119
7 46 0.129
7 48 0.108
7 49 0.152
7 54 0.136
7 62 0.121
7 63 0.166
7 74 0.196
7 75 0.155
7 99 0.128
8 13 0.566
8 27 0.614
8 30 0.574
8 42 0.761
8 45 0.827
8 85 1
8 87 0.082
8 28 0.149
8 38 0.063
8 43 0.19
8 55 0.178
8 63 0.17
8 18 0.196
8 19 0.181
8 35 0.211
8 40 0.032
8 64 0.075
8 65 0.131
8 81 0.151
8 90 0.131
8 12 0.13
8 17 0.099
8 34 0.117
8 41 0.145
8 50 0.153
8 51 0.144
8 54 0.145
8 56 0.107
8 58 0.16
8 59 0.11
8 61 0.163
8 68 0.173
8 69 0.15
8 72 0.18
8 75 0.121
8 77 0.166
8 80 0.191
8 84 0.111
8 91 0.136
8 95 0.122
9 57 0.756
9 58 0.731
9 78 0.844
9 99 0.762
9 83 0.953
9 69 0.329
9 49 0.251
9 54 0.166
9 82 0.053
9 87 0.127
9 97 0.203
9 13 0.136
9 14 0.198
9 51 0.158
9 75 0.182
9 77 0.122
9 88 0.134
9 91 0.123
9 11 0.156
9 12 0.088
9 16 0.132
9 17 0.201
9 26 0.088
9 29 0.202
9 40 0.141
9 41 0.183
9 47 0.193
9 48 0.199
9 53 0.15
9 55 0.171
9 62 0.148
9 66 0.154
9 67 0.114
9 72 0.075
9 74 0.163
9 76 0.193
9 84 0.175
9 90 0.068
9 93 0.114
9 96 0.124
9 98 0.148
10 30 0.897
10 32 0.181
10 88 0.046
10 16 0.273
10 35 0.102
10 13 0.092
10 52 0.2
10 25 0.291
10 44 0.184
10 67 0.093
10 70 0.155
10 77 0.197
10 95 0.183
10 12 0.154
10 15 0.153
10 18 0.123
10 21 0.08
10 24 0.165
10 28 0.164
10 29 0.233
10 34 0.153
10 45 0.157
10 48 0.169
10 51 0.178
10 58 0.102
10 61 0.131
10 66 0.108
10 72 0.128
10 80 0.146
10 82 0.166
10 85 0.178
10 89 0.137
10 92 0.176
10 94 0.178
11 21 0.682
11 27 0.555
11 68 0.93
11 69 1
11 90 0.863
11 97 0.992
11 99 0.704
11 67 0.132
11 79 0.522
11 89 0.172
11 47 0.103
11 41 0.147
11 50 0.137
11 55 0.153
11 63 0.105
11 71 0.171
11 72 0.134
11 80 0.137
11 94 0.167
11 95 0.124
11 12 0.203
11 17 0.144
11 18 0.153
11 26 0.1
11 33 0.16
11 36 0.174
11 39 0.136
11 42 0.138
11 46 0.182
11 48 0.186
11 54 0.142
11 66 0.133
11 70 0.174
11 76 0.144
11 82 0.187
11 83 0.166
11 87 0.138
11 88 0.111
11 93 0.107
11 96 0.202
12 16 0.75
12 43 0.576
12 45 0.849
12 91 0.738
12 27 0.507
12 71 0.785
12 19 0.2
12 25 0.172
12 42 0.139
12 81 0.178
12 95 0.132
12 22 0.196
12 46 0.114
12 77 0.15
12 94 0.356
12 14 0.163
12 15 0.173
12 32 0.144
12 33 0.145
12 35 0.125
12 39 0.162
12 44 0.092
12 49 0.15
12 50 0.157
12 54 0.146
12 57 0.108
12 58 0.118
12 60 0.162
12 62 0.156
12 66 0.142
12 68 0.165
12 73 0.139
12 74 0.143
12 76 0.168
12 79 0.113
12 89 0.12
12 92 0.124
13 34 0.923
13 57 0.716
13 88 0.775
13 29 0.223
13 55 0.503
13 78 0.225
13 21 0.235
13 47 0.008
13 63 0.128
13 79 0.136
13 80 0.091
13 20 0.104
13 42 0.138
13 49 0.125
13 66 0.118
13 76 0.164
13 77 0.067
13 86 0.105
13 93 0.215
13 14 0.149
13 15 0.142
13 22 0.137
13 24 0.145
13 25 0.19
13 28 0.23
13 32 0.115
13 33 0.169
13 38 0.123
13 39 0.185
13 41 0.187
13 43 0.136
13 48 0.167
13 50 0.148
13 54 0.188
13 56 0.121
13 59 0.18
13 60 0.156
13 71 0.129
13 81 0.207
14 30 0.912
14 63 0.973
14 73 0.558
14 97 0.369
14 34 0.092
14 48 0.102
14 60 0.123
14 70 0.155
14 91 0.085
14 18 0.084
14 24 0.121
14 33 0.216
14 47 0.166
14 74 0.151
14 95 0.17
14 20 0.132
14 22 0.157
14 27 0.107
14 29 0.14
14 35 0.086
14 55 0.125
14 56 0.139
14 57 0.181
14 59 0.18
14 61 0.167
14 65 0.17
14 69 0.152
14 71 0.225
14 72 0.122
14 81 0.166
14 85 0.201
14 89 0.091
14 93 0.165
15 45 0.517
15 48 1
15 57 0.97
15 68 0.968
15 75 0.549
15 76 0.503
15 22 0.14
15 21 0.002
15 32 0.171
15 37 0.397
15 42 0.145
15 43 0.298
15 60 0.254
15 65 0.167
15 66 0.164
15 71 0.124
15 87 0.152
15 89 0.221
15 94 0.155
15 96 0.267
15 98 0.168
15 16 0.176
15 23 0.16
15 24 0.119
15 26 0.178
15 28 0.151
15 38 0.145
15 46 0.13
15 47 0.132
15 52 0.201
15 59 0.155
15 69 0.16
15 74 0.15
15 78 0.181
15 81 0.183
15 84 0.19
15 86 0.139
15 88 0.162
15 91 0.136
15 93 0.182
16 27 0.486
16 72 1
16 70 0.993
16 19 0.237
16 47 0.186
16 55 0.271
16 29 0.407
16 37 0.156
16 69 0.191
16 82 0.17
16 84 0.336
16 97 0.359
16 18 0.211
16 43 0.102
16 58 0.136
16 76 0.125
16 78 0.114
16 89 0.134
16 93 0.155
16 96 0.069
16 23 0.131
16 24 0.15
16 33 0.109
16 35 0.069
16 36 0.163
16 39 0.172
16 42 0.132
16 48 0.123
16 50 0.139
16 54 0.13
16 57 0.183
16 59 0.113
16 65 0.162
16 66 0.193
16 68 0.192
16 71 0.169
16 74 0.215
16 81 0.16
16 86 0.133
16 87 0.097
16 98 0.202
17 41 0.603
17 51 0.949
17 65 0.174
17 52 0.073
17 75 0.331
17 90 0.236
17 96 0.177
17 18 0.137
17 26 0.22
17 31 0.175
17 36 0.183
17 57 0.129
17 76 0.154
17 86 0.228
17 99 0.225
17 22 0.149
17 24 0.109
17 25 0.095
17 39 0.109
17 40 0.1
17 44 0.146
17 53 0.138
17 54 0.132
17 58 0.178
17 62 0.158
17 63 0.114
17 67 0.1
17 70 0.128
17 71 0.153
17 74 0.155
17 77 0.165
17 85 0.12
17 93 0.167
18 45 0.893
18 62 0.954
18 69 0.921
18 77 0.462
18 83 0.141
18 21 0.115
18 32 0.093
18 41 0.158
18 44 0.199
18 54 0.241
18 63 0.185
18 88 0.124
18 24 0.185
18 30 0.203
18 35 0.168
18 46 0.135
18 49 0.108
18 57 0.156
18 76 0.198
18 87 0.194
18 96 0.016
18 19 0.2
18 26 0.189
18 29 0.11
18 33 0.166
18 37 0.154
18 38 0.138
18 40 0.176
18 51 0.168
18 52 0.131
18 56 0.11
18 59 0.13
18 61 0.14
18 65 0.183
18 66 0.166
18 73 0.116
18 78 0.107
18 80 0.211
18 84 0.158
18 92 0.086
19 26 0.72
19 36 1
19 82 0.743
19 62 0.087
19 54 0.227
19 58 0.02
19 79 0.137
19 28 0.152
19 40 0.134
19 51 0.213
19 56 0.151
19 57 0.105
19 68 0.119
19 70 0.19
19 80 0.125
19 81 0.121
19 21 0.191
19 25 0.108
19 34 0.178
19 39 0.171
19 45 0.139
19 47 0.118
19 48 0.14
19 53 0.103
19 61 0.156
19 63 0.199
19 69 0.162
19 72 0.133
19 76 0.15
19 78 0.154
19 83 0.084
19 85 0.173
19 87 0.167
19 95 0.165
20 47 0.545
20 71 0.771
20 48 0.529
20 42 0.532
20 22 0.531
20 31 0.154
20 78 0.47
20 32 0.198
20 59 0.184
20 86 0.035
20 50 0.191
20 56 0.131
20 61 0.118
20 72 0.157
20 74 0.171
20 77 0.172
20 80 0.077
20 82 0.17
20 25 0.165
20 28 0.155
20 33 0.19
20 43 0.186
20 44 0.164
20 51 0.145
20 53 0.179
20 54 0.133
20 58 0.153
20 60 0.19
20 65 0.127
20 66 0.152
20 67 0.135
20 69 0.152
20 89 0.15
20 93 0.15
20 99 0.132
21 44 0.847
21 56 0.788
21 80 0.776
21 35 0.103
21 26 0.032
21 36 0.166
21 37 0.115
21 38 0.186
21 47 0.294
21 58 0.206
21 59 0.078
21 67 0.007
21 88 0.078
21 90 0.152
21 23 0.182
21 25 0.139
21 30 0.141
21 31 0.137
21 33 0.112
21 34 0.159
21 41 0.121
21 45 0.134
21 48 0.155
21 52 0.186
21 55 0.198
21 61 0.176
21 62 0.152
21 70 0.12
21 75 0.167
21 76 0.164
21 77 0.143
21 78 0.051
21 83 0.191
21 86 0.14
21 87 0.15
21 89 0.118
21 94 0.104
21 97 0.136
21 98 0.132
22 50 0.984
22 63 0.87
22 80 0.857
22 30 0.913
22 91 0.033
22 33 0.13
22 56 0.144
22 72 0.272
22 93 0.291
22 35 0.338
22 46 0.145
22 57 0.385
22 83 0.164
22 86 0.104
22 25 0.162
22 37 0.138
22 38 0.134
22 39 0.148
22 40 0.167
22 45 0.103
22 47 0.169
22 49 0.157
22 55 0.132
22 62 0.118
22 65 0.171
22 70 0.156
22 73 0.164
22 81 0.19
22 85 0.187
22 87 0.073
22 89 0.186
22 98 0.144
23 46 0.724
23 89 0.189
23 26 0.046
23 35 0.19
23 59 0.32
23 29 0.119
23 38 0.145
23 54 0.282
23 77 0.217
23 31 0.161
23 41 0.194
23 42 0.119
23 55 0.164
23 61 0.144
23 64 0.148
23 66 0.107
23 68 0.129
23 75 0.087
23 78 0.162
23 83 0.18
23 84 0.182
23 85 0.145
23 93 0.131
24 55 0.728
24 58 0.791
24 65 0.49
24 29 0.14
24 35 0.087
24 71 0.194
24 26 0.176
24 28 0.176
24 30 0.153
24 39 0.131
24 40 0.158
24 41 0.169
24 42 0.171
24 43 0.142
24 44 0.115
24 49 0.18
24 60 0.14
24 61 0.182
24 69 0.128
24 74 0.122
24 75 0.124
24 81 0.151
24 85 0.141
24 87 0.134
24 95 0.145
24 97 0.144
25 48 0.043
25 65 0.12
25 55 0.279
25 37 0.029
25 47 0.125
25 82 0.218
25 85 0.189
25 88 0.003
25 93 0.266
25 94 0.149
25 31 0.119
25 32 0.143
25 34 0.25
25 35 0.119
25 42 0.213
25 45 0.152
25 46 0.166
25 51 0.173
25 53 0.166
25 58 0.17
25 66 0.141
25 75 0.164
25 79 0.165
25 80 0.139
25 86 0.167
25 89 0.169
25 91 0.145
25 95 0.171
25 97 0.124
26 30 0.717
26 45 0.672
26 82 0.067
26 85 0.316
26 66 0.011
26 78 0.024
26 87 0.074
26 27 0.166
26 29 0.269
26 51 0.182
26 81 0.181
26 89 0.191
26 90 0.146
26 95 0.198
26 31 0.132
26 35 0.215
26 36 0.139
26 38 0.159
26 39 0.186
26 42 0.137
26 49 0.151
26 50 0.103
26 52 0.162
26 53 0.183
26 54 0.173
26 56 0.1
26 62 0.15
26 63 0.151
26 65 0.169
26 67 0.113
26 70 0.211
26 73 0.137
26 77 0.181
26 83 0.156
26 86 0.131
26 99 0.15
27 51 0.621
27 67 0.699
27 54 0.223
27 73 0.099
27 92 0.164
27 95 0.263
27 53 0.023
27 61 0.165
27 64 0.343
27 68 0.147
27 94 0.297
27 32 0.169
27 42 0.116
27 46 0.174
27 50 0.188
27 55 0.145
27 57 0.219
27 58 0.175
27 66 0.19
27 71 0.186
27 72 0.119
27 74 0.152
27 79 0.114
27 83 0.114
27 88 0.174
27 89 0.229
27 97 0.195
28 31 0.899
28 41 0.957
28 65 0.569
28 92 0.584
28 33 0.945
28 77 0.213
28 73 0.26
28 76 0.038
28 86 0.06
28 87 0.229
28 95 0.062
28 53 0.133
28 68 0.2
28 29 0.12
28 32 0.169
28 35 0.13
28 37 0.167
28 40 0.157
28 43 0.082
28 44 0.163
28 45 0.106
28 46 0.149
28 52 0.128
28 55 0.108
28 59 0.185
28 67 0.216
28 69 0.129
28 70 0.148
28 82 0.128
28 89 0.116
28 90 0.242
28 91 0.165
28 93 0.164
28 98 0.14
28 99 0.15
29 39 0.849
29 59 0.831
29 71 0.15
29 36 0.264
29 38 0.191
29 70 0.184
29 92 0.165
29 42 0.064
29 45 0.187
29 72 0.103
29 73 0.149
29 76 0.05
29 80 0.161
29 83 0.134
29 86 0.185
29 89 0.133
29 90 0.197
29 32 0.165
29 33 0.107
29 35 0.162
29 40 0.128
29 43 0.144
29 49 0.105
29 50 0.113
29 54 0.202
29 62 0.153
29 65 0.165
29 68 0.181
29 69 0.122
29 81 0.13
29 85 0.166
29 87 0.17
29 91 0.127
29 93 0.163
29 96 0.139
30 33 0.662
30 38 1
30 44 0.845
30 98 0.838
30 41 0.107
30 64 0.119
30 78 0.003
30 82 0.101
30 53 0.115
30 61 0.272
30 85 0.227
30 46 0.144
30 47 0.197
30 56 0.117
30 70 0.149
30 74 0.133
30 88 0.307
30 34 0.135
30 37 0.126
30 40 0.12
30 43 0.172
30 49 0.099
30 50 0.191
30 54 0.174
30 62 0.11
30 66 0.201
30 67 0.139
30 69 0.183
30 71 0.149
30 76 0.182
30 83 0.107
30 84 0.105
30 89 0.14
30 95 0.091
30 97 0.203
31 39 1
31 90 1
31 91 0.674
31 85 0.093
31 52 0.074
31 81 0.126
31 37 0.531
31 54 0.091
31 67 0.113
31 74 0.14
31 84 0.052
31 48 0.143
31 58 0.133
31 61 0.109
31 65 0.183
31 66 0.162
31 70 0.16
31 73 0.154
31 80 0.114
31 82 0.134
31 83 0.197
31 86 0.151
31 87 0.148
31 98 0.171
31 99 0.12
32 86 0.984
32 93 0.847
32 45 0.097
32 33 0.274
32 44 0.114
32 51 0.088
32 62 0.089
32 72 0.232
32 73 0.228
32 81 0.113
32 90 0.191
32 34 0.15
32 35 0.141
32 37 0.173
32 38 0.137
32 46 0.171
32 56 0.111
32 58 0.177
32 60 0.201
32 66 0.128
32 71 0.147
32 77 0.135
32 79 0.172
32 83 0.148
32 87 0.16
32 89 0.147
32 91 0.149
32 92 0.145
32 98 0.12
33 92 1
33 96 0.744
33 44 0.15
33 86 0.159
33 87 0.1
33 34 0.157
33 61 0.323
33 62 0.236
33 71 0.132
33 79 0.141
33 89 0.139
33 40 0.167
33 42 0.172
33 48 0.162
33 49 0.147
33 51 0.181
33 53 0.129
33 55 0.159
33 56 0.148
33 57 0.116
33 58 0.189
33 65 0.15
33 69 0.144
33 74 0.098
33 76 0.221
33 80 0.129
33 85 0.126
33 90 0.162
33 91 0.187
33 95 0.131
34 67 1
34 76 0.705
34 78 0.948
34 86 0.911
34 98 0.953
34 90 0.891
34 55 0.028
34 69 0.212
34 83 0.225
34 97 0.166
34 47 0.177
34 60 0.182
34 53 0.159
34 54 0.02
34 56 0.156
34 80 0.23
34 95 0.119
34 35 0.155
34 36 0.117
34 37 0.129
34 40 0.115
34 42 0.189
34 50 0.15
34 62 0.166
34 63 0.165
34 64 0.214
34 68 0.097
34 71 0.162
34 73 0.149
34 75 0.157
34 92 0.118
34 94 0.183
35 57 0.984
35 42 0.119
35 55 0.172
35 47 0.387
35 37 0.175
35 46 0.167
35 60 0.173
35 80 0.244
35 89 0.178
35 45 0.119
35 62 0.172
35 81 0.144
35 87 0.169
35 88 0.158
35 90 0.175
35 95 0.197
36 60 1
36 69 0.979
36 41 0.078
36 62 0.225
36 83 0.031
36 53 0.128
36 70 0.164
36 87 0.158
36 91 0.119
36 37 0.113
36 38 0.139
36 42 0.118
36 44 0.15
36 45 0.117
36 47 0.137
36 49 0.126
36 51 0.172
36 54 0.191
36 55 0.143
36 59 0.169
36 63 0.108
36 71 0.156
36 74 0.118
36 76 0.165
36 77 0.156
36 78 0.108
36 80 0.15
36 90 0.126
36 94 0.142
36 97 0.194
37 57 0.645
37 63 0.845
37 74 1
37 78 0.791
37 79 0.762
37 65 0.123
37 41 0.193
37 77 0.051
37 80 0.329
37 95 0.158
37 97 0.226
37 40 0.133
37 46 0.129
37 48 0.163
37 52 0.168
37 54 0.119
37 56 0.167
37 61 0.178
37 62 0.081
37 64 0.135
37 67 0.182
37 81 0.148
37 83 0.119
37 84 0.145
37 86 0.146
37 89 0.207
38 76 0.925
38 47 0.019
38 49 0.084
38 50 0.123
38 97 0.132
38 98 0.186
38 69 0.193
38 70 0.112
38 93 0.114
38 96 0.193
38 39 0.181
38 40 0.155
38 41 0.151
38 43 0.146
38 45 0.176
38 48 0.148
38 52 0.094
38 62 0.133
38 63 0.094
38 65 0.17
38 67 0.158
38 71 0.188
38 75 0.163
38 79 0.136
38 81 0.146
38 85 0.144
38 86 0.142
38 88 0.127
39 42 1
39 48 1
39 73 0.585
39 57 0.036
39 77 0.142
39 56 0.27
39 59 0.145
39 62 0.146
39 74 0.117
39 79 0.054
39 80 0.266
39 45 0.143
39 50 0.161
39 58 0.125
39 60 0.144
39 64 0.183
39 67 0.142
39 68 0.151
39 70 0.196
39 72 0.15
39 76 0.135
39 81 0.175
39 82 0.167
39 87 0.166
39 90 0.18
39 92 0.145
39 94 0.172
39 95 0.117
39 98 0.134
40 48 1
40 75 0.211
40 69 0.301
40 97 0.32
40 86 0.06
40 52 0.21
40 92 0.436
40 50 0.155
40 54 0.254
40 71 0.262
40 82 0.104
40 95 0.15
40 98 0.027
40 42 0.104
40 46 0.109
40 49 0.163
40 53 0.149
40 57 0.14
40 61 0.129
40 65 0.193
40 68 0.207
40 72 0.158
40 74 0.17
40 78 0.108
41 78 0.045
41 94 0.361
41 45 0.329
41 59 0.179
41 51 0.149
41 63 0.161
41 68 0.162
41 69 0.168
41 70 0.001
41 71 0.131
41 77 0.166
41 79 0.164
41 82 0.172
41 89 0.143
41 93 0.125
41 96 0.094
41 99 0.164
41 42 0.135
41 43 0.116
41 44 0.125
41 49 0.141
41 56 0.172
41 64 0.117
41 66 0.161
41 73 0.168
41 92 0.087
41 98 0.172
42 85 0.15
42 45 0.281
42 50 0.163
42 52 0.151
42 60 0.246
42 51 0.141
42 62 0.044
42 71 0.17
42 80 0.14
42 97 0.285
42 43 0.139
42 61 0.097
42 63 0.167
42 64 0.149
42 66 0.145
42 69 0.115
42 74 0.189
42 76 0.198
42 77 0.181
42 78 0.093
42 84 0.091
42 89 0.195
42 91 0.175
43 45 0.786
43 77 0.674
43 86 0.694
43 99 0.151
43 78 0.079
43 90 0.056
43 54 0.112
43 58 0.163
43 65 0.13
43 74 0.112
43 75 0.167
43 80 0.201
43 89 0.085
43 96 0.164
43 51 0.141
43 55 0.14
43 62 0.113
43 64 0.125
43 69 0.124
43 70 0.19
43 76 0.142
43 87 0.176
43 88 0.207
43 92 0.156
43 94 0.144
43 97 0.143
44 97 0.814
44 61 0.18
44 50 0.142
44 47 0.23
44 51 0.025
44 69 0.127
44 55 0.155
44 76 0.1
44 80 0.15
44 49 0.166
44 56 0.138
44 58 0.089
44 60 0.132
44 67 0.159
44 71 0.147
44 75 0.091
44 79 0.162
44 84 0.173
44 85 0.157
44 88 0.126
44 95 0.177
45 75 0.944
45 46 0.212
45 57 0.127
45 60 0.134
45 63 0.106
45 81 0.192
45 47 0.163
45 49 0.064
45 54 0.147
45 61 0.15
45 66 0.107
45 67 0.137
45 68 0.11
45 70 0.128
45 74 0.134
45 83 0.133
45 91 0.139
45 92 0.101
45 94 0.148
46 66 0.678
46 92 0.955
46 93 0.928
46 56 0.187
46 87 0.16
46 88 0.173
46 94 0.118
46 99 0.111
46 47 0.169
46 74 0.094
46 51 0.119
46 58 0.136
46 59 0.143
46 60 0.179
46 61 0.17
46 65 0.126
46 67 0.134
46 73 0.136
46 75 0.123
46 80 0.142
46 85 0.186
46 86 0.144
46 96 0.174
46 97 0.077
46 98 0.18
47 55 1
47 65 1
47 72 0.618
47 80 0.564
47 89 0.92
47 95 0.886
47 51 0.042
47 49 0.126
47 67 0.362
47 78 0.072
47 93 0.139
47 63 0.279
47 76 0.246
47 79 0.164
47 50 0.154
47 56 0.141
47 62 0.164
47 69 0.125
47 73 0.151
47 75 0.167
47 83 0.167
47 88 0.197
47 90 0.105
47 92 0.133
47 94 0.136
47 97 0.132
48 88 0.313
48 51 0.181
48 56 0.202
48 63 0.125
48 81 0.158
48 84 0.221
48 90 0.112
48 94 0.116
48 50 0.144
48 52 0.135
48 54 0.189
48 61 0.121
48 62 0.112
48 65 0.179
48 77 0.146
48 89 0.146
48 98 0.157
48 99 0.164
49 79 0.535
49 83 0.885
49 74 0.137
49 51 0.137
49 76 0.002
49 92 0.023
49 93 0.104
49 56 0.16
49 63 0.252
49 71 0.132
49 82 0.142
49 85 0.154
49 86 0.162
49 87 0.01
49 88 0.091
49 52 0.109
49 57 0.171
49 58 0.161
49 68 0.123
49 73 0.13
49 77 0.148
49 84 0.138
49 89 0.133
49 95 0.158
49 96 0.087
50 57 0.976
50 82 0.398
50 88 0.04
50 59 0.123
50 61 0.14
50 83 0.104
50 95 0.045
50 99 0.011
50 56 0.143
50 58 0.162
50 64 0.149
50 66 0.165
50 76 0.139
50 77 0.165
50 80 0.168
50 93 0.192
50 94 0.158
50 96 0.139
50 97 0.159
51 93 1
51 98 0.954
51 75 0.82
51 63 0.237
51 67 0.272
51 55 0.156
51 58 0.168
51 62 0.124
51 68 0.141
51 94 0.168
51 95 0.125
51 96 0.019
51 53 0.116
51 54 0.143
51 57 0.198
51 70 0.105
51 73 0.168
51 77 0.097
51 84 0.157
51 87 0.178
52 59 0.111
52 91 0.256
52 95 0.554
52 75 0.12
52 77 0.133
52 85 0.232
52 89 0.212
52 53 0.181
52 66 0.001
52 73 0.099
52 61 0.141
52 63 0.123
52 64 0.147
52 67 0.123
52 69 0.156
52 78 0.151
52 92 0.131
52 97 0.144
52 98 0.158
52 99 0.129
53 90 0.372
53 61 0.163
53 85 0.162
53 92 0.032
53 96 0.039
53 98 0.174
53 59 0.138
53 66 0.189
53 67 0.11
53 56 0.165
53 57 0.144
53 62 0.139
53 63 0.108
53 68 0.108
53 69 0.164
53 71 0.132
53 73 0.139
53 74 0.169
53 78 0.18
53 82 0.194
53 93 0.108
53 99 0.16
54 74 0.794
54 88 0.716
54 93 0.768
54 96 0.189
54 64 0.149
54 86 0.193
54 90 0.223
54 60 0.168
54 75 0.339
54 87 0.131
54 59 0.131
54 63 0.129
54 65 0.203
54 66 0.115
54 69 0.142
54 70 0.111
54 71 0.135
54 77 0.157
54 80 0.132
54 83 0.106
54 84 0.215
54 89 0.116
54 94 0.167
54 95 0.112
54 98 0.107
54 99 0.133
55 81 0.074
55 57 0.096
55 64 0.106
55 74 0.11
55 78 0.102
55 86 0.162
55 88 0.121
55 93 0.094
55 61 0.129
55 63 0.125
55 65 0.218
55 67 0.122
55 70 0.136
55 76 0.114
55 79 0.115
55 91 0.14
55 94 0.199
55 95 0.115
55 98 0.166
56 87 1
56 65 0.108
56 78 0.055
56 79 0.04
56 93 0.11
56 69 0.31
56 70 0.179
56 58 0.115
56 64 0.146
56 71 0.135
56 72 0.121
56 73 0.19
56 74 0.103
56 75 0.153
56 77 0.12
56 81 0.116
56 84 0.145
56 85 0.121
56 91 0.16
57 85 0.921
57 97 0.921
57 65 0.682
57 91 0.108
57 94 0.026
57 58 0.254
57 67 0.155
57 76 0.174
57 80 0.119
57 82 0.131
57 89 0.117
57 63 0.172
57 68 0.205
57 72 0.118
57 79 0.121
57 81 0.124
57 84 0.124
57 92 0.093
57 99 0.164
58 98 0.748
58 83 0.14
58 64 0.12
58 67 0.169
58 72 0.058
58 74 0.136
58 77 0.19
58 81 0.208
58 82 0.143
58 86 0.129
58 92 0.188
58 93 0.14
59 73 0.736
59 77 0.759
59 61 0.16
59 87 0.103
59 72 0.23
59 80 0.167
59 88 0.134
59 97 0.031
59 60 0.16
59 76 0.136
59 83 0.124
59 85 0.119
59 89 0.151
59 95 0.158
59 96 0.131
59 98 0.157
59 99 0.216
60 81 0.863
60 66 0.144
60 72 0.129
60 88 0.106
60 65 0.202
60 89 0.132
60 96 0.154
60 61 0.155
60 62 0.086
60 63 0.128
60 64 0.146
60 68 0.139
60 70 0.147
60 73 0.165
60 82 0.175
60 87 0.15
60 94 0.205
60 95 0.151
60 98 0.131
61 88 1
61 67 0.034
61 71 0.153
61 75 0.171
61 86 0.118
61 90 0.131
61 91 0.195
61 97 0.225
61 64 0.122
61 65 0.165
61 69 0.181
61 70 0.132
61 76 0.182
61 77 0.149
61 87 0.126
61 94 0.119
61 98 0.149
62 70 0.712
62 84 0.871
62 93 0.126
62 94 0.119
62 99 0.121
62 67 0.173
62 77 0.166
62 78 0.162
62 82 0.125
62 90 0.151
62 91 0.158
62 98 0.165
63 93 0.835
63 96 0.295
63 86 0.252
63 70 0.339
63 64 0.117
63 65 0.183
63 67 0.177
63 72 0.125
63 77 0.118
63 81 0.121
63 87 0.164
63 92 0.147
64 70 0.79
64 80 0.288
64 89 0.171
64 69 0.147
64 72 0.087
64 76 0.107
64 79 0.117
64 83 0.137
64 98 0.103
64 65 0.145
64 73 0.119
64 74 0.16
64 82 0.122
64 84 0.187
64 85 0.21
64 86 0.154
64 88 0.114
64 94 0.18
65 83 0.948
65 79 0.346
65 74 0.028
65 94 0.186
65 73 0.142
65 96 0.145
65 67 0.144
65 70 0.118
65 77 0.135
65 82 0.22
65 84 0.159
65 88 0.159
65 89 0.168
65 97 0.186
65 99 0.176
66 84 0.726
66 87 0.153
66 97 0.16
66 67 0.144
66 68 0.122
66 69 0.127
66 70 0.158
66 73 0.139
66 74 0.133
66 86 0.158
66 89 0.1
66 93 0.166
66 99 0.183
67 73 0.566
67 87 1
67 93 0.865
67 99 0.932
67 77 0.42
67 89 0.28
67 86 0.137
67 69 0.14
67 70 0.161
67 72 0.129
67 81 0.167
67 82 0.134
67 83 0.188
67 85 0.174
67 91 0.142
67 92 0.16
67 95 0.176
67 96 0.194
68 82 0.757
68 95 0.459
68 73 0.121
68 79 0.209
68 81 0.153
68 72 0.207
68 75 0.145
68 78 0.152
68 88 0.107
68 89 0.143
69 71 0.732
69 84 0.91
69 79 0.116
69 98 0.046
69 78 0.162
69 80 0.081
69 92 0.108
69 70 0.153
69 72 0.141
69 74 0.11
69 77 0.203
69 83 0.188
69 88 0.217
69 89 0.134
70 84 0.793
70 83 0.246
70 85 0.148
70 86 0.121
70 97 0.128
70 82 0.156
70 88 0.172
70 98 0.147
70 99 0.165
71 95 0.862
71 78 0.096
71 80 0.169
71 81 0.155
71 86 0.122
71 89 0.256
71 98 0.069
71 74 0.092
71 75 0.181
71 76 0.159
71 77 0.15
71 82 0.203
71 85 0.136
71 88 0.109
71 93 0.12
71 99 0.195
72 93 0.731
72 98 0.815
72 89 0.201
72 81 0.147
72 83 0.094
72 86 0.18
72 99 0.192
72 90 0.13
72 95 0.116
72 97 0.157
73 93 0.735
73 89 0.15
73 90 0.174
73 83 0.186
73 75 0.141
73 76 0.162
73 77 0.192
73 79 0.176
73 84 0.193
73 87 0.111
73 98 0.143
74 88 0.199
74 94 0.129
74 79 0.21
74 84 0.239
74 85 0.222
74 97 0.168
74 80 0.177
74 82 0.193
74 86 0.104
74 91 0.141
74 92 0.162
74 99 0.109
75 86 1
75 82 0.028
75 90 0.142
75 76 0.168
75 81 0.132
75 77 0.132
75 78 0.136
75 85 0.19
75 88 0.162
75 89 0.159
76 95 0.679
76 97 0.701
76 91 0.18
76 86 0.155
76 90 0.266
76 92 0.131
76 93 0.126
76 82 0.134
76 85 0.129
76 89 0.237
76 98 0.169
77 80 0.238
77 78 0.101
77 79 0.175
77 86 0.144
77 96 0.173
77 99 0.117
78 79 0.749
78 91 0.816
78 82 0.327
78 93 0.189
78 98 0.187
78 85 0.177
79 82 0.634
79 85 0.717
79 87 0.951
79 81 0.447
79 83 0.217
79 88 0.227
79 86 0.128
79 90 0.119
79 91 0.109
79 93 0.163
79 95 0.152
79 98 0.14
80 91 0.314
80 86 0.204
80 82 0.379
80 93 0.149
81 97 0.625
81 88 0.144
81 90 0.184
81 89 0.107
81 91 0.124
81 93 0.17
81 95 0.085
81 82 0.17
81 83 0.154
81 84 0.189
81 96 0.108
82 84 1
82 85 0.094
82 91 0.076
82 90 0.122
82 95 0.155
83 89 0.802
83 94 1
83 88 0.489
83 92 0.174
83 85 0.152
83 95 0.135
83 98 0.112
83 99 0.185
84 85 0.181
84 88 0.164
84 91 0.138
84 92 0.167
84 93 0.145
84 94 0.135
84 96 0.188
84 98 0.151
85 94 0.132
85 97 0.115
85 86 0.156
85 89 0.131
85 90 0.184
86 89 0.848
86 92 0.187
86 93 0.189
86 90 0.144
86 91 0.165
86 94 0.124
86 96 0.122
86 97 0.195
87 94 0.133
87 95 0.125
87 99 0.129
87 89 0.122
87 93 0.136
87 97 0.209
87 98 0.071
88 92 0.031
88 90 0.166
88 99 0.165
88 94 0.189
88 96 0.177
89 95 0.507
89 99 0.204
89 90 0.14
89 92 0.178
89 93 0.107
89 94 0.112
89 96 0.111
89 98 0.117
90 91 0.147
90 99 0.185
90 92 0.136
90 93 0.174
90 98 0.158
91 97 0.124
91 95 0.144
91 98 0.164
91 99 0.123
92 99 0.242
92 95 0.176
92 93 0.172
92 94 0.149
92 97 0.097
93 96 0.206
93 95 0.141
94 98 0.169
95 98 0.191
96 98 0.168
97 99 0.195
98 99 0.847
