0 93 0.635
0 53 0.594
0 60 0.838
0 23 0.959
0 77 0.283
0 22 0.189
0 87 0.179
0 30 0.212
0 38 0.176
0 47 0.093
0 68 0.128
0 27 0.138
0 40 0.153
0 72 0.139
0 75 0.173
0 6 0.174
0 37 0.218
0 39 0.202
0 42 0.142
0 52 0.223
0 59 0.244
0 71 0.228
0 73 0.154
0 76 0.209
0 90 0.18
0 95 0.128
0 97 0.173
0 3 0.116
0 5 0.202
0 14 0.118
0 15 0.186
0 17 0.171
0 19 0.2
0 21 0.154
0 24 0.157
0 26 0.165
0 32 0.139
0 41 0.192
0 43 0.146
0 48 0.125
0 67 0.132
0 78 0.168
0 84 0.163
1 52 0.539
1 85 0.583
1 46 0.763
1 36 0.635
1 34 0.538
1 56 0.59
1 21 0.191
1 94 0.202
1 57 0.158
1 63 0.16
1 77 0.134
1 95 0.229
1 8 0.132
1 16 0.131
1 20 0.214
1 29 0.192
1 32 0.252
1 43 0.163
1 48 0.105
1 58 0.214
1 66 0.155
1 73 0.138
1 76 0.159
1 82 0.144
1 84 0.14
1 86 0.143
1 5 0.149
1 7 0.158
1 11 0.127
1 15 0.149
1 19 0.112
1 22 0.174
1 24 0.137
1 25 0.127
1 28 0.115
1 44 0.186
1 47 0.125
1 49 0.161
1 50 0.151
1 54 0.161
1 62 0.113
1 72 0.173
1 80 0.132
1 81 0.159
1 91 0.16
1 96 0.151
2 17 0.991
2 59 0.998
2 22 0.542
2 43 0.705
2 71 0.913
2 39 0.743
2 50 0.855
2 35 0.702
2 79 0.566
2 42 0.199
2 72 0.163
2 16 0.1
2 66 0.178
2 7 0.176
2 13 0.164
2 64 0.139
2 67 0.181
2 73 0.135
2 82 0.144
2 84 0.127
2 10 0.212
2 11 0.117
2 18 0.103
2 19 0.123
2 21 0.125
2 24 0.181
2 25 0.161
2 27 0.124
2 28 0.164
2 30 0.189
2 33 0.126
2 41 0.117
2 44 0.119
2 45 0.159
2 49 0.179
2 63 0.132
2 68 0.155
2 69 0.172
2 74 0.145
2 77 0.223
2 78 0.098
2 80 0.19
2 83 0.096
2 90 0.142
2 91 0.087
2 92 0.183
2 95 0.154
3 57 0.749
3 6 0.897
3 94 1
3 59 0.903
3 77 0.969
3 56 0.847
3 31 0.55
3 40 0.137
3 72 0.171
3 58 0.18
3 97 0.147
3 96 0.178
3 29 0.145
3 48 0.204
3 81 0.119
3 84 0.229
3 14 0.161
3 21 0.106
3 27 0.167
3 28 0.15
3 32 0.157
3 44 0.112
3 67 0.197
3 80 0.153
3 82 0.167
3 91 0.164
3 98 0.001
3 7 0.125
3 9 0.221
3 19 0.15
3 20 0.148
3 22 0.158
3 35 0.179
3 36 0.154
3 37 0.11
3 42 0.158
3 47 0.183
3 60 0.196
3 62 0.08
3 68 0.155
3 71 0.206
3 86 0.071
3 88 0.07
3 90 0.143
3 92 0.174
3 99 0.138
4 66 0.565
4 78 1
4 58 0.817
4 65 0.77
4 35 0.54
4 82 0.628
4 44 0.685
4 54 0.079
4 99 0.219
4 27 0.17
4 90 0.187
4 97 0.143
4 46 0.159
4 73 0.211
4 12 0.118
4 24 0.189
4 40 0.113
4 42 0.14
4 79 0.12
4 86 0.125
4 88 0.115
4 8 0.183
4 20 0.2
4 23 0.193
4 25 0.138
4 29 0.07
4 36 0.151
4 41 0.098
4 45 0.153
4 48 0.164
4 62 0.155
4 64 0.149
4 67 0.133
4 70 0.155
4 74 0.148
4 75 0.213
4 76 0.145
4 81 0.149
4 83 0.103
4 84 0.146
4 85 0.083
4 95 0.131
5 26 0.794
5 63 0.818
5 99 0.712
5 13 0.534
5 40 0.598
5 89 0.158
5 9 0.154
5 18 0.177
5 53 0.141
5 70 0.136
5 76 0.067
5 24 0.183
5 25 0.135
5 28 0.141
5 32 0.118
5 42 0.154
5 43 0.245
5 49 0.126
5 56 0.207
5 62 0.176
5 65 0.153
5 85 0.251
5 90 0.166
5 7 0.149
5 8 0.149
5 12 0.184
5 20 0.141
5 21 0.134
5 22 0.081
5 30 0.147
5 31 0.152
5 33 0.139
5 34 0.153
5 35 0.145
5 36 0.154
5 37 0.148
5 38 0.169
5 39 0.145
5 47 0.14
5 51 0.16
5 55 0.159
5 58 0.105
5 59 0.14
5 66 0.138
5 67 0.165
5 72 0.131
5 75 0.137
5 80 0.15
5 81 0.182
5 82 0.163
5 92 0.172
5 95 0.146
6 67 0.958
6 64 0.529
6 84 0.813
6 53 0.748
6 74 0.956
6 8 0.69
6 24 0.69
6 13 0.516
6 32 0.154
6 11 0.243
6 16 0.129
6 22 0.114
6 35 0.163
6 38 0.286
6 52 0.236
6 69 0.178
6 17 0.154
6 30 0.17
6 37 0.118
6 61 0.14
6 62 0.182
6 66 0.141
6 72 0.168
6 76 0.192
6 77 0.15
6 78 0.137
6 81 0.132
6 98 0.096
6 99 0.059
6 9 0.137
6 10 0.176
6 12 0.128
6 19 0.17
6 23 0.126
6 26 0.122
6 28 0.186
6 34 0.186
6 36 0.143
6 45 0.152
6 47 0.173
6 51 0.105
6 56 0.069
6 57 0.147
6 63 0.093
6 68 0.158
6 70 0.241
6 71 0.131
6 79 0.118
6 82 0.15
6 88 0.122
6 90 0.145
6 92 0.126
6 95 0.181
6 96 0.135
7 14 0.933
7 74 0.834
7 34 0.939
7 83 0.722
7 29 0.747
7 17 0.592
7 16 0.536
7 9 0.161
7 36 0.079
7 63 0.065
7 84 0.119
7 11 0.143
7 33 0.175
7 57 0.145
7 59 0.13
7 97 0.144
7 25 0.124
7 28 0.119
7 43 0.082
7 54 0.113
7 67 0.181
7 78 0.126
7 85 0.317
7 10 0.197
7 12 0.096
7 13 0.179
7 19 0.177
7 27 0.11
7 31 0.179
7 42 0.182
7 58 0.127
7 62 0.142
7 66 0.144
7 68 0.133
7 72 0.168
7 73 0.077
7 76 0.136
7 77 0.149
7 80 0.117
7 81 0.156
7 82 0.115
7 86 0.141
7 89 0.139
7 90 0.157
7 92 0.136
7 93 0.177
7 98 0.156
8 14 0.859
8 33 0.919
8 57 0.603
8 43 1
8 77 1
8 30 0.141
8 13 0.102
8 21 0.175
8 35 0.221
8 60 0.156
8 17 0.132
8 18 0.178
8 27 0.128
8 39 0.199
8 75 0.142
8 80 0.126
8 84 0.157
8 95 0.133
8 96 0.123
8 9 0.143
8 10 0.121
8 11 0.148
8 16 0.161
8 19 0.128
8 22 0.117
8 24 0.142
8 26 0.158
8 29 0.149
8 31 0.226
8 38 0.122
8 45 0.132
8 46 0.149
8 48 0.156
8 49 0.175
8 50 0.136
8 58 0.16
8 62 0.157
8 65 0.166
8 71 0.185
8 74 0.15
8 78 0.159
8 82 0.156
8 83 0.173
8 85 0.153
8 88 0.128
8 90 0.169
8 91 0.176
8 92 0.157
8 97 0.155
8 98 0.106
9 33 0.724
9 52 1
9 71 0.625
9 38 0.576
9 97 1
9 35 0.624
9 56 0.611
9 10 0.734
9 50 0.927
9 75 0.567
9 31 0.013
9 32 0.09
9 66 0.132
9 70 0.265
9 76 0.182
9 18 0.124
9 20 0.097
9 44 0.145
9 49 0.203
9 53 0.145
9 59 0.105
9 62 0.112
9 80 0.161
9 83 0.156
9 87 0.188
9 91 0.142
9 94 0.141
9 11 0.129
9 15 0.184
9 16 0.123
9 21 0.147
9 24 0.162
9 26 0.187
9 29 0.162
9 30 0.203
9 43 0.107
9 45 0.109
9 47 0.205
9 54 0.172
9 72 0.128
9 74 0.166
9 78 0.192
9 81 0.2
9 88 0.184
9 90 0.118
9 92 0.117
10 29 0.67
10 84 0.702
10 87 0.848
10 81 0.592
10 51 1
10 17 0.678
10 53 0.78
10 72 0.754
10 30 0.662
10 48 0.584
10 73 0.084
10 78 0.144
10 82 0.112
10 98 0.073
10 22 0.094
10 33 0.118
10 67 0.155
10 96 0.146
10 12 0.182
10 13 0.108
10 23 0.191
10 26 0.104
10 35 0.164
10 54 0.132
10 61 0.179
10 75 0.133
10 97 0.148
10 18 0.057
10 24 0.117
10 28 0.136
10 32 0.154
10 36 0.158
10 37 0.141
10 44 0.118
10 45 0.108
10 46 0.128
10 49 0.203
10 52 0.178
10 55 0.148
10 56 0.174
10 63 0.119
10 65 0.111
10 69 0.182
10 74 0.18
10 77 0.138
10 80 0.173
10 86 0.13
10 88 0.138
10 91 0.172
11 70 0.939
11 87 0.744
11 15 0.84
11 79 0.806
11 63 0.706
11 69 0.858
11 14 1
11 78 0.879
11 88 0.615
11 61 0.612
11 18 0.578
11 90 0.142
11 48 0.156
11 60 0.156
11 97 0.215
11 51 0.134
11 54 0.089
11 94 0.145
11 23 0.19
11 24 0.147
11 34 0.164
11 36 0.188
11 47 0.136
11 50 0.157
11 85 0.203
11 25 0.102
11 26 0.173
11 27 0.169
11 29 0.164
11 30 0.165
11 31 0.147
11 33 0.147
11 37 0.144
11 40 0.142
11 46 0.127
11 53 0.173
11 56 0.203
11 64 0.124
11 65 0.164
11 66 0.141
11 72 0.157
11 74 0.186
11 76 0.158
11 77 0.135
11 81 0.155
11 84 0.161
11 91 0.159
11 92 0.15
12 81 1
12 85 0.557
12 28 0.856
12 53 0.554
12 38 0.969
12 67 0.78
12 19 0.552
12 72 0.14
12 97 0.172
12 21 0.09
12 33 0.153
12 77 0.17
12 89 0.163
12 14 0.133
12 17 0.163
12 37 0.027
12 54 0.217
12 65 0.122
12 16 0.125
12 18 0.099
12 22 0.136
12 23 0.095
12 26 0.147
12 27 0.166
12 29 0.158
12 34 0.141
12 43 0.124
12 45 0.153
12 49 0.114
12 55 0.202
12 56 0.12
12 57 0.134
12 61 0.15
12 64 0.154
12 74 0.171
12 76 0.19
12 80 0.191
12 86 0.099
12 92 0.148
12 93 0.158
12 95 0.132
13 43 0.728
13 74 1
13 23 0.574
13 99 0.874
13 28 0.73
13 34 0.794
13 78 0.605
13 90 0.592
13 69 0.658
13 48 0.305
13 59 0.118
13 92 0.146
13 15 0.151
13 47 0.118
13 66 0.167
13 14 0.133
13 18 0.12
13 19 0.143
13 21 0.162
13 64 0.142
13 79 0.134
13 81 0.14
13 89 0.112
13 91 0.126
13 16 0.111
13 17 0.169
13 22 0.238
13 27 0.18
13 30 0.07
13 41 0.171
13 42 0.178
13 44 0.118
13 50 0.119
13 51 0.143
13 52 0.138
13 54 0.129
13 55 0.143
13 58 0.162
13 67 0.136
13 68 0.142
13 73 0.19
13 83 0.101
13 84 0.143
14 68 0.939
14 16 0.744
14 64 0.874
14 85 0.837
14 71 0.829
14 41 0.581
14 54 0.57
14 29 0.631
14 38 0.579
14 93 0.161
14 49 0.114
14 22 0.127
14 56 0.19
14 33 0.183
14 50 0.208
14 65 0.213
14 15 0.184
14 20 0.154
14 24 0.152
14 27 0.161
14 42 0.18
14 61 0.16
14 72 0.173
14 89 0.185
14 97 0.182
14 21 0.162
14 26 0.094
14 32 0.132
14 36 0.155
14 39 0.171
14 40 0.171
14 47 0.113
14 57 0.179
14 58 0.144
14 59 0.179
14 60 0.125
14 63 0.194
14 66 0.181
14 73 0.178
14 76 0.152
14 77 0.132
14 78 0.168
14 79 0.136
14 82 0.16
14 83 0.136
14 84 0.172
14 86 0.15
14 91 0.133
14 99 0.18
15 42 1
15 97 0.625
15 80 0.606
15 28 0.629
15 31 0.705
15 95 0.78
15 75 0.152
15 20 0.175
15 35 0.138
15 51 0.149
15 71 0.161
15 81 0.172
15 16 0.118
15 57 0.175
15 64 0.156
15 69 0.136
15 78 0.142
15 87 0.154
15 88 0.115
15 18 0.13
15 23 0.174
15 25 0.149
15 30 0.155
15 32 0.094
15 34 0.162
15 38 0.201
15 43 0.151
15 45 0.228
15 46 0.146
15 48 0.159
15 49 0.201
15 53 0.129
15 56 0.171
15 58 0.166
15 60 0.16
15 62 0.125
15 63 0.168
15 70 0.199
15 83 0.17
15 86 0.155
15 89 0.173
15 91 0.151
15 92 0.159
15 93 0.167
15 94 0.143
15 96 0.157
15 99 0.09
16 66 0.589
16 81 0.665
16 69 1
16 59 0.943
16 30 0.826
16 24 0.084
16 31 0.101
16 33 0.187
16 94 0.234
16 98 0.138
16 25 0.159
16 29 0.074
16 37 0.118
16 45 0.173
16 78 0.139
16 89 0.105
16 17 0.183
16 19 0.131
16 21 0.204
16 22 0.145
16 26 0.098
16 32 0.175
16 35 0.069
16 36 0.17
16 41 0.127
16 44 0.194
16 49 0.145
16 51 0.185
16 53 0.126
16 54 0.186
16 55 0.139
16 61 0.099
16 62 0.134
16 65 0.128
16 68 0.134
16 70 0.071
16 71 0.195
16 73 0.145
16 75 0.122
16 79 0.163
16 80 0.173
16 82 0.132
16 83 0.157
16 84 0.204
16 92 0.17
16 93 0.212
16 96 0.179
16 97 0.151
17 93 1
17 68 1
17 26 0.726
17 40 0.916
17 42 0.63
17 45 0.561
17 96 0.907
17 30 0.625
17 58 0.658
17 39 0.678
17 57 0.089
17 41 0.145
17 73 0.103
17 94 0.305
17 18 0.1
17 43 0.098
17 44 0.143
17 85 0.138
17 95 0.093
17 19 0.157
17 20 0.168
17 23 0.154
17 24 0.186
17 29 0.203
17 37 0.179
17 46 0.166
17 47 0.182
17 48 0.154
17 49 0.136
17 51 0.164
17 52 0.101
17 53 0.147
17 55 0.089
17 60 0.179
17 64 0.145
17 69 0.125
17 74 0.18
17 78 0.118
17 79 0.147
17 81 0.098
17 82 0.147
17 83 0.188
17 90 0.144
17 91 0.145
17 98 0.114
17 99 0.202
18 80 1
18 41 0.588
18 51 0.631
18 74 1
18 42 0.666
18 91 0.728
18 33 0.804
18 94 0.78
18 30 0.726
18 27 0.189
18 68 0.157
18 79 0.163
18 95 0.097
18 20 0.155
18 24 0.155
18 25 0.174
18 28 0.144
18 36 0.163
18 38 0.179
18 54 0.135
18 61 0.174
18 87 0.098
18 99 0.163
18 19 0.2
18 22 0.129
18 26 0.183
18 34 0.184
18 37 0.141
18 47 0.155
18 49 0.154
18 56 0.152
18 57 0.168
18 59 0.156
18 63 0.133
18 65 0.092
18 67 0.194
18 69 0.114
18 70 0.168
18 71 0.188
18 72 0.101
18 73 0.192
18 76 0.161
18 81 0.125
18 82 0.094
18 83 0.149
18 85 0.176
18 86 0.168
19 90 0.714
19 32 0.59
19 68 0.799
19 92 0.791
19 55 0.778
19 95 0.976
19 35 0.525
19 23 0.515
19 22 0.699
19 84 0.021
19 34 0.128
19 39 0.169
19 40 0.147
19 45 0.148
19 50 0.187
19 53 0.164
19 58 0.109
19 74 0.117
19 83 0.119
19 89 0.196
19 94 0.16
19 98 0.193
19 25 0.14
19 26 0.167
19 28 0.168
19 33 0.127
19 47 0.155
19 51 0.153
19 59 0.158
19 67 0.146
19 70 0.101
19 73 0.158
19 77 0.18
19 78 0.198
19 88 0.191
19 91 0.206
19 93 0.148
19 96 0.113
19 99 0.146
20 89 1
20 25 0.63
20 52 1
20 83 0.66
20 23 0.55
20 39 0.096
20 59 0.119
20 64 0.162
20 75 0.128
20 91 0.139
20 92 0.137
20 37 0.169
20 62 0.117
20 77 0.153
20 21 0.183
20 28 0.151
20 30 0.131
20 31 0.121
20 33 0.135
20 35 0.135
20 36 0.203
20 41 0.118
20 44 0.153
20 45 0.161
20 49 0.14
20 50 0.161
20 53 0.141
20 63 0.134
20 65 0.112
20 66 0.075
20 68 0.103
20 74 0.135
20 86 0.146
20 93 0.155
20 94 0.133
20 96 0.197
20 99 0.124
21 87 0.963
21 39 0.931
21 43 0.926
21 85 0.522
21 25 0.502
21 72 0.546
21 56 0.657
21 55 0.723
21 51 0.836
21 46 0.617
21 77 0.762
21 99 0.799
21 67 0.724
21 93 0.176
21 45 0.165
21 68 0.378
21 76 0.034
21 30 0.121
21 69 0.117
21 75 0.102
21 78 0.152
21 81 0.14
21 94 0.157
21 26 0.097
21 29 0.172
21 37 0.145
21 38 0.105
21 44 0.118
21 52 0.146
21 54 0.16
21 57 0.195
21 73 0.112
21 74 0.147
21 83 0.214
21 84 0.096
21 90 0.093
21 91 0.141
21 96 0.147
21 97 0.18
21 98 0.107
22 72 0.768
22 46 0.572
22 77 0.695
22 59 0.535
22 34 0.162
22 28 0.202
22 40 0.179
22 44 0.176
22 49 0.117
22 53 0.135
22 64 0.077
22 69 0.182
22 70 0.155
22 83 0.16
22 90 0.139
22 23 0.186
22 29 0.188
22 31 0.165
22 32 0.151
22 39 0.155
22 42 0.172
22 47 0.167
22 48 0.134
22 51 0.177
22 52 0.126
22 56 0.136
22 63 0.103
22 66 0.137
22 71 0.151
22 74 0.148
22 82 0.096
22 85 0.208
22 86 0.144
22 91 0.144
22 92 0.141
22 93 0.12
22 95 0.172
22 96 0.171
22 97 0.163
23 30 0.721
23 40 1
23 60 0.932
23 79 0.826
23 91 0.663
23 66 0.781
23 67 0.791
23 69 0.582
23 82 0.544
23 88 0.522
23 27 0.165
23 81 0.171
23 86 0.171
23 92 0.099
23 46 0.183
23 48 0.123
23 56 0.159
23 63 0.16
23 74 0.148
23 85 0.111
23 96 0.164
23 26 0.133
23 28 0.118
23 33 0.151
23 34 0.147
23 35 0.13
23 36 0.132
23 39 0.153
23 41 0.125
23 42 0.145
23 49 0.137
23 50 0.212
23 53 0.198
23 54 0.112
23 58 0.137
23 65 0.172
23 71 0.168
23 72 0.166
23 77 0.165
23 89 0.141
23 97 0.109
23 98 0.159
24 38 0.629
24 52 0.79
24 90 0.905
24 62 0.793
24 25 0.741
24 54 0.733
24 43 0.6
24 28 0.217
24 31 0.137
24 29 0.153
24 39 0.118
24 45 0.169
24 61 0.1
24 63 0.18
24 66 0.143
24 78 0.292
24 85 0.18
24 86 0.151
24 91 0.178
24 99 0.159
24 26 0.169
24 36 0.157
24 37 0.085
24 41 0.163
24 47 0.177
24 50 0.093
24 51 0.148
24 68 0.14
24 70 0.157
24 71 0.163
24 72 0.241
24 73 0.171
24 77 0.144
24 80 0.124
24 88 0.142
24 93 0.129
25 96 1
25 83 0.696
25 78 0.196
25 49 0.137
25 43 0.166
25 32 0.202
25 55 0.155
25 38 0.105
25 62 0.139
25 64 0.198
25 66 0.234
25 79 0.173
25 33 0.17
25 47 0.116
25 53 0.146
25 75 0.178
25 77 0.155
25 86 0.147
25 26 0.166
25 27 0.183
25 29 0.143
25 36 0.146
25 44 0.119
25 46 0.138
25 48 0.217
25 50 0.161
25 52 0.142
25 57 0.13
25 61 0.142
25 65 0.126
25 76 0.157
25 85 0.127
25 88 0.131
25 89 0.106
25 90 0.14
25 94 0.131
26 57 1
26 63 0.853
26 82 0.714
26 46 0.748
26 92 0.154
26 85 0.178
26 56 0.144
26 73 0.163
26 81 0.138
26 33 0.14
26 34 0.187
26 40 0.107
26 45 0.172
26 58 0.186
26 60 0.195
26 61 0.141
26 74 0.087
26 80 0.301
26 87 0.132
26 93 0.115
26 27 0.162
26 28 0.158
26 29 0.131
26 37 0.177
26 38 0.181
26 41 0.182
26 48 0.135
26 51 0.143
26 54 0.097
26 64 0.161
26 67 0.184
26 72 0.153
26 77 0.161
26 89 0.143
26 90 0.197
26 91 0.171
26 99 0.168
27 97 0.76
27 84 0.73
27 62 0.723
27 98 0.622
27 30 0.565
27 59 0.118
27 36 0.112
27 42 0.127
27 51 0.332
27 57 0.158
27 64 0.2
27 92 0.123
27 37 0.117
27 49 0.184
27 61 0.228
27 83 0.106
27 86 0.151
27 29 0.15
27 31 0.137
27 32 0.146
27 33 0.097
27 39 0.138
27 41 0.154
27 48 0.191
27 50 0.139
27 58 0.137
27 66 0.174
27 72 0.167
27 74 0.197
27 76 0.136
27 77 0.121
27 81 0.145
27 91 0.085
27 96 0.118
28 86 0.751
28 87 0.996
28 73 0.727
28 51 1
28 75 0.651
28 93 0.532
28 68 0.13
28 70 0.191
28 99 0.165
28 31 0.15
28 43 0.129
28 47 0.173
28 53 0.109
28 64 0.134
28 78 0.175
28 83 0.145
28 90 0.162
28 34 0.163
28 45 0.176
28 50 0.137
28 54 0.16
28 61 0.172
28 66 0.148
28 72 0.162
28 74 0.166
28 76 0.112
28 80 0.143
28 92 0.212
29 76 0.837
29 84 1
29 80 0.743
29 95 0.688
29 61 0.757
29 31 0.537
29 57 0.55
29 58 0.685
29 91 0.18
29 49 0.109
29 71 0.12
29 33 0.15
29 81 0.119
29 44 0.03
29 32 0.185
29 55 0.101
29 86 0.145
29 97 0.112
29 99 0.125
29 34 0.149
29 35 0.132
29 36 0.212
29 40 0.137
29 42 0.142
29 48 0.069
29 50 0.169
29 63 0.197
29 69 0.158
29 75 0.159
29 77 0.127
29 83 0.135
29 89 0.182
29 90 0.165
29 96 0.134
29 98 0.151
30 61 0.653
30 85 0.543
30 54 0.798
30 77 0.197
30 59 0.125
30 47 0.363
30 51 0.163
30 52 0.108
30 93 0.139
30 35 0.172
30 36 0.179
30 40 0.166
30 41 0.158
30 43 0.196
30 44 0.132
30 50 0.159
30 55 0.153
30 57 0.147
30 58 0.149
30 60 0.111
30 63 0.117
30 65 0.177
30 66 0.144
30 75 0.177
30 78 0.142
30 86 0.172
30 88 0.127
30 94 0.122
31 34 0.704
31 47 1
31 70 0.558
31 77 0.703
31 35 0.503
31 55 0.842
31 44 0.685
31 71 0.086
31 61 0.185
31 99 0.164
31 38 0.06
31 56 0.124
31 58 0.164
31 59 0.201
31 62 0.12
31 63 0.122
31 82 0.192
31 85 0.127
31 87 0.223
31 93 0.153
31 37 0.114
31 43 0.155
31 50 0.181
31 51 0.171
31 52 0.143
31 53 0.125
31 54 0.142
31 57 0.172
31 84 0.11
31 91 0.107
31 94 0.188
31 97 0.132
32 36 0.983
32 63 1
32 72 0.631
32 93 0.895
32 51 0.084
32 92 0.165
32 35 0.175
32 39 0.145
32 44 0.152
32 49 0.145
32 55 0.156
32 73 0.085
32 74 0.181
32 98 0.141
32 45 0.202
32 46 0.134
32 47 0.157
32 50 0.188
32 53 0.114
32 57 0.179
32 59 0.209
32 60 0.177
32 64 0.168
32 70 0.185
32 71 0.118
32 75 0.195
32 76 0.15
32 77 0.169
32 80 0.144
32 82 0.099
32 83 0.153
32 84 0.14
32 90 0.174
32 91 0.114
32 95 0.163
32 96 0.158
33 37 0.745
33 76 0.717
33 39 0.846
33 59 0.851
33 80 1
33 90 1
33 53 0.555
33 57 0.156
33 43 0.136
33 87 0.123
33 95 0.128
33 44 0.125
33 65 0.113
33 67 0.114
33 75 0.181
33 79 0.178
33 81 0.179
33 91 0.101
33 94 0.153
33 35 0.11
33 40 0.21
33 41 0.191
33 42 0.156
33 52 0.145
33 54 0.117
33 55 0.139
33 58 0.132
33 60 0.144
33 61 0.149
33 63 0.152
33 74 0.199
33 82 0.185
33 86 0.137
33 89 0.125
33 92 0.107
33 96 0.114
33 99 0.149
34 54 0.878
34 56 0.831
34 88 0.803
34 40 0.392
34 79 0.156
34 35 0.142
34 74 0.138
34 83 0.001
34 93 0.072
34 39 0.141
34 51 0.134
34 61 0.126
34 67 0.147
34 70 0.133
34 97 0.117
34 37 0.153
34 41 0.168
34 42 0.203
34 43 0.103
34 44 0.141
34 50 0.166
34 55 0.129
34 60 0.186
34 63 0.089
34 69 0.131
34 72 0.208
34 77 0.124
34 78 0.101
34 80 0.184
34 90 0.183
35 43 0.772
35 81 0.863
35 39 1
35 93 0.806
35 66 0.87
35 49 0.778
35 96 0.524
35 63 0.584
35 54 0.702
35 79 0.597
35 61 0.131
35 62 0.209
35 41 0.211
35 36 0.167
35 37 0.154
35 52 0.213
35 56 0.139
35 57 0.209
35 60 0.227
35 71 0.144
35 82 0.114
35 85 0.097
35 90 0.148
35 44 0.156
35 46 0.123
35 50 0.112
35 59 0.153
35 69 0.144
35 72 0.229
35 80 0.157
35 84 0.159
35 88 0.195
35 91 0.23
35 92 0.17
35 94 0.159
35 97 0.212
36 65 0.751
36 58 0.568
36 49 0.752
36 50 0.173
36 63 0.122
36 44 0.118
36 66 0.086
36 79 0.167
36 84 0.19
36 92 0.157
36 46 0.132
36 56 0.09
36 60 0.135
36 74 0.135
36 38 0.112
36 42 0.166
36 48 0.106
36 51 0.122
36 52 0.209
36 53 0.144
36 64 0.143
36 72 0.14
36 76 0.159
36 78 0.145
36 86 0.15
36 90 0.147
36 91 0.143
36 93 0.146
36 95 0.131
37 64 0.955
37 75 0.821
37 90 0.681
37 40 0.52
37 63 0.108
37 54 0.14
37 66 0.091
37 57 0.097
37 79 0.15
37 82 0.164
37 85 0.144
37 98 0.121
37 38 0.155
37 44 0.119
37 50 0.141
37 53 0.156
37 58 0.144
37 59 0.184
37 62 0.225
37 65 0.158
37 67 0.092
37 71 0.114
37 74 0.138
37 78 0.133
37 81 0.229
37 84 0.149
37 89 0.169
37 93 0.162
37 94 0.194
37 96 0.144
37 99 0.117
38 65 0.794
38 77 0.932
38 84 0.665
38 95 0.67
38 96 0.595
38 51 0.205
38 53 0.152
38 76 0.194
38 88 0.11
38 89 0.113
38 59 0.152
38 73 0.075
38 74 0.137
38 75 0.183
38 42 0.116
38 43 0.162
38 48 0.168
38 61 0.189
38 63 0.15
38 66 0.199
38 67 0.213
38 72 0.157
38 78 0.078
38 82 0.117
38 83 0.141
38 92 0.178
39 51 0.834
39 45 0.706
39 61 0.567
39 56 0.712
39 90 0.879
39 95 0.159
39 66 0.198
39 49 0.132
39 50 0.095
39 57 0.19
39 81 0.154
39 82 0.173
39 84 0.234
39 87 0.172
39 40 0.195
39 53 0.124
39 54 0.15
39 62 0.208
39 63 0.15
39 64 0.106
39 68 0.229
39 69 0.169
39 72 0.147
39 76 0.128
39 77 0.122
39 85 0.08
39 89 0.182
39 91 0.127
39 92 0.121
39 94 0.195
39 96 0.188
39 97 0.183
39 99 0.197
40 93 0.837
40 94 0.74
40 78 0.953
40 96 0.622
40 99 0.602
40 70 0.697
40 83 0.181
40 86 0.157
40 89 0.147
40 98 0.16
40 43 0.172
40 53 0.181
40 56 0.145
40 71 0.194
40 77 0.148
40 44 0.138
40 48 0.2
40 55 0.207
40 57 0.152
40 58 0.139
40 59 0.104
40 60 0.114
40 61 0.142
40 66 0.183
40 68 0.124
40 75 0.106
40 79 0.118
40 90 0.208
40 91 0.179
40 92 0.139
40 95 0.152
40 97 0.218
41 49 0.204
41 43 0.102
41 53 0.18
41 57 0.323
41 68 0.17
41 47 0.161
41 89 0.157
41 96 0.153
41 51 0.163
41 54 0.157
41 56 0.175
41 58 0.158
41 59 0.128
41 60 0.067
41 66 0.182
41 72 0.128
41 76 0.14
41 77 0.145
41 78 0.072
41 82 0.142
41 85 0.118
41 86 0.16
41 88 0.172
41 90 0.122
42 69 0.582
42 48 0.647
42 50 0.615
42 44 0.71
42 89 0.622
42 96 0.617
42 63 0.626
42 66 0.535
42 65 0.147
42 71 0.27
42 43 0.13
42 54 0.164
42 60 0.15
42 62 0.155
42 68 0.155
42 72 0.15
42 90 0.177
42 93 0.147
42 46 0.157
42 49 0.11
42 57 0.184
42 58 0.159
42 59 0.109
42 61 0.165
42 64 0.143
42 70 0.165
42 75 0.129
42 83 0.193
42 84 0.138
42 91 0.159
42 92 0.127
42 99 0.163
43 72 1
43 86 0.597
43 76 0.59
43 60 0.752
43 50 0.673
43 67 0.087
43 84 0.104
43 95 0.141
43 45 0.114
43 52 0.201
43 82 0.168
43 47 0.186
43 53 0.105
43 62 0.288
43 89 0.116
43 99 0.069
43 48 0.168
43 54 0.145
43 59 0.154
43 63 0.126
43 64 0.173
43 69 0.14
43 73 0.141
43 74 0.176
43 79 0.176
43 81 0.207
43 88 0.143
43 93 0.145
43 96 0.148
43 98 0.145
44 66 0.538
44 77 0.829
44 69 0.879
44 99 0.947
44 56 0.629
44 51 0.148
44 72 0.162
44 87 0.136
44 54 0.161
44 63 0.204
44 70 0.136
44 75 0.215
44 82 0.169
44 94 0.164
44 46 0.153
44 48 0.066
44 49 0.15
44 50 0.166
44 52 0.143
44 57 0.182
44 59 0.133
44 60 0.199
44 71 0.146
44 73 0.133
44 76 0.121
44 79 0.163
44 80 0.098
44 81 0.163
44 83 0.156
44 92 0.155
44 93 0.21
44 95 0.139
44 96 0.145
44 98 0.172
45 83 0.803
45 97 0.529
45 50 1
45 78 0.807
45 55 1
45 93 0.862
45 90 0.132
45 46 0.141
45 82 0.059
45 47 0.089
45 86 0.116
45 48 0.172
45 49 0.131
45 53 0.155
45 67 0.152
45 69 0.152
45 94 0.151
45 54 0.155
45 56 0.161
45 59 0.151
45 60 0.113
45 70 0.131
45 72 0.174
45 73 0.148
45 76 0.114
45 77 0.199
45 91 0.128
45 92 0.155
45 99 0.164
46 87 0.725
46 68 1
46 84 0.719
46 97 0.62
46 54 0.148
46 60 0.176
46 47 0.149
46 58 0.134
46 80 0.091
46 55 0.162
46 56 0.121
46 63 0.136
46 65 0.116
46 66 0.171
46 69 0.196
46 71 0.181
46 73 0.119
46 75 0.14
46 76 0.172
46 78 0.109
46 85 0.132
46 98 0.146
46 99 0.156
47 71 0.641
47 84 1
47 55 0.942
47 90 0.787
47 87 0.642
47 70 0.802
47 83 0.821
47 54 0.085
47 92 0.143
47 53 0.13
47 81 0.187
47 99 0.195
47 50 0.109
47 56 0.2
47 59 0.16
47 74 0.113
47 96 0.164
47 48 0.146
47 61 0.135
47 65 0.139
47 66 0.157
47 67 0.114
47 77 0.076
47 78 0.125
47 80 0.156
47 82 0.196
47 93 0.163
47 94 0.189
47 95 0.132
48 95 0.851
48 83 0.882
48 64 0.129
48 80 0.175
48 97 0.181
48 54 0.096
48 73 0.162
48 79 0.176
48 85 0.134
48 51 0.139
48 61 0.133
48 71 0.188
48 74 0.16
48 76 0.134
48 81 0.197
48 84 0.158
48 89 0.137
48 90 0.123
48 93 0.133
48 96 0.153
48 49 0.138
48 59 0.22
48 62 0.146
48 63 0.178
48 82 0.099
48 87 0.14
48 88 0.143
48 91 0.133
48 92 0.154
48 98 0.075
48 99 0.14
49 97 1
49 84 0.788
49 96 0.571
49 72 0.143
49 87 0.011
49 53 0.065
49 58 0.279
49 92 0.195
49 52 0.059
49 64 0.291
49 65 0.166
49 73 0.164
49 76 0.168
49 95 0.149
49 50 0.13
49 51 0.174
49 54 0.136
49 59 0.1
49 67 0.15
49 69 0.155
49 74 0.148
49 75 0.216
49 80 0.129
49 81 0.169
49 85 0.159
49 86 0.119
49 93 0.209
49 99 0.164
50 88 0.669
50 96 0.507
50 52 0.134
50 58 0.179
50 65 0.159
50 73 0.19
50 76 0.138
50 80 0.13
50 85 0.105
50 86 0.148
50 99 0.149
50 69 0.111
50 81 0.157
50 51 0.133
50 57 0.159
50 67 0.145
50 68 0.099
50 70 0.086
50 78 0.14
50 79 0.137
50 89 0.165
50 97 0.14
51 91 0.777
51 98 0.625
51 93 0.72
51 57 0.151
51 58 0.12
51 76 0.144
51 77 0.194
51 84 0.075
51 95 0.156
51 55 0.156
51 60 0.165
51 62 0.108
51 71 0.131
51 73 0.145
51 74 0.188
51 80 0.162
51 81 0.145
51 83 0.137
51 85 0.143
51 89 0.144
51 96 0.128
51 99 0.154
52 64 0.957
52 97 0.93
52 68 0.648
52 65 0.732
52 99 0.502
52 88 0.165
52 91 0.085
52 96 0.138
52 59 0.142
52 72 0.072
52 74 0.144
52 82 0.126
52 86 0.171
52 89 0.163
52 54 0.171
52 56 0.149
52 58 0.141
52 60 0.171
52 63 0.169
52 69 0.148
52 71 0.112
52 75 0.12
52 78 0.161
52 81 0.136
52 84 0.184
52 93 0.176
53 73 0.911
53 86 1
53 85 0.57
53 56 0.159
53 78 0.247
53 96 0.181
53 65 0.18
53 70 0.151
53 74 0.124
53 98 0.157
53 57 0.181
53 61 0.184
53 62 0.168
53 64 0.141
53 66 0.161
53 67 0.193
53 75 0.137
53 93 0.171
54 82 0.709
54 81 0.722
54 95 1
54 73 0.194
54 65 0.175
54 66 0.128
54 67 0.145
54 61 0.158
54 74 0.203
54 93 0.142
54 99 0.158
54 57 0.178
54 59 0.204
54 64 0.193
54 70 0.14
54 72 0.179
54 79 0.088
54 85 0.152
54 86 0.095
54 87 0.13
54 88 0.187
54 94 0.227
54 98 0.106
55 79 0.944
55 91 1
55 61 0.752
55 75 0.028
55 62 0.117
55 60 0.108
55 93 0.144
55 57 0.152
55 65 0.125
55 71 0.153
55 72 0.159
55 77 0.169
55 82 0.147
55 84 0.171
55 85 0.158
55 86 0.107
55 89 0.203
55 90 0.188
55 97 0.191
56 89 0.789
56 72 0.733
56 73 0.555
56 90 0.755
56 61 0.137
56 70 0.141
56 81 0.156
56 85 0.134
56 98 0.161
56 62 0.205
56 63 0.18
56 74 0.113
56 75 0.215
56 80 0.131
56 87 0.142
56 93 0.122
56 95 0.183
56 96 0.14
57 97 0.167
57 59 0.121
57 61 0.151
57 65 0.165
57 74 0.142
57 85 0.146
57 86 0.145
57 94 0.163
57 62 0.128
57 66 0.123
57 70 0.174
57 72 0.169
57 73 0.203
57 75 0.111
57 77 0.136
57 78 0.158
57 79 0.164
57 81 0.109
57 82 0.157
57 88 0.13
57 91 0.138
57 92 0.113
58 78 0.506
58 66 1
58 68 0.19
58 69 0.069
58 81 0.074
58 60 0.193
58 86 0.105
58 59 0.127
58 63 0.187
58 70 0.133
58 71 0.171
58 72 0.235
58 75 0.153
58 76 0.213
58 80 0.12
58 87 0.196
58 89 0.111
58 91 0.096
58 92 0.206
58 97 0.137
58 98 0.156
58 99 0.157
59 73 0.85
59 90 0.628
59 60 0.105
59 67 0.129
59 74 0.152
59 62 0.175
59 65 0.175
59 75 0.121
59 77 0.175
59 78 0.175
59 79 0.186
59 80 0.135
59 86 0.16
59 94 0.168
59 96 0.159
59 98 0.11
59 99 0.202
60 88 0.715
60 76 0.599
60 82 0.15
60 91 0.141
60 79 0.103
60 81 0.189
60 90 0.157
60 94 0.129
60 62 0.144
60 64 0.195
60 69 0.153
60 70 0.096
60 72 0.15
60 77 0.117
60 78 0.133
60 83 0.17
60 86 0.151
60 98 0.181
61 84 0.84
61 95 0.678
61 71 0.829
61 87 0.509
61 74 0.615
61 88 0.138
61 64 0.108
61 66 0.148
61 73 0.14
61 62 0.127
61 65 0.181
61 67 0.136
61 68 0.179
61 72 0.205
61 75 0.147
61 76 0.146
61 82 0.168
61 93 0.168
61 97 0.13
61 99 0.103
62 64 0.512
62 78 0.603
62 69 0.176
62 77 0.109
62 70 0.167
62 79 0.185
62 80 0.187
62 66 0.114
62 68 0.188
62 73 0.121
62 87 0.192
62 88 0.156
62 92 0.171
62 95 0.144
62 96 0.183
63 91 0.993
63 94 1
63 65 0.191
63 72 0.114
63 87 0.163
63 90 0.237
63 96 0.159
63 97 0.126
63 68 0.106
63 69 0.13
63 70 0.144
63 74 0.121
63 78 0.123
63 80 0.14
63 86 0.152
63 89 0.182
63 93 0.161
63 95 0.147
63 99 0.203
64 99 0.742
64 66 0.858
64 90 0.343
64 91 0.124
64 83 0.158
64 86 0.195
64 87 0.223
64 67 0.16
64 69 0.131
64 73 0.165
64 74 0.149
64 79 0.14
64 80 0.143
64 82 0.174
64 89 0.18
64 94 0.153
64 96 0.16
64 97 0.139
65 71 0.729
65 83 0.556
65 95 0.118
65 68 0.17
65 91 0.186
65 81 0.149
65 85 0.141
65 72 0.12
65 78 0.14
65 79 0.088
65 84 0.16
65 87 0.112
65 93 0.188
65 96 0.152
65 97 0.167
65 99 0.121
66 75 0.56
66 90 0.746
66 78 0.605
66 70 0.004
66 74 0.122
66 77 0.168
66 85 0.031
66 88 0.174
66 94 0.163
66 76 0.15
66 84 0.182
66 91 0.165
66 96 0.136
67 92 0.773
67 72 1
67 76 0.549
67 73 0.02
67 81 0.11
67 77 0.117
67 82 0.106
67 87 0.086
67 94 0.142
67 74 0.222
67 78 0.176
67 79 0.142
67 88 0.115
67 89 0.151
67 90 0.136
67 96 0.19
67 98 0.165
68 82 1
68 93 0.742
68 85 0.519
68 86 0.188
68 69 0.184
68 78 0.222
68 75 0.175
68 91 0.167
68 70 0.214
68 72 0.187
68 81 0.149
68 95 0.162
69 86 1
69 95 0.669
69 73 0.163
69 93 0.171
69 71 0.137
69 80 0.136
69 85 0.196
69 70 0.207
69 74 0.155
69 77 0.089
69 81 0.189
69 82 0.16
69 90 0.175
69 91 0.163
69 94 0.097
69 96 0.185
69 98 0.113
70 98 0.537
70 71 0.122
70 83 0.147
70 86 0.112
70 82 0.224
70 85 0.1
70 95 0.173
70 72 0.17
70 77 0.202
70 81 0.14
70 84 0.127
70 87 0.172
70 88 0.152
70 90 0.176
70 91 0.181
70 92 0.145
70 99 0.211
71 86 0.188
71 89 0.119
71 98 0.188
71 87 0.426
71 73 0.144
71 74 0.165
71 77 0.165
71 78 0.215
71 79 0.165
71 80 0.131
71 82 0.127
71 84 0.104
71 88 0.148
71 93 0.126
72 95 0.843
72 77 0.529
72 89 0.131
72 74 0.152
72 92 0.125
72 98 0.146
72 73 0.122
72 85 0.157
72 88 0.125
72 91 0.184
72 96 0.129
72 99 0.213
73 83 0.967
73 96 0.525
73 75 0.66
73 97 0.68
73 90 0.217
73 77 0.171
73 89 0.131
73 95 0.131
73 80 0.125
73 92 0.309
73 74 0.21
73 78 0.084
73 79 0.156
73 87 0.135
73 94 0.136
74 98 0.831
74 95 0.697
74 91 0.642
74 90 0.231
74 79 0.198
74 80 0.163
74 83 0.114
74 89 0.144
74 77 0.125
74 92 0.124
74 96 0.199
75 87 0.815
75 85 0.56
75 77 0.086
75 76 0.231
75 84 0.161
75 90 0.134
75 95 0.141
75 79 0.16
75 81 0.216
75 91 0.176
75 92 0.093
75 94 0.161
75 97 0.125
76 87 0.961
76 79 0.92
76 98 0.716
76 81 0.181
76 90 0.129
76 85 0.189
76 86 0.108
76 77 0.208
76 78 0.162
76 89 0.151
77 95 1
77 87 0.142
77 79 0.351
77 81 0.166
77 82 0.143
77 96 0.079
77 84 0.116
77 85 0.169
77 88 0.177
77 92 0.214
77 93 0.168
77 99 0.185
78 80 1
78 88 0.122
78 79 0.19
78 99 0.163
78 82 0.187
78 84 0.16
78 85 0.062
78 89 0.135
78 90 0.194
78 96 0.128
79 86 0.109
79 97 0.205
79 95 0.168
79 80 0.163
79 88 0.186
79 90 0.128
79 91 0.122
80 85 0.66
80 82 0.701
80 97 0.86
80 90 0.172
80 83 0.093
80 84 0.13
80 86 0.149
80 89 0.165
81 85 0.909
81 89 0.188
81 94 0.173
81 87 0.124
81 96 0.137
82 92 0.152
82 95 0.146
82 90 0.148
82 94 0.139
82 83 0.182
82 87 0.173
82 88 0.122
82 89 0.153
82 96 0.141
82 98 0.202
83 97 0.532
83 94 0.6
83 85 0.139
83 96 0.141
83 88 0.133
83 89 0.16
83 93 0.147
83 95 0.169
84 88 0.766
84 90 0.612
84 89 0.868
84 96 0.242
84 99 0.175
84 87 0.114
84 92 0.169
84 93 0.098
84 95 0.173
84 97 0.162
84 98 0.136
85 98 1
85 88 0.541
85 87 0.168
85 89 0.189
85 91 0.162
85 97 0.178
85 99 0.141
86 90 0.182
86 93 0.132
87 95 0.703
87 94 0.136
87 98 0.157
87 92 0.164
87 91 0.12
87 96 0.134
88 94 0.823
88 89 0.166
88 92 0.145
88 96 0.202
89 95 0.679
89 93 0.178
89 91 0.14
89 90 0.157
89 94 0.118
89 96 0.16
90 91 0.123
90 93 0.183
90 96 0.142
90 99 0.112
91 92 0.134
91 98 0.111
91 94 0.099
91 95 0.191
92 97 0.714
92 94 0.125
92 98 0.154
93 96 0.143
93 98 0.17
93 97 0.173
94 95 0.11
94 99 0.145
95 97 0.152
95 99 0.144
98 99 0.112
