0 51 1
0 38 0.909
0 49 0.922
0 56 0.679
0 79 0.665
0 19 0.162
0 23 0.18
0 4 0.127
0 29 0.184
0 32 0.18
0 37 0.117
0 42 0.139
0 48 0.126
0 60 0.149
0 77 0.174
0 82 0.351
0 90 0.153
0 2 0.179
0 5 0.11
0 6 0.109
0 8 0.151
0 17 0.225
0 22 0.1
0 25 0.175
0 26 0.12
0 27 0.173
0 28 0.103
0 31 0.168
0 40 0.118
0 45 0.153
0 46 0.144
0 50 0.155
0 52 0.194
0 62 0.154
0 67 0.163
0 69 0.126
0 70 0.125
0 72 0.115
0 75 0.203
0 81 0.112
0 84 0.13
0 85 0.181
0 86 0.168
0 87 0.086
1 76 0.951
1 64 1
1 55 0.597
1 52 0.674
1 13 0.872
1 93 0.15
1 47 0.125
1 37 0.146
1 45 0.164
1 98 0.16
1 9 0.118
1 15 0.121
1 17 0.198
1 20 0.141
1 21 0.097
1 22 0.139
1 25 0.143
1 29 0.151
1 40 0.112
1 43 0.128
1 50 0.157
1 53 0.169
1 57 0.127
1 67 0.176
1 74 0.132
1 88 0.157
1 2 0.24
1 8 0.195
1 24 0.122
1 26 0.13
1 27 0.177
1 28 0.126
1 30 0.155
1 34 0.162
1 48 0.125
1 59 0.103
1 61 0.175
1 72 0.176
1 75 0.166
1 83 0.138
1 86 0.116
1 90 0.142
1 91 0.186
1 97 0.142
1 99 0.152
2 19 0.967
2 40 0.815
2 89 0.584
2 27 0.801
2 69 0.85
2 56 0.965
2 20 0.116
2 71 0.123
2 97 0.192
2 14 0.156
2 51 0.161
2 38 0.195
2 46 0.136
2 48 0.139
2 57 0.361
2 58 0.177
2 60 0.19
2 66 0.095
2 73 0.153
2 80 0.114
2 81 0.144
2 82 0.15
2 86 0.138
2 96 0.152
2 6 0.162
2 8 0.19
2 10 0.151
2 12 0.187
2 16 0.153
2 17 0.154
2 18 0.14
2 22 0.117
2 23 0.192
2 25 0.113
2 26 0.17
2 29 0.165
2 30 0.142
2 32 0.15
2 33 0.161
2 35 0.137
2 47 0.186
2 68 0.16
2 75 0.183
2 76 0.17
2 79 0.101
2 83 0.173
2 85 0.185
2 88 0.095
2 90 0.097
2 91 0.221
2 92 0.174
2 94 0.108
2 95 0.175
2 98 0.143
3 13 1
3 98 0.955
3 43 1
3 18 0.751
3 95 0.846
3 48 0.639
3 15 0.13
3 35 0.135
3 81 0.136
3 11 0.126
3 27 0.141
3 42 0.146
3 80 0.142
3 89 0.169
3 94 0.117
3 99 0.197
3 4 0.13
3 5 0.196
3 8 0.166
3 10 0.161
3 12 0.16
3 14 0.163
3 19 0.171
3 21 0.188
3 28 0.138
3 30 0.135
3 31 0.108
3 40 0.147
3 41 0.162
3 45 0.177
3 49 0.156
3 50 0.179
3 51 0.165
3 53 0.156
3 54 0.118
3 55 0.173
3 56 0.148
3 63 0.192
3 64 0.147
3 70 0.157
3 72 0.188
3 73 0.113
3 79 0.139
3 84 0.149
3 85 0.19
3 87 0.173
4 37 0.607
4 53 0.721
4 65 0.91
4 6 0.77
4 48 0.956
4 79 0.903
4 90 0.599
4 50 0.848
4 24 0.157
4 70 0.137
4 8 0.081
4 29 0.149
4 30 0.128
4 82 0.178
4 13 0.113
4 27 0.039
4 73 0.137
4 96 0.138
4 7 0.179
4 11 0.113
4 20 0.204
4 21 0.129
4 23 0.173
4 25 0.128
4 31 0.158
4 32 0.187
4 34 0.108
4 35 0.142
4 36 0.112
4 39 0.195
4 40 0.18
4 43 0.079
4 44 0.147
4 45 0.186
4 46 0.168
4 58 0.149
4 60 0.143
4 63 0.201
4 64 0.195
4 75 0.13
4 76 0.186
4 78 0.141
4 81 0.187
4 83 0.181
4 85 0.169
4 87 0.164
4 89 0.149
4 92 0.188
4 93 0.145
4 98 0.117
4 99 0.157
5 12 0.826
5 92 0.966
5 8 0.828
5 69 0.993
5 91 1
5 56 0.976
5 68 0.113
5 16 0.127
5 19 0.032
5 49 0.196
5 67 0.142
5 11 0.15
5 45 0.102
5 48 0.107
5 59 0.12
5 81 0.138
5 83 0.192
5 84 0.119
5 10 0.17
5 13 0.131
5 23 0.143
5 29 0.07
5 31 0.182
5 34 0.127
5 35 0.15
5 50 0.107
5 51 0.142
5 55 0.182
5 61 0.156
5 65 0.16
5 74 0.127
5 96 0.14
6 81 0.715
6 24 0.653
6 67 0.112
6 97 0.202
6 7 0.143
6 8 0.171
6 11 0.222
6 21 0.059
6 23 0.123
6 35 0.117
6 41 0.096
6 47 0.142
6 49 0.095
6 51 0.148
6 58 0.043
6 72 0.138
6 94 0.078
6 9 0.157
6 13 0.123
6 14 0.163
6 15 0.168
6 17 0.161
6 18 0.136
6 19 0.139
6 25 0.153
6 28 0.133
6 30 0.182
6 31 0.147
6 34 0.12
6 37 0.172
6 42 0.114
6 43 0.137
6 44 0.176
6 50 0.121
6 53 0.1
6 55 0.138
6 56 0.207
6 57 0.177
6 62 0.187
6 64 0.155
6 69 0.167
6 70 0.121
6 75 0.194
6 76 0.145
6 77 0.158
6 79 0.129
6 83 0.153
6 92 0.137
6 93 0.167
6 96 0.226
6 99 0.189
7 38 0.524
7 13 0.849
7 91 0.636
7 43 1
7 22 0.931
7 64 0.725
7 20 0.147
7 30 0.194
7 44 0.169
7 60 0.355
7 83 0.152
7 94 0.191
7 16 0.155
7 31 0.182
7 32 0.111
7 61 0.119
7 62 0.16
7 65 0.163
7 69 0.068
7 73 0.19
7 86 0.131
7 87 0.143
7 93 0.204
7 9 0.117
7 15 0.196
7 23 0.151
7 24 0.137
7 27 0.166
7 36 0.171
7 40 0.116
7 42 0.167
7 48 0.12
7 50 0.174
7 51 0.154
7 66 0.182
7 67 0.183
7 72 0.18
7 79 0.151
7 80 0.124
7 82 0.068
7 84 0.175
7 85 0.143
7 95 0.147
7 97 0.15
7 99 0.141
8 63 1
8 25 0.531
8 43 0.624
8 15 0.534
8 79 0.152
8 30 0.105
8 85 0.17
8 99 0.147
8 26 0.164
8 47 0.121
8 52 0.153
8 98 0.126
8 9 0.164
8 11 0.139
8 17 0.134
8 18 0.046
8 20 0.127
8 51 0.161
8 53 0.217
8 92 0.16
8 94 0.132
8 97 0.129
8 13 0.168
8 19 0.116
8 21 0.13
8 23 0.113
8 24 0.174
8 37 0.139
8 38 0.132
8 41 0.112
8 45 0.13
8 50 0.179
8 54 0.179
8 61 0.157
8 65 0.157
8 66 0.142
8 69 0.167
8 78 0.107
8 82 0.173
8 83 0.217
8 87 0.187
8 95 0.203
9 87 0.972
9 11 1
9 38 0.889
9 39 0.802
9 94 0.865
9 16 0.91
9 21 0.872
9 43 0.771
9 86 0.779
9 62 0.589
9 26 0.895
9 88 0.157
9 25 0.17
9 23 0.081
9 59 0.164
9 17 0.141
9 27 0.131
9 44 0.139
9 49 0.173
9 50 0.127
9 51 0.127
9 66 0.036
9 84 0.163
9 89 0.137
9 20 0.175
9 28 0.143
9 29 0.168
9 34 0.171
9 35 0.156
9 37 0.13
9 48 0.106
9 55 0.187
9 64 0.085
9 77 0.192
9 83 0.178
9 85 0.137
9 90 0.163
9 91 0.149
9 93 0.13
9 96 0.113
9 97 0.133
9 99 0.176
10 14 1
10 50 0.766
10 86 0.825
10 64 0.74
10 54 0.17
10 33 0.132
10 72 0.101
10 19 0.117
10 40 0.135
10 51 0.337
10 62 0.128
10 77 0.13
10 99 0.213
10 13 0.151
10 16 0.12
10 17 0.032
10 25 0.182
10 32 0.146
10 38 0.132
10 44 0.174
10 69 0.154
10 83 0.341
10 95 0.119
10 18 0.167
10 26 0.219
10 30 0.186
10 31 0.164
10 59 0.114
10 63 0.16
10 66 0.123
10 68 0.124
10 71 0.142
10 84 0.085
10 89 0.132
10 92 0.149
11 76 0.938
11 32 0.629
11 83 1
11 44 0.639
11 31 0.694
11 20 0.903
11 43 1
11 12 0.514
11 63 0.839
11 60 0.986
11 21 0.152
11 66 0.163
11 27 0.25
11 28 0.126
11 30 0.157
11 75 0.319
11 19 0.143
11 24 0.187
11 25 0.153
11 33 0.139
11 42 0.058
11 50 0.115
11 52 0.163
11 54 0.151
11 81 0.178
11 92 0.147
11 23 0.145
11 35 0.14
11 36 0.089
11 38 0.183
11 45 0.168
11 48 0.156
11 49 0.123
11 51 0.143
11 55 0.113
11 70 0.18
11 77 0.197
11 79 0.167
11 85 0.106
11 87 0.113
11 88 0.114
11 93 0.13
11 96 0.178
12 28 0.695
12 78 0.069
12 56 0.146
12 92 0.173
12 93 0.147
12 97 0.099
12 26 0.115
12 31 0.161
12 46 0.198
12 82 0.202
12 87 0.157
12 18 0.176
12 20 0.171
12 23 0.156
12 24 0.146
12 27 0.119
12 29 0.147
12 30 0.153
12 32 0.158
12 34 0.168
12 35 0.14
12 37 0.182
12 42 0.177
12 43 0.103
12 50 0.18
12 63 0.088
12 66 0.151
12 69 0.106
12 76 0.176
12 77 0.182
12 79 0.157
12 80 0.157
12 81 0.203
12 84 0.179
12 89 0.142
12 91 0.204
12 94 0.146
12 96 0.138
12 99 0.141
13 31 1
13 25 0.89
13 95 0.833
13 33 0.634
13 70 0.747
13 29 0.562
13 88 0.545
13 24 0.112
13 50 0.139
13 77 0.012
13 90 0.162
13 19 0.154
13 26 0.146
13 68 0.134
13 79 0.167
13 80 0.115
13 15 0.154
13 20 0.123
13 23 0.134
13 32 0.184
13 36 0.157
13 43 0.152
13 47 0.168
13 65 0.179
13 75 0.204
13 91 0.124
13 94 0.141
13 97 0.144
13 14 0.164
13 21 0.17
13 34 0.128
13 38 0.106
13 40 0.112
13 54 0.14
13 56 0.161
13 59 0.179
13 64 0.138
13 69 0.158
13 71 0.157
13 72 0.152
13 82 0.126
13 83 0.112
13 84 0.147
13 86 0.143
13 92 0.189
13 96 0.169
13 99 0.159
14 69 1
14 97 0.657
14 32 0.998
14 92 1
14 18 0.612
14 34 0.588
14 76 0.957
14 45 0.336
14 33 0.114
14 49 0.158
14 73 0.167
14 23 0.365
14 27 0.188
14 54 0.148
14 21 0.208
14 37 0.175
14 43 0.12
14 57 0.255
14 66 0.209
14 93 0.11
14 16 0.157
14 17 0.145
14 19 0.094
14 20 0.101
14 25 0.142
14 31 0.098
14 35 0.167
14 36 0.154
14 39 0.189
14 44 0.106
14 47 0.209
14 52 0.138
14 53 0.174
14 56 0.135
14 58 0.165
14 59 0.179
14 71 0.174
14 74 0.155
14 77 0.162
14 79 0.135
14 80 0.176
14 81 0.115
14 83 0.138
14 89 0.159
14 91 0.149
15 67 0.952
15 59 0.661
15 62 0.834
15 23 0.856
15 71 0.508
15 63 0.561
15 64 0.789
15 29 0.907
15 24 0.19
15 56 0.129
15 52 0.255
15 70 0.101
15 76 0.193
15 16 0.138
15 37 0.156
15 41 0.161
15 43 0.131
15 48 0.155
15 50 0.128
15 68 0.168
15 69 0.149
15 80 0.154
15 86 0.106
15 87 0.175
15 89 0.165
15 20 0.199
15 26 0.143
15 27 0.13
15 30 0.149
15 31 0.186
15 32 0.223
15 33 0.143
15 44 0.161
15 46 0.143
15 47 0.199
15 49 0.212
15 51 0.094
15 53 0.161
15 55 0.174
15 58 0.148
15 65 0.141
15 72 0.155
15 73 0.115
15 74 0.114
15 75 0.196
15 81 0.229
15 82 0.118
15 85 0.136
15 91 0.121
15 92 0.136
15 95 0.165
15 98 0.14
16 89 1
16 81 0.87
16 34 0.747
16 65 0.965
16 59 0.825
16 33 0.525
16 25 0.64
16 40 0.224
16 97 0.127
16 35 0.148
16 94 0.176
16 19 0.195
16 24 0.192
16 31 0.142
16 32 0.038
16 46 0.164
16 47 0.177
16 53 0.154
16 58 0.148
16 63 0.142
16 64 0.163
16 84 0.122
16 85 0.123
16 17 0.166
16 18 0.128
16 21 0.154
16 22 0.147
16 23 0.183
16 27 0.174
16 28 0.154
16 29 0.137
16 30 0.138
16 41 0.145
16 42 0.149
16 44 0.157
16 51 0.084
16 56 0.144
16 62 0.158
16 66 0.138
16 68 0.145
16 71 0.139
16 73 0.111
16 75 0.176
16 76 0.137
16 77 0.15
16 79 0.093
16 87 0.092
16 90 0.138
16 91 0.151
16 95 0.158
17 18 0.914
17 88 1
17 54 0.815
17 29 0.808
17 44 0.984
17 40 0.688
17 97 0.636
17 46 0.712
17 66 0.877
17 34 0.763
17 64 0.653
17 93 0.175
17 95 0.158
17 68 0.113
17 20 0.162
17 21 0.11
17 48 0.158
17 70 0.153
17 81 0.188
17 27 0.069
17 28 0.151
17 31 0.171
17 32 0.195
17 53 0.172
17 56 0.143
17 60 0.103
17 79 0.158
17 92 0.13
17 23 0.147
17 24 0.148
17 26 0.077
17 30 0.153
17 37 0.169
17 38 0.2
17 39 0.111
17 42 0.173
17 47 0.169
17 50 0.16
17 51 0.121
17 52 0.129
17 57 0.15
17 58 0.181
17 62 0.149
17 67 0.083
17 69 0.1
17 71 0.114
17 76 0.165
17 77 0.129
17 82 0.101
17 90 0.13
17 94 0.149
17 96 0.122
18 68 0.629
18 94 0.731
18 80 0.769
18 85 0.746
18 95 0.174
18 99 0.161
18 33 0.124
18 53 0.133
18 75 0.169
18 19 0.082
18 21 0.206
18 22 0.149
18 39 0.157
18 69 0.151
18 79 0.229
18 23 0.187
18 27 0.127
18 28 0.13
18 31 0.198
18 37 0.184
18 41 0.178
18 54 0.188
18 58 0.104
18 60 0.171
18 70 0.176
18 71 0.109
18 74 0.147
18 76 0.169
18 86 0.14
18 91 0.229
18 92 0.115
19 61 0.647
19 89 0.922
19 38 1
19 98 0.654
19 28 0.862
19 46 0.793
19 32 1
19 60 1
19 42 0.159
19 92 0.213
19 85 0.136
19 33 0.153
19 53 0.156
19 64 0.101
19 68 0.183
19 96 0.127
19 21 0.077
19 35 0.122
19 49 0.116
19 54 0.134
19 72 0.144
19 74 0.136
19 76 0.181
19 88 0.16
19 22 0.176
19 24 0.18
19 37 0.142
19 41 0.158
19 52 0.13
19 56 0.126
19 59 0.106
19 77 0.13
19 78 0.185
19 81 0.182
19 83 0.145
19 86 0.163
19 90 0.138
19 94 0.152
19 95 0.172
20 60 1
20 32 0.141
20 48 0.167
20 71 0.143
20 26 0.163
20 55 0.178
20 57 0.144
20 58 0.148
20 67 0.201
20 69 0.168
20 81 0.136
20 83 0.187
20 22 0.125
20 23 0.155
20 24 0.177
20 28 0.157
20 34 0.123
20 35 0.201
20 38 0.15
20 43 0.167
20 49 0.151
20 51 0.133
20 61 0.137
20 63 0.217
20 68 0.164
20 70 0.117
20 73 0.108
20 75 0.173
20 77 0.126
20 78 0.145
20 82 0.097
20 85 0.144
20 86 0.178
20 88 0.185
20 90 0.111
20 91 0.161
20 97 0.206
21 30 0.72
21 39 0.846
21 68 0.672
21 89 0.851
21 26 0.948
21 35 0.911
21 22 0.127
21 75 0.519
21 23 0.141
21 29 0.12
21 71 0.109
21 74 0.179
21 78 0.006
21 87 0.174
21 24 0.13
21 49 0.218
21 61 0.113
21 63 0.163
21 72 0.092
21 80 0.104
21 25 0.126
21 28 0.09
21 32 0.164
21 33 0.157
21 34 0.129
21 36 0.173
21 37 0.15
21 41 0.118
21 48 0.137
21 51 0.134
21 53 0.179
21 56 0.147
21 57 0.149
21 59 0.131
21 69 0.174
21 76 0.144
21 82 0.14
21 91 0.164
21 92 0.195
21 94 0.098
21 95 0.213
21 96 0.151
21 98 0.188
22 77 0.593
22 43 0.671
22 30 0.747
22 25 0.691
22 85 0.677
22 27 0.173
22 95 0.018
22 51 0.114
22 98 0.161
22 35 0.225
22 36 0.177
22 37 0.119
22 41 0.091
22 50 0.122
22 55 0.163
22 63 0.132
22 68 0.115
22 79 0.179
22 23 0.141
22 24 0.117
22 26 0.181
22 33 0.134
22 38 0.206
22 39 0.166
22 42 0.135
22 52 0.113
22 54 0.222
22 57 0.212
22 64 0.208
22 67 0.161
22 70 0.168
22 74 0.168
22 82 0.16
22 84 0.152
22 89 0.189
22 96 0.127
23 62 0.751
23 81 0.971
23 83 0.58
23 25 0.846
23 92 0.514
23 87 0.858
23 33 0.137
23 47 0.136
23 49 0.062
23 67 0.133
23 74 0.137
23 28 0.186
23 40 0.203
23 44 0.099
23 48 0.116
23 61 0.196
23 82 0.159
23 95 0.16
23 29 0.141
23 30 0.154
23 32 0.139
23 35 0.113
23 42 0.136
23 43 0.177
23 46 0.148
23 52 0.162
23 53 0.189
23 55 0.178
23 59 0.144
23 60 0.133
23 70 0.159
23 75 0.142
23 85 0.176
23 89 0.172
23 90 0.128
23 97 0.201
23 98 0.17
24 49 0.922
24 26 0.591
24 91 1
24 77 1
24 75 0.63
24 37 0.797
24 29 0.154
24 25 0.181
24 54 0.146
24 34 0.206
24 43 0.117
24 45 0.121
24 50 0.136
24 62 0.212
24 73 0.101
24 79 0.165
24 94 0.188
24 27 0.08
24 28 0.138
24 31 0.167
24 33 0.121
24 38 0.166
24 46 0.157
24 55 0.114
24 58 0.157
24 59 0.176
24 63 0.166
24 65 0.163
24 68 0.129
24 70 0.175
24 78 0.181
24 83 0.142
24 87 0.153
24 92 0.109
25 66 1
25 95 0.695
25 34 0.878
25 35 0.812
25 92 0.759
25 97 0.687
25 56 0.606
25 62 0.621
25 54 0.154
25 33 0.189
25 39 0.134
25 58 0.229
25 94 0.158
25 27 0.195
25 38 0.176
25 40 0.12
25 82 0.101
25 93 0.089
25 26 0.143
25 28 0.208
25 29 0.15
25 31 0.162
25 36 0.169
25 37 0.174
25 47 0.159
25 49 0.203
25 52 0.176
25 55 0.074
25 61 0.172
25 63 0.117
25 64 0.199
25 68 0.136
25 71 0.157
25 72 0.13
25 74 0.117
25 79 0.175
25 86 0.17
25 90 0.132
25 99 0.161
26 88 0.964
26 92 1
26 84 1
26 38 0.758
26 35 0.88
26 49 0.695
26 47 0.239
26 36 0.187
26 52 0.14
26 60 0.111
26 71 0.138
26 81 0.05
26 97 0.188
26 28 0.184
26 53 0.199
26 59 0.129
26 61 0.179
26 79 0.146
26 87 0.167
26 95 0.135
26 29 0.161
26 30 0.172
26 32 0.147
26 34 0.148
26 39 0.172
26 43 0.139
26 46 0.151
26 48 0.159
26 67 0.162
26 73 0.125
26 74 0.117
26 82 0.133
26 85 0.185
26 90 0.183
26 91 0.132
27 85 0.934
27 45 0.958
27 35 0.905
27 57 0.892
27 30 0.937
27 94 0.908
27 93 0.938
27 47 1
27 58 0.543
27 29 0.204
27 96 0.178
27 61 0.164
27 86 0.079
27 41 0.103
27 76 0.182
27 31 0.182
27 42 0.146
27 82 0.176
27 90 0.104
27 97 0.161
27 49 0.119
27 50 0.125
27 52 0.121
27 59 0.143
27 60 0.152
27 65 0.164
27 68 0.143
27 70 0.116
27 71 0.149
27 79 0.178
27 81 0.159
27 83 0.147
27 84 0.161
27 88 0.16
27 89 0.111
27 91 0.141
27 92 0.203
27 99 0.152
28 83 0.62
28 93 0.7
28 31 0.766
28 63 0.777
28 47 1
28 50 0.932
28 29 0.529
28 40 0.68
28 64 0.606
28 59 0.564
28 57 0.154
28 30 0.192
28 68 0.216
28 70 0.075
28 90 0.136
28 42 0.16
28 60 0.16
28 85 0.175
28 92 0.144
28 34 0.171
28 35 0.206
28 38 0.109
28 39 0.147
28 45 0.144
28 56 0.172
28 61 0.209
28 66 0.168
28 71 0.202
28 74 0.135
28 78 0.121
28 79 0.185
28 80 0.143
28 82 0.148
28 91 0.141
28 97 0.142
28 98 0.124
28 99 0.134
29 32 0.823
29 65 0.925
29 90 0.977
29 66 0.94
29 94 0.438
29 31 1
29 38 0.55
29 76 0.574
29 51 0.096
29 67 0.11
29 30 0.068
29 43 0.111
29 45 0.142
29 48 0.127
29 55 0.127
29 56 0.133
29 81 0.084
29 82 0.224
29 89 0.151
29 39 0.175
29 47 0.155
29 49 0.178
29 60 0.144
29 64 0.183
29 72 0.198
29 73 0.164
29 75 0.173
29 77 0.152
29 80 0.161
29 85 0.17
29 86 0.134
29 88 0.13
29 91 0.163
29 96 0.147
30 80 0.777
30 72 0.613
30 93 0.668
30 62 0.143
30 67 0.4
30 36 0.192
30 44 0.185
30 52 0.136
30 75 0.131
30 81 0.15
30 83 0.144
30 87 0.148
30 98 0.146
30 35 0.156
30 41 0.157
30 42 0.19
30 46 0.161
30 55 0.118
30 70 0.126
30 73 0.131
30 82 0.153
30 88 0.164
30 92 0.13
30 96 0.198
31 68 0.827
31 54 1
31 74 0.666
31 48 0.638
31 34 0.872
31 51 1
31 73 1
31 41 0.752
31 52 0.585
31 67 0.266
31 50 0.141
31 95 0.163
31 58 0.18
31 60 0.171
31 76 0.197
31 80 0.079
31 35 0.145
31 39 0.179
31 63 0.157
31 71 0.182
31 83 0.186
31 87 0.079
31 98 0.184
31 32 0.141
31 38 0.208
31 42 0.209
31 45 0.122
31 47 0.162
31 49 0.141
31 59 0.159
31 66 0.183
31 79 0.187
31 89 0.148
31 91 0.173
31 92 0.205
32 60 0.883
32 67 0.604
32 76 0.808
32 54 0.804
32 61 0.872
32 87 0.642
32 92 0.615
32 77 0.572
32 41 0.112
32 43 0.147
32 44 0.25
32 82 0.155
32 86 0.169
32 39 0.126
32 48 0.171
32 50 0.104
32 62 0.166
32 65 0.158
32 78 0.181
32 88 0.229
32 33 0.16
32 37 0.191
32 45 0.154
32 51 0.098
32 52 0.139
32 64 0.102
32 66 0.137
32 68 0.118
32 69 0.195
32 70 0.137
32 75 0.13
32 85 0.157
32 90 0.157
32 97 0.165
33 94 0.985
33 84 0.512
33 34 0.854
33 39 0.965
33 86 0.769
33 42 0.803
33 85 0.745
33 98 0.697
33 45 0.567
33 58 0.141
33 76 0.143
33 35 0.174
33 36 0.207
33 53 0.163
33 54 0.146
33 40 0.14
33 46 0.151
33 48 0.108
33 49 0.1
33 63 0.142
33 65 0.125
33 68 0.179
33 70 0.127
33 87 0.143
33 88 0.146
33 92 0.148
33 43 0.132
33 57 0.146
33 59 0.073
33 60 0.17
33 61 0.106
33 64 0.13
33 67 0.159
33 69 0.168
33 71 0.186
33 77 0.136
33 78 0.166
33 81 0.167
33 82 0.123
33 83 0.097
33 90 0.133
33 96 0.133
33 97 0.147
34 59 1
34 64 1
34 80 0.887
34 68 0.179
34 50 0.13
34 67 0.178
34 92 0.118
34 36 0.082
34 44 0.135
34 54 0.221
34 77 0.174
34 83 0.188
34 43 0.162
34 51 0.159
34 55 0.213
34 58 0.14
34 72 0.213
34 74 0.144
34 78 0.157
34 79 0.173
34 88 0.142
34 89 0.105
34 93 0.154
34 99 0.136
35 74 0.936
35 39 1.0
35 96 0.668
35 69 0.548
35 79 0.173
35 77 0.197
35 80 0.187
35 89 0.267
35 97 0.192
35 42 0.191
35 51 0.182
35 60 0.109
35 65 0.176
35 38 0.201
35 40 0.162
35 44 0.125
35 48 0.128
35 54 0.148
35 57 0.171
35 59 0.088
35 63 0.164
35 67 0.178
35 70 0.175
35 71 0.204
35 75 0.118
35 76 0.134
35 82 0.184
35 85 0.186
35 90 0.133
35 91 0.126
35 95 0.16
36 45 0.978
36 96 0.738
36 38 0.163
36 68 0.137
36 50 0.154
36 51 0.104
36 85 0.146
36 90 0.123
36 49 0.11
36 62 0.178
36 76 0.082
36 95 0.19
36 98 0.137
36 37 0.113
36 39 0.153
36 44 0.149
36 46 0.085
36 54 0.104
36 56 0.146
36 58 0.158
36 70 0.133
36 71 0.131
36 78 0.182
36 84 0.147
36 89 0.179
36 93 0.183
36 94 0.108
36 99 0.137
37 58 1
37 73 0.876
37 53 0.55
37 68 0.883
37 46 0.716
37 76 0.821
37 39 1
37 79 0.923
37 81 0.574
37 60 0.16
37 82 0.154
37 89 0.179
37 40 0.054
37 47 0.143
37 67 0.123
37 70 0.184
37 87 0.145
37 91 0.185
37 99 0.148
37 43 0.112
37 50 0.119
37 51 0.185
37 66 0.139
37 69 0.098
37 71 0.142
37 72 0.182
37 74 0.167
37 78 0.08
37 84 0.149
37 90 0.09
37 93 0.149
37 95 0.211
38 75 0.872
38 47 1
38 73 1
38 69 0.788
38 67 0.972
38 64 1
38 62 0.823
38 45 0.547
38 52 0.861
38 42 0.16
38 66 0.039
38 81 0.116
38 94 0.103
38 43 0.136
38 44 0.144
38 54 0.198
38 63 0.124
38 78 0.137
38 79 0.176
38 80 0.091
38 88 0.115
38 51 0.154
38 53 0.104
38 55 0.13
38 56 0.153
38 61 0.141
38 65 0.137
38 76 0.097
38 77 0.18
38 84 0.12
38 91 0.18
38 93 0.106
38 95 0.079
39 72 0.967
39 49 0.799
39 71 0.696
39 87 0.892
39 53 1
39 98 0.17
39 81 0.171
39 60 0.013
39 74 0.162
39 85 0.097
39 86 0.132
39 50 0.141
39 58 0.144
39 67 0.131
39 94 0.026
39 51 0.165
39 57 0.161
39 65 0.15
39 75 0.157
39 77 0.124
39 82 0.188
39 83 0.165
39 92 0.157
39 93 0.141
39 97 0.113
40 69 0.821
40 90 0.149
40 91 0.126
40 41 0.116
40 48 0.129
40 49 0.145
40 74 0.169
40 75 0.129
40 79 0.153
40 42 0.173
40 46 0.126
40 47 0.163
40 50 0.177
40 58 0.155
40 59 0.159
40 64 0.154
40 66 0.192
40 67 0.144
40 68 0.147
40 70 0.144
40 71 0.129
40 77 0.209
40 88 0.119
40 94 0.088
40 95 0.106
40 97 0.135
40 98 0.17
40 99 0.14
41 70 0.963
41 47 0.208
41 89 0.127
41 49 0.133
41 57 0.161
41 74 0.406
41 94 0.129
41 45 0.151
41 46 0.169
41 48 0.155
41 50 0.196
41 54 0.083
41 55 0.17
41 56 0.143
41 62 0.096
41 63 0.169
41 69 0.118
41 75 0.162
41 76 0.214
41 78 0.144
41 80 0.125
41 83 0.188
41 84 0.166
41 92 0.112
41 95 0.17
42 64 0.934
42 68 0.634
42 58 0.726
42 46 0.205
42 43 0.236
42 62 0.124
42 87 0.075
42 57 0.139
42 59 0.165
42 60 0.144
42 61 0.165
42 69 0.132
42 71 0.14
42 72 0.121
42 75 0.136
42 85 0.123
42 92 0.198
42 94 0.147
42 47 0.14
42 49 0.195
42 53 0.171
42 56 0.174
42 65 0.169
42 66 0.12
42 74 0.134
42 76 0.157
42 77 0.203
42 78 0.15
42 79 0.053
42 84 0.168
42 86 0.193
42 90 0.152
42 91 0.116
42 97 0.152
42 98 0.131
43 71 0.926
43 61 0.806
43 63 0.878
43 59 0.114
43 52 0.152
43 76 0.163
43 85 0.098
43 44 0.115
43 45 0.14
43 49 0.144
43 50 0.165
43 53 0.147
43 54 0.157
43 67 0.161
43 68 0.095
43 73 0.126
43 75 0.148
43 89 0.196
43 90 0.143
43 92 0.156
43 95 0.159
43 98 0.156
44 71 0.825
44 58 1
44 57 0.612
44 55 0.564
44 46 0.842
44 61 0.341
44 70 0.206
44 47 0.156
44 73 0.193
44 53 0.2
44 93 0.135
44 45 0.12
44 54 0.202
44 62 0.182
44 65 0.186
44 69 0.161
44 88 0.11
44 91 0.135
44 52 0.16
44 60 0.166
44 66 0.135
44 68 0.168
44 72 0.198
44 74 0.186
44 75 0.147
44 76 0.199
44 78 0.158
44 80 0.146
44 84 0.099
44 90 0.085
44 92 0.17
44 97 0.154
44 98 0.173
45 55 0.65
45 99 0.839
45 83 0.737
45 90 0.888
45 95 0.839
45 96 0.174
45 72 0.102
45 61 0.15
45 68 0.192
45 94 0.133
45 63 0.073
45 77 0.166
45 46 0.182
45 47 0.14
45 48 0.164
45 49 0.137
45 59 0.185
45 60 0.2
45 62 0.116
45 66 0.129
45 75 0.158
45 80 0.069
45 81 0.183
45 82 0.162
45 84 0.154
45 92 0.123
46 96 1
46 59 0.705
46 76 0.899
46 54 0.576
46 83 0.169
46 50 0.184
46 73 0.167
46 48 0.147
46 66 0.132
46 80 0.208
46 98 0.184
46 49 0.127
46 55 0.135
46 56 0.156
46 64 0.162
46 67 0.135
46 72 0.151
46 75 0.122
46 82 0.146
46 84 0.188
46 87 0.13
46 88 0.126
46 91 0.147
46 95 0.096
46 99 0.197
47 71 0.729
47 69 1
47 79 1
47 52 0.112
47 84 0.135
47 86 0.158
47 90 0.216
47 91 0.136
47 58 0.148
47 70 0.119
47 74 0.168
47 75 0.122
47 77 0.198
47 82 0.106
47 93 0.141
47 49 0.107
47 50 0.107
47 57 0.118
47 60 0.151
47 63 0.167
47 67 0.122
47 78 0.191
47 83 0.145
47 88 0.141
47 89 0.112
47 96 0.17
48 62 0.787
48 49 0.629
48 57 0.99
48 54 1
48 70 0.617
48 91 0.14
48 80 0.149
48 78 0.179
48 81 0.15
48 50 0.161
48 64 0.206
48 77 0.148
48 92 0.143
48 60 0.158
48 63 0.169
48 65 0.091
48 79 0.149
48 82 0.157
48 84 0.151
48 88 0.158
48 93 0.119
49 50 0.988
49 74 0.631
49 89 0.895
49 67 0.978
49 84 0.166
49 85 0.171
49 60 0.242
49 92 0.131
49 51 0.147
49 76 0.072
49 78 0.159
49 86 0.146
49 91 0.151
49 93 0.153
49 95 0.123
49 99 0.178
49 56 0.147
49 79 0.065
49 82 0.137
49 87 0.12
49 52 0.164
49 53 0.132
49 55 0.104
49 57 0.166
49 58 0.236
49 61 0.171
49 68 0.156
49 69 0.076
49 71 0.129
49 72 0.165
49 73 0.148
49 81 0.162
49 90 0.164
49 94 0.137
49 96 0.19
49 97 0.147
50 87 0.904
50 96 1
50 92 0.978
50 53 0.855
50 62 0.896
50 72 0.962
50 58 0.154
50 65 0.217
50 94 0.156
50 99 0.108
50 56 0.094
50 60 0.175
50 68 0.188
50 70 0.15
50 79 0.179
50 86 0.147
50 88 0.154
50 89 0.094
50 52 0.154
50 57 0.151
50 67 0.164
50 71 0.174
50 73 0.148
50 77 0.148
50 78 0.178
50 91 0.217
51 83 0.896
51 58 0.097
51 61 0.137
51 55 0.17
51 82 0.208
51 89 0.14
51 93 0.264
51 95 0.152
51 52 0.153
51 57 0.134
51 53 0.146
51 65 0.095
51 66 0.141
51 68 0.134
51 70 0.141
51 85 0.168
51 86 0.143
51 87 0.162
51 88 0.128
51 92 0.156
51 94 0.142
52 64 0.861
52 61 0.742
52 93 1
52 95 0.201
52 56 0.186
52 59 0.143
52 62 0.18
52 65 0.174
52 78 0.282
52 79 0.159
52 85 0.199
52 54 0.196
52 66 0.181
52 68 0.116
52 70 0.078
52 74 0.12
52 75 0.123
52 86 0.197
52 87 0.181
52 90 0.189
52 96 0.138
52 97 0.13
52 98 0.162
53 57 1
53 95 0.923
53 92 1
53 96 0.953
53 99 1
53 98 0.785
53 60 0.164
53 67 0.124
53 68 0.133
53 74 0.11
53 82 0.183
53 90 0.135
53 97 0.206
53 54 0.098
53 55 0.142
53 62 0.153
53 63 0.141
53 66 0.154
53 71 0.095
53 73 0.19
53 77 0.09
53 78 0.165
53 81 0.172
53 84 0.136
53 94 0.095
54 64 0.637
54 82 0.649
54 76 1
54 86 0.147
54 80 0.149
54 94 0.182
54 58 0.1
54 70 0.163
54 93 0.127
54 98 0.143
54 59 0.161
54 60 0.143
54 61 0.13
54 65 0.13
54 66 0.082
54 67 0.189
54 85 0.191
54 87 0.152
54 90 0.083
54 92 0.141
55 95 0.616
55 60 1
55 59 0.736
55 89 0.81
55 92 0.511
55 71 0.617
55 57 0.702
55 76 0.212
55 79 0.121
55 62 0.185
55 61 0.013
55 64 0.13
55 86 0.128
55 56 0.136
55 75 0.146
55 77 0.144
55 87 0.156
55 98 0.156
56 64 0.67
56 79 0.792
56 90 0.535
56 62 0.111
56 63 0.136
56 84 0.159
56 86 0.203
56 68 0.118
56 72 0.157
56 74 0.169
56 91 0.117
56 93 0.138
56 58 0.081
56 65 0.149
56 66 0.119
56 67 0.165
56 73 0.149
56 75 0.173
56 76 0.147
56 80 0.161
56 83 0.18
56 92 0.149
56 94 0.131
56 95 0.152
56 99 0.126
57 87 0.805
57 58 1
57 64 0.923
57 66 0.704
57 83 1
57 75 0.727
57 91 0.157
57 62 0.12
57 69 0.134
57 73 0.2
57 77 0.163
57 89 0.163
57 59 0.146
57 60 0.121
57 61 0.198
57 72 0.087
57 76 0.107
57 88 0.149
57 92 0.141
57 94 0.098
57 97 0.165
57 98 0.109
58 91 0.992
58 70 0.159
58 99 0.162
58 67 0.083
58 71 0.135
58 75 0.133
58 81 0.185
58 90 0.135
58 93 0.146
58 61 0.123
58 62 0.129
58 76 0.113
58 77 0.186
58 79 0.128
58 82 0.138
58 83 0.164
58 86 0.204
58 87 0.128
58 94 0.144
58 96 0.154
59 68 0.96
59 73 1
59 83 0.842
59 87 0.539
59 67 0.155
59 61 0.157
59 77 0.108
59 80 0.147
59 82 0.146
59 69 0.173
59 75 0.225
59 86 0.135
59 90 0.129
59 91 0.216
59 92 0.106
59 95 0.136
60 73 1
60 91 0.999
60 98 0.959
60 74 0.21
60 83 0.074
60 85 0.175
60 62 0.116
60 63 0.105
60 68 0.154
60 75 0.173
60 82 0.144
60 86 0.21
60 96 0.109
60 64 0.152
60 65 0.157
60 67 0.177
60 76 0.167
60 78 0.164
60 79 0.133
60 89 0.201
60 93 0.147
61 97 0.871
61 79 0.157
61 90 0.259
61 67 0.17
61 68 0.163
61 84 0.089
61 89 0.126
61 99 0.175
61 65 0.139
61 66 0.144
61 77 0.191
61 78 0.219
61 82 0.16
61 92 0.155
61 98 0.19
62 75 0.789
62 88 0.78
62 76 0.643
62 78 0.883
62 81 0.583
62 70 0.16
62 65 0.137
62 72 0.152
62 86 0.117
62 80 0.141
62 87 0.115
62 99 0.177
62 64 0.151
62 68 0.132
62 89 0.154
62 93 0.093
63 70 0.583
63 64 0.88
63 65 0.668
63 98 0.831
63 83 0.887
63 81 0.166
63 73 0.193
63 75 0.148
63 80 0.148
63 94 0.181
63 71 0.08
63 87 0.117
63 97 0.123
63 72 0.186
63 74 0.188
63 76 0.134
63 77 0.126
63 78 0.109
63 79 0.104
63 86 0.14
63 88 0.145
63 89 0.173
63 90 0.205
63 91 0.171
63 93 0.105
63 95 0.202
63 96 0.123
64 75 0.846
64 81 0.63
64 84 1
64 95 0.874
64 73 0.909
64 77 0.121
64 65 0.153
64 68 0.155
64 70 0.221
64 92 0.147
64 98 0.135
64 74 0.129
64 80 0.185
64 87 0.111
64 96 0.172
65 96 0.812
65 72 0.68
65 76 0.89
65 70 0.531
65 87 0.785
65 95 0.165
65 66 0.185
65 73 0.195
65 91 0.103
65 67 0.128
65 68 0.135
65 69 0.193
65 74 0.143
65 78 0.132
65 81 0.211
65 82 0.161
65 85 0.151
65 86 0.161
65 88 0.116
65 92 0.159
65 98 0.144
65 99 0.162
66 89 0.924
66 78 0.823
66 68 0.179
66 69 0.154
66 83 0.217
66 98 0.192
66 67 0.204
66 70 0.113
66 72 0.19
66 76 0.192
66 85 0.107
66 88 0.178
66 91 0.224
66 92 0.139
66 93 0.206
66 96 0.105
67 99 1
67 75 0.795
67 76 0.171
67 95 0.218
67 73 0.125
67 81 0.157
67 93 0.132
67 68 0.126
67 77 0.164
67 78 0.181
67 79 0.146
67 82 0.194
67 84 0.123
67 85 0.141
67 86 0.161
67 91 0.17
67 96 0.109
68 95 0.801
68 74 0.568
68 83 0.121
68 69 0.188
68 93 0.167
68 98 0.083
68 71 0.124
68 73 0.14
68 75 0.084
68 79 0.139
68 81 0.158
68 82 0.135
68 84 0.209
68 88 0.182
68 96 0.16
69 75 0.577
69 99 0.895
69 93 0.733
69 96 0.725
69 92 0.694
69 82 0.36
69 74 0.176
69 80 0.18
69 94 0.132
69 70 0.202
69 72 0.163
69 73 0.147
69 76 0.129
69 78 0.161
69 79 0.103
69 87 0.159
69 88 0.172
69 89 0.117
69 91 0.224
69 95 0.165
69 97 0.173
70 91 1
70 71 0.505
70 84 0.268
70 76 0.027
70 73 0.133
70 77 0.108
70 81 0.116
70 83 0.15
70 89 0.124
70 96 0.166
70 97 0.19
70 99 0.112
71 86 1
71 84 0.879
71 79 0.149
71 98 0.157
71 75 0.138
71 80 0.153
71 83 0.198
71 85 0.127
71 88 0.142
71 91 0.137
71 94 0.188
71 99 0.135
72 78 0.534
72 75 1
72 85 0.582
72 79 0.126
72 80 0.143
72 81 0.157
72 95 0.207
72 73 0.132
72 84 0.158
72 86 0.168
72 87 0.165
72 91 0.174
72 92 0.115
72 96 0.164
72 97 0.137
73 89 0.981
73 80 0.911
73 77 0.648
73 84 0.858
73 82 0.145
73 86 0.162
73 87 0.144
73 92 0.173
73 99 0.187
73 74 0.16
73 79 0.157
73 81 0.172
73 85 0.108
73 91 0.105
73 93 0.147
73 97 0.198
73 98 0.161
74 78 0.768
74 88 0.721
74 82 0.788
74 97 0.16
74 76 0.187
74 86 0.133
74 90 0.173
74 75 0.147
74 80 0.145
74 83 0.142
74 85 0.186
74 91 0.166
74 92 0.141
74 99 0.173
75 84 1
75 81 0.164
75 85 0.248
75 87 0.178
75 89 0.122
75 76 0.138
75 86 0.13
75 88 0.129
75 93 0.1
75 78 0.118
75 79 0.168
75 80 0.181
75 83 0.155
75 92 0.158
75 95 0.203
75 96 0.179
75 97 0.149
75 99 0.168
76 86 0.147
76 96 0.175
76 99 0.155
76 78 0.172
76 80 0.229
76 92 0.174
76 77 0.146
76 88 0.132
76 95 0.122
77 78 1
77 89 0.758
77 92 0.133
77 95 0.116
77 86 0.158
77 91 0.105
78 86 0.545
78 99 0.163
78 82 0.119
78 92 0.155
78 83 0.118
78 85 0.149
78 96 0.089
78 97 0.169
79 94 1
79 83 0.118
79 90 0.113
79 92 0.138
79 88 0.078
79 80 0.133
79 81 0.114
79 82 0.176
79 85 0.219
79 86 0.142
79 89 0.145
79 93 0.075
79 96 0.128
79 99 0.196
80 93 0.775
80 91 0.123
80 98 0.139
80 81 0.113
80 82 0.119
80 86 0.113
80 88 0.108
80 90 0.173
80 94 0.167
80 96 0.13
81 89 0.223
81 91 0.12
81 93 0.171
81 83 0.203
81 84 0.156
81 87 0.182
81 94 0.169
81 97 0.148
81 98 0.151
81 99 0.195
82 86 0.874
82 95 0.176
82 83 0.173
82 87 0.142
82 88 0.108
82 89 0.185
82 92 0.183
82 97 0.134
82 98 0.114
83 86 0.548
83 85 0.679
83 94 0.189
83 89 0.157
83 98 0.136
83 84 0.099
83 87 0.163
83 91 0.126
83 93 0.126
83 95 0.166
84 94 0.76
84 90 0.181
84 87 0.095
84 95 0.129
84 85 0.163
84 93 0.112
84 97 0.181
84 98 0.196
85 97 0.959
85 87 0.207
85 92 0.157
85 99 0.187
86 91 0.193
86 93 0.167
86 87 0.168
86 88 0.16
86 95 0.206
86 96 0.135
87 91 0.964
87 93 1
87 97 0.76
87 94 0.223
87 99 0.137
88 92 0.55
88 94 0.193
88 93 0.192
88 95 0.123
88 96 0.165
88 97 0.181
89 96 0.009
89 90 0.087
89 92 0.09
89 93 0.191
89 94 0.074
89 95 0.172
89 98 0.143
89 99 0.248
90 91 0.153
90 97 0.176
90 99 0.153
91 92 0.629
91 93 0.123
91 94 0.187
91 95 0.167
91 99 0.146
92 96 0.153
93 98 0.908
93 95 0.199
94 98 1
95 99 0.099
96 99 0.146
96 97 0.137
98 99 0.17
