0 49 0.601
0 93 1
1 98 1
2 66 0.884
3 31 0.675
4 20 0.997
4 68 0.981
5 23 0.548
6 84 0.853
7 83 0.644
8 77 0.874
9 50 0.914
10 79 0.736
11 45 0.697
12 38 0.932
13 43 0.755
14 50 1.0
15 83 1
16 72 0.598
17 36 0.655
18 65 0.702
19 24 0.747
20 81 0.832
21 56 1
22 77 0.908
22 87 0.682
23 60 0.929
25 80 0.696
26 59 0.673
27 93 0.861
28 86 0.85
29 74 0.841
30 97 1
32 63 0.751
33 61 0.898
34 73 1
35 43 0.602
36 83 0.667
37 91 1
38 96 0.819
39 83 0.919
40 57 0.823
41 61 0.661
42 44 0.705
46 96 0.737
46 57 0.622
47 55 0.927
48 81 0.898
51 91 0.555
52 97 0.826
53 92 0.891
54 82 0.49
58 94 0.955
62 98 1
63 69 0.799
64 99 0.817
65 70 1
67 76 0.691
71 96 1
72 88 0.785
75 86 0.756
76 82 0.913
78 96 1
80 89 0.889
82 91 0.947
85 97 0.602
90 98 0.526
92 95 0.693
