0 41 0.939
0 2 0.025
0 3 0.286
0 4 0.104
0 5 0.236
0 6 0.144
0 7 0.08
0 9 0.049
0 10 0.006
0 11 0.334
0 12 0.24
0 13 0.057
0 14 0.239
0 15 0.131
0 16 0.132
0 17 0.175
0 18 0.213
0 19 0.195
0 20 0.255
0 22 0.148
0 23 0.073
0 24 0.029
0 25 0.173
0 26 0.347
0 27 0.018
0 28 0.142
0 29 0.019
0 31 0.125
0 32 0.155
0 33 0.286
0 35 0.2
0 36 0.227
0 37 0.089
0 38 0.236
0 39 0.152
0 40 0.138
0 42 0.118
0 43 0.118
0 44 0.113
0 45 0.28
0 46 0.173
0 47 0.175
0 48 0.089
0 50 0.114
0 51 0.332
0 53 0.011
0 54 0.1
0 55 0.155
0 57 0.112
0 59 0.1
0 61 0.329
0 63 0.145
0 66 0.119
0 67 0.154
0 69 0.153
0 70 0.063
0 71 0.03
0 72 0.151
0 73 0.156
0 75 0.144
0 77 0.205
0 78 0.084
0 80 0.164
0 81 0.331
0 82 0.145
0 83 0.205
0 85 0.083
0 86 0.16
0 87 0.317
0 89 0.201
0 92 0.11
0 93 0.147
0 94 0.172
0 96 0.145
0 97 0.068
0 99 0.14
0 1 0.18
0 8 0.198
0 21 0.147
0 30 0.169
0 34 0.171
0 49 0.09
0 56 0.19
0 58 0.119
0 60 0.23
0 62 0.13
0 64 0.138
0 68 0.173
0 74 0.112
0 76 0.173
0 79 0.117
0 84 0.153
0 88 0.129
0 90 0.16
0 91 0.124
0 95 0.157
0 98 0.116
1 10 1
1 2 0.117
1 3 0.193
1 4 0.296
1 5 0.189
1 6 0.169
1 7 0.029
1 8 0.214
1 9 0.232
1 13 0.167
1 15 0.256
1 16 0.166
1 17 0.173
1 18 0.134
1 19 0.021
1 20 0.136
1 21 0.143
1 22 0.312
1 23 0.301
1 24 0.128
1 25 0.235
1 26 0.113
1 27 0.152
1 28 0.237
1 29 0.163
1 30 0.137
1 31 0.182
1 33 0.275
1 34 0.091
1 35 0.167
1 36 0.139
1 37 0.134
1 38 0.158
1 40 0.131
1 41 0.054
1 42 0.196
1 43 0.02
1 44 0.034
1 46 0.111
1 47 0.152
1 48 0.199
1 50 0.144
1 51 0.102
1 53 0.14
1 54 0.097
1 56 0.149
1 57 0.033
1 58 0.163
1 59 0.154
1 61 0.169
1 62 0.177
1 63 0.167
1 64 0.094
1 65 0.021
1 66 0.373
1 67 0.192
1 70 0.102
1 72 0.167
1 73 0.055
1 74 0.19
1 75 0.13
1 76 0.083
1 77 0.148
1 78 0.127
1 79 0.166
1 80 0.149
1 81 0.144
1 82 0.135
1 83 0.152
1 84 0.147
1 86 0.157
1 89 0.106
1 90 0.301
1 91 0.217
1 92 0.124
1 95 0.163
1 96 0.217
1 97 0.05
1 98 0.238
1 99 0.157
1 11 0.153
1 32 0.113
1 39 0.135
1 45 0.167
1 49 0.118
1 52 0.125
1 55 0.126
1 60 0.15
1 68 0.192
1 69 0.164
1 85 0.164
1 87 0.212
1 88 0.138
1 94 0.146
2 48 0.861
2 3 0.157
2 5 0.078
2 6 0.107
2 9 0.422
2 10 0.163
2 11 0.206
2 12 0.135
2 13 0.076
2 14 0.119
2 15 0.208
2 16 0.111
2 17 0.227
2 19 0.301
2 20 0.202
2 21 0.108
2 22 0.163
2 24 0.164
2 25 0.151
2 26 0.182
2 27 0.105
2 28 0.064
2 29 0.07
2 30 0.264
2 32 0.282
2 33 0.23
2 34 0.144
2 35 0.111
2 37 0.225
2 39 0.13
2 41 0.169
2 42 0.146
2 43 0.413
2 44 0.187
2 45 0.183
2 46 0.01
2 47 0.2
2 49 0.065
2 50 0.128
2 51 0.284
2 52 0.252
2 53 0.106
2 55 0.076
2 56 0.186
2 57 0.177
2 59 0.206
2 60 0.069
2 61 0.1
2 62 0.299
2 63 0.131
2 64 0.164
2 65 0.035
2 66 0.184
2 67 0.319
2 70 0.302
2 71 0.089
2 72 0.24
2 73 0.149
2 74 0.075
2 75 0.139
2 76 0.132
2 77 0.219
2 78 0.177
2 79 0.144
2 80 0.063
2 81 0.219
2 82 0.154
2 84 0.123
2 86 0.262
2 87 0.169
2 88 0.218
2 89 0.149
2 92 0.091
2 93 0.151
2 94 0.148
2 95 0.15
2 97 0.147
2 4 0.171
2 7 0.104
2 8 0.121
2 18 0.191
2 23 0.155
2 31 0.158
2 36 0.208
2 38 0.12
2 40 0.106
2 54 0.136
2 58 0.158
2 68 0.109
2 69 0.122
2 83 0.194
2 85 0.078
2 90 0.133
2 91 0.166
2 98 0.082
2 99 0.161
3 13 0.347
3 18 0.551
3 4 0.105
3 5 0.092
3 6 0.128
3 8 0.139
3 9 0.199
3 10 0.129
3 11 0.172
3 12 0.036
3 14 0.188
3 15 0.4
3 16 0.118
3 19 0.122
3 20 0.223
3 21 0.306
3 22 0.215
3 24 0.212
3 25 0.277
3 27 0.027
3 28 0.138
3 29 0.125
3 30 0.177
3 31 0.169
3 32 0.115
3 33 0.241
3 35 0.054
3 36 0.325
3 37 0.137
3 38 0.108
3 39 0.125
3 40 0.099
3 41 0.131
3 42 0.15
3 43 0.024
3 44 0.081
3 45 0.291
3 46 0.199
3 47 0.207
3 48 0.138
3 49 0.098
3 50 0.186
3 53 0.161
3 54 0.334
3 56 0.04
3 57 0.176
3 58 0.187
3 60 0.136
3 61 0.073
3 62 0.177
3 63 0.163
3 65 0.074
3 66 0.129
3 67 0.213
3 68 0.24
3 69 0.196
3 70 0.188
3 71 0.222
3 72 0.126
3 74 0.155
3 75 0.259
3 76 0.161
3 77 0.15
3 78 0.142
3 79 0.157
3 80 0.188
3 82 0.062
3 83 0.102
3 84 0.172
3 86 0.213
3 88 0.122
3 89 0.238
3 90 0.144
3 92 0.13
3 93 0.179
3 94 0.187
3 96 0.22
3 97 0.171
3 98 0.197
3 99 0.002
3 7 0.176
3 23 0.165
3 51 0.13
3 52 0.135
3 55 0.203
3 59 0.173
3 64 0.138
3 73 0.136
3 81 0.155
3 87 0.179
3 91 0.197
4 53 0.75
4 5 0.298
4 6 0.123
4 7 0.124
4 9 0.122
4 12 0.104
4 13 0.207
4 14 0.125
4 15 0.117
4 16 0.12
4 18 0.149
4 19 0.232
4 21 0.115
4 22 0.173
4 24 0.234
4 26 0.293
4 27 0.079
4 28 0.138
4 29 0.095
4 30 0.206
4 31 0.193
4 32 0.114
4 33 0.142
4 35 0.09
4 37 0.127
4 38 0.125
4 39 0.043
4 43 0.13
4 44 0.167
4 46 0.144
4 47 0.174
4 48 0.147
4 50 0.044
4 52 0.056
4 54 0.408
4 55 0.155
4 57 0.188
4 58 0.121
4 59 0.178
4 60 0.031
4 61 0.18
4 65 0.119
4 68 0.18
4 69 0.142
4 70 0.207
4 71 0.277
4 72 0.127
4 74 0.123
4 75 0.148
4 77 0.296
4 81 0.205
4 83 0.243
4 85 0.134
4 86 0.161
4 87 0.142
4 88 0.268
4 89 0.07
4 90 0.291
4 92 0.175
4 93 0.16
4 94 0.152
4 95 0.106
4 96 0.18
4 98 0.069
4 99 0.185
4 8 0.102
4 11 0.147
4 17 0.207
4 20 0.154
4 23 0.118
4 34 0.188
4 36 0.12
4 40 0.132
4 41 0.143
4 42 0.159
4 45 0.172
4 49 0.189
4 51 0.121
4 63 0.143
4 64 0.08
4 66 0.138
4 67 0.088
4 73 0.207
4 76 0.175
4 78 0.089
4 79 0.128
4 80 0.13
4 82 0.181
4 84 0.135
4 91 0.169
4 97 0.154
5 91 0.852
5 22 0.792
5 6 0.051
5 7 0.084
5 9 0.212
5 10 0.264
5 11 0.254
5 13 0.126
5 14 0.183
5 15 0.105
5 17 0.16
5 18 0.198
5 19 0.23
5 20 0.181
5 21 0.129
5 23 0.171
5 24 0.059
5 25 0.269
5 26 0.164
5 27 0.336
5 29 0.22
5 30 0.169
5 32 0.161
5 33 0.12
5 35 0.144
5 36 0.192
5 37 0.149
5 38 0.149
5 40 0.183
5 41 0.105
5 42 0.162
5 43 0.167
5 44 0.27
5 45 0.103
5 50 0.131
5 51 0.132
5 52 0.114
5 53 0.128
5 54 0.201
5 55 0.159
5 56 0.146
5 57 0.153
5 58 0.139
5 59 0.264
5 60 0.141
5 61 0.14
5 62 0.148
5 63 0.19
5 64 0.2
5 66 0.164
5 69 0.148
5 70 0.142
5 71 0.273
5 72 0.013
5 73 0.209
5 74 0.218
5 76 0.099
5 78 0.233
5 79 0.102
5 81 0.175
5 82 0.115
5 83 0.126
5 84 0.166
5 86 0.143
5 87 0.103
5 88 0.123
5 89 0.223
5 90 0.128
5 95 0.207
5 96 0.007
5 97 0.174
5 99 0.09
5 8 0.185
5 12 0.148
5 31 0.137
5 34 0.149
5 39 0.14
5 46 0.175
5 47 0.16
5 48 0.127
5 49 0.195
5 65 0.151
5 67 0.097
5 68 0.158
5 75 0.197
5 80 0.16
5 85 0.143
5 92 0.152
5 93 0.155
5 94 0.103
6 36 0.751
6 7 0.09
6 8 0.012
6 9 0.181
6 12 0.177
6 15 0.148
6 16 0.148
6 17 0.105
6 18 0.114
6 19 0.03
6 20 0.014
6 21 0.103
6 22 0.133
6 23 0.147
6 24 0.015
6 25 0.132
6 26 0.16
6 27 0.172
6 28 0.271
6 29 0.175
6 30 0.152
6 31 0.277
6 32 0.285
6 33 0.035
6 34 0.195
6 35 0.244
6 37 0.095
6 38 0.102
6 39 0.132
6 40 0.176
6 41 0.102
6 42 0.178
6 45 0.167
6 46 0.143
6 48 0.151
6 49 0.244
6 50 0.128
6 51 0.166
6 52 0.166
6 53 0.219
6 54 0.144
6 56 0.113
6 57 0.149
6 59 0.194
6 60 0.123
6 61 0.213
6 62 0.128
6 64 0.163
6 65 0.106
6 66 0.154
6 67 0.097
6 68 0.121
6 70 0.18
6 71 0.004
6 73 0.286
6 74 0.144
6 75 0.14
6 76 0.258
6 77 0.129
6 78 0.148
6 79 0.289
6 80 0.17
6 81 0.239
6 82 0.121
6 84 0.13
6 85 0.244
6 86 0.045
6 87 0.101
6 88 0.096
6 89 0.35
6 90 0.093
6 91 0.126
6 92 0.138
6 94 0.127
6 95 0.094
6 96 0.141
6 97 0.316
6 98 0.138
6 10 0.15
6 11 0.155
6 13 0.156
6 14 0.17
6 43 0.158
6 44 0.142
6 55 0.14
6 58 0.146
6 63 0.132
6 69 0.111
6 72 0.213
6 93 0.134
6 99 0.207
7 43 0.793
7 99 0.536
7 8 0.148
7 9 0.025
7 10 0.295
7 11 0.02
7 13 0.188
7 16 0.117
7 17 0.248
7 18 0.169
7 20 0.322
7 21 0.191
7 22 0.131
7 23 0.197
7 24 0.112
7 25 0.186
7 27 0.151
7 29 0.104
7 30 0.23
7 31 0.15
7 32 0.152
7 34 0.137
7 37 0.162
7 38 0.175
7 39 0.128
7 40 0.183
7 41 0.036
7 44 0.09
7 45 0.138
7 46 0.106
7 48 0.214
7 49 0.12
7 50 0.198
7 51 0.088
7 53 0.066
7 54 0.11
7 56 0.197
7 57 0.277
7 58 0.22
7 60 0.262
7 61 0.266
7 63 0.068
7 64 0.286
7 67 0.195
7 69 0.171
7 70 0.022
7 72 0.135
7 76 0.128
7 77 0.118
7 78 0.219
7 79 0.221
7 82 0.167
7 85 0.079
7 86 0.14
7 88 0.013
7 89 0.262
7 90 0.424
7 92 0.141
7 93 0.155
7 94 0.281
7 95 0.296
7 96 0.119
7 97 0.068
7 12 0.193
7 15 0.184
7 19 0.176
7 26 0.157
7 35 0.143
7 36 0.157
7 42 0.142
7 47 0.116
7 55 0.136
7 59 0.131
7 68 0.158
7 73 0.144
7 74 0.143
7 75 0.177
7 80 0.147
7 81 0.077
7 84 0.164
7 87 0.157
7 91 0.166
7 98 0.168
8 88 0.734
8 9 0.191
8 10 0.007
8 11 0.251
8 12 0.165
8 13 0.161
8 15 0.244
8 16 0.108
8 17 0.107
8 18 0.252
8 20 0.099
8 21 0.168
8 22 0.185
8 23 0.15
8 24 0.153
8 26 0.119
8 27 0.336
8 28 0.228
8 30 0.131
8 31 0.175
8 32 0.162
8 33 0.149
8 34 0.169
8 35 0.102
8 36 0.172
8 38 0.184
8 39 0.149
8 42 0.086
8 43 0.119
8 44 0.176
8 45 0.152
8 47 0.22
8 48 0.108
8 50 0.194
8 52 0.265
8 54 0.019
8 55 0.054
8 56 0.135
8 57 0.089
8 59 0.125
8 60 0.124
8 63 0.148
8 64 0.189
8 65 0.154
8 66 0.172
8 68 0.173
8 70 0.199
8 71 0.117
8 73 0.116
8 74 0.162
8 75 0.053
8 76 0.094
8 77 0.183
8 79 0.304
8 80 0.207
8 81 0.311
8 82 0.119
8 83 0.179
8 84 0.143
8 85 0.102
8 86 0.321
8 89 0.227
8 91 0.157
8 92 0.195
8 93 0.163
8 94 0.092
8 95 0.178
8 96 0.158
8 97 0.159
8 99 0.128
8 19 0.147
8 25 0.141
8 29 0.151
8 37 0.15
8 40 0.139
8 41 0.231
8 49 0.171
8 51 0.108
8 53 0.171
8 58 0.127
8 61 0.176
8 62 0.152
8 69 0.162
8 72 0.112
8 78 0.175
8 87 0.209
8 90 0.158
9 62 0.665
9 10 0.259
9 11 0.03
9 13 0.212
9 14 0.133
9 15 0.194
9 16 0.17
9 17 0.165
9 18 0.048
9 19 0.381
9 20 0.207
9 21 0.201
9 22 0.148
9 23 0.179
9 24 0.099
9 26 0.138
9 27 0.089
9 28 0.353
9 29 0.046
9 30 0.188
9 31 0.105
9 32 0.143
9 33 0.163
9 34 0.157
9 38 0.175
9 39 0.271
9 40 0.143
9 41 0.212
9 43 0.149
9 44 0.274
9 45 0.224
9 50 0.21
9 51 0.123
9 54 0.217
9 55 0.133
9 57 0.053
9 58 0.145
9 59 0.108
9 63 0.149
9 64 0.37
9 65 0.137
9 66 0.233
9 67 0.252
9 68 0.134
9 69 0.211
9 70 0.214
9 74 0.183
9 75 0.366
9 78 0.165
9 79 0.079
9 81 0.066
9 83 0.26
9 84 0.189
9 85 0.171
9 86 0.033
9 87 0.155
9 88 0.458
9 90 0.264
9 91 0.174
9 92 0.202
9 93 0.179
9 95 0.188
9 96 0.057
9 97 0.059
9 98 0.085
9 99 0.056
9 12 0.116
9 25 0.153
9 35 0.093
9 36 0.197
9 37 0.13
9 47 0.125
9 48 0.155
9 52 0.155
9 60 0.193
9 61 0.181
9 72 0.167
9 73 0.14
9 76 0.122
9 77 0.128
9 80 0.162
9 82 0.231
9 89 0.184
9 94 0.112
10 12 0.168
10 13 0.182
10 15 0.144
10 16 0.287
10 18 0.238
10 20 0.033
10 21 0.18
10 22 0.158
10 23 0.1
10 24 0.319
10 25 0.2
10 26 0.14
10 27 0.113
10 28 0.186
10 29 0.275
10 30 0.227
10 32 0.158
10 34 0.118
10 35 0.148
10 36 0.134
10 37 0.12
10 38 0.133
10 39 0.158
10 40 0.039
10 41 0.158
10 43 0.177
10 45 0.044
10 46 0.183
10 47 0.241
10 48 0.083
10 50 0.13
10 51 0.216
10 53 0.088
10 54 0.145
10 55 0.058
10 56 0.142
10 57 0.257
10 58 0.151
10 59 0.163
10 60 0.19
10 62 0.104
10 63 0.135
10 64 0.167
10 65 0.185
10 66 0.148
10 67 0.183
10 69 0.165
10 70 0.164
10 71 0.222
10 74 0.143
10 75 0.155
10 78 0.012
10 79 0.251
10 80 0.108
10 81 0.12
10 82 0.191
10 84 0.15
10 86 0.247
10 87 0.205
10 90 0.342
10 91 0.034
10 93 0.235
10 94 0.119
10 95 0.065
10 96 0.142
10 97 0.144
10 98 0.136
10 99 0.122
10 11 0.174
10 17 0.137
10 31 0.136
10 33 0.178
10 42 0.198
10 44 0.097
10 49 0.161
10 52 0.099
10 61 0.119
10 68 0.09
10 72 0.146
10 73 0.215
10 76 0.131
10 83 0.187
10 85 0.105
10 88 0.184
10 89 0.175
11 44 1
11 12 0.082
11 13 0.161
11 14 0.196
11 15 0.098
11 16 0.234
11 17 0.251
11 18 0.125
11 19 0.166
11 20 0.07
11 21 0.17
11 22 0.067
11 23 0.134
11 25 0.313
11 26 0.137
11 27 0.294
11 28 0.113
11 29 0.182
11 31 0.236
11 32 0.102
11 36 0.208
11 37 0.142
11 39 0.282
11 40 0.139
11 41 0.167
11 42 0.257
11 43 0.063
11 46 0.195
11 47 0.087
11 48 0.075
11 49 0.194
11 50 0.143
11 52 0.12
11 53 0.245
11 54 0.028
11 55 0.127
11 57 0.277
11 58 0.188
11 59 0.271
11 60 0.075
11 61 0.201
11 62 0.104
11 63 0.218
11 64 0.133
11 65 0.165
11 67 0.134
11 69 0.114
11 70 0.202
11 71 0.174
11 72 0.11
11 73 0.122
11 74 0.209
11 77 0.341
11 79 0.105
11 81 0.178
11 82 0.137
11 83 0.158
11 84 0.38
11 85 0.112
11 86 0.125
11 88 0.267
11 89 0.151
11 91 0.222
11 92 0.368
11 93 0.175
11 94 0.139
11 96 0.196
11 97 0.008
11 98 0.158
11 24 0.139
11 34 0.131
11 35 0.157
11 38 0.202
11 51 0.146
11 56 0.123
11 66 0.16
11 68 0.119
11 75 0.109
11 78 0.203
11 80 0.18
11 90 0.22
11 95 0.128
12 14 1
12 13 0.147
12 15 0.137
12 16 0.039
12 17 0.138
12 18 0.187
12 19 0.132
12 20 0.095
12 21 0.099
12 22 0.143
12 23 0.165
12 24 0.168
12 25 0.146
12 26 0.149
12 27 0.174
12 28 0.167
12 30 0.07
12 31 0.118
12 33 0.06
12 35 0.183
12 37 0.296
12 38 0.197
12 39 0.169
12 40 0.164
12 41 0.153
12 42 0.183
12 43 0.162
12 44 0.147
12 45 0.154
12 47 0.162
12 48 0.156
12 49 0.09
12 50 0.353
12 51 0.273
12 53 0.211
12 55 0.137
12 56 0.078
12 57 0.24
12 58 0.189
12 59 0.133
12 60 0.115
12 61 0.102
12 63 0.315
12 64 0.055
12 65 0.144
12 67 0.183
12 68 0.187
12 69 0.216
12 70 0.332
12 71 0.09
12 72 0.179
12 73 0.184
12 74 0.143
12 75 0.159
12 77 0.235
12 78 0.185
12 79 0.102
12 80 0.213
12 81 0.059
12 85 0.125
12 86 0.135
12 87 0.187
12 88 0.107
12 89 0.188
12 91 0.073
12 92 0.108
12 93 0.183
12 95 0.169
12 97 0.217
12 98 0.124
12 99 0.193
12 29 0.158
12 32 0.166
12 52 0.132
12 54 0.128
12 62 0.132
12 66 0.19
12 76 0.193
12 83 0.177
12 90 0.137
13 67 0.75
13 14 0.236
13 15 0.193
13 16 0.039
13 19 0.16
13 20 0.053
13 21 0.1
13 22 0.229
13 23 0.065
13 24 0.162
13 26 0.293
13 27 0.178
13 29 0.157
13 31 0.087
13 32 0.086
13 34 0.111
13 35 0.14
13 36 0.262
13 38 0.348
13 39 0.166
13 40 0.128
13 42 0.147
13 43 0.166
13 45 0.149
13 46 0.154
13 47 0.12
13 48 0.014
13 49 0.165
13 50 0.16
13 51 0.16
13 52 0.158
13 53 0.344
13 54 0.002
13 55 0.113
13 56 0.21
13 58 0.074
13 60 0.268
13 61 0.147
13 63 0.151
13 65 0.168
13 68 0.173
13 69 0.101
13 70 0.272
13 72 0.128
13 73 0.285
13 74 0.172
13 75 0.118
13 76 0.182
13 79 0.219
13 80 0.142
13 81 0.153
13 83 0.092
13 84 0.099
13 85 0.154
13 86 0.171
13 88 0.233
13 89 0.139
13 90 0.22
13 91 0.259
13 93 0.081
13 94 0.156
13 95 0.183
13 96 0.184
13 97 0.136
13 17 0.166
13 25 0.121
13 28 0.104
13 30 0.175
13 33 0.137
13 37 0.144
13 41 0.14
13 44 0.097
13 59 0.169
13 62 0.144
13 64 0.161
13 71 0.141
13 77 0.153
13 78 0.183
13 82 0.151
13 87 0.201
13 92 0.174
13 99 0.113
14 32 0.945
14 15 0.119
14 17 0.117
14 18 0.098
14 19 0.142
14 20 0.208
14 21 0.135
14 22 0.301
14 24 0.189
14 25 0.174
14 26 0.083
14 27 0.146
14 28 0.536
14 30 0.145
14 33 0.053
14 34 0.136
14 35 0.086
14 36 0.149
14 37 0.086
14 40 0.092
14 41 0.163
14 42 0.289
14 43 0.184
14 44 0.125
14 46 0.118
14 47 0.057
14 48 0.254
14 49 0.145
14 50 0.063
14 51 0.124
14 52 0.169
14 53 0.138
14 55 0.119
14 56 0.177
14 57 0.338
14 58 0.298
14 59 0.147
14 60 0.149
14 61 0.216
14 62 0.208
14 63 0.415
14 64 0.127
14 67 0.211
14 68 0.389
14 69 0.206
14 71 0.452
14 73 0.153
14 75 0.188
14 76 0.065
14 79 0.12
14 80 0.194
14 81 0.163
14 82 0.067
14 83 0.262
14 85 0.143
14 86 0.12
14 89 0.181
14 90 0.128
14 92 0.202
14 93 0.211
14 95 0.207
14 96 0.135
14 97 0.387
14 16 0.178
14 29 0.174
14 31 0.149
14 38 0.129
14 39 0.115
14 54 0.178
14 65 0.145
14 66 0.146
14 70 0.156
14 72 0.205
14 74 0.17
14 77 0.166
14 78 0.168
14 87 0.162
14 91 0.14
14 94 0.204
14 98 0.205
15 59 0.526
15 16 0.194
15 17 0.244
15 18 0.055
15 19 0.226
15 20 0.123
15 22 0.134
15 23 0.154
15 24 0.158
15 26 0.105
15 27 0.15
15 28 0.204
15 30 0.164
15 31 0.109
15 32 0.172
15 34 0.205
15 35 0.272
15 36 0.046
15 38 0.121
15 39 0.28
15 40 0.146
15 42 0.2
15 43 0.212
15 46 0.158
15 47 0.228
15 48 0.167
15 50 0.04
15 51 0.19
15 52 0.136
15 53 0.171
15 54 0.067
15 55 0.152
15 56 0.181
15 58 0.15
15 60 0.206
15 61 0.146
15 62 0.128
15 63 0.172
15 64 0.175
15 65 0.148
15 66 0.135
15 67 0.169
15 68 0.142
15 69 0.15
15 72 0.117
15 74 0.049
15 75 0.242
15 76 0.075
15 77 0.103
15 78 0.154
15 79 0.101
15 80 0.148
15 81 0.145
15 82 0.213
15 84 0.143
15 85 0.14
15 88 0.007
15 90 0.269
15 91 0.103
15 92 0.179
15 93 0.209
15 96 0.19
15 97 0.1
15 98 0.204
15 99 0.024
15 21 0.189
15 25 0.166
15 29 0.161
15 37 0.176
15 45 0.17
15 49 0.123
15 70 0.125
15 71 0.176
15 83 0.134
15 87 0.146
15 89 0.117
15 95 0.172
16 24 0.998
16 17 0.219
16 18 0.059
16 19 0.196
16 20 0.09
16 21 0.126
16 22 0.263
16 23 0.078
16 26 0.196
16 27 0.223
16 29 0.143
16 30 0.147
16 31 0.097
16 32 0.056
16 33 0.144
16 34 0.02
16 35 0.177
16 37 0.145
16 38 0.079
16 39 0.125
16 40 0.08
16 41 0.258
16 44 0.23
16 45 0.11
16 46 0.115
16 47 0.068
16 48 0.144
16 49 0.132
16 50 0.153
16 51 0.19
16 53 0.228
16 54 0.158
16 55 0.155
16 56 0.157
16 58 0.067
16 59 0.221
16 60 0.09
16 61 0.191
16 63 0.298
16 65 0.012
16 66 0.099
16 67 0.103
16 69 0.26
16 70 0.165
16 71 0.131
16 72 0.223
16 73 0.135
16 75 0.096
16 76 0.274
16 78 0.125
16 79 0.198
16 80 0.05
16 81 0.193
16 82 0.123
16 83 0.139
16 84 0.049
16 85 0.124
16 86 0.14
16 88 0.18
16 89 0.151
16 90 0.143
16 93 0.148
16 94 0.143
16 95 0.161
16 96 0.028
16 97 0.245
16 98 0.13
16 99 0.157
16 25 0.132
16 28 0.116
16 36 0.181
16 42 0.152
16 43 0.15
16 57 0.14
16 62 0.187
16 68 0.166
16 77 0.139
16 87 0.166
16 91 0.17
16 92 0.179
17 39 0.462
17 18 0.182
17 19 0.12
17 20 0.103
17 22 0.18
17 23 0.144
17 24 0.138
17 25 0.177
17 27 0.055
17 29 0.003
17 30 0.166
17 31 0.169
17 32 0.11
17 33 0.152
17 35 0.288
17 36 0.157
17 37 0.09
17 40 0.171
17 41 0.262
17 42 0.243
17 46 0.349
17 48 0.133
17 49 0.213
17 50 0.119
17 54 0.117
17 55 0.151
17 56 0.139
17 57 0.094
17 58 0.069
17 59 0.154
17 60 0.086
17 61 0.185
17 62 0.187
17 63 0.144
17 64 0.119
17 65 0.08
17 66 0.183
17 68 0.115
17 69 0.03
17 73 0.094
17 74 0.073
17 76 0.194
17 77 0.183
17 78 0.11
17 79 0.116
17 80 0.165
17 81 0.039
17 82 0.122
17 83 0.069
17 84 0.169
17 85 0.161
17 86 0.274
17 87 0.081
17 88 0.067
17 89 0.201
17 90 0.089
17 91 0.153
17 92 0.184
17 93 0.165
17 94 0.017
17 95 0.112
17 96 0.073
17 97 0.144
17 98 0.162
17 21 0.133
17 26 0.229
17 34 0.193
17 43 0.236
17 44 0.121
17 45 0.168
17 47 0.174
17 51 0.199
17 52 0.167
17 53 0.097
17 67 0.14
17 70 0.134
17 71 0.166
17 72 0.173
17 75 0.143
17 99 0.077
18 19 0.136
18 20 0.26
18 21 0.004
18 22 0.15
18 23 0.161
18 24 0.065
18 25 0.18
18 26 0.173
18 27 0.294
18 29 0.176
18 30 0.339
18 31 0.065
18 35 0.119
18 36 0.116
18 37 0.145
18 38 0.154
18 39 0.119
18 40 0.162
18 42 0.291
18 43 0.197
18 44 0.223
18 45 0.012
18 46 0.117
18 47 0.097
18 48 0.111
18 49 0.268
18 51 0.102
18 54 0.074
18 55 0.236
18 56 0.132
18 57 0.105
18 58 0.179
18 59 0.159
18 60 0.12
18 63 0.186
18 64 0.232
18 65 0.142
18 66 0.224
18 67 0.163
18 68 0.102
18 69 0.116
18 70 0.273
18 71 0.257
18 72 0.162
18 73 0.335
18 74 0.191
18 75 0.113
18 77 0.195
18 78 0.17
18 79 0.041
18 80 0.27
18 82 0.351
18 83 0.189
18 84 0.177
18 85 0.135
18 86 0.193
18 87 0.127
18 89 0.104
18 91 0.215
18 92 0.097
18 95 0.16
18 96 0.209
18 98 0.205
18 99 0.06
18 28 0.135
18 33 0.165
18 34 0.125
18 50 0.105
18 52 0.099
18 61 0.187
18 62 0.204
18 81 0.093
18 88 0.138
18 90 0.127
18 93 0.166
18 94 0.111
18 97 0.17
19 67 0.78
19 20 0.268
19 21 0.119
19 22 0.211
19 23 0.217
19 24 0.179
19 25 0.176
19 26 0.163
19 28 0.175
19 29 0.172
19 30 0.062
19 31 0.311
19 32 0.257
19 33 0.152
19 34 0.098
19 36 0.095
19 37 0.109
19 38 0.299
19 39 0.108
19 40 0.063
19 41 0.282
19 42 0.219
19 43 0.134
19 46 0.045
19 47 0.167
19 48 0.197
19 49 0.258
19 50 0.016
19 53 0.121
19 55 0.122
19 56 0.114
19 57 0.105
19 58 0.164
19 59 0.079
19 60 0.066
19 61 0.15
19 62 0.077
19 63 0.226
19 64 0.186
19 65 0.271
19 68 0.014
19 69 0.218
19 70 0.047
19 72 0.138
19 73 0.096
19 75 0.145
19 76 0.18
19 77 0.279
19 78 0.263
19 80 0.038
19 81 0.148
19 82 0.134
19 86 0.298
19 88 0.157
19 90 0.244
19 91 0.305
19 93 0.192
19 95 0.117
19 97 0.253
19 98 0.274
19 99 0.275
19 27 0.175
19 35 0.117
19 44 0.166
19 45 0.145
19 51 0.14
19 52 0.164
19 54 0.198
19 66 0.169
19 71 0.158
19 74 0.162
19 79 0.196
19 83 0.196
19 84 0.131
19 85 0.156
19 89 0.111
19 92 0.158
19 94 0.21
19 96 0.194
20 60 0.288
20 21 0.143
20 22 0.144
20 24 0.152
20 25 0.125
20 26 0.358
20 27 0.195
20 28 0.11
20 29 0.111
20 30 0.15
20 32 0.404
20 34 0.211
20 36 0.175
20 37 0.093
20 38 0.143
20 39 0.179
20 41 0.132
20 42 0.156
20 43 0.188
20 46 0.102
20 47 0.261
20 50 0.124
20 51 0.166
20 53 0.266
20 54 0.201
20 55 0.139
20 56 0.177
20 57 0.156
20 58 0.228
20 59 0.143
20 61 0.154
20 62 0.279
20 63 0.19
20 65 0.168
20 67 0.211
20 68 0.273
20 69 0.204
20 70 0.17
20 71 0.24
20 72 0.149
20 73 0.1
20 74 0.2
20 75 0.151
20 76 0.177
20 77 0.22
20 79 0.172
20 80 0.069
20 81 0.151
20 83 0.065
20 84 0.259
20 86 0.323
20 87 0.15
20 88 0.136
20 89 0.185
20 90 0.179
20 91 0.06
20 93 0.152
20 94 0.091
20 95 0.158
20 96 0.136
20 97 0.049
20 98 0.445
20 99 0.111
20 23 0.148
20 31 0.125
20 33 0.139
20 35 0.157
20 44 0.14
20 52 0.15
20 64 0.142
20 66 0.214
20 78 0.204
20 82 0.17
20 92 0.096
21 85 0.736
21 22 0.37
21 23 0.077
21 24 0.307
21 25 0.287
21 26 0.106
21 27 0.156
21 29 0.028
21 30 0.292
21 32 0.086
21 33 0.169
21 34 0.144
21 35 0.139
21 36 0.12
21 37 0.177
21 38 0.176
21 39 0.299
21 41 0.126
21 42 0.072
21 43 0.17
21 45 0.194
21 47 0.172
21 48 0.229
21 49 0.233
21 51 0.158
21 52 0.384
21 54 0.264
21 55 0.174
21 56 0.17
21 57 0.214
21 58 0.125
21 59 0.196
21 60 0.013
21 61 0.162
21 62 0.136
21 63 0.046
21 64 0.122
21 65 0.122
21 66 0.144
21 67 0.155
21 68 0.188
21 69 0.167
21 70 0.119
21 71 0.136
21 73 0.176
21 74 0.193
21 75 0.159
21 76 0.127
21 79 0.201
21 80 0.109
21 81 0.159
21 82 0.223
21 83 0.155
21 86 0.054
21 87 0.105
21 88 0.142
21 89 0.249
21 90 0.161
21 91 0.063
21 92 0.233
21 93 0.033
21 95 0.167
21 96 0.137
21 97 0.128
21 98 0.098
21 99 0.252
21 28 0.104
21 31 0.142
21 40 0.147
21 46 0.157
21 50 0.16
21 53 0.183
21 72 0.097
21 77 0.191
21 78 0.135
21 84 0.109
21 94 0.18
22 23 0.146
22 24 0.425
22 25 0.195
22 26 0.164
22 27 0.119
22 28 0.177
22 29 0.115
22 30 0.184
22 31 0.147
22 32 0.147
22 33 0.143
22 35 0.012
22 36 0.171
22 37 0.201
22 38 0.247
22 39 0.028
22 40 0.224
22 42 0.146
22 43 0.396
22 44 0.162
22 45 0.15
22 46 0.115
22 47 0.191
22 48 0.16
22 49 0.161
22 50 0.179
22 54 0.208
22 55 0.152
22 56 0.137
22 57 0.193
22 59 0.269
22 60 0.136
22 61 0.196
22 62 0.29
22 64 0.219
22 65 0.178
22 69 0.16
22 71 0.121
22 72 0.181
22 75 0.141
22 76 0.278
22 78 0.158
22 80 0.155
22 81 0.09
22 82 0.117
22 83 0.419
22 84 0.121
22 85 0.199
22 86 0.181
22 87 0.083
22 88 0.206
22 89 0.237
22 90 0.054
22 91 0.106
22 92 0.175
22 93 0.044
22 95 0.107
22 96 0.256
22 97 0.169
22 98 0.399
22 99 0.018
22 34 0.137
22 41 0.148
22 51 0.151
22 58 0.152
22 63 0.159
22 66 0.128
22 67 0.17
22 68 0.149
22 70 0.167
22 73 0.137
22 74 0.163
22 77 0.153
22 79 0.169
22 94 0.119
23 73 0.505
23 24 0.175
23 25 0.108
23 26 0.242
23 27 0.242
23 29 0.138
23 30 0.166
23 32 0.128
23 33 0.188
23 34 0.12
23 35 0.094
23 36 0.144
23 37 0.192
23 38 0.226
23 39 0.163
23 40 0.171
23 41 0.116
23 42 0.134
23 43 0.155
23 44 0.114
23 45 0.098
23 46 0.399
23 47 0.153
23 48 0.21
23 49 0.198
23 50 0.19
23 51 0.116
23 52 0.153
23 55 0.186
23 56 0.225
23 59 0.261
23 60 0.148
23 61 0.148
23 62 0.298
23 63 0.054
23 64 0.173
23 66 0.276
23 67 0.144
23 68 0.199
23 70 0.319
23 71 0.155
23 72 0.127
23 74 0.118
23 75 0.157
23 76 0.139
23 77 0.184
23 78 0.265
23 79 0.107
23 80 0.296
23 82 0.369
23 83 0.276
23 85 0.291
23 86 0.151
23 88 0.234
23 90 0.282
23 91 0.139
23 92 0.116
23 95 0.283
23 99 0.087
23 28 0.121
23 31 0.183
23 53 0.149
23 54 0.169
23 57 0.166
23 58 0.16
23 65 0.134
23 81 0.185
23 84 0.11
23 87 0.143
23 96 0.131
23 97 0.134
23 98 0.087
24 25 0.135
24 26 0.1
24 27 0.323
24 28 0.264
24 29 0.282
24 31 0.148
24 32 0.156
24 33 0.086
24 34 0.312
24 35 0.143
24 36 0.301
24 37 0.226
24 39 0.452
24 40 0.166
24 41 0.194
24 42 0.43
24 43 0.134
24 44 0.031
24 45 0.063
24 46 0.272
24 47 0.075
24 49 0.352
24 51 0.156
24 52 0.173
24 53 0.066
24 55 0.122
24 56 0.174
24 57 0.185
24 58 0.099
24 60 0.272
24 61 0.292
24 62 0.396
24 63 0.116
24 64 0.205
24 65 0.151
24 66 0.166
24 68 0.186
24 69 0.09
24 70 0.168
24 71 0.15
24 72 0.177
24 74 0.111
24 75 0.137
24 76 0.153
24 77 0.117
24 78 0.202
24 79 0.439
24 81 0.17
24 82 0.115
24 83 0.158
24 84 0.125
24 86 0.087
24 87 0.09
24 88 0.143
24 89 0.131
24 90 0.132
24 91 0.101
24 93 0.176
24 94 0.104
24 96 0.077
24 97 0.166
24 98 0.205
24 38 0.13
24 48 0.131
24 50 0.183
24 54 0.127
24 67 0.133
24 73 0.185
24 80 0.079
24 85 0.145
24 92 0.153
24 95 0.173
24 99 0.173
25 68 0.812
25 27 0.16
25 28 0.026
25 32 0.14
25 33 0.183
25 35 0.174
25 36 0.25
25 37 0.18
25 39 0.292
25 40 0.114
25 42 0.128
25 43 0.143
25 46 0.137
25 47 0.031
25 52 0.161
25 54 0.264
25 55 0.127
25 57 0.179
25 58 0.325
25 59 0.166
25 61 0.209
25 62 0.209
25 63 0.219
25 65 0.063
25 66 0.172
25 67 0.156
25 69 0.186
25 70 0.288
25 71 0.151
25 72 0.152
25 73 0.095
25 74 0.143
25 76 0.154
25 77 0.094
25 78 0.161
25 79 0.168
25 81 0.271
25 83 0.18
25 84 0.174
25 86 0.273
25 87 0.117
25 88 0.143
25 89 0.123
25 90 0.343
25 91 0.112
25 92 0.234
25 93 0.142
25 94 0.12
25 95 0.302
25 97 0.185
25 98 0.248
25 99 0.027
25 26 0.191
25 30 0.165
25 31 0.146
25 34 0.148
25 38 0.146
25 41 0.124
25 44 0.14
25 45 0.133
25 48 0.095
25 49 0.182
25 50 0.139
25 51 0.165
25 53 0.19
25 60 0.147
25 64 0.204
25 75 0.133
25 80 0.109
25 82 0.165
25 85 0.143
25 96 0.188
26 88 0.885
26 28 0.062
26 29 0.193
26 31 0.148
26 32 0.043
26 33 0.055
26 34 0.183
26 35 0.178
26 36 0.175
26 37 0.298
26 38 0.105
26 39 0.221
26 41 0.129
26 42 0.092
26 43 0.164
26 44 0.158
26 46 0.056
26 47 0.138
26 48 0.196
26 49 0.196
26 50 0.144
26 51 0.194
26 52 0.153
26 53 0.279
26 55 0.02
26 56 0.127
26 57 0.086
26 58 0.172
26 60 0.143
26 63 0.161
26 64 0.146
26 65 0.147
26 66 0.123
26 67 0.148
26 69 0.182
26 70 0.248
26 71 0.187
26 73 0.493
26 74 0.099
26 75 0.29
26 76 0.173
26 78 0.141
26 81 0.145
26 84 0.265
26 85 0.147
26 86 0.111
26 87 0.189
26 89 0.257
26 90 0.131
26 91 0.141
26 92 0.036
26 93 0.057
26 95 0.185
26 97 0.031
26 98 0.116
26 27 0.155
26 30 0.185
26 40 0.113
26 45 0.138
26 54 0.152
26 59 0.134
26 62 0.177
26 68 0.18
26 72 0.12
26 79 0.133
26 80 0.115
26 82 0.158
26 83 0.111
26 94 0.17
26 99 0.135
27 57 0.695
27 31 0.961
27 79 0.94
27 29 0.109
27 30 0.277
27 33 0.145
27 35 0.165
27 36 0.115
27 37 0.227
27 38 0.168
27 39 0.203
27 40 0.202
27 41 0.147
27 42 0.307
27 44 0.253
27 45 0.203
27 48 0.11
27 49 0.168
27 50 0.129
27 51 0.111
27 52 0.183
27 53 0.16
27 55 0.074
27 56 0.153
27 58 0.168
27 60 0.143
27 61 0.149
27 63 0.067
27 64 0.088
27 65 0.319
27 66 0.115
27 67 0.202
27 68 0.173
27 69 0.177
27 70 0.044
27 71 0.156
27 72 0.197
27 73 0.153
27 74 0.129
27 75 0.183
27 77 0.07
27 78 0.2
27 80 0.094
27 81 0.121
27 82 0.124
27 83 0.193
27 85 0.07
27 86 0.193
27 87 0.147
27 88 0.13
27 89 0.194
27 91 0.141
27 92 0.148
27 94 0.178
27 96 0.07
27 97 0.316
27 99 0.112
27 28 0.166
27 34 0.188
27 43 0.174
27 46 0.125
27 54 0.178
27 59 0.117
27 62 0.125
27 76 0.164
27 84 0.123
27 93 0.069
27 98 0.165
28 63 0.732
28 29 0.28
28 30 0.152
28 31 0.17
28 32 0.029
28 33 0.151
28 35 0.048
28 36 0.167
28 37 0.199
28 38 0.079
28 41 0.163
28 42 0.149
28 43 0.312
28 44 0.11
28 45 0.274
28 46 0.182
28 47 0.383
28 48 0.157
28 51 0.24
28 52 0.164
28 53 0.15
28 54 0.138
28 57 0.132
28 58 0.145
28 59 0.167
28 61 0.026
28 67 0.124
28 69 0.111
28 70 0.253
28 71 0.25
28 72 0.177
28 73 0.158
28 74 0.299
28 75 0.267
28 76 0.115
28 77 0.197
28 78 0.074
28 81 0.121
28 82 0.103
28 83 0.129
28 84 0.066
28 86 0.166
28 87 0.128
28 88 0.259
28 90 0.083
28 91 0.163
28 92 0.28
28 95 0.049
28 96 0.111
28 99 0.067
28 34 0.152
28 40 0.203
28 50 0.193
28 55 0.162
28 56 0.174
28 65 0.161
28 66 0.152
28 68 0.173
28 79 0.162
28 80 0.151
28 85 0.155
28 89 0.176
28 93 0.111
28 94 0.129
28 97 0.189
28 98 0.119
29 92 0.936
29 31 0.187
29 32 0.147
29 33 0.15
29 34 0.153
29 35 0.198
29 36 0.156
29 37 0.171
29 38 0.155
29 40 0.139
29 41 0.221
29 42 0.108
29 44 0.155
29 45 0.175
29 47 0.131
29 48 0.192
29 49 0.148
29 50 0.196
29 51 0.138
29 53 0.266
29 54 0.024
29 55 0.107
29 56 0.17
29 57 0.143
29 58 0.065
29 59 0.204
29 60 0.304
29 61 0.145
29 62 0.208
29 63 0.12
29 64 0.174
29 65 0.262
29 66 0.157
29 67 0.173
29 68 0.254
29 70 0.148
29 71 0.137
29 73 0.281
29 74 0.085
29 78 0.16
29 79 0.125
29 80 0.188
29 81 0.174
29 82 0.075
29 83 0.149
29 84 0.079
29 86 0.039
29 87 0.176
29 89 0.319
29 90 0.211
29 94 0.16
29 95 0.178
29 98 0.336
29 99 0.158
29 30 0.198
29 39 0.098
29 43 0.158
29 46 0.21
29 52 0.132
29 69 0.182
29 72 0.124
29 75 0.146
29 76 0.17
29 77 0.19
29 85 0.14
29 88 0.112
29 93 0.137
29 96 0.166
29 97 0.117
30 93 0.76
30 86 0.57
30 31 0.017
30 33 0.129
30 34 0.12
30 36 0.154
30 37 0.035
30 41 0.139
30 42 0.223
30 43 0.2
30 44 0.171
30 45 0.064
30 46 0.187
30 47 0.169
30 48 0.139
30 49 0.124
30 51 0.249
30 53 0.158
30 54 0.208
30 55 0.194
30 56 0.121
30 58 0.329
30 59 0.243
30 60 0.194
30 62 0.114
30 63 0.136
30 64 0.17
30 67 0.082
30 68 0.274
30 69 0.207
30 70 0.106
30 71 0.161
30 72 0.072
30 73 0.151
30 75 0.16
30 76 0.114
30 77 0.061
30 78 0.019
30 80 0.256
30 81 0.165
30 82 0.132
30 83 0.054
30 84 0.042
30 85 0.002
30 87 0.04
30 88 0.184
30 89 0.106
30 91 0.146
30 92 0.179
30 94 0.195
30 96 0.139
30 97 0.16
30 98 0.165
30 32 0.179
30 35 0.194
30 38 0.187
30 39 0.116
30 40 0.168
30 50 0.115
30 52 0.157
30 57 0.177
30 65 0.188
30 66 0.121
30 74 0.12
30 79 0.142
30 90 0.154
31 32 0.015
31 33 0.188
31 34 0.161
31 35 0.225
31 36 0.124
31 37 0.188
31 38 0.13
31 40 0.157
31 42 0.154
31 43 0.137
31 44 0.162
31 45 0.136
31 46 0.195
31 47 0.136
31 48 0.226
31 49 0.103
31 50 0.235
31 51 0.195
31 52 0.279
31 53 0.171
31 54 0.113
31 55 0.082
31 56 0.176
31 57 0.16
31 58 0.168
31 59 0.158
31 61 0.281
31 62 0.188
31 63 0.157
31 64 0.266
31 65 0.324
31 68 0.428
31 74 0.025
31 77 0.108
31 78 0.261
31 79 0.188
31 80 0.333
31 83 0.148
31 84 0.235
31 85 0.192
31 87 0.231
31 88 0.178
31 89 0.06
31 90 0.016
31 91 0.089
31 92 0.189
31 93 0.107
31 94 0.117
31 96 0.088
31 97 0.132
31 99 0.181
31 39 0.132
31 41 0.161
31 60 0.096
31 66 0.165
31 67 0.04
31 69 0.147
31 70 0.156
31 71 0.162
31 72 0.157
31 73 0.178
31 75 0.114
31 76 0.11
31 81 0.205
31 86 0.128
31 95 0.146
31 98 0.126
32 33 0.191
32 34 0.258
32 38 0.058
32 39 0.167
32 40 0.16
32 41 0.198
32 42 0.047
32 43 0.148
32 47 0.174
32 49 0.092
32 50 0.143
32 51 0.154
32 52 0.119
32 53 0.166
32 55 0.193
32 56 0.176
32 57 0.302
32 58 0.2
32 59 0.087
32 60 0.156
32 61 0.166
32 62 0.133
32 65 0.062
32 67 0.155
32 68 0.148
32 69 0.126
32 70 0.162
32 72 0.217
32 73 0.083
32 74 0.083
32 75 0.181
32 76 0.189
32 77 0.345
32 78 0.152
32 79 0.235
32 81 0.152
32 82 0.058
32 83 0.164
32 85 0.032
32 86 0.082
32 88 0.335
32 90 0.158
32 91 0.142
32 92 0.149
32 93 0.02
32 94 0.092
32 95 0.136
32 96 0.125
32 97 0.262
32 98 0.128
32 35 0.162
32 36 0.101
32 37 0.128
32 44 0.089
32 45 0.154
32 48 0.119
32 63 0.129
32 64 0.166
32 71 0.148
32 80 0.152
32 84 0.212
32 87 0.135
32 89 0.157
32 99 0.183
33 85 0.727
33 34 0.036
33 35 0.318
33 36 0.256
33 37 0.138
33 38 0.114
33 39 0.171
33 41 0.115
33 42 0.044
33 43 0.15
33 44 0.208
33 45 0.167
33 46 0.145
33 47 0.16
33 48 0.129
33 49 0.191
33 50 0.224
33 54 0.11
33 56 0.149
33 57 0.243
33 60 0.05
33 61 0.072
33 62 0.152
33 63 0.139
33 64 0.082
33 65 0.172
33 66 0.156
33 67 0.02
33 69 0.315
33 70 0.152
33 71 0.068
33 72 0.117
33 73 0.103
33 75 0.087
33 76 0.166
33 77 0.288
33 79 0.089
33 80 0.018
33 81 0.228
33 82 0.133
33 84 0.203
33 87 0.262
33 88 0.309
33 90 0.158
33 94 0.174
33 96 0.157
33 97 0.172
33 99 0.131
33 40 0.186
33 51 0.171
33 52 0.143
33 53 0.151
33 55 0.155
33 58 0.156
33 59 0.117
33 74 0.139
33 86 0.145
33 91 0.16
33 93 0.105
33 98 0.165
34 72 0.57
34 35 0.113
34 36 0.067
34 37 0.18
34 38 0.127
34 39 0.194
34 40 0.154
34 42 0.14
34 44 0.135
34 45 0.054
34 46 0.136
34 48 0.063
34 51 0.128
34 52 0.147
34 53 0.323
34 54 0.137
34 56 0.12
34 57 0.125
34 58 0.116
34 59 0.241
34 61 0.127
34 62 0.133
34 64 0.128
34 65 0.278
34 66 0.156
34 67 0.145
34 68 0.058
34 69 0.024
34 70 0.14
34 71 0.292
34 73 0.03
34 74 0.191
34 75 0.417
34 76 0.173
34 77 0.162
34 79 0.145
34 82 0.045
34 83 0.024
34 85 0.189
34 86 0.181
34 88 0.161
34 92 0.063
34 93 0.216
34 94 0.11
34 95 0.155
34 96 0.151
34 98 0.417
34 99 0.196
34 41 0.108
34 43 0.165
34 47 0.166
34 49 0.142
34 60 0.135
34 63 0.177
34 80 0.205
34 81 0.129
34 84 0.128
34 89 0.112
34 90 0.139
34 91 0.117
35 89 1
35 36 0.08
35 37 0.101
35 38 0.063
35 42 0.061
35 43 0.149
35 44 0.223
35 45 0.275
35 46 0.15
35 47 0.204
35 49 0.162
35 50 0.17
35 51 0.09
35 53 0.167
35 54 0.248
35 55 0.205
35 57 0.348
35 58 0.078
35 59 0.089
35 60 0.222
35 61 0.151
35 62 0.034
35 63 0.057
35 64 0.064
35 65 0.117
35 68 0.185
35 69 0.016
35 70 0.149
35 72 0.201
35 74 0.222
35 76 0.112
35 77 0.124
35 79 0.228
35 80 0.286
35 81 0.197
35 83 0.152
35 85 0.187
35 86 0.179
35 87 0.288
35 88 0.141
35 90 0.098
35 91 0.133
35 92 0.149
35 93 0.111
35 95 0.187
35 96 0.038
35 98 0.3
35 39 0.136
35 40 0.083
35 41 0.126
35 48 0.21
35 52 0.178
35 56 0.152
35 66 0.127
35 71 0.187
35 82 0.137
35 84 0.138
35 94 0.146
35 99 0.149
36 37 0.176
36 38 0.165
36 40 0.118
36 42 0.071
36 43 0.105
36 44 0.09
36 45 0.161
36 47 0.209
36 48 0.238
36 50 0.155
36 51 0.1
36 52 0.127
36 53 0.159
36 54 0.163
36 55 0.045
36 56 0.272
36 57 0.121
36 59 0.325
36 60 0.106
36 61 0.177
36 62 0.081
36 63 0.22
36 64 0.147
36 65 0.12
36 67 0.343
36 68 0.084
36 69 0.22
36 70 0.193
36 71 0.144
36 72 0.082
36 73 0.215
36 74 0.145
36 75 0.128
36 76 0.127
36 79 0.139
36 80 0.187
36 81 0.154
36 82 0.181
36 83 0.056
36 87 0.189
36 89 0.151
36 90 0.15
36 92 0.215
36 93 0.181
36 94 0.074
36 95 0.2
36 96 0.263
36 97 0.143
36 98 0.053
36 99 0.121
36 39 0.091
36 46 0.146
36 49 0.15
36 58 0.141
36 66 0.129
36 77 0.088
36 84 0.169
36 85 0.109
36 86 0.105
36 88 0.168
36 91 0.152
37 58 0.9
37 38 0.163
37 39 0.145
37 40 0.335
37 41 0.085
37 43 0.143
37 44 0.152
37 46 0.215
37 47 0.085
37 48 0.279
37 50 0.131
37 51 0.071
37 52 0.165
37 53 0.232
37 55 0.154
37 56 0.247
37 59 0.267
37 60 0.111
37 61 0.145
37 62 0.136
37 65 0.102
37 68 0.122
37 70 0.187
37 71 0.142
37 74 0.016
37 78 0.183
37 79 0.122
37 80 0.12
37 81 0.142
37 82 0.112
37 83 0.134
37 84 0.194
37 85 0.242
37 86 0.038
37 87 0.282
37 88 0.13
37 89 0.2
37 90 0.234
37 91 0.23
37 92 0.132
37 96 0.145
37 97 0.179
37 99 0.27
37 42 0.142
37 49 0.19
37 54 0.137
37 57 0.124
37 64 0.135
37 66 0.135
37 67 0.168
37 69 0.175
37 72 0.198
37 73 0.168
37 75 0.099
37 76 0.155
37 77 0.127
37 93 0.156
37 94 0.134
37 95 0.135
37 98 0.164
38 62 0.985
38 39 0.236
38 40 0.134
38 41 0.252
38 42 0.194
38 44 0.169
38 45 0.376
38 47 0.185
38 48 0.164
38 49 0.268
38 51 0.135
38 52 0.202
38 54 0.14
38 55 0.159
38 57 0.438
38 59 0.097
38 60 0.151
38 61 0.135
38 63 0.092
38 64 0.118
38 65 0.358
38 66 0.17
38 67 0.153
38 68 0.17
38 69 0.119
38 70 0.133
38 72 0.16
38 73 0.14
38 74 0.166
38 75 0.12
38 76 0.086
38 77 0.033
38 78 0.166
38 79 0.135
38 81 0.165
38 83 0.247
38 85 0.101
38 87 0.098
38 89 0.308
38 90 0.027
38 91 0.117
38 92 0.217
38 93 0.149
38 97 0.061
38 98 0.066
38 99 0.15
38 43 0.16
38 46 0.163
38 50 0.096
38 53 0.193
38 56 0.214
38 58 0.134
38 71 0.175
38 80 0.155
38 82 0.151
38 86 0.133
38 88 0.134
38 94 0.159
38 95 0.095
39 40 0.191
39 41 0.03
39 42 0.177
39 43 0.136
39 44 0.112
39 45 0.199
39 46 0.111
39 47 0.239
39 48 0.146
39 49 0.121
39 51 0.112
39 52 0.021
39 53 0.157
39 54 0.152
39 55 0.14
39 57 0.094
39 58 0.019
39 59 0.129
39 61 0.173
39 62 0.182
39 63 0.154
39 64 0.008
39 65 0.205
39 66 0.204
39 67 0.149
39 68 0.133
39 69 0.337
39 70 0.135
39 72 0.219
39 73 0.123
39 76 0.051
39 77 0.177
39 78 0.287
39 80 0.123
39 81 0.149
39 82 0.162
39 83 0.128
39 84 0.19
39 85 0.166
39 86 0.162
39 87 0.247
39 88 0.019
39 90 0.175
39 92 0.215
39 93 0.139
39 94 0.08
39 96 0.152
39 97 0.251
39 98 0.104
39 99 0.145
39 56 0.162
39 60 0.144
39 71 0.151
39 79 0.166
39 89 0.187
39 91 0.171
40 99 0.646
40 41 0.156
40 42 0.112
40 45 0.114
40 47 0.159
40 49 0.085
40 50 0.075
40 51 0.053
40 52 0.154
40 56 0.159
40 57 0.12
40 58 0.177
40 59 0.153
40 60 0.142
40 61 0.139
40 62 0.102
40 63 0.165
40 64 0.129
40 67 0.264
40 68 0.195
40 69 0.136
40 70 0.018
40 71 0.17
40 74 0.123
40 75 0.142
40 77 0.183
40 79 0.177
40 80 0.085
40 81 0.096
40 82 0.132
40 84 0.081
40 85 0.167
40 87 0.069
40 88 0.114
40 89 0.068
40 90 0.228
40 91 0.138
40 92 0.111
40 93 0.167
40 95 0.191
40 97 0.116
40 98 0.232
40 43 0.137
40 46 0.195
40 48 0.147
40 53 0.155
40 54 0.163
40 65 0.168
40 72 0.117
40 78 0.162
40 83 0.111
40 86 0.14
40 94 0.182
40 96 0.134
41 44 0.184
41 45 0.121
41 46 0.143
41 47 0.029
41 48 0.141
41 49 0.109
41 50 0.062
41 51 0.153
41 52 0.191
41 53 0.245
41 54 0.148
41 56 0.133
41 57 0.164
41 58 0.155
41 59 0.223
41 60 0.138
41 61 0.114
41 63 0.219
41 64 0.153
41 65 0.188
41 66 0.121
41 69 0.228
41 71 0.248
41 72 0.293
41 74 0.181
41 75 0.113
41 77 0.128
41 78 0.121
41 79 0.153
41 80 0.208
41 81 0.083
41 82 0.106
41 83 0.177
41 84 0.114
41 86 0.328
41 87 0.143
41 88 0.128
41 89 0.017
41 91 0.127
41 92 0.123
41 94 0.114
41 95 0.15
41 96 0.274
41 98 0.2
41 99 0.142
41 42 0.177
41 62 0.196
41 67 0.16
41 68 0.151
41 70 0.186
41 73 0.183
41 76 0.099
41 85 0.115
41 90 0.123
41 93 0.168
41 97 0.146
42 64 0.943
42 43 0.096
42 44 0.154
42 46 0.108
42 47 0.176
42 49 0.064
42 50 0.119
42 51 0.128
42 52 0.191
42 53 0.101
42 54 0.132
42 55 0.175
42 56 0.173
42 58 0.139
42 59 0.131
42 60 0.188
42 61 0.067
42 62 0.188
42 65 0.025
42 68 0.058
42 69 0.344
42 71 0.192
42 72 0.082
42 73 0.19
42 74 0.26
42 76 0.162
42 77 0.194
42 78 0.254
42 80 0.13
42 81 0.152
42 82 0.136
42 83 0.132
42 84 0.095
42 87 0.151
42 88 0.258
42 90 0.07
42 91 0.177
42 92 0.22
42 93 0.299
42 94 0.138
42 95 0.374
42 96 0.347
42 97 0.177
42 98 0.111
42 99 0.354
42 45 0.176
42 48 0.169
42 57 0.117
42 63 0.148
42 66 0.173
42 67 0.225
42 70 0.122
42 75 0.135
42 79 0.182
42 85 0.184
42 86 0.195
42 89 0.185
43 44 0.187
43 45 0.162
43 46 0.22
43 47 0.148
43 48 0.145
43 49 0.037
43 50 0.162
43 52 0.161
43 54 0.162
43 55 0.153
43 56 0.173
43 57 0.151
43 58 0.116
43 59 0.092
43 61 0.116
43 62 0.136
43 63 0.114
43 64 0.088
43 65 0.13
43 66 0.167
43 67 0.3
43 68 0.148
43 69 0.081
43 70 0.129
43 71 0.122
43 72 0.219
43 73 0.226
43 75 0.141
43 76 0.133
43 77 0.236
43 78 0.215
43 79 0.172
43 80 0.146
43 83 0.217
43 84 0.178
43 85 0.128
43 86 0.121
43 88 0.178
43 89 0.17
43 90 0.096
43 91 0.087
43 93 0.012
43 94 0.11
43 95 0.115
43 96 0.15
43 97 0.128
43 98 0.156
43 99 0.185
43 53 0.156
43 60 0.165
43 81 0.16
43 87 0.143
43 92 0.13
44 45 0.125
44 47 0.184
44 48 0.103
44 49 0.173
44 50 0.13
44 51 0.148
44 52 0.184
44 54 0.028
44 55 0.161
44 56 0.064
44 57 0.179
44 59 0.123
44 60 0.162
44 61 0.375
44 62 0.208
44 63 0.122
44 64 0.147
44 65 0.165
44 66 0.113
44 67 0.152
44 68 0.134
44 70 0.22
44 73 0.145
44 74 0.057
44 76 0.243
44 77 0.044
44 78 0.208
44 79 0.183
44 80 0.165
44 81 0.15
44 82 0.054
44 83 0.215
44 84 0.193
44 85 0.172
44 86 0.198
44 87 0.146
44 88 0.105
44 89 0.157
44 90 0.177
44 91 0.218
44 92 0.137
44 93 0.12
44 94 0.228
44 95 0.209
44 97 0.189
44 98 0.034
44 99 0.224
44 46 0.161
44 53 0.114
44 71 0.149
44 75 0.168
44 96 0.117
45 95 1
45 46 0.249
45 48 0.022
45 50 0.172
45 51 0.487
45 52 0.263
45 53 0.052
45 54 0.192
45 55 0.18
45 56 0.127
45 57 0.232
45 58 0.169
45 59 0.126
45 60 0.196
45 62 0.189
45 63 0.292
45 64 0.165
45 65 0.138
45 68 0.167
45 69 0.106
45 70 0.157
45 71 0.173
45 72 0.213
45 74 0.114
45 75 0.377
45 76 0.101
45 77 0.145
45 78 0.146
45 79 0.293
45 80 0.229
45 81 0.058
45 83 0.159
45 84 0.159
45 86 0.127
45 87 0.051
45 88 0.124
45 90 0.117
45 91 0.093
45 92 0.115
45 93 0.152
45 94 0.218
45 96 0.097
45 97 0.122
45 98 0.014
45 99 0.173
45 47 0.182
45 49 0.168
45 61 0.17
45 73 0.166
45 82 0.094
45 85 0.15
45 89 0.132
46 74 0.482
46 47 0.092
46 48 0.072
46 49 0.064
46 50 0.176
46 51 0.419
46 52 0.106
46 53 0.148
46 54 0.12
46 55 0.047
46 56 0.084
46 57 0.082
46 58 0.21
46 59 0.142
46 60 0.152
46 61 0.151
46 62 0.195
46 63 0.134
46 65 0.105
46 66 0.142
46 67 0.048
46 69 0.12
46 71 0.394
46 73 0.339
46 75 0.107
46 77 0.195
46 78 0.145
46 79 0.261
46 82 0.106
46 83 0.128
46 84 0.15
46 85 0.213
46 87 0.027
46 88 0.176
46 89 0.172
46 90 0.079
46 91 0.072
46 92 0.152
46 94 0.09
46 95 0.075
46 96 0.112
46 97 0.196
46 99 0.248
46 64 0.152
46 68 0.132
46 70 0.151
46 72 0.154
46 76 0.192
46 81 0.132
46 86 0.209
46 93 0.153
47 70 0.705
47 48 0.123
47 49 0.178
47 52 0.194
47 53 0.139
47 54 0.158
47 55 0.153
47 56 0.17
47 57 0.156
47 58 0.188
47 59 0.188
47 60 0.032
47 61 0.042
47 62 0.109
47 63 0.15
47 64 0.169
47 66 0.152
47 67 0.177
47 68 0.318
47 71 0.179
47 73 0.122
47 75 0.198
47 77 0.286
47 78 0.146
47 79 0.237
47 80 0.403
47 81 0.116
47 82 0.204
47 83 0.18
47 84 0.238
47 86 0.15
47 88 0.19
47 89 0.175
47 90 0.146
47 91 0.151
47 92 0.142
47 95 0.2
47 96 0.124
47 97 0.127
47 98 0.123
47 99 0.143
47 50 0.092
47 51 0.147
47 65 0.074
47 69 0.122
47 72 0.195
47 74 0.24
47 76 0.201
47 87 0.2
47 93 0.141
47 94 0.158
48 54 0.437
48 49 0.165
48 51 0.062
48 52 0.182
48 55 0.17
48 56 0.112
48 58 0.134
48 59 0.147
48 61 0.158
48 62 0.115
48 63 0.113
48 64 0.138
48 66 0.158
48 67 0.17
48 68 0.015
48 69 0.133
48 70 0.155
48 71 0.147
48 74 0.159
48 75 0.148
48 76 0.16
48 77 0.261
48 78 0.196
48 83 0.162
48 84 0.121
48 86 0.086
48 87 0.118
48 88 0.224
48 89 0.024
48 90 0.265
48 91 0.14
48 92 0.325
48 94 0.274
48 95 0.159
48 96 0.133
48 97 0.297
48 98 0.142
48 50 0.167
48 53 0.203
48 57 0.1
48 60 0.126
48 65 0.159
48 72 0.223
48 73 0.093
48 79 0.147
48 81 0.092
48 82 0.116
48 85 0.199
49 71 0.958
49 51 0.014
49 53 0.166
49 55 0.159
49 56 0.143
49 57 0.105
49 60 0.319
49 61 0.091
49 62 0.25
49 63 0.124
49 64 0.141
49 65 0.194
49 66 0.166
49 67 0.158
49 68 0.109
49 69 0.325
49 70 0.168
49 72 0.049
49 73 0.171
49 74 0.177
49 75 0.123
49 77 0.147
49 78 0.206
49 79 0.146
49 80 0.3
49 81 0.205
49 83 0.288
49 84 0.162
49 87 0.099
49 89 0.142
49 90 0.21
49 91 0.112
49 94 0.141
49 97 0.294
49 98 0.264
49 50 0.162
49 52 0.205
49 54 0.193
49 59 0.147
49 76 0.139
49 82 0.19
49 85 0.13
49 86 0.114
49 92 0.118
49 93 0.159
49 95 0.157
49 96 0.178
49 99 0.142
50 52 0.63
50 51 0.288
50 54 0.025
50 55 0.106
50 56 0.093
50 57 0.217
50 58 0.101
50 59 0.03
50 61 0.221
50 63 0.155
50 64 0.117
50 65 0.044
50 67 0.085
50 68 0.213
50 70 0.114
50 72 0.131
50 73 0.134
50 74 0.182
50 75 0.14
50 76 0.156
50 77 0.13
50 78 0.198
50 79 0.249
50 80 0.14
50 82 0.179
50 83 0.221
50 84 0.099
50 85 0.21
50 86 0.06
50 87 0.12
50 88 0.153
50 89 0.097
50 90 0.081
50 91 0.118
50 92 0.289
50 93 0.035
50 94 0.155
50 97 0.184
50 98 0.193
50 99 0.102
50 60 0.184
50 66 0.136
50 69 0.124
50 71 0.14
50 81 0.135
50 95 0.13
50 96 0.114
51 82 0.842
51 52 0.231
51 53 0.157
51 54 0.122
51 56 0.09
51 57 0.17
51 58 0.149
51 59 0.055
51 61 0.347
51 63 0.127
51 64 0.133
51 65 0.176
51 66 0.378
51 67 0.149
51 70 0.108
51 71 0.298
51 72 0.14
51 73 0.124
51 74 0.052
51 75 0.14
51 76 0.326
51 77 0.023
51 78 0.176
51 79 0.258
51 80 0.072
51 81 0.176
51 83 0.179
51 85 0.013
51 86 0.016
51 87 0.217
51 88 0.348
51 89 0.143
51 90 0.023
51 92 0.201
51 94 0.394
51 95 0.183
51 96 0.038
51 97 0.357
51 98 0.24
51 99 0.12
51 55 0.112
51 60 0.109
51 62 0.114
51 68 0.154
51 69 0.115
51 84 0.089
51 93 0.164
52 53 0.344
52 54 0.164
52 55 0.091
52 57 0.149
52 58 0.117
52 59 0.127
52 60 0.235
52 62 0.332
52 63 0.149
52 64 0.034
52 65 0.179
52 66 0.102
52 67 0.218
52 68 0.076
52 69 0.197
52 70 0.02
52 71 0.032
52 72 0.145
52 74 0.118
52 75 0.089
52 76 0.156
52 77 0.136
52 78 0.172
52 79 0.172
52 80 0.1
52 81 0.132
52 82 0.074
52 86 0.295
52 87 0.141
52 88 0.169
52 89 0.166
52 90 0.15
52 92 0.121
52 93 0.053
52 94 0.162
52 95 0.162
52 96 0.191
52 97 0.238
52 98 0.148
52 99 0.211
52 61 0.188
52 73 0.16
52 83 0.11
52 84 0.13
52 85 0.18
52 91 0.149
53 54 0.141
53 55 0.27
53 56 0.158
53 58 0.224
53 59 0.073
53 60 0.185
53 61 0.138
53 62 0.087
53 63 0.184
53 64 0.137
53 65 0.027
53 67 0.015
53 68 0.203
53 70 0.14
53 71 0.191
53 72 0.027
53 73 0.183
53 75 0.265
53 76 0.131
53 77 0.129
53 78 0.262
53 79 0.178
53 80 0.103
53 81 0.288
53 82 0.145
53 83 0.335
53 84 0.328
53 85 0.169
53 88 0.156
53 90 0.3
53 91 0.136
53 92 0.13
53 94 0.171
53 95 0.136
53 96 0.147
53 97 0.134
53 99 0.172
53 57 0.173
53 86 0.128
53 87 0.16
53 89 0.077
53 93 0.187
53 98 0.169
54 56 0.097
54 57 0.177
54 58 0.151
54 59 0.141
54 60 0.067
54 62 0.122
54 64 0.149
54 65 0.16
54 66 0.098
54 67 0.2
54 69 0.22
54 70 0.162
54 71 0.137
54 72 0.315
54 73 0.092
54 74 0.184
54 75 0.018
54 76 0.032
54 77 0.159
54 78 0.137
54 79 0.107
54 80 0.12
54 81 0.321
54 82 0.138
54 83 0.027
54 85 0.124
54 86 0.36
54 87 0.185
54 88 0.085
54 89 0.161
54 90 0.037
54 92 0.23
54 93 0.154
54 94 0.061
54 95 0.178
54 98 0.05
54 99 0.109
54 61 0.173
54 63 0.111
54 68 0.21
54 84 0.137
54 97 0.147
55 61 0.345
55 56 0.031
55 57 0.133
55 59 0.143
55 60 0.314
55 62 0.139
55 63 0.143
55 64 0.104
55 65 0.186
55 66 0.28
55 69 0.085
55 70 0.157
55 71 0.13
55 72 0.137
55 73 0.113
55 74 0.148
55 75 0.199
55 77 0.252
55 79 0.161
55 80 0.267
55 81 0.131
55 82 0.177
55 83 0.322
55 84 0.235
55 86 0.126
55 87 0.075
55 88 0.287
55 90 0.238
55 91 0.118
55 92 0.141
55 93 0.25
55 94 0.184
55 95 0.197
55 98 0.15
55 99 0.16
55 67 0.18
55 68 0.131
55 76 0.144
55 85 0.167
55 89 0.164
55 97 0.204
56 59 0.59
56 58 0.152
56 60 0.141
56 64 0.383
56 65 0.166
56 66 0.08
56 68 0.173
56 70 0.012
56 71 0.012
56 72 0.151
56 73 0.106
56 74 0.137
56 75 0.246
56 76 0.187
56 79 0.111
56 80 0.12
56 81 0.106
56 84 0.254
56 85 0.17
56 87 0.121
56 89 0.064
56 90 0.201
56 93 0.152
56 95 0.152
56 96 0.156
56 97 0.094
56 57 0.137
56 62 0.16
56 63 0.077
56 69 0.144
56 86 0.124
56 88 0.143
56 91 0.161
56 92 0.123
56 94 0.118
56 98 0.147
56 99 0.143
57 59 0.201
57 60 0.05
57 61 0.15
57 62 0.166
57 64 0.176
57 65 0.026
57 66 0.118
57 67 0.163
57 70 0.021
57 71 0.113
57 72 0.165
57 73 0.09
57 78 0.236
57 80 0.226
57 83 0.144
57 84 0.173
57 85 0.187
57 86 0.178
57 88 0.139
57 89 0.184
57 91 0.189
57 92 0.199
57 93 0.205
57 94 0.081
57 95 0.128
57 97 0.167
57 98 0.13
57 99 0.12
57 58 0.183
57 63 0.169
57 68 0.116
57 69 0.124
57 74 0.199
57 76 0.152
57 79 0.157
57 81 0.11
57 82 0.193
57 90 0.086
57 96 0.168
58 59 0.2
58 60 0.159
58 62 0.143
58 63 0.069
58 64 0.016
58 67 0.35
58 68 0.156
58 69 0.159
58 70 0.107
58 72 0.179
58 73 0.182
58 74 0.032
58 76 0.076
58 78 0.141
58 79 0.192
58 80 0.102
58 81 0.077
58 82 0.144
58 83 0.147
58 84 0.231
58 86 0.305
58 88 0.04
58 89 0.084
58 90 0.14
58 91 0.05
58 92 0.165
58 93 0.099
58 94 0.232
58 96 0.139
58 97 0.184
58 61 0.171
58 65 0.182
58 66 0.182
58 75 0.096
58 85 0.135
58 87 0.154
58 95 0.179
58 98 0.164
58 99 0.161
59 61 0.234
59 62 0.142
59 63 0.063
59 64 0.015
59 65 0.13
59 66 0.14
59 67 0.103
59 68 0.142
59 69 0.195
59 70 0.123
59 71 0.166
59 72 0.166
59 73 0.111
59 74 0.198
59 75 0.187
59 76 0.28
59 77 0.06
59 78 0.169
59 79 0.049
59 80 0.201
59 81 0.144
59 82 0.237
59 83 0.288
59 84 0.08
59 86 0.292
59 87 0.154
59 88 0.164
59 89 0.108
59 90 0.108
59 91 0.012
59 92 0.02
59 93 0.174
59 95 0.29
59 96 0.181
59 97 0.194
59 98 0.105
59 99 0.167
59 60 0.11
59 85 0.137
59 94 0.151
60 61 0.051
60 62 0.181
60 63 0.114
60 64 0.169
60 65 0.251
60 67 0.335
60 68 0.156
60 69 0.129
60 70 0.148
60 71 0.158
60 72 0.153
60 73 0.234
60 74 0.157
60 75 0.16
60 76 0.024
60 77 0.103
60 78 0.1
60 81 0.184
60 82 0.272
60 83 0.129
60 84 0.15
60 85 0.091
60 86 0.142
60 87 0.204
60 88 0.13
60 89 0.17
60 90 0.249
60 91 0.106
60 92 0.127
60 93 0.138
60 95 0.127
60 96 0.208
60 97 0.026
60 98 0.298
60 99 0.175
60 66 0.205
60 79 0.111
60 80 0.171
60 94 0.114
61 63 0.219
61 65 0.176
61 66 0.121
61 68 0.168
61 70 0.072
61 71 0.187
61 74 0.165
61 75 0.148
61 76 0.142
61 77 0.211
61 78 0.115
61 79 0.274
61 80 0.154
61 81 0.08
61 82 0.143
61 83 0.018
61 84 0.129
61 86 0.149
61 88 0.225
61 89 0.081
61 92 0.086
61 93 0.135
61 94 0.147
61 95 0.145
61 96 0.188
61 97 0.137
61 98 0.031
61 99 0.011
61 62 0.176
61 64 0.177
61 69 0.158
61 72 0.153
61 73 0.205
61 85 0.165
61 90 0.233
61 91 0.165
62 63 0.483
62 65 0.182
62 67 0.109
62 68 0.12
62 69 0.346
62 70 0.063
62 71 0.188
62 74 0.214
62 76 0.199
62 77 0.156
62 78 0.181
62 80 0.122
62 81 0.093
62 82 0.09
62 86 0.107
62 87 0.142
62 88 0.312
62 89 0.137
62 90 0.15
62 91 0.095
62 92 0.156
62 93 0.049
62 95 0.225
62 96 0.151
62 97 0.083
62 98 0.125
62 99 0.3
62 64 0.142
62 66 0.096
62 72 0.203
62 73 0.162
62 75 0.183
62 79 0.139
62 83 0.176
62 85 0.146
63 64 0.31
63 65 0.147
63 66 0.111
63 68 0.202
63 69 0.139
63 71 0.144
63 72 0.057
63 73 0.241
63 74 0.305
63 75 0.139
63 76 0.26
63 77 0.19
63 78 0.168
63 80 0.089
63 81 0.144
63 85 0.104
63 86 0.243
63 87 0.16
63 88 0.152
63 89 0.189
63 90 0.14
63 91 0.164
63 92 0.039
63 93 0.143
63 95 0.209
63 97 0.141
63 99 0.024
63 67 0.167
63 70 0.127
63 79 0.128
63 82 0.158
63 83 0.142
63 84 0.172
63 96 0.184
63 98 0.161
64 97 0.658
64 66 0.144
64 67 0.175
64 68 0.129
64 69 0.154
64 70 0.149
64 71 0.141
64 72 0.123
64 73 0.008
64 74 0.209
64 75 0.156
64 76 0.154
64 77 0.094
64 78 0.151
64 79 0.089
64 81 0.058
64 82 0.159
64 85 0.024
64 86 0.122
64 87 0.047
64 89 0.172
64 90 0.151
64 91 0.008
64 92 0.186
64 93 0.129
64 95 0.313
64 99 0.184
64 65 0.142
64 80 0.082
64 84 0.158
64 88 0.149
64 94 0.163
64 98 0.177
65 83 0.553
65 66 0.338
65 67 0.202
65 68 0.152
65 69 0.06
65 70 0.118
65 71 0.106
65 72 0.227
65 73 0.115
65 75 0.148
65 76 0.156
65 77 0.193
65 79 0.157
65 80 0.147
65 81 0.155
65 82 0.053
65 84 0.161
65 85 0.099
65 88 0.073
65 89 0.142
65 90 0.108
65 91 0.085
65 92 0.127
65 93 0.143
65 95 0.223
65 96 0.149
65 99 0.22
65 74 0.23
65 87 0.117
65 94 0.13
65 97 0.195
65 98 0.183
66 78 0.906
66 67 0.13
66 70 0.139
66 72 0.272
66 74 0.174
66 76 0.2
66 77 0.141
66 79 0.167
66 80 0.109
66 81 0.139
66 82 0.127
66 83 0.056
66 84 0.164
66 85 0.193
66 86 0.179
66 87 0.231
66 88 0.135
66 89 0.259
66 91 0.09
66 93 0.172
66 96 0.259
66 97 0.12
66 98 0.201
66 99 0.095
66 68 0.152
66 69 0.118
66 71 0.15
66 73 0.114
66 75 0.16
66 90 0.102
66 92 0.131
66 95 0.14
67 68 0.163
67 70 0.164
67 71 0.077
67 72 0.18
67 73 0.092
67 74 0.083
67 77 0.143
67 79 0.115
67 80 0.16
67 82 0.157
67 83 0.109
67 85 0.18
67 86 0.13
67 87 0.125
67 88 0.174
67 89 0.205
67 90 0.181
67 91 0.132
67 92 0.173
67 93 0.246
67 94 0.193
67 95 0.233
67 96 0.139
67 98 0.159
67 99 0.179
67 75 0.142
67 76 0.115
67 78 0.182
67 81 0.117
67 84 0.158
67 97 0.154
68 70 0.207
68 72 0.158
68 73 0.176
68 74 0.238
68 75 0.007
68 80 0.167
68 81 0.063
68 82 0.153
68 83 0.192
68 85 0.068
68 86 0.115
68 87 0.128
68 92 0.202
68 95 0.127
68 96 0.148
68 98 0.115
68 69 0.186
68 71 0.119
68 76 0.149
68 77 0.145
68 79 0.144
68 84 0.156
68 89 0.148
68 90 0.252
68 91 0.217
68 93 0.187
68 94 0.14
68 97 0.177
68 99 0.138
69 90 1
69 71 0.025
69 72 0.121
69 74 0.172
69 76 0.066
69 77 0.182
69 78 0.147
69 79 0.149
69 80 0.155
69 81 0.063
69 82 0.19
69 84 0.136
69 87 0.122
69 88 0.148
69 89 0.125
69 93 0.177
69 94 0.136
69 95 0.117
69 97 0.135
69 98 0.187
69 99 0.147
69 70 0.152
69 83 0.127
69 85 0.139
69 86 0.169
69 91 0.134
69 92 0.194
69 96 0.158
70 71 0.187
70 72 0.094
70 73 0.009
70 77 0.173
70 78 0.298
70 79 0.232
70 80 0.14
70 82 0.035
70 83 0.304
70 84 0.154
70 87 0.107
70 88 0.159
70 89 0.298
70 90 0.34
70 92 0.294
70 93 0.196
70 95 0.166
70 97 0.08
70 98 0.022
70 99 0.118
70 74 0.184
70 75 0.131
70 76 0.135
70 81 0.186
70 85 0.167
70 96 0.158
71 84 0.882
71 72 0.185
71 73 0.261
71 74 0.102
71 75 0.065
71 76 0.117
71 77 0.187
71 79 0.151
71 81 0.216
71 82 0.127
71 83 0.362
71 85 0.149
71 86 0.233
71 87 0.146
71 88 0.092
71 89 0.115
71 90 0.174
71 92 0.2
71 93 0.118
71 94 0.053
71 95 0.121
71 96 0.141
71 97 0.201
71 98 0.176
71 99 0.326
71 78 0.076
71 80 0.125
71 91 0.188
72 74 0.153
72 75 0.196
72 76 0.265
72 77 0.183
72 78 0.057
72 79 0.145
72 80 0.131
72 81 0.169
72 82 0.223
72 83 0.102
72 84 0.268
72 85 0.165
72 86 0.309
72 87 0.111
72 89 0.115
72 90 0.15
72 91 0.142
72 92 0.233
72 93 0.14
72 94 0.363
72 95 0.236
72 97 0.083
72 98 0.145
72 73 0.124
72 88 0.178
72 96 0.068
72 99 0.16
73 74 0.192
73 75 0.119
73 77 0.149
73 79 0.073
73 80 0.173
73 82 0.385
73 83 0.257
73 84 0.338
73 85 0.122
73 86 0.222
73 89 0.132
73 90 0.104
73 93 0.088
73 94 0.001
73 95 0.322
73 96 0.177
73 97 0.035
73 99 0.138
73 76 0.198
73 78 0.202
73 81 0.162
73 87 0.208
73 88 0.179
73 91 0.149
73 92 0.136
73 98 0.159
74 88 0.719
74 75 0.101
74 76 0.189
74 77 0.149
74 78 0.146
74 79 0.154
74 80 0.18
74 81 0.044
74 82 0.343
74 83 0.258
74 84 0.184
74 85 0.175
74 86 0.159
74 87 0.184
74 89 0.137
74 90 0.032
74 91 0.082
74 92 0.13
74 93 0.126
74 94 0.051
74 96 0.187
74 97 0.09
74 98 0.075
74 99 0.076
74 95 0.106
75 78 0.882
75 76 0.154
75 77 0.038
75 80 0.212
75 82 0.124
75 83 0.209
75 84 0.431
75 86 0.194
75 90 0.015
75 91 0.31
75 92 0.039
75 94 0.153
75 95 0.345
75 97 0.295
75 98 0.168
75 99 0.156
75 79 0.158
75 81 0.184
75 85 0.152
75 87 0.127
75 88 0.201
75 89 0.157
75 93 0.147
75 96 0.186
76 98 0.984
76 77 0.156
76 78 0.149
76 79 0.213
76 80 0.358
76 81 0.439
76 84 0.308
76 85 0.188
76 86 0.155
76 87 0.11
76 88 0.152
76 89 0.176
76 90 0.189
76 91 0.311
76 92 0.18
76 93 0.13
76 94 0.167
76 95 0.025
76 96 0.161
76 97 0.083
76 99 0.223
76 82 0.164
76 83 0.122
77 78 0.737
77 80 0.116
77 81 0.322
77 82 0.022
77 83 0.135
77 85 0.247
77 86 0.134
77 87 0.298
77 88 0.145
77 89 0.236
77 90 0.1
77 91 0.155
77 94 0.193
77 95 0.352
77 96 0.076
77 97 0.183
77 98 0.137
77 99 0.245
77 79 0.135
77 84 0.134
77 92 0.135
77 93 0.206
78 79 0.028
78 80 0.173
78 81 0.224
78 83 0.303
78 84 0.127
78 85 0.207
78 86 0.316
78 87 0.17
78 88 0.358
78 89 0.124
78 90 0.141
78 91 0.161
78 92 0.115
78 93 0.326
78 95 0.19
78 96 0.143
78 97 0.115
78 98 0.091
78 82 0.145
78 99 0.098
79 80 0.176
79 81 0.181
79 82 0.152
79 83 0.145
79 84 0.147
79 85 0.196
79 87 0.108
79 89 0.168
79 91 0.185
79 93 0.176
79 94 0.214
79 95 0.142
79 96 0.199
79 97 0.192
79 98 0.035
79 99 0.157
79 86 0.154
79 90 0.136
79 92 0.154
80 83 0.94
80 81 0.133
80 82 0.168
80 84 0.185
80 85 0.128
80 86 0.22
80 87 0.238
80 88 0.215
80 89 0.136
80 91 0.283
80 92 0.195
80 93 0.122
80 94 0.158
80 95 0.163
80 96 0.101
80 98 0.17
80 99 0.11
80 90 0.203
80 97 0.234
81 87 0.653
81 82 0.118
81 83 0.054
81 84 0.238
81 85 0.24
81 86 0.109
81 88 0.168
81 89 0.166
81 90 0.128
81 91 0.005
81 92 0.169
81 93 0.312
81 95 0.17
81 97 0.163
81 98 0.291
81 99 0.137
81 94 0.154
81 96 0.137
82 85 0.216
82 86 0.267
82 87 0.068
82 88 0.159
82 89 0.142
82 90 0.055
82 91 0.313
82 92 0.175
82 93 0.208
82 94 0.073
82 96 0.209
82 97 0.317
82 83 0.184
82 84 0.147
82 95 0.154
82 98 0.128
82 99 0.165
83 84 0.131
83 85 0.081
83 87 0.207
83 88 0.122
83 91 0.112
83 93 0.173
83 94 0.154
83 95 0.306
83 96 0.145
83 97 0.121
83 98 0.105
83 99 0.077
83 89 0.138
83 90 0.14
83 92 0.115
84 85 0.197
84 86 0.14
84 87 0.288
84 88 0.099
84 89 0.116
84 90 0.122
84 91 0.153
84 92 0.172
84 93 0.228
84 96 0.2
84 94 0.171
84 98 0.135
84 99 0.151
85 94 1
85 88 0.229
85 89 0.162
85 92 0.011
85 93 0.168
85 95 0.273
85 96 0.145
85 97 0.142
85 98 0.134
85 99 0.195
85 87 0.171
85 91 0.13
86 96 0.882
86 87 0.2
86 88 0.143
86 89 0.159
86 91 0.155
86 92 0.165
86 94 0.177
86 95 0.146
86 97 0.025
86 99 0.226
86 90 0.13
86 93 0.179
86 98 0.179
87 89 0.124
87 90 0.164
87 91 0.121
87 93 0.191
87 94 0.251
87 97 0.197
87 98 0.124
87 99 0.129
87 88 0.119
87 92 0.14
87 95 0.104
87 96 0.127
88 89 0.21
88 91 0.147
88 92 0.156
88 97 0.097
88 98 0.186
88 90 0.141
88 93 0.126
88 94 0.145
88 95 0.138
88 96 0.187
88 99 0.096
89 90 0.072
89 93 0.07
89 94 0.141
89 95 0.115
89 98 0.112
89 91 0.198
89 92 0.131
89 96 0.153
89 97 0.137
90 91 0.126
90 92 0.161
90 93 0.097
90 95 0.185
90 96 0.123
90 99 0.264
90 94 0.127
90 97 0.138
90 98 0.145
91 92 0.15
91 93 0.211
91 95 0.203
91 96 0.049
91 97 0.129
91 98 0.135
91 99 0.149
91 94 0.149
92 95 0.112
92 96 0.184
92 97 0.126
92 98 0.196
92 99 0.142
92 93 0.114
92 94 0.165
93 96 0.14
93 98 0.108
93 99 0.117
93 94 0.122
93 95 0.151
93 97 0.161
94 95 0.138
94 96 0.094
94 98 0.174
94 97 0.121
94 99 0.112
95 96 0.069
95 97 0.298
95 98 0.153
95 99 0.121
96 97 0.239
96 99 0.181
96 98 0.203
97 98 0.071
97 99 0.067
98 99 0.135
