0 41 0.832
0 3 0.801
0 5 0.706
0 17 1
0 28 0.745
0 29 0.684
0 38 1
0 39 0.582
0 42 0.987
0 69 0.846
0 80 0.869
0 81 1
0 85 1
0 87 0.739
0 97 0.624
0 8 0.663
0 30 0.87
0 34 0.752
0 62 0.604
0 68 0.589
0 76 0.914
0 19 0.794
0 13 0.968
0 37 0.844
0 66 0.724
0 15 1
0 23 0.761
0 63 0.972
0 99 0.737
0 32 1
0 78 0.59
0 94 0.809
0 16 0.768
0 56 0.722
0 35 0.516
0 50 0.53
0 90 1
0 95 0.698
0 47 0.865
0 10 0.169
0 18 0.16
0 22 0.287
0 49 0.137
0 65 0.16
0 67 0.132
0 77 0.167
0 82 0.106
0 4 0.134
0 6 0.148
0 7 0.17
0 11 0.17
0 12 0.152
0 20 0.199
0 24 0.14
0 25 0.163
0 27 0.183
0 36 0.187
0 43 0.151
0 44 0.178
0 52 0.171
0 53 0.141
0 54 0.174
0 57 0.127
0 64 0.149
0 73 0.135
0 75 0.177
0 83 0.111
0 88 0.134
0 89 0.112
0 96 0.169
0 98 0.146
1 10 0.769
1 13 0.75
1 16 0.763
1 23 0.821
1 31 0.633
1 33 1
1 34 0.599
1 40 1
1 42 0.979
1 48 1
1 62 0.785
1 66 0.728
1 96 0.718
1 99 1
1 52 0.882
1 87 0.583
1 78 0.692
1 64 0.61
1 22 0.908
1 91 0.703
1 24 0.896
1 20 0.641
1 86 0.736
1 88 0.598
1 14 0.966
1 95 0.616
1 65 0.71
1 80 0.713
1 63 0.877
1 70 0.074
1 2 0.176
1 38 0.177
1 79 0.16
1 17 0.14
1 28 0.17
1 36 0.181
1 50 0.142
1 54 0.107
1 68 0.131
1 71 0.084
1 89 0.137
1 98 0.092
1 3 0.125
1 7 0.075
1 8 0.165
1 9 0.161
1 21 0.178
1 25 0.087
1 26 0.145
1 27 0.158
1 30 0.126
1 35 0.1
1 39 0.179
1 43 0.168
1 51 0.157
1 53 0.172
1 55 0.168
1 57 0.126
1 59 0.083
1 60 0.105
1 61 0.121
1 73 0.187
1 74 0.127
1 75 0.088
1 77 0.127
1 81 0.212
1 82 0.18
1 83 0.151
1 84 0.131
1 85 0.169
1 90 0.171
1 92 0.11
1 93 0.121
1 94 0.169
1 97 0.173
2 48 1
2 19 1
2 22 0.704
2 29 0.638
2 33 0.526
2 44 0.696
2 47 0.941
2 57 0.837
2 60 1.0
2 77 0.603
2 38 1
2 83 0.907
2 90 0.922
2 39 0.715
2 69 0.787
2 45 0.788
2 89 0.948
2 98 0.932
2 14 0.552
2 24 1
2 86 0.785
2 63 0.978
2 68 0.993
2 11 0.658
2 7 0.664
2 70 0.558
2 9 0.876
2 43 0.18
2 53 0.112
2 12 0.145
2 16 0.161
2 74 0.049
2 75 0.11
2 78 0.162
2 3 0.129
2 4 0.156
2 8 0.135
2 10 0.168
2 13 0.153
2 15 0.111
2 25 0.132
2 26 0.177
2 28 0.175
2 31 0.152
2 34 0.137
2 36 0.151
2 37 0.089
2 41 0.148
2 42 0.142
2 46 0.118
2 51 0.204
2 54 0.075
2 55 0.189
2 56 0.17
2 58 0.116
2 59 0.138
2 61 0.106
2 66 0.192
2 71 0.149
2 72 0.096
2 85 0.211
2 87 0.172
2 91 0.117
2 92 0.174
2 93 0.084
2 95 0.135
2 97 0.158
3 18 1
3 21 0.986
3 35 0.766
3 66 0.85
3 69 0.987
3 77 0.797
3 80 0.547
3 94 1
3 98 0.545
3 51 0.931
3 52 0.79
3 81 0.775
3 26 0.907
3 50 0.997
3 90 0.692
3 53 1
3 85 0.596
3 58 0.737
3 99 0.53
3 29 0.835
3 70 0.589
3 46 0.93
3 97 0.884
3 5 0.681
3 44 0.703
3 79 0.848
3 7 0.824
3 16 0.627
3 39 0.487
3 89 0.21
3 37 0.049
3 62 0.132
3 48 0.165
3 60 0.183
3 84 0.18
3 6 0.162
3 32 0.13
3 82 0.14
3 4 0.168
3 8 0.181
3 12 0.144
3 14 0.191
3 15 0.128
3 17 0.22
3 20 0.134
3 22 0.166
3 25 0.135
3 27 0.069
3 38 0.132
3 49 0.148
3 55 0.121
3 59 0.14
3 63 0.088
3 71 0.16
3 87 0.136
3 91 0.142
3 92 0.203
4 7 0.53
4 15 0.911
4 19 0.709
4 24 0.714
4 26 1
4 28 0.812
4 54 0.706
4 57 0.599
4 58 0.634
4 65 0.892
4 68 1
4 85 1
4 87 0.949
4 89 1
4 8 1
4 11 0.982
4 41 0.945
4 73 0.916
4 56 0.723
4 94 0.714
4 51 0.621
4 37 0.843
4 45 0.767
4 30 0.962
4 33 0.912
4 50 0.859
4 27 1
4 46 0.568
4 25 1
4 38 1
4 80 0.811
4 67 0.859
4 93 0.782
4 34 1
4 83 0.835
4 95 0.913
4 52 0.129
4 5 0.155
4 35 0.084
4 36 0.199
4 59 0.119
4 62 0.188
4 76 0.15
4 12 0.156
4 21 0.104
4 23 0.159
4 29 0.144
4 43 0.161
4 49 0.175
4 53 0.176
4 60 0.145
4 61 0.161
4 63 0.185
4 64 0.134
4 66 0.137
4 74 0.127
4 75 0.163
4 77 0.16
4 81 0.139
4 84 0.159
4 86 0.146
4 90 0.154
4 91 0.174
4 96 0.151
5 22 0.705
5 9 0.68
5 11 0.756
5 23 0.66
5 25 0.695
5 29 0.93
5 45 0.697
5 57 1
5 63 0.831
5 74 0.997
5 90 0.75
5 99 1
5 12 0.506
5 80 0.608
5 93 0.679
5 98 0.947
5 33 0.862
5 52 1
5 87 0.642
5 46 0.77
5 13 0.528
5 76 1
5 28 0.75
5 72 0.939
5 40 0.902
5 95 0.89
5 15 0.636
5 61 0.727
5 16 0.726
5 19 0.152
5 88 0.156
5 30 0.117
5 56 0.137
5 67 0.183
5 31 0.136
5 53 0.104
5 59 0.129
5 60 0.149
5 77 0.179
5 86 0.129
5 7 0.168
5 14 0.159
5 17 0.145
5 18 0.22
5 20 0.098
5 21 0.112
5 24 0.165
5 32 0.133
5 34 0.146
5 42 0.132
5 43 0.14
5 48 0.159
5 55 0.155
5 65 0.096
5 69 0.164
5 78 0.153
5 82 0.127
5 89 0.143
5 94 0.125
5 96 0.198
5 97 0.136
6 7 0.594
6 19 0.852
6 25 0.713
6 35 0.717
6 37 0.599
6 49 0.893
6 73 1
6 78 0.536
6 97 0.925
6 10 0.585
6 13 0.736
6 43 0.581
6 63 0.638
6 69 1
6 65 1
6 67 0.733
6 84 1
6 90 0.712
6 29 0.826
6 87 0.855
6 98 0.8
6 81 0.601
6 94 0.617
6 71 0.713
6 99 0.683
6 83 1
6 26 0.711
6 31 0.557
6 27 0.941
6 42 0.515
6 44 0.818
6 76 0.147
6 15 0.134
6 33 0.176
6 72 0.185
6 74 0.165
6 8 0.145
6 11 0.185
6 12 0.15
6 16 0.149
6 17 0.153
6 18 0.18
6 20 0.129
6 21 0.176
6 34 0.169
6 36 0.117
6 38 0.156
6 39 0.158
6 40 0.149
6 52 0.182
6 53 0.119
6 54 0.131
6 55 0.155
6 56 0.134
6 58 0.111
6 61 0.137
6 68 0.222
6 70 0.101
6 85 0.162
6 86 0.129
6 88 0.178
6 89 0.104
6 92 0.119
6 95 0.164
6 96 0.174
7 43 0.705
7 32 1
7 61 0.755
7 85 1
7 90 1
7 15 0.522
7 59 0.837
7 68 0.578
7 14 0.84
7 34 0.648
7 66 0.5
7 82 0.564
7 31 0.675
7 26 0.793
7 67 0.564
7 30 0.644
7 58 0.991
7 87 0.731
7 63 0.678
7 9 0.966
7 69 0.663
7 89 0.678
7 33 0.542
7 47 0.174
7 64 0.165
7 11 0.176
7 16 0.169
7 25 0.06
7 37 0.203
7 75 0.093
7 21 0.198
7 35 0.109
7 36 0.16
7 48 0.16
7 51 0.013
7 52 0.189
7 56 0.142
7 79 0.13
7 86 0.205
7 13 0.196
7 17 0.11
7 18 0.133
7 24 0.192
7 27 0.19
7 28 0.138
7 44 0.138
7 45 0.149
7 49 0.177
7 53 0.174
7 57 0.148
7 70 0.115
7 71 0.146
7 74 0.123
7 76 0.177
7 77 0.146
7 78 0.171
7 88 0.136
7 91 0.171
7 97 0.153
8 88 0.902
8 24 0.541
8 28 0.529
8 30 0.887
8 31 0.649
8 34 0.722
8 36 0.785
8 48 0.948
8 52 0.67
8 54 0.91
8 60 0.876
8 81 0.634
8 89 0.951
8 94 0.696
8 25 0.816
8 40 0.956
8 51 0.607
8 53 0.855
8 85 0.78
8 32 0.548
8 76 0.606
8 98 0.702
8 63 0.608
8 78 0.812
8 59 1
8 43 0.537
8 13 0.832
8 16 0.991
8 72 0.703
8 15 0.219
8 44 0.103
8 90 0.175
8 10 0.132
8 21 0.181
8 35 0.141
8 41 0.157
8 82 0.116
8 83 0.186
8 97 0.145
8 9 0.167
8 17 0.133
8 19 0.137
8 20 0.117
8 22 0.128
8 27 0.169
8 37 0.128
8 38 0.189
8 39 0.109
8 42 0.156
8 45 0.198
8 55 0.171
8 58 0.178
8 64 0.147
8 66 0.104
8 67 0.193
8 71 0.128
8 80 0.225
8 84 0.102
8 96 0.121
9 62 0.686
9 16 0.789
9 19 0.982
9 87 0.931
9 90 0.897
9 12 0.532
9 47 0.879
9 73 0.953
9 76 0.734
9 53 0.681
9 71 0.815
9 40 0.5
9 82 0.895
9 11 0.356
9 25 0.858
9 24 0.527
9 49 0.806
9 57 0.877
9 52 1
9 61 0.737
9 77 0.59
9 66 0.809
9 46 0.889
9 51 0.836
9 65 0.523
9 13 0.136
9 17 0.13
9 26 0.164
9 32 0.065
9 45 0.138
9 56 0.146
9 64 0.182
9 72 0.126
9 84 0.256
9 86 0.193
9 94 0.11
9 20 0.148
9 28 0.113
9 30 0.115
9 31 0.135
9 36 0.129
9 38 0.074
9 50 0.165
9 58 0.166
9 59 0.154
9 67 0.122
9 68 0.165
9 78 0.14
9 88 0.179
9 89 0.202
10 12 1
10 13 0.818
10 15 0.666
10 21 0.543
10 24 0.684
10 39 0.625
10 56 0.545
10 60 0.536
10 87 1
10 90 0.694
10 94 0.708
10 52 0.688
10 85 1
10 55 0.943
10 64 0.583
10 78 1
10 17 0.602
10 92 0.566
10 44 0.87
10 45 0.659
10 82 0.537
10 86 0.94
10 47 0.539
10 42 0.834
10 18 0.862
10 26 1
10 71 0.834
10 63 0.561
10 68 0.173
10 29 0.095
10 48 0.126
10 57 0.053
10 80 0.156
10 43 0.138
10 59 0.16
10 75 0.155
10 77 0.23
10 96 0.152
10 14 0.186
10 16 0.108
10 19 0.182
10 20 0.159
10 27 0.135
10 31 0.159
10 32 0.106
10 37 0.177
10 40 0.104
10 46 0.133
10 49 0.182
10 61 0.18
10 72 0.206
10 73 0.149
10 74 0.137
10 76 0.137
10 79 0.135
10 89 0.195
10 93 0.151
10 99 0.187
11 44 0.796
11 21 0.833
11 31 0.829
11 41 0.581
11 64 0.92
11 70 0.914
11 74 0.967
11 79 0.653
11 85 0.513
11 88 0.637
11 24 0.871
11 80 0.734
11 73 0.646
11 52 0.846
11 87 0.944
11 43 1
11 75 0.724
11 83 0.503
11 49 1
11 62 0.576
11 68 0.581
11 82 0.699
11 92 0.559
11 55 0.678
11 99 0.614
11 32 1
11 48 0.879
11 78 0.707
11 25 0.369
11 59 0.1
11 23 0.155
11 37 0.127
11 38 0.215
11 40 0.134
11 58 0.095
11 60 0.082
11 94 0.152
11 13 0.165
11 15 0.152
11 16 0.161
11 17 0.12
11 18 0.129
11 20 0.228
11 28 0.135
11 39 0.204
11 45 0.17
11 46 0.152
11 47 0.165
11 53 0.178
11 57 0.105
11 65 0.102
11 66 0.17
11 72 0.155
11 76 0.161
11 97 0.166
12 14 0.51
12 18 1
12 35 0.791
12 41 0.88
12 42 0.593
12 48 0.897
12 49 0.722
12 51 0.599
12 57 0.794
12 70 0.779
12 80 0.732
12 99 0.735
12 62 0.788
12 84 1
12 29 0.646
12 95 0.811
12 34 0.924
12 67 0.926
12 33 0.756
12 19 0.504
12 27 0.491
12 64 0.832
12 59 0.709
12 83 0.74
12 46 0.848
12 21 0.152
12 23 0.213
12 78 0.182
12 36 0.243
12 71 0.051
12 74 0.175
12 79 0.115
12 25 0.163
12 58 0.166
12 90 0.165
12 13 0.223
12 16 0.126
12 22 0.109
12 28 0.176
12 38 0.189
12 44 0.146
12 45 0.12
12 47 0.177
12 52 0.132
12 53 0.157
12 60 0.119
12 66 0.122
12 75 0.142
12 76 0.15
12 77 0.172
12 81 0.153
12 85 0.173
12 86 0.157
12 87 0.071
12 88 0.135
12 92 0.15
12 94 0.12
12 97 0.164
13 19 0.703
13 27 0.569
13 39 0.856
13 47 0.907
13 51 1
13 52 0.98
13 63 0.899
13 70 0.56
13 74 0.883
13 85 0.658
13 90 0.816
13 94 1
13 59 0.694
13 21 0.672
13 71 0.858
13 20 1
13 97 0.957
13 72 1
13 62 0.441
13 28 0.816
13 46 0.877
13 18 0.769
13 48 0.688
13 57 0.775
13 16 0.635
13 87 1
13 84 0.588
13 83 0.534
13 53 0.792
13 60 0.824
13 24 0.131
13 30 0.164
13 68 0.113
13 78 0.158
13 99 0.053
13 45 0.205
13 61 0.132
13 86 0.09
13 15 0.124
13 17 0.133
13 23 0.164
13 25 0.192
13 31 0.136
13 32 0.148
13 34 0.196
13 37 0.18
13 40 0.137
13 41 0.177
13 42 0.196
13 44 0.183
13 55 0.128
13 56 0.142
13 73 0.155
13 75 0.222
13 77 0.112
13 81 0.155
13 89 0.103
13 98 0.133
14 32 0.706
14 27 0.556
14 28 0.565
14 58 0.699
14 64 0.689
14 68 0.74
14 75 0.533
14 83 0.826
14 77 0.791
14 78 1
14 59 0.928
14 43 1
14 19 0.957
14 37 0.9
14 55 0.597
14 73 1
14 88 0.669
14 45 0.922
14 65 0.907
14 48 0.507
14 95 0.776
14 36 0.604
14 46 0.899
14 99 0.639
14 33 0.529
14 81 1
14 40 0.712
14 16 0.154
14 30 0.203
14 47 0.148
14 57 0.093
14 63 0.168
14 71 0.12
14 21 0.136
14 22 0.134
14 23 0.116
14 24 0.116
14 25 0.11
14 35 0.069
14 44 0.15
14 52 0.216
14 53 0.143
14 60 0.133
14 62 0.16
14 67 0.172
14 69 0.172
14 70 0.142
14 76 0.133
14 89 0.205
14 91 0.116
14 93 0.125
14 94 0.136
15 59 1
15 16 0.659
15 23 0.568
15 27 0.805
15 36 0.922
15 64 0.821
15 69 0.983
15 72 0.877
15 78 0.951
15 79 0.643
15 85 0.569
15 83 1
15 33 0.952
15 57 0.742
15 73 1
15 86 0.801
15 94 0.558
15 29 0.903
15 77 1
15 97 0.715
15 99 0.511
15 60 0.938
15 81 0.766
15 90 0.712
15 28 0.884
15 18 0.608
15 30 1
15 67 0.554
15 42 0.721
15 48 0.867
15 71 1
15 63 0.733
15 65 0.548
15 41 0.11
15 51 0.228
15 56 0.12
15 61 0.146
15 19 0.124
15 20 0.153
15 21 0.129
15 32 0.165
15 35 0.135
15 38 0.175
15 39 0.139
15 45 0.12
15 46 0.162
15 52 0.123
15 53 0.126
15 54 0.121
15 66 0.154
15 68 0.141
15 80 0.187
15 82 0.159
15 96 0.183
15 98 0.123
16 24 0.895
16 19 1
16 29 1
16 30 0.938
16 33 0.765
16 45 1
16 49 0.65
16 76 0.592
16 84 0.689
16 88 0.729
16 94 0.525
16 96 1
16 99 0.596
16 25 0.869
16 42 0.835
16 58 0.517
16 73 0.579
16 21 0.78
16 60 0.782
16 98 0.949
16 18 0.751
16 56 0.789
16 65 0.919
16 70 0.821
16 54 0.553
16 57 0.816
16 67 0.535
16 62 0.842
16 22 0.875
16 47 0.767
16 71 0.896
16 32 0.15
16 17 0.159
16 80 0.138
16 82 0.346
16 41 0.181
16 43 0.256
16 44 0.152
16 64 0.002
16 68 0.134
16 91 0.165
16 97 0.183
16 20 0.149
16 23 0.15
16 27 0.152
16 28 0.154
16 34 0.158
16 37 0.156
16 46 0.136
16 51 0.137
16 53 0.167
16 59 0.149
16 61 0.176
16 66 0.149
16 79 0.185
16 83 0.153
16 85 0.136
16 87 0.128
16 90 0.19
16 92 0.094
16 95 0.155
17 39 0.693
17 37 0.941
17 42 0.567
17 48 0.9
17 61 0.554
17 64 0.679
17 73 0.617
17 78 0.878
17 79 0.936
17 80 1
17 82 0.587
17 83 0.972
17 90 0.777
17 93 0.753
17 21 0.605
17 34 0.867
17 45 0.712
17 67 0.611
17 70 0.755
17 71 0.986
17 38 0.962
17 74 0.694
17 54 0.921
17 89 0.864
17 22 0.56
17 62 0.345
17 30 0.69
17 23 0.771
17 81 0.873
17 75 0.605
17 28 1
17 55 0.78
17 68 0.201
17 98 0.26
17 18 0.162
17 31 0.139
17 41 0.11
17 77 0.14
17 24 0.175
17 25 0.156
17 35 0.132
17 40 0.17
17 43 0.189
17 50 0.158
17 57 0.131
17 59 0.154
17 60 0.146
17 66 0.172
17 72 0.136
17 88 0.17
18 19 0.699
18 30 0.931
18 55 0.879
18 60 0.849
18 64 1
18 66 0.569
18 70 0.738
18 72 0.683
18 73 0.557
18 89 0.821
18 98 0.938
18 50 1
18 43 0.738
18 21 0.72
18 95 0.903
18 35 0.9
18 27 0.558
18 41 0.775
18 29 1
18 97 0.98
18 37 0.181
18 23 0.175
18 31 0.352
18 83 0.134
18 33 0.211
18 42 0.182
18 81 0.132
18 86 0.231
18 87 0.055
18 99 0.218
18 25 0.149
18 28 0.114
18 32 0.184
18 39 0.152
18 40 0.14
18 44 0.189
18 46 0.139
18 56 0.14
18 58 0.166
18 59 0.105
18 65 0.135
18 71 0.175
18 78 0.173
18 79 0.146
18 80 0.203
18 84 0.072
18 85 0.124
18 90 0.213
19 67 0.521
19 22 0.985
19 29 0.822
19 32 0.813
19 37 0.672
19 46 0.715
19 72 1
19 88 0.597
19 91 0.818
19 99 0.695
19 44 0.718
19 79 0.634
19 89 0.815
19 66 0.822
19 60 0.94
19 62 0.973
19 30 0.677
19 80 0.87
19 82 0.73
19 45 1
19 64 0.836
19 24 0.884
19 75 0.991
19 31 0.555
19 36 0.677
19 52 0.827
19 21 0.189
19 42 0.118
19 48 0.09
19 59 0.162
19 83 0.164
19 90 0.196
19 93 0.179
19 20 0.142
19 26 0.138
19 33 0.192
19 35 0.179
19 40 0.124
19 41 0.158
19 49 0.162
19 53 0.158
19 54 0.151
19 57 0.153
19 65 0.154
19 68 0.113
19 69 0.107
19 70 0.137
19 77 0.118
19 78 0.159
19 81 0.175
19 86 0.128
19 92 0.142
19 94 0.139
20 32 0.793
20 36 0.829
20 51 0.657
20 63 0.791
20 87 0.621
20 94 0.967
20 96 1
20 66 0.661
20 78 0.558
20 82 0.742
20 72 0.728
20 80 0.627
20 23 0.6
20 73 0.84
20 91 0.58
20 43 0.61
20 67 0.753
20 33 0.946
20 81 0.638
20 41 0.708
20 84 0.751
20 86 0.973
20 99 0.931
20 28 1
20 75 0.599
20 30 0.848
20 60 0.711
20 83 0.762
20 74 0.916
20 52 0.27
20 71 0.18
20 24 0.143
20 27 0.109
20 45 0.193
20 79 0.16
20 85 0.161
20 89 0.14
20 97 0.199
20 22 0.115
20 25 0.127
20 29 0.106
20 34 0.178
20 35 0.116
20 38 0.127
20 39 0.15
20 40 0.162
20 42 0.162
20 44 0.151
20 46 0.11
20 47 0.128
20 48 0.118
20 50 0.176
20 54 0.203
20 56 0.15
20 65 0.138
20 70 0.161
20 76 0.15
20 77 0.138
20 88 0.137
21 24 1
21 37 0.519
21 45 0.865
21 59 0.833
21 70 0.682
21 72 0.713
21 77 1
21 84 0.91
21 61 0.585
21 41 0.537
21 93 0.746
21 75 0.925
21 87 0.748
21 95 0.602
21 92 0.784
21 40 0.934
21 54 0.257
21 96 0.738
21 89 0.969
21 68 0.543
21 86 0.526
21 22 0.896
21 38 0.011
21 35 0.175
21 56 0.128
21 39 0.143
21 42 0.144
21 58 0.165
21 62 0.147
21 65 0.17
21 69 0.26
21 80 0.109
21 28 0.138
21 32 0.173
21 34 0.162
21 36 0.174
21 44 0.146
21 47 0.156
21 49 0.148
21 50 0.198
21 52 0.202
21 63 0.138
21 64 0.175
21 67 0.11
21 71 0.131
21 74 0.105
21 76 0.174
21 81 0.105
21 82 0.171
21 83 0.152
21 90 0.151
21 91 0.139
21 99 0.14
22 25 0.509
22 26 0.647
22 37 0.57
22 40 0.808
22 45 0.873
22 54 0.67
22 76 0.858
22 83 0.664
22 92 0.734
22 34 0.789
22 63 0.949
22 67 0.574
22 68 1
22 73 0.615
22 44 0.836
22 64 0.922
22 41 0.913
22 74 0.6
22 75 0.501
22 78 0.826
22 84 0.673
22 72 0.587
22 24 0.949
22 46 0.687
22 86 0.78
22 33 0.207
22 50 0.148
22 90 0.169
22 23 0.087
22 27 0.153
22 31 0.182
22 32 0.159
22 35 0.177
22 38 0.119
22 39 0.106
22 42 0.164
22 43 0.201
22 48 0.189
22 49 0.106
22 51 0.184
22 56 0.137
22 57 0.144
22 62 0.174
22 70 0.184
22 79 0.162
22 85 0.13
22 87 0.11
22 88 0.12
22 95 0.175
22 96 0.118
22 97 0.169
22 98 0.118
23 73 1
23 27 0.931
23 32 0.777
23 49 0.627
23 60 0.667
23 88 0.676
23 90 0.932
23 54 0.739
23 58 0.932
23 63 0.859
23 93 0.903
23 74 0.736
23 71 0.751
23 79 0.769
23 51 0.969
23 95 0.864
23 34 0.817
23 25 0.6
23 80 0.634
23 61 0.797
23 84 0.684
23 92 0.686
23 85 0.895
23 29 0.194
23 36 0.242
23 45 0.306
23 55 0.14
23 65 0.134
23 26 0.381
23 35 0.084
23 72 0.112
23 75 0.151
23 87 0.169
23 97 0.127
23 24 0.081
23 39 0.179
23 40 0.162
23 41 0.119
23 42 0.21
23 43 0.207
23 44 0.119
23 48 0.164
23 50 0.116
23 53 0.195
23 59 0.135
23 62 0.149
23 66 0.214
23 69 0.111
23 70 0.163
23 76 0.127
23 77 0.108
23 82 0.166
23 89 0.159
23 94 0.14
23 96 0.164
23 98 0.163
24 31 0.518
24 32 0.775
24 39 1
24 51 0.634
24 62 0.734
24 64 0.682
24 70 0.583
24 79 0.638
24 86 0.881
24 87 0.906
24 89 0.542
24 67 1
24 82 0.886
24 26 0.812
24 98 0.711
24 80 0.943
24 59 0.651
24 77 0.911
24 78 0.842
24 90 0.807
24 84 0.96
24 48 0.138
24 75 0.171
24 43 0.173
24 50 0.05
24 63 0.176
24 71 0.187
24 73 0.114
24 97 0.171
24 28 0.184
24 33 0.128
24 35 0.18
24 37 0.204
24 38 0.125
24 40 0.131
24 41 0.168
24 44 0.123
24 47 0.162
24 58 0.185
24 61 0.134
24 74 0.167
24 76 0.186
24 92 0.158
24 93 0.153
24 96 0.163
24 99 0.135
25 68 0.558
25 33 0.63
25 61 0.938
25 69 0.902
25 72 0.592
25 81 0.721
25 26 0.549
25 44 1
25 75 0.775
25 56 1
25 29 0.85
25 64 0.612
25 84 0.822
25 34 0.958
25 76 1
25 35 0.768
25 45 0.842
25 79 0.752
25 82 0.661
25 63 0.764
25 86 0.243
25 53 0.168
25 65 0.187
25 73 0.174
25 90 0.121
25 91 0.145
25 31 0.096
25 32 0.114
25 36 0.133
25 40 0.183
25 42 0.096
25 43 0.139
25 48 0.148
25 51 0.172
25 54 0.104
25 55 0.14
25 57 0.218
25 58 0.086
25 59 0.112
25 77 0.209
25 80 0.184
25 87 0.145
25 92 0.122
25 93 0.17
25 94 0.116
26 50 0.924
26 55 0.676
26 56 0.982
26 76 1
26 84 0.682
26 89 0.722
26 45 0.941
26 72 0.798
26 40 0.697
26 28 0.745
26 44 0.994
26 98 1
26 65 0.917
26 34 0.686
26 87 0.601
26 36 0.757
26 38 0.607
26 53 1
26 47 0.907
26 74 0.556
26 39 0.694
26 80 0.126
26 69 0.448
26 99 0.154
26 59 0.126
26 66 0.177
26 67 0.129
26 77 0.134
26 88 0.144
26 27 0.145
26 30 0.129
26 31 0.14
26 35 0.111
26 37 0.145
26 46 0.199
26 51 0.17
26 52 0.158
26 57 0.102
26 60 0.174
26 64 0.141
26 68 0.155
26 83 0.188
26 85 0.19
26 91 0.17
26 93 0.144
26 94 0.188
27 79 0.989
27 33 0.585
27 44 0.612
27 51 0.893
27 63 0.67
27 82 0.932
27 87 0.703
27 91 0.928
27 99 0.786
27 43 0.927
27 76 0.617
27 98 0.546
27 95 0.518
27 93 0.593
27 74 0.626
27 81 0.965
27 62 0.968
27 29 0.816
27 42 0.886
27 55 0.619
27 94 0.632
27 89 0.662
27 53 0.569
27 39 0.516
27 88 0.203
27 37 0.156
27 57 0.174
27 70 0.167
27 31 0.113
27 36 0.16
27 41 0.14
27 47 0.147
27 58 0.138
27 60 0.165
27 68 0.154
27 69 0.167
27 73 0.147
27 77 0.15
27 78 0.132
27 80 0.162
27 83 0.113
27 84 0.179
27 96 0.196
27 97 0.149
28 63 1
28 33 0.726
28 36 0.807
28 37 0.753
28 43 0.784
28 48 0.853
28 78 0.892
28 99 0.769
28 85 0.524
28 89 0.743
28 92 1
28 86 1
28 34 0.829
28 95 0.889
28 83 0.908
28 75 0.561
28 71 0.641
28 70 0.647
28 65 0.015
28 82 0.144
28 84 0.105
28 44 0.105
28 50 0.1
28 31 0.174
28 32 0.155
28 54 0.133
28 57 0.152
28 69 0.174
28 80 0.305
28 87 0.122
28 94 0.177
28 97 0.176
28 29 0.189
28 52 0.118
28 53 0.107
28 55 0.117
28 59 0.137
28 67 0.161
28 68 0.121
28 72 0.095
28 77 0.084
29 31 0.932
29 32 0.735
29 35 0.523
29 50 0.775
29 53 0.538
29 56 0.809
29 64 0.627
29 80 1
29 94 0.541
29 98 0.57
29 99 0.601
29 39 0.883
29 43 0.657
29 76 0.51
29 88 0.748
29 96 0.723
29 97 1
29 55 0.81
29 42 0.999
29 47 0.584
29 58 0.883
29 91 0.859
29 74 0.786
29 69 0.672
29 84 0.802
29 78 0.875
29 40 0.531
29 41 0.711
29 67 0.734
29 66 0.112
29 45 0.237
29 38 0.134
29 44 0.116
29 83 0.153
29 30 0.14
29 34 0.121
29 37 0.167
29 48 0.206
29 52 0.131
29 59 0.082
29 60 0.147
29 63 0.152
29 68 0.137
29 70 0.101
29 79 0.151
29 85 0.16
29 87 0.163
29 93 0.12
29 95 0.16
30 93 0.644
30 37 0.917
30 43 0.615
30 47 0.569
30 55 0.895
30 56 0.874
30 72 1
30 76 0.774
30 91 0.646
30 94 1
30 96 0.96
30 38 0.61
30 57 0.71
30 66 0.821
30 61 0.842
30 95 0.762
30 35 1
30 67 1
30 82 0.592
30 45 0.89
30 89 0.972
30 65 0.677
30 81 1
30 99 1
30 32 0.174
30 40 0.179
30 48 0.253
30 62 0.076
30 86 0.187
30 34 0.131
30 36 0.094
30 39 0.147
30 41 0.166
30 44 0.118
30 46 0.118
30 58 0.116
30 64 0.173
30 68 0.134
30 69 0.149
30 70 0.113
30 73 0.195
30 75 0.1
30 77 0.181
30 80 0.147
30 85 0.108
30 87 0.159
30 98 0.131
31 35 0.573
31 37 0.913
31 57 0.537
31 64 0.657
31 68 0.872
31 78 0.93
31 84 0.951
31 87 0.872
31 39 0.911
31 60 0.998
31 44 0.785
31 32 0.645
31 90 0.617
31 59 0.906
31 94 0.811
31 34 0.749
31 41 0.723
31 47 0.585
31 36 0.53
31 79 0.134
31 38 0.129
31 54 0.171
31 67 0.195
31 85 0.202
31 40 0.109
31 45 0.16
31 46 0.141
31 50 0.133
31 53 0.089
31 56 0.197
31 63 0.165
31 65 0.101
31 69 0.14
31 70 0.122
31 72 0.122
31 74 0.134
31 77 0.11
31 81 0.096
31 83 0.16
31 86 0.186
31 89 0.13
31 92 0.179
31 96 0.143
32 39 0.723
32 41 0.619
32 61 0.961
32 88 1
32 95 0.9
32 45 0.941
32 84 0.568
32 99 0.889
32 54 0.977
32 62 1
32 42 0.921
32 44 0.581
32 34 0.801
32 65 0.738
32 72 0.554
32 36 0.845
32 76 1
32 48 0.814
32 58 0.593
32 59 0.72
32 97 0.577
32 46 0.186
32 57 0.144
32 78 0.178
32 38 0.167
32 49 0.083
32 71 0.108
32 37 0.159
32 40 0.107
32 43 0.182
32 50 0.154
32 52 0.193
32 55 0.191
32 66 0.185
32 70 0.149
32 73 0.17
32 74 0.131
32 77 0.155
32 79 0.138
32 86 0.154
32 87 0.126
32 90 0.074
33 36 0.639
33 37 0.543
33 45 0.901
33 49 0.585
33 57 1
33 81 0.51
33 91 0.933
33 98 0.924
33 78 0.841
33 64 0.738
33 52 0.794
33 61 0.837
33 70 0.808
33 89 0.521
33 69 0.893
33 83 0.594
33 38 0.894
33 51 0.625
33 68 0.71
33 59 0.104
33 95 0.192
33 43 0.129
33 65 0.175
33 46 0.166
33 47 0.124
33 48 0.113
33 50 0.145
33 53 0.141
33 58 0.161
33 62 0.128
33 63 0.119
33 66 0.127
33 73 0.145
33 74 0.144
33 76 0.133
33 84 0.17
33 86 0.146
33 87 0.108
33 90 0.195
33 96 0.154
33 99 0.164
34 72 0.927
34 35 1
34 37 0.808
34 53 0.849
34 54 0.915
34 56 0.829
34 58 0.943
34 75 0.713
34 95 0.776
34 97 0.594
34 55 1
34 52 1
34 73 0.551
34 66 0.833
34 60 0.906
34 38 0.761
34 42 0.605
34 61 0.999
34 87 0.81
34 93 0.959
34 47 0.746
34 74 0.649
34 77 0.608
34 36 0.614
34 91 0.186
34 41 0.23
34 70 0.171
34 98 0.164
34 39 0.177
34 43 0.13
34 51 0.131
34 63 0.12
34 64 0.118
34 71 0.092
34 76 0.185
34 80 0.168
34 81 0.164
34 85 0.162
34 92 0.199
34 99 0.163
35 37 0.832
35 47 1
35 55 1
35 58 0.79
35 70 0.708
35 77 0.612
35 83 0.88
35 87 0.971
35 92 1
35 48 0.567
35 66 0.548
35 73 1
35 52 0.844
35 41 0.679
35 91 0.933
35 72 0.673
35 67 0.908
35 97 1
35 57 0.658
35 61 0.817
35 39 1
35 63 0.547
35 84 0.115
35 86 0.065
35 89 0.135
35 36 0.162
35 38 0.131
35 44 0.118
35 46 0.133
35 49 0.111
35 53 0.162
35 54 0.128
35 60 0.117
35 62 0.154
35 64 0.16
35 68 0.155
35 71 0.114
35 76 0.193
35 78 0.111
35 79 0.168
35 81 0.136
35 82 0.096
35 85 0.171
35 90 0.099
35 93 0.123
35 98 0.117
35 99 0.136
36 43 0.829
36 52 1
36 61 0.612
36 65 1
36 79 0.842
36 96 0.981
36 91 0.656
36 45 0.566
36 39 1
36 76 1
36 77 0.688
36 94 0.714
36 78 0.916
36 88 0.515
36 55 0.152
36 67 0.124
36 59 0.169
36 82 0.157
36 95 0.174
36 98 0.24
36 40 0.184
36 41 0.121
36 46 0.123
36 47 0.166
36 48 0.169
36 49 0.122
36 50 0.154
36 51 0.162
36 53 0.24
36 56 0.167
36 60 0.12
36 62 0.156
36 64 0.128
36 72 0.128
36 74 0.158
36 81 0.164
36 83 0.109
36 99 0.127
37 58 0.552
37 44 0.949
37 55 0.86
37 56 0.851
37 79 0.554
37 80 0.874
37 85 0.764
37 99 0.554
37 49 0.733
37 93 0.999
37 45 0.514
37 51 0.792
37 61 0.84
37 39 1
37 77 1
37 65 0.503
37 70 0.86
37 67 0.717
37 38 0.676
37 52 0.724
37 41 0.175
37 40 0.246
37 75 0.103
37 78 0.113
37 83 0.141
37 90 0.142
37 46 0.229
37 47 0.132
37 54 0.099
37 57 0.142
37 59 0.174
37 64 0.169
37 68 0.164
37 72 0.133
37 73 0.134
37 76 0.115
37 84 0.149
37 86 0.138
37 88 0.156
37 91 0.106
37 94 0.158
37 95 0.157
37 98 0.114
38 39 0.562
38 42 0.883
38 45 1
38 57 0.987
38 69 0.626
38 92 0.668
38 53 0.692
38 71 0.957
38 66 0.84
38 47 1
38 41 0.647
38 61 0.719
38 89 0.609
38 50 0.049
38 65 0.16
38 72 0.141
38 40 0.226
38 51 0.086
38 80 0.185
38 84 0.139
38 88 0.16
38 96 0.189
38 98 0.168
38 48 0.071
38 62 0.177
38 63 0.112
38 67 0.192
38 68 0.202
38 70 0.168
38 73 0.182
38 74 0.102
38 76 0.13
38 77 0.163
38 79 0.172
38 81 0.144
38 82 0.124
38 94 0.146
39 59 0.844
39 63 1
39 65 0.932
39 68 0.79
39 69 0.872
39 73 0.605
39 82 0.506
39 88 0.806
39 90 0.985
39 93 0.931
39 71 0.744
39 83 1
39 45 0.926
39 75 0.788
39 76 1
39 96 0.932
39 85 0.848
39 84 1
39 57 0.638
39 60 0.582
39 46 0.57
39 79 0.905
39 66 1
39 70 0.103
39 50 0.18
39 51 0.171
39 53 0.104
39 58 0.136
39 80 0.151
39 98 0.118
39 41 0.108
39 42 0.13
39 43 0.209
39 48 0.165
39 62 0.173
39 67 0.132
39 72 0.159
39 74 0.137
39 77 0.134
39 78 0.139
39 81 0.129
39 86 0.088
39 91 0.09
39 92 0.142
39 99 0.131
40 99 0.845
40 45 1
40 47 0.813
40 51 0.6
40 75 1
40 82 0.556
40 87 0.861
40 97 0.976
40 53 0.671
40 65 0.911
40 86 0.814
40 44 0.957
40 56 0.728
40 73 0.678
40 77 0.965
40 66 0.98
40 50 0.765
40 79 0.809
40 85 0.755
40 61 0.141
40 49 0.161
40 46 0.115
40 90 0.161
40 98 0.173
40 42 0.165
40 48 0.174
40 52 0.163
40 59 0.154
40 60 0.142
40 64 0.108
40 72 0.145
40 80 0.16
40 81 0.198
40 83 0.134
40 89 0.161
40 91 0.149
40 94 0.147
40 95 0.13
41 49 1
41 53 0.987
41 65 0.71
41 71 0.896
41 82 0.573
41 86 0.934
41 96 0.988
41 76 1
41 90 0.666
41 55 0.946
41 51 0.717
41 57 0.995
41 81 0.813
41 42 0.918
41 79 0.812
41 54 0.733
41 46 0.783
41 73 0.914
41 74 0.666
41 64 0.151
41 84 0.085
41 44 0.178
41 45 0.131
41 47 0.125
41 50 0.13
41 52 0.144
41 62 0.176
41 63 0.136
41 67 0.183
41 70 0.167
41 72 0.13
41 80 0.157
41 85 0.147
41 87 0.141
41 92 0.097
41 97 0.163
42 50 1
42 58 0.858
42 62 0.533
42 80 1
42 91 0.962
42 48 0.976
42 79 1
42 89 0.665
42 65 0.996
42 57 0.702
42 88 0.794
42 81 0.849
42 45 0.724
42 73 0.761
42 82 0.684
42 87 0.619
42 90 0.725
42 52 1
42 70 0.742
42 78 0.891
42 54 0.949
42 69 0.153
42 71 0.198
42 74 0.166
42 83 0.145
42 46 0.148
42 47 0.173
42 49 0.191
42 55 0.133
42 56 0.145
42 59 0.153
42 60 0.163
42 61 0.117
42 64 0.156
42 75 0.184
42 76 0.207
42 85 0.113
42 86 0.136
42 93 0.161
42 94 0.141
42 96 0.173
42 97 0.175
42 99 0.16
43 50 0.751
43 56 1
43 68 0.724
43 73 0.937
43 76 0.588
43 85 0.895
43 94 1
43 53 1
43 91 0.733
43 47 1
43 60 0.733
43 75 1
43 96 0.608
43 66 0.648
43 48 0.704
43 77 0.673
43 45 0.659
43 98 0.749
43 55 0.772
43 72 0.602
43 70 0.78
43 81 0.737
43 65 0.172
43 84 0.365
43 61 0.136
43 46 0.117
43 54 0.156
43 59 0.17
43 64 0.166
43 67 0.209
43 79 0.104
43 80 0.106
43 82 0.169
43 86 0.143
43 87 0.129
43 88 0.218
43 89 0.11
43 90 0.242
43 92 0.172
43 93 0.163
43 95 0.117
44 55 1
44 63 0.939
44 76 0.631
44 78 1
44 90 0.816
44 91 0.58
44 92 0.759
44 89 0.916
44 95 0.695
44 64 0.979
44 59 1
44 81 1
44 60 0.588
44 56 0.656
44 99 0.515
44 45 0.559
44 84 0.596
44 61 0.895
44 86 0.786
44 49 0.204
44 80 0.228
44 97 0.163
44 54 0.121
44 66 0.163
44 83 0.124
44 85 0.124
44 94 0.144
44 46 0.131
44 47 0.111
44 50 0.186
44 57 0.194
44 62 0.114
44 69 0.127
44 70 0.147
44 72 0.149
44 73 0.153
44 77 0.086
44 87 0.209
45 51 0.864
45 52 0.955
45 54 0.908
45 71 0.551
45 76 0.732
45 83 0.727
45 88 0.761
45 92 0.811
45 99 0.883
45 61 1
45 73 0.9
45 68 1
45 53 0.925
45 57 0.642
45 94 0.739
45 91 0.749
45 48 0.578
45 77 0.892
45 84 0.807
45 55 0.133
45 72 0.185
45 79 0.162
45 86 0.183
45 97 0.167
45 46 0.173
45 50 0.175
45 56 0.096
45 60 0.111
45 66 0.088
45 70 0.127
45 75 0.146
45 82 0.153
45 89 0.181
46 51 0.844
46 56 0.65
46 67 0.889
46 71 1
46 73 0.731
46 89 0.684
46 72 1
46 86 0.733
46 80 0.731
46 70 0.92
46 68 0.771
46 99 0.883
46 65 1
46 61 0.624
46 91 0.709
46 58 0.571
46 94 0.491
46 47 0.159
46 52 0.03
46 60 0.092
46 76 0.176
46 48 0.133
46 49 0.187
46 50 0.185
46 53 0.141
46 55 0.215
46 57 0.187
46 62 0.141
46 63 0.105
46 66 0.188
46 74 0.128
46 75 0.12
46 78 0.154
46 90 0.132
46 92 0.183
46 96 0.157
46 98 0.182
47 96 0.734
47 99 1
47 51 1
47 69 0.989
47 66 0.664
47 98 0.822
47 60 1
47 65 1
47 70 0.798
47 59 0.75
47 90 0.779
47 62 0.927
47 79 0.671
47 95 0.843
47 97 0.537
47 86 0.707
47 64 0.202
47 82 0.166
47 55 0.255
47 72 0.158
47 80 0.148
47 52 0.181
47 67 0.145
47 74 0.15
47 75 0.16
47 76 0.119
47 83 0.17
47 85 0.194
47 89 0.091
48 67 0.686
48 83 0.493
48 87 0.668
48 81 0.869
48 73 0.87
48 80 0.643
48 89 0.801
48 93 0.74
48 88 0.838
48 60 0.942
48 68 0.516
48 63 0.884
48 95 0.908
48 78 0.976
48 84 0.696
48 57 0.628
48 55 0.147
48 49 0.165
48 50 0.133
48 51 0.173
48 52 0.176
48 54 0.151
48 56 0.106
48 58 0.179
48 59 0.163
48 66 0.173
48 69 0.132
48 72 0.182
48 75 0.135
48 76 0.17
48 77 0.11
48 86 0.183
48 90 0.21
48 92 0.155
48 98 0.119
49 71 0.789
49 53 1
49 69 0.583
49 83 0.82
49 97 0.854
49 52 0.757
49 59 1
49 99 0.755
49 74 0.508
49 65 0.885
49 76 0.587
49 66 0.875
49 94 0.682
49 67 0.504
49 50 0.995
49 61 0.568
49 54 0.214
49 51 0.132
49 68 0.279
49 84 0.146
49 87 0.159
49 56 0.112
49 60 0.143
49 63 0.14
49 73 0.124
49 75 0.182
49 88 0.179
49 89 0.144
49 91 0.151
49 92 0.182
49 93 0.157
49 95 0.174
49 96 0.142
50 68 0.785
50 76 0.757
50 77 0.676
50 79 0.561
50 82 0.697
50 83 0.854
50 89 0.913
50 94 0.802
50 71 0.934
50 95 0.624
50 58 1
50 86 0.84
50 57 0.612
50 64 0.728
50 78 0.77
50 55 1
50 74 1
50 93 0.192
50 73 0.205
50 56 0.144
50 72 0.081
50 84 0.132
50 62 0.126
50 63 0.117
50 66 0.151
50 67 0.158
50 69 0.161
50 75 0.165
50 80 0.138
50 85 0.123
50 92 0.147
50 96 0.137
50 97 0.208
51 82 0.994
51 53 0.681
51 57 0.628
51 71 0.893
51 76 0.837
51 79 0.834
51 88 0.914
51 94 0.886
51 97 1
51 62 0.916
51 93 0.998
51 90 0.706
51 85 0.693
51 96 1
51 63 1
51 89 1
51 99 0.859
51 54 0.793
51 60 0.844
51 73 0.623
51 75 0.744
51 91 0.151
51 87 0.157
51 65 0.174
51 66 0.183
51 69 0.091
51 72 0.185
51 74 0.153
51 80 0.158
51 84 0.214
52 65 0.851
52 71 0.596
52 90 0.679
52 94 0.788
52 57 0.811
52 70 1
52 85 0.882
52 61 0.513
52 80 0.103
52 62 0.129
52 63 0.126
52 64 0.182
52 74 0.098
52 79 0.138
52 88 0.152
52 97 0.195
52 53 0.218
52 54 0.096
52 56 0.131
52 59 0.116
52 67 0.142
52 75 0.119
52 77 0.138
52 84 0.137
52 89 0.152
52 91 0.163
52 95 0.081
52 96 0.144
52 98 0.176
53 58 1
53 72 0.732
53 75 0.858
53 80 0.765
53 90 1
53 99 0.952
53 94 0.575
53 73 0.738
53 69 0.744
53 66 0.706
53 95 0.897
53 61 1
53 57 0.941
53 91 0.802
53 86 0.631
53 89 0.525
53 64 0.521
53 85 0.829
53 83 0.654
53 84 0.014
53 56 0.164
53 65 0.334
53 77 0.177
53 63 0.154
53 88 0.162
53 93 0.155
53 96 0.144
53 54 0.157
53 60 0.144
53 70 0.181
53 74 0.071
53 76 0.121
53 81 0.164
53 92 0.149
53 97 0.183
53 98 0.173
54 56 0.787
54 60 1
54 64 0.747
54 69 0.78
54 77 0.836
54 78 0.955
54 87 0.598
54 88 0.641
54 99 0.933
54 94 0.717
54 61 0.837
54 96 0.882
54 75 0.927
54 97 0.713
54 62 0.696
54 93 0.69
54 92 0.836
54 79 0.514
54 63 0.944
54 90 0.678
54 66 0.64
54 80 0.128
54 91 0.156
54 57 0.147
54 58 0.139
54 59 0.129
54 67 0.111
54 68 0.179
54 70 0.182
54 73 0.181
54 74 0.113
54 81 0.116
54 83 0.125
54 98 0.173
55 74 0.863
55 77 0.935
55 82 0.663
55 86 0.635
55 76 1
55 94 0.892
55 56 0.77
55 95 0.909
55 64 0.929
55 99 0.832
55 69 0.875
55 60 0.623
55 66 0.78
55 73 0.143
55 87 0.147
55 57 0.196
55 78 0.188
55 84 0.105
55 58 0.155
55 62 0.136
55 63 0.159
55 65 0.106
55 68 0.158
55 75 0.112
55 79 0.179
55 83 0.159
55 85 0.159
55 89 0.194
55 90 0.184
55 97 0.173
55 98 0.147
56 59 1
56 80 0.972
56 84 0.932
56 85 0.316
56 57 1
56 98 0.951
56 79 0.565
56 61 0.995
56 70 0.693
56 99 0.719
56 91 0.722
56 83 0.572
56 60 0.554
56 94 0.764
56 65 0.792
56 69 0.127
56 72 0.182
56 88 0.212
56 97 0.17
56 58 0.14
56 63 0.162
56 64 0.194
56 67 0.205
56 73 0.136
56 76 0.178
56 77 0.122
56 86 0.176
56 89 0.145
56 90 0.121
56 92 0.159
56 93 0.141
57 60 1
57 64 0.607
57 72 0.763
57 83 1
57 69 0.812
57 74 0.791
57 79 0.904
57 96 0.601
57 75 0.868
57 97 1
57 85 1
57 65 0.8
57 84 0.882
57 62 0.875
57 66 0.559
57 63 0.873
57 90 0.635
57 81 0.279
57 86 0.157
57 91 0.252
57 58 0.119
57 59 0.143
57 61 0.171
57 67 0.126
57 80 0.189
57 89 0.158
57 94 0.165
58 59 0.663
58 79 0.609
58 93 0.736
58 94 1
58 97 0.651
58 75 0.524
58 95 0.886
58 85 0.743
58 91 0.833
58 66 0.871
58 70 0.736
58 67 0.693
58 86 0.823
58 77 0.079
58 73 0.088
58 72 0.169
58 96 0.126
58 65 0.162
58 71 0.132
58 78 0.168
58 80 0.147
58 81 0.162
58 83 0.158
58 84 0.134
58 87 0.186
58 88 0.125
58 98 0.15
59 72 0.91
59 81 0.74
59 82 0.759
59 97 0.977
59 99 0.931
59 63 0.751
59 96 0.653
59 60 0.832
59 67 1
59 65 0.739
59 68 0.917
59 77 0.879
59 69 0.981
59 80 1
59 93 0.994
59 98 0.763
59 76 0.178
59 62 0.165
59 75 0.161
59 88 0.067
59 61 0.116
59 78 0.193
59 83 0.101
59 84 0.182
59 85 0.186
59 87 0.154
59 90 0.199
59 91 0.124
60 61 1
60 65 0.904
60 67 0.625
60 75 0.772
60 81 0.778
60 90 0.62
60 92 0.881
60 95 0.612
60 96 0.973
60 93 0.825
60 94 0.845
60 82 0.868
60 71 0.877
60 63 0.105
60 66 0.155
60 68 0.109
60 73 0.134
60 78 0.112
60 79 0.168
60 83 0.113
60 84 0.159
60 85 0.191
60 86 0.194
60 87 0.095
60 91 0.154
60 98 0.114
61 70 1
61 76 0.675
61 80 1
61 97 0.769
61 99 0.871
61 62 1
61 91 0.557
61 67 0.579
61 87 0.771
61 88 0.627
61 98 0.763
61 92 1
61 84 0.889
61 79 0.794
61 77 0.71
61 93 0.603
61 64 0.15
61 65 0.158
61 69 0.202
61 66 0.166
61 71 0.113
61 75 0.122
61 81 0.161
61 82 0.171
61 86 0.086
61 95 0.14
62 63 0.67
62 93 1
62 95 0.841
62 76 0.926
62 72 0.967
62 77 0.575
62 96 0.994
62 68 0.642
62 80 0.543
62 66 0.667
62 82 0.804
62 85 1
62 89 0.515
62 71 0.155
62 64 0.152
62 67 0.16
62 70 0.157
62 73 0.156
62 79 0.212
62 83 0.192
62 84 0.176
62 87 0.147
62 91 0.187
62 92 0.138
62 94 0.14
62 99 0.14
63 64 0.619
63 71 0.986
63 75 0.721
63 76 1
63 89 0.826
63 90 0.754
63 82 0.612
63 66 0.903
63 83 0.963
63 91 0.741
63 97 0.58
63 74 0.174
63 87 0.175
63 73 0.11
63 98 0.114
63 65 0.169
63 67 0.166
63 72 0.151
63 79 0.168
63 80 0.128
63 85 0.121
63 86 0.181
63 88 0.152
63 93 0.13
63 94 0.127
63 95 0.176
63 99 0.128
64 97 0.832
64 67 0.736
64 70 0.81
64 74 0.658
64 75 0.71
64 72 0.866
64 68 0.811
64 87 0.947
64 79 0.78
64 96 0.187
64 78 0.116
64 90 0.103
64 66 0.173
64 73 0.111
64 84 0.1
64 86 0.15
64 94 0.218
65 83 0.848
65 66 0.508
65 72 0.561
65 89 0.925
65 96 0.78
65 94 0.591
65 80 1
65 74 1
65 98 0.91
65 67 0.554
65 77 0.543
65 79 0.626
65 97 0.194
65 68 0.137
65 75 0.097
65 70 0.134
65 82 0.213
65 84 0.125
65 85 0.16
65 91 0.127
65 92 0.094
65 93 0.119
66 78 0.96
66 89 0.702
66 98 0.973
66 71 0.813
66 90 1
66 79 0.561
66 94 0.664
66 67 1
66 81 0.914
66 75 0.7
66 91 0.802
66 69 0.757
66 72 0.132
66 68 0.156
66 74 0.019
66 77 0.17
66 80 0.156
66 83 0.174
66 97 0.2
66 70 0.099
66 76 0.156
66 82 0.167
66 85 0.116
66 87 0.19
66 93 0.155
67 80 0.971
67 96 1
67 98 0.663
67 84 0.912
67 86 0.663
67 71 0.914
67 79 0.724
67 73 1
67 75 1
67 91 0.099
67 77 0.152
67 82 0.085
67 83 0.179
67 85 0.023
67 70 0.148
67 74 0.162
67 78 0.13
67 81 0.156
67 88 0.135
67 93 0.117
67 99 0.123
68 86 0.603
68 76 0.721
68 84 0.896
68 99 0.896
68 93 0.676
68 71 0.57
68 83 0.618
68 78 0.886
68 98 0.768
68 94 0.542
68 90 0.781
68 70 0.181
68 74 0.137
68 75 0.154
68 82 0.177
68 85 0.146
68 87 0.086
68 72 0.167
68 77 0.106
68 80 0.142
68 88 0.196
68 92 0.164
68 96 0.135
69 81 0.697
69 88 0.945
69 96 0.798
69 91 0.983
69 78 0.105
69 71 0.104
69 73 0.193
69 87 0.157
69 97 0.164
69 70 0.166
69 72 0.13
69 74 0.17
69 79 0.115
69 83 0.166
69 84 0.179
69 86 0.114
69 94 0.247
69 98 0.144
70 72 0.66
70 78 1
70 87 0.871
70 97 0.851
70 75 0.552
70 91 0.723
70 73 1
70 99 0.713
70 88 1
70 85 0.127
70 71 0.141
70 77 0.172
70 79 0.116
70 80 0.131
70 83 0.148
70 89 0.118
70 98 0.162
71 76 0.914
71 82 0.916
71 97 0.949
71 79 1
71 92 0.157
71 96 0.197
71 74 0.093
71 77 0.151
71 78 0.106
71 81 0.196
71 83 0.146
71 87 0.148
71 88 0.161
71 89 0.152
71 91 0.226
71 93 0.164
71 94 0.177
71 95 0.149
71 98 0.142
72 75 0.629
72 77 0.924
72 94 1
72 73 0.707
72 78 1
72 83 0.755
72 97 0.904
72 74 0.617
72 80 0.204
72 88 0.136
72 89 0.165
72 92 0.148
72 98 0.109
72 76 0.175
72 79 0.111
72 81 0.146
72 84 0.149
72 85 0.196
72 87 0.158
72 90 0.138
72 91 0.135
72 93 0.106
72 99 0.17
73 82 0.664
73 95 0.904
73 91 0.939
73 87 0.578
73 76 0.216
73 79 0.14
73 84 0.122
73 90 0.109
73 81 0.205
73 85 0.175
73 88 0.27
73 74 0.143
73 75 0.144
73 86 0.112
73 92 0.11
73 96 0.121
73 98 0.206
73 99 0.188
74 86 0.711
74 95 0.794
74 92 0.527
74 80 0.753
74 96 1
74 79 0.147
74 82 0.128
74 91 0.26
74 98 0.116
74 75 0.189
74 83 0.157
74 97 0.18
74 99 0.164
75 78 0.817
75 76 0.599
75 94 0.941
75 79 0.956
75 87 0.899
75 92 0.657
75 91 1
75 80 0.16
75 77 0.147
75 86 0.185
75 89 0.168
75 96 0.165
75 98 0.17
76 98 1
76 81 0.736
76 86 0.593
76 91 0.722
76 95 0.593
76 99 0.714
76 93 0.826
76 94 0.887
76 92 0.725
76 84 1
76 85 0.763
76 83 0.133
76 79 0.17
76 87 0.116
76 88 0.113
76 89 0.124
76 90 0.137
76 97 0.113
77 81 0.735
77 79 0.967
77 85 0.99
77 78 0.105
77 94 0.188
77 80 0.144
77 82 0.062
77 92 0.089
77 84 0.123
77 95 0.167
77 97 0.117
77 98 0.165
78 80 0.675
78 83 1
78 86 1
78 90 0.628
78 92 0.888
78 98 0.681
78 91 0.852
78 97 0.535
78 84 0.148
78 93 0.145
78 99 0.13
78 79 0.121
78 81 0.158
78 87 0.15
78 89 0.116
78 95 0.162
79 84 0.799
79 93 1
79 95 0.591
79 98 0.829
79 91 0.401
79 99 0.23
79 82 0.16
79 85 0.141
79 88 0.166
79 89 0.153
79 97 0.158
80 83 0.838
80 95 0.615
80 97 0.731
80 99 0.828
80 93 0.871
80 87 1
80 84 0.006
80 89 0.168
80 85 0.138
80 81 0.133
80 88 0.136
80 91 0.197
80 94 0.167
80 96 0.204
81 87 0.736
81 89 0.851
81 92 0.762
81 99 0.626
81 86 0.771
81 85 0.948
81 88 1
81 93 0.992
81 90 0.059
81 96 0.21
81 82 0.141
81 83 0.13
81 94 0.14
81 95 0.19
81 97 0.184
81 98 0.164
82 87 0.609
82 93 0.713
82 97 1
82 84 0.797
82 91 0.135
82 92 0.143
82 96 0.132
82 98 0.173
83 88 0.914
83 93 0.63
83 95 0.558
83 97 0.544
83 89 1
83 84 0.163
83 86 0.112
83 87 0.158
83 94 0.164
83 96 0.088
84 94 0.88
84 99 0.934
84 95 0.872
84 89 0.514
84 97 0.147
84 85 0.128
84 90 0.126
84 92 0.17
84 93 0.165
85 94 0.822
85 89 0.708
85 90 0.732
85 87 0.125
85 88 0.156
85 93 0.166
85 95 0.129
85 98 0.154
86 96 1
86 97 0.593
86 98 0.861
86 89 0.913
86 95 0.644
86 87 0.288
86 91 0.172
86 92 0.156
86 93 0.109
87 97 0.618
87 99 0.825
87 96 0.117
87 88 0.146
87 91 0.139
87 89 0.171
87 93 0.146
87 98 0.122
88 91 0.796
88 90 0.812
88 94 0.805
88 98 0.607
88 89 0.174
88 95 0.136
88 96 0.118
88 99 0.179
89 90 0.921
89 95 0.985
89 92 0.813
89 99 0.807
89 94 0.79
89 93 0.189
89 97 0.148
89 98 0.177
90 96 0.733
90 99 0.849
90 95 0.729
90 97 0.121
90 93 0.111
90 94 0.123
90 91 0.136
91 92 0.791
91 98 0.966
91 95 0.617
91 97 0.192
91 99 0.196
92 95 0.721
92 97 0.12
92 98 0.121
92 96 0.151
93 94 0.583
93 99 0.182
93 96 0.223
93 97 0.107
94 96 0.996
94 98 0.895
94 99 0.623
94 97 0.119
95 97 0.717
95 99 0.927
96 99 0.183
96 97 0.159
97 98 0.835
