0 14 0.823
0 59 0.917
0 67 0.614
0 73 0.792
0 84 0.587
0 2 0.722
0 3 0.799
0 55 1
0 63 0.599
0 96 0.762
0 10 0.935
0 26 1
0 4 1
0 66 0.995
0 47 0.443
0 39 0.141
0 42 0.132
0 19 0.49
0 46 0.326
0 64 0.142
0 68 0.118
0 72 0.283
0 80 0.108
0 87 0.123
0 97 0.163
0 98 0.095
0 18 0.178
0 20 0.075
0 29 0.158
0 31 0.156
0 45 0.151
0 60 0.181
0 91 0.264
0 95 0.116
0 5 0.156
0 9 0.154
0 11 0.175
0 12 0.167
0 13 0.175
0 21 0.115
0 23 0.127
0 25 0.139
0 28 0.115
0 32 0.108
0 34 0.166
0 36 0.164
0 37 0.168
0 38 0.121
0 48 0.092
0 50 0.154
0 52 0.159
0 54 0.166
0 57 0.177
0 58 0.164
0 61 0.195
0 70 0.105
0 74 0.119
0 75 0.134
0 77 0.15
0 82 0.191
0 83 0.168
0 90 0.174
0 99 0.109
1 3 0.795
1 22 0.612
1 23 1
1 79 0.535
1 80 0.812
1 82 0.786
1 25 0.742
1 78 0.952
1 48 0.594
1 32 0.934
1 19 0.938
1 27 0.118
1 24 0.37
1 92 0.103
1 61 0.048
1 75 0.149
1 2 0.228
1 15 0.122
1 31 0.072
1 33 0.181
1 49 0.231
1 51 0.151
1 55 0.274
1 4 0.125
1 5 0.255
1 8 0.159
1 9 0.117
1 11 0.14
1 17 0.168
1 18 0.193
1 28 0.171
1 35 0.136
1 40 0.125
1 41 0.159
1 42 0.157
1 44 0.152
1 45 0.228
1 50 0.143
1 52 0.179
1 53 0.085
1 56 0.175
1 57 0.167
1 59 0.193
1 62 0.161
1 63 0.201
1 66 0.156
1 70 0.155
1 73 0.125
1 74 0.218
1 77 0.163
1 85 0.104
1 88 0.169
1 93 0.171
1 96 0.199
1 97 0.123
1 99 0.129
2 27 0.692
2 30 1
2 47 0.984
2 49 1
2 60 0.786
2 81 0.847
2 94 1
2 97 0.697
2 86 0.602
2 18 0.891
2 42 1
2 59 1
2 29 0.797
2 82 0.216
2 70 0.138
2 3 0.33
2 22 0.251
2 26 0.158
2 32 0.249
2 34 0.131
2 38 0.05
2 40 0.311
2 44 0.173
2 45 0.352
2 52 0.193
2 54 0.186
2 55 0.206
2 71 0.142
2 75 0.265
2 78 0.188
2 95 0.142
2 4 0.141
2 6 0.11
2 8 0.114
2 10 0.13
2 15 0.138
2 20 0.147
2 21 0.127
2 24 0.105
2 31 0.107
2 37 0.12
2 48 0.098
2 50 0.073
2 51 0.212
2 53 0.081
2 65 0.117
2 74 0.169
2 76 0.153
2 77 0.123
2 84 0.173
2 85 0.18
2 87 0.163
2 88 0.108
2 91 0.176
2 93 0.078
2 96 0.143
3 18 0.589
3 95 0.515
3 66 0.939
3 94 0.917
3 29 0.601
3 5 0.267
3 35 0.287
3 50 0.178
3 54 0.044
3 30 0.011
3 31 0.048
3 39 0.206
3 8 0.233
3 56 0.122
3 59 0.16
3 76 0.179
3 91 0.147
3 6 0.163
3 7 0.167
3 9 0.156
3 11 0.163
3 12 0.199
3 13 0.122
3 17 0.109
3 25 0.164
3 32 0.118
3 42 0.141
3 43 0.12
3 46 0.158
3 47 0.14
3 49 0.123
3 51 0.13
3 52 0.178
3 57 0.136
3 58 0.124
3 60 0.161
3 62 0.174
3 64 0.101
3 68 0.152
3 69 0.142
3 70 0.167
3 71 0.142
3 74 0.116
3 78 0.127
3 79 0.162
3 80 0.166
3 84 0.209
3 85 0.128
3 88 0.177
3 89 0.147
3 93 0.187
3 98 0.22
3 99 0.193
4 9 0.905
4 11 0.605
4 30 0.856
4 40 1
4 60 1
4 96 0.536
4 62 0.6
4 75 0.662
4 24 1
4 55 0.825
4 15 1
4 29 0.574
4 6 0.612
4 94 0.812
4 32 0.616
4 87 0.742
4 37 0.913
4 41 0.568
4 7 0.578
4 5 0.049
4 42 0.03
4 93 0.187
4 19 0.256
4 23 0.174
4 26 0.11
4 56 0.191
4 57 0.153
4 61 0.212
4 65 0.081
4 78 0.095
4 14 0.183
4 25 0.115
4 27 0.195
4 28 0.137
4 31 0.179
4 33 0.107
4 34 0.198
4 38 0.103
4 47 0.137
4 52 0.15
4 53 0.199
4 54 0.192
4 63 0.192
4 64 0.153
4 67 0.134
4 68 0.129
4 69 0.107
4 70 0.162
4 86 0.191
4 88 0.174
4 91 0.18
4 92 0.141
4 95 0.163
4 97 0.184
4 99 0.142
5 39 0.568
5 47 0.588
5 55 1
5 56 0.921
5 59 1
5 64 0.921
5 67 0.822
5 76 0.772
5 80 0.861
5 90 0.697
5 24 0.76
5 53 0.631
5 72 0.522
5 36 1
5 35 0.738
5 73 0.357
5 13 0.085
5 46 0.081
5 57 0.184
5 58 0.242
5 69 0.214
5 9 0.356
5 19 0.176
5 20 0.162
5 21 0.166
5 22 0.251
5 43 0.195
5 50 0.331
5 62 0.238
5 63 0.13
5 99 0.204
5 11 0.119
5 15 0.16
5 25 0.123
5 27 0.121
5 30 0.167
5 34 0.165
5 37 0.107
5 45 0.181
5 49 0.148
5 51 0.144
5 60 0.12
5 83 0.218
5 86 0.144
5 87 0.185
5 89 0.109
5 91 0.103
5 93 0.169
6 13 1
6 18 0.772
6 21 0.662
6 39 0.73
6 61 0.856
6 70 0.838
6 81 0.922
6 96 1
6 10 0.913
6 12 0.658
6 40 0.744
6 78 0.662
6 86 1
6 8 0.761
6 79 0.876
6 43 0.702
6 72 0.997
6 74 0.62
6 50 0.084
6 25 0.056
6 31 0.095
6 66 0.192
6 93 0.23
6 14 0.149
6 17 0.12
6 19 0.159
6 53 0.25
6 76 0.087
6 84 0.078
6 85 0.17
6 7 0.099
6 9 0.148
6 16 0.165
6 20 0.145
6 23 0.183
6 24 0.172
6 33 0.086
6 42 0.141
6 46 0.183
6 47 0.127
6 48 0.154
6 54 0.1
6 55 0.142
6 57 0.139
6 60 0.181
6 64 0.186
6 68 0.133
6 69 0.175
6 82 0.163
6 87 0.147
6 90 0.111
6 94 0.112
6 95 0.136
6 97 0.171
7 15 0.756
7 34 0.56
7 51 0.758
7 72 0.791
7 96 0.69
7 98 0.614
7 62 0.936
7 99 0.597
7 46 0.743
7 89 0.685
7 57 0.763
7 91 0.921
7 93 0.856
7 26 0.657
7 39 0.235
7 47 0.104
7 64 0.144
7 71 0.222
7 17 0.185
7 31 0.143
7 33 0.154
7 37 0.152
7 40 0.166
7 52 0.209
7 83 0.147
7 11 0.124
7 16 0.132
7 18 0.17
7 20 0.14
7 21 0.126
7 22 0.117
7 25 0.131
7 36 0.146
7 42 0.164
7 48 0.155
7 61 0.144
7 63 0.162
7 68 0.148
7 69 0.149
7 75 0.151
7 78 0.186
7 81 0.122
7 86 0.141
7 94 0.138
8 11 0.963
8 25 0.988
8 56 0.918
8 64 0.729
8 70 0.986
8 79 0.914
8 95 0.851
8 54 1
8 89 0.839
8 38 0.837
8 37 0.713
8 92 0.895
8 81 0.789
8 77 0.208
8 15 0.175
8 27 0.094
8 60 0.169
8 69 0.114
8 14 0.169
8 23 0.175
8 24 0.243
8 32 0.107
8 40 0.146
8 45 0.103
8 55 0.187
8 58 0.158
8 61 0.109
8 68 0.078
8 74 0.129
8 85 0.139
8 93 0.244
8 94 0.173
8 97 0.251
8 10 0.16
8 13 0.171
8 19 0.122
8 20 0.124
8 21 0.159
8 26 0.127
8 29 0.098
8 30 0.131
8 31 0.119
8 33 0.137
8 35 0.207
8 41 0.196
8 46 0.155
8 47 0.158
8 49 0.171
8 50 0.154
8 51 0.14
8 53 0.183
8 65 0.129
8 67 0.17
8 73 0.148
8 76 0.212
8 83 0.134
8 84 0.122
8 86 0.164
8 96 0.163
8 98 0.218
8 99 0.141
9 22 0.771
9 28 0.797
9 32 1
9 38 0.686
9 40 0.882
9 49 0.83
9 63 0.595
9 81 0.632
9 86 0.979
9 97 0.546
9 98 0.855
9 21 0.496
9 68 0.463
9 45 0.637
9 87 1
9 90 0.798
9 46 0.542
9 42 0.043
9 20 0.268
9 36 0.15
9 43 0.127
9 50 0.256
9 51 0.239
9 64 0.265
9 73 0.13
9 75 0.385
9 78 0.31
9 13 0.16
9 18 0.11
9 19 0.083
9 30 0.151
9 53 0.325
9 54 0.195
9 74 0.335
9 83 0.196
9 84 0.165
9 85 0.1
9 94 0.117
9 99 0.183
9 11 0.146
9 16 0.179
9 17 0.131
9 23 0.182
9 25 0.096
9 26 0.183
9 34 0.141
9 37 0.136
9 39 0.168
9 47 0.177
9 48 0.171
9 69 0.107
9 71 0.133
9 72 0.138
9 76 0.18
9 80 0.149
9 89 0.146
9 91 0.157
9 92 0.158
9 95 0.17
9 96 0.21
10 27 0.84
10 38 1
10 58 0.909
10 88 0.973
10 12 0.897
10 63 0.665
10 65 0.901
10 59 0.946
10 71 0.653
10 86 0.914
10 23 0.992
10 97 0.884
10 68 0.657
10 91 0.773
10 25 0.849
10 18 0.062
10 66 0.229
10 42 0.101
10 82 0.128
10 93 0.382
10 11 0.18
10 20 0.145
10 29 0.162
10 40 0.372
10 46 0.136
10 50 0.113
10 56 0.145
10 57 0.104
10 62 0.112
10 76 0.22
10 78 0.169
10 87 0.271
10 98 0.12
10 13 0.184
10 21 0.164
10 22 0.148
10 30 0.095
10 33 0.155
10 35 0.158
10 41 0.148
10 45 0.128
10 47 0.123
10 48 0.147
10 53 0.121
10 54 0.133
10 70 0.102
10 84 0.15
10 85 0.146
10 92 0.154
10 96 0.136
11 14 0.663
11 15 0.929
11 48 0.844
11 51 0.661
11 57 0.627
11 71 1
11 83 0.677
11 89 0.761
11 91 0.634
11 58 0.726
11 65 1
11 34 0.752
11 35 0.609
11 37 1
11 64 0.951
11 70 0.681
11 40 0.108
11 97 0.17
11 20 0.19
11 54 0.118
11 62 0.146
11 73 0.212
11 13 0.135
11 18 0.17
11 28 0.124
11 30 0.143
11 31 0.139
11 36 0.154
11 41 0.202
11 42 0.105
11 43 0.148
11 44 0.139
11 45 0.105
11 46 0.111
11 47 0.13
11 50 0.176
11 61 0.202
11 69 0.22
11 75 0.165
11 80 0.181
11 82 0.187
11 86 0.194
11 87 0.16
11 88 0.175
11 90 0.143
11 92 0.169
11 93 0.149
11 96 0.142
12 35 0.857
12 40 0.799
12 67 0.973
12 70 0.549
12 80 1
12 92 0.79
12 95 0.847
12 25 1
12 44 0.858
12 69 0.828
12 55 0.769
12 23 0.541
12 38 0.698
12 87 0.933
12 41 0.878
12 48 0.145
12 19 0.337
12 28 0.182
12 18 0.258
12 27 0.532
12 50 0.084
12 78 0.264
12 91 0.122
12 15 0.132
12 16 0.128
12 31 0.213
12 36 0.1
12 43 0.146
12 49 0.19
12 73 0.059
12 82 0.179
12 96 0.028
12 97 0.115
12 98 0.233
12 20 0.185
12 21 0.154
12 29 0.128
12 32 0.201
12 34 0.098
12 47 0.157
12 51 0.08
12 53 0.199
12 54 0.228
12 56 0.162
12 57 0.182
12 58 0.139
12 61 0.175
12 63 0.109
12 64 0.208
12 75 0.201
12 77 0.128
12 85 0.157
12 88 0.132
12 90 0.165
12 93 0.134
12 99 0.146
13 20 0.962
13 34 0.586
13 52 0.985
13 57 1
13 45 0.646
13 33 0.631
13 97 0.723
13 24 0.822
13 22 0.497
13 69 0.765
13 15 0.573
13 43 0.293
13 21 0.086
13 61 0.15
13 65 0.23
13 18 0.313
13 31 0.059
13 36 0.197
13 38 0.04
13 54 0.171
13 71 0.247
13 84 0.152
13 91 0.138
13 16 0.149
13 17 0.12
13 23 0.19
13 25 0.105
13 28 0.097
13 30 0.159
13 44 0.105
13 46 0.133
13 50 0.139
13 58 0.18
13 59 0.164
13 63 0.115
13 67 0.17
13 68 0.172
13 70 0.198
13 72 0.156
13 73 0.158
13 74 0.154
13 75 0.133
13 80 0.137
13 81 0.11
13 83 0.148
13 85 0.163
13 86 0.16
13 89 0.179
13 92 0.175
13 93 0.19
13 95 0.151
13 98 0.122
14 18 0.594
14 21 0.742
14 59 0.794
14 84 0.915
14 92 0.967
14 49 0.745
14 62 0.628
14 70 0.661
14 79 0.938
14 76 0.808
14 85 0.794
14 38 0.793
14 61 0.558
14 56 0.222
14 93 0.493
14 55 0.01
14 46 0.337
14 81 0.14
14 17 0.13
14 39 0.027
14 67 0.051
14 88 0.099
14 91 0.047
14 22 0.167
14 23 0.138
14 24 0.187
14 25 0.125
14 28 0.104
14 29 0.206
14 30 0.114
14 32 0.17
14 35 0.151
14 36 0.153
14 44 0.145
14 45 0.147
14 47 0.162
14 50 0.129
14 51 0.181
14 52 0.179
14 57 0.188
14 65 0.182
14 72 0.161
14 75 0.14
14 82 0.159
14 86 0.135
14 87 0.094
14 89 0.219
14 90 0.16
14 96 0.189
14 97 0.156
15 34 0.739
15 43 0.678
15 58 1
15 76 0.791
15 89 0.963
15 91 0.782
15 97 0.675
15 98 0.647
15 54 0.908
15 55 0.61
15 93 0.591
15 18 0.89
15 63 1
15 26 0.803
15 31 0.414
15 37 0.184
15 75 0.116
15 61 0.01
15 24 0.033
15 29 0.098
15 38 0.17
15 48 0.168
15 62 0.13
15 64 0.262
15 80 0.178
15 16 0.13
15 19 0.179
15 20 0.133
15 22 0.203
15 23 0.169
15 27 0.159
15 32 0.097
15 36 0.118
15 40 0.062
15 44 0.179
15 45 0.135
15 46 0.113
15 49 0.126
15 52 0.184
15 53 0.152
15 60 0.229
15 65 0.165
15 68 0.166
15 77 0.211
15 78 0.087
15 81 0.166
15 83 0.155
15 87 0.098
15 94 0.123
15 96 0.129
16 19 0.6
16 22 0.909
16 24 0.816
16 30 0.783
16 35 0.885
16 44 0.786
16 46 0.62
16 49 0.663
16 72 0.705
16 75 1
16 86 1
16 33 1
16 53 0.765
16 67 0.642
16 92 0.992
16 58 0.83
16 18 0.715
16 87 0.542
16 25 0.666
16 55 0.356
16 65 0.366
16 26 0.285
16 32 0.165
16 48 0.209
16 70 0.115
16 73 0.127
16 85 0.263
16 96 0.055
16 99 0.167
16 27 0.172
16 29 0.158
16 31 0.141
16 36 0.169
16 38 0.126
16 45 0.108
16 51 0.139
16 60 0.091
16 61 0.17
16 63 0.135
16 64 0.168
16 68 0.191
16 74 0.149
16 80 0.201
16 82 0.123
16 89 0.17
16 91 0.122
16 93 0.097
17 24 1
17 37 0.989
17 41 0.51
17 62 0.556
17 67 0.884
17 72 0.752
17 64 0.724
17 54 0.911
17 36 0.759
17 53 0.778
17 42 0.665
17 26 0.697
17 75 0.767
17 34 0.73
17 20 0.044
17 31 0.358
17 73 0.522
17 78 0.043
17 82 0.226
17 84 0.042
17 99 0.163
17 28 0.096
17 29 0.26
17 33 0.043
17 35 0.001
17 45 0.148
17 47 0.141
17 56 0.155
17 94 0.351
17 21 0.135
17 22 0.197
17 23 0.118
17 38 0.177
17 39 0.098
17 43 0.116
17 48 0.196
17 49 0.168
17 55 0.162
17 58 0.146
17 66 0.147
17 71 0.135
17 76 0.145
17 79 0.195
17 80 0.17
17 83 0.113
17 86 0.165
17 90 0.141
17 91 0.179
17 96 0.115
18 33 0.855
18 39 0.847
18 44 0.852
18 58 0.678
18 65 0.966
18 59 0.684
18 67 0.975
18 88 0.621
18 32 0.888
18 24 0.691
18 27 0.893
18 48 0.842
18 19 1
18 40 0.773
18 78 1
18 80 0.617
18 47 0.667
18 31 0.081
18 74 0.002
18 38 0.158
18 52 0.205
18 84 0.151
18 21 0.164
18 22 0.198
18 25 0.17
18 28 0.166
18 29 0.153
18 30 0.176
18 43 0.148
18 53 0.15
18 61 0.176
18 64 0.145
18 66 0.169
18 71 0.156
18 73 0.145
18 77 0.155
18 83 0.128
18 85 0.156
18 93 0.138
18 95 0.145
18 96 0.122
18 97 0.136
18 98 0.146
18 99 0.212
19 35 0.857
19 47 0.872
19 74 0.876
19 81 0.841
19 83 0.923
19 87 0.872
19 92 1
19 96 1
19 99 0.855
19 53 0.766
19 24 0.834
19 56 0.785
19 63 0.44
19 25 0.134
19 61 0.15
19 97 0.281
19 20 0.156
19 39 0.163
19 54 0.19
19 57 0.277
19 62 0.168
19 68 0.264
19 73 0.097
19 80 0.175
19 84 0.017
19 21 0.17
19 22 0.189
19 23 0.151
19 26 0.136
19 27 0.166
19 29 0.139
19 30 0.155
19 36 0.133
19 41 0.163
19 42 0.189
19 46 0.177
19 48 0.177
19 52 0.117
19 55 0.137
19 64 0.112
19 65 0.141
19 69 0.107
19 70 0.206
19 71 0.118
19 72 0.144
19 76 0.13
19 82 0.126
19 85 0.135
19 86 0.181
19 91 0.147
20 26 0.662
20 58 0.85
20 71 0.977
20 79 1
20 96 0.893
20 97 0.787
20 24 0.637
20 98 0.935
20 86 0.909
20 37 0.688
20 21 0.107
20 57 0.304
20 76 0.113
20 25 0.116
20 27 0.082
20 30 0.139
20 36 0.085
20 55 0.191
20 68 0.179
20 77 0.16
20 93 0.095
20 32 0.164
20 34 0.161
20 38 0.148
20 39 0.13
20 43 0.161
20 46 0.175
20 49 0.135
20 51 0.123
20 53 0.161
20 63 0.205
20 65 0.13
20 66 0.147
20 69 0.128
20 70 0.163
20 72 0.14
20 75 0.113
20 78 0.172
20 82 0.12
20 87 0.134
20 89 0.105
20 91 0.145
21 30 0.799
21 33 1
21 37 0.882
21 47 1
21 49 0.973
21 56 0.58
21 83 0.892
21 85 0.877
21 87 0.775
21 34 0.919
21 63 0.716
21 74 0.742
21 93 0.887
21 23 0.904
21 54 0.65
21 28 0.559
21 24 0.108
21 96 0.237
21 98 0.016
21 29 0.218
21 42 0.135
21 60 0.217
21 80 0.277
21 31 0.117
21 36 0.144
21 45 0.069
21 53 0.163
21 55 0.008
21 57 0.141
21 65 0.106
21 70 0.068
21 73 0.259
21 86 0.178
21 91 0.128
21 22 0.195
21 25 0.127
21 26 0.174
21 32 0.134
21 35 0.237
21 41 0.173
21 44 0.155
21 46 0.128
21 50 0.157
21 59 0.149
21 67 0.192
21 71 0.199
21 72 0.123
21 77 0.133
21 79 0.142
21 99 0.195
22 24 0.607
22 64 0.656
22 72 0.718
22 84 1
22 93 1
22 95 1
22 32 0.788
22 78 0.926
22 74 0.36
22 62 0.096
22 88 0.236
22 23 0.2
22 35 0.241
22 54 0.198
22 27 0.194
22 29 0.168
22 52 0.167
22 67 0.241
22 68 0.081
22 73 0.126
22 75 0.152
22 79 0.103
22 89 0.155
22 25 0.182
22 28 0.138
22 31 0.171
22 33 0.128
22 34 0.157
22 36 0.1
22 37 0.181
22 39 0.165
22 44 0.095
22 46 0.089
22 48 0.153
22 49 0.142
22 51 0.167
22 53 0.118
22 58 0.14
22 61 0.094
22 63 0.154
22 66 0.145
22 70 0.174
22 80 0.051
22 85 0.141
22 90 0.107
22 94 0.104
22 97 0.141
22 98 0.14
22 99 0.163
23 44 0.943
23 68 1
23 74 1
23 90 0.819
23 39 0.533
23 40 1
23 77 0.939
23 45 0.717
23 84 0.89
23 66 0.547
23 48 1
23 83 0.245
23 73 0.001
23 76 0.264
23 97 0.189
23 26 0.319
23 36 0.258
23 55 0.29
23 58 0.284
23 60 0.191
23 62 0.039
23 78 0.179
23 79 0.152
23 95 0.149
23 96 0.087
23 33 0.16
23 37 0.172
23 41 0.157
23 43 0.081
23 46 0.162
23 52 0.157
23 53 0.119
23 56 0.15
23 63 0.165
23 67 0.178
23 69 0.15
23 71 0.109
23 72 0.141
23 80 0.155
23 86 0.118
23 87 0.126
23 93 0.109
24 38 0.835
24 55 1
24 86 0.677
24 96 1
24 57 0.171
24 26 0.196
24 63 0.059
24 64 0.032
24 68 0.251
24 82 0.195
24 25 0.122
24 62 0.087
24 65 0.109
24 69 0.101
24 74 0.156
24 27 0.156
24 29 0.183
24 35 0.149
24 42 0.151
24 49 0.15
24 51 0.128
24 56 0.156
24 58 0.109
24 61 0.173
24 71 0.1
24 75 0.123
24 77 0.07
24 92 0.176
25 40 0.628
25 48 0.447
25 51 0.712
25 77 0.862
25 79 1
25 91 0.575
25 52 0.512
25 46 0.688
25 72 0.92
25 68 0.887
25 37 0.924
25 73 0.72
25 74 0.355
25 94 0.131
25 45 0.06
25 67 0.13
25 98 0.192
25 35 0.101
25 36 0.2
25 38 0.177
25 83 0.247
25 86 0.243
25 96 0.175
25 26 0.135
25 28 0.134
25 30 0.146
25 31 0.131
25 32 0.154
25 33 0.159
25 43 0.178
25 47 0.121
25 56 0.146
25 58 0.159
25 59 0.141
25 62 0.121
25 63 0.151
25 64 0.207
25 66 0.12
25 70 0.105
25 75 0.184
25 76 0.167
25 78 0.183
25 93 0.152
26 39 0.895
26 42 0.745
26 43 0.87
26 69 0.875
26 95 0.472
26 48 1
26 73 0.579
26 27 0.84
26 78 0.954
26 36 0.73
26 57 0.742
26 49 0.581
26 40 0.098
26 82 0.169
26 50 0.304
26 65 0.353
26 44 0.251
26 56 0.173
26 68 0.146
26 72 0.294
26 76 0.162
26 33 0.152
26 35 0.169
26 47 0.12
26 53 0.14
26 54 0.184
26 59 0.179
26 61 0.18
26 70 0.159
26 80 0.176
26 81 0.142
26 83 0.185
26 84 0.152
26 85 0.133
26 89 0.1
26 90 0.132
26 92 0.091
26 97 0.172
26 99 0.12
27 64 1
27 72 0.704
27 32 1
27 35 0.786
27 82 1
27 92 0.607
27 50 0.536
27 53 0.15
27 69 0.154
27 70 0.236
27 86 0.217
27 94 0.355
27 29 0.139
27 34 0.142
27 38 0.129
27 39 0.139
27 40 0.179
27 41 0.166
27 45 0.142
27 48 0.097
27 52 0.15
27 57 0.141
27 59 0.213
27 61 0.096
27 67 0.152
27 68 0.133
27 71 0.142
27 76 0.135
27 77 0.128
27 79 0.118
27 80 0.19
27 83 0.13
27 84 0.114
27 88 0.164
27 95 0.096
27 97 0.14
27 99 0.158
28 30 0.8
28 53 0.843
28 79 0.889
28 80 0.933
28 85 0.952
28 95 0.933
28 97 0.644
28 96 0.889
28 52 0.655
28 40 0.219
28 65 0.119
28 86 0.081
28 38 0.165
28 58 0.353
28 84 0.05
28 29 0.159
28 31 0.133
28 34 0.179
28 44 0.179
28 49 0.101
28 50 0.11
28 60 0.137
28 64 0.138
28 67 0.136
28 70 0.219
28 71 0.168
28 75 0.14
28 77 0.125
28 78 0.183
28 89 0.151
28 90 0.166
29 31 0.927
29 64 0.808
29 67 0.876
29 76 0.935
29 80 0.732
29 84 0.783
29 88 1
29 36 0.94
29 50 0.688
29 34 0.14
29 41 0.493
29 37 0.127
29 72 0.258
29 81 0.323
29 32 0.256
29 44 0.186
29 57 0.027
29 60 0.038
29 65 0.158
29 66 0.085
29 83 0.185
29 89 0.098
29 91 0.343
29 94 0.138
29 99 0.28
29 30 0.135
29 42 0.174
29 46 0.173
29 48 0.087
29 49 0.144
29 51 0.172
29 53 0.144
29 55 0.15
29 61 0.12
29 62 0.142
29 71 0.125
29 79 0.162
29 82 0.123
29 86 0.158
29 93 0.123
29 96 0.122
30 34 0.526
30 47 0.754
30 51 0.781
30 70 0.902
30 71 0.584
30 87 1
30 90 0.968
30 99 0.591
30 37 0.838
30 78 1
30 73 0.863
30 41 0.72
30 36 1
30 81 1
30 97 0.828
30 77 0.241
30 60 0.108
30 61 0.169
30 66 0.148
30 68 0.315
30 69 0.459
30 72 0.111
30 76 0.168
30 93 0.121
30 98 0.12
30 32 0.169
30 35 0.158
30 40 0.122
30 43 0.163
30 48 0.19
30 50 0.163
30 52 0.09
30 53 0.168
30 55 0.122
30 56 0.143
30 58 0.161
30 59 0.184
30 65 0.129
30 74 0.152
30 79 0.178
30 80 0.081
30 84 0.129
30 91 0.188
30 94 0.211
31 39 1
31 45 0.578
31 60 0.823
31 77 0.677
31 94 0.764
31 54 0.633
31 90 0.963
31 72 0.555
31 47 0.147
31 50 0.335
31 67 0.045
31 87 0.211
31 34 0.076
31 59 0.272
31 64 0.233
31 79 0.261
31 86 0.21
31 88 0.18
31 96 0.153
31 32 0.196
31 36 0.114
31 37 0.225
31 44 0.152
31 48 0.16
31 55 0.189
31 56 0.104
31 63 0.136
31 68 0.172
31 69 0.167
31 78 0.161
31 81 0.174
31 82 0.135
31 84 0.134
31 89 0.189
31 93 0.136
31 97 0.15
31 98 0.146
32 33 1
32 34 0.716
32 35 0.595
32 63 1
32 64 0.829
32 67 1
32 74 0.548
32 81 1
32 82 0.926
32 95 0.587
32 98 1
32 47 0.786
32 51 0.534
32 92 0.72
32 49 1
32 79 0.102
32 97 0.586
32 42 0.137
32 70 0.112
32 90 0.21
32 40 0.271
32 50 0.042
32 58 0.17
32 59 0.245
32 62 0.04
32 72 0.099
32 73 0.179
32 78 0.139
32 83 0.064
32 39 0.159
32 41 0.155
32 44 0.094
32 45 0.128
32 46 0.124
32 53 0.137
32 54 0.102
32 56 0.142
32 60 0.189
32 71 0.118
32 75 0.114
32 88 0.075
32 91 0.194
32 93 0.153
32 94 0.146
32 99 0.116
33 46 0.836
33 65 0.859
33 82 0.816
33 49 0.554
33 85 0.598
33 60 1
33 95 0.052
33 70 0.092
33 77 0.334
33 94 0.287
33 34 0.446
33 58 0.254
33 61 0.145
33 75 0.134
33 81 0.124
33 83 0.171
33 37 0.214
33 38 0.159
33 40 0.165
33 43 0.189
33 45 0.084
33 48 0.154
33 50 0.146
33 53 0.131
33 57 0.177
33 63 0.174
33 68 0.151
33 73 0.145
33 76 0.183
33 80 0.119
33 87 0.071
33 90 0.168
33 91 0.146
33 93 0.105
33 98 0.18
34 47 0.978
34 57 1
34 61 0.903
34 63 0.727
34 70 0.468
34 98 0.675
34 99 0.767
34 95 0.827
34 69 0.843
34 38 0.131
34 79 0.297
34 88 0.125
34 40 0.242
34 41 0.118
34 71 0.238
34 93 0.107
34 37 0.203
34 39 0.102
34 45 0.127
34 48 0.167
34 49 0.186
34 51 0.124
34 52 0.169
34 53 0.171
34 54 0.144
34 58 0.14
34 62 0.127
34 67 0.135
34 72 0.176
34 73 0.146
34 74 0.16
34 78 0.193
34 81 0.206
34 90 0.172
34 97 0.124
35 51 0.932
35 73 0.853
35 77 0.949
35 79 0.736
35 58 0.982
35 94 0.194
35 40 0.179
35 78 0.094
35 82 0.043
35 84 0.004
35 36 0.123
35 44 0.188
35 61 0.071
35 66 0.179
35 90 0.184
35 47 0.185
35 53 0.161
35 56 0.148
35 57 0.167
35 59 0.064
35 62 0.099
35 67 0.171
35 69 0.172
35 72 0.196
35 74 0.143
35 75 0.16
35 76 0.15
35 81 0.163
35 85 0.095
35 86 0.138
35 88 0.117
35 91 0.144
35 99 0.179
36 49 0.975
36 54 0.84
36 78 0.729
36 61 0.916
36 93 0.919
36 64 0.528
36 65 0.583
36 45 0.138
36 50 0.265
36 59 0.196
36 72 0.318
36 83 0.312
36 84 0.271
36 37 0.191
36 51 0.095
36 67 0.431
36 68 0.232
36 73 0.178
36 91 0.098
36 40 0.183
36 46 0.087
36 47 0.167
36 48 0.165
36 57 0.166
36 58 0.177
36 69 0.145
36 71 0.179
36 75 0.113
36 77 0.205
36 79 0.138
36 82 0.142
36 94 0.121
36 99 0.175
37 65 0.967
37 70 1
37 96 0.876
37 99 0.88
37 46 0.811
37 54 0.996
37 71 0.664
37 62 0.791
37 68 0.494
37 53 0.046
37 87 0.302
37 92 0.252
37 38 0.262
37 52 0.257
37 58 0.031
37 61 0.079
37 93 0.079
37 39 0.141
37 47 0.139
37 50 0.157
37 51 0.175
37 55 0.108
37 57 0.152
37 63 0.164
37 66 0.093
37 77 0.165
37 80 0.194
37 91 0.088
37 94 0.155
38 47 0.979
38 56 1
38 59 0.854
38 87 1
38 89 0.683
38 94 0.712
38 46 0.283
38 66 0.091
38 39 0.093
38 48 0.128
38 51 0.09
38 53 0.233
38 63 0.159
38 41 0.131
38 43 0.142
38 49 0.146
38 50 0.119
38 54 0.12
38 58 0.13
38 64 0.164
38 65 0.133
38 67 0.172
38 69 0.16
38 70 0.201
38 73 0.151
38 77 0.126
38 79 0.159
38 80 0.166
38 88 0.187
38 90 0.15
38 92 0.184
38 95 0.092
38 98 0.119
38 99 0.138
39 43 0.852
39 47 0.576
39 55 0.916
39 60 0.689
39 66 0.852
39 69 0.862
39 85 0.714
39 89 0.911
39 65 0.793
39 98 0.645
39 57 0.561
39 92 0.829
39 74 0.555
39 59 0.801
39 79 0.158
39 48 0.238
39 64 0.329
39 86 0.336
39 44 0.207
39 49 0.151
39 56 0.085
39 58 0.113
39 62 0.195
39 70 0.163
39 81 0.113
39 94 0.214
39 96 0.044
39 50 0.127
39 51 0.143
39 52 0.168
39 54 0.118
39 63 0.127
39 68 0.118
39 71 0.068
39 73 0.159
39 75 0.115
39 78 0.187
39 88 0.209
39 99 0.127
40 63 0.824
40 72 0.692
40 84 0.992
40 90 0.549
40 91 0.981
40 92 0.778
40 69 0.956
40 57 0.882
40 51 0.87
40 61 0.559
40 44 0.136
40 46 0.179
40 96 0.088
40 48 0.175
40 50 0.285
40 74 0.234
40 78 0.117
40 82 0.173
40 86 0.228
40 95 0.043
40 41 0.122
40 42 0.16
40 43 0.179
40 53 0.128
40 54 0.099
40 55 0.159
40 60 0.141
40 62 0.144
40 64 0.08
40 66 0.175
40 67 0.175
40 68 0.143
40 75 0.167
40 80 0.204
40 89 0.132
40 93 0.147
40 94 0.147
40 97 0.168
40 99 0.17
41 54 1
41 57 1
41 60 0.414
41 85 0.883
41 79 0.719
41 67 0.818
41 98 1
41 84 0.634
41 61 0.114
41 94 0.229
41 59 0.077
41 70 0.036
41 89 0.128
41 47 0.222
41 62 0.337
41 66 0.051
41 97 0.303
41 45 0.169
41 46 0.1
41 49 0.103
41 52 0.161
41 53 0.155
41 58 0.131
41 64 0.113
41 68 0.211
41 72 0.12
41 74 0.149
41 76 0.094
41 77 0.253
41 83 0.176
41 90 0.189
41 93 0.128
42 56 0.749
42 60 0.875
42 86 0.736
42 90 0.77
42 94 0.993
42 54 0.799
42 98 0.976
42 88 0.742
42 66 0.564
42 78 0.921
42 93 0.657
42 52 0.736
42 51 0.261
42 65 0.143
42 87 0.05
42 58 0.267
42 83 0.086
42 92 0.341
42 50 0.173
42 53 0.133
42 55 0.126
42 59 0.123
42 63 0.192
42 67 0.175
42 71 0.158
42 72 0.19
42 73 0.18
42 74 0.163
42 80 0.115
42 81 0.125
42 85 0.164
42 89 0.211
43 55 0.711
43 58 0.842
43 65 0.962
43 79 0.954
43 90 0.588
43 57 0.617
43 49 0.1
43 68 0.297
43 47 0.22
43 56 0.112
43 63 0.151
43 69 0.201
43 71 0.135
43 77 0.096
43 84 0.122
43 91 0.047
43 94 0.238
43 46 0.166
43 48 0.178
43 52 0.12
43 62 0.119
43 66 0.153
43 70 0.147
43 72 0.185
43 74 0.171
43 81 0.121
43 82 0.183
43 83 0.129
43 87 0.202
43 98 0.144
43 99 0.139
44 59 0.991
44 76 0.822
44 78 0.63
44 72 0.32
44 83 0.056
44 84 0.241
44 52 0.199
44 45 0.179
44 47 0.123
44 48 0.135
44 50 0.149
44 58 0.139
44 61 0.164
44 62 0.146
44 64 0.139
44 65 0.13
44 66 0.152
44 67 0.111
44 68 0.161
44 73 0.136
44 75 0.165
44 77 0.176
44 79 0.133
44 80 0.215
44 85 0.138
44 87 0.203
44 88 0.1
44 89 0.158
44 90 0.185
44 91 0.175
44 92 0.16
44 98 0.125
45 82 0.868
45 64 1
45 81 0.885
45 98 0.866
45 52 0.621
45 91 0.677
45 60 1
45 86 0.625
45 72 1
45 49 0.016
45 53 0.236
45 57 0.101
45 74 0.268
45 89 0.057
45 50 0.202
45 51 0.135
45 55 0.168
45 58 0.156
45 66 0.095
45 68 0.138
45 69 0.15
45 75 0.144
45 79 0.216
45 80 0.152
45 83 0.199
45 84 0.126
45 88 0.167
45 90 0.128
45 92 0.124
45 94 0.15
45 95 0.12
45 97 0.176
46 74 0.84
46 95 0.798
46 61 1
46 99 0.519
46 72 0.373
46 54 0.125
46 66 0.303
46 93 0.194
46 94 0.149
46 67 0.181
46 69 0.17
46 70 0.12
46 81 0.359
46 87 0.122
46 92 0.169
46 97 0.253
46 47 0.148
46 49 0.216
46 50 0.185
46 55 0.16
46 56 0.156
46 57 0.177
46 64 0.191
46 75 0.15
46 77 0.208
46 79 0.148
46 80 0.168
46 82 0.165
46 86 0.166
46 89 0.106
46 96 0.179
47 53 0.968
47 82 0.951
47 93 1
47 56 0.694
47 78 0.518
47 68 0.159
47 90 0.104
47 79 0.16
47 55 0.074
47 58 0.171
47 63 0.226
47 66 0.123
47 67 0.061
47 69 0.183
47 76 0.033
47 77 0.084
47 83 0.298
47 96 0.205
47 49 0.099
47 50 0.144
47 62 0.07
47 64 0.154
47 71 0.085
47 73 0.115
47 75 0.171
47 87 0.167
47 88 0.178
47 92 0.148
47 94 0.111
47 97 0.194
47 99 0.168
48 52 0.91
48 54 0.503
48 60 0.881
48 85 0.773
48 51 0.795
48 84 1
48 61 0.897
48 63 0.27
48 98 0.216
48 99 0.346
48 49 0.303
48 65 0.215
48 71 0.077
48 81 0.146
48 88 0.171
48 89 0.194
48 97 0.214
48 53 0.127
48 58 0.144
48 62 0.143
48 69 0.133
48 74 0.152
48 77 0.21
48 78 0.163
48 80 0.125
48 83 0.135
48 86 0.143
48 90 0.167
48 92 0.145
48 95 0.178
49 61 0.944
49 64 0.988
49 89 1
49 65 0.543
49 93 0.832
49 95 1
49 68 0.62
49 74 0.955
49 83 0.559
49 54 0.562
49 77 0.08
49 69 0.106
49 81 0.006
49 52 0.291
49 72 0.382
49 75 0.185
49 84 0.146
49 87 0.105
49 92 0.297
49 97 0.21
49 56 0.128
49 66 0.14
49 73 0.138
49 76 0.164
49 85 0.154
49 88 0.183
49 90 0.155
50 62 0.874
50 69 0.919
50 77 0.889
50 79 1
50 67 0.865
50 83 0.873
50 80 0.976
50 92 0.623
50 87 0.941
50 81 0.848
50 96 0.871
50 55 0.88
50 51 0.201
50 65 0.128
50 78 0.138
50 90 0.182
50 98 0.22
50 60 0.2
50 61 0.151
50 63 0.195
50 64 0.176
50 71 0.165
50 74 0.16
50 82 0.205
50 89 0.165
50 91 0.17
50 97 0.136
51 55 0.874
51 66 0.915
51 70 0.64
51 75 0.864
51 79 0.652
51 87 0.708
51 80 0.685
51 72 0.964
51 60 0.801
51 62 0.094
51 68 0.23
51 59 0.182
51 73 0.199
51 81 0.181
51 53 0.146
51 54 0.174
51 56 0.147
51 61 0.138
51 65 0.157
51 67 0.18
51 69 0.153
51 71 0.15
51 78 0.18
51 82 0.137
51 85 0.155
51 88 0.196
51 89 0.173
51 97 0.153
52 54 0.948
52 67 0.668
52 85 0.593
52 90 1
52 79 1
52 72 0.84
52 94 0.952
52 99 0.594
52 88 0.339
52 89 0.064
52 65 0.182
52 58 0.157
52 62 0.136
52 74 0.038
52 95 0.137
52 97 0.261
52 53 0.116
52 55 0.162
52 60 0.182
52 68 0.131
52 69 0.126
52 75 0.107
52 77 0.154
52 80 0.087
52 81 0.203
52 92 0.166
52 98 0.137
53 89 1
53 98 0.782
53 56 0.825
53 88 1
53 54 1
53 55 0.79
53 70 0.185
53 69 0.309
53 64 0.158
53 74 0.185
53 57 0.207
53 59 0.149
53 60 0.14
53 61 0.168
53 62 0.2
53 63 0.145
53 72 0.13
53 73 0.139
53 78 0.198
53 80 0.2
53 81 0.144
53 90 0.153
53 91 0.164
53 94 0.165
53 95 0.118
53 96 0.187
54 60 0.845
54 61 0.689
54 77 0.885
54 78 0.656
54 87 0.571
54 99 0.495
54 89 1
54 72 0.312
54 57 0.085
54 80 0.32
54 81 0.227
54 83 0.094
54 85 0.18
54 92 0.139
54 56 0.103
54 58 0.168
54 59 0.171
54 64 0.14
54 67 0.137
54 68 0.143
54 69 0.125
54 70 0.135
54 73 0.208
54 74 0.14
54 75 0.143
54 76 0.188
54 79 0.14
54 84 0.137
54 86 0.107
54 88 0.146
54 90 0.115
54 91 0.098
54 96 0.15
54 98 0.161
55 58 0.808
55 61 0.653
55 62 0.438
55 84 0.805
55 88 0.746
55 75 0.839
55 91 0.574
55 65 1
55 96 0.585
55 60 0.786
55 78 0.092
55 79 0.245
55 90 0.028
55 98 0.542
55 56 0.172
55 63 0.158
55 64 0.141
55 66 0.199
55 70 0.184
55 77 0.09
55 82 0.152
55 83 0.144
55 89 0.136
55 95 0.167
56 60 0.919
56 63 1
56 74 0.679
56 75 0.749
56 91 1
56 76 0.994
56 59 0.782
56 84 0.139
56 79 0.198
56 87 0.242
56 89 0.134
56 94 0.118
56 61 0.129
56 64 0.157
56 69 0.128
56 72 0.156
56 80 0.157
56 86 0.089
56 88 0.139
56 92 0.118
56 93 0.169
56 98 0.15
57 82 0.735
57 93 0.876
57 98 0.819
57 87 0.364
57 65 0.065
57 73 0.121
57 76 0.159
57 91 0.168
57 94 0.237
57 77 0.188
57 80 0.185
57 58 0.215
57 60 0.086
57 62 0.154
57 63 0.192
57 66 0.113
57 75 0.107
57 78 0.144
57 84 0.107
57 86 0.12
57 88 0.121
57 89 0.146
57 90 0.167
57 92 0.191
57 99 0.192
58 65 0.685
58 68 1
58 85 0.776
58 96 1
58 89 0.715
58 77 0.708
58 78 0.736
58 90 0.729
58 66 0.172
58 70 0.136
58 87 0.131
58 97 0.327
58 60 0.182
58 61 0.19
58 63 0.181
58 64 0.145
58 69 0.173
58 71 0.14
58 72 0.159
58 73 0.152
58 74 0.138
58 75 0.146
58 80 0.144
58 88 0.128
58 94 0.137
58 99 0.149
59 65 0.781
59 69 0.666
59 70 0.604
59 73 0.766
59 74 0.69
59 90 0.978
59 84 0.474
59 86 0.822
59 91 0.736
59 78 0.874
59 79 0.933
59 94 1
59 67 0.112
59 76 0.073
59 61 0.153
59 62 0.126
59 66 0.127
59 82 0.134
59 83 0.225
59 85 0.203
59 97 0.128
59 99 0.152
60 63 0.765
60 66 0.878
60 71 1
60 81 0.973
60 86 0.821
60 65 0.816
60 77 0.901
60 98 0.502
60 85 0.661
60 87 0.517
60 91 0.127
60 64 0.104
60 70 0.188
60 82 0.242
60 84 0.152
60 94 0.18
60 95 0.17
60 96 0.126
60 62 0.144
60 69 0.132
60 72 0.155
60 75 0.178
60 76 0.174
60 78 0.181
60 80 0.131
60 93 0.121
60 97 0.138
61 73 1
61 81 0.599
61 87 0.654
61 80 0.765
61 75 0.923
61 96 0.77
61 98 0.621
61 84 0.08
61 64 0.29
61 77 0.159
61 95 0.119
61 62 0.172
61 63 0.172
61 69 0.165
61 83 0.112
61 85 0.15
61 86 0.17
61 90 0.145
61 91 0.111
61 92 0.181
62 70 0.734
62 95 0.66
62 84 0.922
62 76 0.811
62 85 0.012
62 72 0.23
62 93 0.133
62 94 0.153
62 64 0.112
62 77 0.112
62 80 0.135
62 82 0.167
62 83 0.174
62 86 0.172
62 87 0.132
62 89 0.104
62 90 0.127
62 96 0.169
62 98 0.167
62 99 0.092
63 69 1
63 81 0.945
63 91 0.896
63 95 0.85
63 77 1
63 82 0.534
63 70 0.962
63 85 0.862
63 72 0.292
63 64 0.104
63 92 0.273
63 98 0.198
63 67 0.131
63 75 0.197
63 78 0.208
63 84 0.179
63 87 0.148
63 96 0.096
63 97 0.094
64 67 0.918
64 86 0.725
64 87 0.866
64 83 0.824
64 88 0.874
64 74 0.693
64 77 0.997
64 94 0.29
64 95 0.461
64 68 0.446
64 81 0.217
64 93 0.332
64 98 0.172
64 78 0.153
64 82 0.143
64 85 0.121
64 89 0.134
64 91 0.136
64 97 0.152
65 69 0.546
65 74 1
65 75 0.937
65 78 0.908
65 79 0.456
65 89 0.715
65 93 0.909
65 99 0.756
65 81 0.888
65 83 0.745
65 96 0.917
65 84 0.283
65 97 0.262
65 70 0.263
65 76 0.117
65 91 0.082
65 67 0.132
65 68 0.189
65 80 0.141
65 85 0.144
65 88 0.127
65 92 0.132
65 95 0.173
66 78 0.914
66 82 0.83
66 99 0.92
66 86 0.801
66 68 0.26
66 76 0.194
66 79 0.259
66 91 0.275
66 93 0.174
66 81 0.246
66 87 0.222
66 97 0.098
66 73 0.217
66 77 0.171
66 84 0.13
66 85 0.153
66 89 0.147
66 90 0.156
66 94 0.122
66 95 0.161
66 96 0.162
67 80 0.797
67 82 0.615
67 85 0.805
67 90 0.865
67 75 1
67 83 0.559
67 76 0.572
67 93 0.543
67 74 0.785
67 71 0.059
67 79 0.376
67 99 0.032
67 77 0.196
67 81 0.134
67 89 0.151
67 95 0.1
67 84 0.19
67 86 0.172
67 87 0.14
67 91 0.101
67 92 0.053
67 97 0.116
68 80 0.873
68 86 0.936
68 79 0.173
68 82 0.298
68 84 0.111
68 95 0.282
68 69 0.127
68 70 0.131
68 75 0.177
68 76 0.19
68 77 0.146
68 87 0.148
68 88 0.165
68 91 0.138
68 93 0.155
68 94 0.183
68 99 0.175
69 97 1
69 93 0.866
69 79 0.214
69 70 0.292
69 92 0.531
69 98 0.283
69 74 0.084
69 75 0.118
69 78 0.032
69 87 0.056
69 88 0.258
69 96 0.237
69 77 0.164
69 81 0.133
69 84 0.139
69 90 0.084
69 99 0.158
70 77 0.729
70 80 0.644
70 89 0.6
70 96 0.473
70 76 0.394
70 86 0.175
70 87 0.168
70 91 0.244
70 78 0.165
70 79 0.159
70 85 0.143
70 94 0.151
70 95 0.135
70 98 0.162
71 95 0.99
71 96 0.53
71 98 0.95
71 73 0.858
71 84 0.952
71 76 0.749
71 94 0.31
71 72 0.006
71 77 0.034
71 75 0.187
71 81 0.207
71 86 0.116
71 88 0.149
71 89 0.212
71 90 0.096
71 91 0.152
71 93 0.134
72 73 0.661
72 82 0.995
72 90 0.492
72 99 0.642
72 87 0.992
72 95 1
72 91 0.141
72 76 0.193
72 79 0.228
72 84 0.152
72 75 0.118
72 77 0.156
72 80 0.167
72 85 0.152
72 88 0.119
72 94 0.077
72 97 0.143
72 98 0.169
73 84 0.97
73 86 0.836
73 75 0.722
73 97 0.357
73 80 0.223
73 85 0.125
73 88 0.091
73 74 0.217
73 82 0.32
73 94 0.174
73 77 0.163
73 78 0.166
73 79 0.175
73 89 0.154
73 91 0.135
73 96 0.15
74 89 0.714
74 88 0.76
74 82 0.842
74 79 0.851
74 76 0.305
74 99 0.143
74 77 0.195
74 84 0.136
74 75 0.139
74 80 0.102
74 81 0.154
74 87 0.152
74 90 0.136
74 91 0.145
74 93 0.172
74 96 0.151
75 87 0.642
75 96 0.611
75 93 0.867
75 88 0.634
75 78 0.239
75 82 0.215
75 92 0.151
75 94 0.015
75 76 0.114
75 79 0.134
75 83 0.181
75 85 0.181
75 86 0.182
75 89 0.151
75 90 0.127
75 97 0.145
75 98 0.131
76 79 1
76 81 0.863
76 91 0.803
76 96 0.993
76 98 0.816
76 88 0.943
76 99 0.029
76 95 0.217
76 82 0.045
76 89 0.125
76 85 0.174
76 94 0.155
76 97 0.167
77 87 0.715
77 81 0.783
77 98 1
77 94 0.208
77 97 0.174
77 83 0.161
77 84 0.138
77 85 0.17
77 89 0.146
77 93 0.186
77 96 0.163
77 99 0.135
78 98 0.689
78 79 0.594
78 87 0.439
78 91 0.996
78 82 0.176
78 84 0.104
78 86 0.167
78 88 0.185
78 92 0.15
78 95 0.171
78 96 0.145
78 97 0.189
79 97 0.785
79 99 0.808
79 81 0.352
79 87 0.139
79 95 0.012
79 80 0.129
79 96 0.15
79 88 0.182
79 90 0.149
80 94 0.87
80 95 0.764
80 90 0.596
80 99 0.044
80 81 0.202
80 83 0.163
80 84 0.15
80 86 0.121
80 91 0.142
80 93 0.159
80 98 0.122
81 83 0.944
81 96 0.877
81 86 0.962
81 91 0.873
81 94 0.878
81 95 1
81 89 0.7
81 98 0.143
81 85 0.15
81 87 0.125
81 93 0.177
82 96 1
82 87 0.72
82 84 0.004
82 93 0.296
82 89 0.212
82 95 0.236
82 85 0.098
82 88 0.144
82 92 0.211
82 94 0.16
82 97 0.152
82 98 0.196
83 88 0.844
83 89 0.678
83 97 0.759
83 99 0.659
83 94 1
83 98 0.199
83 85 0.125
83 86 0.133
83 90 0.2
83 93 0.133
83 95 0.192
84 85 0.526
84 91 0.8
84 90 0.212
84 87 0.133
84 93 0.131
84 96 0.182
84 98 0.185
85 86 0.669
85 99 0.689
85 91 0.159
85 92 0.105
85 93 0.168
85 96 0.115
86 93 0.872
86 97 0.734
86 99 1
86 91 0.236
86 89 0.095
86 92 0.266
86 88 0.187
86 90 0.117
86 94 0.145
86 95 0.15
86 96 0.175
86 98 0.149
87 95 0.945
87 98 1
87 93 1
87 94 0.95
87 90 0.19
87 89 0.184
88 94 0.125
88 90 0.146
88 93 0.208
88 98 0.116
89 94 0.862
89 96 0.075
89 90 0.223
89 92 0.176
90 91 0.787
90 92 0.151
90 95 0.159
90 98 0.179
91 97 0.743
91 92 0.122
91 94 0.178
91 95 0.098
91 96 0.184
92 96 0.553
92 97 0.766
92 98 0.181
92 93 0.131
92 95 0.155
92 99 0.165
94 98 0.556
94 97 0.166
96 98 0.765
96 99 0.728
97 99 0.27
