0 1 0.847
0 65 0.545
0 77 1
0 3 0.923
0 42 0.505
0 39 0.808
0 50 0.798
0 16 0.737
0 20 0.165
0 53 0.236
0 61 0.215
0 98 0.12
0 8 0.188
0 19 0.171
0 22 0.15
0 27 0.165
0 28 0.078
0 29 0.118
0 34 0.309
0 36 0.053
0 56 0.156
0 62 0.127
0 64 0.086
0 83 0.113
0 5 0.155
0 7 0.124
0 11 0.114
0 12 0.148
0 14 0.178
0 15 0.143
0 17 0.046
0 26 0.153
0 30 0.157
0 31 0.167
0 33 0.138
0 35 0.125
0 37 0.147
0 45 0.145
0 46 0.096
0 47 0.155
0 49 0.085
0 52 0.202
0 55 0.137
0 57 0.183
0 58 0.103
0 59 0.154
0 60 0.112
0 63 0.133
0 69 0.148
0 70 0.131
0 71 0.145
0 76 0.141
0 81 0.072
0 82 0.142
0 86 0.128
0 88 0.136
0 93 0.162
0 94 0.071
0 96 0.125
0 97 0.118
0 99 0.119
1 82 1
1 87 0.543
1 36 0.902
1 12 1
1 6 0.489
1 2 0.733
1 29 0.712
1 43 0.516
1 11 0.033
1 17 0.189
1 46 0.009
1 48 0.071
1 70 0.162
1 91 0.012
1 94 0.183
1 4 0.171
1 15 0.118
1 31 0.032
1 38 0.168
1 40 0.167
1 58 0.219
1 71 0.23
1 92 0.144
1 5 0.086
1 9 0.186
1 10 0.128
1 16 0.155
1 18 0.167
1 23 0.151
1 28 0.174
1 32 0.178
1 34 0.145
1 39 0.112
1 42 0.085
1 44 0.162
1 47 0.167
1 49 0.116
1 51 0.148
1 52 0.11
1 59 0.2
1 63 0.163
1 64 0.207
1 78 0.161
1 79 0.168
1 83 0.144
1 88 0.132
1 95 0.164
1 96 0.166
1 98 0.163
2 61 0.64
2 72 0.681
2 74 0.719
2 93 0.869
2 40 0.816
2 45 0.915
2 11 1
2 85 0.016
2 50 0.348
2 18 0.093
2 35 0.039
2 24 0.241
2 25 0.21
2 90 0.248
2 17 0.337
2 31 0.189
2 47 0.039
2 49 0.122
2 52 0.066
2 60 0.054
2 63 0.059
2 67 0.187
2 75 0.221
2 76 0.381
2 79 0.128
2 4 0.171
2 7 0.144
2 8 0.199
2 16 0.124
2 27 0.117
2 37 0.098
2 41 0.17
2 42 0.08
2 48 0.154
2 53 0.169
2 57 0.154
2 58 0.167
2 65 0.194
2 66 0.149
2 68 0.125
2 73 0.158
2 77 0.197
2 80 0.12
2 83 0.163
2 86 0.144
2 89 0.171
2 92 0.171
2 94 0.157
2 99 0.112
3 73 0.693
3 77 0.563
3 86 0.52
3 92 1
3 69 0.891
3 94 0.876
3 44 1
3 11 0.773
3 46 0.555
3 16 0.781
3 98 1
3 19 0.689
3 14 0.76
3 24 0.492
3 21 0.305
3 38 0.371
3 4 0.168
3 29 0.016
3 30 0.14
3 45 0.216
3 54 0.117
3 78 0.083
3 80 0.135
3 85 0.125
3 93 0.137
3 5 0.133
3 7 0.192
3 10 0.128
3 13 0.15
3 20 0.128
3 22 0.129
3 25 0.121
3 26 0.148
3 27 0.155
3 31 0.109
3 36 0.128
3 37 0.158
3 39 0.086
3 40 0.151
3 42 0.166
3 43 0.128
3 47 0.1
3 51 0.196
3 57 0.123
3 59 0.135
3 60 0.119
3 62 0.161
3 63 0.111
3 65 0.154
3 68 0.133
3 71 0.146
3 72 0.205
3 74 0.134
3 76 0.116
3 83 0.123
3 87 0.117
3 89 0.155
3 90 0.089
3 96 0.154
4 6 0.68
4 14 0.933
4 28 1
4 58 0.599
4 87 0.794
4 25 0.902
4 34 0.567
4 5 0.908
4 73 0.554
4 44 0.187
4 19 0.06
4 91 0.265
4 12 0.053
4 35 0.121
4 37 0.004
4 41 0.132
4 43 0.126
4 59 0.122
4 70 0.171
4 78 0.269
4 95 0.135
4 10 0.127
4 13 0.179
4 15 0.138
4 22 0.159
4 24 0.15
4 30 0.102
4 36 0.194
4 39 0.169
4 40 0.112
4 42 0.145
4 46 0.122
4 51 0.134
4 52 0.123
4 53 0.125
4 57 0.134
4 60 0.119
4 61 0.14
4 63 0.113
4 68 0.139
4 69 0.2
4 71 0.098
4 74 0.122
4 76 0.114
4 80 0.154
4 81 0.145
4 84 0.13
4 85 0.151
4 86 0.178
4 90 0.094
4 92 0.132
4 94 0.169
4 97 0.141
4 99 0.171
5 9 0.749
5 22 0.673
5 49 0.817
5 51 0.51
5 58 0.65
5 62 1
5 67 0.924
5 78 0.648
5 13 0.71
5 35 0.722
5 21 0.694
5 46 0.955
5 6 0.7
5 86 0.307
5 76 0.241
5 28 0.246
5 72 0.142
5 11 0.158
5 65 0.132
5 15 0.282
5 26 0.199
5 42 0.129
5 44 0.192
5 45 0.237
5 52 0.151
5 57 0.096
5 61 0.154
5 82 0.141
5 87 0.363
5 92 0.202
5 7 0.167
5 14 0.213
5 20 0.139
5 23 0.165
5 25 0.148
5 27 0.142
5 30 0.146
5 32 0.148
5 33 0.133
5 34 0.16
5 36 0.143
5 40 0.216
5 41 0.162
5 47 0.117
5 64 0.127
5 66 0.172
5 68 0.15
5 75 0.191
5 79 0.199
5 83 0.158
5 90 0.172
5 93 0.145
5 94 0.141
6 61 0.766
6 65 0.893
6 68 1
6 95 1
6 33 0.688
6 58 0.624
6 19 0.24
6 15 0.196
6 71 0.037
6 26 0.058
6 37 0.362
6 38 0.137
6 77 0.549
6 93 0.057
6 23 0.175
6 46 0.244
6 51 0.223
6 55 0.084
6 56 0.126
6 75 0.197
6 7 0.138
6 11 0.138
6 16 0.174
6 21 0.111
6 25 0.128
6 30 0.141
6 31 0.145
6 39 0.115
6 41 0.189
6 42 0.123
6 49 0.094
6 50 0.133
6 54 0.161
6 57 0.13
6 59 0.134
6 62 0.099
6 66 0.166
6 70 0.125
6 72 0.114
6 74 0.133
6 78 0.145
6 81 0.144
6 82 0.188
6 87 0.176
6 89 0.151
6 90 0.129
6 98 0.207
6 99 0.143
7 18 0.847
7 19 0.701
7 34 1
7 63 0.908
7 76 0.856
7 82 0.797
7 56 0.848
7 61 0.568
7 99 0.635
7 40 0.861
7 37 0.748
7 96 0.235
7 20 0.253
7 77 0.08
7 14 0.151
7 16 0.327
7 8 0.071
7 13 0.282
7 15 0.147
7 22 0.008
7 24 0.24
7 29 0.298
7 33 0.149
7 35 0.019
7 44 0.224
7 47 0.476
7 51 0.115
7 66 0.082
7 85 0.044
7 88 0.175
7 91 0.328
7 10 0.199
7 11 0.202
7 12 0.154
7 17 0.211
7 21 0.106
7 23 0.142
7 28 0.136
7 30 0.141
7 32 0.154
7 36 0.167
7 38 0.152
7 41 0.141
7 43 0.147
7 48 0.191
7 50 0.149
7 53 0.131
7 54 0.135
7 57 0.163
7 60 0.117
7 65 0.135
7 68 0.118
7 70 0.137
7 72 0.115
7 78 0.192
7 79 0.183
7 83 0.124
7 87 0.135
7 89 0.138
7 90 0.172
7 93 0.137
7 94 0.133
7 95 0.178
7 98 0.237
8 19 0.647
8 26 0.922
8 41 1
8 58 0.895
8 60 0.791
8 85 0.599
8 93 0.779
8 16 0.759
8 35 0.78
8 66 1
8 75 0.698
8 22 0.601
8 44 0.847
8 18 0.726
8 55 0.68
8 71 0.384
8 45 0.267
8 46 0.121
8 11 0.2
8 25 0.174
8 43 0.077
8 48 0.2
8 54 0.067
8 59 0.055
8 62 0.195
8 63 0.103
8 65 0.399
8 80 0.005
8 88 0.172
8 91 0.155
8 98 0.179
8 9 0.116
8 13 0.184
8 17 0.177
8 24 0.148
8 29 0.162
8 30 0.134
8 32 0.13
8 33 0.152
8 34 0.151
8 47 0.173
8 49 0.203
8 51 0.176
8 56 0.196
8 68 0.169
8 74 0.133
8 76 0.16
8 77 0.134
8 78 0.17
8 83 0.132
8 84 0.164
8 87 0.143
8 89 0.144
8 90 0.114
8 92 0.143
8 96 0.122
9 18 0.765
9 24 0.728
9 29 0.838
9 52 0.767
9 57 0.807
9 63 1
9 91 1
9 97 1
9 78 0.758
9 31 0.497
9 22 0.738
9 20 0.774
9 14 0.368
9 83 0.062
9 21 0.363
9 28 0.274
9 42 0.154
9 17 0.253
9 34 0.205
9 44 0.058
9 54 0.221
9 79 0.107
9 90 0.12
9 11 0.084
9 13 0.086
9 26 0.13
9 58 0.168
9 73 0.016
9 77 0.138
9 81 0.1
9 94 0.097
9 95 0.099
9 98 0.194
9 16 0.136
9 19 0.146
9 23 0.135
9 25 0.14
9 27 0.141
9 30 0.108
9 33 0.132
9 35 0.167
9 37 0.175
9 38 0.12
9 39 0.138
9 40 0.137
9 43 0.177
9 45 0.098
9 49 0.168
9 51 0.132
9 60 0.149
9 64 0.091
9 66 0.119
9 67 0.189
9 68 0.195
9 70 0.13
9 75 0.11
9 76 0.164
9 82 0.155
9 86 0.185
9 89 0.107
9 99 0.192
10 15 0.777
10 17 0.56
10 18 0.872
10 19 0.834
10 20 0.591
10 12 0.691
10 92 0.552
10 45 0.731
10 41 0.968
10 11 0.913
10 75 0.001
10 54 0.229
10 62 0.115
10 73 0.133
10 16 0.203
10 47 0.151
10 59 0.181
10 60 0.048
10 70 0.204
10 85 0.157
10 87 0.119
10 14 0.141
10 21 0.112
10 24 0.12
10 25 0.162
10 27 0.129
10 29 0.156
10 30 0.206
10 32 0.207
10 37 0.186
10 38 0.151
10 40 0.152
10 42 0.128
10 43 0.121
10 48 0.193
10 49 0.138
10 52 0.137
10 61 0.11
10 65 0.129
10 69 0.093
10 71 0.162
10 74 0.12
10 78 0.198
10 79 0.138
10 81 0.123
10 82 0.159
10 93 0.121
10 95 0.19
10 96 0.167
11 22 0.747
11 44 0.886
11 80 0.504
11 94 0.732
11 37 0.62
11 19 0.679
11 20 0.806
11 18 1
11 55 0.103
11 58 0.095
11 61 0.097
11 92 0.085
11 17 0.157
11 23 0.168
11 30 0.2
11 32 0.157
11 33 0.127
11 40 0.2
11 41 0.125
11 49 0.05
11 50 0.119
11 73 0.133
11 76 0.143
11 78 0.226
11 83 0.2
11 85 0.159
11 93 0.304
11 95 0.086
11 12 0.14
11 13 0.157
11 24 0.111
11 25 0.136
11 26 0.129
11 27 0.179
11 31 0.144
11 34 0.153
11 38 0.122
11 39 0.117
11 42 0.133
11 43 0.072
11 45 0.191
11 46 0.131
11 51 0.158
11 54 0.184
11 57 0.143
11 60 0.111
11 62 0.131
11 64 0.132
11 65 0.156
11 70 0.126
11 75 0.113
11 84 0.108
11 86 0.148
11 88 0.136
11 90 0.18
11 96 0.136
11 98 0.081
11 99 0.124
12 26 0.948
12 23 0.836
12 98 0.646
12 81 1
12 22 0.646
12 45 0.544
12 70 0.2
12 27 0.003
12 53 0.045
12 64 0.054
12 88 0.253
12 15 0.046
12 25 0.214
12 49 0.26
12 55 0.141
12 57 0.098
12 67 0.204
12 80 0.164
12 91 0.354
12 92 0.151
12 93 0.341
12 17 0.178
12 18 0.142
12 30 0.184
12 31 0.096
12 33 0.156
12 36 0.174
12 38 0.082
12 42 0.184
12 44 0.16
12 59 0.142
12 60 0.123
12 63 0.156
12 69 0.143
12 71 0.128
12 73 0.158
12 74 0.156
12 75 0.166
12 76 0.144
12 78 0.139
12 87 0.153
12 99 0.118
13 22 0.812
13 49 0.784
13 61 0.871
13 97 1
13 24 1
13 41 0.856
13 27 0.769
13 62 0.737
13 92 0.74
13 47 1
13 64 0.828
13 74 0.862
13 70 0.713
13 68 0.128
13 76 0.244
13 33 0.058
13 43 0.164
13 71 0.424
13 96 0.227
13 16 0.059
13 17 0.163
13 20 0.157
13 42 0.136
13 51 0.048
13 52 0.223
13 75 0.155
13 91 0.131
13 98 0.17
13 14 0.136
13 15 0.144
13 19 0.154
13 21 0.179
13 23 0.159
13 25 0.189
13 30 0.167
13 35 0.105
13 38 0.175
13 39 0.108
13 44 0.177
13 46 0.143
13 50 0.155
13 53 0.158
13 54 0.113
13 55 0.156
13 56 0.146
13 58 0.128
13 60 0.148
13 66 0.116
13 79 0.144
13 80 0.203
13 82 0.159
13 83 0.094
13 84 0.147
13 94 0.146
13 99 0.135
14 93 0.821
14 95 0.571
14 22 1
14 85 0.868
14 53 0.768
14 43 0.958
14 90 0.52
14 23 0.86
14 46 0.2
14 80 0.339
14 35 0.307
14 37 0.119
14 77 0.249
14 79 0.167
14 39 0.306
14 48 0.301
14 71 0.168
14 73 0.067
14 78 0.13
14 91 0.168
14 15 0.19
14 20 0.132
14 25 0.172
14 26 0.11
14 27 0.158
14 28 0.177
14 31 0.145
14 33 0.117
14 36 0.143
14 38 0.161
14 49 0.218
14 52 0.16
14 54 0.175
14 56 0.093
14 59 0.129
14 61 0.188
14 62 0.143
14 64 0.115
14 70 0.131
14 76 0.1
14 84 0.172
14 86 0.152
14 87 0.125
14 88 0.123
14 96 0.207
14 97 0.17
14 99 0.17
15 25 0.92
15 27 0.667
15 49 0.884
15 53 0.783
15 73 0.743
15 77 0.535
15 86 0.81
15 21 1
15 42 0.777
15 22 0.707
15 76 0.915
15 31 0.598
15 33 0.81
15 17 0.532
15 64 0.946
15 90 0.689
15 48 0.678
15 93 0.314
15 79 0.044
15 16 0.13
15 35 0.147
15 61 0.063
15 28 0.098
15 32 0.134
15 38 0.1
15 51 0.312
15 60 0.323
15 88 0.16
15 96 0.085
15 34 0.19
15 36 0.138
15 37 0.121
15 43 0.208
15 46 0.148
15 54 0.167
15 57 0.164
15 59 0.115
15 63 0.14
15 66 0.171
15 67 0.176
15 80 0.169
15 85 0.126
15 87 0.127
15 89 0.143
15 91 0.198
15 92 0.156
15 94 0.164
15 95 0.134
15 98 0.117
16 61 1
16 87 1
16 96 0.815
16 99 0.739
16 25 0.733
16 98 0.921
16 28 0.99
16 23 0.752
16 35 0.93
16 29 0.006
16 59 0.279
16 66 0.015
16 18 0.374
16 64 0.393
16 83 0.103
16 37 0.175
16 45 0.303
16 50 0.16
16 62 0.146
16 19 0.12
16 24 0.138
16 32 0.176
16 34 0.144
16 39 0.142
16 46 0.09
16 48 0.126
16 52 0.084
16 55 0.218
16 56 0.15
16 58 0.181
16 60 0.134
16 68 0.188
16 70 0.152
16 73 0.14
16 76 0.157
16 79 0.111
16 81 0.203
16 88 0.1
16 89 0.13
16 90 0.133
16 91 0.148
16 92 0.133
16 94 0.109
16 97 0.174
17 18 0.982
17 28 1
17 75 0.795
17 76 1
17 56 0.566
17 61 0.711
17 19 0.658
17 89 1
17 80 1
17 88 0.922
17 65 0.686
17 86 0.792
17 98 0.27
17 99 0.532
17 21 0.159
17 41 0.138
17 54 0.262
17 58 0.232
17 78 0.292
17 38 0.062
17 40 0.162
17 50 0.183
17 55 0.101
17 69 0.336
17 87 0.166
17 22 0.132
17 25 0.22
17 27 0.1
17 30 0.15
17 32 0.152
17 36 0.167
17 43 0.227
17 45 0.159
17 46 0.174
17 47 0.145
17 49 0.187
17 53 0.136
17 60 0.138
17 62 0.149
17 63 0.172
17 64 0.196
17 71 0.173
17 72 0.189
17 73 0.204
17 81 0.096
17 84 0.15
17 85 0.144
17 91 0.121
17 92 0.071
17 94 0.183
17 96 0.11
17 97 0.188
18 30 1
18 64 0.564
18 70 1
18 95 0.847
18 54 0.677
18 62 0.885
18 96 0.94
18 37 0.751
18 40 0.342
18 24 0.16
18 69 0.202
18 75 0.119
18 21 0.147
18 42 0.283
18 53 0.266
18 55 0.152
18 58 0.13
18 66 0.153
18 73 0.079
18 74 0.297
18 86 0.076
18 97 0.159
18 20 0.129
18 22 0.186
18 27 0.116
18 28 0.143
18 31 0.134
18 34 0.108
18 44 0.111
18 47 0.151
18 48 0.138
18 59 0.147
18 65 0.125
18 71 0.159
18 81 0.083
18 83 0.157
18 87 0.169
18 88 0.142
18 90 0.136
18 91 0.139
18 98 0.118
19 33 0.958
19 62 0.945
19 73 0.641
19 84 0.758
19 90 0.866
19 94 0.953
19 31 1
19 63 0.994
19 93 0.889
19 36 0.703
19 43 0.773
19 45 0.618
19 39 0.269
19 72 0.364
19 74 0.066
19 81 0.006
19 29 0.025
19 61 0.204
19 28 0.368
19 30 0.15
19 35 0.13
19 40 0.17
19 65 0.014
19 91 0.318
19 21 0.159
19 22 0.143
19 23 0.159
19 24 0.141
19 25 0.169
19 27 0.126
19 34 0.13
19 41 0.144
19 44 0.142
19 49 0.174
19 50 0.176
19 51 0.119
19 55 0.114
19 56 0.207
19 57 0.151
19 59 0.145
19 64 0.147
19 67 0.169
19 68 0.167
19 69 0.093
19 70 0.163
19 71 0.171
19 75 0.174
19 76 0.163
19 83 0.167
19 87 0.196
19 95 0.179
19 97 0.189
19 99 0.132
20 22 0.876
20 58 0.939
20 49 0.733
20 56 0.827
20 68 0.748
20 25 0.855
20 90 0.916
20 73 0.596
20 47 0.091
20 53 0.017
20 80 0.03
20 48 0.222
20 54 0.199
20 74 0.156
20 94 0.176
20 23 0.173
20 29 0.059
20 55 0.107
20 63 0.193
20 72 0.149
20 76 0.136
20 82 0.085
20 27 0.153
20 30 0.211
20 31 0.174
20 32 0.13
20 36 0.093
20 37 0.188
20 39 0.106
20 41 0.1
20 42 0.132
20 43 0.138
20 46 0.182
20 51 0.116
20 59 0.15
20 64 0.174
20 65 0.112
20 66 0.195
20 71 0.151
20 75 0.121
20 79 0.159
20 85 0.136
20 86 0.158
20 91 0.197
20 92 0.2
20 93 0.136
21 27 0.811
21 33 0.696
21 35 0.857
21 49 0.913
21 55 1
21 59 0.641
21 80 0.957
21 82 0.957
21 54 0.923
21 67 0.661
21 31 0.806
21 56 0.513
21 85 0.816
21 77 0.166
21 23 0.211
21 69 0.391
21 91 0.275
21 26 0.185
21 34 0.006
21 44 0.153
21 60 0.096
21 62 0.059
21 71 0.21
21 73 0.007
21 75 0.268
21 83 0.267
21 87 0.143
21 93 0.207
21 24 0.153
21 25 0.164
21 29 0.155
21 36 0.189
21 38 0.145
21 39 0.087
21 41 0.172
21 42 0.165
21 43 0.149
21 47 0.172
21 50 0.198
21 52 0.127
21 57 0.158
21 61 0.114
21 68 0.128
21 72 0.176
21 74 0.138
21 78 0.178
21 81 0.24
21 84 0.175
21 94 0.148
21 95 0.173
21 99 0.15
22 26 0.964
22 36 0.755
22 67 0.947
22 90 0.731
22 92 1
22 38 0.68
22 83 0.313
22 54 0.249
22 55 0.252
22 98 0.127
22 77 0.006
22 28 0.171
22 41 0.064
22 59 0.379
22 65 0.274
22 72 0.131
22 76 0.025
22 93 0.124
22 25 0.131
22 27 0.213
22 29 0.14
22 32 0.194
22 34 0.132
22 35 0.108
22 42 0.111
22 45 0.152
22 46 0.126
22 48 0.156
22 49 0.186
22 50 0.158
22 53 0.207
22 57 0.109
22 58 0.161
22 60 0.174
22 61 0.184
22 62 0.126
22 64 0.148
22 66 0.123
22 69 0.162
22 73 0.167
22 74 0.158
22 75 0.106
22 82 0.141
22 86 0.138
22 87 0.12
22 91 0.126
22 96 0.169
22 99 0.155
23 27 0.563
23 36 0.796
23 59 0.599
23 76 0.987
23 78 1
23 60 0.835
23 67 0.557
23 38 0.748
23 31 0.227
23 42 0.105
23 69 0.098
23 80 0.155
23 73 0.307
23 84 0.083
23 88 0.139
23 90 0.313
23 29 0.228
23 35 0.261
23 39 0.063
23 55 0.183
23 56 0.153
23 58 0.209
23 68 0.02
23 81 0.118
23 87 0.151
23 26 0.125
23 30 0.126
23 37 0.158
23 49 0.139
23 54 0.119
23 66 0.112
23 75 0.171
23 96 0.171
23 97 0.18
24 31 0.824
24 38 0.652
24 42 0.875
24 44 0.945
24 92 0.679
24 93 0.925
24 61 1
24 68 0.606
24 36 1
24 75 0.611
24 98 0.838
24 65 0.026
24 77 0.161
24 84 0.246
24 52 0.195
24 80 0.157
24 50 0.121
24 28 0.217
24 46 0.056
24 57 0.043
24 62 0.144
24 88 0.307
24 90 0.25
24 91 0.281
24 95 0.215
24 25 0.136
24 26 0.128
24 30 0.148
24 33 0.168
24 34 0.126
24 35 0.119
24 37 0.209
24 39 0.182
24 40 0.131
24 41 0.202
24 43 0.117
24 59 0.164
24 66 0.128
24 72 0.166
24 76 0.141
24 78 0.155
24 82 0.177
24 83 0.152
24 85 0.133
24 86 0.111
24 94 0.123
24 99 0.183
25 48 0.852
25 57 0.649
25 66 0.894
25 35 1
25 84 1
25 51 1
25 76 0.306
25 29 0.19
25 73 0.407
25 36 0.188
25 39 0.155
25 52 0.201
25 77 0.168
25 78 0.222
25 30 0.167
25 32 0.157
25 33 0.172
25 44 0.181
25 46 0.145
25 50 0.173
25 53 0.146
25 54 0.165
25 55 0.179
25 56 0.17
25 59 0.134
25 69 0.173
25 71 0.138
25 72 0.211
25 75 0.179
25 80 0.155
25 81 0.093
25 82 0.138
25 83 0.163
25 88 0.171
25 92 0.174
25 93 0.126
25 94 0.221
25 95 0.125
25 96 0.223
26 49 0.514
26 60 0.83
26 69 0.749
26 99 0.932
26 66 0.699
26 46 0.515
26 28 1
26 31 0.658
26 42 0.357
26 48 0.077
26 71 0.211
26 81 0.15
26 87 0.263
26 38 0.115
26 57 0.148
26 59 0.157
26 73 0.179
26 77 0.052
26 78 0.165
26 83 0.019
26 94 0.059
26 27 0.16
26 29 0.154
26 32 0.106
26 35 0.172
26 47 0.153
26 53 0.136
26 54 0.197
26 56 0.183
26 62 0.167
26 63 0.129
26 67 0.169
26 68 0.153
26 72 0.136
26 75 0.119
26 82 0.114
26 84 0.117
26 86 0.238
26 90 0.141
26 97 0.127
27 29 0.818
27 44 0.904
27 73 0.88
27 51 0.837
27 31 0.752
27 70 0.408
27 96 0.099
27 33 0.065
27 34 0.135
27 35 0.11
27 37 0.152
27 49 0.437
27 58 0.185
27 59 0.214
27 61 0.268
27 71 0.339
27 76 0.145
27 87 0.122
27 88 0.174
27 32 0.18
27 42 0.07
27 43 0.181
27 47 0.134
27 52 0.156
27 54 0.171
27 55 0.137
27 60 0.136
27 63 0.198
27 65 0.171
27 66 0.147
27 68 0.135
27 74 0.138
27 75 0.197
27 77 0.066
27 80 0.152
27 82 0.182
27 85 0.152
27 92 0.164
27 94 0.119
27 98 0.151
28 30 0.732
28 50 0.851
28 65 0.618
28 89 0.802
28 96 0.773
28 70 0.606
28 36 0.145
28 47 0.077
28 62 0.293
28 68 0.118
28 74 0.129
28 76 0.091
28 90 0.153
28 29 0.172
28 32 0.161
28 34 0.164
28 38 0.152
28 39 0.139
28 40 0.154
28 41 0.09
28 43 0.172
28 52 0.184
28 54 0.133
28 56 0.157
28 57 0.196
28 58 0.194
28 69 0.122
28 72 0.134
28 77 0.181
28 80 0.126
28 81 0.128
28 84 0.101
28 97 0.147
29 65 1
29 76 0.701
29 86 0.925
29 55 0.814
29 81 0.712
29 70 1
29 96 0.906
29 74 0.718
29 52 0.364
29 42 0.596
29 35 0.313
29 48 0.209
29 61 0.084
29 34 0.232
29 51 0.126
29 78 0.092
29 92 0.146
29 30 0.158
29 31 0.137
29 32 0.179
29 36 0.099
29 37 0.09
29 41 0.153
29 46 0.127
29 54 0.141
29 57 0.166
29 62 0.157
29 63 0.188
29 64 0.12
29 68 0.115
29 69 0.174
29 82 0.201
29 84 0.128
29 90 0.128
29 91 0.089
29 94 0.15
29 95 0.191
29 97 0.121
29 99 0.085
30 43 0.602
30 51 0.658
30 55 0.931
30 72 0.974
30 37 0.5
30 39 0.313
30 98 0.169
30 45 0.257
30 52 0.3
30 56 0.251
30 75 0.277
30 85 0.314
30 62 0.12
30 63 0.153
30 31 0.108
30 32 0.151
30 33 0.136
30 34 0.174
30 35 0.135
30 36 0.134
30 38 0.114
30 40 0.213
30 41 0.165
30 46 0.184
30 48 0.166
30 49 0.146
30 53 0.098
30 68 0.1
30 70 0.166
30 71 0.103
30 79 0.141
30 80 0.172
30 82 0.129
30 87 0.194
30 88 0.147
30 92 0.084
30 95 0.13
30 97 0.153
31 35 0.689
31 50 1
31 55 0.625
31 65 0.548
31 88 0.896
31 54 0.989
31 58 0.559
31 47 0.424
31 83 0.372
31 37 0.163
31 77 0.236
31 99 0.603
31 52 0.073
31 87 0.183
31 46 0.233
31 57 0.205
31 67 0.129
31 69 0.322
31 70 0.093
31 71 0.159
31 74 0.132
31 82 0.178
31 85 0.209
31 86 0.139
31 97 0.235
31 98 0.234
31 38 0.133
31 42 0.133
31 45 0.176
31 51 0.171
31 61 0.127
31 64 0.165
31 66 0.111
31 68 0.187
31 72 0.126
31 75 0.154
31 78 0.156
31 80 0.139
31 81 0.175
31 84 0.142
31 89 0.148
31 93 0.193
32 33 0.561
32 46 0.893
32 52 0.668
32 60 0.791
32 89 0.935
32 50 0.939
32 79 0.843
32 87 0.938
32 62 0.175
32 99 0.313
32 96 0.242
32 38 0.099
32 40 0.103
32 43 0.147
32 49 0.16
32 63 0.153
32 66 0.071
32 70 0.09
32 86 0.127
32 88 0.091
32 93 0.16
32 35 0.073
32 36 0.132
32 39 0.162
32 42 0.13
32 45 0.176
32 48 0.139
32 69 0.137
32 78 0.116
32 80 0.183
32 83 0.085
32 85 0.13
32 97 0.103
32 98 0.14
33 53 0.993
33 81 0.651
33 96 0.715
33 35 0.52
33 45 0.97
33 64 0.836
33 44 0.206
33 63 0.15
33 49 0.292
33 74 0.139
33 95 0.047
33 48 0.192
33 50 0.164
33 54 0.08
33 66 0.093
33 75 0.171
33 76 0.12
33 78 0.015
33 99 0.04
33 36 0.144
33 37 0.174
33 41 0.179
33 55 0.137
33 57 0.105
33 61 0.123
33 71 0.15
33 72 0.184
33 73 0.146
33 84 0.129
33 91 0.217
33 93 0.137
33 94 0.139
33 98 0.158
34 73 0.698
34 51 0.813
34 63 0.75
34 50 0.208
34 55 0.244
34 70 0.242
34 74 0.28
34 75 0.115
34 77 0.082
34 88 0.121
34 89 0.079
34 92 0.116
34 36 0.131
34 37 0.159
34 38 0.145
34 40 0.194
34 42 0.187
34 43 0.191
34 47 0.169
34 56 0.172
34 57 0.213
34 59 0.159
34 62 0.131
34 65 0.103
34 71 0.132
34 79 0.153
34 81 0.172
34 83 0.145
34 84 0.088
34 93 0.178
34 97 0.178
34 99 0.133
35 36 0.931
35 47 1
35 73 0.733
35 75 0.876
35 93 0.88
35 63 1
35 85 1
35 57 1
35 64 0.703
35 84 0.189
35 41 0.1
35 51 0.056
35 97 0.181
35 50 0.324
35 53 0.377
35 68 0.11
35 70 0.222
35 71 0.234
35 83 0.005
35 89 0.195
35 90 0.085
35 91 0.09
35 94 0.256
35 96 0.343
35 37 0.158
35 38 0.131
35 40 0.157
35 42 0.179
35 43 0.138
35 45 0.143
35 46 0.114
35 48 0.127
35 54 0.128
35 72 0.159
35 76 0.081
35 77 0.154
35 78 0.17
35 86 0.151
36 83 0.935
36 90 0.85
36 55 1
36 56 1
36 63 1
36 41 0.893
36 68 0.883
36 67 0.414
36 57 0.122
36 87 0.197
36 53 0.067
36 59 0.367
36 40 0.135
36 43 0.153
36 45 0.139
36 50 0.127
36 54 0.186
36 69 0.096
36 72 0.325
36 74 0.05
36 86 0.176
36 98 0.156
36 39 0.101
36 49 0.145
36 51 0.086
36 52 0.161
36 58 0.193
36 62 0.131
36 64 0.116
36 71 0.141
36 75 0.161
36 76 0.158
36 78 0.082
36 79 0.116
36 80 0.133
36 84 0.157
36 89 0.176
36 92 0.181
36 93 0.115
36 94 0.211
37 66 1
37 86 0.925
37 97 1
37 63 1
37 64 1
37 90 0.927
37 74 1
37 69 0.898
37 73 0.752
37 91 0.677
37 40 0.766
37 78 0.114
37 43 0.164
37 61 0.28
37 65 0.106
37 81 0.032
37 82 0.171
37 93 0.303
37 38 0.399
37 44 0.051
37 56 0.169
37 57 0.149
37 72 0.105
37 77 0.259
37 80 0.229
37 84 0.143
37 96 0.164
37 39 0.198
37 50 0.154
37 54 0.187
37 68 0.129
37 70 0.165
37 76 0.153
37 85 0.076
37 87 0.159
37 92 0.157
37 94 0.123
37 99 0.145
38 40 0.623
38 49 0.942
38 52 0.926
38 64 1
38 68 0.698
38 43 0.752
38 83 0.553
38 77 0.175
38 94 0.175
38 59 0.205
38 67 0.316
38 51 0.126
38 58 0.119
38 69 0.081
38 73 0.189
38 95 0.072
38 47 0.187
38 54 0.152
38 57 0.145
38 62 0.156
38 65 0.111
38 66 0.171
38 70 0.19
38 75 0.122
38 80 0.125
38 84 0.132
38 85 0.173
38 87 0.142
38 89 0.18
38 90 0.18
38 91 0.104
38 92 0.144
38 93 0.164
38 97 0.135
38 99 0.212
39 40 1
39 61 0.807
39 66 0.64
39 77 0.861
39 99 1
39 53 0.667
39 59 1
39 67 0.639
39 86 0.136
39 47 0.2
39 87 0.053
39 95 0.03
39 97 0.185
39 42 0.029
39 55 0.18
39 58 0.174
39 69 0.174
39 88 0.243
39 41 0.07
39 46 0.129
39 50 0.16
39 51 0.127
39 52 0.157
39 57 0.172
39 64 0.179
39 65 0.122
39 73 0.155
39 75 0.17
39 76 0.139
39 78 0.146
39 85 0.133
39 93 0.163
39 94 0.131
39 98 0.098
40 62 0.866
40 86 0.604
40 92 0.828
40 61 0.635
40 70 1
40 71 0.102
40 49 0.148
40 51 0.161
40 65 0.152
40 72 0.165
40 82 0.326
40 87 0.168
40 89 0.255
40 42 0.226
40 43 0.157
40 45 0.162
40 50 0.11
40 52 0.113
40 54 0.145
40 55 0.179
40 56 0.171
40 58 0.123
40 59 0.09
40 60 0.163
40 69 0.166
40 75 0.187
40 76 0.136
40 83 0.192
40 91 0.128
40 95 0.182
40 96 0.15
40 97 0.177
41 44 0.778
41 77 0.896
41 51 0.652
41 75 1
41 73 1
41 55 1
41 49 0.978
41 71 0.62
41 48 0.187
41 50 0.15
41 54 0.139
41 70 0.25
41 78 0.2
41 87 0.116
41 98 0.067
41 42 0.121
41 43 0.132
41 47 0.133
41 52 0.132
41 56 0.133
41 57 0.115
41 59 0.186
41 60 0.169
41 61 0.064
41 63 0.117
41 65 0.166
41 67 0.121
41 68 0.201
41 76 0.148
41 79 0.129
41 81 0.16
41 85 0.153
41 90 0.175
41 91 0.164
41 93 0.136
41 94 0.2
42 94 0.898
42 91 0.768
42 77 0.657
42 63 0.595
42 76 1
42 81 0.83
42 85 0.834
42 52 0.936
42 62 0.115
42 53 0.022
42 46 0.009
42 49 0.183
42 55 0.138
42 64 0.087
42 74 0.206
42 93 0.303
42 47 0.214
42 54 0.139
42 58 0.137
42 60 0.131
42 61 0.194
42 65 0.087
42 67 0.148
42 69 0.164
42 71 0.146
42 73 0.138
42 86 0.091
42 88 0.142
42 89 0.186
42 90 0.164
42 96 0.105
42 97 0.156
42 98 0.132
43 45 1
43 46 0.704
43 48 0.699
43 60 0.502
43 65 0.548
43 83 0.837
43 49 0.687
43 62 0.86
43 74 0.34
43 82 0.173
43 88 0.265
43 90 0.169
43 57 0.186
43 61 0.158
43 79 0.345
43 92 0.227
43 93 0.206
43 99 0.113
43 50 0.158
43 52 0.108
43 56 0.149
43 59 0.131
43 64 0.04
43 66 0.143
43 67 0.119
43 69 0.158
43 70 0.136
43 73 0.144
43 77 0.167
43 78 0.167
43 80 0.114
43 86 0.159
43 89 0.154
43 98 0.147
44 63 0.805
44 49 1
44 94 0.932
44 48 0.618
44 50 0.433
44 57 0.073
44 66 0.321
44 54 0.327
44 58 0.236
44 85 0.019
44 62 0.059
44 72 0.157
44 76 0.187
44 80 0.167
44 81 0.124
44 93 0.025
44 47 0.2
44 51 0.144
44 56 0.157
44 65 0.113
44 74 0.131
44 77 0.162
44 82 0.244
44 83 0.135
44 84 0.141
44 86 0.162
44 88 0.143
44 90 0.136
44 98 0.162
45 65 0.824
45 67 0.76
45 84 0.919
45 95 0.682
45 54 0.206
45 68 0.167
45 96 0.105
45 57 0.192
45 59 0.16
45 74 0.042
45 80 0.162
45 85 0.047
45 90 0.1
45 93 0.219
45 47 0.16
45 51 0.135
45 60 0.186
45 62 0.138
45 63 0.131
45 64 0.16
45 71 0.186
45 75 0.147
45 76 0.142
45 79 0.204
45 83 0.158
45 86 0.16
45 87 0.164
45 88 0.194
45 89 0.226
45 91 0.167
45 92 0.14
46 76 0.708
46 79 0.843
46 82 1
46 58 0.82
46 86 0.606
46 73 0.515
46 74 0.224
46 56 0.052
46 83 0.328
46 47 0.235
46 49 0.042
46 55 0.157
46 57 0.117
46 59 0.382
46 62 0.274
46 64 0.027
46 87 0.015
46 50 0.079
46 53 0.157
46 60 0.109
46 61 0.145
46 65 0.148
46 72 0.159
46 78 0.088
46 89 0.145
46 91 0.103
46 92 0.114
46 94 0.138
46 98 0.184
47 51 0.849
47 72 1
47 86 0.669
47 90 0.979
47 65 0.814
47 52 0.675
47 68 0.628
47 89 0.331
47 50 0.209
47 57 0.292
47 59 0.217
47 48 0.153
47 53 0.226
47 56 0.327
47 58 0.072
47 61 0.145
47 77 0.268
47 83 0.098
47 84 0.122
47 88 0.121
47 93 0.333
47 94 0.143
47 95 0.105
47 55 0.144
47 60 0.148
47 62 0.145
47 67 0.184
47 70 0.072
47 71 0.092
47 76 0.153
47 81 0.174
47 85 0.221
47 87 0.123
48 61 0.651
48 76 1
48 85 0.88
48 99 0.941
48 70 0.635
48 94 0.989
48 59 0.912
48 93 0.93
48 84 0.543
48 72 0.157
48 92 0.325
48 95 0.169
48 67 0.053
48 68 0.175
48 69 0.138
48 73 0.146
48 77 0.188
48 88 0.179
48 51 0.202
48 53 0.159
48 60 0.105
48 62 0.162
48 74 0.127
48 78 0.182
48 86 0.164
48 87 0.154
48 90 0.195
48 98 0.086
49 64 1
49 80 0.593
49 91 0.706
49 94 0.619
49 97 0.79
49 65 0.552
49 89 0.088
49 73 0.75
49 87 0.101
49 54 0.353
49 53 0.064
49 57 0.152
49 63 0.076
49 70 0.11
49 76 0.152
49 58 0.164
49 59 0.208
49 66 0.135
49 68 0.118
49 77 0.18
49 79 0.145
49 81 0.131
49 86 0.14
49 93 0.148
49 95 0.157
50 72 1
50 83 0.855
50 75 0.535
50 65 0.231
50 64 0.355
50 73 0.202
50 74 0.219
50 77 0.073
50 94 0.016
50 95 0.282
50 51 0.206
50 52 0.199
50 56 0.155
50 57 0.164
50 58 0.142
50 59 0.144
50 61 0.138
50 67 0.128
50 68 0.137
50 69 0.134
50 70 0.197
50 80 0.195
50 82 0.128
50 84 0.164
50 87 0.15
50 91 0.119
50 93 0.157
51 65 0.61
51 66 0.898
51 61 0.976
51 89 0.925
51 93 0.931
51 95 0.048
51 71 0.22
51 60 0.112
51 74 0.183
51 84 0.036
51 85 0.043
51 99 0.331
51 57 0.142
51 64 0.336
51 68 0.187
51 94 0.279
51 52 0.138
51 53 0.172
51 56 0.127
51 67 0.144
51 72 0.142
51 73 0.133
51 75 0.152
51 80 0.088
51 82 0.148
51 91 0.16
51 92 0.19
51 96 0.174
51 98 0.209
52 67 0.749
52 70 1
52 82 0.696
52 87 0.87
52 71 0.237
52 60 0.235
52 53 0.004
52 57 0.168
52 58 0.275
52 69 0.137
52 94 0.085
52 74 0.019
52 76 0.093
52 78 0.007
52 80 0.136
52 54 0.205
52 55 0.133
52 63 0.141
52 64 0.155
52 65 0.18
52 66 0.144
52 75 0.145
52 77 0.149
52 81 0.133
52 83 0.166
52 92 0.124
52 93 0.123
52 96 0.172
53 55 0.855
53 71 1
53 92 0.947
53 72 0.913
53 97 0.822
53 61 0.155
53 73 0.039
53 63 0.084
53 95 0.399
53 56 0.103
53 58 0.148
53 60 0.127
53 64 0.123
53 65 0.064
53 74 0.144
53 76 0.173
53 80 0.159
53 82 0.184
53 83 0.149
53 84 0.119
53 87 0.165
53 88 0.121
53 89 0.202
53 91 0.128
53 93 0.203
53 96 0.088
54 84 0.649
54 93 0.967
54 56 0.666
54 55 0.775
54 95 0.783
54 90 0.77
54 87 0.247
54 65 0.271
54 76 0.244
54 83 0.163
54 97 0.25
54 71 0.115
54 72 0.132
54 75 0.153
54 80 0.097
54 86 0.153
54 94 0.246
54 60 0.183
54 62 0.174
54 64 0.16
54 70 0.145
54 78 0.193
54 79 0.146
54 85 0.173
54 92 0.165
54 96 0.182
55 61 0.852
55 92 1
55 96 0.909
55 94 0.856
55 91 0.69
55 66 0.568
55 80 0.275
55 60 0.058
55 78 0.181
55 56 0.022
55 74 0.203
55 57 0.172
55 58 0.142
55 63 0.152
55 64 0.169
55 65 0.16
55 68 0.117
55 69 0.164
55 70 0.156
55 73 0.188
55 75 0.149
55 77 0.168
55 84 0.124
55 86 0.157
55 93 0.162
56 57 0.843
56 95 0.681
56 96 1
56 76 0.989
56 64 0.002
56 67 0.159
56 68 0.139
56 86 0.194
56 91 0.052
56 58 0.164
56 60 0.181
56 61 0.172
56 70 0.121
56 72 0.161
56 85 0.12
56 88 0.115
56 89 0.152
56 93 0.172
56 98 0.161
57 89 0.65
57 92 0.94
57 83 0.641
57 64 0.774
57 77 0.4
57 66 0.182
57 62 0.33
57 63 0.078
57 81 0.221
57 59 0.173
57 72 0.143
57 75 0.157
57 76 0.083
57 87 0.148
57 98 0.223
57 58 0.102
57 65 0.139
57 68 0.11
57 71 0.112
57 78 0.198
57 80 0.131
57 82 0.162
57 84 0.135
57 85 0.107
57 88 0.198
57 91 0.132
57 96 0.163
58 61 1
58 68 1
58 70 0.94
58 86 0.506
58 92 0.463
58 99 0.172
58 95 0.188
58 63 0.181
58 66 0.252
58 72 0.23
58 87 0.202
58 88 0.153
58 90 0.11
58 62 0.133
58 64 0.139
58 67 0.164
58 69 0.165
58 73 0.104
58 74 0.186
58 76 0.066
58 77 0.158
58 78 0.175
58 81 0.143
58 82 0.14
58 83 0.096
58 96 0.124
58 97 0.133
59 87 0.742
59 91 0.749
59 79 0.713
59 94 0.815
59 60 0.892
59 63 0.818
59 62 0.072
59 69 0.419
59 65 0.129
59 83 0.108
59 61 0.135
59 66 0.15
59 67 0.168
59 72 0.149
59 74 0.167
59 75 0.102
59 76 0.137
59 78 0.11
59 81 0.121
59 82 0.195
59 86 0.143
59 95 0.144
59 97 0.185
59 98 0.19
60 81 1
60 95 0.729
60 87 0.781
60 75 1
60 98 0.051
60 68 0.134
60 73 0.069
60 80 0.187
60 90 0.274
60 62 0.139
60 64 0.128
60 67 0.118
60 70 0.09
60 71 0.18
60 72 0.15
60 74 0.157
60 76 0.138
60 78 0.175
60 83 0.152
60 86 0.166
60 88 0.13
60 91 0.16
60 92 0.124
60 93 0.179
60 94 0.205
61 67 0.942
61 81 1
61 96 0.185
61 94 0.319
61 90 0.484
61 86 0.28
61 70 0.085
61 73 0.086
61 75 0.152
61 89 0.02
61 62 0.131
61 64 0.182
61 66 0.117
61 68 0.216
61 77 0.14
61 79 0.133
61 80 0.141
61 82 0.156
61 84 0.124
61 92 0.12
61 95 0.228
62 76 1
62 91 0.803
62 77 0.864
62 82 0.671
62 63 0.515
62 88 0.153
62 75 0.152
62 83 0.375
62 98 0.049
62 68 0.006
62 69 0.332
62 92 0.029
62 95 0.195
62 64 0.16
62 65 0.178
62 66 0.188
62 67 0.14
62 71 0.184
62 74 0.161
62 79 0.104
62 81 0.18
62 85 0.134
62 87 0.139
62 90 0.148
62 93 0.148
62 94 0.12
62 96 0.159
62 97 0.097
62 99 0.153
63 65 0.801
63 94 0.858
63 95 0.727
63 99 0.831
63 85 0.946
63 90 0.712
63 75 0.25
63 81 0.295
63 66 0.17
63 68 0.134
63 69 0.167
63 70 0.134
63 71 0.163
63 72 0.128
63 73 0.165
63 74 0.111
63 80 0.119
63 84 0.114
63 87 0.176
63 91 0.105
64 71 0.925
64 73 0.898
64 78 0.766
64 93 0.718
64 99 1
64 85 0.955
64 94 0.547
64 81 0.936
64 79 0.876
64 75 0.008
64 69 0.108
64 87 0.287
64 88 0.261
64 65 0.147
64 70 0.138
64 82 0.314
64 83 0.017
64 95 0.111
64 74 0.173
64 77 0.114
64 86 0.087
64 89 0.157
65 79 1
65 88 1
65 98 0.527
65 66 0.171
65 77 0.145
65 81 0.146
65 82 0.093
65 70 0.109
65 83 0.227
65 84 0.27
65 91 0.281
65 67 0.2
65 71 0.19
65 72 0.121
65 75 0.155
65 76 0.159
65 80 0.168
65 86 0.143
65 90 0.131
65 94 0.121
65 95 0.125
66 68 0.537
66 88 0.921
66 72 0.106
66 98 0.136
66 94 0.303
66 96 0.158
66 99 0.034
66 67 0.163
66 69 0.103
66 70 0.123
66 73 0.158
66 74 0.186
66 75 0.133
66 77 0.127
66 78 0.133
66 80 0.162
66 83 0.172
66 86 0.133
66 90 0.104
66 93 0.147
66 97 0.104
67 82 0.843
67 96 0.844
67 99 1
67 88 0.555
67 97 0.677
67 72 0.459
67 75 0.108
67 78 0.307
67 79 0.149
67 80 0.146
67 70 0.176
67 84 0.204
67 86 0.164
67 94 0.143
68 96 0.992
68 90 0.85
68 69 0.815
68 86 1
68 78 0.261
68 84 0.291
68 85 0.075
68 91 0.014
68 93 0.071
68 77 0.142
68 81 0.136
68 89 0.226
68 97 0.111
68 73 0.194
68 74 0.157
68 75 0.108
68 83 0.099
68 88 0.075
68 95 0.123
69 78 0.634
69 81 0.626
69 85 0.618
69 96 0.989
69 94 0.316
69 97 0.556
69 87 0.41
69 98 0.062
69 84 0.129
69 88 0.025
69 71 0.171
69 74 0.131
69 75 0.163
69 77 0.114
69 79 0.173
69 80 0.094
69 91 0.151
69 95 0.168
69 99 0.155
70 74 1
70 75 0.872
70 81 0.701
70 87 0.799
70 90 0.136
70 72 0.038
70 84 0.12
70 86 0.245
70 89 0.093
70 91 0.132
70 92 0.09
70 71 0.151
70 77 0.121
70 79 0.166
70 80 0.186
70 82 0.203
70 85 0.122
70 95 0.14
70 96 0.14
70 99 0.166
71 85 0.776
71 93 0.976
71 78 0.066
71 91 0.038
71 73 0.002
71 83 0.197
71 95 0.334
71 76 0.156
71 97 0.084
71 75 0.134
71 84 0.183
71 87 0.109
71 90 0.154
71 98 0.131
71 99 0.102
72 74 0.645
72 77 0.849
72 80 0.835
72 73 0.571
72 87 0.238
72 91 0.317
72 85 0.138
72 94 0.135
72 99 0.034
72 75 0.191
72 79 0.142
72 82 0.159
72 84 0.116
72 96 0.132
72 98 0.159
73 83 0.551
73 84 0.488
73 91 0.731
73 95 0.609
73 81 0.942
73 89 0.622
73 75 0.935
73 87 0.737
73 80 0.251
73 77 0.394
73 93 0.004
73 78 0.116
73 85 0.179
73 90 0.149
73 92 0.07
73 74 0.137
73 82 0.174
73 96 0.128
73 99 0.171
74 96 0.988
74 79 1
74 76 0.251
74 94 0.181
74 86 0.105
74 90 0.254
74 95 0.133
74 98 0.116
74 75 0.16
74 81 0.105
74 82 0.14
74 84 0.178
74 88 0.168
74 91 0.169
74 97 0.22
75 84 0.909
75 94 0.56
75 90 0.804
75 83 0.013
75 78 0.065
75 76 0.135
75 97 0.043
75 77 0.208
75 79 0.119
75 80 0.166
75 81 0.162
75 86 0.164
75 87 0.148
75 91 0.149
75 93 0.176
75 95 0.196
75 96 0.126
76 79 0.75
76 91 0.91
76 93 0.083
76 80 0.165
76 82 0.118
76 83 0.15
76 86 0.121
76 89 0.172
76 90 0.201
76 92 0.165
76 94 0.175
76 95 0.202
76 96 0.187
76 97 0.107
76 98 0.147
77 92 0.636
77 95 0.696
77 91 0.858
77 83 0.831
77 78 0.278
77 82 0.275
77 84 0.1
77 90 0.244
77 81 0.055
77 89 0.145
77 93 0.146
77 97 0.153
78 91 0.749
78 96 0.364
78 84 0.283
78 81 0.156
78 83 0.171
78 86 0.123
78 89 0.079
78 94 0.149
79 81 0.621
79 86 0.881
79 99 0.589
79 90 0.183
79 96 0.175
79 80 0.157
79 83 0.168
79 84 0.148
79 87 0.194
79 89 0.177
79 91 0.136
79 97 0.166
79 98 0.1
80 94 1
80 98 0.889
80 86 0.109
80 88 0.163
80 99 0.188
80 81 0.139
80 83 0.139
80 91 0.177
80 96 0.142
80 97 0.142
81 82 0.634
81 93 0.882
81 84 0.114
81 86 0.27
81 99 0.083
81 88 0.002
81 90 0.189
81 85 0.171
81 89 0.183
81 92 0.161
81 94 0.082
81 96 0.174
81 97 0.191
81 98 0.16
82 96 0.785
82 97 0.785
82 93 0.742
82 83 0.164
82 84 0.016
82 95 0.167
82 85 0.138
82 88 0.144
82 92 0.141
82 98 0.157
83 89 0.902
83 92 0.878
83 95 0.932
83 94 0.161
83 84 0.104
83 87 0.148
83 90 0.137
83 96 0.164
84 97 0.639
84 88 0.165
84 95 0.149
84 87 0.098
84 91 0.142
84 92 0.145
84 94 0.17
84 96 0.121
85 98 0.68
85 91 0.734
85 93 0.133
85 97 0.057
85 89 0.13
85 87 0.138
85 96 0.086
86 98 0.811
86 99 0.719
86 93 0.26
86 89 0.141
86 94 0.15
86 95 0.164
87 97 0.938
87 92 0.809
87 89 0.043
87 93 0.169
87 94 0.159
87 95 0.177
87 96 0.121
87 98 0.145
87 99 0.135
88 98 0.658
88 95 0.55
88 90 0.141
88 92 0.36
88 99 0.357
88 96 0.148
89 97 0.527
89 95 0.915
89 93 0.884
89 91 0.059
89 96 0.141
89 98 0.171
89 99 0.146
90 99 0.088
90 91 0.094
90 93 0.153
90 94 0.132
90 98 0.167
91 95 0.617
91 97 0.979
91 93 0.131
91 92 0.132
91 99 0.172
92 96 0.797
92 99 0.598
92 94 0.404
92 98 0.064
92 95 0.119
92 97 0.156
93 96 0.548
93 97 0.542
93 99 0.169
94 96 0.921
94 98 0.967
94 97 0.084
94 95 0.196
94 99 0.118
95 99 0.97
95 98 0.063
95 96 0.192
95 97 0.195
96 97 1
96 98 0.173
96 99 0.14
98 99 0.142
