0 77 1
0 42 0.536
0 39 0.734
0 50 0.638
0 93 0.931
0 76 0.08
0 36 0.193
0 11 0.04
0 53 0.118
0 79 0.211
0 5 0.146
0 7 0.124
0 9 0.09
0 12 0.192
0 19 0.145
0 32 0.138
0 37 0.183
0 52 0.124
0 54 0.183
0 57 0.102
0 63 0.154
0 65 0.184
0 69 0.118
0 71 0.133
0 72 0.124
0 74 0.135
0 78 0.21
0 99 0.183
1 36 0.917
1 12 0.871
1 31 0.08
1 50 0.069
1 66 0.151
1 4 0.169
1 14 0.173
1 20 0.136
1 23 0.167
1 27 0.142
1 29 0.123
1 35 0.173
1 47 0.135
1 51 0.132
1 54 0.17
1 57 0.096
1 61 0.123
1 70 0.149
1 71 0.151
1 77 0.113
1 86 0.179
2 40 0.898
2 19 0.73
2 66 0.07
2 27 0.173
2 55 0.162
2 63 0.141
2 65 0.133
2 67 0.145
2 16 0.161
2 31 0.141
2 34 0.13
2 44 0.164
2 75 0.194
2 80 0.1
2 87 0.145
2 91 0.166
3 92 0.726
3 44 0.835
3 11 0.829
3 98 0.885
3 19 0.806
3 14 0.75
3 93 0.955
3 96 0.762
3 6 0.112
3 97 0.107
3 13 0.135
3 21 0.199
3 38 0.193
3 56 0.118
3 61 0.181
3 66 0.13
3 80 0.15
3 83 0.142
3 84 0.122
3 89 0.178
4 25 0.686
4 57 0.638
4 40 0.485
4 60 0.168
4 7 0.166
4 12 0.111
4 14 0.167
4 32 0.115
4 37 0.116
4 38 0.136
4 39 0.18
4 43 0.149
4 49 0.174
4 74 0.118
4 80 0.177
4 82 0.093
4 83 0.167
4 86 0.134
4 88 0.148
4 89 0.141
4 91 0.156
4 92 0.167
4 97 0.139
5 22 0.845
5 49 0.848
5 51 0.797
5 58 0.826
5 21 0.657
5 46 0.778
5 66 0.201
5 97 0.172
5 32 0.156
5 36 0.102
5 38 0.199
5 47 0.131
5 48 0.156
5 55 0.197
5 83 0.164
5 88 0.113
5 89 0.165
6 65 0.74
6 68 0.916
6 33 0.733
6 99 0.587
6 41 0.03
6 93 0.168
6 17 0.178
6 24 0.159
6 34 0.175
6 42 0.167
6 46 0.184
6 49 0.194
6 50 0.134
6 55 0.097
6 56 0.115
6 62 0.222
6 63 0.144
6 67 0.15
6 79 0.19
6 85 0.201
6 92 0.142
7 18 0.749
7 34 1
7 63 0.825
7 76 0.867
7 56 0.811
7 40 0.998
7 74 0.124
7 14 0.11
7 20 0.16
7 28 0.135
7 35 0.135
7 38 0.104
7 39 0.132
7 42 0.145
7 43 0.126
7 54 0.171
7 78 0.106
7 83 0.167
7 98 0.166
8 26 1
8 58 0.97
8 60 0.859
8 16 0.936
8 35 0.934
8 44 0.959
8 55 0.996
8 70 0.571
8 33 0.141
8 78 0.184
8 11 0.185
8 37 0.134
8 92 0.158
8 19 0.122
8 31 0.141
8 34 0.169
8 36 0.147
8 42 0.138
8 48 0.157
8 49 0.149
8 51 0.163
8 59 0.159
8 61 0.148
8 77 0.163
8 93 0.16
8 96 0.149
8 98 0.178
9 24 0.963
9 63 0.86
9 91 0.713
9 78 0.642
9 22 1
9 17 0.181
9 68 0.034
9 69 0.201
9 80 0.127
9 81 0.169
9 88 0.189
9 12 0.219
9 18 0.186
9 30 0.192
9 50 0.123
9 52 0.151
9 57 0.134
9 58 0.104
9 62 0.173
9 64 0.163
9 70 0.128
9 71 0.173
9 84 0.12
9 94 0.123
10 19 1
10 45 0.829
10 58 0.142
10 27 0.159
10 31 0.156
10 35 0.128
10 37 0.088
10 44 0.15
10 47 0.129
10 59 0.164
10 60 0.127
10 61 0.169
10 62 0.091
10 72 0.111
10 75 0.151
10 86 0.177
11 22 1
11 94 0.938
11 18 0.677
11 83 0.139
11 52 0.184
11 58 0.249
11 66 0.079
11 95 0.272
11 12 0.196
11 25 0.109
11 31 0.071
11 32 0.137
11 34 0.128
11 40 0.152
11 41 0.137
11 44 0.175
11 73 0.127
11 80 0.133
11 84 0.087
11 86 0.162
11 90 0.2
12 26 0.848
12 25 0.029
12 43 0.218
12 91 0.211
12 15 0.157
12 17 0.144
12 18 0.157
12 21 0.139
12 23 0.127
12 29 0.157
12 38 0.097
12 40 0.148
12 51 0.144
12 54 0.131
12 57 0.119
12 70 0.134
12 78 0.148
12 84 0.173
12 87 0.18
12 92 0.169
13 97 0.956
13 41 1
13 27 1
13 62 0.579
13 92 0.77
13 47 0.838
13 76 0.019
13 15 0.166
13 36 0.14
13 50 0.189
13 63 0.149
13 87 0.211
13 19 0.123
13 21 0.164
13 32 0.196
13 38 0.162
13 39 0.193
13 49 0.135
13 55 0.15
13 58 0.163
13 59 0.128
13 77 0.156
13 99 0.201
14 22 0.833
14 65 0.831
14 48 0.245
14 59 0.117
14 75 0.094
14 88 0.061
14 92 0.185
14 97 0.344
14 23 0.151
14 32 0.15
14 40 0.167
14 43 0.167
14 53 0.144
14 57 0.145
14 58 0.153
14 68 0.111
14 72 0.125
14 73 0.153
14 80 0.152
14 86 0.104
14 96 0.117
14 99 0.176
15 25 0.893
15 27 0.773
15 49 0.344
15 53 0.995
15 73 0.779
15 86 0.851
15 42 0.981
15 22 0.637
15 76 0.915
15 33 1
15 64 0.909
15 44 0.016
15 52 0.108
15 62 0.071
15 81 0.195
15 23 0.093
15 24 0.072
15 30 0.151
15 35 0.204
15 37 0.132
15 48 0.115
15 51 0.172
15 84 0.182
15 91 0.123
15 97 0.191
16 61 0.567
16 87 0.956
16 96 0.994
16 98 0.632
16 28 0.732
16 31 0.22
16 35 0.072
16 38 0.143
16 39 0.093
16 44 0.168
16 49 0.166
16 51 0.116
16 63 0.188
16 66 0.102
16 69 0.175
16 73 0.109
16 74 0.16
16 75 0.176
16 79 0.087
16 81 0.136
16 93 0.191
16 97 0.119
17 18 0.982
17 75 0.717
17 76 0.982
17 56 0.841
17 89 0.789
17 65 0.941
17 99 0.772
17 36 0.167
17 40 0.165
17 64 0.151
17 78 0.17
17 80 0.087
17 83 0.122
17 85 0.106
17 90 0.181
17 93 0.156
18 70 0.68
18 95 0.732
18 68 0.118
18 34 0.151
18 24 0.202
18 52 0.215
18 65 0.278
18 76 0.147
18 19 0.156
18 20 0.175
18 26 0.146
18 28 0.148
18 32 0.167
18 39 0.171
18 43 0.191
18 49 0.161
18 53 0.125
18 64 0.12
18 72 0.138
18 74 0.123
18 75 0.161
18 81 0.13
18 88 0.17
18 94 0.143
19 62 0.805
19 84 0.871
19 90 0.671
19 31 0.903
19 63 0.798
19 43 0.93
19 26 0.153
19 42 0.188
19 50 0.257
19 70 0.143
19 78 0.14
19 20 0.114
19 24 0.169
19 40 0.185
19 41 0.107
19 44 0.106
19 53 0.138
19 61 0.129
19 64 0.167
19 67 0.107
19 71 0.136
19 74 0.106
19 76 0.142
19 92 0.152
19 94 0.163
20 22 0.879
20 49 1
20 90 0.786
20 73 0.703
20 86 0.217
20 34 0.02
20 39 0.137
20 83 0.145
20 91 0.094
20 97 0.097
20 21 0.14
20 36 0.216
20 37 0.144
20 55 0.124
20 67 0.13
20 69 0.123
20 76 0.147
20 78 0.134
20 80 0.092
20 94 0.12
20 95 0.164
21 27 0.943
21 33 0.657
21 49 0.822
21 59 0.769
21 80 0.919
21 54 0.651
21 67 1
21 31 1
21 85 0.605
21 39 0.111
21 69 0.136
21 73 0.14
21 78 0.027
21 89 0.264
21 25 0.163
21 29 0.128
21 34 0.135
21 44 0.131
21 47 0.173
21 51 0.144
21 61 0.147
21 62 0.094
21 63 0.18
21 71 0.166
21 75 0.161
21 77 0.179
21 81 0.173
21 92 0.145
21 98 0.179
21 99 0.137
22 26 0.657
22 92 0.622
22 38 0.686
22 36 0.268
22 56 0.143
22 39 0.183
22 41 0.287
22 49 0.11
22 85 0.159
22 48 0.155
22 61 0.224
22 62 0.198
22 63 0.112
22 64 0.174
22 67 0.176
22 72 0.146
22 95 0.153
23 60 1
23 83 0.078
23 86 0.302
23 52 0.099
23 53 0.083
23 89 0.123
23 25 0.138
23 32 0.153
23 33 0.172
23 36 0.18
23 47 0.125
23 56 0.125
23 68 0.139
23 71 0.107
23 78 0.208
23 91 0.113
23 93 0.192
24 31 0.87
24 42 0.901
24 44 0.992
24 92 0.821
24 61 1
24 68 0.933
24 98 0.8
24 30 0.136
24 25 0.174
24 26 0.094
24 27 0.15
24 33 0.185
24 34 0.138
24 38 0.157
24 43 0.11
24 45 0.13
24 47 0.157
24 49 0.162
24 50 0.163
24 63 0.144
24 70 0.111
24 73 0.18
24 77 0.128
24 81 0.114
24 84 0.168
24 87 0.162
24 90 0.198
24 94 0.157
25 48 0.909
25 66 0.572
25 35 0.969
25 84 0.878
25 39 0.171
25 78 0.16
25 89 0.284
25 93 0.136
25 36 0.071
25 38 0.113
25 41 0.158
25 50 0.129
25 63 0.14
25 68 0.188
25 71 0.148
25 75 0.127
25 76 0.17
25 82 0.13
26 31 0.983
26 70 0.119
26 82 0.197
26 32 0.172
26 35 0.189
26 39 0.14
26 40 0.168
26 42 0.19
26 49 0.14
26 52 0.133
26 55 0.177
26 58 0.142
26 64 0.14
26 65 0.145
26 68 0.189
26 73 0.168
26 79 0.169
26 81 0.124
26 83 0.113
26 86 0.124
26 88 0.157
26 92 0.151
26 99 0.121
27 29 0.947
27 44 0.784
27 51 0.708
27 50 0.118
27 36 0.096
27 40 0.144
27 46 0.167
27 52 0.16
27 56 0.165
27 59 0.169
27 62 0.185
27 66 0.106
27 67 0.14
27 73 0.24
27 98 0.164
28 30 0.628
28 65 0.856
28 31 0.078
28 32 0.148
28 35 0.178
28 41 0.165
28 48 0.161
28 59 0.121
28 77 0.174
29 65 0.634
29 86 0.801
29 81 0.903
29 70 1
29 96 1
29 74 1
29 97 0.25
29 72 0.1
29 87 0.019
29 43 0.127
29 45 0.118
29 48 0.11
29 52 0.145
29 54 0.15
29 62 0.125
29 66 0.186
29 69 0.131
29 73 0.207
29 85 0.135
29 93 0.166
30 55 1
30 86 1
30 54 0.129
30 60 0.137
30 46 0.276
30 31 0.143
30 32 0.154
30 38 0.139
30 41 0.098
30 57 0.154
30 75 0.104
30 80 0.182
30 82 0.093
30 98 0.163
31 55 0.992
31 88 0.979
31 54 0.97
31 58 0.851
31 73 0.082
31 38 0.361
31 50 0.12
31 52 0.19
31 60 0.195
31 63 0.173
31 65 0.134
31 67 0.168
31 86 0.117
31 92 0.137
31 97 0.219
32 46 0.996
32 52 0.836
32 60 0.541
32 50 0.848
32 85 0.14
32 57 0.193
32 72 0.173
32 84 0.197
32 35 0.066
32 43 0.132
32 54 0.144
32 63 0.194
32 78 0.151
32 88 0.157
32 94 0.132
33 53 0.716
33 81 0.936
33 45 0.975
33 59 0.131
33 37 0.118
33 51 0.161
33 60 0.186
33 61 0.161
33 66 0.143
33 69 0.153
34 51 1
34 68 0.027
34 48 0.175
34 41 0.109
34 44 0.175
34 50 0.165
34 54 0.129
34 59 0.163
34 60 0.106
34 63 0.138
34 75 0.106
34 89 0.177
34 93 0.139
35 36 0.944
35 47 0.754
35 73 0.565
35 75 0.782
35 93 0.785
35 57 0.949
35 89 0.702
35 66 0.853
35 40 0.227
35 78 0.174
35 41 0.146
35 46 0.177
35 54 0.121
35 61 0.177
35 67 0.137
35 87 0.163
35 92 0.144
35 97 0.124
36 55 0.728
36 56 0.923
36 63 0.969
36 51 0.171
36 42 0.23
36 44 0.099
36 50 0.17
36 60 0.153
36 61 0.184
36 64 0.082
36 65 0.157
36 69 0.118
36 70 0.175
36 82 0.193
36 83 0.147
36 95 0.128
36 96 0.108
37 66 1
37 86 0.809
37 97 0.764
37 63 0.839
37 64 0.591
37 90 0.9
37 74 0.722
37 69 1
37 40 0.856
37 65 0.608
37 42 0.282
37 87 0.278
37 39 0.113
37 61 0.133
37 68 0.141
37 71 0.2
37 75 0.147
37 92 0.171
38 52 0.573
38 64 1
38 43 0.744
38 53 0.193
38 59 0.2
38 68 0.116
38 76 0.162
38 80 0.151
38 83 0.142
38 89 0.121
39 40 0.747
39 61 0.882
39 99 0.778
39 53 0.607
39 59 0.574
39 96 0.051
39 97 0.142
39 68 0.168
39 92 0.084
39 44 0.172
39 57 0.18
39 58 0.162
39 71 0.144
39 80 0.122
39 95 0.159
40 62 0.653
40 43 0.119
40 45 0.134
40 55 0.162
40 61 0.138
40 65 0.157
40 75 0.138
40 80 0.174
40 86 0.198
40 87 0.165
40 93 0.196
40 94 0.151
40 98 0.15
41 77 0.802
41 75 0.536
41 73 0.963
41 55 1
41 49 0.899
41 86 0.13
41 87 0.354
41 44 0.126
41 46 0.148
41 79 0.123
41 80 0.101
41 84 0.193
41 97 0.169
41 99 0.14
42 77 1
42 76 0.814
42 52 1
42 73 0.198
42 49 0.122
42 71 0.307
42 44 0.146
42 51 0.145
42 56 0.111
42 59 0.153
42 64 0.217
42 65 0.165
42 66 0.175
42 75 0.147
42 82 0.163
42 86 0.132
42 87 0.102
42 88 0.153
42 92 0.13
42 97 0.195
42 99 0.139
43 45 0.94
43 65 0.551
43 83 0.598
43 62 1
43 68 0.087
43 79 0.07
43 87 0.278
43 88 0.121
43 48 0.138
43 57 0.189
43 63 0.183
43 67 0.169
43 71 0.146
43 81 0.095
43 85 0.135
43 92 0.169
43 93 0.138
43 99 0.109
44 63 1
44 49 0.973
44 48 0.961
44 55 0.928
44 56 0.165
44 58 0.135
44 67 0.159
44 68 0.093
44 94 0.177
44 98 0.188
44 99 0.155
45 80 0.001
45 86 0.172
45 94 0.208
45 49 0.173
45 51 0.115
45 55 0.195
45 58 0.127
45 61 0.159
45 65 0.146
45 69 0.184
45 73 0.143
45 76 0.118
45 85 0.228
45 90 0.099
45 95 0.12
46 76 1
46 82 0.786
46 58 0.818
46 94 0.597
46 67 0.081
46 49 0.176
46 50 0.163
46 57 0.118
46 60 0.105
46 65 0.152
46 74 0.155
46 79 0.149
46 80 0.14
46 81 0.163
46 86 0.119
46 96 0.121
47 72 0.405
47 86 0.937
47 90 0.915
47 65 0.656
47 82 0.357
47 88 0.408
47 51 0.135
47 53 0.119
47 55 0.119
47 60 0.161
47 63 0.188
47 70 0.197
47 74 0.175
47 75 0.126
47 80 0.164
47 97 0.2
47 99 0.137
48 76 0.984
48 85 0.998
48 70 0.763
48 94 0.577
48 59 0.671
48 93 0.655
48 79 1
48 88 0.241
48 69 0.164
48 92 0.06
48 49 0.147
48 51 0.153
48 54 0.102
48 63 0.2
48 75 0.154
48 87 0.143
48 98 0.128
49 64 0.769
49 94 0.988
49 65 0.939
49 73 0.885
49 96 0.079
49 85 0.318
49 51 0.15
49 53 0.128
49 60 0.153
49 66 0.128
49 69 0.131
49 82 0.167
49 89 0.161
49 98 0.196
50 72 0.939
50 83 0.824
50 65 0.186
50 74 0.13
50 77 0.216
50 79 0.174
50 85 0.149
51 65 0.711
51 66 0.987
51 93 0.962
51 75 0.673
51 73 0.136
51 77 0.186
51 59 0.168
51 92 0.091
51 61 0.143
51 69 0.16
51 71 0.171
51 76 0.126
51 85 0.151
51 87 0.189
51 89 0.121
51 97 0.201
51 98 0.119
52 70 0.912
52 65 0.174
52 66 0.182
52 69 0.147
52 76 0.138
52 83 0.136
52 93 0.162
52 99 0.12
53 71 0.959
53 97 0.656
53 61 0.136
53 64 0.14
53 66 0.116
53 69 0.193
53 72 0.146
53 80 0.123
53 82 0.141
53 83 0.148
53 86 0.094
53 99 0.141
54 90 0.906
54 74 0.025
54 55 0.13
54 64 0.165
54 71 0.155
54 83 0.162
54 85 0.142
54 94 0.133
55 61 0.901
55 92 0.725
55 66 0.634
55 57 0.093
55 64 0.128
55 82 0.137
55 85 0.097
55 86 0.168
56 96 1
56 94 0.073
56 57 0.179
56 60 0.168
56 62 0.163
56 63 0.168
56 69 0.187
56 71 0.129
56 73 0.151
56 78 0.17
56 81 0.085
56 82 0.1
56 87 0.159
57 89 0.718
57 83 0.664
57 78 0.427
57 70 0.106
57 74 0.074
57 97 0.303
57 60 0.103
57 62 0.185
57 65 0.123
57 72 0.181
57 75 0.149
57 76 0.144
57 84 0.104
57 90 0.156
57 95 0.131
57 96 0.162
58 70 0.881
58 61 0.2
58 77 0.117
58 67 0.163
58 69 0.149
58 78 0.128
58 92 0.208
58 99 0.099
59 60 0.608
59 63 0.756
59 91 0.104
59 72 0.127
59 74 0.185
59 78 0.146
59 80 0.105
59 85 0.127
59 86 0.12
59 93 0.164
59 95 0.169
59 96 0.178
60 81 0.951
60 95 0.801
60 87 1
60 75 0.675
60 72 0.87
60 79 0.145
60 86 0.024
60 63 0.135
60 68 0.168
60 90 0.189
60 92 0.176
61 67 0.994
61 81 0.996
61 96 0.035
61 63 0.128
61 80 0.148
61 86 0.118
61 89 0.219
62 91 0.629
62 77 0.991
62 63 1
62 68 0.336
62 67 0.122
62 70 0.115
62 76 0.083
62 80 0.153
62 83 0.134
62 84 0.154
62 89 0.132
62 90 0.116
62 99 0.169
63 94 0.914
63 95 0.682
63 90 0.626
63 72 0.075
63 70 0.191
63 75 0.117
64 78 0.933
64 85 0.879
64 81 0.621
64 79 1
64 69 0.162
64 75 0.137
64 94 0.151
65 79 1
65 88 1
65 98 0.749
65 67 0.163
65 83 0.179
65 91 0.182
65 93 0.17
66 76 0.117
66 91 0.16
66 68 0.172
66 70 0.132
66 72 0.175
66 77 0.147
66 78 0.168
66 86 0.103
66 87 0.135
66 97 0.107
67 69 0.149
67 82 0.129
67 88 0.14
67 89 0.157
67 92 0.157
67 93 0.185
68 96 0.981
68 90 0.717
68 69 0.726
68 95 0.283
68 80 0.094
69 78 0.837
69 96 0.871
69 90 0.158
69 72 0.029
69 93 0.276
69 70 0.155
69 82 0.125
69 84 0.17
69 92 0.129
70 74 0.992
70 87 0.721
70 71 0.122
70 82 0.22
70 90 0.144
70 91 0.116
70 92 0.125
70 96 0.198
71 81 0.117
71 83 0.139
71 87 0.143
71 90 0.13
71 98 0.142
72 77 0.984
72 78 0.158
72 82 0.137
72 86 0.118
72 92 0.14
72 97 0.161
72 98 0.17
73 83 0.992
73 91 0.781
73 81 0.916
73 75 0.89
73 94 0.163
73 76 0.121
73 78 0.15
73 84 0.185
73 96 0.143
74 79 0.947
74 75 0.161
74 87 0.11
74 88 0.105
75 84 0.881
75 90 0.68
75 81 0.031
75 94 0.061
75 88 0.175
75 95 0.147
75 96 0.171
75 98 0.128
76 91 1
76 84 0.069
76 90 0.136
77 92 1
77 85 0.05
77 87 0.191
77 82 0.177
77 86 0.185
77 94 0.153
78 91 1
78 85 0.103
78 98 0.177
78 81 0.173
78 84 0.13
78 90 0.135
78 99 0.136
79 86 0.819
79 89 0.21
79 98 0.167
80 98 0.836
80 85 0.366
80 99 0.018
80 84 0.137
80 93 0.11
80 94 0.139
81 89 0.135
81 85 0.195
81 99 0.218
81 94 0.078
82 91 0.166
83 89 0.809
83 90 0.13
83 97 0.139
84 97 0.913
84 98 0.875
84 85 0.098
84 89 0.109
85 98 0.952
85 91 0.863
86 98 1
86 99 0.925
86 89 0.165
86 91 0.126
86 95 0.158
86 97 0.162
87 97 0.735
87 90 0.159
87 95 0.177
87 98 0.176
88 98 0.882
88 95 1
88 90 0.17
88 92 0.106
88 94 0.155
88 96 0.126
89 93 0.759
89 90 0.099
89 91 0.201
89 99 0.134
90 96 0.073
90 95 0.186
91 97 0.185
91 94 0.162
92 96 0.853
92 93 0.138
92 94 0.165
94 96 0.734
94 98 0.207
95 99 0.555
96 97 0.688
96 98 0.152
