0 73 0.677
0 80 1
0 30 0.123
0 42 0.645
0 52 0.141
0 44 0.097
0 72 0.239
0 4 0.179
0 16 0.176
0 25 0.165
0 26 0.132
0 39 0.126
0 47 0.064
0 50 0.181
0 51 0.146
0 93 0.033
0 3 0.119
0 7 0.142
0 8 0.122
0 10 0.208
0 13 0.13
0 14 0.139
0 15 0.169
0 20 0.135
0 21 0.163
0 24 0.167
0 32 0.126
0 35 0.168
0 36 0.138
0 45 0.146
0 48 0.107
0 49 0.181
0 55 0.126
0 57 0.139
0 58 0.155
0 60 0.215
0 67 0.129
0 71 0.171
0 74 0.122
0 75 0.156
0 78 0.164
0 79 0.211
0 83 0.179
0 96 0.115
0 98 0.16
1 82 0.942
1 33 0.093
1 35 0.169
1 7 0.185
1 3 0.16
1 4 0.215
1 20 0.283
1 24 0.159
1 27 0.181
1 40 0.126
1 58 0.11
1 62 0.134
1 69 0.157
1 74 0.377
1 83 0.221
1 84 0.215
1 93 0.231
1 8 0.12
1 10 0.137
1 12 0.117
1 14 0.129
1 15 0.13
1 16 0.155
1 19 0.15
1 22 0.115
1 28 0.113
1 29 0.091
1 32 0.117
1 36 0.139
1 38 0.21
1 41 0.174
1 53 0.154
1 56 0.125
1 57 0.152
1 59 0.138
1 63 0.163
1 66 0.148
1 67 0.188
1 71 0.187
1 80 0.17
1 81 0.203
1 85 0.12
1 87 0.158
1 88 0.105
1 89 0.148
1 91 0.159
1 92 0.116
1 94 0.156
1 96 0.199
1 98 0.148
2 9 0.175
2 26 0.263
2 28 0.068
2 49 0.15
2 72 0.121
2 7 0.177
2 12 0.308
2 23 0.082
2 54 0.137
2 83 0.209
2 90 0.187
2 92 0.247
2 3 0.143
2 6 0.166
2 8 0.118
2 10 0.153
2 18 0.149
2 19 0.14
2 27 0.162
2 33 0.177
2 34 0.219
2 35 0.158
2 40 0.094
2 46 0.156
2 53 0.082
2 56 0.138
2 58 0.133
2 61 0.197
2 66 0.186
2 67 0.198
2 69 0.126
2 70 0.17
2 73 0.198
2 74 0.135
2 75 0.137
2 82 0.127
2 84 0.095
2 87 0.176
2 91 0.178
2 99 0.15
3 66 0.856
3 32 0.207
3 48 0.138
3 49 0.127
3 73 0.181
3 84 0.189
3 10 0.095
3 12 0.138
3 14 0.186
3 22 0.151
3 23 0.058
3 39 0.069
3 46 0.137
3 63 0.101
3 65 0.264
3 76 0.228
3 79 0.196
3 96 0.149
3 97 0.175
3 4 0.188
3 11 0.135
3 13 0.153
3 16 0.169
3 19 0.173
3 20 0.188
3 25 0.181
3 27 0.112
3 30 0.155
3 35 0.173
3 37 0.167
3 51 0.162
3 57 0.161
3 60 0.138
3 62 0.192
3 67 0.109
3 71 0.116
3 74 0.142
3 75 0.14
3 78 0.202
3 82 0.162
3 83 0.169
3 86 0.196
3 87 0.149
3 89 0.16
3 95 0.144
4 15 0.845
4 29 0.929
4 41 0.098
4 60 0.139
4 82 0.165
4 5 0.122
4 48 0.333
4 51 0.165
4 91 0.127
4 93 0.18
4 96 0.106
4 98 0.141
4 10 0.148
4 14 0.161
4 18 0.171
4 20 0.131
4 21 0.129
4 23 0.118
4 24 0.145
4 31 0.163
4 38 0.156
4 39 0.078
4 45 0.141
4 49 0.142
4 52 0.218
4 55 0.159
4 58 0.121
4 59 0.155
4 64 0.2
4 66 0.109
4 70 0.184
4 73 0.135
4 77 0.171
4 79 0.155
4 81 0.123
4 86 0.149
4 87 0.131
4 88 0.157
4 90 0.191
4 95 0.137
5 10 0.175
5 8 0.2
5 11 0.154
5 12 0.181
5 17 0.149
5 27 0.152
5 39 0.052
5 93 0.149
5 98 0.148
5 28 0.052
5 35 0.122
5 44 0.126
5 86 0.159
5 6 0.148
5 14 0.119
5 15 0.148
5 21 0.162
5 22 0.097
5 24 0.134
5 25 0.075
5 26 0.139
5 33 0.141
5 36 0.143
5 37 0.134
5 38 0.128
5 41 0.179
5 45 0.149
5 47 0.152
5 49 0.124
5 50 0.183
5 51 0.184
5 52 0.154
5 54 0.229
5 55 0.201
5 58 0.053
5 64 0.136
5 65 0.134
5 66 0.16
5 73 0.169
5 74 0.137
5 75 0.135
5 76 0.123
5 79 0.148
5 80 0.132
5 87 0.087
5 88 0.121
5 91 0.108
5 95 0.138
6 81 1
6 57 0.627
6 55 0.996
6 12 0.273
6 83 0.173
6 11 0.248
6 21 0.14
6 64 0.095
6 89 0.155
6 91 0.167
6 92 0.175
6 14 0.095
6 17 0.148
6 18 0.139
6 19 0.139
6 23 0.094
6 24 0.16
6 27 0.138
6 28 0.139
6 29 0.185
6 30 0.2
6 31 0.14
6 32 0.126
6 33 0.145
6 39 0.137
6 42 0.167
6 43 0.157
6 49 0.158
6 53 0.124
6 56 0.151
6 58 0.157
6 60 0.175
6 62 0.132
6 68 0.163
6 72 0.115
6 75 0.136
6 76 0.135
6 77 0.135
6 78 0.151
6 80 0.125
6 82 0.144
6 90 0.162
6 96 0.12
6 97 0.165
6 98 0.149
7 15 1
7 9 0.164
7 11 0.055
7 31 0.128
7 48 0.012
7 66 0.172
7 67 0.124
7 68 0.117
7 70 0.017
7 72 0.057
7 79 0.112
7 85 0.141
7 98 0.117
7 10 0.079
7 12 0.127
7 14 0.165
7 16 0.193
7 18 0.132
7 20 0.173
7 23 0.186
7 26 0.124
7 28 0.179
7 33 0.123
7 34 0.145
7 39 0.16
7 41 0.14
7 50 0.157
7 51 0.156
7 54 0.123
7 61 0.123
7 62 0.203
7 71 0.132
7 74 0.143
7 75 0.141
7 77 0.14
7 78 0.174
7 84 0.115
7 86 0.143
7 87 0.201
7 88 0.136
7 94 0.11
7 97 0.138
8 49 0.143
8 27 0.113
8 35 0.177
8 51 0.152
8 52 0.282
8 62 0.133
8 72 0.035
8 37 0.138
8 40 0.195
8 46 0.081
8 63 0.093
8 71 0.155
8 86 0.203
8 12 0.16
8 13 0.165
8 17 0.171
8 21 0.142
8 25 0.162
8 29 0.173
8 30 0.167
8 32 0.126
8 33 0.134
8 39 0.129
8 44 0.118
8 45 0.173
8 47 0.131
8 53 0.118
8 58 0.173
8 69 0.16
8 70 0.134
8 73 0.155
8 75 0.181
8 78 0.168
8 81 0.17
8 83 0.118
8 87 0.144
8 88 0.14
8 90 0.162
8 91 0.151
8 93 0.213
8 94 0.142
8 95 0.157
9 38 0.684
9 86 0.932
9 87 0.877
9 27 0.262
9 69 0.066
9 46 0.161
9 62 0.083
9 18 0.15
9 34 0.174
9 65 0.158
9 85 0.176
9 88 0.089
9 10 0.148
9 16 0.106
9 20 0.176
9 21 0.121
9 26 0.159
9 30 0.162
9 31 0.199
9 35 0.128
9 39 0.15
9 43 0.124
9 47 0.148
9 50 0.202
9 51 0.154
9 53 0.203
9 54 0.165
9 55 0.133
9 58 0.146
9 59 0.109
9 64 0.176
9 72 0.164
9 75 0.093
9 78 0.186
9 82 0.154
9 83 0.11
9 89 0.213
9 91 0.144
9 92 0.118
9 96 0.15
9 99 0.089
10 71 0.656
10 39 0.136
10 56 0.053
10 60 0.157
10 11 0.133
10 12 0.19
10 13 0.145
10 36 0.2
10 48 0.066
10 62 0.186
10 78 0.085
10 81 0.153
10 83 0.15
10 84 0.136
10 99 0.163
10 23 0.192
10 25 0.178
10 27 0.147
10 31 0.113
10 32 0.162
10 33 0.107
10 40 0.105
10 41 0.144
10 44 0.124
10 50 0.148
10 52 0.137
10 53 0.16
10 54 0.231
10 55 0.13
10 58 0.165
10 63 0.147
10 64 0.145
10 65 0.122
10 67 0.135
10 74 0.144
10 80 0.195
10 85 0.145
10 88 0.162
10 89 0.159
10 90 0.12
10 91 0.148
10 93 0.181
10 94 0.125
10 97 0.098
11 89 0.632
11 16 0.135
11 18 0.159
11 24 0.103
11 27 0.217
11 29 0.126
11 39 0.052
11 47 0.135
11 56 0.134
11 69 0.121
11 78 0.131
11 82 0.13
11 88 0.214
11 13 0.203
11 14 0.152
11 17 0.158
11 21 0.131
11 28 0.114
11 31 0.159
11 35 0.141
11 36 0.153
11 40 0.156
11 42 0.149
11 45 0.143
11 48 0.177
11 49 0.201
11 50 0.132
11 54 0.149
11 57 0.173
11 60 0.134
11 71 0.13
11 73 0.166
11 77 0.128
11 81 0.172
11 86 0.153
11 87 0.182
11 94 0.159
11 95 0.08
11 97 0.173
11 99 0.135
12 70 1.0
12 80 0.83
12 87 1
12 42 0.907
12 35 0.573
12 14 0.204
12 23 0.281
12 37 0.17
12 52 0.111
12 20 0.122
12 33 0.145
12 34 0.153
12 41 0.215
12 56 0.231
12 83 0.036
12 85 0.138
12 90 0.2
12 15 0.123
12 17 0.147
12 21 0.152
12 24 0.187
12 25 0.115
12 26 0.175
12 27 0.108
12 28 0.118
12 31 0.18
12 32 0.163
12 38 0.143
12 46 0.171
12 47 0.154
12 48 0.151
12 53 0.175
12 55 0.166
12 61 0.15
12 64 0.204
12 65 0.143
12 66 0.113
12 68 0.175
12 71 0.154
12 74 0.136
12 75 0.168
12 77 0.164
12 78 0.141
12 84 0.15
12 86 0.217
12 89 0.101
12 91 0.142
12 93 0.11
12 96 0.133
13 34 0.097
13 36 0.133
13 55 0.196
13 81 0.195
13 35 0.271
13 44 0.263
13 50 0.167
13 54 0.091
13 56 0.135
13 66 0.16
13 80 0.157
13 88 0.135
13 95 0.131
13 16 0.142
13 17 0.148
13 20 0.17
13 21 0.154
13 29 0.141
13 31 0.108
13 33 0.123
13 38 0.181
13 40 0.169
13 41 0.134
13 45 0.146
13 47 0.157
13 49 0.209
13 52 0.153
13 57 0.16
13 61 0.115
13 63 0.185
13 65 0.109
13 67 0.18
13 69 0.142
13 71 0.136
13 74 0.064
13 79 0.114
13 84 0.171
13 90 0.088
13 92 0.117
13 93 0.186
13 97 0.192
13 98 0.157
13 99 0.118
14 38 0.779
14 55 0.964
14 78 0.027
14 26 0.1
14 69 0.125
14 74 0.177
14 17 0.167
14 24 0.146
14 25 0.066
14 43 0.143
14 44 0.181
14 62 0.158
14 72 0.148
14 90 0.129
14 95 0.177
14 97 0.172
14 15 0.139
14 16 0.133
14 19 0.135
14 20 0.164
14 23 0.193
14 27 0.202
14 36 0.15
14 39 0.162
14 45 0.154
14 47 0.166
14 48 0.166
14 58 0.165
14 59 0.154
14 60 0.167
14 64 0.15
14 66 0.141
14 68 0.103
14 71 0.182
14 79 0.173
14 80 0.183
14 82 0.166
14 83 0.128
14 86 0.138
14 87 0.126
14 91 0.175
14 93 0.138
14 94 0.153
14 96 0.149
15 54 0.971
15 49 0.268
15 57 0.122
15 20 0.118
15 43 0.041
15 44 0.184
15 82 0.131
15 87 0.168
15 17 0.164
15 18 0.158
15 33 0.164
15 38 0.218
15 39 0.137
15 41 0.171
15 42 0.138
15 45 0.095
15 46 0.149
15 47 0.141
15 48 0.146
15 51 0.109
15 58 0.161
15 59 0.123
15 60 0.138
15 64 0.169
15 71 0.166
15 73 0.195
15 76 0.192
15 77 0.181
15 78 0.206
15 79 0.159
15 81 0.144
15 83 0.176
15 85 0.145
15 91 0.147
15 92 0.132
16 75 0.894
16 33 0.938
16 62 0.304
16 18 0.104
16 20 0.269
16 29 0.15
16 45 0.182
16 55 0.174
16 66 0.282
16 84 0.115
16 93 0.109
16 27 0.115
16 35 0.144
16 36 0.142
16 39 0.137
16 40 0.126
16 41 0.161
16 50 0.155
16 54 0.157
16 56 0.171
16 57 0.159
16 61 0.158
16 67 0.193
16 68 0.103
16 74 0.16
16 76 0.135
16 82 0.126
16 85 0.163
16 86 0.141
16 94 0.124
16 96 0.115
16 99 0.085
17 18 0.944
17 88 0.851
17 23 0.276
17 46 0.112
17 50 0.196
17 87 0.168
17 94 0.134
17 98 0.398
17 19 0.16
17 21 0.154
17 22 0.072
17 29 0.151
17 30 0.164
17 35 0.077
17 36 0.136
17 38 0.159
17 39 0.14
17 41 0.102
17 51 0.196
17 54 0.138
17 55 0.081
17 56 0.164
17 57 0.15
17 58 0.116
17 67 0.185
17 68 0.15
17 70 0.149
17 71 0.175
17 72 0.14
17 78 0.16
17 82 0.165
17 83 0.135
17 85 0.145
17 86 0.123
17 93 0.127
17 95 0.175
17 99 0.158
18 83 1
18 43 0.243
18 48 0.129
18 65 0.336
18 19 0.113
18 40 0.163
18 74 0.139
18 77 0.149
18 53 0.206
18 63 0.14
18 71 0.233
18 73 0.111
18 82 0.179
18 84 0.15
18 97 0.077
18 99 0.146
18 20 0.162
18 21 0.172
18 22 0.22
18 25 0.174
18 26 0.141
18 27 0.135
18 28 0.16
18 29 0.137
18 30 0.16
18 35 0.126
18 37 0.144
18 45 0.133
18 49 0.127
18 57 0.116
18 58 0.182
18 61 0.213
18 62 0.155
18 64 0.151
18 70 0.133
18 75 0.164
18 76 0.127
18 78 0.131
18 79 0.135
18 80 0.142
18 86 0.129
18 87 0.161
18 88 0.131
18 89 0.195
18 91 0.184
18 92 0.153
18 94 0.118
18 98 0.175
19 74 0.751
19 54 0.664
19 49 0.2
19 60 0.183
19 93 0.135
19 21 0.24
19 28 0.171
19 29 0.144
19 31 0.361
19 58 0.195
19 82 0.057
19 25 0.149
19 26 0.162
19 30 0.166
19 32 0.177
19 34 0.129
19 38 0.123
19 39 0.117
19 41 0.133
19 42 0.183
19 57 0.217
19 62 0.138
19 65 0.179
19 66 0.167
19 69 0.158
19 79 0.138
19 84 0.104
19 85 0.121
19 86 0.137
19 87 0.172
19 91 0.132
19 97 0.121
19 98 0.095
20 70 0.103
20 95 0.132
20 34 0.156
20 25 0.183
20 41 0.097
20 71 0.13
20 99 0.183
20 21 0.199
20 27 0.181
20 28 0.123
20 36 0.175
20 38 0.117
20 40 0.188
20 45 0.13
20 49 0.117
20 56 0.171
20 58 0.137
20 59 0.116
20 60 0.203
20 61 0.088
20 63 0.133
20 65 0.188
20 67 0.151
20 74 0.177
20 77 0.168
20 80 0.163
20 81 0.16
20 83 0.226
20 86 0.165
20 88 0.131
20 92 0.154
21 30 0.766
21 37 1
21 85 0.836
21 93 0.078
21 25 0.085
21 40 0.154
21 80 0.171
21 87 0.087
21 34 0.135
21 35 0.165
21 39 0.144
21 44 0.181
21 47 0.219
21 51 0.16
21 58 0.2
21 59 0.161
21 67 0.171
21 71 0.138
21 72 0.166
21 77 0.139
21 79 0.174
21 86 0.159
21 90 0.171
21 91 0.138
21 96 0.167
21 97 0.112
21 98 0.152
21 99 0.205
22 95 0.949
22 24 0.246
22 53 0.176
22 86 0.276
22 29 0.135
22 75 0.397
22 91 0.044
22 93 0.124
22 25 0.132
22 26 0.176
22 27 0.136
22 31 0.17
22 33 0.09
22 35 0.119
22 40 0.119
22 42 0.134
22 43 0.183
22 46 0.126
22 47 0.093
22 48 0.136
22 49 0.061
22 52 0.136
22 55 0.106
22 56 0.095
22 61 0.124
22 62 0.134
22 63 0.2
22 65 0.156
22 66 0.169
22 67 0.153
22 68 0.195
22 69 0.113
22 73 0.162
22 76 0.167
22 77 0.136
22 79 0.148
22 80 0.164
22 82 0.162
22 87 0.195
22 90 0.13
22 97 0.149
22 98 0.152
22 99 0.21
23 44 0.703
23 68 0.698
23 45 0.923
23 37 0.872
23 51 0.176
23 42 0.141
23 54 0.112
23 57 0.175
23 60 0.13
23 62 0.138
23 65 0.164
23 81 0.178
23 89 0.194
23 27 0.092
23 29 0.12
23 31 0.163
23 36 0.195
23 38 0.147
23 39 0.149
23 40 0.181
23 41 0.176
23 43 0.131
23 48 0.151
23 50 0.131
23 53 0.195
23 55 0.154
23 59 0.16
23 61 0.162
23 64 0.153
23 76 0.131
23 78 0.161
23 79 0.122
23 88 0.129
23 93 0.178
23 98 0.103
24 73 0.719
24 25 0.152
24 49 0.203
24 60 0.144
24 64 0.145
24 74 0.126
24 87 0.268
24 90 0.158
24 26 0.086
24 32 0.218
24 34 0.193
24 37 0.137
24 43 0.197
24 45 0.139
24 54 0.118
24 65 0.162
24 69 0.153
24 77 0.109
24 80 0.099
24 81 0.157
24 83 0.137
24 85 0.131
24 89 0.195
25 73 0.715
25 66 0.994
25 45 0.641
25 29 0.484
25 53 0.037
25 55 0.104
25 57 0.187
25 64 0.316
25 86 0.169
25 91 0.042
25 26 0.15
25 27 0.115
25 30 0.11
25 31 0.241
25 38 0.13
25 39 0.15
25 41 0.155
25 43 0.187
25 46 0.17
25 47 0.13
25 49 0.131
25 51 0.143
25 58 0.111
25 61 0.14
25 63 0.141
25 68 0.152
25 72 0.165
25 75 0.096
25 76 0.147
25 78 0.092
25 80 0.141
25 81 0.116
25 84 0.143
25 85 0.124
25 90 0.205
25 96 0.117
25 97 0.084
25 99 0.192
26 50 0.019
26 99 0.149
26 31 0.149
26 33 0.138
26 54 0.278
26 61 0.169
26 78 0.123
26 88 0.184
26 93 0.133
26 34 0.132
26 35 0.202
26 39 0.096
26 42 0.119
26 44 0.107
26 47 0.195
26 52 0.135
26 53 0.176
26 55 0.163
26 56 0.193
26 57 0.159
26 58 0.144
26 60 0.179
26 65 0.157
26 68 0.164
26 73 0.152
26 74 0.116
26 77 0.079
26 79 0.165
26 82 0.165
26 83 0.196
26 84 0.137
26 85 0.129
26 87 0.152
26 91 0.164
26 94 0.151
26 97 0.178
27 72 0.983
27 64 0.535
27 32 0.177
27 33 0.048
27 37 0.137
27 55 0.142
27 80 0.093
27 84 0.155
27 90 0.121
27 97 0.19
27 30 0.152
27 34 0.107
27 39 0.175
27 43 0.253
27 45 0.198
27 48 0.11
27 49 0.174
27 51 0.176
27 52 0.12
27 53 0.141
27 58 0.193
27 60 0.112
27 61 0.068
27 67 0.13
27 68 0.102
27 69 0.118
27 74 0.112
27 75 0.172
27 77 0.139
27 79 0.207
27 83 0.152
27 85 0.126
27 89 0.163
27 92 0.066
27 94 0.154
27 95 0.141
27 96 0.141
27 98 0.149
27 99 0.12
28 37 0.288
28 45 0.183
28 57 0.24
28 93 0.072
28 49 0.182
28 52 0.197
28 71 0.157
28 73 0.151
28 30 0.156
28 34 0.15
28 36 0.121
28 38 0.193
28 39 0.198
28 41 0.144
28 43 0.177
28 46 0.11
28 47 0.188
28 51 0.132
28 61 0.219
28 66 0.169
28 70 0.092
28 74 0.075
28 78 0.158
28 79 0.139
28 82 0.12
28 83 0.176
28 84 0.162
28 85 0.174
28 87 0.156
28 97 0.151
28 99 0.197
29 97 0.969
29 54 0.1
29 30 0.125
29 43 0.14
29 50 0.137
29 51 0.121
29 58 0.179
29 60 0.229
29 65 0.139
29 73 0.133
29 99 0.2
29 33 0.095
29 34 0.15
29 35 0.156
29 36 0.148
29 38 0.187
29 39 0.079
29 42 0.125
29 45 0.139
29 46 0.128
29 47 0.175
29 49 0.154
29 57 0.129
29 67 0.142
29 68 0.139
29 69 0.14
29 76 0.154
29 79 0.114
29 86 0.17
29 92 0.137
29 93 0.142
29 94 0.121
29 96 0.179
30 85 0.156
30 96 0.143
30 34 0.171
30 42 0.157
30 54 0.259
30 66 0.232
30 78 0.084
30 93 0.126
30 98 0.217
30 31 0.121
30 32 0.144
30 33 0.155
30 35 0.099
30 44 0.149
30 45 0.139
30 48 0.109
30 51 0.13
30 53 0.119
30 55 0.146
30 58 0.142
30 59 0.159
30 61 0.112
30 64 0.143
30 70 0.19
30 71 0.208
30 72 0.122
30 75 0.158
30 77 0.169
30 80 0.251
30 82 0.12
30 87 0.112
30 88 0.183
30 89 0.186
30 90 0.156
30 97 0.167
31 38 0.422
31 48 0.152
31 49 0.048
31 90 0.164
31 43 0.208
31 63 0.164
31 65 0.144
31 69 0.166
31 72 0.102
31 95 0.144
31 99 0.186
31 33 0.158
31 34 0.153
31 35 0.165
31 36 0.148
31 46 0.196
31 52 0.141
31 54 0.127
31 62 0.132
31 66 0.105
31 67 0.192
31 70 0.144
31 74 0.213
31 77 0.172
31 79 0.137
31 81 0.177
31 82 0.172
31 83 0.125
31 84 0.091
31 85 0.125
31 87 0.143
31 88 0.132
31 91 0.16
31 92 0.15
31 94 0.151
31 97 0.124
32 81 0.839
32 36 0.844
32 35 0.936
32 61 0.136
32 94 0.172
32 34 0.129
32 41 0.157
32 46 0.155
32 71 0.112
32 75 0.072
32 87 0.141
32 90 0.238
32 92 0.196
32 98 0.193
32 40 0.149
32 49 0.168
32 52 0.144
32 54 0.081
32 56 0.111
32 58 0.121
32 63 0.123
32 64 0.181
32 65 0.136
32 66 0.137
32 68 0.119
32 69 0.139
32 72 0.157
32 73 0.155
32 74 0.154
32 77 0.127
32 78 0.105
32 80 0.142
32 84 0.152
32 89 0.083
32 95 0.163
32 96 0.153
33 60 1
33 52 0.112
33 81 0.115
33 64 0.115
33 84 0.069
33 93 0.072
33 44 0.233
33 82 0.108
33 36 0.148
33 38 0.17
33 42 0.107
33 47 0.115
33 51 0.149
33 53 0.167
33 54 0.106
33 58 0.189
33 61 0.176
33 63 0.156
33 65 0.158
33 67 0.161
33 73 0.162
33 80 0.173
33 83 0.127
33 85 0.137
33 89 0.192
33 92 0.14
33 95 0.147
33 96 0.13
33 97 0.162
33 99 0.128
34 57 0.764
34 95 1
34 69 0.793
34 88 0.142
34 45 0.098
34 58 0.091
34 59 0.122
34 66 0.229
34 67 0.143
34 76 0.203
34 35 0.139
34 37 0.14
34 41 0.163
34 42 0.151
34 49 0.15
34 50 0.126
34 53 0.154
34 60 0.138
34 61 0.176
34 64 0.126
34 68 0.194
34 71 0.203
34 72 0.113
34 77 0.184
34 78 0.155
34 80 0.048
34 82 0.128
34 84 0.194
34 85 0.181
34 87 0.132
34 89 0.188
34 92 0.134
34 97 0.079
34 98 0.148
35 58 1
35 95 0.555
35 39 0.074
35 37 0.138
35 44 0.263
35 55 0.096
35 60 0.231
35 61 0.105
35 69 0.177
35 73 0.098
35 79 0.124
35 85 0.306
35 91 0.22
35 43 0.116
35 46 0.167
35 50 0.175
35 53 0.153
35 66 0.168
35 72 0.156
35 77 0.155
35 80 0.157
35 81 0.118
35 83 0.193
35 84 0.198
35 88 0.133
36 48 0.71
36 49 0.213
36 41 0.357
36 72 0.181
36 79 0.15
36 94 0.127
36 95 0.228
36 97 0.16
36 37 0.178
36 38 0.158
36 40 0.165
36 57 0.086
36 60 0.141
36 61 0.134
36 69 0.163
36 70 0.091
36 73 0.12
36 81 0.159
36 87 0.161
36 88 0.174
36 89 0.169
36 90 0.157
36 92 0.161
36 98 0.145
37 70 0.857
37 76 0.061
37 43 0.039
37 52 0.139
37 77 0.219
37 78 0.13
37 84 0.18
37 85 0.137
37 39 0.146
37 40 0.133
37 41 0.128
37 44 0.159
37 45 0.115
37 48 0.221
37 49 0.206
37 55 0.165
37 57 0.217
37 58 0.165
37 59 0.144
37 61 0.18
37 68 0.131
37 74 0.136
37 75 0.15
37 80 0.156
37 82 0.127
37 88 0.13
37 90 0.125
37 93 0.168
38 87 0.847
38 70 0.795
38 43 0.15
38 63 0.135
38 71 0.254
38 47 0.193
38 66 0.163
38 68 0.093
38 74 0.147
38 75 0.179
38 77 0.166
38 86 0.061
38 88 0.156
38 92 0.157
38 40 0.102
38 41 0.182
38 44 0.129
38 45 0.15
38 46 0.16
38 49 0.149
38 50 0.141
38 51 0.182
38 52 0.131
38 56 0.117
38 57 0.151
38 58 0.087
38 59 0.199
38 60 0.121
38 61 0.161
38 67 0.108
38 80 0.17
38 83 0.167
38 84 0.103
38 93 0.109
38 94 0.199
38 96 0.182
39 98 0.222
39 52 0.129
39 63 0.218
39 67 0.116
39 41 0.175
39 44 0.109
39 48 0.173
39 57 0.159
39 64 0.179
39 73 0.141
39 86 0.31
39 40 0.158
39 45 0.125
39 53 0.13
39 54 0.169
39 55 0.189
39 56 0.141
39 58 0.104
39 59 0.158
39 65 0.076
39 72 0.137
39 76 0.1
39 77 0.19
39 80 0.134
39 81 0.155
39 82 0.123
39 87 0.197
39 96 0.165
39 97 0.126
40 43 0.185
40 52 0.125
40 42 0.079
40 44 0.123
40 56 0.195
40 58 0.325
40 71 0.266
40 86 0.171
40 92 0.168
40 94 0.073
40 41 0.148
40 47 0.171
40 49 0.174
40 57 0.16
40 60 0.161
40 64 0.137
40 65 0.151
40 66 0.088
40 68 0.15
40 69 0.136
40 75 0.153
40 78 0.147
40 79 0.136
40 82 0.191
40 83 0.138
40 87 0.148
40 88 0.17
40 96 0.123
41 67 0.934
41 86 0.958
41 42 0.182
41 52 0.13
41 54 0.115
41 66 0.114
41 68 0.166
41 90 0.155
41 93 0.187
41 44 0.209
41 45 0.124
41 48 0.13
41 49 0.205
41 55 0.151
41 59 0.114
41 65 0.144
41 69 0.142
41 70 0.115
41 72 0.213
41 74 0.186
41 77 0.116
41 80 0.176
41 82 0.157
41 84 0.179
41 85 0.195
41 87 0.157
41 91 0.153
41 95 0.149
41 96 0.121
41 98 0.156
42 94 1
42 98 1
42 48 0.33
42 68 0.133
42 69 0.136
42 89 0.04
42 43 0.116
42 51 0.158
42 58 0.2
42 59 0.154
42 61 0.166
42 62 0.148
42 72 0.132
42 75 0.164
42 77 0.194
42 79 0.17
42 81 0.13
42 83 0.17
42 84 0.202
42 87 0.119
42 90 0.141
42 92 0.201
42 99 0.165
43 51 0.123
43 47 0.187
43 48 0.106
43 65 0.143
43 68 0.241
43 73 0.184
43 45 0.16
43 53 0.146
43 55 0.115
43 58 0.156
43 59 0.135
43 60 0.14
43 61 0.122
43 64 0.157
43 72 0.15
43 74 0.135
43 79 0.132
43 80 0.11
43 81 0.129
43 82 0.181
43 85 0.107
43 86 0.213
43 88 0.152
43 89 0.135
43 94 0.135
43 95 0.224
43 98 0.114
43 99 0.07
44 76 0.232
44 80 0.121
44 83 0.038
44 48 0.092
44 86 0.169
44 92 0.162
44 96 0.263
44 46 0.171
44 52 0.169
44 54 0.121
44 56 0.106
44 57 0.175
44 61 0.166
44 63 0.166
44 66 0.18
44 70 0.181
44 73 0.203
44 74 0.171
44 77 0.206
44 78 0.125
44 81 0.184
44 85 0.123
44 87 0.144
44 90 0.121
44 91 0.177
44 93 0.182
44 94 0.204
44 97 0.151
44 98 0.099
44 99 0.17
45 99 1
45 76 0.122
45 91 0.047
45 55 0.066
45 58 0.185
45 61 0.164
45 77 0.144
45 80 0.117
45 81 0.239
45 52 0.215
45 53 0.107
45 56 0.132
45 59 0.12
45 66 0.172
45 71 0.15
45 82 0.188
45 84 0.134
45 87 0.188
45 88 0.157
45 95 0.131
46 61 0.75
46 93 1
46 95 0.614
46 47 0.117
46 49 0.071
46 50 0.245
46 84 0.09
46 86 0.139
46 90 0.171
46 51 0.103
46 59 0.158
46 60 0.144
46 76 0.065
46 78 0.287
46 82 0.125
46 98 0.125
46 99 0.154
46 55 0.177
46 57 0.159
46 65 0.177
46 68 0.101
46 70 0.162
46 71 0.163
46 72 0.154
46 73 0.188
46 77 0.169
46 80 0.155
46 81 0.113
46 83 0.105
46 88 0.154
46 94 0.158
47 82 0.895
47 68 0.134
47 54 0.154
47 62 0.099
47 49 0.307
47 63 0.173
47 77 0.167
47 89 0.168
47 48 0.157
47 53 0.245
47 55 0.128
47 57 0.174
47 64 0.149
47 67 0.137
47 70 0.16
47 76 0.15
47 78 0.189
47 83 0.196
47 85 0.158
47 88 0.211
47 91 0.155
47 93 0.216
47 94 0.163
48 69 0.904
48 67 0.162
48 95 0.096
48 49 0.218
48 66 0.105
48 79 0.137
48 85 0.122
48 89 0.093
48 98 0.175
48 99 0.179
48 52 0.181
48 55 0.202
48 56 0.156
48 57 0.106
48 58 0.19
48 59 0.132
48 62 0.158
48 64 0.183
48 68 0.1
48 70 0.183
48 76 0.137
48 80 0.162
48 84 0.17
48 86 0.149
48 87 0.188
48 93 0.176
49 75 0.881
49 66 0.056
49 96 0.083
49 54 0.105
49 72 0.102
49 74 0.173
49 98 0.167
49 51 0.151
49 53 0.202
49 61 0.13
49 64 0.148
49 67 0.103
49 70 0.128
49 71 0.111
49 77 0.164
49 79 0.166
49 80 0.16
49 81 0.176
49 82 0.121
49 87 0.148
49 91 0.165
49 92 0.156
50 94 0.312
50 82 0.146
50 85 0.201
50 95 0.133
50 96 0.185
50 98 0.257
50 54 0.165
50 57 0.113
50 58 0.185
50 59 0.178
50 60 0.185
50 72 0.191
50 74 0.163
50 76 0.195
50 78 0.158
50 79 0.142
50 89 0.138
51 89 0.133
51 96 0.173
51 59 0.173
51 68 0.145
51 77 0.157
51 81 0.225
51 83 0.147
51 85 0.102
51 87 0.235
51 94 0.124
51 53 0.195
51 57 0.166
51 58 0.111
51 61 0.152
51 62 0.132
51 64 0.135
51 67 0.125
51 69 0.141
51 70 0.12
51 91 0.123
51 93 0.113
51 95 0.211
51 97 0.129
52 54 0.557
52 68 0.178
52 79 0.149
52 82 0.18
52 87 0.186
52 89 0.102
52 93 0.308
52 56 0.127
52 58 0.135
52 66 0.143
52 69 0.189
52 71 0.13
52 73 0.13
52 75 0.2
52 84 0.137
52 91 0.147
52 96 0.095
52 97 0.133
52 99 0.136
53 70 0.576
53 91 0.193
53 75 0.215
53 56 0.207
53 67 0.143
53 73 0.136
53 98 0.164
53 54 0.094
53 59 0.184
53 63 0.234
53 64 0.134
53 77 0.113
53 79 0.147
53 80 0.15
53 81 0.152
53 82 0.176
53 85 0.207
53 90 0.193
53 92 0.131
54 62 0.079
54 58 0.224
54 55 0.13
54 57 0.066
54 66 0.134
54 70 0.204
54 72 0.151
54 91 0.185
54 56 0.133
54 63 0.154
54 64 0.123
54 73 0.127
54 74 0.1
54 75 0.155
54 77 0.168
54 81 0.112
54 82 0.166
54 87 0.137
54 90 0.168
54 97 0.175
55 83 0.136
55 59 0.132
55 61 0.21
55 63 0.163
55 71 0.07
55 73 0.254
55 94 0.2
55 96 0.186
55 56 0.131
55 64 0.182
55 65 0.167
55 67 0.169
55 75 0.193
55 77 0.156
55 78 0.142
55 79 0.135
55 85 0.148
55 87 0.198
55 90 0.102
55 97 0.152
55 98 0.115
56 90 0.391
56 61 0.407
56 72 0.263
56 79 0.123
56 84 0.018
56 87 0.149
56 57 0.172
56 59 0.156
56 66 0.163
56 67 0.182
56 68 0.13
56 69 0.151
56 75 0.168
56 81 0.112
56 83 0.112
56 85 0.175
56 88 0.145
56 91 0.113
56 93 0.166
56 94 0.208
56 95 0.165
56 96 0.177
56 97 0.184
56 98 0.172
57 82 1
57 63 0.141
57 65 0.215
57 68 0.344
57 61 0.016
57 64 0.129
57 75 0.178
57 60 0.187
57 66 0.188
57 76 0.133
57 78 0.157
57 79 0.207
57 85 0.174
57 87 0.124
57 88 0.133
57 97 0.138
57 99 0.175
58 94 1
58 65 0.122
58 80 0.075
58 90 0.145
58 62 0.151
58 63 0.141
58 66 0.192
58 70 0.146
58 72 0.161
58 75 0.191
58 76 0.125
58 81 0.173
58 86 0.13
58 88 0.131
58 91 0.136
58 92 0.118
58 93 0.109
58 96 0.169
59 74 0.665
59 62 0.138
59 64 0.147
59 70 0.192
59 93 0.08
59 97 0.177
59 60 0.128
59 61 0.191
59 63 0.113
59 65 0.143
59 71 0.11
59 78 0.162
59 80 0.124
59 84 0.175
59 85 0.164
59 88 0.174
59 91 0.121
59 96 0.122
59 99 0.189
60 63 0.588
60 65 0.624
60 77 0.968
60 99 0.148
60 79 0.114
60 62 0.166
60 64 0.131
60 68 0.138
60 70 0.113
60 72 0.154
60 73 0.137
60 74 0.149
60 78 0.166
60 82 0.107
60 85 0.13
60 96 0.086
60 98 0.142
61 70 0.64
61 64 0.197
61 65 0.133
61 75 0.216
61 78 0.151
61 82 0.148
61 94 0.111
61 69 0.141
61 72 0.185
61 76 0.174
61 83 0.141
61 85 0.144
61 86 0.123
61 89 0.157
61 90 0.067
61 97 0.093
61 98 0.121
62 95 1
62 94 0.625
62 72 0.287
62 78 0.243
62 63 0.147
62 81 0.151
62 89 0.03
62 91 0.141
62 98 0.102
62 64 0.161
62 65 0.178
62 67 0.101
62 68 0.149
62 74 0.149
62 77 0.15
62 83 0.131
62 85 0.191
62 88 0.181
62 93 0.144
62 97 0.171
63 70 0.942
63 65 0.172
63 74 0.204
63 94 0.068
63 90 0.128
63 98 0.159
63 66 0.148
63 77 0.186
63 82 0.147
63 84 0.115
63 87 0.161
63 88 0.13
63 91 0.09
63 95 0.139
63 99 0.107
64 67 0.181
64 86 0.134
64 89 0.098
64 90 0.183
64 93 0.155
64 70 0.14
64 77 0.151
64 78 0.154
64 79 0.144
64 80 0.165
64 82 0.182
64 83 0.107
64 95 0.159
64 98 0.21
64 99 0.124
65 75 0.617
65 96 0.858
65 85 0.108
65 70 0.16
65 97 0.226
65 69 0.157
65 73 0.133
65 79 0.151
65 81 0.078
65 83 0.137
65 91 0.127
65 92 0.182
65 99 0.185
66 78 1
66 88 0.233
66 72 0.224
66 74 0.135
66 81 0.131
66 87 0.167
66 99 0.157
66 67 0.196
66 68 0.143
66 70 0.159
66 71 0.147
66 73 0.168
66 75 0.13
66 76 0.136
66 80 0.169
66 83 0.148
66 85 0.111
66 92 0.158
66 96 0.132
66 97 0.139
66 98 0.132
67 83 0.631
67 73 0.195
67 85 0.274
67 69 0.093
67 71 0.176
67 72 0.116
67 75 0.172
67 77 0.147
67 81 0.122
67 87 0.102
67 88 0.216
67 89 0.202
67 91 0.148
67 97 0.107
67 98 0.113
67 99 0.121
68 85 0.415
68 69 0.083
68 95 0.166
68 70 0.124
68 73 0.179
68 78 0.109
68 81 0.163
68 82 0.164
68 83 0.13
68 84 0.192
68 89 0.127
68 91 0.155
68 92 0.225
68 96 0.154
68 98 0.148
69 94 0.209
69 70 0.251
69 71 0.146
69 76 0.152
69 78 0.134
69 79 0.121
69 91 0.11
69 95 0.144
69 96 0.181
69 97 0.145
69 98 0.152
70 80 0.517
70 89 0.202
70 92 0.132
70 82 0.165
70 75 0.136
70 78 0.132
70 79 0.15
70 83 0.101
70 90 0.124
70 93 0.14
70 99 0.175
71 84 0.941
71 78 0.057
71 99 0.183
71 74 0.117
71 75 0.115
71 79 0.135
71 82 0.152
71 83 0.11
71 89 0.164
71 93 0.135
71 96 0.166
72 95 0.548
72 91 0.169
72 74 0.116
72 75 0.255
72 82 0.103
72 84 0.143
72 86 0.095
72 87 0.098
72 92 0.162
72 93 0.159
72 94 0.168
72 97 0.105
72 98 0.144
72 99 0.115
73 90 0.227
73 93 0.288
73 75 0.179
73 77 0.165
73 85 0.183
73 88 0.18
73 95 0.158
73 98 0.148
73 76 0.185
73 78 0.184
73 83 0.152
73 84 0.106
73 89 0.162
73 92 0.154
74 93 0.278
74 96 0.116
74 80 0.151
74 81 0.104
74 76 0.182
74 78 0.126
74 86 0.135
74 89 0.164
74 90 0.155
74 91 0.088
74 95 0.141
74 97 0.151
74 98 0.17
75 79 0.149
75 80 0.117
75 91 0.127
75 77 0.154
75 82 0.141
75 84 0.181
75 94 0.164
75 96 0.163
75 98 0.087
75 99 0.127
76 80 0.172
76 90 0.183
76 79 0.19
76 81 0.101
76 82 0.163
76 85 0.108
76 86 0.12
76 89 0.162
76 94 0.16
76 96 0.189
76 99 0.129
77 80 0.713
77 86 0.067
77 79 0.133
77 97 0.283
77 87 0.189
77 89 0.119
77 90 0.17
77 93 0.127
77 95 0.077
78 90 0.058
78 86 0.109
78 89 0.058
78 82 0.159
78 87 0.195
78 99 0.183
78 88 0.149
78 91 0.134
78 95 0.156
78 97 0.157
78 98 0.093
79 91 0.22
79 80 0.127
79 82 0.151
79 84 0.134
79 85 0.13
79 88 0.133
79 93 0.135
79 96 0.169
79 99 0.158
80 95 0.685
80 90 0.206
80 84 0.276
80 81 0.104
80 82 0.129
80 85 0.157
80 88 0.176
80 94 0.149
80 99 0.155
81 96 0.854
81 86 0.719
81 99 0.2
81 87 0.101
81 88 0.202
81 91 0.135
81 94 0.198
82 85 0.022
82 99 0.197
82 86 0.142
82 87 0.143
82 88 0.108
82 96 0.101
82 98 0.175
83 93 0.143
83 86 0.181
83 99 0.099
83 85 0.119
83 88 0.166
83 91 0.159
84 92 0.344
84 93 0.15
84 85 0.066
84 91 0.105
84 88 0.151
84 95 0.205
84 98 0.163
84 99 0.157
85 89 0.16
85 86 0.174
85 87 0.21
85 92 0.203
85 93 0.156
85 88 0.135
85 94 0.163
85 97 0.126
86 97 0.185
86 87 0.108
86 89 0.145
86 94 0.098
86 99 0.104
87 93 0.697
87 90 0.956
87 95 0.306
87 88 0.098
87 92 0.187
87 94 0.189
87 96 0.16
87 97 0.087
87 98 0.1
88 93 0.213
88 95 0.149
88 96 0.22
88 91 0.218
88 94 0.219
88 98 0.154
89 91 0.154
89 94 0.156
89 96 0.165
89 98 0.194
89 99 0.163
90 91 0.142
90 92 0.138
90 93 0.189
90 94 0.184
90 95 0.173
90 98 0.186
91 92 0.183
91 94 0.154
91 98 0.138
92 97 0.176
92 93 0.164
92 94 0.174
92 95 0.089
92 96 0.091
93 97 0.149
93 98 0.151
93 99 0.139
95 97 0.149
95 99 0.175
96 99 0.156
