0 7 0.23
0 8 0.515
0 11 0.906
0 14 0.765
0 18 1
0 22 0.933
0 27 0.619
0 35 0.224
0 44 0.644
0 46 0.958
0 49 0.499
0 53 0.405
0 56 0.218
0 58 0.418
0 59 0.741
0 60 1
0 65 0.97
0 67 0.808
0 73 0.594
0 74 0.151
0 82 0.137
0 83 0.452
0 84 0.703
0 85 0.934
0 86 0.076
0 91 1
0 99 0.286
0 2 0.834
0 3 0.534
0 9 0.178
0 12 0.684
0 30 1.0
0 32 0.538
0 38 0.805
0 45 0.336
0 51 0.295
0 55 1
0 63 0.399
0 80 0.737
0 93 0.29
0 94 0.521
0 28 0.817
0 42 0.518
0 96 0.914
0 21 0.538
0 87 0.613
0 69 0.447
0 34 0.709
0 97 0.622
0 31 0.636
0 10 0.721
0 40 0.308
0 26 0.522
0 20 0.334
0 43 0.469
0 15 0.951
0 61 0.549
0 41 0.559
0 66 0.012
0 88 0.304
0 47 0.142
0 29 0.326
0 1 0.506
0 6 0.309
0 52 0.524
0 19 0.358
0 25 0.29
0 57 0.889
0 77 0.235
0 5 0.391
0 76 0.474
0 90 0.335
0 48 0.394
0 37 0.551
0 4 0.832
0 33 0.671
0 92 0.412
0 54 0.073
0 17 0.293
0 71 0.05
0 78 0.149
0 81 0.314
0 13 0.468
0 95 0.099
0 62 0.131
0 64 0.303
0 75 0.078
0 24 0.238
0 89 0.136
0 16 0.255
0 72 0.109
0 79 0.202
0 36 0.133
0 68 0.189
0 23 0.143
0 39 0.162
0 50 0.151
0 70 0.214
0 98 0.093
1 3 0.662
1 4 0.126
1 9 0.697
1 10 0.659
1 12 0.763
1 15 0.726
1 18 0.748
1 19 0.654
1 21 0.842
1 22 0.722
1 23 0.701
1 26 0.774
1 27 0.71
1 29 0.016
1 31 0.637
1 32 0.001
1 33 0.836
1 37 0.971
1 39 0.381
1 45 0.687
1 47 0.127
1 50 0.747
1 52 0.72
1 54 0.692
1 56 0.524
1 58 1
1 59 0.488
1 62 0.504
1 64 1
1 66 0.584
1 71 0.509
1 74 0.902
1 76 0.747
1 79 0.573
1 80 0.863
1 82 0.881
1 84 0.963
1 85 0.459
1 87 0.27
1 90 0.661
1 93 0.41
1 94 0.321
1 97 0.126
1 99 0.568
1 7 0.469
1 25 0.679
1 28 0.834
1 35 0.287
1 53 0.846
1 63 0.725
1 78 0.989
1 81 0.662
1 89 0.664
1 92 1
1 96 0.97
1 13 0.565
1 40 0.765
1 95 0.861
1 48 0.922
1 61 0.543
1 30 1
1 49 0.947
1 17 0.54
1 5 0.347
1 67 0.026
1 16 0.049
1 65 0.714
1 46 0.437
1 75 0.452
1 36 0.359
1 60 0.695
1 20 0.142
1 34 0.542
1 83 0.117
1 11 0.93
1 70 0.114
1 2 0.368
1 98 0.46
1 8 0.156
1 44 0.133
1 91 0.01
1 51 0.319
1 68 0.746
1 77 0.154
1 41 0.125
1 6 0.188
1 57 0.35
1 69 0.252
1 55 0.076
1 86 0.056
1 88 0.153
1 38 0.209
1 43 0.18
1 72 0.147
1 73 0.01
1 14 0.136
1 42 0.189
2 3 0.569
2 7 0.157
2 9 0.997
2 14 0.506
2 20 1
2 21 0.923
2 25 0.546
2 27 1
2 28 0.892
2 30 0.594
2 31 1
2 32 0.35
2 33 0.746
2 35 0.707
2 37 0.97
2 38 0.869
2 43 0.724
2 46 0.629
2 47 0.867
2 49 0.784
2 50 0.481
2 51 0.957
2 56 0.947
2 58 0.895
2 60 0.697
2 61 0.772
2 65 0.685
2 66 0.366
2 68 0.656
2 69 0.995
2 70 0.973
2 71 0.427
2 72 0.992
2 73 0.297
2 74 0.868
2 77 0.129
2 81 0.69
2 82 0.589
2 84 0.444
2 87 0.392
2 89 0.498
2 92 0.61
2 94 0.604
2 95 0.14
2 96 0.385
2 97 1
2 8 0.43
2 10 0.933
2 12 0.771
2 19 0.733
2 26 0.624
2 29 0.89
2 85 0.457
2 91 0.269
2 63 0.425
2 40 0.231
2 86 0.747
2 90 0.455
2 45 0.602
2 48 0.226
2 13 0.238
2 11 0.963
2 78 0.396
2 6 0.001
2 39 0.718
2 34 0.477
2 18 0.663
2 44 0.035
2 4 0.646
2 24 0.944
2 53 0.871
2 22 0.467
2 16 0.277
2 88 0.747
2 57 0.536
2 79 0.267
2 36 0.053
2 17 0.693
2 15 0.315
2 42 0.795
2 75 0.44
2 83 0.753
2 67 0.437
2 41 0.323
2 54 0.382
2 98 0.444
2 76 0.274
2 62 0.173
2 23 0.278
2 59 0.223
2 55 0.101
2 80 0.208
2 99 0.142
2 52 0.293
2 64 0.048
2 93 0.076
3 5 0.145
3 7 0.571
3 8 0.135
3 13 0.344
3 14 0.208
3 18 0.856
3 20 1
3 21 0.278
3 22 0.248
3 29 0.978
3 30 0.649
3 36 0.558
3 37 0.756
3 38 0.411
3 39 0.667
3 40 0.153
3 41 0.66
3 45 0.297
3 52 0.462
3 59 0.781
3 60 0.471
3 65 0.434
3 68 0.702
3 70 0.638
3 73 0.194
3 74 0.653
3 76 1
3 77 0.989
3 80 0.628
3 82 0.744
3 85 0.715
3 87 0.209
3 90 0.819
3 92 1
3 93 0.656
3 95 1
3 97 0.633
3 4 0.223
3 27 0.456
3 53 0.506
3 69 0.394
3 71 0.686
3 96 0.511
3 98 1
3 34 0.473
3 46 0.313
3 61 0.431
3 89 0.108
3 12 0.562
3 31 0.356
3 81 0.285
3 83 0.534
3 44 0.372
3 75 0.536
3 6 1
3 24 0.972
3 15 0.948
3 17 0.911
3 25 0.498
3 23 0.471
3 66 1
3 72 0.694
3 62 0.527
3 10 0.298
3 48 0.927
3 91 0.204
3 99 0.162
3 94 0.704
3 43 0.549
3 50 0.637
3 63 0.201
3 78 0.564
3 28 0.088
3 58 0.461
3 84 0.199
3 49 0.288
3 19 0.289
3 64 0.456
3 26 0.305
3 32 0.337
3 56 0.707
3 51 0.543
3 54 0.417
3 57 0.446
3 16 0.275
3 88 0.125
3 11 0.11
3 35 0.125
3 42 0.027
3 67 0.196
3 86 0.123
3 79 0.271
3 9 0.327
3 55 0.042
3 33 0.193
3 47 0.135
4 5 0.241
4 7 0.168
4 9 0.633
4 11 0.853
4 14 0.396
4 17 0.534
4 27 0.789
4 28 0.293
4 30 0.962
4 37 0.725
4 38 0.131
4 40 0.857
4 41 0.997
4 43 0.994
4 47 0.447
4 48 1
4 49 0.589
4 53 0.586
4 54 0.375
4 60 1
4 74 0.527
4 79 0.98
4 80 0.826
4 81 0.604
4 83 0.137
4 85 0.608
4 86 0.638
4 91 0.3
4 93 0.697
4 96 0.943
4 97 0.581
4 12 0.246
4 19 0.292
4 46 1
4 50 0.406
4 52 0.477
4 56 0.823
4 61 0.561
4 62 0.521
4 65 1
4 69 0.445
4 72 0.359
4 75 0.91
4 95 0.69
4 98 0.482
4 31 0.268
4 36 0.309
4 77 0.697
4 44 0.498
4 33 0.376
4 92 0.548
4 10 0.34
4 24 0.981
4 34 0.223
4 55 0.592
4 15 0.658
4 29 0.418
4 51 0.239
4 70 0.678
4 42 0.249
4 57 0.229
4 22 0.561
4 23 1
4 78 0.632
4 8 1
4 13 0.414
4 35 0.17
4 6 0.829
4 18 0.376
4 64 0.437
4 73 0.243
4 84 0.36
4 16 0.329
4 82 0.064
4 94 0.7
4 21 0.543
4 26 0.225
4 32 0.455
4 68 0.063
4 71 0.413
4 58 0.098
4 87 0.657
4 25 0.142
4 66 0.331
4 39 0.352
4 76 0.211
4 90 0.069
4 88 0.341
4 20 0.159
4 63 0.226
4 67 0.213
4 45 0.16
4 59 0.137
4 99 0.164
4 89 0.112
5 6 0.126
5 7 0.704
5 8 0.393
5 9 0.938
5 10 0.924
5 11 0.626
5 15 0.714
5 18 0.566
5 20 0.658
5 22 0.599
5 25 0.383
5 26 0.911
5 27 0.527
5 28 0.959
5 33 0.493
5 37 0.717
5 38 0.503
5 39 1
5 40 0.001
5 43 0.269
5 44 0.551
5 47 1
5 48 0.494
5 49 0.525
5 50 0.859
5 54 0.329
5 55 0.662
5 56 0.707
5 58 0.582
5 59 0.551
5 60 0.599
5 61 0.468
5 62 0.267
5 64 0.587
5 67 0.978
5 69 0.968
5 71 0.642
5 74 0.735
5 76 0.592
5 78 0.959
5 80 0.859
5 85 0.436
5 87 0.484
5 90 0.638
5 92 0.255
5 95 0.344
5 96 0.642
5 24 0.93
5 45 0.408
5 53 1
5 81 0.244
5 94 0.996
5 97 0.933
5 32 0.27
5 21 0.476
5 65 0.299
5 72 0.883
5 98 0.466
5 66 0.686
5 30 0.288
5 36 0.648
5 41 0.277
5 89 0.233
5 99 0.152
5 42 0.641
5 46 0.33
5 57 0.213
5 17 0.551
5 29 0.401
5 13 0.072
5 63 0.745
5 52 0.284
5 73 0.713
5 84 0.674
5 70 0.377
5 23 0.027
5 14 0.635
5 77 0.209
5 82 0.362
5 19 0.133
5 51 0.482
5 16 0.143
5 68 0.223
5 75 0.188
5 93 0.103
5 31 0.529
5 34 0.377
5 35 0.238
5 83 0.215
5 79 0.071
5 88 0.072
5 12 0.458
5 86 0.13
5 91 0.199
6 13 0.561
6 15 0.124
6 18 0.991
6 20 0.983
6 21 0.219
6 25 0.351
6 30 0.707
6 32 0.882
6 38 1
6 39 0.678
6 42 0.51
6 48 0.41
6 54 0.53
6 55 0.674
6 56 0.244
6 59 0.563
6 61 1
6 62 0.923
6 70 0.802
6 71 0.342
6 77 0.418
6 81 0.386
6 83 0.357
6 88 0.642
6 89 1
6 92 0.384
6 94 0.502
6 96 0.781
6 97 0.611
6 10 0.702
6 12 0.997
6 19 0.382
6 40 0.98
6 46 0.378
6 51 0.904
6 67 0.81
6 69 0.315
6 78 0.818
6 86 0.637
6 91 0.042
6 8 1
6 11 0.129
6 31 0.511
6 75 0.923
6 23 0.651
6 60 0.206
6 95 0.626
6 98 0.652
6 99 0.348
6 68 1
6 79 0.721
6 90 0.251
6 33 0.9
6 22 0.22
6 52 0.595
6 64 0.911
6 41 0.257
6 74 0.368
6 34 0.177
6 36 0.118
6 87 0.133
6 14 0.458
6 84 0.825
6 27 0.138
6 29 0.556
6 44 0.447
6 43 0.163
6 45 0.114
6 24 0.652
6 58 0.352
6 47 0.18
6 72 0.358
6 7 0.044
6 16 0.33
6 28 0.317
6 66 0.407
6 35 0.099
6 57 0.094
6 17 0.183
6 37 0.351
6 26 0.16
6 53 0.538
6 82 0.109
6 80 0.089
6 9 0.17
6 65 0.458
6 49 0.199
6 76 0.089
6 93 0.089
6 50 0.432
6 63 0.233
6 85 0.12
6 73 0.129
7 9 0.85
7 10 0.574
7 13 0.805
7 15 0.737
7 16 1
7 18 0.935
7 19 0.023
7 20 0.721
7 21 0.963
7 22 0.06
7 24 0.717
7 28 0.615
7 31 0.333
7 33 0.582
7 34 0.903
7 35 0.689
7 38 0.532
7 39 0.639
7 45 0.976
7 48 0.917
7 51 0.874
7 52 0.096
7 54 0.917
7 59 0.811
7 60 0.05
7 63 0.772
7 68 0.636
7 69 1
7 70 0.188
7 72 0.951
7 74 0.46
7 82 0.966
7 85 0.983
7 96 0.55
7 97 0.407
7 98 1
7 8 0.751
7 12 0.175
7 27 0.195
7 40 0.582
7 42 0.426
7 43 1
7 49 0.689
7 50 0.495
7 56 0.55
7 62 1
7 64 0.163
7 65 0.429
7 79 0.663
7 99 0.285
7 29 0.914
7 36 0.475
7 61 0.642
7 46 0.944
7 55 0.813
7 89 0.547
7 17 0.232
7 90 0.247
7 23 0.287
7 77 0.47
7 57 0.392
7 87 0.502
7 47 0.409
7 53 0.382
7 25 0.307
7 80 0.076
7 32 0.552
7 26 0.631
7 41 0.796
7 11 0.519
7 75 0.358
7 91 0.797
7 78 0.588
7 92 0.273
7 37 0.014
7 58 0.717
7 66 0.272
7 76 0.12
7 83 0.125
7 93 0.935
7 14 0.124
7 81 0.175
7 84 0.459
7 30 0.178
7 44 0.053
7 73 0.189
7 94 0.33
7 71 0.253
7 88 0.214
7 67 0.134
7 95 0.11
8 11 0.797
8 15 0.925
8 17 0.662
8 24 0.649
8 25 0.85
8 26 0.613
8 27 0.42
8 28 0.824
8 29 0.991
8 31 0.823
8 34 0.396
8 36 0.831
8 39 0.506
8 43 0.462
8 47 0.891
8 49 0.909
8 52 0.12
8 53 0.362
8 55 1
8 56 1
8 58 0.983
8 60 0.854
8 64 1
8 67 0.806
8 70 0.733
8 76 0.855
8 77 0.692
8 79 0.746
8 80 0.579
8 82 0.468
8 83 0.344
8 87 0.685
8 88 0.666
8 95 0.573
8 97 0.936
8 98 0.407
8 14 0.294
8 21 0.404
8 33 0.416
8 54 0.358
8 57 0.436
8 72 0.504
8 84 0.41
8 89 1
8 32 0.713
8 50 0.515
8 40 0.881
8 44 0.775
8 46 0.645
8 12 1
8 38 0.86
8 73 0.162
8 37 0.908
8 99 0.191
8 23 0.306
8 75 0.084
8 69 0.277
8 65 0.337
8 68 0.143
8 13 0.557
8 74 0.173
8 92 0.706
8 93 0.259
8 18 0.246
8 20 0.154
8 85 0.451
8 66 0.697
8 86 0.686
8 19 0.412
8 94 0.381
8 59 0.386
8 45 0.18
8 81 0.037
8 9 0.07
8 63 0.035
8 71 0.183
8 41 0.35
8 62 0.057
8 42 0.371
8 90 0.031
8 16 0.179
8 91 0.284
8 96 0.125
8 30 0.129
8 48 0.128
8 61 0.202
8 10 0.202
8 78 0.328
8 22 0.136
8 51 0.143
8 35 0.147
9 18 0.115
9 22 0.782
9 23 0.653
9 28 0.997
9 32 0.687
9 33 0.822
9 35 0.798
9 37 0.473
9 38 0.95
9 40 0.719
9 43 0.624
9 44 0.812
9 48 0.206
9 49 0.716
9 51 0.649
9 52 0.278
9 56 0.372
9 57 0.69
9 62 1
9 63 0.575
9 65 0.485
9 66 0.809
9 70 0.782
9 71 0.715
9 73 0.445
9 81 0.607
9 82 0.975
9 85 0.51
9 86 0.841
9 88 1
9 89 0.223
9 92 0.473
9 94 0.33
9 96 0.929
9 97 0.423
9 98 1
9 20 0.47
9 27 0.748
9 41 0.547
9 53 0.714
9 55 0.637
9 76 0.592
9 79 0.215
9 84 0.349
9 21 1
9 39 0.694
9 68 0.899
9 99 0.343
9 17 0.181
9 77 0.765
9 11 0.909
9 36 0.427
9 45 0.857
9 87 0.565
9 50 0.319
9 69 0.03
9 74 0.236
9 93 0.241
9 46 0.649
9 90 0.628
9 12 0.214
9 16 0.435
9 14 0.17
9 19 0.17
9 75 0.56
9 10 0.7
9 15 0.041
9 24 0.252
9 25 0.54
9 60 0.503
9 34 0.319
9 58 0.03
9 54 0.486
9 64 0.544
9 13 0.399
9 30 0.357
9 47 0.233
9 61 0.365
9 26 0.171
9 59 0.098
9 78 0.296
9 80 0.168
9 31 0.438
9 83 0.159
9 95 0.467
9 42 0.154
9 91 0.197
9 29 0.364
9 67 0.13
9 72 0.042
10 13 0.405
10 14 0.52
10 18 0.702
10 19 0.555
10 24 0.606
10 27 0.906
10 31 0.75
10 36 0.159
10 38 1
10 39 0.51
10 42 0.154
10 49 0.582
10 50 0.818
10 53 0.781
10 54 0.672
10 56 0.407
10 57 0.873
10 58 1
10 60 1
10 64 0.716
10 67 0.254
10 70 0.883
10 72 0.928
10 75 0.414
10 78 0.21
10 87 0.703
10 88 0.922
10 89 0.653
10 92 0.28
10 99 0.834
10 12 0.784
10 28 0.353
10 63 0.852
10 66 0.353
10 74 0.619
10 76 0.903
10 84 0.363
10 94 0.879
10 98 0.797
10 51 0.361
10 44 0.369
10 21 0.675
10 65 0.937
10 59 0.849
10 71 0.937
10 93 0.038
10 80 0.257
10 22 0.831
10 85 0.486
10 43 0.434
10 83 0.937
10 86 0.73
10 23 0.973
10 48 0.324
10 30 0.087
10 62 0.728
10 34 0.528
10 55 0.186
10 97 0.481
10 90 0.685
10 68 1
10 91 0.396
10 95 0.167
10 26 0.54
10 61 0.583
10 82 0.039
10 32 0.445
10 40 0.059
10 73 0.184
10 29 0.242
10 37 0.596
10 45 0.125
10 20 0.223
10 96 0.562
10 11 0.546
10 77 0.135
10 35 0.398
10 33 0.578
10 81 0.253
10 41 0.34
10 16 0.301
10 25 0.505
10 47 0.402
10 69 0.039
10 17 0.144
10 52 0.163
10 79 0.219
10 15 0.159
10 46 0.204
11 13 0.311
11 14 0.716
11 15 1
11 23 0.925
11 26 0.745
11 31 0.164
11 38 0.515
11 40 1
11 43 0.986
11 46 0.626
11 47 0.569
11 48 0.385
11 50 0.724
11 51 1
11 54 0.597
11 57 0.985
11 61 1
11 67 0.404
11 71 0.941
11 72 0.219
11 78 0.514
11 80 0.483
11 82 0.59
11 83 1
11 87 0.974
11 89 0.785
11 91 0.727
11 94 0.864
11 98 0.087
11 99 0.523
11 16 0.593
11 20 0.791
11 24 1
11 29 0.932
11 42 0.367
11 56 0.109
11 58 0.686
11 63 0.472
11 65 0.865
11 66 0.34
11 81 0.495
11 88 0.964
11 34 0.581
11 77 0.621
11 35 0.977
11 39 0.04
11 55 0.159
11 69 0.924
11 28 0.275
11 37 0.831
11 90 0.468
11 32 0.036
11 33 0.738
11 53 0.254
11 93 0.574
11 64 0.595
11 25 0.547
11 96 0.294
11 27 0.408
11 95 0.066
11 41 0.745
11 45 0.715
11 17 0.673
11 44 0.132
11 30 0.072
11 86 0.615
11 97 0.886
11 76 0.414
11 52 0.218
11 21 0.341
11 70 0.691
11 68 0.036
11 19 0.273
11 22 0.306
11 62 0.547
11 60 0.468
11 74 0.022
11 12 0.068
11 79 0.263
11 73 0.102
11 49 0.199
11 75 0.288
11 85 0.009
11 18 0.209
11 84 0.215
11 36 0.145
11 59 0.154
11 92 0.125
12 16 0.434
12 21 0.152
12 28 0.035
12 29 0.397
12 35 1
12 36 0.471
12 39 0.213
12 40 1
12 42 0.845
12 43 1
12 50 0.173
12 51 0.665
12 54 0.292
12 63 0.074
12 64 0.281
12 65 0.994
12 67 0.737
12 70 0.843
12 74 0.343
12 76 1
12 78 0.965
12 80 0.793
12 82 1
12 85 1
12 92 0.716
12 95 0.722
12 14 0.349
12 15 0.616
12 18 0.34
12 25 0.291
12 32 0.88
12 37 0.506
12 57 0.881
12 68 0.355
12 75 1
12 97 0.881
12 99 0.801
12 58 0.228
12 44 0.678
12 33 0.998
12 60 0.354
12 69 0.8
12 46 0.135
12 53 0.204
12 55 0.894
12 96 0.298
12 23 0.481
12 73 0.407
12 38 0.385
12 22 0.296
12 34 0.285
12 56 0.596
12 89 0.45
12 84 0.135
12 87 0.78
12 19 0.738
12 72 0.522
12 79 0.058
12 83 0.788
12 88 0.591
12 62 0.26
12 24 0.428
12 17 0.557
12 91 0.144
12 90 0.174
12 98 0.331
12 31 0.262
12 41 0.68
12 13 0.098
12 66 0.336
12 20 0.362
12 27 0.678
12 48 0.24
12 93 0.33
12 45 0.233
12 71 0.232
12 81 0.039
12 47 0.228
12 59 0.365
12 30 0.088
12 52 0.184
12 61 0.145
12 77 0.135
12 26 0.142
12 49 0.136
12 86 0.141
12 94 0.152
13 18 1
13 20 0.748
13 23 0.877
13 31 0.652
13 32 0.569
13 34 0.508
13 36 0.332
13 37 0.82
13 49 1
13 51 0.719
13 55 0.836
13 60 0.386
13 61 0.742
13 65 0.459
13 70 0.546
13 74 0.577
13 77 0.269
13 85 0.858
13 87 0.428
13 91 0.952
13 95 0.691
13 96 0.246
13 98 0.792
13 99 0.207
13 35 0.884
13 41 0.642
13 42 0.453
13 52 0.699
13 56 0.797
13 57 0.365
13 58 0.512
13 62 0.618
13 67 0.463
13 68 1
13 40 0.341
13 45 0.914
13 33 0.941
13 44 0.728
13 89 0.353
13 64 0.68
13 78 1
13 50 0.266
13 59 0.283
13 88 0.425
13 72 0.629
13 79 0.401
13 97 0.395
13 14 0.142
13 24 0.652
13 66 0.186
13 84 0.391
13 21 0.632
13 86 0.755
13 15 0.771
13 39 0.447
13 47 0.057
13 25 0.331
13 54 0.053
13 19 0.227
13 48 0.368
13 75 0.604
13 46 0.296
13 83 0.403
13 38 0.183
13 22 0.971
13 71 0.163
13 76 0.331
13 17 0.066
13 73 0.429
13 80 0.112
13 90 0.315
13 81 0.032
13 16 0.251
13 26 0.465
13 53 0.272
13 30 0.125
13 27 0.432
13 63 0.244
13 69 0.527
13 28 0.143
13 92 0.208
13 93 0.254
13 94 0.05
13 29 0.177
13 43 0.108
13 82 0.101
14 15 0.673
14 18 0.482
14 19 0.747
14 21 0.684
14 27 0.524
14 29 0.741
14 33 0.629
14 46 0.66
14 47 0.616
14 54 0.137
14 58 0.661
14 59 0.799
14 61 1.0
14 66 0.311
14 68 0.556
14 73 1
14 75 0.529
14 78 0.873
14 80 0.196
14 81 0.274
14 83 0.24
14 84 0.423
14 87 0.279
14 89 0.744
14 92 0.454
14 95 0.103
14 96 0.414
14 22 0.222
14 34 0.6
14 44 0.097
14 49 1
14 53 0.482
14 56 0.432
14 57 0.38
14 62 1
14 64 0.026
14 69 0.944
14 70 0.828
14 79 0.771
14 90 0.324
14 94 0.318
14 97 1
14 98 1
14 76 1
14 86 0.687
14 88 0.558
14 65 0.178
14 85 0.962
14 99 0.112
14 26 0.227
14 31 0.517
14 45 0.265
14 51 0.597
14 77 0.234
14 25 0.762
14 52 0.602
14 55 0.866
14 38 1
14 93 0.913
14 39 0.595
14 48 0.53
14 42 0.457
14 74 0.31
14 91 0.159
14 72 0.515
14 60 0.194
14 40 0.308
14 67 0.312
14 32 0.661
14 28 0.52
14 36 0.708
14 71 0.29
14 30 0.515
14 35 0.611
14 50 0.618
14 17 0.145
14 37 0.099
14 20 0.148
14 82 0.195
14 16 0.018
14 63 0.126
14 41 0.117
14 43 0.068
14 23 0.152
15 17 0.839
15 20 0.629
15 25 0.924
15 32 1
15 34 0.818
15 37 0.29
15 38 0.562
15 43 0.676
15 46 0.941
15 47 0.256
15 49 0.544
15 50 0.168
15 53 0.372
15 56 0.85
15 57 0.572
15 58 0.852
15 59 0.742
15 62 0.708
15 68 0.424
15 69 0.429
15 73 0.6
15 76 1
15 77 0.592
15 80 0.425
15 83 0.924
15 85 0.932
15 86 0.431
15 88 0.735
15 89 0.719
15 90 1
15 91 0.916
15 95 1
15 96 0.217
15 97 0.869
15 98 0.379
15 19 0.876
15 28 0.805
15 39 0.201
15 42 0.601
15 44 0.912
15 45 0.549
15 54 1
15 55 0.787
15 72 0.85
15 81 0.476
15 93 1
15 18 0.649
15 78 0.036
15 63 0.941
15 30 0.428
15 41 0.749
15 66 0.455
15 29 0.227
15 26 0.872
15 87 0.139
15 33 0.386
15 48 0.134
15 52 0.198
15 60 0.316
15 92 0.668
15 22 0.294
15 94 0.623
15 84 1
15 40 0.131
15 16 0.126
15 99 0.053
15 31 0.67
15 67 0.209
15 70 0.418
15 51 0.073
15 79 0.668
15 82 0.196
15 64 0.186
15 65 0.096
15 24 0.34
15 71 0.207
15 21 0.195
15 75 0.307
15 23 0.264
15 74 0.329
15 36 0.006
15 35 0.461
15 27 0.159
15 61 0.129
16 17 0.413
16 19 0.618
16 20 0.58
16 21 0.628
16 22 0.926
16 23 0.4
16 24 0.975
16 26 0.37
16 27 0.775
16 30 0.76
16 35 1
16 38 0.891
16 39 0.305
16 40 1
16 43 0.378
16 44 1
16 46 0.689
16 47 0.889
16 48 0.787
16 49 0.699
16 50 0.437
16 54 0.837
16 55 0.948
16 62 0.45
16 66 0.728
16 69 0.835
16 72 1
16 73 0.01
16 75 0.841
16 76 0.232
16 80 0.254
16 81 0.194
16 86 0.672
16 87 0.376
16 89 0.753
16 93 0.892
16 98 0.786
16 99 0.817
16 33 0.81
16 36 0.688
16 45 0.592
16 52 0.56
16 53 0.237
16 67 0.883
16 82 0.361
16 84 0.448
16 92 0.957
16 37 0.741
16 29 0.818
16 65 0.897
16 57 0.621
16 77 0.198
16 34 0.544
16 28 0.148
16 70 0.046
16 56 0.154
16 58 0.922
16 59 0.956
16 90 0.883
16 25 0.534
16 78 0.36
16 88 0.349
16 42 0.969
16 31 0.142
16 68 0.554
16 85 1
16 32 0.514
16 18 0.625
16 97 0.162
16 60 0.725
16 83 0.242
16 95 0.082
16 79 0.478
16 41 0.216
16 96 0.161
16 64 0.123
16 63 0.109
16 91 0.031
16 71 0.226
16 51 0.157
16 74 0.17
16 61 0.19
16 94 0.152
17 18 0.605
17 20 1
17 21 1
17 23 0.847
17 24 0.979
17 26 0.95
17 27 0.606
17 28 1
17 31 0.547
17 32 1
17 34 0.882
17 37 0.851
17 39 0.431
17 40 0.645
17 41 0.772
17 44 0.385
17 46 1
17 48 0.773
17 51 0.561
17 52 0.525
17 62 0.801
17 65 0.258
17 67 0.497
17 69 0.478
17 72 0.92
17 75 0.183
17 76 0.631
17 80 0.494
17 84 0.943
17 86 0.809
17 87 0.031
17 93 1
17 97 0.432
17 47 0.954
17 55 0.923
17 56 0.711
17 58 0.389
17 63 0.859
17 73 0.532
17 78 0.148
17 85 0.831
17 90 0.311
17 61 0.552
17 89 0.988
17 64 0.548
17 92 0.697
17 30 0.663
17 98 0.709
17 91 0.332
17 70 0.413
17 79 0.336
17 54 0.811
17 94 0.74
17 35 0.273
17 36 0.481
17 53 0.691
17 68 0.78
17 25 0.19
17 45 0.142
17 43 0.521
17 99 0.084
17 81 0.137
17 29 0.613
17 77 0.369
17 71 0.202
17 19 0.082
17 50 0.579
17 38 0.5
17 74 0.076
17 33 0.35
17 42 0.353
17 88 0.34
17 49 0.185
17 66 0.276
17 83 0.247
17 22 0.132
17 57 0.179
17 96 0.168
17 59 0.184
17 60 0.134
17 82 0.204
17 95 0.19
18 20 0.218
18 21 0.67
18 26 0.33
18 28 0.663
18 33 0.767
18 39 0.708
18 42 0.747
18 44 0.614
18 49 0.329
18 52 0.661
18 55 1
18 57 0.329
18 58 0.718
18 65 0.593
18 66 0.479
18 70 0.309
18 71 0.615
18 72 0.544
18 73 0.299
18 76 0.794
18 81 1
18 82 0.566
18 83 0.922
18 85 0.189
18 86 0.276
18 87 0.227
18 90 0.853
18 94 0.119
18 96 1
18 23 0.108
18 31 0.11
18 38 0.575
18 51 0.359
18 59 0.723
18 67 0.569
18 79 0.129
18 88 0.851
18 95 0.651
18 99 0.749
18 75 0.492
18 80 0.138
18 54 0.175
18 74 0.492
18 60 0.863
18 32 0.566
18 46 0.049
18 43 0.369
18 68 1
18 84 0.387
18 24 0.744
18 63 0.601
18 34 0.331
18 27 0.871
18 97 0.451
18 48 0.45
18 62 0.305
18 19 0.71
18 35 0.326
18 89 0.059
18 37 0.167
18 40 0.902
18 64 0.462
18 30 0.219
18 41 0.225
18 69 0.757
18 93 0.406
18 98 0.128
18 53 0.351
18 77 0.262
18 78 0.007
18 36 0.301
18 45 0.186
18 61 0.438
18 92 0.008
18 22 0.268
18 91 0.107
18 50 0.149
18 56 0.176
18 25 0.145
18 29 0.153
18 47 0.105
19 20 0.617
19 26 0.608
19 30 0.933
19 32 0.562
19 35 0.916
19 37 0.267
19 41 0.853
19 43 0.539
19 47 0.938
19 51 0.706
19 56 0.9
19 58 0.49
19 61 0.297
19 62 0.51
19 71 0.859
19 72 0.773
19 74 0.921
19 76 0.866
19 81 0.292
19 82 0.042
19 83 1
19 85 0.646
19 86 0.782
19 87 0.886
19 89 0.973
19 90 0.431
19 92 0.896
19 94 0.876
19 95 0.95
19 96 0.61
19 98 0.376
19 99 1
19 31 0.274
19 46 0.757
19 49 0.514
19 53 0.762
19 64 0.329
19 65 0.718
19 68 0.422
19 78 0.806
19 28 0.709
19 91 0.283
19 57 0.588
19 39 0.752
19 84 0.504
19 23 0.449
19 54 0.902
19 59 0.317
19 80 0.35
19 44 0.303
19 67 0.516
19 33 0.329
19 25 0.473
19 60 0.109
19 63 0.358
19 93 0.153
19 88 0.277
19 48 0.752
19 55 0.757
19 45 0.715
19 24 0.407
19 38 0.424
19 27 0.473
19 22 0.936
19 34 0.272
19 66 0.504
19 52 0.049
19 97 0.103
19 73 0.363
19 21 0.274
19 40 0.201
19 42 0.334
19 77 0.229
19 36 0.414
19 69 0.309
19 70 0.099
19 75 0.3
19 50 0.055
19 29 0.167
19 79 0.106
20 21 0.343
20 22 0.203
20 26 0.656
20 28 0.814
20 29 0.84
20 30 0.582
20 31 0.501
20 32 0.362
20 34 0.543
20 38 0.94
20 40 0.523
20 41 1
20 44 0.27
20 48 0.227
20 50 0.798
20 53 0.975
20 54 0.736
20 58 0.896
20 59 0.6
20 60 1
20 65 0.626
20 67 0.279
20 71 0.746
20 73 0.348
20 76 0.197
20 79 0.794
20 81 0.405
20 84 0.667
20 88 0.906
20 89 0.777
20 91 0.598
20 96 0.643
20 97 0.554
20 24 0.941
20 27 0.246
20 47 0.504
20 57 0.463
20 62 0.348
20 66 0.63
20 68 0.585
20 69 0.878
20 74 0.233
20 90 0.152
20 93 0.18
20 37 0.531
20 72 0.168
20 49 0.098
20 70 0.847
20 52 0.433
20 98 0.808
20 85 0.387
20 61 0.768
20 55 0.573
20 42 0.077
20 86 0.745
20 77 0.211
20 56 0.074
20 46 0.755
20 83 0.644
20 36 0.21
20 39 0.164
20 25 0.487
20 94 0.599
20 51 0.259
20 92 0.286
20 23 0.974
20 82 0.023
20 80 0.104
20 87 0.107
20 63 0.099
20 99 0.343
20 33 0.537
20 78 0.297
20 35 0.104
20 45 0.174
20 43 0.161
20 75 0.118
20 64 0.129
20 95 0.151
21 26 0.473
21 28 0.63
21 30 0.883
21 31 0.562
21 33 0.937
21 35 0.281
21 37 0.552
21 38 1
21 47 0.832
21 48 0.36
21 49 0.71
21 50 0.613
21 52 0.414
21 53 0.926
21 55 0.492
21 56 0.887
21 59 1
21 64 0.947
21 66 0.618
21 68 0.523
21 75 1
21 76 0.439
21 78 0.385
21 80 0.189
21 81 0.289
21 83 0.926
21 85 0.578
21 87 1
21 89 0.408
21 91 0.404
21 92 0.831
21 34 0.985
21 42 0.514
21 58 0.896
21 62 0.888
21 63 1
21 69 0.768
21 70 0.436
21 74 0.689
21 77 0.802
21 90 0.627
21 93 0.64
21 95 0.868
21 96 0.328
21 71 0.086
21 98 0.453
21 25 0.689
21 45 0.501
21 88 0.627
21 43 0.932
21 23 0.531
21 54 0.816
21 67 0.911
21 73 0.752
21 97 0.318
21 94 0.371
21 44 0.577
21 82 0.759
21 86 0.626
21 36 0.362
21 39 0.136
21 29 0.646
21 51 0.517
21 40 0.348
21 24 0.616
21 72 0.133
21 22 0.163
21 65 0.363
21 61 0.389
21 60 0.544
21 99 0.034
21 57 0.235
21 84 0.263
21 27 0.228
21 32 0.067
21 46 0.066
21 41 0.13
21 79 0.174
22 23 0.811
22 24 0.795
22 25 0.578
22 26 0.409
22 27 0.958
22 30 0.939
22 41 1
22 44 0.485
22 45 0.25
22 47 0.662
22 50 0.528
22 52 0.236
22 58 0.841
22 62 0.94
22 63 1
22 64 0.886
22 66 0.939
22 67 0.924
22 68 0.56
22 72 0.606
22 75 1
22 82 0.233
22 84 0.509
22 89 0.468
22 91 0.844
22 93 0.858
22 94 0.626
22 98 0.368
22 99 0.812
22 29 0.902
22 46 0.764
22 55 0.104
22 65 0.352
22 70 0.578
22 85 0.327
22 92 0.702
22 95 1
22 96 0.36
22 33 0.609
22 42 1
22 28 0.233
22 53 0.847
22 77 0.805
22 76 0.135
22 90 0.515
22 61 0.281
22 97 0.355
22 39 0.217
22 59 0.584
22 74 0.073
22 56 1
22 34 0.478
22 49 0.455
22 43 0.472
22 57 0.455
22 87 1
22 32 1
22 37 1
22 78 0.632
22 36 0.375
22 35 0.237
22 81 0.336
22 31 0.83
22 83 0.159
22 71 0.665
22 80 0.242
22 51 0.518
22 86 0.233
22 79 0.169
22 38 0.128
22 60 0.336
22 69 0.304
22 73 0.233
22 40 0.159
22 54 0.303
22 48 0.207
22 88 0.119
23 25 0.36
23 27 0.381
23 32 0.234
23 36 0.899
23 37 0.645
23 43 0.646
23 44 0.974
23 46 1
23 47 0.174
23 49 0.198
23 59 0.128
23 61 0.803
23 62 0.783
23 65 0.545
23 67 0.368
23 68 0.487
23 70 0.093
23 74 0.503
23 90 0.706
23 94 0.977
23 96 0.598
23 34 0.344
23 39 0.959
23 40 0.802
23 50 0.731
23 51 0.706
23 52 0.52
23 54 0.172
23 75 0.58
23 81 0.571
23 87 0.972
23 88 0.586
23 77 0.71
23 78 0.128
23 83 0.767
23 95 0.316
23 53 0.952
23 80 0.044
23 86 0.343
23 33 0.079
23 45 0.821
23 64 0.2
23 38 0.451
23 28 0.073
23 30 0.852
23 93 0.103
23 29 0.201
23 56 0.697
23 26 0.379
23 72 0.828
23 58 0.096
23 98 0.086
23 73 0.56
23 48 0.294
23 82 0.132
23 89 0.363
23 35 0.359
23 99 0.269
23 63 0.741
23 84 0.729
23 31 0.11
23 91 0.32
23 69 0.096
23 92 0.452
23 41 0.219
23 71 0.095
23 85 0.193
23 42 0.183
23 55 0.275
23 79 0.159
23 97 0.075
23 66 0.254
23 76 0.174
23 24 0.175
23 57 0.178
23 60 0.167
24 29 0.413
24 33 0.654
24 38 0.996
24 39 0.609
24 40 0.059
24 41 0.668
24 42 0.892
24 44 0.911
24 45 0.275
24 46 0.591
24 47 0.761
24 50 0.784
24 55 0.929
24 60 0.68
24 65 0.341
24 67 0.574
24 71 0.615
24 78 0.901
24 82 0.199
24 84 0.473
24 86 1
24 88 0.377
24 89 0.49
24 92 0.799
24 93 0.749
24 94 1
24 83 0.862
24 85 0.3
24 96 0.47
24 99 0.057
24 53 0.291
24 91 1
24 59 1
24 32 0.265
24 37 0.157
24 25 0.887
24 73 0.652
24 35 0.839
24 72 0.315
24 30 0.501
24 54 0.488
24 34 0.376
24 76 0.988
24 31 0.189
24 68 0.453
24 70 0.412
24 87 0.356
24 27 0.26
24 58 0.174
24 97 0.486
24 49 0.655
24 74 0.217
24 79 0.86
24 66 0.259
24 90 0.083
24 43 0.214
24 36 0.239
24 81 0.227
24 98 0.521
24 57 0.044
24 77 0.298
24 80 0.007
24 26 0.04
24 48 0.187
24 51 0.248
24 52 0.167
24 56 0.044
24 75 0.189
24 69 0.162
24 28 0.074
24 61 0.161
24 64 0.085
24 95 0.105
24 62 0.181
24 63 0.136
25 27 0.837
25 28 0.594
25 30 0.714
25 36 0.575
25 37 0.269
25 40 0.601
25 42 1
25 44 0.84
25 45 0.362
25 47 0.143
25 48 1
25 51 0.847
25 54 0.628
25 56 0.608
25 57 0.691
25 64 0.362
25 65 0.791
25 69 0.889
25 70 0.789
25 71 0.198
25 77 0.63
25 78 1
25 79 0.746
25 81 0.196
25 82 0.786
25 89 0.803
25 91 1
25 93 0.156
25 95 0.346
25 96 0.394
25 29 0.619
25 35 1
25 52 1
25 53 0.603
25 60 0.426
25 62 0.704
25 80 0.24
25 94 0.035
25 99 0.794
25 46 0.589
25 26 0.811
25 63 0.295
25 43 0.252
25 58 0.594
25 38 0.336
25 92 0.975
25 72 0.448
25 98 0.569
25 68 0.673
25 73 0.025
25 50 0.887
25 55 0.231
25 87 0.423
25 34 0.431
25 86 0.084
25 31 0.353
25 32 0.256
25 84 0.238
25 97 0.605
25 75 0.437
25 85 0.541
25 39 0.389
25 67 0.475
25 88 0.674
25 61 0.361
25 90 0.097
25 83 0.616
25 49 0.024
25 66 0.151
25 41 0.13
25 59 0.068
25 33 0.133
25 74 0.057
25 76 0.111
26 32 0.837
26 37 1
26 39 0.906
26 41 0.441
26 42 0.951
26 43 0.755
26 44 0.462
26 45 0.656
26 49 0.492
26 52 0.891
26 57 0.455
26 62 0.246
26 66 0.828
26 69 0.473
26 70 0.743
26 79 0.217
26 83 0.678
26 92 0.256
26 93 1
26 95 1
26 99 0.246
26 33 0.301
26 35 0.25
26 51 0.225
26 65 0.944
26 74 0.255
26 80 0.757
26 98 0.852
26 48 0.805
26 86 0.428
26 94 0.774
26 64 0.429
26 63 0.365
26 91 0.569
26 47 0.13
26 29 0.927
26 60 0.542
26 50 0.713
26 75 0.937
26 46 0.452
26 30 0.047
26 31 0.576
26 38 0.514
26 76 0.293
26 97 0.054
26 96 0.149
26 90 0.03
26 84 0.214
26 28 0.69
26 53 0.649
26 34 0.681
26 54 0.468
26 82 0.572
26 73 0.123
26 89 0.307
26 77 0.071
26 27 0.411
26 71 0.086
26 78 0.73
26 81 0.161
26 87 0.157
26 40 0.212
26 61 0.263
26 67 0.046
26 72 0.098
26 56 0.415
26 58 0.383
26 36 0.121
26 88 0.017
26 68 0.176
26 55 0.165
26 59 0.185
26 85 0.165
27 28 0.545
27 34 0.436
27 37 0.367
27 41 0.522
27 43 0.095
27 44 0.543
27 47 0.638
27 49 0.219
27 54 0.754
27 58 0.744
27 61 0.212
27 64 1
27 65 0.638
27 72 0.72
27 73 0.193
27 79 0.977
27 90 0.648
27 91 0.58
27 94 0.963
27 95 0.245
27 51 0.774
27 55 0.245
27 71 0.428
27 77 0.012
27 80 0.292
27 82 0.825
27 83 0.485
27 85 0.383
27 88 0.503
27 96 0.841
27 99 0.542
27 66 0.108
27 67 0.398
27 78 0.891
27 89 0.716
27 63 0.15
27 32 0.348
27 46 0.638
27 98 0.285
27 42 0.211
27 53 0.434
27 75 0.973
27 30 0.37
27 93 0.878
27 52 0.323
27 70 0.385
27 56 0.558
27 39 0.421
27 74 0.104
27 35 0.608
27 59 0.281
27 60 0.452
27 33 0.3
27 97 0.31
27 36 0.188
27 57 0.324
27 62 0.482
27 29 0.345
27 48 0.739
27 31 0.254
27 38 0.14
27 50 0.111
27 40 0.254
27 69 0.362
27 92 0.268
27 76 0.095
27 81 0.051
27 45 0.171
27 68 0.158
27 84 0.152
27 86 0.117
27 87 0.194
28 30 0.851
28 36 0.816
28 37 0.133
28 38 0.711
28 39 0.779
28 42 0.707
28 44 0.692
28 49 0.72
28 52 1
28 53 0.924
28 56 0.52
28 57 0.168
28 59 0.772
28 61 0.594
28 63 0.454
28 70 0.697
28 72 1
28 73 0.451
28 75 0.661
28 78 0.227
28 79 1
28 80 0.873
28 85 0.886
28 86 0.298
28 95 0.69
28 97 0.807
28 32 0.686
28 40 0.197
28 58 0.192
28 66 0.221
28 67 0.439
28 68 0.845
28 71 0.345
28 77 1
28 88 0.463
28 90 1
28 98 0.518
28 33 0.479
28 62 0.187
28 83 0.421
28 74 0.32
28 87 0.838
28 41 0.513
28 47 0.441
28 82 0.182
28 45 0.611
28 51 0.515
28 65 0.362
28 92 0.374
28 84 0.493
28 96 0.524
28 64 0.479
28 81 1
28 99 0.636
28 46 0.17
28 60 0.257
28 50 0.31
28 69 0.376
28 94 0.166
28 91 0.26
28 48 0.442
28 31 0.028
28 54 0.011
28 55 0.477
28 29 0.004
28 89 0.366
28 35 0.23
28 43 0.271
28 34 0.156
28 76 0.164
28 93 0.126
29 30 0.145
29 31 0.935
29 33 0.512
29 34 0.503
29 38 0.369
29 39 0.869
29 40 0.649
29 47 0.176
29 49 0.528
29 52 0.253
29 54 0.674
29 56 1
29 58 0.372
29 59 0.205
29 60 0.629
29 63 0.582
29 64 1.0
29 65 0.397
29 66 0.861
29 67 0.956
29 68 0.659
29 73 0.267
29 75 0.262
29 76 0.662
29 80 0.911
29 84 0.947
29 86 0.397
29 87 0.943
29 88 0.857
29 91 0.472
29 93 0.723
29 94 0.447
29 95 0.876
29 42 0.524
29 44 0.243
29 45 0.157
29 46 0.404
29 61 0.91
29 62 0.887
29 79 0.609
29 85 0.944
29 90 0.836
29 96 0.665
29 99 0.137
29 36 0.745
29 55 0.246
29 72 0.374
29 50 0.527
29 53 0.778
29 83 0.447
29 32 1
29 92 0.817
29 98 0.466
29 37 0.118
29 51 0.307
29 69 0.245
29 70 0.448
29 35 0.35
29 81 0.133
29 71 0.552
29 74 0.238
29 82 0.016
29 41 0.4
29 89 0.49
29 97 0.614
29 43 0.04
29 57 0.137
29 48 0.374
29 78 0.013
29 77 0.033
30 34 0.847
30 35 0.311
30 39 0.31
30 42 0.495
30 45 0.942
30 47 0.801
30 51 0.376
30 55 1
30 57 0.791
30 58 0.441
30 60 0.525
30 62 0.327
30 66 0.643
30 70 1
30 71 0.513
30 75 0.774
30 86 1
30 87 0.8
30 89 0.654
30 90 0.689
30 91 0.216
30 92 0.488
30 95 0.061
30 99 0.728
30 31 0.705
30 37 0.822
30 63 0.253
30 68 0.616
30 84 0.689
30 65 0.645
30 64 0.43
30 78 0.752
30 98 0.5
30 69 1.0
30 54 0.947
30 43 0.155
30 73 0.576
30 83 0.926
30 40 0.051
30 52 0.115
30 77 0.126
30 44 0.987
30 74 0.598
30 32 0.97
30 82 0.291
30 97 0.663
30 56 0.148
30 94 0.372
30 72 0.25
30 33 0.159
30 41 0.546
30 88 0.64
30 85 0.953
30 93 0.715
30 76 0.142
30 53 0.292
30 67 0.241
30 36 0.256
30 50 0.304
30 96 0.266
30 49 0.184
30 38 0.319
30 46 0.374
30 48 0.223
30 81 0.526
30 79 0.55
30 80 0.453
30 59 0.258
30 61 0.173
31 35 0.319
31 36 0.751
31 37 0.492
31 39 0.748
31 44 0.855
31 45 0.855
31 55 0.147
31 56 0.291
31 59 0.616
31 60 0.826
31 62 0.502
31 64 0.559
31 65 0.831
31 66 0.49
31 68 0.25
31 72 0.867
31 73 0.929
31 74 0.769
31 76 0.754
31 77 0.819
31 78 0.454
31 88 0.26
31 91 0.485
31 94 0.79
31 96 0.07
31 97 0.51
31 99 0.405
31 47 0.982
31 58 0.809
31 80 0.379
31 87 0.427
31 63 0.905
31 85 0.632
31 49 0.826
31 98 0.276
31 43 0.372
31 38 1
31 54 0.681
31 57 0.388
31 61 0.302
31 46 0.269
31 52 0.263
31 71 0.482
31 34 0.308
31 82 0.584
31 40 0.469
31 86 0.324
31 83 0.381
31 42 0.276
31 90 0.707
31 48 0.379
31 33 0.188
31 51 0.008
31 81 0.227
31 84 0.064
31 93 0.586
31 50 0.034
31 67 0.118
31 70 0.167
31 89 0.101
31 53 0.373
31 79 0.088
31 92 0.036
31 32 0.216
31 41 0.117
31 75 0.187
31 69 0.136
31 95 0.122
32 33 0.99
32 34 0.78
32 35 0.517
32 36 0.209
32 37 0.365
32 46 0.054
32 48 0.421
32 57 1
32 58 0.293
32 59 0.401
32 60 0.628
32 61 0.453
32 63 1
32 64 1
32 65 0.57
32 67 0.831
32 74 1
32 79 0.38
32 81 0.762
32 82 0.787
32 84 0.91
32 85 0.752
32 87 1
32 91 0.035
32 94 0.866
32 95 0.816
32 98 1
32 40 1
32 43 0.266
32 47 0.821
32 56 0.664
32 69 0.372
32 71 0.669
32 73 0.649
32 62 1
32 68 0.427
32 42 0.623
32 93 0.911
32 51 0.946
32 70 0.85
32 75 0.363
32 92 0.526
32 53 0.015
32 83 0.531
32 90 0.566
32 49 1
32 41 1
32 39 1
32 96 0.389
32 54 0.692
32 77 0.294
32 78 0.293
32 50 0.489
32 52 0.42
32 44 0.651
32 99 0.393
32 55 0.361
32 72 0.225
32 76 0.596
32 66 0.332
32 45 0.196
32 88 0.385
32 38 0.035
32 89 0.219
32 80 0.18
32 86 0.143
32 97 0.155
33 38 0.743
33 40 0.375
33 41 0.957
33 43 0.229
33 44 0.558
33 46 0.963
33 47 0.878
33 50 0.732
33 51 0.338
33 53 0.638
33 54 0.475
33 57 0.099
33 59 0.512
33 61 0.779
33 62 0.733
33 65 0.866
33 66 0.163
33 68 0.434
33 69 0.362
33 73 1
33 76 0.492
33 82 1
33 83 1
33 93 0.838
33 96 0.424
33 98 0.456
33 37 0.651
33 45 0.187
33 49 0.846
33 55 0.225
33 80 0.243
33 85 0.76
33 95 0.79
33 97 0.645
33 39 0.324
33 60 0.682
33 94 0.371
33 99 0.542
33 74 0.553
33 35 0.031
33 87 1
33 72 0.31
33 75 0.675
33 84 0.355
33 91 0.234
33 48 0.186
33 64 0.617
33 78 0.408
33 81 0.804
33 88 0.406
33 34 0.62
33 67 0.011
33 89 0.135
33 71 0.261
33 36 0.097
33 42 0.559
33 56 0.053
33 70 0.307
33 79 0.17
33 58 0.255
33 63 0.034
33 77 0.056
33 52 0.264
33 86 0.128
33 90 0.175
33 92 0.079
34 42 0.355
34 43 0.845
34 44 0.974
34 47 0.832
34 48 0.707
34 49 0.176
34 50 0.634
34 54 0.298
34 57 0.952
34 61 1
34 63 0.968
34 64 0.301
34 65 1
34 67 0.681
34 70 0.467
34 72 0.749
34 76 0.777
34 80 0.813
34 82 0.847
34 84 0.674
34 87 0.585
34 88 0.867
34 89 0.481
34 90 1
34 92 0.184
34 96 0.098
34 98 0.887
34 99 1
34 39 0.853
34 59 0.256
34 77 0.139
34 95 0.659
34 81 0.145
34 37 0.297
34 55 0.325
34 83 0.243
34 93 0.7
34 69 0.631
34 97 0.325
34 36 0.614
34 46 0.718
34 52 0.164
34 58 0.22
34 51 0.904
34 74 0.12
34 68 0.298
34 56 0.355
34 79 0.472
34 85 0.278
34 91 0.27
34 40 0.023
34 66 0.207
34 45 0.304
34 62 0.338
34 78 0.646
34 60 0.26
34 86 0.109
34 41 0.152
34 73 0.491
34 38 0.053
34 75 0.103
34 94 0.109
34 53 0.063
34 71 0.075
34 35 0.153
35 36 0.747
35 42 0.978
35 44 0.312
35 45 0.805
35 46 0.574
35 47 0.783
35 49 0.221
35 50 0.697
35 51 0.909
35 52 1
35 61 0.356
35 62 0.278
35 68 0.394
35 69 0.447
35 72 0.296
35 73 0.546
35 76 0.577
35 77 0.711
35 79 0.78
35 82 1
35 83 0.651
35 86 0.701
35 88 1
35 89 1
35 92 0.741
35 93 0.673
35 96 0.296
35 40 0.665
35 53 0.446
35 54 0.471
35 58 0.934
35 63 1
35 85 0.757
35 37 0.351
35 87 0.639
35 99 0.242
35 78 0.719
35 84 0.718
35 67 0.508
35 90 0.562
35 59 0.345
35 98 0.432
35 70 0.503
35 39 0.052
35 57 0.499
35 56 0.197
35 64 0.27
35 75 0.238
35 95 0.045
35 65 0.219
35 41 0.405
35 97 0.16
35 43 0.291
35 94 0.288
35 38 0.269
35 48 0.174
35 60 0.182
35 66 0.292
35 91 0.405
35 71 0.091
35 80 0.06
35 55 0.059
35 81 0.17
35 74 0.179
36 38 0.837
36 40 0.81
36 49 0.786
36 52 1
36 54 0.906
36 69 0.99
36 70 0.769
36 71 0.337
36 77 0.414
36 78 0.978
36 79 0.318
36 83 0.813
36 86 0.751
36 88 0.28
36 89 1
36 94 0.933
36 97 0.591
36 45 0.697
36 48 1
36 61 0.844
36 74 0.368
36 81 0.551
36 98 0.634
36 50 0.601
36 62 0.753
36 58 0.47
36 57 0.577
36 93 0.853
36 60 0.751
36 51 1
36 59 0.609
36 75 0.673
36 64 1
36 55 0.412
36 66 0.629
36 84 0.892
36 56 0.027
36 82 0.633
36 92 0.223
36 46 0.512
36 73 0.564
36 67 0.358
36 37 0.037
36 42 0.008
36 87 0.032
36 76 0.144
36 91 0.22
36 63 0.173
36 80 0.344
36 99 0.222
36 41 0.064
36 43 0.403
36 68 0.272
36 72 0.439
36 85 0.143
36 44 0.154
36 65 0.183
36 90 0.137
36 96 0.176
36 39 0.223
36 47 0.173
36 53 0.195
36 95 0.129
37 42 0.454
37 44 0.668
37 48 0.94
37 49 0.956
37 59 0.367
37 60 0.308
37 65 0.952
37 66 0.735
37 68 0.597
37 70 0.754
37 76 0.378
37 77 0.28
37 82 0.687
37 84 0.487
37 88 0.146
37 89 0.757
37 92 0.313
37 96 0.972
37 97 0.839
37 99 1
37 40 0.87
37 41 0.351
37 43 0.876
37 46 1
37 50 0.554
37 51 0.55
37 52 0.642
37 54 0.846
37 57 0.483
37 63 0.376
37 87 0.783
37 94 0.744
37 73 1
37 93 0.874
37 56 0.755
37 45 0.6
37 61 0.977
37 64 0.328
37 71 1
37 81 0.044
37 90 0.328
37 38 0.101
37 78 0.367
37 62 0.541
37 98 0.421
37 79 0.031
37 47 0.527
37 55 0.216
37 67 0.248
37 75 0.479
37 85 0.889
37 91 0.206
37 39 0.041
37 95 0.223
37 58 0.109
37 74 0.035
37 80 0.195
37 86 0.193
37 72 0.197
37 83 0.342
37 53 0.155
37 69 0.191
38 41 0.494
38 44 0.547
38 45 0.78
38 47 0.987
38 50 0.269
38 52 1
38 56 0.996
38 59 0.891
38 60 0.143
38 65 0.109
38 66 0.431
38 67 0.908
38 69 0.228
38 75 1
38 76 0.702
38 78 0.149
38 79 0.006
38 81 0.981
38 83 0.313
38 84 0.364
38 85 0.482
38 87 1
38 89 0.95
38 96 0.632
38 97 0.314
38 99 1
38 46 0.128
38 57 0.217
38 74 0.164
38 77 0.546
38 91 0.73
38 98 0.418
38 73 0.425
38 80 0.201
38 90 0.131
38 92 0.661
38 39 0.866
38 51 0.188
38 64 0.766
38 55 0.322
38 94 0.395
38 48 0.866
38 63 0.121
38 93 0.322
38 53 0.209
38 42 0.217
38 68 0.292
38 70 0.277
38 58 0.538
38 82 0.277
38 49 0.572
38 88 0.312
38 62 0.02
38 71 0.244
38 72 0.274
38 40 0.179
38 43 0.027
38 86 0.132
38 95 0.072
38 54 0.142
38 61 0.142
39 40 0.857
39 43 0.878
39 45 0.772
39 47 0.397
39 52 0.247
39 54 0.976
39 55 0.933
39 58 0.276
39 60 0.955
39 61 0.965
39 66 0.973
39 68 1
39 69 0.521
39 71 0.924
39 75 0.088
39 77 0.427
39 83 0.291
39 85 1
39 86 0.564
39 89 0.957
39 96 0.762
39 53 0.477
39 72 0.154
39 73 0.453
39 84 0.185
39 87 0.387
39 44 0.386
39 65 0.651
39 98 0.747
39 50 0.203
39 57 1
39 64 0.223
39 79 0.471
39 92 0.434
39 90 0.409
39 51 0.338
39 56 0.624
39 99 0.105
39 95 0.258
39 88 0.542
39 91 0.726
39 48 0.087
39 82 0.282
39 49 0.131
39 80 1
39 93 0.403
39 74 0.877
39 41 0.332
39 59 0.751
39 81 0.357
39 42 0.04
39 62 0.156
39 94 0.134
39 63 0.179
39 76 0.296
39 46 0.433
39 67 0.225
39 78 0.177
39 97 0.146
40 42 0.89
40 53 0.344
40 62 0.42
40 63 0.794
40 64 0.83
40 65 0.655
40 68 0.647
40 71 0.66
40 72 0.705
40 77 0.856
40 79 0.349
40 84 0.796
40 86 0.624
40 87 0.404
40 88 1
40 89 0.365
40 90 0.672
40 91 1
40 92 0.863
40 93 0.532
40 94 0.165
40 95 0.78
40 98 0.338
40 41 0.239
40 66 0.421
40 73 0.821
40 81 0.435
40 96 0.909
40 97 0.762
40 69 0.752
40 43 0.401
40 45 0.66
40 49 0.948
40 67 0.767
40 57 0.633
40 51 0.55
40 48 0.348
40 82 0.842
40 58 1
40 61 0.749
40 59 0.317
40 52 0.77
40 78 0.548
40 55 0.274
40 46 0.681
40 54 0.765
40 50 0.24
40 70 0.372
40 74 0.324
40 83 0.471
40 99 0.13
40 56 0.34
40 75 0.009
40 60 0.168
40 44 0.402
40 76 0.2
40 80 0.04
40 47 0.173
41 42 0.001
41 44 0.663
41 48 0.517
41 49 0.406
41 54 0.977
41 57 0.973
41 60 1
41 63 0.699
41 68 1
41 70 0.976
41 71 0.28
41 77 0.662
41 78 0.566
41 80 0.302
41 85 1
41 87 0.541
41 88 0.181
41 92 0.387
41 93 0.796
41 94 0.211
41 43 0.795
41 52 0.342
41 56 0.366
41 69 0.512
41 58 0.947
41 79 0.863
41 86 0.185
41 59 0.265
41 61 0.752
41 67 0.83
41 81 0.164
41 98 0.563
41 45 0.149
41 64 0.331
41 76 0.432
41 50 0.67
41 74 0.687
41 51 0.285
41 53 0.377
41 65 0.176
41 72 0.386
41 83 0.183
41 66 0.547
41 89 0.514
41 82 0.233
41 91 0.289
41 97 0.049
41 46 0.047
41 99 0.262
41 84 0.044
41 96 0.118
41 47 0.162
41 73 0.102
41 62 0.213
41 90 0.384
41 95 0.319
41 55 0.224
41 75 0.131
42 45 0.212
42 47 0.796
42 48 0.767
42 49 0.524
42 53 0.877
42 56 0.942
42 58 0.829
42 59 0.579
42 60 0.906
42 72 0.824
42 79 0.499
42 80 0.485
42 84 0.91
42 85 0.36
42 86 0.667
42 90 0.391
42 94 0.505
42 95 0.831
42 97 0.912
42 44 0.797
42 51 0.632
42 54 0.809
42 62 0.34
42 63 0.405
42 98 0.486
42 88 0.737
42 75 0.56
42 66 1
42 77 0.659
42 50 0.642
42 76 0.636
42 67 0.764
42 78 0.703
42 93 0.377
42 99 0.427
42 70 0.39
42 46 0.474
42 74 0.251
42 69 0.411
42 68 0.262
42 71 0.45
42 96 0.066
42 87 0.607
42 64 0.611
42 89 0.052
42 61 0.154
42 82 0.051
42 57 0.564
42 83 0.016
42 52 0.237
42 65 0.273
42 73 0.206
42 55 0.185
42 43 0.304
42 81 0.239
42 91 0.348
42 92 0.317
43 44 0.422
43 45 0.786
43 46 0.736
43 48 0.502
43 49 0.898
43 52 1
43 55 0.999
43 56 0.29
43 57 0.37
43 58 0.644
43 64 0.197
43 65 0.861
43 66 0.361
43 72 0.63
43 79 0.933
43 84 1
43 85 0.805
43 90 0.981
43 91 0.099
43 92 0.595
43 98 0.949
43 54 0.525
43 63 0.505
43 67 0.267
43 68 0.421
43 70 0.529
43 77 0.405
43 82 0.973
43 87 0.907
43 71 0.434
43 86 0.38
43 59 0.414
43 53 0.468
43 69 0.919
43 76 0.285
43 81 0.916
43 74 0.55
43 83 0.393
43 78 0.575
43 51 0.474
43 88 0.413
43 61 0.192
43 96 0.164
43 97 0.166
43 75 0.137
43 95 0.224
43 73 0.259
43 60 0.552
43 80 0.052
43 93 0.446
43 89 0.102
43 50 0.302
43 99 0.233
43 47 0.203
43 62 0.241
43 94 0.121
44 54 0.964
44 55 0.745
44 56 0.632
44 57 0.278
44 59 0.464
44 64 0.86
44 65 0.758
44 68 0.349
44 76 1
44 82 0.128
44 84 1
44 85 0.435
44 87 0.783
44 88 0.831
44 93 0.428
44 95 0.369
44 96 0.064
44 98 0.385
44 99 0.338
44 66 0.33
44 69 0.653
44 72 0.853
44 74 0.542
44 77 0.595
44 90 0.622
44 94 0.941
44 48 0.476
44 50 0.593
44 63 0.831
44 67 0.687
44 97 0.464
44 62 0.203
44 92 0.924
44 80 0.28
44 61 0.544
44 83 0.132
44 86 0.741
44 78 0.353
44 60 0.319
44 81 0.433
44 89 0.836
44 52 0.104
44 45 0.234
44 58 0.313
44 53 0.832
44 75 0.034
44 79 0.219
44 71 0.219
44 47 0.142
44 49 0.221
44 70 0.238
44 51 0.228
44 73 0.279
44 46 0.169
44 91 0.124
45 50 0.494
45 51 0.306
45 53 0.903
45 54 0.733
45 58 0.4
45 59 0.9
45 65 0.513
45 67 0.295
45 68 0.578
45 71 0.5
45 73 0.509
45 74 0.973
45 76 0.38
45 80 0.305
45 82 0.501
45 85 0.753
45 87 0.98
45 89 0.822
45 90 0.438
45 92 0.345
45 94 0.901
45 99 0.829
45 64 0.937
45 75 0.402
45 81 0.979
45 98 1
45 77 0.476
45 97 0.723
45 52 1
45 57 0.573
45 46 0.093
45 62 0.251
45 69 0.433
45 95 0.255
45 91 1
45 55 0.864
45 61 0.137
45 96 0.365
45 79 0.233
45 72 0.353
45 60 0.924
45 56 0.674
45 63 0.613
45 70 0.372
45 66 0.051
45 48 0.313
45 47 0.169
45 86 0.843
45 83 0.029
45 93 0.42
45 49 0.065
45 84 0.229
45 78 0.128
45 88 0.198
46 47 0.887
46 48 0.407
46 49 0.343
46 50 0.085
46 51 1
46 60 0.85
46 64 0.533
46 65 0.833
46 66 0.282
46 67 0.523
46 69 0.632
46 74 1
46 80 0.69
46 84 0.515
46 85 0.348
46 93 0.253
46 95 1
46 96 0.666
46 55 0.64
46 59 0.805
46 61 0.448
46 77 0.556
46 82 0.099
46 99 1
46 70 0.304
46 89 0.383
46 57 1
46 88 0.301
46 58 0.752
46 97 0.185
46 52 0.315
46 90 0.026
46 73 0.454
46 83 0.115
46 68 0.3
46 56 0.651
46 72 1
46 63 0.743
46 79 0.282
46 76 0.764
46 87 0.227
46 92 0.226
46 78 0.355
46 98 0.351
46 81 0.07
46 86 0.101
46 54 0.209
46 75 0.245
46 91 0.418
46 53 0.179
46 94 0.076
46 62 0.107
46 71 0.106
47 48 0.666
47 50 0.517
47 51 0.117
47 52 0.752
47 53 0.961
47 56 0.755
47 60 0.834
47 62 0.423
47 66 0.975
47 69 0.832
47 70 0.752
47 72 0.736
47 83 0.316
47 84 0.74
47 85 0.957
47 86 0.802
47 87 0.77
47 88 0.859
47 96 0.377
47 99 0.856
47 49 0.691
47 54 0.315
47 63 0.878
47 65 0.654
47 82 1
47 91 0.471
47 93 1
47 94 0.363
47 57 0.726
47 89 0.258
47 80 0.494
47 98 0.447
47 76 0.353
47 74 0.372
47 58 0.535
47 67 0.188
47 64 0.637
47 97 0.395
47 61 0.272
47 79 0.057
47 95 0.389
47 75 0.455
47 68 0.273
47 92 0.251
47 59 0.096
47 90 0.865
47 73 0.154
47 78 0.053
47 77 0.303
47 71 0.007
47 55 0.234
47 81 0.185
48 49 0.396
48 52 0.881
48 54 0.54
48 56 0.137
48 60 0.924
48 63 0.178
48 68 0.432
48 69 0.495
48 72 0.547
48 76 0.711
48 82 0.945
48 85 0.781
48 86 0.015
48 88 0.264
48 89 0.582
48 95 0.985
48 51 0.558
48 64 0.735
48 65 0.067
48 71 0.132
48 75 0.896
48 84 0.91
48 90 0.764
48 91 0.56
48 55 0.16
48 74 0.251
48 73 0.557
48 99 0.329
48 83 0.491
48 94 0.288
48 78 0.621
48 87 0.878
48 96 1
48 58 0.361
48 50 0.592
48 93 0.441
48 98 0.691
48 53 0.11
48 97 0.326
48 59 0.458
48 61 0.659
48 57 0.176
48 66 0.346
48 70 0.131
48 77 0.187
48 81 0.238
48 80 0.094
48 62 0.178
48 67 0.206
48 92 0.171
49 52 0.479
49 54 0.664
49 57 0.543
49 59 0.828
49 60 0.656
49 61 0.914
49 62 0.825
49 64 0.802
49 66 0.796
49 70 0.741
49 74 0.879
49 75 0.839
49 78 0.586
49 85 0.731
49 87 0.471
49 89 0.921
49 90 0.582
49 91 0.515
49 99 0.851
49 51 0.31
49 58 0.314
49 63 0.059
49 65 0.294
49 72 0.952
49 81 0.846
49 83 0.54
49 86 1
49 93 0.866
49 98 0.793
49 56 0.307
49 95 0.812
49 53 0.919
49 68 0.832
49 73 0.482
49 96 0.854
49 71 0.237
49 79 0.388
49 82 0.464
49 88 0.084
49 69 0.277
49 80 0.307
49 76 0.463
49 67 0.596
49 55 0.359
49 94 0.09
49 97 0.202
49 84 0.199
49 92 0.141
49 77 0.172
50 51 0.365
50 56 0.699
50 58 0.814
50 59 0.09
50 60 0.033
50 62 1
50 63 0.804
50 64 0.234
50 66 0.383
50 69 0.526
50 71 0.584
50 72 1
50 74 1
50 77 0.969
50 79 0.791
50 88 0.466
50 67 0.995
50 75 0.326
50 83 0.484
50 84 0.627
50 85 0.817
50 89 0.882
50 70 0.633
50 80 0.86
50 92 0.632
50 73 0.363
50 94 0.381
50 87 0.968
50 61 0.887
50 53 0.932
50 57 0.251
50 93 0.691
50 90 0.312
50 99 0.128
50 65 0.65
50 91 0.611
50 95 0.551
50 98 1
50 52 0.209
50 81 0.619
50 54 0.326
50 76 0.128
50 86 0.504
50 82 0.155
50 96 0.583
50 78 0.244
50 68 0.231
50 97 0.426
50 55 0.295
51 54 0.871
51 55 0.925
51 62 0.701
51 66 0.197
51 67 0.451
51 68 0.747
51 70 0.885
51 73 0.962
51 75 0.707
51 76 0.533
51 79 0.821
51 83 0.699
51 84 0.877
51 85 0.225
51 87 0.75
51 88 0.614
51 96 0.643
51 99 0.384
51 53 0.16
51 59 0.541
51 60 0.727
51 61 0.085
51 77 0.523
51 80 0.437
51 86 0.161
51 95 0.382
51 91 0.359
51 65 0.094
51 56 0.448
51 63 0.887
51 81 1
51 93 0.903
51 94 1
51 98 0.89
51 72 0.978
51 92 0.169
51 57 1
51 90 0.248
51 52 0.47
51 69 0.671
51 78 0.505
51 97 0.009
51 64 0.462
51 82 0.06
51 58 0.259
51 89 0.075
51 71 0.327
51 74 0.206
52 53 0.052
52 54 0.881
52 62 0.707
52 63 0.587
52 67 1
52 69 0.658
52 70 0.818
52 73 0.807
52 78 0.423
52 81 0.52
52 82 0.564
52 84 0.893
52 85 0.839
52 89 0.433
52 90 0.911
52 91 0.494
52 92 0.843
52 96 0.044
52 97 0.621
52 98 0.289
52 99 0.542
52 57 0.392
52 80 0.861
52 86 0.671
52 94 0.689
52 55 0.805
52 88 0.092
52 60 0.853
52 74 0.613
52 95 0.724
52 61 0.212
52 76 1
52 56 0.743
52 87 0.712
52 79 0.865
52 83 0.502
52 77 0.129
52 68 0.899
52 59 0.515
52 93 0.215
52 75 0.424
52 66 0.316
52 71 0.172
52 72 0.354
52 65 0.076
52 64 0.219
52 58 0.225
53 63 0.676
53 64 0.634
53 68 0.502
53 70 0.173
53 71 0.521
53 77 0.612
53 79 0.712
53 80 0.577
53 81 0.45
53 83 0.224
53 84 0.413
53 86 0.662
53 87 0.652
53 89 1
53 94 0.756
53 95 0.779
53 96 0.769
53 98 1
53 54 0.608
53 56 0.919
53 57 0.775
53 73 0.709
53 74 1
53 75 0.505
53 78 0.323
53 88 0.959
53 92 0.552
53 82 0.749
53 97 0.771
53 85 0.541
53 90 0.554
53 60 0.719
53 66 0.426
53 69 0.504
53 59 0.423
53 91 0.246
53 58 0.175
53 72 0.532
53 55 0.089
53 61 0.121
53 65 0.172
53 67 0.023
53 99 0.167
53 93 0.322
53 62 0.169
53 76 0.173
54 57 0.638
54 59 0.308
54 60 0.768
54 61 0.667
54 62 0.681
54 63 0.963
54 65 0.323
54 68 0.523
54 70 0.717
54 71 0.154
54 72 0.496
54 76 0.891
54 77 0.338
54 78 1
54 80 0.413
54 84 0.915
54 86 0.463
54 87 0.979
54 90 0.783
54 94 0.966
54 95 0.606
54 98 0.662
54 69 0.753
54 82 0.522
54 74 0.199
54 85 0.711
54 99 1
54 64 0.502
54 75 0.98
54 81 0.704
54 73 0.539
54 91 0.706
54 66 0.333
54 88 0.52
54 56 1
54 79 0.124
54 83 0.254
54 92 0.051
54 93 0.804
54 67 0.588
54 89 0.218
54 96 0.174
54 55 0.077
54 58 0.008
54 97 0.383
55 56 0.48
55 58 0.935
55 59 0.212
55 61 0.865
55 62 0.832
55 64 0.878
55 70 0.475
55 72 0.661
55 74 1
55 80 0.335
55 82 0.391
55 84 1
55 88 0.931
55 90 0.613
55 95 0.376
55 57 0.21
55 68 0.665
55 75 1.0
55 85 0.655
55 91 1
55 97 1
55 98 0.433
55 79 0.361
55 65 0.664
55 93 0.482
55 63 0.552
55 96 0.559
55 78 0.9
55 81 0.049
55 99 0.957
55 66 0.023
55 69 0.378
55 60 0.348
55 67 0.183
55 83 0.465
55 73 0.182
55 87 0.545
55 71 0.133
55 89 0.649
55 94 0.114
55 77 0.05
55 76 0.07
55 92 0.103
56 57 0.715
56 60 0.836
56 62 0.698
56 63 1
56 65 0.455
56 68 0.911
56 72 0.327
56 74 0.843
56 75 0.66
56 78 0.555
56 79 0.415
56 80 0.945
56 82 0.833
56 83 0.764
56 91 0.567
56 97 0.72
56 98 0.959
56 99 0.675
56 64 0.995
56 76 1
56 81 0.034
56 86 0.379
56 87 0.348
56 89 0.491
56 93 0.804
56 59 1
56 94 0.445
56 58 0.123
56 71 0.772
56 70 0.682
56 73 0.565
56 84 0.137
56 96 0.838
56 90 0.464
56 88 0.078
56 61 0.235
56 95 0.643
56 66 0.184
56 67 0.11
56 69 0.239
56 85 0.187
56 77 0.061
56 92 0.364
57 58 0.984
57 62 0.197
57 65 0.458
57 66 0.351
57 67 0.85
57 68 0.707
57 73 0.018
57 81 0.683
57 82 0.504
57 86 0.103
57 89 0.533
57 90 0.206
57 92 0.399
57 93 1
57 98 0.946
57 59 0.782
57 61 0.733
57 80 0.567
57 75 0.987
57 91 0.772
57 83 0.519
57 72 0.663
57 94 0.999
57 60 0.124
57 87 0.314
57 79 0.229
57 74 0.177
57 69 0.35
57 70 0.373
57 88 0.241
57 95 0.516
57 96 0.306
57 64 0.035
57 85 0.308
57 77 0.085
57 63 0.473
57 71 0.136
57 84 0.088
57 97 0.267
57 76 0.104
57 78 0.009
57 99 0.185
58 59 0.481
58 61 0.339
58 62 0.067
58 65 0.338
58 68 0.637
58 70 0.86
58 74 0.061
58 76 0.945
58 79 0.318
58 80 0.901
58 82 0.568
58 83 1
58 84 0.088
58 85 0.773
58 86 0.368
58 87 0.57
58 88 0.231
58 90 0.358
58 96 0.716
58 99 0.438
58 69 0.346
58 89 0.948
58 77 0.603
58 66 0.647
58 63 0.435
58 64 1
58 75 0.016
58 72 0.421
58 71 0.924
58 81 0.493
58 95 0.476
58 98 0.375
58 78 0.199
58 73 0.323
58 91 0.105
58 93 0.118
58 67 0.104
58 92 0.342
58 60 0.191
58 94 0.153
58 97 0.182
59 60 0.567
59 61 0.265
59 62 0.45
59 65 0.862
59 66 0.169
59 69 0.644
59 70 0.679
59 72 0.461
59 73 0.999
59 74 1
59 76 0.41
59 82 0.688
59 87 0.811
59 90 0.933
59 98 0.369
59 99 0.18
59 64 0.643
59 77 0.472
59 81 0.831
59 84 0.914
59 85 0.651
59 96 0.553
59 86 0.831
59 67 0.529
59 75 0.172
59 97 0.328
59 63 0.868
59 91 0.689
59 95 0.213
59 83 0.353
59 92 0.096
59 89 0.144
59 94 0.935
59 78 0.644
59 79 0.648
59 80 0.088
59 68 0.345
59 71 0.097
59 93 0.038
60 63 1
60 64 0.602
60 66 0.874
60 71 0.558
60 72 0.893
60 73 0.845
60 81 0.757
60 82 0.309
60 83 0.825
60 86 0.52
60 89 0.173
60 94 0.675
60 65 0.79
60 68 0.262
60 77 0.989
60 87 0.445
60 99 0.469
60 98 0.845
60 67 0.233
60 90 0.158
60 84 0.795
60 62 0.293
60 75 0.374
60 85 0.987
60 88 0.083
60 70 0.206
60 97 0.348
60 80 0.516
60 79 0.17
60 74 0.395
60 92 0.312
60 78 0.412
60 93 0.352
60 95 0.176
60 69 0.234
60 76 0.219
60 96 0.168
60 61 0.193
60 91 0.17
61 67 0.802
61 68 0.854
61 69 0.104
61 70 0.586
61 71 0.484
61 72 1
61 73 0.56
61 81 0.969
61 83 0.518
61 85 0.478
61 86 0.439
61 87 0.886
61 90 0.601
61 91 0.494
61 80 0.604
61 84 1
61 89 0.454
61 94 0.75
61 64 0.606
61 78 0.326
61 79 0.319
61 97 0.093
61 66 0.881
61 63 0.812
61 75 0.619
61 92 0.915
61 95 0.454
61 96 0.848
61 62 0.478
61 99 0.049
61 82 0.449
61 98 0.661
61 77 0.233
61 65 1
61 76 0.527
61 74 0.48
61 93 0.361
61 88 0.099
62 63 0.85
62 64 0.307
62 65 0.064
62 70 0.92
62 71 0.816
62 72 0.608
62 74 0.282
62 76 0.989
62 78 0.801
62 83 0.64
62 89 0.086
62 91 0.72
62 93 0.697
62 94 0.44
62 95 0.857
62 96 0.204
62 98 0.512
62 69 0.579
62 82 0.213
62 86 0.565
62 90 0.402
62 99 0.731
62 97 0.566
62 73 0.68
62 79 0.182
62 87 0.576
62 84 0.618
62 81 0.084
62 88 0.507
62 85 0.324
62 66 0.417
62 67 0.581
62 68 0.034
62 75 0.352
62 92 0.253
62 80 0.037
62 77 0.081
63 64 0.401
63 68 0.32
63 69 1
63 71 0.395
63 74 1
63 78 0.478
63 81 0.816
63 86 1
63 89 0.717
63 90 0.873
63 91 0.303
63 92 0.802
63 94 0.066
63 95 0.876
63 99 0.503
63 73 0.738
63 77 0.772
63 80 0.83
63 83 0.852
63 93 0.678
63 75 0.656
63 82 0.99
63 88 0.604
63 96 0.459
63 65 0.411
63 67 0.277
63 70 0.337
63 79 0.645
63 66 0.797
63 97 0.742
63 85 0.037
63 72 0.094
63 84 0.208
63 98 0.213
63 76 0.193
63 87 0.223
64 65 0.335
64 67 0.561
64 71 0.461
64 72 0.118
64 73 0.408
64 77 0.39
64 78 0.091
64 84 0.673
64 86 0.687
64 87 0.868
64 91 0.717
64 97 0.077
64 75 0.896
64 83 0.871
64 88 0.767
64 93 1
64 94 0.271
64 89 0.351
64 70 0.728
64 74 0.734
64 90 0.618
64 96 0.788
64 99 0.335
64 98 0.894
64 69 0.376
64 80 0.106
64 81 0.321
64 79 0.117
64 85 0.38
64 95 0.118
64 92 0.792
64 76 0.011
64 66 0.357
64 82 0.172
64 68 0.154
65 66 0.531
65 67 0.614
65 69 1
65 70 0.48
65 71 0.749
65 73 0.637
65 74 0.934
65 75 0.532
65 78 0.71
65 79 1
65 86 0.491
65 87 0.911
65 89 0.892
65 90 0.326
65 93 1
65 97 0.968
65 99 1
65 77 0.686
65 81 0.652
65 83 0.942
65 88 0.05
65 80 0.877
65 68 0.086
65 91 0.222
65 85 0.089
65 96 0.667
65 82 0.385
65 98 0.025
65 92 0.619
65 94 0.524
65 84 0.124
65 95 0.47
65 72 0.097
65 76 0.168
66 70 0.42
66 72 0.291
66 75 0.964
66 78 0.797
66 80 0.442
66 82 0.921
66 83 0.704
66 84 0.919
66 85 0.44
66 87 0.865
66 92 0.214
66 95 0.889
66 99 0.965
66 69 0.165
66 73 0.848
66 76 0.479
66 77 0.316
66 81 0.698
66 86 0.5
66 88 0.634
66 93 0.174
66 98 0.569
66 79 0.424
66 96 0.18
66 89 0.59
66 97 1
66 90 0.499
66 94 0.4
66 67 0.419
66 74 0.016
66 68 0.19
66 71 0.129
66 91 0.246
67 70 0.313
67 72 0.825
67 73 0.745
67 74 0.077
67 78 0.167
67 79 0.39
67 80 0.963
67 82 0.996
67 85 0.516
67 90 0.861
67 91 0.22
67 92 0.908
67 93 0.3
67 94 0.394
67 96 1
67 99 0.177
67 69 0.488
67 75 0.912
67 81 0.753
67 84 0.96
67 83 0.775
67 88 0.344
67 98 0.343
67 97 0.634
67 71 0.403
67 77 0.216
67 95 0.277
67 76 0.292
67 89 0.225
67 86 0.111
67 87 0.092
67 68 0.174
68 69 0.326
68 70 0.236
68 76 0.752
68 77 0.227
68 78 0.208
68 79 0.577
68 82 0.127
68 83 0.605
68 89 0.67
68 95 0.988
68 96 0.563
68 72 0.286
68 81 0.144
68 97 0.193
68 93 0.046
68 90 0.593
68 85 0.036
68 71 0.222
68 94 0.642
68 80 0.579
68 86 0.5
68 87 0.015
68 84 0.626
68 88 0.254
68 74 0.523
68 92 0.035
68 91 0.225
68 73 0.156
68 99 0.089
68 75 0.147
68 98 0.207
69 76 0.34
69 77 0.682
69 79 0.832
69 83 0.755
69 84 0.657
69 87 0.385
69 89 0.113
69 95 0.105
69 98 0.421
69 81 0.337
69 86 0.736
69 92 0.691
69 97 0.514
69 70 0.203
69 71 0.678
69 78 0.681
69 85 0.837
69 93 0.331
69 94 0.321
69 88 0.914
69 82 0.189
69 91 0.34
69 74 0.281
69 96 0.476
69 99 0.321
69 90 0.136
69 80 0.03
69 72 0.142
69 73 0.125
70 73 0.812
70 74 0.56
70 75 0.419
70 76 0.852
70 77 0.611
70 79 0.509
70 80 0.617
70 86 0.263
70 87 0.705
70 88 0.581
70 89 0.918
70 90 0.992
70 93 0.315
70 94 0.939
70 95 0.446
70 96 1
70 98 0.254
70 97 0.295
70 99 0.911
70 83 0.261
70 78 0.852
70 91 0.621
70 82 0.226
70 84 0.487
70 85 0.278
70 92 0.306
70 81 0.284
70 72 0.288
70 71 0.165
71 72 0.931
71 74 0.678
71 77 1
71 80 0.704
71 85 0.559
71 87 0.439
71 88 0.468
71 91 0.067
71 92 0.795
71 95 0.78
71 96 1
71 97 0.205
71 98 0.677
71 81 0.586
71 82 0.695
71 99 0.438
71 73 0.893
71 94 0.404
71 90 0.032
71 84 0.811
71 75 0.237
71 83 0.18
71 78 0.045
71 86 0.097
71 76 0.402
71 79 0.458
71 89 0.268
71 93 0.246
72 73 0.877
72 74 0.468
72 76 0.648
72 81 0.494
72 82 0.603
72 84 0.735
72 85 0.299
72 88 1
72 91 0.625
72 92 0.668
72 94 0.958
72 96 0.904
72 98 0.639
72 75 1
72 78 0.305
72 79 0.412
72 83 0.57
72 86 1
72 90 1
72 93 0.861
72 99 0.871
72 77 0.428
72 80 0.87
72 87 0.731
72 89 0.571
72 97 0.445
72 95 0.464
73 83 0.744
73 84 0.732
73 98 0.357
73 76 0.997
73 85 0.186
73 86 1
73 96 0.431
73 95 0.29
73 92 0.111
73 74 0.446
73 91 0.671
73 90 0.451
73 89 0.801
73 94 0.123
73 97 0.133
73 77 0.071
73 78 0.381
73 88 0.022
73 75 0.175
73 79 0.388
73 99 0.209
73 80 0.638
73 81 0.368
73 82 0.299
73 93 0.022
73 87 0.096
74 75 0.89
74 77 0.651
74 78 0.071
74 81 0.528
74 84 0.527
74 89 0.804
74 94 0.759
74 95 0.726
74 96 0.317
74 93 0.663
74 97 0.852
74 87 0.282
74 86 0.726
74 83 0.379
74 80 0.129
74 90 0.431
74 85 0.667
74 88 0.627
74 99 0.737
74 92 0.53
74 82 0.24
74 76 0.21
74 79 0.202
74 91 0.175
74 98 0.104
75 81 0.366
75 83 0.863
75 84 0.534
75 85 0.548
75 87 0.91
75 89 0.138
75 90 0.496
75 91 0.51
75 94 0.535
75 95 1
75 97 0.887
75 98 0.708
75 77 0.41
75 82 0.506
75 96 0.732
75 78 0.686
75 79 0.672
75 93 1
75 80 0.251
75 76 0.135
75 99 0.381
75 92 0.865
75 86 0.264
75 88 0.407
76 79 0.739
76 81 0.749
76 83 0.363
76 86 0.995
76 87 0.228
76 91 0.912
76 94 0.321
76 96 0.705
76 98 0.972
76 93 0.301
76 84 0.865
76 88 0.703
76 95 0.671
76 92 1
76 77 0.863
76 89 0.612
76 80 0.936
76 90 0.202
76 82 0.835
76 97 0.191
76 78 0.079
76 99 0.397
76 85 0.178
77 79 0.931
77 80 0.822
77 83 0.572
77 86 0.461
77 92 0.476
77 97 0.54
77 99 1
77 78 0.745
77 87 0.71
77 96 0.528
77 94 0.644
77 81 0.449
77 88 0.547
77 98 1
77 93 0.538
77 82 0.36
77 84 0.599
77 91 0.144
77 95 0.989
77 90 0.234
77 85 0.137
77 89 0.134
78 80 0.624
78 85 0.522
78 98 0.642
78 79 1
78 84 0.584
78 86 0.851
78 88 0.076
78 91 0.449
78 92 0.148
78 95 0.58
78 97 0.435
78 89 0.66
78 94 0.037
78 99 0.988
78 83 0.689
78 90 0.458
78 81 0.458
78 93 0.101
78 87 0.47
78 82 0.227
78 96 0.187
79 80 0.782
79 86 0.556
79 91 0.324
79 94 0.976
79 98 0.369
79 97 0.846
79 99 0.94
79 87 0.564
79 95 0.56
79 84 0.695
79 90 0.529
79 93 0.635
79 83 0.611
79 88 0.397
79 85 0.302
79 96 0.427
79 89 0.46
79 82 0.593
79 81 0.139
79 92 0.221
80 85 1
80 89 0.48
80 92 0.154
80 94 0.986
80 97 0.797
80 87 0.06
80 90 0.247
80 95 0.948
80 99 0.919
80 83 0.943
80 91 0.811
80 98 0.821
80 93 0.797
80 84 0.937
80 88 0.276
80 86 0.398
80 81 0.056
80 96 0.248
80 82 0.454
81 83 0.814
81 84 0.428
81 85 0.447
81 87 0.011
81 88 0.528
81 92 0.625
81 96 0.878
81 86 0.907
81 91 0.983
81 94 0.612
81 99 0.701
81 95 0.743
81 82 0.242
81 97 0.626
81 90 0.308
81 93 0.303
81 89 0.625
81 98 0.396
82 85 0.784
82 86 0.611
82 95 0.996
82 96 1
82 97 0.292
82 98 0.477
82 84 0.857
82 93 0.603
82 90 0.431
82 87 0.661
82 83 0.53
82 99 0.623
82 88 0.183
82 89 0.309
82 91 0.217
82 94 0.034
82 92 0.143
83 84 0.504
83 88 0.826
83 89 1
83 92 0.904
83 93 0.459
83 94 0.426
83 97 0.843
83 99 0.5
83 90 0.545
83 95 0.189
83 96 0.002
83 91 0.48
83 86 0.19
83 98 0.164
83 87 0.12
83 85 0.288
84 85 0.825
84 87 0.094
84 88 0.74
84 89 0.83
84 96 0.329
84 97 0.82
84 99 0.443
84 86 0.247
84 94 0.872
84 95 0.276
84 93 0.372
84 90 0.23
84 91 0.992
84 92 0.192
84 98 0.12
85 86 0.466
85 88 0.316
85 95 0.161
85 97 0.352
85 96 0.599
85 99 0.781
85 92 0.221
85 89 0.955
85 93 0.416
85 90 0.42
85 87 0.175
85 94 0.656
85 98 0.842
85 91 0.247
86 87 0.463
86 88 0.108
86 93 0.997
86 96 0.389
86 97 0.777
86 98 0.463
86 99 1
86 89 0.76
86 92 0.06
86 95 0.262
86 90 0.28
86 91 0.45
86 94 0.027
87 90 0.885
87 95 0.945
87 98 1
87 93 0.42
87 94 0.783
87 92 0.246
87 88 0.986
87 96 0.395
87 99 0.116
87 97 0.128
87 89 0.161
87 91 0.147
88 89 0.377
88 97 0.931
88 99 0.046
88 96 0.512
88 90 0.962
88 91 0.485
88 95 0.406
88 98 0.466
88 94 0.086
88 93 0.591
88 92 0.389
89 90 0.936
89 99 0.436
89 95 0.311
89 98 0.657
89 91 0.832
89 94 0.977
89 96 0.554
89 92 0.968
89 97 0.374
89 93 0.132
90 91 0.6
90 94 0.193
90 96 0.497
90 98 1
90 93 0.205
90 99 0.831
90 97 0.198
90 95 0.35
90 92 0.739
91 92 0.181
91 96 0.818
91 97 0.92
91 99 0.918
91 94 0.675
91 98 0.198
91 95 0.719
91 93 0.105
92 94 0.817
92 96 0.932
92 93 0.092
92 95 0.537
92 99 0.318
92 97 0.836
92 98 0.21
93 94 0.635
93 99 1
93 95 0.215
93 96 0.306
93 97 0.166
93 98 0.171
94 96 0.797
94 98 0.858
94 99 0.575
94 97 0.085
94 95 0.276
95 97 0.481
95 98 0.264
95 96 0.293
95 99 0.363
96 98 0.845
96 97 0.899
96 99 0.832
97 98 0.627
97 99 0.233
98 99 0.413
