0 25 0.77
0 34 0.021
0 68 0.681
0 51 0.4
0 8 0.689
0 45 1
0 52 1
0 82 0.418
0 10 0.706
0 30 0.531
0 92 0.623
0 91 0.722
0 64 0.667
1 96 0.708
1 37 0.65
1 54 0.991
1 55 0.686
1 76 1
1 51 0.844
1 74 0.761
1 13 0.87
1 20 0.566
1 57 1
1 63 0.687
1 61 0.337
1 47 0.865
2 59 0.64
2 77 0.749
2 47 0.77
2 44 1
2 12 1
2 57 0.586
2 5 1
2 9 0.988
2 51 0.485
3 42 0.951
3 32 0.659
3 40 0.681
3 25 0.888
3 49 0.961
3 51 0.676
3 86 0.924
3 74 0.74
3 60 1
3 75 0.82
3 36 0.774
3 53 0.435
3 56 0.703
3 68 0.41
4 29 0.784
4 69 0.785
4 86 0.208
4 6 0.599
4 8 0.83
4 80 0.783
4 7 0.978
4 88 1
4 33 0.813
4 14 0.495
4 32 0.927
4 85 0.856
4 82 1
4 72 0.675
4 23 0.912
4 45 0.567
5 12 0.9
5 46 0.966
5 30 0.68
5 89 0.454
5 57 1
5 74 0.883
5 6 0.679
5 55 0.791
5 35 0.494
5 39 1
5 66 0.292
5 72 0.777
5 60 0.966
5 23 0.905
5 28 0.617
6 74 0.52
6 22 1
6 47 0.967
6 55 0.384
6 91 0.953
6 87 0.744
6 59 0.785
6 58 0.818
6 86 0.97
6 8 0.984
6 76 1
6 13 0.904
6 62 0.897
6 10 0.923
6 28 0.976
6 40 0.071
6 43 1
7 33 0.891
7 80 0.586
7 50 0.581
7 49 0.89
7 8 0.291
7 77 1
7 78 0.936
7 37 0.638
7 62 0.501
7 91 1
7 32 0.742
7 10 0.696
7 52 0.942
8 37 0.707
8 42 0.658
8 60 0.886
8 79 0.482
8 19 0.77
8 21 0.747
8 40 0.582
8 45 0.969
8 70 0.98
8 83 0.742
8 64 1
8 71 0.735
9 96 0.932
9 51 0.937
9 59 0.723
9 63 0.956
9 48 0.58
9 28 0.341
9 79 0.127
9 66 0.76
9 39 0.728
10 26 0.962
10 62 1
10 67 0.787
10 23 0.943
10 32 0.838
10 73 0.702
10 81 0.872
10 56 0.741
10 24 0.582
10 33 1
10 53 0.892
10 68 0.656
10 93 0.888
10 15 0.639
10 70 0.417
10 18 0.841
10 87 0.795
10 49 0.401
10 64 1
10 11 0.691
11 50 0.917
11 48 0.774
11 16 0.649
11 86 0.853
11 79 0.462
12 72 0.927
12 87 0.63
12 31 0.913
12 58 0.222
12 44 0.976
12 96 0.733
12 23 0.844
12 40 0.679
12 27 0.751
12 90 1
13 69 0.62
13 63 0.573
13 42 0.458
13 24 0.85
13 61 0.805
13 50 0.537
13 71 0.556
13 67 0.322
13 68 1
13 76 0.691
13 47 0.854
13 87 0.841
13 49 0.607
14 40 0.818
14 71 0.87
14 96 0.564
14 34 0.611
14 16 0.935
14 98 0.827
14 74 0.455
14 38 0.489
14 30 0.134
14 69 0.726
14 22 0.785
14 68 0.832
15 58 0.92
15 81 0.45
15 71 0.825
15 98 1
15 34 0.437
15 96 0.497
15 55 0.728
15 94 0.611
15 40 0.927
15 32 0.486
15 39 0.625
15 77 0.219
15 63 0.547
15 62 1
15 60 0.937
15 66 1
15 90 1
16 24 0.799
16 99 0.926
16 33 0.727
16 78 0.491
16 91 0.619
16 18 0.624
16 35 1
16 27 0.985
16 63 0.855
16 68 0.881
16 60 0.89
16 40 0.675
16 80 0.625
16 85 0.582
17 43 0.685
17 65 0.952
17 46 1
17 52 0.779
17 45 0.812
17 30 0.873
17 24 1
17 74 0.892
17 91 0.713
17 26 0.774
18 52 0.723
18 40 1
18 80 0.669
18 28 0.26
19 45 0.684
19 75 0.781
19 86 0.932
19 77 1
19 67 0.974
19 94 1
19 55 0.799
19 53 0.429
19 80 0.874
19 89 0.685
19 49 1
20 60 0.803
20 65 0.638
20 66 1
20 53 0.533
20 23 0.839
20 54 0.974
20 47 0.562
20 25 0.762
20 22 0.652
20 57 0.595
20 76 0.571
21 25 0.9
21 71 0.825
21 58 0.965
21 87 0.791
22 51 0.905
22 91 0.85
22 96 0.558
22 58 0.748
22 24 0.746
22 95 1
22 99 1
22 48 0.819
23 55 0.466
23 82 0.784
23 29 0.451
23 61 0.684
23 63 0.793
23 93 0.86
23 81 0.86
23 90 0.93
23 97 0.165
24 32 0.771
24 36 0.952
24 59 0.749
24 30 1
24 53 0.6
24 76 1
24 74 0.598
24 62 0.918
24 58 0.728
24 92 0.903
25 31 0.726
25 33 0.738
25 77 0.802
25 86 0.586
25 65 0.807
25 39 0.879
25 34 0.684
25 48 0.8
25 71 0.385
25 78 0.839
25 50 0.226
25 57 0.978
25 97 0.558
26 77 1
26 89 0.778
26 39 0.761
26 71 0.707
26 69 0.629
26 27 1
26 81 0.723
26 65 0.538
26 72 0.603
26 60 0.088
27 28 0.465
27 42 0.673
27 53 0.657
27 48 1
27 79 0.905
27 43 0.676
27 52 0.807
27 66 0.875
27 47 0.775
27 50 1
27 64 0.944
28 83 0.896
28 35 0.752
28 63 0.811
28 80 0.692
28 52 0.824
28 97 0.692
28 89 1
28 56 0.806
28 82 0.625
29 62 1
29 59 0.596
29 41 0.895
29 48 0.894
29 79 0.248
29 76 0.997
29 67 0.933
29 96 0.71
29 58 0.963
29 94 0.688
29 92 1
29 93 1
30 73 0.78
30 95 0.755
30 31 0.941
30 43 0.956
30 55 0.958
30 59 0.36
30 35 0.511
30 86 0.921
30 50 0.75
30 81 0.739
30 69 0.759
30 49 0.405
30 56 0.756
30 96 0.984
31 48 0.839
31 42 0.605
31 74 0.712
31 84 0.7
31 32 0.983
31 89 0.653
31 99 0.983
31 65 0.339
31 49 0.906
31 47 0.666
31 46 0.01
32 94 0.845
32 64 0.974
32 33 0.876
32 88 0.948
32 60 0.866
32 75 0.955
32 38 0.736
32 77 0.644
33 40 0.967
33 62 0.608
33 63 0.719
33 81 0.647
33 42 0.769
33 38 0.912
33 56 0.84
33 59 0.65
33 39 0.522
33 75 0.242
33 86 1
33 70 0.882
33 92 0.777
34 44 0.008
34 68 0.812
34 65 1
34 37 0.765
34 75 1
34 50 0.543
34 57 1
34 74 0.956
34 53 0.575
34 67 0.418
34 92 0.679
35 79 0.734
35 59 0.744
35 68 0.853
35 58 1
35 40 0.933
35 47 0.886
35 38 0.367
35 81 0.864
35 46 0.688
35 39 0.143
36 94 0.875
36 59 0.708
36 79 0.692
36 85 0.254
36 67 0.909
36 81 0.878
36 54 0.946
36 76 0.955
36 97 0.884
37 42 0.539
37 72 0.5
37 94 0.777
37 66 0.925
37 76 0.793
38 61 0.527
38 62 0.085
38 46 1
38 86 0.878
38 65 1
38 74 0.735
38 56 0.789
38 64 0.641
38 66 0.569
39 95 0.923
39 59 0.843
39 83 1
39 47 0.636
39 43 0.93
39 98 0.886
39 84 0.834
39 56 0.687
39 76 0.999
39 42 0.81
39 93 0.793
39 54 0.971
39 45 0.737
40 97 0.872
40 77 0.958
40 59 0.957
40 72 0.839
40 91 0.663
40 42 0.586
40 94 0.592
40 99 0.771
40 60 0.826
40 44 1
41 61 0.943
41 74 0.667
41 75 0.722
41 42 0.775
41 85 1
41 77 0.823
42 89 0.996
42 88 0.664
42 75 1
42 64 1
42 95 0.549
42 56 0.821
42 48 0.421
42 86 0.5
42 98 0.782
42 58 0.751
43 72 0.85
43 91 0.72
43 65 0.94
43 58 0.63
43 83 0.89
43 44 0.521
43 93 0.577
44 90 0.527
44 73 1
44 87 0.989
44 56 0.748
44 98 0.827
44 81 0.549
44 95 0.068
44 52 1
44 53 0.99
44 54 0.75
45 53 1
45 95 0.671
45 47 0.772
45 81 0.276
45 49 1
45 60 0.963
45 74 1
45 68 0.664
45 51 0.917
46 79 0.837
46 72 0.52
46 93 0.981
46 84 1
46 50 0.876
46 67 0.992
46 61 0.563
47 70 0.909
47 58 0.184
47 85 0.926
47 80 0.682
47 99 0.818
47 54 0.574
47 91 0.527
47 53 0.806
47 60 0.512
47 92 0.93
47 94 0.133
48 50 0.893
48 75 0.775
48 76 0.955
48 53 0.918
48 52 0.822
48 62 0.829
49 57 0.681
49 98 0.569
49 62 1
49 66 0.891
49 75 1
49 80 0.496
49 63 1
49 76 1
49 67 0.883
49 51 0.861
49 70 0.888
50 66 1
50 80 0.919
50 59 0.655
50 77 0.838
50 70 0.852
50 88 0.753
50 68 0.828
50 53 0.828
51 64 1
51 55 0.818
51 52 1
51 68 1
51 72 0.69
51 77 0.726
52 88 0.908
52 64 0.728
52 59 0.853
52 78 0.949
52 68 1
52 61 0.998
52 99 0.473
52 73 0.728
52 89 0.932
52 69 0.925
53 75 1
53 68 1
53 60 0.325
53 93 1
53 87 0.454
54 87 0.682
54 57 0.807
54 58 0.733
54 97 0.955
54 74 0.836
54 67 0.933
54 84 0.912
55 56 0.592
55 83 1
55 79 0.763
55 74 0.894
55 61 0.676
55 93 0.708
56 72 0.807
56 67 0.83
56 61 0.718
56 79 0.797
56 80 0.959
56 85 1
57 90 0.299
57 75 0.654
57 85 0.774
57 94 0.848
58 88 0.835
58 98 0.871
58 67 1
58 89 0.662
59 86 0.594
59 76 0.738
59 99 0.848
59 82 0.701
59 78 0.79
59 94 1
60 62 0.598
60 69 0.389
60 83 0.877
60 72 0.878
61 96 0.699
61 78 0.903
61 66 0.741
61 90 0.488
61 93 0.71
61 73 0.879
61 95 1
61 79 0.618
61 84 0.592
62 97 0.939
62 95 0.826
62 98 1
64 75 0.843
64 81 0.958
64 80 0.796
64 95 1
65 92 0.947
65 80 0.305
65 79 0.524
65 87 0.854
65 85 0.918
65 74 0.724
66 79 0.805
66 71 1
67 86 1
67 95 0.667
67 91 0.91
67 70 1
68 75 0.847
68 70 0.758
68 87 0.833
68 83 0.75
68 82 1
69 97 0.909
69 87 0.626
69 94 0.44
70 96 0.937
70 72 0.925
70 80 0.84
70 79 0.871
71 83 0.574
71 76 1
71 82 0.411
71 91 0.672
71 94 0.587
71 99 0.42
72 89 0.255
72 82 0.756
72 79 0.691
72 75 0.766
72 90 0.864
73 87 1
73 83 1
73 82 1
74 86 0.787
75 89 1
75 79 0.469
75 88 0.88
75 95 0.432
76 79 0.714
76 86 0.526
76 98 0.782
77 99 0.427
77 84 1
78 81 0.974
78 88 0.882
79 84 0.994
79 83 0.726
80 82 0.645
80 88 0.645
80 96 0.973
80 83 0.574
81 99 0.605
81 82 1
81 96 0.99
82 90 0.664
83 99 0.996
83 85 1
83 90 0.791
85 92 0.475
85 98 0.99
85 90 0.576
85 96 0.553
86 96 1
87 91 0.307
87 97 1
88 89 0.687
88 98 0.927
90 91 0.749
91 93 0.886
92 95 1
92 99 0.613
92 97 0.831
93 94 0.992
96 99 0.57
