0 15 0.507
0 96 0.813
0 42 0.7
0 99 0.971
0 50 0.581
0 51 0.611
0 54 0.437
0 80 0.769
0 4 0.333
0 23 0.395
0 27 0.821
0 36 0.456
0 6 0.599
0 59 0.498
0 26 0.19
0 81 0.525
0 11 0.421
0 16 0.409
0 24 0.247
0 84 0.51
0 9 0.4
0 43 0.072
0 49 0.044
0 75 0.037
0 32 0.103
0 35 0.058
0 38 0.286
0 66 0.089
0 25 0.28
0 44 0.272
0 89 0.208
0 71 0.088
0 2 0.089
0 65 0.328
0 73 0.143
0 21 0.26
0 37 0.155
0 55 0.115
0 57 0.167
0 76 0.267
0 78 0.198
0 85 0.094
0 95 0.197
0 18 0.134
0 74 0.141
0 86 0.132
1 55 1
1 84 0.527
1 64 0.762
1 49 0.879
1 37 0.83
1 48 0.558
1 50 0.795
1 93 0.527
1 45 1
1 75 0.432
1 86 0.732
1 97 0.45
1 99 0.54
1 67 0.28
1 88 0.11
1 29 0.336
1 62 0.323
1 74 0.331
1 79 0.801
1 20 0.209
1 76 0.13
1 28 0.222
1 17 0.392
1 24 0.126
1 52 0.169
1 2 0.268
1 27 0.049
1 35 0.259
1 73 0.225
1 96 0.117
1 5 0.128
1 9 0.264
1 18 0.132
1 41 0.141
1 43 0.045
1 44 0.132
1 65 0.177
1 80 0.028
1 89 0.06
1 98 0.119
1 23 0.077
1 34 0.158
1 58 0.334
1 59 0.178
1 85 0.119
1 13 0.123
1 25 0.199
1 40 0.176
1 87 0.15
2 59 0.743
2 77 0.48
2 5 0.453
2 20 0.13
2 82 0.843
2 81 0.931
2 56 0.188
2 62 0.767
2 90 0.711
2 3 1
2 7 0.956
2 46 0.227
2 98 0.583
2 26 0.471
2 44 0.775
2 4 0.484
2 36 0.437
2 79 0.647
2 15 0.2
2 74 0.264
2 17 0.258
2 19 0.249
2 69 0.43
2 78 0.172
2 9 0.323
2 34 0.859
2 48 0.133
2 55 0.141
2 91 0.37
2 13 0.113
2 39 0.266
2 16 0.295
2 68 0.186
2 18 0.142
2 54 0.167
2 97 0.134
2 24 0.143
2 49 0.129
2 65 0.189
2 87 0.144
2 92 0.132
2 99 0.098
3 48 0.864
3 72 0.747
3 45 0.656
3 8 0.615
3 90 0.811
3 10 0.615
3 11 0.744
3 66 0.567
3 91 0.965
3 64 0.36
3 85 0.57
3 81 1
3 95 0.374
3 6 0.792
3 22 0.181
3 44 0.236
3 57 0.476
3 71 0.411
3 63 0.344
3 34 0.124
3 65 0.214
3 16 0.623
3 97 0.145
3 26 0.375
3 12 0.13
3 50 0.251
3 53 0.3
3 84 0.346
3 88 0.039
3 98 0.025
3 37 0.305
3 54 0.115
3 86 0.241
3 29 0.287
3 30 0.105
3 40 0.351
3 49 0.269
3 89 0.25
3 23 0.072
3 27 0.298
3 82 0.007
3 4 0.138
3 7 0.077
3 13 0.235
3 51 0.217
3 94 0.214
3 31 0.199
3 68 0.109
3 73 0.221
3 99 0.202
4 32 1
4 60 0.696
4 98 0.999
4 71 0.469
4 97 1
4 55 0.593
4 12 1
4 5 0.605
4 15 0.312
4 54 0.285
4 65 1
4 84 0.9
4 20 1
4 66 0.893
4 25 0.564
4 30 0.324
4 85 0.087
4 75 0.188
4 44 0.904
4 31 0.842
4 62 0.75
4 49 0.196
4 24 0.193
4 11 0.834
4 67 0.512
4 72 0.301
4 90 0.645
4 68 0.317
4 14 0.571
4 86 0.548
4 43 0.491
4 48 0.631
4 76 0.31
4 22 0.109
4 40 0.092
4 96 0.066
4 35 0.094
4 73 0.417
4 99 0.076
4 57 0.285
4 79 0.332
4 91 0.174
4 64 0.099
4 69 0.015
4 80 0.105
4 94 0.169
4 29 0.078
4 39 0.217
4 45 0.39
4 52 0.122
4 7 0.123
4 46 0.176
5 46 0.805
5 57 1
5 6 1
5 55 0.609
5 39 0.515
5 23 0.943
5 28 0.82
5 69 0.894
5 10 0.661
5 17 0.512
5 89 0.85
5 45 0.203
5 14 0.971
5 51 0.832
5 72 0.764
5 50 0.903
5 34 0.677
5 73 0.487
5 9 0.611
5 93 0.639
5 86 0.257
5 41 0.284
5 65 0.318
5 77 0.463
5 97 0.678
5 49 0.93
5 87 0.071
5 16 0.292
5 26 0.328
5 68 0.225
5 62 0.153
5 95 0.645
5 56 0.491
5 67 0.255
5 96 0.339
5 30 0.519
5 40 0.111
5 52 0.046
5 63 0.497
5 22 0.185
5 13 0.21
5 32 0.242
5 33 0.092
5 61 0.17
5 92 0.314
5 19 0.278
5 25 0.201
5 31 0.3
5 58 0.118
5 20 0.139
5 44 0.08
5 60 0.145
5 84 0.149
5 91 0.156
6 74 1
6 76 1
6 62 0.833
6 32 0.942
6 85 0.809
6 73 0.819
6 54 0.928
6 10 0.818
6 37 1
6 48 0.951
6 96 0.914
6 9 0.732
6 36 1
6 51 0.547
6 23 0.534
6 56 0.587
6 43 0.264
6 47 0.682
6 11 0.063
6 24 0.038
6 25 0.198
6 46 0.124
6 19 0.32
6 58 0.065
6 14 0.088
6 42 0.135
6 63 0.262
6 80 0.241
6 49 0.132
6 57 0.376
6 78 0.322
6 17 0.429
6 53 0.196
6 99 0.056
6 18 0.459
6 26 0.193
6 8 0.184
6 28 0.181
6 29 0.173
6 55 0.149
6 79 0.144
6 97 0.099
7 33 0.716
7 77 0.97
7 78 1
7 66 0.942
7 65 0.991
7 56 0.649
7 17 0.784
7 28 0.955
7 55 1
7 83 0.732
7 74 0.764
7 82 0.413
7 68 0.762
7 15 0.68
7 41 0.9
7 26 0.445
7 45 0.524
7 25 0.859
7 73 0.514
7 90 0.704
7 81 0.238
7 22 0.303
7 85 0.157
7 31 0.079
7 35 0.317
7 89 0.24
7 21 0.552
7 64 0.264
7 88 0.429
7 76 0.547
7 52 0.287
7 32 0.25
7 43 0.329
7 79 0.287
7 37 0.68
7 48 0.111
7 53 0.078
7 18 0.074
7 29 0.097
7 46 0.327
7 97 0.131
7 16 0.118
7 57 0.163
7 69 0.03
7 70 0.119
7 72 0.166
7 99 0.06
7 27 0.11
7 54 0.09
7 59 0.13
7 92 0.183
7 93 0.109
8 40 0.257
8 15 0.851
8 24 0.555
8 47 0.588
8 35 0.708
8 66 1
8 46 0.723
8 96 0.551
8 79 0.228
8 22 0.746
8 70 0.673
8 75 0.465
8 58 0.269
8 25 0.527
8 83 0.61
8 59 0.553
8 74 0.973
8 49 0.597
8 86 0.221
8 92 0.312
8 94 0.315
8 29 0.354
8 45 0.253
8 39 0.155
8 82 0.485
8 11 0.177
8 42 0.211
8 52 0.41
8 54 0.226
8 57 0.165
8 21 0.028
8 76 0.154
8 78 0.299
8 97 0.08
8 36 0.27
8 48 0.2
8 50 0.084
8 85 0.121
8 88 0.282
8 99 0.033
8 31 0.124
8 77 0.171
9 51 0.997
9 70 0.919
9 58 0.706
9 87 0.647
9 82 0.732
9 35 1
9 61 0.992
9 92 0.969
9 95 1
9 42 0.688
9 74 0.52
9 97 0.673
9 50 0.792
9 69 0.212
9 43 0.776
9 67 0.425
9 39 0.709
9 38 0.571
9 59 0.063
9 31 0.838
9 37 0.66
9 66 0.764
9 55 0.428
9 73 0.543
9 54 0.067
9 15 0.199
9 83 0.124
9 93 0.477
9 22 0.101
9 99 0.116
9 16 0.071
9 36 0.036
9 10 0.207
9 26 0.122
9 80 0.063
9 85 0.159
9 98 0.184
9 13 0.282
9 28 0.248
9 34 0.164
9 53 0.282
9 63 0.403
9 68 0.172
9 86 0.198
9 88 0.116
9 45 0.143
9 48 0.159
10 53 0.929
10 93 0.843
10 18 0.362
10 64 0.79
10 94 0.861
10 47 1
10 88 0.886
10 79 0.641
10 12 0.821
10 37 0.467
10 72 0.681
10 17 0.654
10 51 1
10 86 0.951
10 84 0.767
10 29 0.231
10 44 0.648
10 58 0.753
10 59 0.303
10 26 0.577
10 28 0.476
10 33 0.13
10 38 0.257
10 16 0.255
10 20 0.307
10 30 0.27
10 54 0.111
10 70 0.459
10 85 0.224
10 14 0.124
10 23 0.157
10 31 0.319
10 40 0.228
10 66 0.155
10 74 0.337
10 99 0.189
10 11 0.149
10 22 0.039
10 27 0.07
10 32 0.176
10 48 0.455
10 49 0.234
10 52 0.253
10 60 0.308
10 77 0.111
10 65 0.142
10 19 0.156
10 34 0.211
10 35 0.144
10 50 0.159
10 55 0.096
10 56 0.168
10 76 0.194
10 95 0.175
11 86 0.861
11 70 0.728
11 92 0.841
11 60 0.813
11 58 0.867
11 84 0.909
11 25 0.901
11 49 1
11 59 0.718
11 31 0.547
11 24 0.323
11 36 0.357
11 41 0.067
11 48 0.181
11 22 0.225
11 32 0.494
11 89 0.329
11 27 0.194
11 29 0.423
11 18 0.145
11 20 0.088
11 35 0.067
11 54 0.173
11 62 0.222
11 90 0.274
11 99 0.178
11 23 0.131
11 28 0.333
11 42 0.329
11 56 0.253
11 57 0.42
11 72 0.128
11 98 0.216
11 33 0.207
11 61 0.129
11 67 0.172
11 12 0.227
11 15 0.142
11 17 0.178
11 26 0.147
11 34 0.164
11 82 0.13
12 44 0.807
12 23 0.81
12 41 0.72
12 95 0.522
12 92 0.652
12 36 0.719
12 63 0.705
12 14 0.575
12 58 0.513
12 78 0.959
12 61 0.87
12 94 0.923
12 86 0.26
12 93 0.929
12 51 0.763
12 56 0.615
12 97 0.609
12 19 0.489
12 37 0.358
12 54 0.373
12 73 0.691
12 53 0.234
12 69 0.033
12 79 0.3
12 89 0.33
12 47 0.071
12 64 0.522
12 52 0.211
12 59 0.284
12 42 0.588
12 68 0.078
12 82 0.027
12 29 0.306
12 32 0.1
12 18 0.016
12 71 0.166
12 25 0.2
12 46 0.216
12 98 0.186
12 26 0.151
12 38 0.137
12 62 0.178
12 80 0.176
12 87 0.11
13 74 0.781
13 98 0.65
13 84 0.738
13 80 0.38
13 64 0.704
13 49 0.806
13 95 0.793
13 22 0.953
13 29 0.545
13 27 0.624
13 69 0.612
13 42 0.924
13 32 0.464
13 21 1
13 75 0.401
13 52 0.657
13 15 0.669
13 67 0.768
13 18 0.607
13 97 0.433
13 66 0.537
13 90 0.85
13 62 0.188
13 72 0.326
13 83 0.131
13 25 0.215
13 63 0.024
13 45 0.455
13 48 0.056
13 51 0.168
13 77 0.088
13 79 0.115
13 33 0.44
13 57 0.312
13 78 0.264
13 88 0.012
13 89 0.448
13 20 0.216
13 94 0.416
13 14 0.063
13 16 0.247
13 19 0.012
13 37 0.166
13 81 0.152
13 85 0.239
13 96 0.119
13 24 0.214
13 30 0.125
13 38 0.155
13 53 0.176
13 73 0.161
13 87 0.118
14 16 0.62
14 59 0.831
14 93 1
14 82 0.719
14 73 1.0
14 60 0.782
14 90 0.885
14 72 0.968
14 99 0.769
14 20 0.497
14 47 0.849
14 50 0.653
14 78 0.127
14 62 0.584
14 56 0.396
14 51 0.159
14 65 0.205
14 53 0.353
14 26 0.479
14 54 0.052
14 61 0.87
14 80 0.186
14 84 0.167
14 24 0.081
14 81 0.027
14 22 0.208
14 71 0.211
14 48 0.037
14 89 0.062
14 95 0.23
14 34 0.135
14 46 0.155
14 18 0.125
14 19 0.202
14 66 0.153
14 83 0.125
14 85 0.158
14 91 0.145
14 94 0.122
15 39 0.954
15 82 0.532
15 51 0.848
15 63 0.4
15 23 0.538
15 42 1
15 84 0.889
15 88 0.724
15 37 0.489
15 41 1
15 28 0.866
15 95 0.464
15 33 0.314
15 47 0.459
15 49 0.679
15 46 0.726
15 40 0.161
15 79 0.518
15 24 0.052
15 30 0.185
15 32 0.296
15 92 0.113
15 93 0.193
15 31 0.267
15 35 0.07
15 18 0.129
15 69 0.563
15 26 0.035
15 62 0.31
15 96 0.224
15 99 0.273
15 38 0.217
15 58 0.17
15 68 0.164
15 17 0.268
15 90 0.133
15 21 0.182
15 78 0.096
15 86 0.231
15 89 0.097
15 97 0.144
16 68 1
16 60 0.5
16 65 1
16 62 0.914
16 43 0.769
16 79 0.698
16 58 0.735
16 89 0.846
16 69 0.031
16 27 0.615
16 47 1
16 72 0.604
16 30 0.266
16 96 0.902
16 19 0.842
16 21 1
16 78 0.293
16 53 0.712
16 83 0.122
16 25 0.374
16 29 0.18
16 36 0.251
16 33 0.555
16 55 0.616
16 95 0.122
16 97 0.356
16 24 0.566
16 41 0.202
16 50 0.164
16 74 0.59
16 82 0.371
16 88 0.226
16 63 0.115
16 66 0.337
16 84 0.291
16 32 0.04
16 49 0.204
16 73 0.13
16 75 0.292
16 94 0.169
16 98 0.211
16 18 0.269
16 48 0.174
16 67 0.192
16 22 0.217
16 35 0.177
16 61 0.17
16 77 0.154
16 87 0.094
17 46 0.551
17 25 0.517
17 33 0.705
17 95 0.802
17 67 0.48
17 80 0.887
17 58 0.809
17 35 0.76
17 91 0.078
17 57 0.449
17 38 0.06
17 36 0.087
17 24 0.331
17 39 0.681
17 41 0.829
17 78 0.559
17 96 0.035
17 70 0.603
17 85 0.361
17 83 0.546
17 94 0.137
17 90 0.158
17 61 0.156
17 84 0.181
17 69 0.23
17 87 0.161
17 48 0.145
17 53 0.038
17 54 0.079
17 59 0.142
17 62 0.29
17 82 0.445
17 32 0.109
17 66 0.131
17 18 0.112
17 22 0.136
17 73 0.083
17 92 0.171
18 40 1
18 51 0.865
18 61 0.627
18 98 0.668
18 49 0.577
18 31 0.948
18 38 0.082
18 45 0.335
18 26 0.402
18 76 0.964
18 32 0.937
18 55 0.326
18 58 0.337
18 86 0.969
18 44 0.688
18 28 0.614
18 90 0.716
18 35 0.533
18 79 0.161
18 78 0.515
18 91 0.376
18 48 0.021
18 89 0.335
18 64 0.478
18 27 0.018
18 50 0.285
18 41 0.331
18 56 0.151
18 59 0.348
18 22 0.429
18 37 0.072
18 65 0.319
18 74 0.228
18 96 0.227
18 97 0.281
18 24 0.284
18 25 0.073
18 47 0.225
18 57 0.247
18 99 0.192
18 29 0.037
18 34 0.129
18 80 0.27
18 83 0.135
18 92 0.169
18 20 0.097
18 66 0.127
18 82 0.156
19 77 0.625
19 49 0.992
19 85 0.381
19 25 0.737
19 68 0.855
19 65 0.611
19 93 0.657
19 47 0.879
19 35 0.809
19 64 0.673
19 97 0.611
19 80 0.793
19 83 0.544
19 88 0.606
19 23 0.248
19 51 0.603
19 82 0.04
19 27 0.45
19 63 0.116
19 89 0.267
19 50 0.195
19 62 0.032
19 66 0.251
19 48 0.185
19 90 0.174
19 74 0.343
19 86 0.158
19 30 0.275
19 76 0.219
19 81 0.15
19 87 0.334
19 22 0.122
19 41 0.164
19 52 0.127
19 54 0.128
19 55 0.156
19 58 0.092
19 70 0.122
20 95 0.59
20 60 0.8
20 68 0.359
20 96 0.602
20 46 0.979
20 59 0.998
20 97 0.646
20 50 0.516
20 76 1
20 43 0.427
20 80 0.584
20 30 0.657
20 62 0.218
20 79 0.752
20 27 0.386
20 70 0.031
20 81 0.19
20 24 0.487
20 32 0.579
20 29 0.304
20 98 0.394
20 86 0.333
20 54 0.26
20 67 0.336
20 48 0.304
20 41 0.131
20 82 0.287
20 87 0.11
20 99 0.322
20 22 0.101
20 37 0.128
20 40 0.461
20 49 0.237
20 58 0.164
20 77 0.051
20 91 0.151
20 93 0.103
20 34 0.094
20 44 0.384
20 74 0.092
20 85 0.092
20 38 0.091
20 64 0.113
20 69 0.146
20 78 0.125
20 84 0.192
21 25 0.991
21 71 0.922
21 83 1
21 32 0.62
21 72 0.931
21 85 1
21 41 0.799
21 24 0.901
21 69 0.588
21 89 0.554
21 99 0.139
21 33 0.881
21 64 0.959
21 94 0.702
21 67 0.602
21 77 0.907
21 27 0.876
21 73 0.985
21 66 0.128
21 50 0.513
21 58 0.686
21 86 0.806
21 90 0.344
21 65 0.403
21 23 0.245
21 49 0.193
21 46 0.155
21 45 0.432
21 48 0.237
21 35 0.037
21 37 0.138
21 57 0.092
21 60 0.032
21 28 0.069
21 31 0.056
21 92 0.102
21 81 0.239
21 88 0.319
21 56 0.198
21 68 0.184
21 91 0.278
21 97 0.104
21 98 0.04
21 22 0.162
21 26 0.217
21 34 0.127
21 75 0.187
21 79 0.141
22 42 0.683
22 45 1
22 79 0.498
22 56 0.982
22 94 0.648
22 40 0.763
22 43 0.745
22 49 0.539
22 50 0.375
22 62 1
22 39 0.832
22 81 0.315
22 61 0.574
22 38 0.493
22 31 0.872
22 66 0.606
22 48 0.217
22 65 0.161
22 97 0.313
22 92 0.451
22 90 0.162
22 32 0.427
22 99 0.622
22 28 0.259
22 46 0.415
22 82 0.242
22 25 0.269
22 37 0.14
22 44 0.126
22 67 0.147
22 73 0.31
22 89 0.026
22 54 0.186
22 64 0.16
22 69 0.092
22 71 0.115
22 74 0.158
22 80 0.148
22 88 0.107
22 96 0.115
23 64 0.907
23 53 0.763
23 85 0.683
23 92 1
23 51 0.437
23 52 0.891
23 54 0.504
23 97 0.884
23 71 0.108
23 61 0.149
23 73 0.943
23 26 0.071
23 77 0.449
23 42 0.403
23 57 0.284
23 25 0.124
23 62 0.366
23 89 0.186
23 78 0.132
23 79 0.276
23 32 0.541
23 33 0.083
23 31 0.124
23 40 0.331
23 84 0.319
23 38 0.193
23 46 0.345
23 50 0.165
23 88 0.294
23 99 0.081
23 30 0.113
23 37 0.211
23 45 0.102
23 69 0.386
23 28 0.031
23 55 0.225
23 83 0.053
23 87 0.234
23 96 0.084
23 98 0.13
23 24 0.176
23 27 0.131
23 43 0.157
23 72 0.108
23 75 0.12
23 86 0.172
24 30 1
24 74 0.667
24 86 0.679
24 33 0.86
24 90 0.707
24 94 0.514
24 54 0.466
24 93 0.051
24 31 0.535
24 36 0.601
24 96 0.478
24 57 0.276
24 51 0.75
24 99 0.698
24 32 0.469
24 63 0.224
24 73 0.626
24 44 0.227
24 59 0.332
24 67 0.271
24 83 0.584
24 25 0.203
24 47 0.566
24 53 0.417
24 69 0.132
24 70 0.285
24 45 0.275
24 79 0.038
24 40 0.331
24 64 0.129
24 97 0.205
24 41 0.152
24 89 0.1
24 92 0.103
25 86 0.638
25 34 0.575
25 78 0.638
25 57 0.896
25 61 0.855
25 47 0.966
25 53 0.608
25 82 0.784
25 32 0.948
25 98 1
25 35 1
25 38 0.946
25 52 0.316
25 72 0.943
25 43 0.462
25 39 0.974
25 99 0.41
25 88 0.819
25 46 0.525
25 91 0.693
25 26 0.225
25 68 0.592
25 89 0.147
25 48 0.301
25 64 0.182
25 73 0.008
25 55 0.114
25 63 0.107
25 74 0.251
25 75 0.272
25 76 0.163
25 67 0.164
25 79 0.184
25 83 0.083
25 85 0.279
25 41 0.128
25 62 0.13
25 87 0.194
26 60 0.701
26 67 0.613
26 85 0.96
26 98 0.711
26 54 0.791
26 63 0.799
26 66 0.606
26 68 0.916
26 69 0.645
26 49 0.618
26 59 0.397
26 64 0.504
26 70 0.12
26 90 0.348
26 30 0.065
26 39 0.718
26 42 0.081
26 43 0.432
26 56 0.4
26 74 0.118
26 76 0.343
26 96 0.232
26 45 0.215
26 31 0.208
26 51 0.184
26 44 0.173
26 77 0.115
26 94 0.11
26 46 0.24
26 88 0.041
26 47 0.127
26 89 0.226
27 64 0.504
27 44 1
27 59 0.526
27 71 0.728
27 93 0.688
27 60 1
27 69 0.679
27 47 0.166
27 49 0.06
27 39 0.212
27 83 0.594
27 74 0.147
27 57 0.317
27 30 0.18
27 41 0.188
27 70 0.378
27 82 0.008
27 52 0.234
27 90 0.031
27 63 0.314
27 77 0.023
27 81 0.131
27 34 0.374
27 55 0.209
27 80 0.031
27 86 0.128
27 54 0.265
27 31 0.157
27 32 0.105
27 35 0.155
27 89 0.201
27 94 0.218
27 33 0.138
27 48 0.168
27 53 0.144
27 58 0.139
27 67 0.077
28 97 0.978
28 89 0.747
28 70 0.469
28 59 0.931
28 51 0.766
28 77 1
28 72 1
28 40 0.888
28 43 0.789
28 54 0.954
28 58 0.281
28 62 0.955
28 57 0.735
28 34 0.754
28 79 0.571
28 87 0.01
28 30 0.321
28 48 0.919
28 73 0.4
28 99 0.011
28 37 0.204
28 95 0.278
28 55 0.218
28 81 0.024
28 84 0.044
28 32 0.143
28 60 0.157
28 76 0.171
29 62 0.609
29 54 0.805
29 90 0.822
29 85 0.612
29 64 0.918
29 78 0.723
29 38 0.478
29 44 1
29 47 0.943
29 96 0.628
29 59 0.984
29 70 0.934
29 94 0.814
29 40 0.045
29 41 0.861
29 48 0.201
29 88 0.781
29 45 0.848
29 49 1
29 53 0.371
29 91 0.269
29 97 0.546
29 84 0.408
29 71 0.439
29 93 0.351
29 81 0.097
29 98 0.124
29 51 0.005
29 56 0.14
29 75 0.099
29 80 0.22
29 68 0.248
29 79 0.277
29 61 0.171
29 35 0.169
29 55 0.129
29 60 0.109
29 69 0.143
29 89 0.144
30 86 0.69
30 50 0.847
30 91 0.998
30 34 1
30 48 0.785
30 87 0.557
30 51 0.89
30 69 0.899
30 35 0.465
30 42 0.899
30 89 0.899
30 98 0.933
30 61 0.763
30 73 0.254
30 37 0.822
30 44 0.832
30 99 0.505
30 80 0.709
30 66 0.866
30 88 0.627
30 92 0.204
30 41 0.218
30 45 0.329
30 63 0.755
30 85 0.076
30 95 0.149
30 31 0.032
30 39 0.021
30 55 0.325
30 59 0.404
30 78 0.162
30 90 0.196
30 94 0.035
30 46 0.123
30 57 0.265
30 72 0.001
30 79 0.217
30 96 0.14
31 89 0.183
31 70 1
31 71 0.576
31 91 0.953
31 66 0.808
31 60 0.94
31 97 0.873
31 80 1
31 42 0.785
31 87 0.467
31 39 0.644
31 57 0.67
31 36 0.236
31 37 0.044
31 76 0.039
31 84 0.179
31 52 0.022
31 54 0.112
31 53 0.257
31 41 0.309
31 64 0.291
31 92 0.028
31 98 0.345
31 33 0.135
31 45 0.184
31 68 0.133
31 93 0.121
32 64 0.503
32 33 0.765
32 47 1
32 51 0.63
32 86 0.726
32 58 0.994
32 74 1
32 48 0.778
32 63 0.599
32 71 0.542
32 94 1
32 60 0.817
32 43 0.392
32 99 0.507
32 73 0.06
32 44 0.154
32 84 0.57
32 55 0.307
32 70 0.308
32 42 0.341
32 68 0.016
32 66 0.222
32 85 0.275
32 98 0.177
32 40 0.231
32 52 0.263
32 56 0.121
32 81 0.115
32 37 0.148
32 46 0.151
32 53 0.171
32 57 0.15
32 65 0.172
32 76 0.11
33 56 1
33 86 0.874
33 61 0.7
33 95 0.775
33 65 0.915
33 75 1
33 67 0.975
33 88 0.896
33 38 0.79
33 73 0.429
33 44 0.584
33 43 0.91
33 40 0.535
33 72 0.158
33 85 0.199
33 55 0.433
33 39 0.193
33 49 0.094
33 99 0.542
33 63 0.24
33 37 0.272
33 52 0.16
33 83 0.328
33 98 0.395
33 54 0.114
33 79 0.289
33 96 0.176
33 80 0.21
33 57 0.149
33 77 0.16
33 89 0.178
33 50 0.196
33 64 0.131
33 84 0.148
34 83 1
34 82 0.859
34 45 0.409
34 85 0.996
34 43 0.871
34 38 0.675
34 72 0.08
34 59 0.557
34 87 0.808
34 53 0.733
34 71 0.713
34 58 0.456
34 86 0.448
34 37 0.327
34 50 0.279
34 40 0.339
34 42 0.233
34 62 0.22
34 74 0.109
34 63 0.198
34 51 0.215
34 79 0.258
34 49 0.037
34 57 0.025
34 81 0.153
34 92 0.056
34 94 0.184
34 41 0.168
34 64 0.126
34 68 0.114
34 70 0.1
34 93 0.177
35 58 0.933
35 40 0.919
35 81 0.801
35 67 1
35 77 0.479
35 65 0.732
35 74 0.61
35 79 0.117
35 80 0.993
35 36 0.871
35 94 0.684
35 38 0.748
35 70 0.179
35 46 0.011
35 92 0.015
35 87 0.62
35 71 0.567
35 72 0.172
35 90 0.41
35 91 0.089
35 53 0.495
35 93 0.538
35 95 0.186
35 41 0.524
35 54 0.341
35 45 0.27
35 49 0.09
35 55 0.332
35 50 0.331
35 42 0.159
35 60 0.16
36 59 0.881
36 67 0.725
36 71 0.556
36 88 0.827
36 75 0.705
36 42 1
36 77 0.584
36 89 1
36 92 0.855
36 37 0.68
36 48 0.732
36 40 0.408
36 94 0.096
36 44 0.107
36 90 0.375
36 54 0.034
36 41 0.181
36 91 0.243
36 74 0.249
36 81 0.166
36 83 0.262
36 87 0.239
36 95 0.339
36 58 0.117
36 93 0.026
36 38 0.156
36 46 0.121
36 52 0.153
37 94 0.433
37 71 1
37 70 0.94
37 95 0.848
37 50 0.929
37 72 0.716
37 51 0.619
37 74 0.591
37 80 0.524
37 83 0.861
37 68 0.481
37 40 0.398
37 41 0.574
37 93 0.8
37 44 0.533
37 89 0.487
37 52 0.214
37 57 0.976
37 69 0.464
37 49 0.404
37 75 0.751
37 77 0.413
37 84 0.25
37 76 0.126
37 63 0.02
37 85 0.616
37 39 0.212
37 82 0.002
37 47 0.247
37 90 0.137
37 56 0.11
37 58 0.141
38 74 0.965
38 56 1
38 72 0.486
38 71 0.943
38 43 0.154
38 44 0.619
38 45 0.607
38 42 0.887
38 46 0.916
38 97 0.103
38 40 0.768
38 82 0.266
38 98 0.528
38 62 0.182
38 39 0.653
38 76 0.484
38 77 0.159
38 99 0.36
38 84 0.013
38 66 0.13
38 92 0.293
38 96 0.234
38 79 0.137
38 88 0.241
38 89 0.447
38 57 0.07
38 94 0.303
38 41 0.134
38 49 0.148
38 55 0.156
38 70 0.159
38 80 0.188
38 64 0.162
38 93 0.156
39 54 0.863
39 46 0.666
39 96 0.506
39 64 0.825
39 67 0.758
39 99 1
39 81 0.966
39 60 0.977
39 62 0.307
39 77 0.3
39 65 0.512
39 76 0.407
39 87 0.446
39 72 0.115
39 52 0.084
39 93 0.153
39 48 0.103
39 78 0.322
39 63 0.427
39 66 0.342
39 55 0.178
39 89 0.426
39 51 0.14
39 84 0.096
39 88 0.151
39 90 0.132
39 91 0.178
39 95 0.195
40 97 1
40 77 0.497
40 59 0.861
40 99 0.585
40 44 0.345
40 41 0.887
40 49 0.572
40 45 0.963
40 64 0.546
40 81 0.656
40 98 0.364
40 76 0.747
40 74 0.622
40 93 0.21
40 92 0.325
40 55 0.575
40 73 1
40 65 0.697
40 51 0.332
40 90 0.272
40 84 0.292
40 58 0.328
40 71 0.249
40 96 0.117
40 70 0.033
40 79 0.313
40 48 0.121
40 56 0.209
40 85 0.138
41 75 0.667
41 91 0.892
41 45 0.518
41 92 1
41 98 0.755
41 99 0.911
41 79 0.468
41 56 0.439
41 59 0.849
41 51 1
41 60 0.706
41 49 0.537
41 68 0.965
41 87 0.727
41 50 0.797
41 58 0.807
41 65 0.47
41 90 0.026
41 93 0.473
41 57 0.834
41 42 0.031
41 86 0.414
41 43 0.278
41 89 0.111
41 53 0.173
41 64 0.18
41 70 0.119
41 77 0.009
41 46 0.122
41 67 0.121
41 76 0.144
41 96 0.152
42 66 0.469
42 80 0.242
42 45 0.726
42 59 0.949
42 70 0.767
42 55 0.948
42 65 0.344
42 81 0.045
42 89 0.263
42 98 0.22
42 87 0.348
42 51 0.071
42 92 0.358
42 43 0.622
42 48 0.263
42 53 0.405
42 91 0.106
42 60 0.325
42 67 0.182
42 71 0.212
42 58 0.113
42 69 0.23
42 73 0.157
42 79 0.163
42 62 0.175
43 49 0.738
43 98 0.769
43 46 0.999
43 97 0.857
43 66 0.86
43 51 0.842
43 61 0.649
43 85 0.63
43 83 0.575
43 57 0.286
43 60 0.173
43 84 0.448
43 87 0.607
43 73 0.078
43 81 0.039
43 92 0.007
43 94 0.174
43 45 0.153
43 67 0.274
43 79 0.152
43 50 0.122
43 55 0.141
43 65 0.172
44 98 0.716
44 46 0.835
44 89 0.826
44 61 0.706
44 53 0.192
44 88 0.71
44 77 0.272
44 45 0.138
44 48 0.179
44 71 0.252
44 83 0.52
44 90 0.169
44 68 0.667
44 91 0.305
44 56 0.323
44 67 0.11
44 47 0.195
44 59 0.124
44 86 0.248
44 92 0.208
44 80 0.336
44 65 0.196
44 60 0.164
44 97 0.07
44 55 0.149
44 78 0.134
44 99 0.171
45 68 0.752
45 63 0.598
45 87 0.468
45 76 0.572
45 60 0.433
45 61 0.713
45 57 0.879
45 81 0.094
45 82 0.522
45 47 0.595
45 91 0.351
45 55 0.104
45 51 0.595
45 99 0.384
45 48 0.187
45 59 0.342
45 69 0.152
45 80 0.249
45 93 0.058
45 94 0.034
45 52 0.286
45 66 0.155
45 71 0.239
45 88 0.034
45 46 0.157
46 79 0.624
46 67 0.895
46 61 0.452
46 85 0.521
46 69 0.644
46 72 1
46 97 0.538
46 87 0.554
46 73 0.7
46 76 0.811
46 86 0.532
46 57 0.252
46 83 0.544
46 53 0.388
46 90 0.232
46 92 0.106
46 65 0.381
46 59 0.144
46 80 0.134
46 82 0.188
46 95 0.037
46 50 0.181
46 54 0.13
46 64 0.212
46 89 0.205
46 98 0.031
46 49 0.142
46 51 0.13
46 70 0.149
46 71 0.104
46 91 0.117
47 60 1
47 86 0.707
47 98 1
47 96 1
47 90 1
47 80 0.649
47 49 0.943
47 55 0.507
47 84 0.949
47 70 0.401
47 57 0.741
47 61 0.439
47 73 0.111
47 48 0.001
47 76 0.284
47 71 0.151
47 52 0.159
47 68 0.213
47 69 0.303
47 53 0.135
47 67 0.209
47 99 0.213
47 56 0.192
47 59 0.191
47 63 0.199
47 88 0.197
48 53 0.58
48 89 0.703
48 98 1
48 68 0.422
48 61 0.912
48 54 1
48 77 0.993
48 81 0.686
48 59 0.402
48 95 0.749
48 70 1
48 73 0.468
48 85 0.072
48 50 0.488
48 65 0.559
48 72 0.378
48 80 0.123
48 99 0.157
48 51 0.278
48 56 0.132
48 52 0.142
48 76 0.204
48 86 0.033
48 67 0.141
48 78 0.165
48 88 0.15
49 66 0.845
49 55 1
49 50 0.612
49 53 0.765
49 85 1
49 54 1
49 88 0.388
49 73 0.525
49 84 0.548
49 96 0.613
49 86 0.654
49 68 0.29
49 74 0.093
49 89 0.167
49 52 0.007
49 61 0.151
49 65 0.173
49 82 0.188
49 62 0.145
49 64 0.21
49 83 0.174
49 97 0.215
49 99 0.253
49 76 0.185
49 78 0.189
49 98 0.106
50 72 0.843
50 55 0.788
50 59 0.908
50 87 0.585
50 84 0.291
50 82 0.087
50 93 0.379
50 60 0.569
50 96 0.167
50 52 0.385
50 54 0.028
50 70 0.039
50 51 0.076
50 71 0.323
50 85 0.246
50 90 0.147
50 92 0.135
50 56 0.028
50 66 0.216
50 81 0.137
50 86 0.159
51 77 0.565
51 99 0.661
51 65 0.324
51 64 0.659
51 81 0.501
51 85 0.67
51 90 0.679
51 86 0.048
51 78 0.164
51 70 0.059
51 53 0.184
51 69 0.298
51 75 0.289
51 66 0.246
51 52 0.209
51 61 0.058
51 97 0.03
51 76 0.087
51 96 0.153
51 59 0.149
51 67 0.12
52 59 0.464
52 78 0.772
52 94 0.877
52 67 0.726
52 60 0.843
52 91 0.882
52 84 0.619
52 56 0.084
52 72 0.656
52 86 0.24
52 89 0.354
52 97 0.179
52 69 0.139
52 80 0.118
52 96 0.008
52 98 0.224
52 68 0.212
52 74 0.22
52 88 0.091
52 63 0.182
52 93 0.08
52 53 0.205
52 62 0.183
52 65 0.126
52 79 0.201
53 67 0.66
53 56 0.852
53 59 0.611
53 72 0.887
53 68 0.067
53 62 0.772
53 81 0.172
53 87 0.307
53 74 0.262
53 96 0.175
53 94 0.118
53 54 0.199
53 64 0.135
53 95 0.172
54 71 0.728
54 60 0.988
54 92 0.751
54 74 0.351
54 94 0.575
54 99 0.303
54 67 0.389
54 72 0.69
54 78 0.509
54 61 0.107
54 82 0.217
54 95 0.163
54 57 0.068
54 79 0.144
54 83 0.139
55 83 0.816
55 88 0.568
55 75 0.63
55 57 0.725
55 84 0.638
55 74 0.621
55 66 0.448
55 72 0.471
55 71 0.095
55 99 0.349
55 64 0.244
55 59 0.394
55 65 0.316
55 67 0.04
55 78 0.489
55 79 0.328
55 87 0.088
55 90 0.183
55 91 0.026
55 92 0.223
55 60 0.168
55 68 0.173
55 93 0.107
56 65 0.163
56 96 0.701
56 99 0.772
56 97 0.816
56 95 0.506
56 78 0.32
56 74 0.667
56 73 0.281
56 62 0.337
56 89 0.481
56 82 0.298
56 81 0.271
56 63 0.253
56 69 0.244
56 84 0.439
56 90 0.043
56 92 0.076
56 60 0.291
56 75 0.139
56 76 0.179
56 77 0.171
57 85 0.059
57 83 0.5
57 87 0.985
57 77 1
57 80 0.532
57 93 0.696
57 89 0.931
57 98 0.951
57 86 0.858
57 69 0.876
57 64 0.577
57 67 0.598
57 63 0.741
57 99 0.169
57 59 0.29
57 72 0.071
57 73 0.111
57 70 0.089
57 79 0.212
57 94 0.211
57 61 0.15
58 98 0.578
58 84 1
58 66 1
58 97 0.497
58 78 0.377
58 59 0.043
58 95 0.131
58 79 0.194
58 61 0.227
58 72 0.221
58 73 0.397
58 75 0.416
58 80 0.048
58 60 0.391
58 62 0.175
58 74 0.071
58 76 0.02
58 99 0.117
58 93 0.175
58 96 0.179
59 65 0.678
59 87 0.53
59 71 0.975
59 60 0.516
59 77 0.459
59 72 0.66
59 82 0.641
59 88 0.351
59 64 0.772
59 74 0.057
59 84 0.85
59 73 0.488
59 85 0.156
59 79 0.016
59 96 0.28
59 69 0.133
59 83 0.22
60 88 0.842
60 75 1
60 64 0.527
60 80 0.742
60 73 0.346
60 62 0.481
60 91 0.111
60 67 0.146
60 63 0.059
60 77 0.152
60 85 0.129
60 87 0.25
60 96 0.025
60 70 0.201
60 95 0.121
61 78 0.995
61 80 0.877
61 86 0.81
61 70 0.417
61 85 0.537
61 63 0.345
61 71 0.236
61 82 0.217
61 69 0.138
61 91 0.128
61 92 0.218
61 94 0.073
61 74 0.061
61 76 0.201
61 96 0.184
61 79 0.116
61 84 0.193
62 98 1
62 90 0.945
62 82 0.628
62 71 0.618
62 83 0.537
62 75 0.441
62 86 0.522
62 87 0.377
62 67 0.78
62 68 0.571
62 96 0.032
62 65 0.416
62 78 0.113
62 73 0.065
62 80 0.145
62 77 0.199
62 74 0.195
63 77 0.541
63 64 1
63 86 0.899
63 92 0.296
63 70 0.539
63 73 0.266
63 96 0.001
63 67 0.225
63 95 0.105
63 81 0.191
63 87 0.147
63 80 0.151
63 84 0.163
63 85 0.218
63 94 0.138
64 75 0.774
64 81 0.779
64 72 1
64 80 0.954
64 84 0.575
64 88 0.237
64 87 0.505
64 77 0.355
64 66 0.159
64 94 0.165
64 97 0.061
64 99 0.384
64 93 0.125
64 68 0.184
64 70 0.181
64 71 0.176
64 85 0.104
64 92 0.167
64 98 0.172
65 80 0.596
65 73 1
65 95 0.708
65 74 0.427
65 82 0.276
65 68 0.673
65 75 0.419
65 87 0.444
65 71 0.006
65 85 0.431
65 93 0.203
65 66 0.385
65 72 0.249
65 89 0.116
65 86 0.16
66 95 0.51
66 76 0.819
66 74 0.587
66 88 0.653
66 83 0.438
66 94 0.391
66 96 0.109
66 69 0.218
66 86 0.099
66 90 0.275
66 92 0.143
67 70 0.838
67 92 1
67 77 0.54
67 90 0.861
67 83 0.902
67 80 0.209
67 85 0.136
67 76 0.372
67 87 0.312
67 72 0.042
67 86 0.072
67 88 0.157
67 91 0.012
67 68 0.288
67 89 0.15
68 89 0.945
68 97 0.992
68 93 0.822
68 92 0.719
68 79 0.868
68 91 0.415
68 95 0.652
68 85 0.327
68 84 0.081
68 96 0.233
68 74 0.067
68 87 0.07
68 98 0.146
68 78 0.157
69 80 1
69 94 0.44
69 89 0.345
69 82 0.618
69 96 0.561
69 72 0.236
69 77 0.223
69 84 0.292
69 98 0.6
69 91 0.646
69 97 0.516
69 90 0.141
69 95 0.121
69 76 0.028
69 71 0.202
69 87 0.382
69 92 0.198
69 99 0.203
69 78 0.158
69 74 0.195
69 79 0.136
70 73 0.801
70 81 0.7
70 91 0.261
70 95 0.215
70 75 0.541
70 92 0.194
70 90 0.107
70 99 0.007
70 71 0.116
70 72 0.156
70 85 0.124
71 79 0.821
71 89 0.811
71 93 1
71 72 0.545
71 88 0.318
71 94 0.655
71 92 0.385
71 77 0.736
71 90 0.699
71 91 0.566
71 98 0.427
71 96 0.329
71 86 0.21
71 97 0.163
71 99 0.22
71 74 0.189
71 83 0.351
71 87 0.175
72 87 0.251
72 97 0.851
72 75 0.474
72 78 0.618
72 79 0.804
72 88 0.764
72 96 0.165
72 82 0.385
72 77 0.103
72 76 0.361
72 98 0.023
72 83 0.121
72 85 0.107
73 83 0.702
73 82 1
73 98 0.797
73 89 0.598
73 86 0.607
73 92 0.638
73 96 0.137
73 88 0.213
73 84 0.134
73 94 0.1
73 95 0.123
73 97 0.176
74 98 0.517
74 87 1
74 78 0.403
74 92 0.935
74 80 0.508
74 96 0.722
74 84 0.091
74 75 0.474
74 81 0.393
74 95 0.583
74 90 0.191
74 91 0.079
74 82 0.124
74 86 0.237
74 99 0.057
75 95 0.867
75 78 0.477
75 99 0.839
75 83 0.525
75 87 0.375
75 98 0.521
75 88 0.347
75 81 0.757
75 90 0.065
75 86 0.118
75 91 0.171
75 93 0.076
75 97 0.151
75 85 0.173
75 92 0.183
76 91 0.903
76 89 0.778
76 90 0.953
76 78 0.705
76 80 0.28
76 99 0.19
76 97 0.165
76 82 0.293
76 79 0.163
76 88 0.106
77 83 0.847
77 82 0.789
77 88 0.375
77 89 0.148
77 94 0.28
77 92 0.358
77 93 0.309
77 95 0.308
77 96 0.115
77 85 0.177
77 86 0.138
78 98 0.628
78 96 0.757
78 90 1
78 88 0.97
78 80 0.684
78 83 0.731
78 91 0.029
78 97 0.082
78 92 0.143
78 99 0.178
79 85 0.97
79 81 0.163
79 87 0.225
79 95 0.017
79 98 0.102
79 82 0.082
79 94 0.112
79 80 0.13
80 82 1
80 98 0.349
80 87 0.915
80 95 1
80 96 0.406
80 84 0.685
80 81 0.162
80 89 0.319
80 86 0.036
80 97 0.376
80 90 0.148
81 84 1
81 90 0.111
81 89 0.93
81 88 0.897
81 87 0.604
81 82 0.328
81 95 0.596
81 83 0.079
81 93 0.344
81 96 0.136
81 85 0.184
81 92 0.145
82 90 0.876
82 83 0.48
82 98 0.201
82 94 0.333
82 97 0.141
82 86 0.34
82 87 0.415
82 89 0.272
82 91 0.238
82 93 0.164
83 99 0.39
83 89 0.162
83 87 0.632
83 94 0.284
83 95 0.483
83 98 0.143
83 91 0.263
83 96 0.384
84 98 0.893
84 88 0.332
84 85 0.064
84 96 0.15
84 99 0.141
84 95 0.181
85 98 0.915
85 92 0.555
85 97 0.322
85 93 0.224
85 95 0.209
85 99 0.221
85 94 0.179
85 86 0.154
86 87 0.512
86 97 0.483
86 92 0.306
86 95 0.372
86 91 0.151
87 95 1
87 91 0.401
87 93 0.644
87 97 0.113
87 92 0.125
87 90 0.179
87 94 0.196
87 98 0.119
88 98 0.665
88 89 0.211
88 97 0.134
88 92 0.195
88 95 0.18
89 93 0.926
89 92 1
89 90 0.651
89 96 0.221
89 97 0.368
90 97 0.453
90 92 0.397
90 99 0.236
90 98 0.052
90 96 0.113
91 93 0.84
91 96 0.194
92 99 0.175
92 98 0.158
93 95 0.393
93 99 0.566
93 97 0.088
95 96 0.68
95 98 0.087
95 99 0.134
97 99 0.106
