0 15 1
0 96 1
0 42 0.707
0 99 1
0 50 0.576
0 51 0.537
0 54 0.958
0 80 1
0 27 0.829
0 59 0.898
0 81 0.946
0 16 0.978
0 84 0.643
0 21 0.687
0 90 1
0 43 0.526
0 97 0.102
0 36 0.158
0 69 0.204
0 20 0.162
0 45 0.157
0 57 0.136
0 6 0.182
0 18 0.151
0 33 0.137
0 65 0.138
0 86 0.182
0 87 0.189
0 37 0.117
0 72 0.205
0 75 0.155
0 79 0.204
0 22 0.138
0 49 0.157
0 64 0.164
0 3 0.138
0 9 0.163
0 12 0.146
0 14 0.124
0 19 0.103
0 76 0.127
0 89 0.141
0 13 0.122
0 23 0.16
0 24 0.165
0 35 0.167
0 38 0.142
0 58 0.187
0 94 0.14
0 4 0.113
0 17 0.204
0 48 0.143
0 52 0.179
0 61 0.077
0 63 0.148
0 66 0.131
0 7 0.212
0 11 0.181
0 26 0.116
0 34 0.172
0 40 0.15
0 41 0.176
0 77 0.186
0 82 0.14
0 85 0.18
0 92 0.099
0 1 0.127
0 8 0.131
0 10 0.186
0 30 0.171
0 60 0.154
0 67 0.16
0 68 0.189
0 71 0.15
0 74 0.135
0 83 0.126
1 55 0.838
1 84 1
1 49 0.599
1 37 0.545
1 48 0.719
1 50 0.852
1 93 0.718
1 45 0.906
1 86 0.918
1 97 0.735
1 9 0.51
1 2 0.51
1 35 0.644
1 82 0.11
1 16 0.164
1 79 0.103
1 74 0.175
1 11 0.146
1 52 0.143
1 96 0.188
1 15 0.149
1 27 0.163
1 94 0.167
1 23 0.156
1 22 0.178
1 34 0.097
1 6 0.09
1 40 0.175
1 41 0.188
1 12 0.149
1 14 0.184
1 18 0.146
1 26 0.165
1 33 0.09
1 51 0.127
1 89 0.199
1 98 0.138
1 17 0.154
1 36 0.203
1 42 0.148
1 47 0.079
1 59 0.109
1 67 0.111
1 90 0.126
1 99 0.128
1 29 0.156
1 38 0.123
1 57 0.153
1 61 0.133
1 4 0.151
1 7 0.14
1 8 0.124
1 28 0.154
1 31 0.129
1 56 0.149
1 58 0.09
1 70 0.16
1 75 0.118
1 80 0.174
1 92 0.185
1 30 0.142
1 44 0.138
1 46 0.121
1 53 0.135
1 63 0.191
1 66 0.082
1 71 0.163
1 76 0.155
1 83 0.122
1 88 0.141
1 91 0.17
1 5 0.12
1 25 0.142
1 43 0.179
1 60 0.077
1 69 0.148
1 72 0.165
1 73 0.094
1 87 0.159
2 59 0.833
2 77 0.536
2 82 0.845
2 81 0.66
2 62 0.834
2 7 0.944
2 44 0.815
2 36 1
2 9 0.636
2 34 0.952
2 28 0.694
2 23 0.772
2 58 0.551
2 33 0.893
2 31 0.135
2 17 0.184
2 80 0.16
2 96 0.135
2 13 0.121
2 3 0.214
2 11 0.184
2 98 0.138
2 94 0.16
2 95 0.205
2 4 0.139
2 29 0.187
2 56 0.155
2 73 0.12
2 92 0.165
2 10 0.156
2 20 0.172
2 24 0.143
2 26 0.156
2 49 0.161
2 64 0.167
2 66 0.148
2 39 0.113
2 38 0.142
2 47 0.131
2 68 0.15
2 76 0.16
2 79 0.146
2 5 0.146
2 12 0.129
2 15 0.136
2 18 0.122
2 43 0.096
2 51 0.167
2 55 0.164
2 61 0.168
2 63 0.14
2 75 0.17
2 88 0.125
2 93 0.155
2 14 0.167
2 19 0.145
2 22 0.136
2 25 0.187
2 27 0.184
2 35 0.129
2 37 0.11
2 41 0.159
2 42 0.168
2 60 0.132
2 85 0.149
2 87 0.132
2 16 0.107
2 32 0.127
2 48 0.174
2 50 0.152
2 54 0.146
2 70 0.173
2 71 0.205
2 83 0.155
2 84 0.139
2 86 0.109
3 48 1
3 72 0.626
3 45 0.632
3 90 1
3 10 0.737
3 11 0.96
3 91 0.715
3 85 0.6
3 81 1
3 6 1
3 99 0.897
3 43 0.813
3 65 0.703
3 82 0.592
3 39 0.13
3 33 0.135
3 22 0.117
3 4 0.193
3 75 0.154
3 38 0.143
3 53 0.157
3 49 0.214
3 66 0.155
3 74 0.186
3 88 0.132
3 7 0.163
3 31 0.196
3 41 0.137
3 71 0.139
3 83 0.128
3 16 0.166
3 58 0.103
3 76 0.136
3 77 0.152
3 9 0.146
3 12 0.176
3 23 0.142
3 42 0.166
3 44 0.164
3 69 0.143
3 97 0.115
3 34 0.187
3 35 0.131
3 56 0.189
3 63 0.161
3 64 0.156
3 67 0.117
3 98 0.152
3 14 0.142
3 15 0.172
3 17 0.104
3 20 0.173
3 60 0.178
3 62 0.119
3 78 0.14
3 79 0.144
3 80 0.179
3 86 0.095
3 19 0.188
3 24 0.143
3 32 0.177
3 40 0.141
3 47 0.138
3 52 0.123
3 59 0.152
3 73 0.13
3 87 0.151
3 93 0.13
3 94 0.172
3 96 0.1
3 5 0.204
3 8 0.174
3 13 0.116
3 18 0.131
3 25 0.098
3 26 0.236
3 29 0.158
3 30 0.118
3 50 0.113
3 54 0.145
3 57 0.132
3 68 0.147
3 95 0.168
4 32 0.945
4 60 0.631
4 71 0.775
4 97 0.864
4 12 1
4 5 0.632
4 15 0.666
4 65 0.951
4 84 0.639
4 66 0.815
4 25 0.968
4 44 0.607
4 62 0.775
4 49 0.521
4 11 0.528
4 14 0.81
4 43 0.7
4 48 0.672
4 76 0.953
4 47 0.529
4 81 0.53
4 7 0.861
4 57 0.165
4 56 0.165
4 89 0.156
4 50 0.179
4 9 0.144
4 83 0.081
4 8 0.173
4 39 0.15
4 53 0.124
4 18 0.111
4 20 0.146
4 22 0.173
4 41 0.091
4 67 0.108
4 33 0.139
4 63 0.123
4 82 0.168
4 16 0.189
4 23 0.111
4 42 0.142
4 52 0.105
4 59 0.148
4 78 0.166
4 90 0.155
4 91 0.144
4 94 0.105
4 95 0.146
4 35 0.182
4 37 0.134
4 46 0.21
4 58 0.147
4 61 0.141
4 64 0.121
4 92 0.217
4 26 0.155
4 40 0.161
4 55 0.135
4 70 0.118
4 74 0.195
4 6 0.12
4 17 0.133
4 36 0.184
4 51 0.192
4 68 0.183
4 69 0.167
4 77 0.098
4 79 0.181
4 98 0.133
4 10 0.178
4 24 0.145
4 27 0.108
4 31 0.192
4 38 0.193
4 45 0.159
4 75 0.152
4 80 0.122
4 86 0.126
4 96 0.139
5 46 0.919
5 57 0.823
5 6 0.681
5 55 0.873
5 23 0.831
5 28 0.806
5 69 0.963
5 17 0.907
5 89 0.748
5 51 1
5 50 1
5 34 0.913
5 93 1
5 77 0.696
5 97 0.808
5 49 0.772
5 95 1
5 56 0.894
5 63 0.935
5 31 0.533
5 75 0.586
5 33 0.11
5 54 0.134
5 90 0.172
5 21 0.166
5 64 0.163
5 26 0.142
5 83 0.137
5 84 0.165
5 65 0.106
5 80 0.165
5 47 0.16
5 53 0.143
5 58 0.164
5 59 0.167
5 94 0.174
5 41 0.138
5 81 0.201
5 9 0.136
5 27 0.154
5 45 0.113
5 52 0.156
5 7 0.131
5 13 0.209
5 16 0.174
5 19 0.189
5 76 0.112
5 91 0.094
5 99 0.198
5 24 0.127
5 61 0.138
5 68 0.151
5 70 0.142
5 82 0.093
5 92 0.207
5 8 0.16
5 29 0.172
5 30 0.15
5 36 0.113
5 37 0.163
5 42 0.139
5 67 0.153
5 87 0.15
5 10 0.137
5 12 0.197
5 14 0.131
5 18 0.125
5 32 0.125
5 35 0.151
5 40 0.156
5 60 0.096
5 62 0.139
5 71 0.136
5 73 0.143
5 85 0.171
6 76 0.799
6 62 0.844
6 32 0.935
6 85 0.681
6 73 1
6 54 0.797
6 10 0.675
6 37 0.967
6 48 0.536
6 96 0.934
6 36 0.603
6 51 0.869
6 17 0.532
6 53 0.639
6 18 0.803
6 35 0.633
6 42 0.936
6 40 0.574
6 59 0.14
6 27 0.163
6 23 0.108
6 49 0.163
6 81 0.153
6 90 0.182
6 98 0.131
6 44 0.168
6 45 0.161
6 75 0.183
6 9 0.168
6 14 0.165
6 61 0.173
6 86 0.165
6 16 0.146
6 77 0.151
6 15 0.119
6 55 0.139
6 70 0.177
6 99 0.192
6 11 0.205
6 12 0.167
6 67 0.163
6 72 0.147
6 89 0.123
6 92 0.18
6 94 0.098
6 19 0.156
6 71 0.148
6 82 0.139
6 97 0.16
6 20 0.172
6 21 0.142
6 39 0.158
6 58 0.159
6 7 0.126
6 8 0.091
6 13 0.172
6 52 0.127
6 63 0.137
6 66 0.125
6 69 0.138
6 80 0.191
6 30 0.18
6 31 0.144
6 33 0.21
6 34 0.146
6 38 0.138
6 41 0.145
6 46 0.164
6 50 0.133
6 60 0.123
6 78 0.126
6 79 0.227
6 91 0.194
6 93 0.158
7 65 0.846
7 17 0.835
7 55 0.594
7 83 0.602
7 82 0.722
7 41 1
7 25 0.555
7 90 0.919
7 22 0.636
7 46 0.753
7 62 0.559
7 73 0.601
7 89 0.154
7 36 0.189
7 72 0.142
7 13 0.155
7 11 0.125
7 58 0.136
7 34 0.196
7 43 0.136
7 38 0.158
7 30 0.158
7 71 0.22
7 8 0.121
7 9 0.167
7 19 0.187
7 21 0.149
7 79 0.154
7 93 0.173
7 95 0.104
7 96 0.077
7 20 0.157
7 88 0.175
7 27 0.126
7 31 0.152
7 57 0.151
7 44 0.208
7 59 0.143
7 67 0.182
7 97 0.179
7 56 0.147
7 74 0.115
7 80 0.12
7 85 0.125
7 91 0.167
7 10 0.116
7 14 0.145
7 26 0.093
7 32 0.194
7 33 0.183
7 53 0.161
7 63 0.176
7 69 0.134
7 75 0.136
7 98 0.11
7 18 0.14
7 24 0.168
7 47 0.105
7 50 0.145
7 66 0.144
7 68 0.18
7 76 0.165
7 77 0.19
7 81 0.174
7 84 0.145
7 99 0.16
8 15 0.776
8 47 1
8 35 0.949
8 96 0.853
8 22 0.63
8 25 0.502
8 86 0.876
8 29 0.922
8 82 0.528
8 44 0.635
8 26 0.805
8 57 0.604
8 46 0.565
8 68 0.175
8 70 0.101
8 78 0.21
8 39 0.138
8 59 0.108
8 45 0.165
8 89 0.181
8 81 0.096
8 83 0.136
8 28 0.195
8 66 0.088
8 87 0.141
8 37 0.172
8 40 0.132
8 58 0.173
8 90 0.222
8 21 0.157
8 36 0.116
8 76 0.119
8 11 0.113
8 18 0.202
8 19 0.121
8 49 0.083
8 72 0.171
8 12 0.141
8 34 0.178
8 71 0.144
8 75 0.159
8 10 0.152
8 16 0.185
8 48 0.149
8 54 0.137
8 62 0.182
8 92 0.121
8 9 0.12
8 17 0.127
8 23 0.164
8 24 0.138
8 53 0.132
8 55 0.136
8 61 0.121
8 63 0.172
8 98 0.142
8 51 0.163
8 56 0.114
8 64 0.146
8 67 0.131
8 74 0.163
8 80 0.224
8 84 0.191
8 93 0.166
8 95 0.13
8 97 0.152
8 99 0.131
8 13 0.158
8 14 0.051
8 31 0.148
8 38 0.122
8 41 0.147
8 77 0.171
8 88 0.195
8 91 0.14
9 51 0.886
9 70 0.819
9 58 1
9 87 0.75
9 82 0.583
9 35 0.778
9 92 0.8
9 95 0.894
9 42 1
9 97 0.889
9 50 0.994
9 69 0.706
9 43 0.589
9 67 0.5
9 39 0.85
9 31 0.762
9 37 0.956
9 66 0.836
9 73 0.586
9 93 0.724
9 64 0.734
9 84 0.85
9 79 0.173
9 18 0.178
9 14 0.157
9 57 0.145
9 65 0.135
9 33 0.167
9 41 0.151
9 55 0.155
9 59 0.197
9 83 0.129
9 10 0.146
9 38 0.116
9 56 0.168
9 24 0.196
9 53 0.157
9 76 0.177
9 29 0.149
9 11 0.134
9 48 0.137
9 68 0.107
9 75 0.155
9 81 0.176
9 44 0.183
9 46 0.186
9 54 0.164
9 77 0.141
9 34 0.195
9 40 0.211
9 80 0.116
9 99 0.182
9 19 0.093
9 36 0.146
9 72 0.168
9 94 0.155
9 15 0.157
9 17 0.14
9 20 0.222
9 32 0.172
9 52 0.181
9 71 0.163
9 78 0.246
9 85 0.112
9 90 0.176
9 12 0.169
9 21 0.132
9 22 0.134
9 23 0.151
9 26 0.204
9 27 0.144
9 30 0.144
9 47 0.157
9 49 0.161
9 62 0.157
9 63 0.159
9 88 0.111
9 89 0.121
9 91 0.121
9 98 0.136
10 53 0.975
10 18 0.693
10 64 0.817
10 94 1
10 88 0.901
10 79 1
10 12 0.965
10 37 1
10 17 0.763
10 51 0.821
10 86 0.553
10 84 0.984
10 26 0.975
10 20 0.921
10 30 0.889
10 70 0.665
10 85 0.967
10 48 1
10 69 0.641
10 19 0.504
10 72 0.182
10 57 0.184
10 14 0.118
10 50 0.159
10 61 0.138
10 49 0.158
10 66 0.127
10 68 0.167
10 47 0.115
10 33 0.139
10 74 0.148
10 31 0.159
10 36 0.147
10 52 0.163
10 76 0.197
10 81 0.186
10 42 0.132
10 92 0.159
10 44 0.16
10 16 0.149
10 34 0.202
10 39 0.169
10 71 0.128
10 75 0.173
10 87 0.154
10 97 0.198
10 98 0.174
10 15 0.201
10 25 0.172
10 28 0.151
10 40 0.148
10 56 0.13
10 58 0.187
10 60 0.161
10 62 0.105
10 73 0.199
10 77 0.133
10 78 0.175
10 11 0.114
10 13 0.154
10 23 0.176
10 24 0.183
10 41 0.163
10 43 0.191
10 67 0.162
10 83 0.137
10 89 0.122
10 95 0.156
10 99 0.133
11 86 1
11 70 0.863
11 92 0.616
11 60 0.993
11 58 0.783
11 84 0.675
11 49 0.776
11 59 0.747
11 36 0.714
11 29 1
11 18 1
11 54 0.648
11 57 0.845
11 82 0.75
11 95 0.52
11 45 1
11 97 0.572
11 39 0.876
11 44 0.503
11 81 0.133
11 71 0.192
11 37 0.155
11 55 0.153
11 87 0.167
11 22 0.128
11 89 0.123
11 42 0.132
11 99 0.139
11 24 0.168
11 62 0.177
11 41 0.171
11 56 0.173
11 64 0.151
11 75 0.149
11 34 0.164
11 69 0.135
11 72 0.121
11 74 0.177
11 16 0.201
11 23 0.168
11 43 0.121
11 51 0.112
11 65 0.183
11 73 0.13
11 79 0.113
11 94 0.147
11 38 0.156
11 40 0.148
11 93 0.17
11 48 0.13
11 78 0.107
11 17 0.162
11 20 0.139
11 25 0.161
11 31 0.193
11 35 0.094
11 46 0.205
11 50 0.186
11 52 0.102
11 80 0.177
11 91 0.132
11 13 0.144
11 14 0.113
11 19 0.157
11 61 0.162
11 67 0.126
11 85 0.18
12 44 0.576
12 36 1
12 63 0.884
12 78 0.763
12 61 0.863
12 94 0.765
12 93 0.968
12 51 0.998
12 56 0.677
12 54 0.509
12 73 0.787
12 89 0.645
12 64 0.897
12 42 0.744
12 75 0.611
12 84 0.73
12 13 0.522
12 95 0.508
12 96 0.629
12 43 0.182
12 87 0.132
12 97 0.183
12 26 0.188
12 59 0.143
12 81 0.125
12 19 0.142
12 46 0.17
12 98 0.148
12 29 0.2
12 17 0.171
12 35 0.177
12 38 0.183
12 66 0.12
12 67 0.151
12 27 0.191
12 33 0.182
12 39 0.204
12 49 0.171
12 68 0.174
12 86 0.163
12 88 0.138
12 14 0.139
12 48 0.144
12 52 0.124
12 57 0.185
12 58 0.148
12 85 0.142
12 90 0.202
12 16 0.096
12 20 0.221
12 28 0.189
12 30 0.151
12 41 0.122
12 45 0.094
12 69 0.125
12 74 0.137
12 83 0.123
12 92 0.213
12 18 0.177
12 22 0.144
12 32 0.087
12 34 0.137
12 37 0.151
12 50 0.209
12 53 0.1
12 55 0.112
12 60 0.134
12 62 0.127
12 65 0.181
12 70 0.16
12 72 0.15
12 80 0.137
12 91 0.182
13 74 0.677
13 98 0.742
13 64 1
13 49 1
13 95 0.723
13 22 0.945
13 27 0.95
13 42 1
13 21 1
13 15 0.672
13 18 0.663
13 90 0.951
13 45 0.65
13 79 0.896
13 94 0.567
13 71 0.638
13 93 0.085
13 81 0.18
13 41 0.215
13 72 0.111
13 46 0.168
13 69 0.15
13 36 0.177
13 78 0.16
13 62 0.209
13 53 0.1
13 55 0.133
13 34 0.189
13 44 0.131
13 19 0.145
13 17 0.137
13 39 0.147
13 30 0.095
13 40 0.12
13 60 0.164
13 77 0.109
13 25 0.183
13 43 0.13
13 56 0.211
13 83 0.092
13 31 0.113
13 52 0.139
13 57 0.151
13 61 0.119
13 73 0.137
13 14 0.183
13 29 0.149
13 48 0.162
13 84 0.178
13 86 0.169
13 23 0.156
13 28 0.131
13 38 0.178
13 63 0.165
13 65 0.192
13 68 0.139
13 80 0.099
13 85 0.112
13 89 0.144
13 96 0.145
13 97 0.162
13 26 0.146
13 32 0.153
13 37 0.155
13 50 0.106
13 70 0.138
13 82 0.176
13 99 0.158
14 59 0.682
14 93 0.866
14 73 0.902
14 60 0.67
14 72 0.812
14 99 0.928
14 47 0.9
14 50 1
14 91 0.84
14 69 0.864
14 89 0.644
14 48 0.56
14 97 0.174
14 34 0.126
14 83 0.155
14 87 0.173
14 27 0.16
14 26 0.175
14 79 0.114
14 18 0.141
14 70 0.167
14 51 0.166
14 39 0.121
14 29 0.172
14 33 0.131
14 56 0.17
14 90 0.164
14 85 0.177
14 37 0.176
14 42 0.097
14 38 0.14
14 76 0.142
14 31 0.182
14 65 0.198
14 98 0.185
14 53 0.084
14 67 0.121
14 94 0.147
14 28 0.121
14 58 0.199
14 62 0.103
14 63 0.155
14 75 0.13
14 78 0.169
14 80 0.149
14 96 0.166
14 17 0.149
14 36 0.143
14 41 0.149
14 49 0.101
14 61 0.17
14 74 0.115
14 77 0.154
14 84 0.23
14 92 0.125
14 21 0.129
14 22 0.183
14 30 0.124
14 43 0.189
14 44 0.116
14 45 0.167
14 46 0.151
14 71 0.085
14 82 0.128
14 86 0.169
15 39 1
15 82 0.666
15 42 0.789
15 84 1
15 88 0.844
15 41 0.931
15 28 0.771
15 33 1
15 47 1
15 49 0.801
15 46 0.655
15 32 0.824
15 97 0.604
15 60 0.594
15 52 0.523
15 66 0.737
15 74 0.566
15 93 0.937
15 96 0.838
15 67 0.202
15 56 0.185
15 36 0.131
15 63 0.185
15 92 0.105
15 20 0.12
15 87 0.141
15 44 0.189
15 18 0.172
15 31 0.16
15 35 0.152
15 61 0.124
15 91 0.139
15 17 0.129
15 29 0.168
15 58 0.141
15 38 0.127
15 89 0.136
15 27 0.178
15 64 0.143
15 69 0.175
15 81 0.12
15 94 0.158
15 30 0.182
15 34 0.204
15 43 0.137
15 48 0.143
15 71 0.129
15 76 0.145
15 80 0.146
15 99 0.155
15 16 0.128
15 23 0.16
15 26 0.112
15 45 0.1
15 59 0.116
15 65 0.116
15 77 0.128
15 79 0.107
15 95 0.144
15 98 0.119
15 21 0.179
15 25 0.097
15 50 0.12
15 55 0.149
15 57 0.138
15 70 0.132
15 75 0.179
15 78 0.173
15 85 0.117
16 68 0.632
16 65 0.822
16 62 0.72
16 43 0.985
16 79 0.929
16 58 0.527
16 89 0.627
16 27 0.737
16 47 0.956
16 96 0.516
16 19 0.92
16 24 0.557
16 82 0.565
16 84 1
16 59 0.646
16 17 0.537
16 71 0.592
16 34 0.176
16 57 0.201
16 20 0.168
16 73 0.173
16 55 0.159
16 28 0.136
16 45 0.123
16 42 0.153
16 80 0.106
16 41 0.164
16 69 0.128
16 46 0.12
16 70 0.149
16 81 0.14
16 29 0.162
16 33 0.117
16 30 0.162
16 23 0.113
16 40 0.188
16 48 0.063
16 52 0.159
16 63 0.106
16 66 0.123
16 74 0.141
16 77 0.164
16 78 0.156
16 25 0.111
16 32 0.144
16 35 0.133
16 39 0.109
16 49 0.145
16 56 0.126
16 64 0.159
16 67 0.061
16 83 0.159
16 85 0.145
16 90 0.204
16 22 0.154
16 36 0.191
16 38 0.138
16 53 0.159
16 60 0.187
16 61 0.15
16 76 0.142
16 88 0.215
16 91 0.168
16 92 0.17
16 93 0.165
16 95 0.128
16 97 0.121
16 98 0.164
17 33 0.883
17 95 0.644
17 80 1
17 58 0.775
17 39 1
17 78 0.548
17 70 0.691
17 82 0.535
17 99 0.584
17 63 0.126
17 61 0.196
17 96 0.141
17 55 0.154
17 92 0.222
17 98 0.168
17 24 0.15
17 46 0.161
17 76 0.09
17 36 0.178
17 43 0.143
17 69 0.167
17 94 0.188
17 19 0.135
17 27 0.172
17 30 0.141
17 83 0.122
17 18 0.126
17 32 0.181
17 71 0.137
17 89 0.141
17 40 0.12
17 86 0.18
17 31 0.173
17 41 0.141
17 47 0.136
17 53 0.146
17 56 0.123
17 66 0.169
17 90 0.167
17 22 0.162
17 25 0.129
17 35 0.085
17 42 0.143
17 50 0.207
17 59 0.178
17 68 0.154
17 73 0.153
17 84 0.194
17 91 0.176
17 93 0.098
17 97 0.112
17 21 0.177
17 28 0.131
17 37 0.138
17 44 0.136
17 45 0.242
17 48 0.13
17 54 0.126
17 57 0.162
17 60 0.19
17 65 0.135
17 79 0.151
17 85 0.155
17 88 0.194
18 40 0.693
18 51 0.841
18 61 0.689
18 45 0.543
18 26 0.709
18 76 1
18 32 0.967
18 86 0.831
18 90 0.801
18 22 0.673
18 34 0.532
18 27 0.541
18 38 0.149
18 82 0.143
18 69 0.151
18 49 0.203
18 72 0.137
18 25 0.213
18 33 0.175
18 67 0.187
18 30 0.156
18 36 0.154
18 89 0.113
18 44 0.133
18 77 0.184
18 92 0.142
18 35 0.104
18 39 0.129
18 53 0.102
18 94 0.119
18 24 0.107
18 66 0.127
18 23 0.12
18 31 0.164
18 78 0.104
18 85 0.132
18 97 0.155
18 41 0.194
18 42 0.142
18 47 0.13
18 59 0.153
18 80 0.126
18 20 0.113
18 29 0.179
18 71 0.141
18 75 0.169
18 81 0.133
18 83 0.173
18 91 0.124
18 99 0.142
18 19 0.128
18 37 0.155
18 43 0.166
18 48 0.14
18 50 0.122
18 52 0.192
18 55 0.134
18 56 0.193
18 65 0.158
18 68 0.113
18 70 0.114
18 73 0.164
18 87 0.115
18 88 0.156
18 93 0.123
18 96 0.157
19 77 0.505
19 25 0.696
19 93 0.826
19 47 1
19 35 0.837
19 64 0.963
19 97 0.965
19 88 0.939
19 89 0.957
19 52 0.671
19 21 0.735
19 50 0.757
19 34 0.584
19 38 0.133
19 40 0.168
19 85 0.158
19 42 0.198
19 23 0.119
19 70 0.138
19 72 0.108
19 20 0.145
19 75 0.159
19 82 0.138
19 49 0.119
19 60 0.145
19 86 0.191
19 22 0.207
19 90 0.14
19 68 0.104
19 83 0.133
19 27 0.127
19 30 0.104
19 53 0.113
19 44 0.163
19 45 0.128
19 56 0.092
19 58 0.154
19 59 0.155
19 66 0.119
19 78 0.162
19 80 0.127
19 96 0.202
19 98 0.194
19 46 0.217
19 57 0.133
19 61 0.219
19 73 0.154
19 95 0.133
19 26 0.156
19 29 0.096
19 31 0.142
19 39 0.174
19 63 0.186
19 69 0.182
19 71 0.167
19 81 0.146
19 92 0.178
19 94 0.156
20 95 0.743
20 60 0.969
20 46 0.735
20 59 0.741
20 97 0.973
20 76 0.582
20 27 1
20 24 0.862
20 98 1
20 54 0.815
20 77 0.772
20 65 0.63
20 92 0.521
20 39 0.764
20 35 0.585
20 40 0.881
20 68 0.1
20 75 0.148
20 70 0.122
20 29 0.128
20 31 0.146
20 47 0.174
20 93 0.142
20 32 0.138
20 34 0.113
20 71 0.138
20 90 0.139
20 41 0.15
20 87 0.115
20 26 0.159
20 33 0.152
20 36 0.203
20 81 0.19
20 83 0.201
20 25 0.122
20 61 0.123
20 62 0.152
20 64 0.213
20 72 0.12
20 80 0.131
20 85 0.157
20 94 0.141
20 45 0.198
20 48 0.14
20 51 0.126
20 57 0.157
20 89 0.172
20 30 0.185
20 38 0.124
20 52 0.135
20 53 0.107
20 56 0.141
20 66 0.13
20 73 0.134
20 79 0.146
20 84 0.142
20 86 0.096
20 96 0.153
20 28 0.165
20 43 0.224
20 55 0.164
20 67 0.168
20 78 0.203
20 91 0.117
20 99 0.125
21 25 0.932
21 71 0.681
21 83 0.653
21 32 0.893
21 72 0.617
21 85 0.627
21 41 0.62
21 24 0.917
21 69 1
21 33 1
21 64 0.905
21 73 0.7
21 58 0.818
21 86 0.932
21 52 0.567
21 47 0.626
21 78 0.601
21 66 0.165
21 96 0.139
21 42 0.16
21 74 0.05
21 97 0.141
21 56 0.145
21 70 0.094
21 80 0.164
21 40 0.07
21 45 0.177
21 27 0.123
21 28 0.151
21 34 0.13
21 31 0.127
21 35 0.121
21 77 0.188
21 95 0.177
21 26 0.204
21 51 0.139
21 87 0.123
21 93 0.182
21 22 0.089
21 55 0.157
21 62 0.147
21 76 0.119
21 82 0.183
21 90 0.17
21 92 0.16
21 43 0.128
21 50 0.13
21 57 0.158
21 65 0.159
21 67 0.121
21 88 0.141
21 99 0.149
21 23 0.14
21 29 0.129
21 30 0.189
21 36 0.132
21 44 0.198
21 46 0.089
21 49 0.179
21 53 0.134
21 54 0.131
21 59 0.16
21 60 0.156
21 61 0.146
21 63 0.146
21 68 0.122
21 81 0.158
21 84 0.131
21 89 0.221
21 98 0.169
22 42 0.718
22 56 1
22 40 0.972
22 43 1
22 62 1
22 39 0.971
22 38 0.691
22 31 0.654
22 92 0.858
22 99 0.774
22 71 0.681
22 51 0.864
22 29 0.733
22 27 0.722
22 73 0.545
22 83 0.119
22 55 0.131
22 94 0.217
22 95 0.158
22 96 0.216
22 33 0.13
22 25 0.149
22 47 0.144
22 87 0.144
22 68 0.178
22 88 0.153
22 93 0.164
22 74 0.158
22 44 0.16
22 54 0.165
22 98 0.174
22 66 0.115
22 76 0.136
22 45 0.153
22 61 0.154
22 85 0.174
22 90 0.149
22 49 0.154
22 52 0.176
22 72 0.182
22 84 0.154
22 30 0.149
22 50 0.189
22 59 0.171
22 75 0.174
22 24 0.095
22 26 0.11
22 35 0.168
22 48 0.14
22 57 0.174
22 65 0.152
22 78 0.141
22 81 0.154
22 32 0.15
22 36 0.173
22 37 0.18
22 46 0.171
22 53 0.193
22 60 0.107
22 64 0.134
22 67 0.119
22 69 0.109
22 70 0.121
22 77 0.144
22 80 0.091
22 82 0.105
22 91 0.163
23 64 0.873
23 53 1
23 85 0.732
23 92 0.919
23 52 0.947
23 97 0.803
23 73 0.588
23 77 0.802
23 32 0.825
23 63 0.71
23 61 0.18
23 78 0.156
23 58 0.11
23 37 0.153
23 47 0.08
23 90 0.216
23 48 0.12
23 40 0.182
23 86 0.115
23 96 0.114
23 81 0.107
23 75 0.186
23 24 0.173
23 31 0.117
23 35 0.124
23 39 0.178
23 46 0.124
23 50 0.135
23 67 0.158
23 69 0.157
23 99 0.118
23 45 0.215
23 55 0.131
23 80 0.162
23 93 0.119
23 94 0.159
23 29 0.043
23 43 0.14
23 54 0.125
23 60 0.122
23 25 0.114
23 30 0.187
23 49 0.171
23 87 0.15
23 27 0.118
23 36 0.152
23 38 0.087
23 41 0.11
23 65 0.141
23 70 0.176
23 72 0.149
23 74 0.125
23 82 0.15
23 88 0.149
23 89 0.18
23 95 0.198
24 30 1
24 74 0.753
24 33 0.579
24 90 0.835
24 94 0.599
24 54 0.518
24 36 0.886
24 51 0.705
24 67 0.553
24 83 0.57
24 47 0.956
24 64 0.862
24 28 1
24 37 0.68
24 50 0.523
24 68 0.516
24 77 0.183
24 72 0.159
24 62 0.157
24 88 0.141
24 42 0.166
24 61 0.167
24 25 0.076
24 63 0.191
24 69 0.146
24 84 0.158
24 97 0.156
24 78 0.139
24 92 0.122
24 99 0.113
24 66 0.192
24 93 0.145
24 40 0.196
24 73 0.202
24 96 0.165
24 27 0.102
24 29 0.068
24 52 0.19
24 60 0.153
24 70 0.137
24 76 0.155
24 82 0.131
24 85 0.176
24 95 0.129
24 31 0.159
24 34 0.122
24 38 0.15
24 65 0.203
24 79 0.129
24 87 0.135
24 91 0.173
24 98 0.151
24 39 0.121
24 41 0.119
24 53 0.132
24 55 0.146
24 58 0.136
24 59 0.158
24 71 0.128
24 89 0.168
25 86 0.569
25 34 0.781
25 78 0.721
25 57 0.58
25 61 0.74
25 47 0.959
25 98 0.933
25 38 0.906
25 46 0.686
25 91 0.754
25 68 1
25 87 0.517
25 36 0.747
25 95 0.858
25 74 0.726
25 67 0.797
25 70 0.548
25 27 0.621
25 81 0.169
25 55 0.178
25 99 0.137
25 97 0.196
25 37 0.178
25 72 0.191
25 64 0.117
25 51 0.178
25 63 0.175
25 90 0.1
25 44 0.206
25 85 0.173
25 88 0.138
25 31 0.132
25 35 0.091
25 50 0.171
25 53 0.164
25 58 0.102
25 62 0.134
25 43 0.122
25 76 0.138
25 40 0.13
25 54 0.14
25 93 0.128
25 56 0.149
25 59 0.157
25 73 0.118
25 80 0.158
25 83 0.108
25 92 0.198
25 94 0.073
25 28 0.138
25 29 0.121
25 32 0.122
25 41 0.162
25 42 0.137
25 45 0.125
25 48 0.173
25 77 0.213
25 82 0.141
25 84 0.173
25 89 0.214
26 60 1
26 67 0.956
26 54 0.893
26 66 0.523
26 68 0.836
26 59 1
26 39 0.867
26 40 0.523
26 77 0.127
26 76 0.133
26 34 0.152
26 97 0.168
26 92 0.104
26 52 0.141
26 53 0.146
26 71 0.192
26 73 0.173
26 43 0.143
26 50 0.125
26 89 0.192
26 36 0.187
26 37 0.16
26 46 0.19
26 58 0.116
26 91 0.136
26 45 0.213
26 72 0.175
26 79 0.128
26 93 0.153
26 94 0.113
26 95 0.084
26 28 0.211
26 38 0.175
26 42 0.153
26 56 0.222
26 70 0.127
26 78 0.092
26 41 0.189
26 47 0.124
26 96 0.109
26 33 0.145
26 35 0.151
26 61 0.139
26 64 0.042
26 74 0.15
26 82 0.114
26 88 0.217
26 99 0.221
26 27 0.104
26 44 0.173
26 57 0.124
26 62 0.14
26 75 0.192
26 85 0.187
26 86 0.195
26 87 0.191
27 44 1
27 59 0.585
27 71 0.987
27 60 0.93
27 69 0.514
27 49 0.686
27 41 0.54
27 70 0.928
27 36 1
27 37 0.515
27 95 0.565
27 54 0.171
27 46 0.189
27 76 0.141
27 85 0.133
27 93 0.13
27 63 0.127
27 77 0.132
27 30 0.145
27 48 0.147
27 50 0.164
27 57 0.16
27 31 0.141
27 42 0.143
27 68 0.179
27 80 0.166
27 92 0.131
27 94 0.146
27 53 0.086
27 58 0.172
27 78 0.138
27 84 0.176
27 88 0.092
27 29 0.126
27 32 0.173
27 35 0.159
27 67 0.127
27 74 0.136
27 75 0.135
27 87 0.135
27 91 0.152
27 96 0.133
27 97 0.169
27 34 0.183
27 40 0.111
27 43 0.09
27 62 0.107
27 65 0.145
27 79 0.193
27 83 0.145
27 98 0.114
27 33 0.181
27 38 0.103
27 66 0.177
27 73 0.19
27 81 0.148
27 86 0.19
27 89 0.087
27 90 0.102
27 99 0.158
28 97 0.693
28 89 1
28 59 0.916
28 51 0.856
28 77 0.956
28 72 0.601
28 40 0.659
28 54 0.856
28 62 0.867
28 79 0.762
28 48 0.684
28 60 0.548
28 64 0.61
28 91 0.166
28 67 0.115
28 36 0.147
28 78 0.198
28 98 0.147
28 39 0.197
28 43 0.136
28 80 0.121
28 83 0.156
28 33 0.112
28 35 0.17
28 76 0.174
28 47 0.149
28 57 0.165
28 68 0.142
28 70 0.182
28 81 0.076
28 90 0.201
28 30 0.14
28 46 0.173
28 55 0.181
28 56 0.113
28 69 0.169
28 74 0.138
28 86 0.108
28 93 0.163
28 29 0.153
28 38 0.166
28 52 0.132
28 71 0.095
28 75 0.05
28 84 0.152
28 96 0.131
28 37 0.121
28 44 0.099
28 45 0.13
28 49 0.107
28 58 0.156
28 82 0.131
28 92 0.215
28 95 0.204
28 99 0.128
29 62 0.817
29 54 0.584
29 85 0.53
29 64 0.949
29 38 0.711
29 44 1
29 59 0.575
29 41 0.548
29 88 0.876
29 45 0.763
29 49 0.967
29 97 1
29 84 1
29 35 0.749
29 34 0.166
29 60 0.168
29 76 0.143
29 92 0.201
29 89 0.125
29 65 0.131
29 81 0.146
29 94 0.127
29 56 0.144
29 68 0.101
29 78 0.054
29 72 0.152
29 87 0.111
29 33 0.138
29 51 0.103
29 55 0.144
29 91 0.106
29 95 0.147
29 58 0.15
29 82 0.141
29 36 0.167
29 39 0.214
29 53 0.123
29 93 0.182
29 40 0.156
29 46 0.172
29 48 0.092
29 69 0.145
29 70 0.154
29 79 0.125
29 31 0.16
29 37 0.178
29 50 0.162
29 52 0.097
29 66 0.179
29 77 0.127
29 86 0.132
29 99 0.153
30 86 0.621
30 50 0.881
30 34 1
30 51 0.981
30 69 0.977
30 42 0.978
30 89 0.806
30 61 1
30 44 1
30 92 0.582
30 63 0.807
30 55 1
30 32 0.504
30 75 0.519
30 60 0.133
30 41 0.137
30 72 0.199
30 99 0.148
30 96 0.131
30 33 0.156
30 48 0.129
30 79 0.11
30 31 0.17
30 68 0.127
30 87 0.152
30 91 0.126
30 97 0.088
30 53 0.143
30 66 0.169
30 98 0.129
30 40 0.155
30 45 0.103
30 64 0.156
30 83 0.152
30 88 0.209
30 35 0.156
30 43 0.102
30 56 0.195
30 57 0.174
30 59 0.104
30 71 0.133
30 74 0.127
30 84 0.158
30 94 0.175
30 36 0.168
30 39 0.146
30 46 0.142
30 49 0.121
30 70 0.148
30 73 0.149
30 77 0.14
30 81 0.167
30 93 0.182
31 70 0.731
31 71 1
31 91 0.989
31 66 0.572
31 60 0.953
31 97 0.947
31 80 0.544
31 42 0.893
31 57 0.731
31 41 0.67
31 64 0.661
31 45 0.717
31 68 0.729
31 74 0.728
31 34 0.733
31 38 0.663
31 96 0.157
31 33 0.144
31 83 0.137
31 79 0.12
31 63 0.141
31 94 0.158
31 55 0.176
31 92 0.191
31 65 0.162
31 49 0.113
31 86 0.187
31 36 0.162
31 37 0.21
31 59 0.091
31 73 0.177
31 82 0.183
31 51 0.133
31 53 0.143
31 56 0.185
31 77 0.117
31 85 0.157
31 93 0.135
31 43 0.126
31 48 0.145
31 90 0.127
31 40 0.207
31 46 0.158
31 50 0.111
31 54 0.185
31 81 0.094
31 87 0.135
31 35 0.095
31 52 0.136
31 58 0.146
31 62 0.13
31 72 0.223
31 88 0.115
32 47 0.848
32 51 0.612
32 86 0.807
32 58 0.9
32 74 1
32 71 0.572
32 94 1
32 60 1
32 99 0.912
32 55 0.631
32 56 0.665
32 49 0.505
32 82 0.712
32 73 0.689
32 98 0.503
32 43 0.146
32 34 0.198
32 70 0.124
32 72 0.201
32 77 0.134
32 42 0.198
32 66 0.168
32 76 0.105
32 83 0.07
32 61 0.142
32 91 0.143
32 53 0.152
32 97 0.13
32 50 0.169
32 69 0.123
32 88 0.192
32 95 0.146
32 54 0.11
32 93 0.144
32 96 0.079
32 36 0.21
32 38 0.102
32 39 0.125
32 41 0.158
32 68 0.137
32 75 0.123
32 87 0.105
32 90 0.183
32 40 0.129
32 45 0.127
32 63 0.164
32 64 0.2
32 67 0.165
32 78 0.191
32 80 0.136
32 89 0.135
33 56 0.742
33 86 0.717
33 95 0.641
33 65 0.857
33 75 0.522
33 67 0.767
33 88 0.74
33 38 0.943
33 73 0.608
33 44 0.583
33 40 0.688
33 99 0.778
33 52 0.971
33 63 0.807
33 37 0.139
33 74 0.185
33 36 0.163
33 91 0.152
33 94 0.119
33 64 0.16
33 35 0.193
33 61 0.137
33 77 0.134
33 43 0.166
33 59 0.182
33 76 0.132
33 84 0.199
33 89 0.153
33 93 0.157
33 96 0.14
33 41 0.182
33 66 0.114
33 48 0.114
33 57 0.108
33 69 0.172
33 80 0.139
33 83 0.145
33 79 0.182
33 87 0.193
33 34 0.145
33 39 0.19
33 42 0.113
33 45 0.158
33 46 0.138
33 55 0.149
33 58 0.137
33 97 0.148
33 49 0.152
33 68 0.157
33 98 0.215
33 50 0.178
33 54 0.161
33 70 0.142
33 81 0.172
33 85 0.189
33 90 0.139
34 83 0.91
34 82 0.759
34 85 0.982
34 53 0.672
34 71 0.8
34 86 0.518
34 37 0.615
34 79 0.613
34 93 1
34 95 0.647
34 73 0.156
34 61 0.166
34 60 0.154
34 76 0.162
34 39 0.149
34 56 0.154
34 59 0.131
34 38 0.203
34 65 0.109
34 74 0.189
34 36 0.124
34 52 0.108
34 67 0.137
34 77 0.145
34 78 0.164
34 80 0.17
34 88 0.131
34 92 0.066
34 42 0.174
34 63 0.151
34 66 0.131
34 72 0.117
34 89 0.156
34 91 0.159
34 96 0.135
34 41 0.188
34 43 0.152
34 50 0.183
34 54 0.143
34 90 0.211
34 49 0.202
34 51 0.127
34 69 0.166
34 81 0.187
34 87 0.187
34 35 0.14
34 57 0.184
34 68 0.132
34 70 0.146
34 75 0.139
34 46 0.129
34 47 0.165
34 55 0.17
35 58 0.95
35 40 1
35 67 0.742
35 77 0.698
35 80 0.622
35 94 0.585
35 71 0.67
35 53 0.743
35 68 0.837
35 44 0.591
35 63 0.544
35 99 0.631
35 49 0.139
35 83 0.143
35 42 0.144
35 52 0.139
35 73 0.137
35 41 0.116
35 69 0.214
35 74 0.162
35 37 0.154
35 85 0.2
35 87 0.167
35 91 0.117
35 95 0.133
35 47 0.109
35 61 0.124
35 90 0.181
35 50 0.138
35 57 0.219
35 86 0.096
35 46 0.179
35 60 0.172
35 62 0.13
35 78 0.192
35 79 0.093
35 81 0.19
35 97 0.112
35 98 0.104
35 38 0.206
35 45 0.18
35 51 0.188
35 54 0.141
35 65 0.116
35 66 0.237
35 84 0.177
35 93 0.095
35 96 0.147
35 36 0.077
35 43 0.16
35 64 0.125
35 72 0.176
35 76 0.102
35 82 0.187
35 89 0.137
35 92 0.138
36 59 1
36 67 0.747
36 88 0.995
36 42 1
36 77 0.545
36 89 1
36 92 0.687
36 48 0.972
36 90 0.513
36 99 0.558
36 53 0.58
36 73 0.234
36 43 0.123
36 45 0.15
36 78 0.072
36 37 0.188
36 79 0.202
36 70 0.134
36 83 0.165
36 56 0.148
36 64 0.145
36 94 0.203
36 96 0.1
36 97 0.119
36 54 0.096
36 55 0.174
36 76 0.15
36 81 0.206
36 65 0.195
36 69 0.127
36 71 0.154
36 68 0.158
36 80 0.118
36 61 0.123
36 63 0.204
36 66 0.135
36 72 0.128
36 98 0.142
36 38 0.182
36 50 0.183
36 52 0.141
36 60 0.194
36 62 0.188
36 74 0.15
36 86 0.163
36 91 0.116
37 94 0.813
37 71 1
37 70 0.833
37 95 0.561
37 50 1
37 72 0.9
37 51 0.839
37 74 1
37 83 0.91
37 68 1
37 93 1
37 57 0.552
37 65 1
37 38 0.549
37 52 0.657
37 43 0.152
37 53 0.158
37 62 0.192
37 91 0.234
37 89 0.142
37 42 0.138
37 40 0.149
37 99 0.127
37 77 0.129
37 78 0.122
37 85 0.133
37 86 0.17
37 88 0.137
37 90 0.154
37 96 0.19
37 44 0.138
37 48 0.136
37 54 0.195
37 75 0.115
37 47 0.179
37 59 0.163
37 60 0.147
37 69 0.118
37 73 0.173
37 81 0.139
37 98 0.136
37 45 0.143
37 46 0.123
37 49 0.154
37 82 0.109
37 87 0.143
38 74 0.768
38 71 1
38 44 0.991
38 42 0.76
38 46 0.668
38 40 0.909
38 39 0.747
38 76 0.572
38 77 0.868
38 64 0.878
38 52 0.581
38 94 0.6
38 83 0.535
38 90 0.137
38 56 0.17
38 63 0.198
38 81 0.166
38 98 0.16
38 57 0.185
38 95 0.16
38 49 0.136
38 60 0.167
38 54 0.149
38 65 0.138
38 67 0.198
38 78 0.165
38 87 0.125
38 43 0.251
38 53 0.095
38 85 0.207
38 99 0.166
38 58 0.167
38 62 0.105
38 86 0.171
38 59 0.16
38 66 0.177
38 73 0.15
38 79 0.149
38 91 0.132
38 50 0.198
38 68 0.155
38 70 0.182
38 80 0.222
38 93 0.154
39 54 0.695
39 64 0.625
39 99 0.605
39 81 0.82
39 60 0.56
39 84 0.568
39 40 0.826
39 78 0.502
39 93 0.088
39 46 0.093
39 57 0.128
39 48 0.156
39 73 0.124
39 97 0.132
39 51 0.128
39 52 0.177
39 74 0.13
39 43 0.143
39 65 0.175
39 83 0.122
39 70 0.145
39 44 0.092
39 45 0.121
39 53 0.137
39 66 0.16
39 85 0.188
39 49 0.101
39 86 0.146
39 91 0.198
39 94 0.131
39 96 0.158
39 98 0.125
39 41 0.149
39 76 0.114
39 79 0.098
39 80 0.138
39 92 0.135
39 47 0.136
39 55 0.179
39 56 0.114
39 58 0.189
39 59 0.163
39 61 0.19
39 62 0.184
39 67 0.157
39 68 0.133
39 71 0.171
39 75 0.124
39 77 0.168
39 82 0.127
39 87 0.151
40 97 0.877
40 77 0.661
40 59 0.942
40 99 0.711
40 41 0.943
40 81 0.792
40 76 0.758
40 90 1
40 53 0.513
40 67 0.793
40 83 0.637
40 57 0.152
40 75 0.17
40 86 0.164
40 80 0.095
40 55 0.184
40 85 0.175
40 94 0.166
40 46 0.13
40 82 0.162
40 84 0.153
40 91 0.165
40 44 0.151
40 68 0.087
40 87 0.159
40 58 0.137
40 79 0.175
40 64 0.207
40 72 0.109
40 42 0.168
40 96 0.126
40 48 0.138
40 70 0.197
40 88 0.125
40 51 0.172
40 65 0.136
40 66 0.171
40 73 0.177
40 89 0.101
40 93 0.139
40 43 0.155
40 56 0.15
40 61 0.145
40 78 0.163
40 92 0.145
40 98 0.159
41 75 0.784
41 45 0.933
41 92 0.595
41 98 1
41 99 0.995
41 79 0.928
41 56 1
41 59 0.938
41 51 0.781
41 49 0.915
41 68 0.599
41 50 0.847
41 93 0.822
41 57 0.99
41 43 0.693
41 64 0.845
41 70 1
41 46 0.529
41 90 0.528
41 72 0.652
41 54 0.182
41 86 0.161
41 67 0.166
41 80 0.162
41 44 0.201
41 60 0.152
41 55 0.18
41 66 0.169
41 83 0.175
41 85 0.248
41 94 0.153
41 61 0.171
41 62 0.161
41 74 0.076
41 78 0.128
41 76 0.159
41 77 0.169
41 87 0.108
41 48 0.16
41 63 0.185
41 65 0.149
41 69 0.133
41 84 0.098
41 47 0.182
41 52 0.086
41 58 0.136
41 81 0.213
41 88 0.185
41 89 0.161
41 95 0.125
41 96 0.139
42 80 0.729
42 45 0.958
42 59 0.835
42 70 0.779
42 55 0.861
42 92 0.772
42 43 0.649
42 78 0.515
42 65 0.175
42 83 0.161
42 98 0.141
42 72 0.153
42 57 0.147
42 69 0.141
42 60 0.094
42 76 0.174
42 79 0.117
42 85 0.166
42 50 0.172
42 77 0.172
42 96 0.167
42 67 0.155
42 48 0.148
42 66 0.086
42 71 0.188
42 82 0.159
42 89 0.144
42 95 0.149
42 97 0.158
42 47 0.152
42 49 0.196
42 64 0.105
42 68 0.165
42 74 0.198
42 91 0.208
42 99 0.163
42 46 0.146
42 51 0.135
42 52 0.151
42 54 0.159
42 56 0.147
42 61 0.188
42 62 0.146
42 73 0.164
42 75 0.134
42 94 0.122
43 46 0.718
43 97 0.975
43 66 0.841
43 51 0.803
43 61 0.586
43 60 0.534
43 84 0.678
43 45 0.853
43 72 0.934
43 96 0.525
43 70 0.56
43 79 0.66
43 63 0.974
43 89 0.161
43 56 0.179
43 55 0.171
43 50 0.132
43 77 0.208
43 44 0.153
43 71 0.175
43 64 0.178
43 92 0.176
43 58 0.21
43 73 0.13
43 76 0.172
43 91 0.18
43 94 0.156
43 95 0.136
43 49 0.166
43 57 0.173
43 68 0.164
43 78 0.139
43 98 0.166
43 99 0.138
43 54 0.198
43 65 0.18
43 74 0.083
43 81 0.093
43 83 0.173
43 85 0.148
43 86 0.117
43 47 0.148
43 80 0.13
43 82 0.153
44 98 1
44 46 0.695
44 89 0.804
44 61 0.749
44 88 0.886
44 56 0.541
44 55 0.528
44 45 0.553
44 81 0.58
44 65 0.562
44 78 0.579
44 72 0.108
44 75 0.163
44 97 0.163
44 60 0.154
44 85 0.194
44 57 0.175
44 93 0.172
44 52 0.091
44 70 0.134
44 68 0.14
44 91 0.192
44 59 0.062
44 62 0.094
44 66 0.119
44 74 0.182
44 64 0.206
44 58 0.16
44 69 0.144
44 76 0.187
44 79 0.198
44 90 0.112
44 48 0.135
44 83 0.164
44 96 0.171
44 71 0.126
44 73 0.164
44 84 0.136
44 94 0.193
44 50 0.117
44 53 0.15
44 77 0.162
44 92 0.114
44 99 0.138
45 68 0.938
45 63 0.815
45 87 0.719
45 60 0.526
45 61 0.903
45 57 0.533
45 82 0.826
45 80 0.664
45 88 0.634
45 72 0.148
45 54 0.105
45 71 0.157
45 84 0.206
45 53 0.149
45 69 0.114
45 86 0.166
45 73 0.12
45 90 0.172
45 93 0.123
45 74 0.144
45 78 0.17
45 83 0.079
45 48 0.141
45 51 0.074
45 55 0.133
45 97 0.161
45 98 0.135
45 52 0.143
45 56 0.162
45 59 0.178
45 65 0.164
45 81 0.129
45 46 0.175
45 58 0.137
45 62 0.083
45 66 0.144
45 75 0.139
45 76 0.225
45 50 0.184
45 89 0.104
45 91 0.127
45 94 0.146
45 95 0.197
46 67 0.87
46 72 1
46 87 0.915
46 73 0.855
46 76 0.702
46 57 0.914
46 83 1
46 92 0.611
46 64 0.819
46 49 0.925
46 56 0.895
46 53 0.507
46 54 0.592
46 50 0.131
46 71 0.128
46 82 0.148
46 81 0.153
46 48 0.157
46 90 0.211
46 97 0.103
46 98 0.174
46 51 0.192
46 70 0.17
46 75 0.153
46 79 0.172
46 63 0.11
46 69 0.074
46 85 0.158
46 66 0.098
46 68 0.135
46 86 0.186
46 91 0.16
46 55 0.066
46 59 0.137
46 60 0.148
46 78 0.154
46 84 0.152
46 93 0.161
46 94 0.125
46 99 0.189
46 52 0.137
46 58 0.096
46 61 0.115
46 62 0.179
46 88 0.136
46 89 0.17
46 95 0.127
47 60 1
47 86 0.844
47 98 0.733
47 90 1
47 80 0.835
47 49 1
47 55 0.581
47 84 0.779
47 57 0.97
47 61 0.615
47 68 0.139
47 99 0.133
47 50 0.113
47 94 0.173
47 62 0.168
47 72 0.127
47 92 0.116
47 93 0.12
47 59 0.214
47 65 0.136
47 75 0.169
47 78 0.076
47 83 0.165
47 87 0.219
47 88 0.157
47 91 0.186
47 79 0.172
47 81 0.171
47 70 0.158
47 82 0.148
47 48 0.177
47 64 0.2
47 67 0.166
47 77 0.168
47 71 0.17
47 95 0.158
47 51 0.114
47 52 0.187
47 53 0.125
47 54 0.177
47 66 0.126
47 97 0.215
48 53 0.542
48 89 0.747
48 98 0.67
48 61 0.792
48 54 1
48 81 0.576
48 95 0.822
48 70 0.749
48 85 0.736
48 60 0.576
48 64 0.134
48 93 0.187
48 84 0.116
48 87 0.188
48 83 0.197
48 73 0.132
48 79 0.175
48 82 0.209
48 77 0.185
48 97 0.172
48 99 0.148
48 50 0.195
48 94 0.144
48 55 0.215
48 56 0.231
48 90 0.189
48 92 0.208
48 57 0.218
48 68 0.149
48 74 0.117
48 78 0.212
48 51 0.122
48 65 0.166
48 66 0.214
48 67 0.141
48 69 0.161
48 80 0.144
48 86 0.163
48 91 0.165
48 49 0.146
48 52 0.115
48 58 0.172
48 59 0.131
48 75 0.165
49 66 0.932
49 55 0.771
49 53 0.91
49 85 0.78
49 54 0.963
49 84 0.804
49 78 0.62
49 83 0.545
49 93 0.552
49 87 0.514
49 81 0.142
49 61 0.17
49 69 0.119
49 99 0.171
49 90 0.165
49 64 0.098
49 75 0.109
49 62 0.159
49 70 0.123
49 79 0.17
49 50 0.178
49 56 0.132
49 67 0.144
49 96 0.143
49 58 0.145
49 77 0.167
49 80 0.172
49 88 0.136
49 52 0.174
49 68 0.187
49 86 0.12
49 92 0.127
49 94 0.132
49 51 0.109
49 63 0.1
49 72 0.17
49 82 0.16
49 91 0.151
49 95 0.171
50 72 0.881
50 55 0.791
50 59 0.815
50 91 0.527
50 64 0.561
50 78 0.159
50 86 0.139
50 71 0.155
50 63 0.175
50 77 0.196
50 95 0.13
50 96 0.206
50 69 0.12
50 83 0.137
50 54 0.152
50 79 0.108
50 61 0.169
50 65 0.119
50 52 0.168
50 53 0.159
50 81 0.161
50 60 0.195
50 62 0.15
50 80 0.196
50 90 0.138
50 58 0.184
50 82 0.154
50 88 0.151
50 94 0.197
50 51 0.075
50 56 0.145
50 66 0.207
50 68 0.165
50 75 0.178
50 92 0.153
50 97 0.17
50 98 0.18
51 99 1
51 64 0.517
51 81 0.563
51 85 0.544
51 62 0.209
51 78 0.157
51 79 0.201
51 88 0.132
51 80 0.146
51 55 0.158
51 87 0.128
51 58 0.142
51 93 0.123
51 96 0.146
51 52 0.126
51 53 0.126
51 94 0.137
51 59 0.143
51 77 0.209
51 86 0.127
51 89 0.133
51 61 0.154
51 66 0.164
51 72 0.113
51 92 0.154
51 70 0.131
51 83 0.187
51 98 0.162
51 54 0.171
51 56 0.156
51 67 0.095
51 74 0.225
51 90 0.209
51 91 0.222
51 65 0.218
51 71 0.128
51 84 0.191
52 78 1
52 94 0.638
52 67 0.799
52 60 0.898
52 91 1
52 72 0.616
52 92 0.192
52 96 0.207
52 74 0.15
52 61 0.169
52 68 0.14
52 71 0.113
52 81 0.173
52 87 0.142
52 90 0.163
52 62 0.199
52 89 0.134
52 73 0.173
52 82 0.141
52 86 0.155
52 93 0.109
52 99 0.175
52 55 0.21
52 65 0.112
52 75 0.122
52 53 0.116
52 66 0.174
52 77 0.146
52 84 0.146
52 97 0.14
52 98 0.146
52 58 0.156
52 69 0.146
52 76 0.195
52 85 0.18
52 88 0.183
53 67 0.858
53 56 0.796
53 62 1
53 75 0.871
53 59 0.586
53 97 0.11
53 84 0.146
53 58 0.14
53 89 0.16
53 69 0.16
53 86 0.217
53 64 0.123
53 68 0.144
53 91 0.195
53 99 0.145
53 78 0.138
53 60 0.129
53 66 0.14
53 74 0.099
53 76 0.125
53 87 0.189
53 88 0.138
53 92 0.137
53 54 0.141
53 57 0.154
53 61 0.133
53 70 0.093
53 83 0.141
53 65 0.163
53 71 0.125
53 72 0.155
53 77 0.108
53 81 0.17
53 82 0.144
53 90 0.153
53 95 0.184
54 71 0.696
54 60 0.912
54 92 0.888
54 78 0.97
54 90 0.116
54 74 0.12
54 73 0.171
54 89 0.162
54 95 0.143
54 61 0.132
54 94 0.131
54 56 0.122
54 72 0.193
54 77 0.147
54 79 0.121
54 59 0.198
54 64 0.163
54 65 0.126
54 70 0.184
54 75 0.12
54 83 0.135
54 98 0.195
54 57 0.131
54 69 0.119
54 76 0.187
54 88 0.079
54 91 0.143
54 97 0.124
54 66 0.141
54 82 0.084
54 84 0.158
54 85 0.102
54 93 0.104
55 83 0.811
55 88 0.976
55 75 0.797
55 57 0.575
55 59 0.525
55 97 0.517
55 82 0.188
55 93 0.133
55 81 0.127
55 80 0.173
55 70 0.132
55 84 0.142
55 71 0.151
55 64 0.131
55 69 0.131
55 65 0.144
55 90 0.146
55 56 0.205
55 60 0.141
55 68 0.137
55 76 0.087
55 86 0.164
55 87 0.211
55 94 0.116
55 98 0.124
55 63 0.212
55 73 0.119
55 74 0.14
55 78 0.169
55 79 0.167
55 91 0.178
55 62 0.194
55 85 0.177
55 89 0.122
55 95 0.138
55 99 0.162
56 96 0.867
56 99 0.628
56 95 0.568
56 74 0.577
56 63 1
56 84 0.602
56 76 0.68
56 80 0.675
56 62 0.111
56 86 0.167
56 64 0.194
56 67 0.175
56 59 0.156
56 72 0.166
56 58 0.095
56 71 0.165
56 81 0.095
56 97 0.137
56 98 0.176
56 70 0.108
56 91 0.16
56 94 0.13
56 83 0.131
56 90 0.128
56 66 0.131
56 68 0.151
56 73 0.161
56 77 0.154
56 82 0.16
56 57 0.138
56 60 0.209
56 61 0.171
56 92 0.225
57 87 0.727
57 77 0.803
57 80 0.834
57 93 1
57 89 0.79
57 98 1
57 86 0.91
57 69 0.984
57 64 0.906
57 67 0.565
57 94 0.954
57 60 0.689
57 91 0.153
57 99 0.211
57 59 0.152
57 71 0.107
57 95 0.186
57 58 0.099
57 68 0.15
57 73 0.181
57 96 0.13
57 65 0.156
57 66 0.157
57 79 0.177
57 88 0.117
57 90 0.132
57 61 0.108
57 62 0.131
57 63 0.193
57 70 0.175
57 72 0.181
57 76 0.203
57 82 0.122
57 85 0.187
57 92 0.155
57 97 0.131
58 98 0.728
58 84 0.997
58 66 0.688
58 97 0.784
58 79 0.713
58 73 1
58 60 0.63
58 78 0.59
58 89 0.171
58 64 0.128
58 72 0.213
58 83 0.106
58 85 0.137
58 74 0.16
58 91 0.141
58 69 0.162
58 71 0.152
58 76 0.152
58 86 0.099
58 94 0.145
58 99 0.162
58 61 0.14
58 77 0.113
58 93 0.156
58 65 0.126
58 80 0.158
58 62 0.161
58 63 0.17
58 68 0.093
58 75 0.179
58 87 0.094
58 59 0.145
58 67 0.127
58 70 0.137
58 92 0.158
58 96 0.119
59 65 0.74
59 87 0.549
59 71 0.801
59 60 1
59 77 0.878
59 82 1
59 64 0.78
59 84 0.848
59 62 0.935
59 88 0.146
59 94 0.134
59 97 0.199
59 99 0.148
59 85 0.155
59 90 0.194
59 74 0.177
59 86 0.153
59 72 0.162
59 81 0.208
59 67 0.141
59 68 0.149
59 70 0.198
59 73 0.133
59 78 0.135
59 93 0.159
59 63 0.173
59 83 0.121
59 95 0.128
59 69 0.134
59 79 0.183
59 80 0.212
59 96 0.181
59 98 0.169
60 88 0.949
60 75 0.913
60 64 0.514
60 73 0.629
60 99 0.822
60 61 0.616
60 82 0.573
60 66 0.158
60 94 0.118
60 80 0.194
60 91 0.171
60 95 0.08
60 83 0.128
60 86 0.171
60 62 0.181
60 72 0.132
60 78 0.119
60 65 0.148
60 71 0.158
60 89 0.172
60 63 0.134
60 92 0.101
60 93 0.185
60 97 0.127
60 68 0.178
60 77 0.115
60 84 0.2
60 85 0.175
60 87 0.16
60 96 0.161
60 67 0.193
60 69 0.158
60 90 0.138
61 78 0.978
61 80 1
61 85 0.911
61 64 0.614
61 70 0.624
61 98 0.123
61 88 0.151
61 83 0.163
61 71 0.143
61 66 0.153
61 82 0.161
61 79 0.138
61 92 0.14
61 73 0.151
61 94 0.15
61 72 0.102
61 74 0.113
61 75 0.131
61 77 0.109
61 99 0.19
61 67 0.166
61 81 0.116
61 87 0.132
61 93 0.169
61 62 0.145
61 76 0.193
61 91 0.08
61 96 0.199
62 98 0.904
62 90 0.566
62 75 0.743
62 86 0.974
62 87 0.854
62 67 0.98
62 78 0.638
62 97 0.658
62 79 0.192
62 66 0.131
62 96 0.147
62 68 0.201
62 72 0.192
62 74 0.142
62 76 0.153
62 71 0.194
62 88 0.161
62 63 0.169
62 77 0.111
62 80 0.184
62 82 0.134
62 83 0.132
62 89 0.106
62 65 0.161
62 85 0.127
62 92 0.171
62 69 0.159
62 93 0.173
62 95 0.156
63 64 0.892
63 86 0.803
63 92 0.546
63 70 1
63 69 0.092
63 85 0.168
63 84 0.157
63 76 0.176
63 79 0.181
63 96 0.142
63 81 0.17
63 95 0.173
63 73 0.143
63 90 0.156
63 66 0.149
63 87 0.142
63 88 0.162
63 71 0.147
63 74 0.134
63 77 0.173
63 80 0.115
63 83 0.173
63 99 0.149
63 67 0.191
64 75 0.986
64 81 0.784
64 72 0.934
64 80 0.94
64 97 0.729
64 90 0.165
64 85 0.161
64 74 0.162
64 65 0.132
64 69 0.195
64 94 0.146
64 96 0.154
64 91 0.148
64 95 0.181
64 99 0.195
64 67 0.146
64 79 0.132
64 82 0.183
64 92 0.183
64 71 0.185
64 76 0.166
64 83 0.123
64 73 0.156
64 77 0.113
64 78 0.165
64 84 0.111
64 87 0.136
64 93 0.162
64 66 0.169
64 68 0.145
64 70 0.133
64 89 0.158
65 68 0.98
65 83 0.627
65 87 0.162
65 66 0.189
65 74 0.149
65 81 0.155
65 97 0.109
65 71 0.142
65 72 0.188
65 80 0.172
65 86 0.142
65 99 0.124
65 69 0.126
65 77 0.172
65 91 0.172
65 75 0.137
65 82 0.144
65 89 0.174
65 90 0.191
65 93 0.16
65 67 0.169
65 70 0.128
65 73 0.17
65 76 0.178
65 88 0.141
65 92 0.167
66 95 0.64
66 76 0.514
66 74 0.512
66 88 1
66 97 0.724
66 67 0.195
66 98 0.129
66 81 0.149
66 99 0.102
66 75 0.15
66 82 0.164
66 68 0.2
66 78 0.126
66 79 0.17
66 69 0.142
66 87 0.149
66 83 0.135
66 72 0.178
66 90 0.156
66 89 0.134
66 91 0.168
66 93 0.153
66 70 0.133
66 85 0.153
66 71 0.155
66 84 0.135
66 92 0.131
67 70 0.973
67 92 0.883
67 77 0.95
67 90 0.971
67 83 0.838
67 76 0.788
67 68 0.742
67 89 0.691
67 82 0.141
67 71 0.173
67 93 0.143
67 78 0.092
67 98 0.217
67 69 0.226
67 94 0.142
67 95 0.168
67 97 0.174
67 73 0.182
67 75 0.154
67 87 0.181
67 79 0.122
67 91 0.152
67 74 0.145
67 80 0.147
67 81 0.148
68 89 0.628
68 97 0.956
68 93 0.79
68 92 0.793
68 79 0.941
68 81 0.748
68 70 0.152
68 75 0.157
68 96 0.17
68 77 0.109
68 82 0.093
68 80 0.143
68 76 0.172
68 86 0.22
68 91 0.184
68 98 0.107
68 83 0.147
68 85 0.119
68 94 0.117
68 69 0.181
68 73 0.183
69 80 1
69 82 0.621
69 96 0.58
69 72 0.56
69 84 0.512
69 98 0.832
69 91 0.827
69 97 0.512
69 79 0.629
69 88 0.593
69 90 0.184
69 95 0.156
69 76 0.201
69 78 0.11
69 87 0.157
69 92 0.138
69 86 0.104
69 83 0.16
69 71 0.142
69 70 0.142
69 75 0.193
69 85 0.168
69 73 0.159
69 77 0.141
69 93 0.105
69 94 0.101
69 99 0.173
70 75 0.778
70 79 0.618
70 82 0.141
70 85 0.175
70 83 0.181
70 88 0.109
70 73 0.191
70 95 0.184
70 89 0.167
70 71 0.184
70 93 0.24
70 86 0.158
70 76 0.117
70 78 0.181
70 90 0.136
70 91 0.181
70 94 0.158
70 97 0.122
70 99 0.13
70 72 0.13
70 87 0.213
71 79 0.839
71 72 0.923
71 98 0.633
71 74 0.564
71 83 0.948
71 82 0.73
71 96 0.523
71 95 0.147
71 76 0.105
71 80 0.09
71 81 0.154
71 86 0.198
71 88 0.164
71 75 0.161
71 87 0.142
71 89 0.14
71 78 0.13
71 94 0.156
71 77 0.095
71 90 0.148
71 92 0.194
71 73 0.202
71 84 0.172
71 93 0.217
71 99 0.101
72 79 1
72 88 0.902
72 82 0.721
72 85 0.174
72 73 0.176
72 83 0.126
72 96 0.154
72 99 0.156
72 89 0.128
72 78 0.163
72 87 0.186
72 76 0.18
72 80 0.134
72 90 0.143
72 94 0.155
72 98 0.169
72 77 0.226
72 81 0.078
72 97 0.147
73 83 0.7
73 86 0.752
73 92 0.684
73 91 0.584
73 77 0.124
73 80 0.128
73 74 0.169
73 79 0.146
73 84 0.135
73 93 0.145
73 96 0.16
73 75 0.172
73 76 0.15
73 87 0.138
73 90 0.151
73 97 0.133
73 98 0.131
73 81 0.159
73 94 0.2
73 95 0.132
74 98 1
74 87 0.596
74 92 0.737
74 96 0.869
74 75 0.701
74 95 0.699
74 89 0.643
74 80 0.175
74 99 0.147
74 90 0.145
74 82 0.148
74 81 0.177
74 91 0.148
74 93 0.094
74 76 0.159
74 79 0.124
74 86 0.18
74 97 0.193
74 77 0.144
74 78 0.166
74 88 0.121
75 95 0.579
75 99 0.817
75 81 1
75 86 0.779
75 79 0.096
75 83 0.133
75 80 0.149
75 85 0.096
75 87 0.183
75 84 0.133
75 90 0.145
75 82 0.191
75 88 0.141
75 78 0.173
75 92 0.124
75 97 0.118
75 76 0.146
75 77 0.16
75 89 0.176
75 91 0.117
75 93 0.176
75 94 0.123
75 96 0.184
76 91 0.691
76 89 0.895
76 90 0.583
76 78 1
76 80 0.132
76 82 0.118
76 87 0.2
76 86 0.128
76 97 0.209
76 92 0.114
76 77 0.147
76 93 0.161
76 81 0.153
76 79 0.17
76 83 0.144
76 85 0.187
77 82 1
77 98 0.093
77 85 0.103
77 78 0.14
77 84 0.15
77 91 0.108
77 96 0.144
77 89 0.084
77 86 0.152
77 90 0.201
77 97 0.213
77 81 0.176
77 80 0.174
77 92 0.103
77 99 0.095
78 98 0.57
78 96 0.937
78 90 0.995
78 88 0.786
78 80 0.952
78 83 0.776
78 86 0.645
78 99 0.181
78 85 0.174
78 89 0.133
78 92 0.094
78 79 0.102
78 91 0.145
78 81 0.145
78 87 0.194
78 93 0.157
78 94 0.18
78 95 0.164
78 97 0.123
79 85 0.79
79 86 0.696
79 93 0.127
79 80 0.215
79 88 0.183
79 87 0.183
79 95 0.126
79 82 0.173
79 89 0.149
79 94 0.161
79 99 0.159
79 83 0.161
79 91 0.127
79 81 0.117
80 82 0.78
80 87 0.83
80 95 1
80 84 0.681
80 90 0.126
80 97 0.171
80 94 0.158
80 89 0.157
80 85 0.103
80 92 0.111
80 96 0.116
80 86 0.147
80 88 0.153
80 81 0.193
80 91 0.092
81 84 1
81 88 0.729
81 87 0.832
81 92 0.186
81 95 0.147
81 90 0.176
81 93 0.111
81 99 0.155
81 85 0.153
81 82 0.103
81 86 0.106
81 94 0.204
81 91 0.182
82 90 0.873
82 83 0.566
82 96 0.549
82 98 0.149
82 84 0.135
82 89 0.148
82 91 0.151
82 92 0.166
82 97 0.136
82 85 0.179
82 94 0.137
82 95 0.204
82 99 0.17
83 87 0.959
83 94 0.509
83 96 0.521
83 89 0.144
83 98 0.168
83 95 0.162
83 90 0.095
83 84 0.159
83 93 0.222
83 85 0.09
83 86 0.164
83 91 0.157
83 92 0.154
83 97 0.186
84 98 0.821
84 88 0.564
84 91 0.626
84 89 0.537
84 95 0.142
84 85 0.149
84 99 0.176
84 93 0.107
84 90 0.157
84 94 0.19
84 96 0.172
84 87 0.117
85 98 1
85 92 1
85 94 0.661
85 90 0.166
85 88 0.161
85 87 0.153
85 97 0.171
85 99 0.178
85 95 0.107
86 89 0.828
86 92 0.2
86 95 0.145
86 96 0.086
86 98 0.166
86 97 0.115
86 87 0.152
86 88 0.118
86 94 0.12
86 90 0.155
86 91 0.129
86 93 0.146
87 95 1
87 91 0.548
87 88 0.102
87 96 0.132
87 99 0.144
87 89 0.092
87 93 0.164
87 94 0.118
87 92 0.163
88 98 0.615
88 96 0.106
88 99 0.155
88 97 0.178
88 93 0.129
88 90 0.208
88 89 0.204
88 92 0.115
89 93 1
89 92 1
89 91 0.201
89 90 0.151
89 94 0.146
89 99 0.157
89 95 0.132
89 96 0.183
89 97 0.126
89 98 0.194
90 97 0.68
90 96 0.862
90 98 0.157
90 94 0.171
90 99 0.118
90 92 0.127
91 93 0.707
91 99 0.095
91 92 0.167
91 95 0.195
91 98 0.125
91 94 0.168
92 99 0.157
92 95 0.159
92 97 0.159
92 94 0.157
92 96 0.172
92 93 0.153
93 95 0.158
93 99 0.117
93 94 0.142
93 96 0.118
94 98 0.117
94 97 0.174
94 95 0.247
94 99 0.143
95 99 0.522
95 96 0.17
96 97 0.173
96 99 0.227
96 98 0.221
97 98 0.185
97 99 0.139
98 99 0.149
