0 96 0.982
0 42 0.723
0 99 0.634
0 27 0.844
0 90 0.772
0 5 0.071
0 14 0.045
0 9 0.224
0 65 0.177
0 11 0.172
0 35 0.158
0 46 0.084
0 51 0.095
0 81 0.128
0 1 0.154
0 3 0.194
0 4 0.137
0 6 0.171
0 7 0.155
0 19 0.159
0 20 0.183
0 21 0.161
0 30 0.134
0 31 0.175
0 32 0.099
0 33 0.129
0 34 0.139
0 40 0.194
0 43 0.165
0 47 0.107
0 48 0.172
0 50 0.119
0 54 0.139
0 55 0.125
0 57 0.194
0 58 0.195
0 62 0.188
0 64 0.164
0 66 0.178
0 68 0.14
0 69 0.121
0 71 0.126
0 72 0.146
0 75 0.135
0 76 0.121
0 77 0.084
0 80 0.17
0 85 0.136
0 86 0.204
0 88 0.113
0 91 0.134
1 45 0.865
1 97 0.841
1 35 0.7
1 43 0.93
1 82 0.938
1 81 0.106
1 20 0.249
1 37 0.111
1 40 0.054
1 26 0.044
1 57 0.148
1 74 0.075
1 76 0.442
1 99 0.294
1 4 0.109
1 5 0.119
1 7 0.142
1 10 0.119
1 11 0.144
1 17 0.142
1 18 0.128
1 19 0.182
1 22 0.149
1 29 0.135
1 30 0.187
1 31 0.145
1 36 0.19
1 38 0.065
1 41 0.156
1 42 0.155
1 50 0.125
1 56 0.172
1 60 0.163
1 64 0.132
1 65 0.11
1 67 0.173
1 73 0.154
1 77 0.157
1 78 0.132
1 80 0.182
1 83 0.168
1 92 0.103
1 94 0.146
1 96 0.195
2 81 0.977
2 28 0.913
2 23 0.829
2 33 0.961
2 19 0.071
2 71 0.129
2 72 0.13
2 73 0.104
2 75 0.173
2 79 0.155
2 80 0.083
2 10 0.174
2 13 0.119
2 15 0.183
2 17 0.112
2 18 0.145
2 21 0.114
2 26 0.166
2 27 0.183
2 29 0.185
2 38 0.109
2 39 0.135
2 42 0.19
2 46 0.143
2 48 0.138
2 50 0.09
2 51 0.109
2 53 0.106
2 56 0.104
2 60 0.119
2 61 0.152
2 63 0.202
2 64 0.134
2 68 0.121
2 78 0.16
2 82 0.103
2 83 0.126
2 86 0.193
2 87 0.158
2 88 0.097
2 95 0.139
2 96 0.146
2 97 0.201
2 98 0.213
2 99 0.115
3 48 0.924
3 81 0.685
3 43 0.702
3 65 0.767
3 57 0.164
3 5 0.13
3 75 0.095
3 90 0.053
3 13 0.096
3 16 0.176
3 18 0.124
3 19 0.169
3 20 0.096
3 29 0.153
3 31 0.151
3 33 0.197
3 34 0.172
3 36 0.123
3 38 0.162
3 46 0.093
3 47 0.183
3 53 0.137
3 64 0.114
3 68 0.207
3 72 0.141
3 73 0.126
3 74 0.134
3 80 0.109
3 82 0.221
3 86 0.161
3 92 0.187
3 94 0.197
3 95 0.128
3 98 0.168
4 12 0.722
4 84 0.808
4 66 0.844
4 25 0.748
4 44 0.601
4 43 0.878
4 76 0.889
4 80 0.552
4 24 0.199
4 50 0.101
4 68 0.203
4 73 0.165
4 86 0.106
4 91 0.123
4 98 0.176
4 8 0.111
4 10 0.16
4 15 0.186
4 16 0.125
4 20 0.126
4 26 0.158
4 27 0.139
4 30 0.15
4 32 0.15
4 34 0.159
4 35 0.073
4 37 0.09
4 42 0.144
4 46 0.18
4 49 0.161
4 54 0.136
4 56 0.164
4 57 0.139
4 63 0.144
4 64 0.155
4 65 0.167
4 67 0.09
4 69 0.115
4 70 0.129
4 72 0.087
4 74 0.134
4 78 0.189
4 81 0.129
4 83 0.148
4 87 0.164
4 93 0.187
4 94 0.138
4 97 0.179
4 99 0.196
5 46 0.768
5 23 0.773
5 69 0.503
5 51 0.673
5 50 1
5 97 0.855
5 63 0.731
5 56 0.262
5 9 0.236
5 65 0.281
5 83 0.268
5 8 0.163
5 11 0.086
5 12 0.148
5 13 0.14
5 16 0.16
5 19 0.128
5 21 0.123
5 22 0.144
5 24 0.153
5 25 0.179
5 26 0.16
5 39 0.165
5 42 0.171
5 54 0.177
5 62 0.153
5 64 0.137
5 66 0.113
5 67 0.132
5 68 0.117
5 70 0.137
5 72 0.153
5 73 0.106
5 77 0.138
5 80 0.153
5 82 0.145
5 91 0.211
5 94 0.177
5 99 0.133
6 32 0.867
6 73 1
6 96 0.746
6 36 0.83
6 35 0.78
6 81 1
6 37 0.128
6 46 0.183
6 19 0.138
6 51 0.193
6 63 0.113
6 8 0.128
6 11 0.13
6 12 0.189
6 13 0.158
6 16 0.184
6 17 0.141
6 18 0.166
6 22 0.072
6 24 0.176
6 30 0.128
6 33 0.193
6 38 0.192
6 39 0.124
6 42 0.09
6 43 0.197
6 48 0.121
6 49 0.155
6 50 0.165
6 52 0.126
6 54 0.161
6 57 0.112
6 60 0.19
6 62 0.171
6 67 0.158
6 68 0.174
6 70 0.188
6 72 0.135
6 74 0.09
6 75 0.201
6 76 0.151
6 86 0.179
6 88 0.182
6 89 0.17
6 90 0.17
6 91 0.164
6 94 0.186
6 97 0.19
7 17 0.805
7 82 0.789
7 41 0.794
7 22 0.964
7 46 0.853
7 94 0.632
7 37 0.138
7 52 0.119
7 29 0.253
7 32 0.147
7 33 0.163
7 56 0.155
7 57 0.147
7 69 0.13
7 77 0.151
7 81 0.024
7 93 0.126
7 9 0.13
7 10 0.209
7 12 0.174
7 14 0.136
7 21 0.207
7 34 0.099
7 36 0.164
7 39 0.176
7 40 0.178
7 42 0.2
7 45 0.121
7 48 0.21
7 49 0.19
7 51 0.166
7 59 0.114
7 60 0.153
7 63 0.155
7 64 0.189
7 67 0.155
7 68 0.153
7 71 0.178
7 74 0.146
7 75 0.179
7 76 0.149
7 83 0.13
7 84 0.197
7 85 0.165
7 86 0.096
7 96 0.115
7 97 0.193
8 15 0.868
8 35 0.53
8 96 0.794
8 86 0.912
8 57 0.838
8 26 0.263
8 98 0.26
8 18 0.146
8 21 0.083
8 31 0.214
8 52 0.211
8 68 0.28
8 76 0.171
8 89 0.136
8 93 0.065
8 12 0.193
8 20 0.103
8 22 0.171
8 28 0.107
8 29 0.122
8 39 0.094
8 41 0.199
8 44 0.184
8 46 0.183
8 48 0.183
8 51 0.168
8 55 0.152
8 61 0.134
8 62 0.139
8 63 0.132
8 70 0.125
8 71 0.141
8 72 0.185
8 75 0.158
8 77 0.151
8 81 0.132
8 82 0.163
9 51 0.902
9 58 0.972
9 82 0.638
9 92 1
9 95 0.982
9 42 0.861
9 50 0.529
9 69 0.512
9 39 0.855
9 31 0.84
9 66 1
9 93 0.823
9 84 1
9 73 0.008
9 20 0.118
9 21 0.151
9 22 0.411
9 57 0.198
9 13 0.181
9 14 0.105
9 16 0.135
9 17 0.156
9 18 0.169
9 23 0.15
9 25 0.179
9 32 0.126
9 33 0.196
9 36 0.16
9 38 0.182
9 45 0.126
9 48 0.166
9 54 0.162
9 60 0.176
9 65 0.201
9 67 0.135
9 68 0.153
9 78 0.107
9 81 0.178
9 88 0.088
9 89 0.144
9 96 0.199
9 98 0.147
10 53 0.879
10 18 1
10 88 0.791
10 12 0.738
10 37 0.863
10 17 0.859
10 26 1
10 20 0.799
10 30 1
10 85 0.723
10 35 1
10 43 0.026
10 68 0.212
10 66 0.269
10 29 0.128
10 31 0.255
10 44 0.129
10 54 0.16
10 62 0.26
10 72 0.059
10 86 0.118
10 15 0.159
10 16 0.149
10 19 0.126
10 23 0.135
10 24 0.163
10 33 0.114
10 36 0.157
10 40 0.176
10 41 0.121
10 45 0.143
10 48 0.157
10 49 0.144
10 51 0.161
10 55 0.125
10 57 0.121
10 65 0.171
10 71 0.14
10 80 0.147
10 82 0.134
10 84 0.15
10 87 0.142
10 97 0.158
10 98 0.154
10 99 0.146
11 86 0.816
11 70 0.589
11 92 0.816
11 49 0.944
11 59 0.905
11 36 0.4
11 29 0.863
11 82 0.851
11 45 1
11 61 0.877
11 14 0.215
11 24 0.123
11 58 0.444
11 85 0.105
11 94 0.145
11 95 0.255
11 97 0.177
11 12 0.103
11 15 0.155
11 27 0.167
11 28 0.106
11 31 0.182
11 33 0.161
11 34 0.169
11 42 0.195
11 43 0.171
11 46 0.19
11 47 0.151
11 53 0.181
11 54 0.141
11 56 0.137
11 57 0.108
11 60 0.239
11 63 0.167
11 67 0.143
11 71 0.13
11 73 0.201
11 74 0.176
11 75 0.121
11 83 0.133
11 88 0.176
11 89 0.185
11 90 0.207
11 93 0.086
11 96 0.169
11 98 0.137
12 63 0.972
12 61 0.606
12 93 0.558
12 51 0.923
12 56 0.982
12 89 0.889
12 64 1
12 95 0.856
12 82 0.023
12 28 0.111
12 48 0.12
12 16 0.177
12 52 0.264
12 54 0.159
12 62 0.196
12 70 0.184
12 75 0.145
12 86 0.151
12 98 0.275
12 99 0.185
12 17 0.165
12 21 0.147
12 22 0.13
12 23 0.16
12 25 0.149
12 30 0.158
12 31 0.179
12 36 0.177
12 37 0.083
12 38 0.197
12 40 0.172
12 41 0.146
12 44 0.154
12 45 0.154
12 50 0.107
12 55 0.153
12 68 0.148
12 69 0.159
12 72 0.121
12 74 0.146
12 81 0.151
12 88 0.145
12 90 0.138
12 91 0.079
12 92 0.146
12 96 0.176
12 97 0.111
13 74 0.912
13 98 0.869
13 49 0.68
13 22 0.644
13 90 1
13 15 0.144
13 26 0.156
13 39 0.306
13 41 0.156
13 17 0.164
13 19 0.157
13 20 0.123
13 21 0.171
13 23 0.189
13 25 0.178
13 27 0.13
13 28 0.156
13 30 0.128
13 42 0.126
13 46 0.137
13 50 0.125
13 51 0.174
13 52 0.149
13 53 0.147
13 62 0.139
13 65 0.127
13 68 0.162
13 69 0.161
13 73 0.125
13 76 0.121
13 80 0.164
13 84 0.157
13 87 0.127
13 89 0.178
13 96 0.146
14 93 0.907
14 73 0.781
14 60 0.548
14 47 0.916
14 50 0.992
14 69 1
14 48 0.643
14 56 0.758
14 36 0.12
14 17 0.187
14 75 0.145
14 78 0.178
14 80 0.222
14 95 0.121
14 96 0.107
14 98 0.104
14 15 0.14
14 21 0.154
14 28 0.132
14 33 0.092
14 34 0.182
14 39 0.175
14 41 0.154
14 42 0.1
14 44 0.163
14 46 0.144
14 51 0.171
14 53 0.108
14 54 0.19
14 63 0.14
14 64 0.167
14 65 0.216
14 67 0.159
14 72 0.152
14 76 0.21
14 81 0.111
14 83 0.156
14 89 0.102
14 92 0.146
14 99 0.14
15 82 0.941
15 84 1
15 88 1
15 41 0.848
15 49 0.725
15 46 1
15 32 1
15 60 0.938
15 66 0.587
15 76 0.042
15 30 0.131
15 34 0.203
15 63 0.125
15 86 0.155
15 93 0.128
15 18 0.14
15 20 0.202
15 22 0.141
15 24 0.142
15 29 0.127
15 31 0.129
15 37 0.12
15 39 0.139
15 42 0.177
15 43 0.106
15 45 0.117
15 47 0.175
15 50 0.087
15 51 0.128
15 53 0.118
15 61 0.192
15 62 0.137
15 64 0.102
15 67 0.161
15 68 0.13
15 71 0.205
15 79 0.167
15 80 0.16
15 81 0.133
15 85 0.116
15 92 0.156
15 94 0.178
15 95 0.105
15 96 0.128
16 62 0.784
16 43 0.585
16 79 0.754
16 47 0.946
16 71 1
16 25 0.024
16 32 0.117
16 51 0.108
16 63 0.023
16 70 0.144
16 80 0.202
16 20 0.104
16 21 0.181
16 33 0.149
16 35 0.146
16 39 0.088
16 45 0.169
16 46 0.158
16 49 0.153
16 52 0.114
16 55 0.129
16 56 0.112
16 65 0.136
16 67 0.183
16 69 0.127
16 74 0.167
16 76 0.125
16 82 0.163
16 86 0.124
16 88 0.107
16 89 0.201
16 90 0.156
16 91 0.149
16 92 0.177
16 97 0.153
16 99 0.137
17 33 1
17 80 0.578
17 58 0.806
17 97 0.394
17 46 0.038
17 57 0.091
17 25 0.187
17 67 0.225
17 86 0.162
17 90 0.165
17 99 0.211
17 19 0.138
17 21 0.134
17 22 0.126
17 24 0.12
17 31 0.158
17 34 0.152
17 35 0.1
17 36 0.121
17 38 0.117
17 40 0.11
17 42 0.063
17 43 0.161
17 44 0.112
17 49 0.071
17 53 0.08
17 60 0.149
17 64 0.181
17 65 0.171
17 69 0.137
17 74 0.161
17 79 0.143
17 84 0.123
17 92 0.107
17 96 0.156
17 98 0.191
18 40 0.933
18 51 0.966
18 26 1
18 76 0.786
18 32 0.826
18 86 0.772
18 90 0.773
18 22 1
18 48 0.175
18 31 0.109
18 35 0.254
18 65 0.18
18 67 0.137
18 75 0.095
18 89 0.366
18 19 0.177
18 21 0.163
18 27 0.137
18 30 0.122
18 34 0.148
18 36 0.171
18 39 0.105
18 42 0.143
18 46 0.139
18 47 0.114
18 52 0.084
18 56 0.126
18 58 0.189
18 61 0.205
18 62 0.121
18 63 0.099
18 68 0.145
18 73 0.128
18 83 0.1
18 98 0.131
18 99 0.117
19 47 0.74
19 35 0.855
19 64 0.475
19 97 0.757
19 88 1
19 52 0.754
19 50 0.148
19 21 0.063
19 30 0.176
19 39 0.272
19 59 0.184
19 98 0.134
19 20 0.131
19 23 0.146
19 24 0.125
19 27 0.15
19 28 0.156
19 29 0.164
19 31 0.215
19 34 0.147
19 36 0.144
19 42 0.139
19 46 0.133
19 48 0.13
19 49 0.186
19 51 0.13
19 54 0.199
19 55 0.11
19 57 0.141
19 60 0.135
19 63 0.164
19 66 0.166
19 71 0.157
19 73 0.146
19 76 0.119
19 78 0.154
19 79 0.151
19 84 0.133
19 86 0.111
19 87 0.12
19 91 0.094
19 92 0.129
19 93 0.185
19 95 0.17
20 95 0.9
20 60 0.831
20 97 0.676
20 27 1
20 54 0.898
20 52 0.163
20 79 0.14
20 99 0.167
20 21 0.127
20 23 0.139
20 26 0.158
20 30 0.168
20 31 0.109
20 33 0.205
20 35 0.161
20 37 0.116
20 38 0.115
20 41 0.145
20 44 0.135
20 46 0.142
20 49 0.146
20 51 0.125
20 56 0.163
20 58 0.102
20 62 0.061
20 66 0.164
20 67 0.15
20 68 0.147
20 69 0.13
20 70 0.18
20 73 0.16
20 74 0.149
20 81 0.153
20 83 0.123
20 85 0.132
20 89 0.177
20 92 0.138
21 25 0.613
21 71 0.878
21 83 1
21 32 0.95
21 24 0.841
21 31 0.12
21 34 0.177
21 39 0.043
21 55 0.123
21 75 0.127
21 80 0.12
21 23 0.127
21 28 0.144
21 29 0.098
21 40 0.16
21 41 0.153
21 44 0.124
21 46 0.179
21 47 0.154
21 48 0.188
21 53 0.147
21 58 0.214
21 62 0.186
21 64 0.152
21 66 0.1
21 68 0.145
21 73 0.155
21 85 0.143
21 87 0.193
21 94 0.164
21 97 0.128
21 99 0.138
22 42 0.845
22 62 1
22 31 0.987
22 99 1
22 71 0.998
22 51 0.809
22 73 0.801
22 29 0.037
22 37 0.284
22 56 0.203
22 94 0.264
22 23 0.134
22 24 0.116
22 27 0.182
22 30 0.169
22 32 0.19
22 33 0.137
22 35 0.199
22 39 0.119
22 40 0.147
22 43 0.11
22 52 0.12
22 53 0.146
22 61 0.17
22 63 0.14
22 66 0.178
22 67 0.191
22 68 0.116
22 69 0.152
22 70 0.183
22 72 0.103
22 75 0.159
22 76 0.121
22 78 0.125
22 81 0.087
22 83 0.116
22 88 0.133
22 95 0.145
23 53 0.602
23 32 1
23 42 0.245
23 31 0.189
23 48 0.167
23 63 0.163
23 66 0.208
23 70 0.117
23 73 0.18
23 74 0.123
23 75 0.246
23 86 0.069
23 93 0.017
23 98 0.167
23 30 0.234
23 33 0.117
23 37 0.179
23 39 0.191
23 45 0.107
23 46 0.135
23 52 0.188
23 56 0.157
23 58 0.168
23 69 0.175
23 80 0.159
23 81 0.201
23 85 0.167
23 88 0.205
23 92 0.154
23 94 0.179
23 96 0.13
23 99 0.128
24 36 0.917
24 51 0.609
24 47 0.985
24 64 0.634
24 28 0.752
24 37 0.671
24 72 0.14
24 45 0.122
24 94 0.045
24 27 0.156
24 30 0.195
24 34 0.152
24 39 0.158
24 40 0.139
24 41 0.147
24 44 0.178
24 50 0.149
24 53 0.165
24 55 0.167
24 56 0.132
24 58 0.157
24 59 0.177
24 63 0.166
24 66 0.16
24 69 0.18
24 70 0.13
24 73 0.096
24 77 0.219
24 79 0.109
24 87 0.127
24 88 0.183
24 92 0.152
24 97 0.098
24 98 0.167
25 47 1
25 98 0.592
25 38 0.927
25 36 0.821
25 95 0.838
25 67 0.989
25 27 0.691
25 76 0.611
25 78 0.04
25 26 0.423
25 44 0.103
25 53 0.251
25 70 0.059
25 93 0.18
25 29 0.165
25 30 0.149
25 40 0.13
25 50 0.136
25 54 0.116
25 58 0.117
25 59 0.143
25 62 0.187
25 65 0.146
25 66 0.114
25 69 0.141
25 72 0.108
25 74 0.109
25 77 0.138
25 80 0.145
25 82 0.134
25 83 0.169
25 85 0.133
25 86 0.196
25 88 0.13
25 89 0.187
25 91 0.157
25 96 0.21
25 97 0.159
25 99 0.169
26 60 0.916
26 67 0.992
26 68 0.918
26 59 0.773
26 46 0.69
26 27 0.15
26 35 0.141
26 42 0.152
26 48 0.147
26 55 0.174
26 61 0.231
26 73 0.179
26 82 0.256
26 93 0.466
26 97 0.171
26 30 0.19
26 31 0.151
26 37 0.136
26 39 0.099
26 43 0.147
26 44 0.071
26 45 0.098
26 47 0.188
26 54 0.114
26 57 0.157
26 63 0.166
26 65 0.16
26 77 0.126
26 79 0.133
26 86 0.126
26 87 0.142
26 90 0.118
26 94 0.168
26 98 0.121
27 44 0.943
27 70 0.821
27 36 0.582
27 95 0.663
27 40 0.192
27 64 0.181
27 74 0.1
27 76 0.159
27 94 0.096
27 28 0.155
27 29 0.168
27 35 0.173
27 37 0.187
27 38 0.138
27 39 0.127
27 41 0.153
27 43 0.164
27 48 0.181
27 51 0.167
27 58 0.16
27 61 0.131
27 63 0.169
27 69 0.124
27 77 0.155
27 78 0.139
27 80 0.125
27 83 0.167
27 84 0.124
27 88 0.125
27 91 0.159
27 93 0.114
27 96 0.168
27 97 0.142
27 99 0.209
28 97 0.951
28 40 0.985
28 54 0.765
28 62 0.845
28 79 0.808
28 48 1
28 67 0.164
28 58 0.155
28 64 0.173
28 81 0.076
28 29 0.16
28 32 0.166
28 34 0.12
28 35 0.181
28 36 0.139
28 39 0.155
28 41 0.161
28 43 0.16
28 44 0.167
28 61 0.132
28 63 0.184
28 71 0.151
28 73 0.195
28 80 0.185
28 83 0.116
28 86 0.111
28 91 0.182
28 95 0.121
28 96 0.217
28 99 0.165
29 62 0.782
29 64 0.594
29 44 1
29 41 0.959
29 88 0.896
29 49 0.788
29 84 1
29 92 0.211
29 30 0.106
29 35 0.295
29 59 0.144
29 66 0.012
29 31 0.173
29 36 0.165
29 38 0.16
29 42 0.173
29 43 0.159
29 51 0.175
29 54 0.174
29 56 0.162
29 58 0.121
29 61 0.182
29 69 0.146
29 70 0.176
29 72 0.161
29 74 0.181
29 75 0.103
29 78 0.1
29 82 0.15
29 83 0.115
29 89 0.117
29 90 0.105
29 91 0.122
29 93 0.095
29 95 0.197
30 69 1
30 61 0.919
30 44 0.897
30 97 0.297
30 39 0.009
30 60 0.127
30 89 0.19
30 91 0.114
30 92 0.188
30 99 0.036
30 31 0.124
30 32 0.153
30 33 0.138
30 40 0.115
30 47 0.166
30 49 0.167
30 50 0.127
30 51 0.18
30 52 0.216
30 53 0.155
30 54 0.13
30 55 0.168
30 56 0.143
30 63 0.161
30 64 0.152
30 67 0.09
30 68 0.097
30 70 0.178
30 72 0.146
30 78 0.119
30 81 0.146
30 82 0.166
30 83 0.178
30 85 0.116
30 86 0.224
30 96 0.177
30 98 0.154
31 71 0.916
31 66 0.658
31 60 1
31 97 0.692
31 37 0.044
31 44 0.151
31 46 0.144
31 61 0.173
31 99 0.124
31 34 0.114
31 35 0.181
31 36 0.134
31 39 0.161
31 41 0.162
31 42 0.199
31 45 0.099
31 51 0.121
31 53 0.217
31 55 0.154
31 57 0.168
31 64 0.161
31 65 0.129
31 73 0.152
31 74 0.152
31 77 0.171
31 79 0.199
31 84 0.125
31 87 0.16
31 89 0.132
31 93 0.133
31 96 0.184
32 94 0.757
32 82 0.853
32 68 0.233
32 47 0.207
32 34 0.124
32 48 0.284
32 49 0.101
32 59 0.29
32 99 0.128
32 35 0.169
32 37 0.174
32 39 0.154
32 41 0.206
32 54 0.147
32 55 0.134
32 56 0.131
32 57 0.1
32 62 0.185
32 63 0.168
32 67 0.114
32 70 0.181
32 74 0.178
32 76 0.154
32 78 0.151
32 79 0.107
32 81 0.208
32 87 0.139
32 88 0.104
32 92 0.204
32 93 0.158
32 96 0.121
33 65 0.887
33 67 0.807
33 88 0.941
33 52 0.546
33 63 0.844
33 51 0.173
33 82 0.073
33 87 0.146
33 95 0.141
33 34 0.162
33 39 0.186
33 41 0.154
33 43 0.147
33 49 0.135
33 54 0.144
33 57 0.154
33 59 0.15
33 68 0.198
33 69 0.181
33 70 0.174
33 71 0.157
33 76 0.222
33 77 0.174
33 86 0.134
33 89 0.161
33 90 0.164
33 92 0.112
33 97 0.128
33 98 0.158
33 99 0.178
34 83 0.77
34 79 0.791
34 93 0.601
34 42 0.114
34 49 0.075
34 63 0.109
34 65 0.282
34 73 0.157
34 87 0.198
34 92 0.2
34 35 0.139
34 37 0.13
34 38 0.219
34 40 0.167
34 41 0.171
34 43 0.142
34 44 0.16
34 45 0.198
34 47 0.114
34 50 0.178
34 53 0.144
34 58 0.187
34 59 0.195
34 61 0.136
34 62 0.081
34 66 0.139
34 68 0.176
34 69 0.162
34 71 0.099
34 80 0.164
34 85 0.169
34 86 0.138
34 89 0.167
34 90 0.134
34 91 0.092
34 97 0.113
35 40 0.954
35 67 0.689
35 77 0.796
35 94 1
35 68 0.944
35 63 0.716
35 53 0.125
35 45 0.125
35 57 0.38
35 62 0.174
35 65 0.16
35 70 0.164
35 74 0.197
35 76 0.098
35 85 0.104
35 36 0.17
35 41 0.184
35 43 0.165
35 46 0.15
35 51 0.198
35 59 0.126
35 61 0.122
35 64 0.127
35 72 0.138
35 73 0.153
35 78 0.109
35 79 0.186
35 81 0.18
35 82 0.116
35 83 0.167
35 84 0.179
35 89 0.117
35 90 0.156
35 95 0.19
35 99 0.133
36 67 0.791
36 88 0.812
36 42 1
36 48 1
36 39 0.237
36 66 0.117
36 83 0.144
36 37 0.133
36 40 0.166
36 45 0.158
36 49 0.1
36 50 0.148
36 54 0.127
36 55 0.171
36 56 0.134
36 59 0.178
36 62 0.174
36 63 0.175
36 69 0.173
36 73 0.133
36 74 0.139
36 77 0.087
36 80 0.183
36 81 0.113
36 82 0.156
36 84 0.126
36 86 0.161
36 89 0.207
36 91 0.117
36 92 0.151
36 93 0.218
36 95 0.154
36 96 0.171
36 97 0.182
37 94 0.831
37 71 0.637
37 70 0.889
37 72 0.866
37 51 0.875
37 74 0.859
37 83 0.924
37 68 1
37 93 1
37 65 0.637
37 52 0.787
37 78 0.075
37 46 0.084
37 59 0.135
37 39 0.189
37 43 0.122
37 48 0.095
37 49 0.221
37 50 0.167
37 56 0.11
37 63 0.12
37 64 0.142
37 66 0.159
37 69 0.184
37 73 0.122
37 75 0.183
37 80 0.164
37 85 0.142
37 86 0.187
37 87 0.111
37 89 0.096
37 95 0.2
37 99 0.123
38 74 1
38 44 0.621
38 40 0.964
38 39 1
38 64 0.858
38 52 0.673
38 59 0.107
38 61 0.345
38 71 0.183
38 72 0.134
38 87 0.177
38 89 0.08
38 99 0.189
38 45 0.11
38 49 0.167
38 54 0.126
38 65 0.152
38 66 0.122
38 70 0.166
38 73 0.116
38 76 0.124
38 79 0.158
38 80 0.177
38 81 0.148
38 82 0.2
38 83 0.19
38 84 0.129
38 88 0.134
38 92 0.046
38 93 0.154
38 94 0.136
38 95 0.157
38 96 0.187
38 97 0.072
39 81 0.621
39 40 0.644
39 57 0.269
39 74 0.093
39 43 0.163
39 50 0.117
39 62 0.014
39 69 0.147
39 41 0.172
39 42 0.125
39 51 0.185
39 53 0.159
39 54 0.113
39 59 0.166
39 61 0.159
39 65 0.135
39 66 0.14
39 73 0.177
39 76 0.152
39 79 0.12
39 90 0.163
39 95 0.089
39 96 0.196
39 99 0.158
40 59 0.788
40 41 0.852
40 90 1
40 66 0.694
40 64 0.605
40 65 0.18
40 99 0.161
40 67 0.262
40 71 0.136
40 83 0.188
40 47 0.13
40 52 0.159
40 53 0.142
40 55 0.144
40 56 0.184
40 61 0.13
40 62 0.106
40 69 0.181
40 72 0.175
40 78 0.135
40 81 0.156
40 84 0.116
40 91 0.224
40 92 0.181
40 93 0.138
40 95 0.136
41 45 0.688
41 98 0.922
41 79 0.935
41 56 0.802
41 49 0.819
41 64 1
41 70 0.875
41 46 0.9
41 69 0.282
41 75 0.232
41 78 0.189
41 55 0.134
41 59 0.231
41 67 0.162
41 73 0.171
41 42 0.196
41 43 0.139
41 44 0.16
41 48 0.213
41 53 0.201
41 57 0.176
41 62 0.131
41 65 0.154
41 72 0.119
41 76 0.138
41 80 0.177
41 90 0.192
41 93 0.142
41 96 0.136
42 59 0.917
42 55 0.724
42 78 0.832
42 94 0.194
42 57 0.216
42 66 0.134
42 86 0.212
42 99 0.204
42 44 0.14
42 45 0.154
42 49 0.179
42 50 0.213
42 54 0.165
42 56 0.151
42 60 0.138
42 62 0.139
42 71 0.121
42 72 0.175
42 74 0.16
42 77 0.135
42 79 0.163
42 84 0.133
42 85 0.168
42 87 0.21
42 96 0.091
43 97 0.975
43 72 0.612
43 70 1
43 90 0.508
43 55 0.391
43 52 0.216
43 77 0.242
43 89 0.192
43 44 0.144
43 45 0.141
43 47 0.19
43 48 0.153
43 49 0.194
43 50 0.187
43 51 0.134
43 54 0.114
43 57 0.161
43 61 0.122
43 62 0.167
43 63 0.176
43 65 0.129
43 66 0.164
43 68 0.165
43 69 0.154
43 73 0.114
43 74 0.126
43 78 0.132
43 80 0.151
43 81 0.159
43 82 0.178
43 84 0.148
43 85 0.149
43 87 0.182
43 95 0.176
43 98 0.124
44 89 0.793
44 61 0.586
44 88 0.782
44 65 1
44 83 0.092
44 49 0.194
44 62 0.129
44 82 0.3
44 48 0.116
44 51 0.152
44 52 0.127
44 53 0.155
44 55 0.15
44 56 0.212
44 57 0.199
44 60 0.192
44 64 0.194
44 66 0.164
44 67 0.109
44 68 0.127
44 72 0.127
44 76 0.112
44 77 0.143
44 79 0.155
44 85 0.153
44 86 0.135
44 87 0.19
44 91 0.205
44 92 0.192
44 95 0.168
44 96 0.138
44 98 0.142
44 99 0.151
45 68 0.912
45 67 0.127
45 46 0.14
45 47 0.123
45 49 0.137
45 50 0.171
45 54 0.079
45 57 0.107
45 59 0.124
45 60 0.148
45 63 0.12
45 65 0.168
45 66 0.164
45 69 0.097
45 70 0.164
45 71 0.149
45 76 0.167
45 77 0.138
45 79 0.12
45 81 0.15
45 83 0.179
45 85 0.105
45 86 0.162
45 87 0.14
45 88 0.123
45 89 0.121
45 92 0.152
45 93 0.194
45 94 0.11
45 96 0.166
45 98 0.155
46 67 0.914
46 72 0.837
46 57 1
46 83 0.904
46 56 0.99
46 54 0.018
46 58 0.108
46 65 0.055
46 68 0.168
46 80 0.164
46 95 0.278
46 49 0.107
46 53 0.167
46 55 0.117
46 61 0.16
46 63 0.157
46 64 0.124
46 71 0.16
46 73 0.159
46 74 0.149
46 75 0.144
46 76 0.121
46 81 0.159
46 82 0.146
46 88 0.121
46 91 0.148
46 94 0.125
46 98 0.135
47 60 0.954
47 49 0.653
47 57 1
47 61 0.939
47 78 0.207
47 99 0.141
47 50 0.137
47 58 0.142
47 62 0.159
47 70 0.16
47 72 0.199
47 73 0.151
47 76 0.144
47 79 0.127
47 80 0.176
47 85 0.188
47 86 0.164
47 89 0.162
47 90 0.117
47 91 0.15
47 92 0.122
47 94 0.14
48 53 1
48 98 0.911
48 61 0.854
48 54 0.71
48 87 0.142
48 93 0.16
48 51 0.138
48 59 0.12
48 62 0.179
48 69 0.12
48 72 0.162
48 73 0.129
48 74 0.087
48 78 0.14
48 79 0.14
48 80 0.121
48 81 0.158
48 82 0.173
48 83 0.141
48 84 0.169
48 88 0.159
48 89 0.193
48 95 0.117
48 96 0.16
48 99 0.062
49 66 0.759
49 55 0.778
49 53 0.79
49 54 0.929
49 84 0.788
49 78 0.691
49 65 0.256
49 94 0.099
49 56 0.148
49 58 0.172
49 59 0.195
49 64 0.142
49 68 0.196
49 69 0.139
49 70 0.154
49 71 0.146
49 72 0.17
49 73 0.124
49 74 0.117
49 79 0.147
49 83 0.17
49 87 0.133
49 88 0.147
49 91 0.147
49 98 0.139
49 99 0.194
50 72 0.8
50 55 0.93
50 91 0.603
50 64 0.783
50 95 0.132
50 52 0.149
50 63 0.22
50 68 0.331
50 94 0.137
50 51 0.133
50 53 0.153
50 58 0.189
50 65 0.143
50 67 0.138
50 69 0.163
50 71 0.147
50 73 0.192
50 74 0.179
50 75 0.128
50 85 0.163
50 88 0.136
50 90 0.154
50 96 0.12
51 99 0.882
51 59 0.188
51 73 0.102
51 75 0.149
51 89 0.192
51 97 0.126
51 52 0.171
51 53 0.169
51 56 0.14
51 62 0.184
51 63 0.15
51 64 0.139
51 66 0.168
51 68 0.137
51 69 0.105
51 71 0.154
51 72 0.118
51 83 0.149
51 84 0.171
51 88 0.139
51 90 0.152
51 93 0.189
51 98 0.111
52 76 0.258
52 92 0.307
52 67 0.153
52 90 0.206
52 56 0.161
52 58 0.17
52 60 0.17
52 61 0.14
52 62 0.119
52 64 0.15
52 65 0.148
52 70 0.14
52 77 0.114
52 78 0.158
52 79 0.149
52 84 0.203
52 88 0.135
52 89 0.192
52 91 0.147
52 93 0.15
52 96 0.13
52 97 0.154
52 98 0.144
53 62 0.857
53 71 0.073
53 60 0.163
53 84 0.262
53 88 0.155
53 94 0.341
53 54 0.12
53 55 0.169
53 56 0.113
53 61 0.171
53 64 0.181
53 66 0.185
53 68 0.113
53 73 0.152
53 76 0.07
53 78 0.18
53 80 0.152
53 85 0.171
53 86 0.096
53 91 0.15
53 92 0.136
54 71 0.641
54 92 0.759
54 97 0.025
54 55 0.15
54 57 0.108
54 58 0.144
54 60 0.099
54 62 0.116
54 68 0.133
54 70 0.165
54 72 0.149
54 73 0.161
54 79 0.159
54 80 0.149
54 81 0.117
54 82 0.177
54 83 0.157
54 84 0.154
54 86 0.152
54 87 0.109
54 91 0.191
54 94 0.187
54 96 0.162
54 99 0.078
55 88 0.909
55 57 0.835
55 59 0.789
55 60 0.155
55 81 0.172
55 58 0.139
55 63 0.135
55 65 0.143
55 67 0.135
55 69 0.107
55 71 0.178
55 73 0.165
55 77 0.182
55 86 0.142
55 93 0.08
55 95 0.2
55 96 0.115
55 97 0.153
55 98 0.189
56 96 0.583
56 76 0.922
56 65 0.079
56 92 0.155
56 58 0.157
56 59 0.156
56 60 0.13
56 62 0.172
56 64 0.157
56 67 0.088
56 72 0.09
56 73 0.125
56 74 0.112
56 75 0.164
56 77 0.227
56 78 0.178
56 81 0.139
56 85 0.084
56 93 0.127
56 94 0.137
57 93 1
57 98 0.97
57 69 0.895
57 64 0.72
57 67 1
57 94 0.947
57 75 0.421
57 74 0.025
57 92 0.143
57 58 0.09
57 60 0.195
57 66 0.136
57 68 0.149
57 70 0.169
57 71 0.176
57 73 0.167
57 78 0.136
57 82 0.14
57 85 0.15
57 87 0.166
57 89 0.127
57 91 0.141
57 95 0.152
57 96 0.156
57 99 0.157
58 98 1
58 66 0.754
58 89 0.526
58 59 0.134
58 63 0.135
58 65 0.119
58 77 0.144
58 68 0.1
58 71 0.149
58 73 0.142
58 78 0.179
58 80 0.144
58 85 0.152
58 88 0.15
58 91 0.135
58 92 0.144
58 93 0.187
58 99 0.2
59 71 0.88
59 60 0.83
59 77 0.838
59 84 0.728
59 62 0.907
59 66 0.223
59 65 0.33
59 93 0.044
59 96 0.044
59 63 0.031
59 64 0.112
59 72 0.155
59 73 0.113
59 76 0.171
59 79 0.181
59 81 0.203
59 85 0.204
59 88 0.167
59 90 0.155
59 91 0.216
59 95 0.135
59 98 0.165
59 99 0.137
60 88 0.595
60 75 0.842
60 99 0.957
60 87 0.118
60 86 0.163
60 89 0.177
60 62 0.141
60 66 0.123
60 67 0.112
60 69 0.177
60 74 0.191
60 77 0.15
60 78 0.118
60 79 0.124
60 80 0.134
60 91 0.159
60 92 0.115
60 93 0.221
60 94 0.118
60 95 0.134
60 96 0.106
61 80 0.642
61 85 0.992
61 95 0.18
61 73 0.162
61 98 0.234
61 99 0.207
61 64 0.202
61 65 0.092
61 75 0.154
61 81 0.132
61 86 0.189
61 87 0.13
61 88 0.159
61 89 0.156
61 93 0.172
61 97 0.116
62 86 0.8
62 87 0.989
62 67 0.839
62 97 0.832
62 92 0.611
62 96 0.077
62 74 0.154
62 78 0.128
62 83 0.035
62 98 0.243
62 64 0.164
62 65 0.138
62 71 0.16
62 72 0.176
62 76 0.18
62 80 0.128
62 81 0.14
62 85 0.178
62 91 0.152
62 93 0.188
62 94 0.178
62 95 0.064
62 99 0.165
63 64 0.988
63 86 1
63 92 1
63 70 0.85
63 83 0.213
63 96 0.143
63 99 0.254
63 65 0.158
63 69 0.087
63 71 0.137
63 72 0.163
63 73 0.097
63 79 0.143
63 81 0.167
63 84 0.116
63 85 0.147
63 87 0.107
63 89 0.109
63 93 0.172
63 95 0.141
63 98 0.116
64 72 0.67
64 97 0.796
64 70 0.092
64 71 0.141
64 77 0.194
64 66 0.116
64 67 0.132
64 69 0.166
64 73 0.132
64 74 0.182
64 81 0.146
64 82 0.183
64 87 0.169
64 93 0.108
64 96 0.19
64 99 0.116
65 98 0.699
65 86 0.269
65 99 0.168
65 74 0.266
65 76 0.127
65 88 0.203
65 66 0.163
65 67 0.184
65 68 0.11
65 71 0.111
65 73 0.205
65 78 0.114
65 79 0.137
65 80 0.127
65 82 0.166
65 84 0.115
65 85 0.121
65 87 0.18
65 89 0.165
65 92 0.155
66 95 1
66 88 0.696
66 75 0.123
66 80 0.16
66 84 0.12
66 93 0.143
66 94 0.084
66 67 0.122
66 68 0.153
66 71 0.166
66 72 0.161
66 74 0.107
66 78 0.136
66 81 0.158
66 87 0.148
66 96 0.114
66 97 0.133
67 70 1
67 92 0.857
67 77 0.785
67 90 0.805
67 78 0.287
67 86 0.117
67 69 0.175
67 71 0.143
67 72 0.142
67 74 0.15
67 80 0.155
67 83 0.163
67 87 0.164
68 97 0.629
68 70 0.131
68 71 0.171
68 72 0.192
68 74 0.149
68 79 0.196
68 82 0.134
68 84 0.136
68 86 0.133
68 87 0.157
68 89 0.18
68 93 0.223
68 94 0.127
68 99 0.148
69 80 0.784
69 72 0.839
69 84 0.542
69 98 0.685
69 95 0.067
69 97 0.156
69 76 0.276
69 83 0.159
69 90 0.154
69 91 0.187
69 75 0.144
69 77 0.118
69 86 0.208
69 88 0.141
69 93 0.158
69 94 0.134
69 99 0.123
70 73 0.07
70 77 0.164
70 79 0.131
70 80 0.106
70 81 0.129
70 83 0.174
70 89 0.137
70 90 0.209
70 92 0.158
70 93 0.204
70 97 0.132
70 99 0.173
71 79 0.533
71 96 0.782
71 78 0.152
71 72 0.134
71 83 0.125
71 84 0.157
71 93 0.184
71 98 0.161
72 82 0.521
72 75 0.855
72 86 0.025
72 74 0.122
72 78 0.169
72 79 0.151
72 81 0.157
72 84 0.163
72 88 0.178
72 96 0.118
73 86 0.634
73 75 0.153
73 90 0.11
73 74 0.104
73 77 0.168
73 87 0.15
73 93 0.165
73 94 0.168
73 96 0.129
74 98 0.656
74 83 0.156
74 85 0.073
74 90 0.126
74 76 0.161
74 78 0.18
74 80 0.174
74 87 0.182
74 92 0.188
74 96 0.178
74 97 0.115
74 99 0.129
75 99 0.721
75 86 0.948
75 89 0.31
75 78 0.161
75 81 0.179
75 82 0.133
75 85 0.11
75 90 0.094
75 92 0.145
75 93 0.138
75 97 0.213
76 89 0.814
76 90 1
76 96 0.14
76 77 0.175
76 78 0.183
76 81 0.165
76 82 0.14
76 97 0.159
76 99 0.107
77 82 0.977
77 78 0.205
77 81 0.165
77 83 0.171
77 85 0.1
77 86 0.144
77 88 0.229
77 91 0.196
77 92 0.149
77 94 0.129
77 95 0.112
77 96 0.135
77 99 0.145
78 90 0.592
78 88 0.822
78 80 0.854
78 83 0.694
78 97 0.131
78 85 0.137
78 86 0.188
78 87 0.179
78 89 0.147
78 98 0.129
79 81 0.134
79 89 0.174
79 91 0.165
79 92 0.097
79 93 0.121
79 94 0.148
79 95 0.117
79 99 0.192
80 82 0.972
80 87 1
80 95 0.615
80 91 0.293
80 81 0.17
80 83 0.183
80 89 0.174
80 92 0.186
80 94 0.156
80 98 0.146
81 84 1
81 88 0.889
81 87 0.948
81 82 0.136
81 83 0.117
81 89 0.137
81 90 0.161
81 91 0.118
81 92 0.174
81 95 0.188
81 96 0.129
81 97 0.106
82 83 0.99
82 84 0.16
82 88 0.15
82 90 0.148
82 92 0.175
82 93 0.078
82 94 0.151
82 98 0.179
83 87 0.891
83 90 0.241
83 97 0.095
83 93 0.134
83 94 0.185
84 91 0.813
84 89 0.586
84 87 0.163
84 99 0.33
84 86 0.17
84 94 0.204
84 95 0.153
84 97 0.146
85 94 1
85 97 0.188
85 86 0.126
85 95 0.165
86 89 0.956
86 96 0.132
86 87 0.119
86 90 0.153
86 92 0.184
86 93 0.108
86 98 0.146
87 99 0.043
87 88 0.103
87 93 0.113
87 91 0.172
87 92 0.172
87 96 0.165
87 97 0.178
87 98 0.113
88 99 0.308
88 91 0.152
88 92 0.216
88 94 0.157
88 98 0.151
89 93 0.877
89 90 0.097
89 91 0.151
89 94 0.146
89 98 0.19
89 99 0.145
90 92 0.141
90 95 0.185
90 96 0.181
90 98 0.197
90 99 0.18
91 93 0.124
91 97 0.143
91 98 0.207
92 94 0.099
92 96 0.104
92 97 0.154
94 96 0.131
94 97 0.177
94 98 0.208
95 97 0.202
95 98 0.201
95 99 0.162
96 98 0.172
97 99 0.165
