0 42 0.924
0 99 1
0 27 0.524
0 90 0.929
0 24 0.088
0 34 0.05
0 44 0.189
0 52 0.162
0 3 0.169
0 14 0.1
0 28 0.064
0 62 0.137
0 74 0.24
0 84 0.28
0 9 0.171
0 22 0.056
0 23 0.16
0 53 0.109
0 63 0.114
0 64 0.173
0 80 0.185
0 82 0.234
0 88 0.291
0 98 0.13
0 4 0.203
0 5 0.047
0 6 0.168
0 8 0.156
0 10 0.153
0 12 0.103
0 13 0.103
0 20 0.162
0 21 0.101
0 33 0.131
0 36 0.2
0 37 0.105
0 38 0.126
0 39 0.201
0 43 0.148
0 49 0.193
0 50 0.132
0 54 0.204
0 55 0.125
0 60 0.136
0 66 0.129
0 70 0.172
0 76 0.15
0 77 0.148
0 79 0.139
0 81 0.178
0 86 0.125
0 93 0.136
0 97 0.203
1 45 1
1 97 1
1 35 1
1 82 1
1 13 0.789
1 34 0.469
1 86 0.3
1 93 0.01
1 5 0.148
1 23 0.127
1 25 0.151
1 50 0.147
1 65 0.308
1 44 0.235
1 54 0.145
1 64 0.141
1 83 0.322
1 4 0.211
1 6 0.126
1 12 0.105
1 14 0.16
1 22 0.092
1 28 0.159
1 39 0.198
1 40 0.158
1 55 0.115
1 57 0.172
1 59 0.134
1 70 0.132
1 75 0.161
1 78 0.208
1 89 0.117
1 3 0.157
1 7 0.162
1 8 0.126
1 9 0.089
1 21 0.204
1 24 0.197
1 37 0.147
1 51 0.104
1 61 0.181
1 67 0.15
1 68 0.133
1 73 0.153
1 74 0.213
1 77 0.175
1 79 0.163
1 81 0.183
1 85 0.099
1 98 0.19
2 81 0.86
2 28 0.915
2 33 0.855
2 92 0.234
2 98 0.06
2 29 0.165
2 31 0.147
2 35 0.223
2 50 0.106
2 55 0.236
2 64 0.302
2 65 0.129
2 67 0.073
2 73 0.22
2 86 0.161
2 99 0.212
2 4 0.191
2 10 0.167
2 13 0.171
2 14 0.098
2 17 0.128
2 40 0.237
2 46 0.145
2 66 0.023
2 69 0.079
2 71 0.153
2 72 0.167
2 74 0.225
2 75 0.086
2 90 0.158
2 5 0.124
2 15 0.171
2 21 0.113
2 23 0.104
2 24 0.165
2 25 0.182
2 34 0.174
2 36 0.122
2 44 0.156
2 45 0.159
2 53 0.147
2 59 0.157
2 60 0.192
2 63 0.166
2 76 0.132
2 77 0.153
2 79 0.148
2 80 0.119
2 82 0.157
2 84 0.103
2 91 0.142
3 48 1
3 81 0.953
3 19 0.553
3 67 0.505
3 88 0.833
3 94 0.109
3 79 0.023
3 4 0.206
3 21 0.283
3 30 0.078
3 44 0.136
3 26 0.205
3 37 0.167
3 58 0.316
3 68 0.163
3 69 0.105
3 36 0.123
3 45 0.144
3 72 0.155
3 93 0.134
3 95 0.151
3 7 0.222
3 8 0.126
3 9 0.09
3 14 0.141
3 23 0.172
3 24 0.143
3 25 0.133
3 28 0.178
3 38 0.157
3 39 0.141
3 42 0.129
3 53 0.115
3 55 0.173
3 56 0.128
3 63 0.145
3 66 0.088
3 73 0.122
3 80 0.137
3 83 0.156
3 87 0.147
3 89 0.191
3 92 0.147
3 96 0.12
3 98 0.116
4 12 0.833
4 84 0.858
4 43 0.943
4 76 0.826
4 26 0.156
4 74 0.124
4 91 0.027
4 10 0.127
4 14 0.175
4 42 0.18
4 56 0.413
4 16 0.354
4 36 0.149
4 50 0.059
4 54 0.134
4 83 0.426
4 94 0.112
4 8 0.26
4 19 0.133
4 22 0.141
4 30 0.08
4 33 0.134
4 34 0.233
4 37 0.214
4 49 0.138
4 63 0.171
4 65 0.13
4 67 0.111
4 70 0.157
4 96 0.154
4 97 0.142
4 9 0.161
4 11 0.167
4 13 0.178
4 18 0.167
4 20 0.103
4 23 0.189
4 35 0.127
4 38 0.113
4 40 0.195
4 41 0.167
4 46 0.168
4 48 0.177
4 58 0.209
4 61 0.134
4 62 0.089
4 64 0.141
4 69 0.152
4 82 0.145
4 87 0.131
4 89 0.175
4 93 0.169
4 98 0.134
5 46 0.888
5 23 0.674
5 50 0.875
5 97 1
5 63 0.715
5 26 0.187
5 47 0.138
5 87 0.245
5 30 0.155
5 78 0.205
5 81 0.078
5 93 0.131
5 96 0.105
5 6 0.199
5 12 0.131
5 33 0.091
5 39 0.301
5 41 0.198
5 53 0.246
5 62 0.21
5 64 0.213
5 69 0.14
5 70 0.183
5 72 0.099
5 85 0.38
5 88 0.171
5 9 0.119
5 19 0.156
5 22 0.184
5 24 0.177
5 25 0.172
5 29 0.186
5 31 0.161
5 44 0.142
5 45 0.143
5 48 0.134
5 49 0.135
5 51 0.12
5 52 0.147
5 55 0.19
5 57 0.165
5 60 0.163
5 61 0.155
5 65 0.16
5 67 0.16
5 68 0.19
5 71 0.152
5 73 0.17
5 74 0.137
5 75 0.158
5 80 0.158
5 82 0.148
5 86 0.128
5 90 0.101
6 32 0.808
6 73 1
6 36 0.648
6 35 0.973
6 81 0.938
6 23 0.139
6 65 0.025
6 82 0.149
6 15 0.161
6 17 0.012
6 31 0.165
6 39 0.172
6 42 0.112
6 45 0.16
6 48 0.179
6 76 0.009
6 87 0.064
6 92 0.147
6 10 0.108
6 18 0.137
6 33 0.158
6 44 0.182
6 52 0.185
6 56 0.153
6 58 0.238
6 68 0.163
6 75 0.166
6 83 0.201
6 89 0.247
6 94 0.145
6 7 0.178
6 9 0.162
6 21 0.158
6 24 0.158
6 34 0.127
6 43 0.123
6 57 0.172
6 61 0.118
6 62 0.162
6 70 0.125
6 74 0.135
6 85 0.185
6 90 0.208
6 91 0.091
6 99 0.136
7 17 0.893
7 82 0.843
7 41 0.964
7 22 1
7 46 0.915
7 84 0.57
7 59 0.078
7 83 0.439
7 32 0.113
7 50 0.145
7 57 0.093
7 64 0.046
7 90 0.192
7 30 0.2
7 33 0.183
7 63 0.156
7 74 0.169
7 8 0.209
7 18 0.193
7 20 0.185
7 25 0.157
7 45 0.155
7 47 0.145
7 58 0.043
7 62 0.176
7 72 0.149
7 75 0.119
7 77 0.133
7 81 0.018
7 94 0.13
7 9 0.116
7 10 0.2
7 11 0.177
7 14 0.125
7 15 0.178
7 16 0.178
7 21 0.1
7 23 0.073
7 24 0.128
7 29 0.116
7 31 0.144
7 35 0.186
7 37 0.154
7 39 0.146
7 49 0.129
7 52 0.132
7 55 0.1
7 65 0.166
7 66 0.173
7 71 0.13
7 78 0.142
7 86 0.202
8 15 0.596
8 35 0.628
8 86 0.673
8 57 0.912
8 34 0.241
8 61 0.173
8 51 0.172
8 46 0.047
8 17 0.165
8 40 0.189
8 59 0.112
8 71 0.159
8 75 0.177
8 14 0.16
8 19 0.172
8 27 0.108
8 30 0.108
8 33 0.13
8 43 0.099
8 60 0.151
8 76 0.185
8 77 0.114
8 83 0.142
8 88 0.183
8 89 0.03
8 95 0.202
8 10 0.122
8 21 0.16
8 22 0.128
8 23 0.122
8 25 0.114
8 26 0.122
8 28 0.17
8 37 0.166
8 38 0.174
8 41 0.098
8 44 0.157
8 45 0.142
8 49 0.103
8 54 0.123
8 62 0.143
8 66 0.206
8 68 0.13
8 69 0.211
8 70 0.149
8 74 0.216
8 87 0.169
8 90 0.164
8 92 0.078
8 96 0.18
9 51 0.756
9 58 1
9 82 1
9 92 1
9 95 1
9 42 0.948
9 69 0.691
9 39 0.636
9 66 0.729
9 93 0.75
9 84 0.896
9 64 0.632
9 47 0.296
9 72 0.201
9 19 0.101
9 65 0.453
9 15 0.327
9 49 0.082
9 14 0.156
9 16 0.249
9 54 0.228
9 85 0.16
9 88 0.067
9 17 0.277
9 25 0.173
9 48 0.131
9 53 0.154
9 60 0.178
9 63 0.142
9 71 0.085
9 75 0.178
9 96 0.091
9 98 0.192
9 99 0.137
9 13 0.143
9 28 0.155
9 30 0.126
9 32 0.106
9 35 0.19
9 37 0.151
9 38 0.193
9 43 0.109
9 44 0.15
9 52 0.166
9 55 0.16
9 57 0.12
9 61 0.154
9 62 0.2
9 68 0.151
9 77 0.142
9 86 0.141
10 18 0.827
10 88 1
10 12 0.722
10 37 0.699
10 26 0.562
10 20 0.735
10 30 1
10 35 1
10 22 0.24
10 91 0.156
10 86 0.243
10 36 0.1
10 41 0.197
10 63 0.153
10 76 0.162
10 80 0.082
10 95 0.081
10 27 0.174
10 38 0.063
10 90 0.157
10 93 0.144
10 28 0.028
10 52 0.127
10 55 0.172
10 61 0.163
10 77 0.273
10 84 0.133
10 89 0.148
10 94 0.131
10 11 0.244
10 13 0.176
10 15 0.121
10 24 0.173
10 25 0.178
10 29 0.179
10 31 0.167
10 42 0.106
10 46 0.136
10 47 0.097
10 48 0.143
10 53 0.178
10 54 0.11
10 59 0.129
10 60 0.117
10 62 0.109
10 65 0.181
10 66 0.159
10 67 0.174
10 71 0.119
10 75 0.171
10 78 0.154
10 81 0.184
10 82 0.177
10 83 0.176
10 85 0.172
10 87 0.17
10 92 0.125
11 59 0.81
11 29 0.795
11 82 0.901
11 45 0.938
11 53 0.096
11 87 0.324
11 81 0.696
11 16 0.296
11 31 0.138
11 61 0.485
11 62 0.247
11 64 0.15
11 69 0.008
11 71 0.164
11 94 0.141
11 95 0.206
11 20 0.159
11 28 0.16
11 35 0.137
11 46 0.147
11 51 0.151
11 55 0.098
11 74 0.249
11 77 0.183
11 79 0.186
11 85 0.168
11 96 0.197
11 98 0.197
11 12 0.142
11 13 0.137
11 18 0.111
11 19 0.155
11 22 0.198
11 24 0.158
11 26 0.15
11 27 0.123
11 34 0.142
11 39 0.232
11 41 0.169
11 52 0.174
11 54 0.107
11 56 0.185
11 57 0.156
11 70 0.165
11 75 0.129
11 80 0.145
11 83 0.192
11 84 0.134
11 86 0.115
11 88 0.175
11 89 0.14
11 92 0.141
12 63 0.824
12 51 0.947
12 56 1
12 89 0.837
12 98 0.774
12 47 0.693
12 38 0.074
12 96 0.138
12 36 0.143
12 78 0.121
12 83 0.481
12 92 0.03
12 28 0.105
12 35 0.169
12 55 0.097
12 58 0.098
12 82 0.157
12 86 0.225
12 18 0.142
12 30 0.152
12 32 0.127
12 33 0.136
12 41 0.21
12 59 0.204
12 75 0.214
12 76 0.08
12 91 0.152
12 15 0.148
12 19 0.139
12 23 0.107
12 29 0.196
12 39 0.135
12 43 0.121
12 49 0.136
12 50 0.152
12 53 0.173
12 60 0.118
12 62 0.183
12 64 0.156
12 65 0.133
12 67 0.146
12 72 0.214
12 73 0.143
12 74 0.14
12 80 0.203
12 87 0.13
12 88 0.131
12 95 0.116
13 98 0.909
13 22 0.686
13 90 1
13 73 0.1
13 23 0.515
13 46 0.097
13 69 0.206
13 31 0.12
13 39 0.266
13 44 0.203
13 45 0.116
13 52 0.039
13 61 0.151
13 85 0.147
13 15 0.21
13 21 0.142
13 27 0.145
13 41 0.149
13 42 0.134
13 48 0.256
13 54 0.153
13 68 0.19
13 75 0.214
13 87 0.092
13 88 0.298
13 91 0.051
13 92 0.048
13 97 0.146
13 24 0.199
13 30 0.175
13 32 0.184
13 33 0.106
13 34 0.165
13 35 0.14
13 37 0.146
13 40 0.178
13 43 0.13
13 49 0.161
13 50 0.159
13 53 0.169
13 57 0.12
13 60 0.112
13 62 0.157
13 63 0.13
13 65 0.182
13 67 0.151
13 76 0.194
13 80 0.147
13 82 0.142
13 84 0.121
13 96 0.176
13 99 0.196
14 93 0.583
14 47 0.69
14 50 0.986
14 69 0.752
14 56 0.862
14 78 0.034
14 82 0.147
14 97 0.134
14 36 0.118
14 53 0.121
14 27 0.037
14 28 0.093
14 33 0.028
14 75 0.307
14 16 0.148
14 19 0.163
14 35 0.19
14 40 0.144
14 48 0.181
14 66 0.159
14 81 0.174
14 86 0.054
14 96 0.168
14 98 0.222
14 17 0.126
14 23 0.212
14 37 0.155
14 41 0.167
14 42 0.14
14 54 0.148
14 55 0.209
14 59 0.149
14 65 0.123
14 70 0.15
14 72 0.116
14 73 0.121
14 74 0.123
14 77 0.151
14 83 0.172
14 87 0.177
14 94 0.114
14 99 0.169
15 82 0.701
15 84 0.999
15 88 0.544
15 41 0.747
15 49 0.513
15 46 0.744
15 32 1
15 60 0.833
15 20 0.146
15 37 0.16
15 23 0.013
15 65 0.148
15 83 0.08
15 30 0.206
15 48 0.224
15 70 0.15
15 74 0.17
15 18 0.117
15 26 0.343
15 54 0.298
15 69 0.158
15 75 0.125
15 76 0.12
15 80 0.236
15 87 0.158
15 17 0.113
15 19 0.112
15 24 0.155
15 25 0.129
15 29 0.16
15 34 0.152
15 35 0.119
15 38 0.139
15 40 0.177
15 58 0.127
15 59 0.117
15 62 0.161
15 64 0.129
15 66 0.162
15 71 0.176
15 77 0.124
15 81 0.15
15 85 0.08
15 89 0.157
15 93 0.135
15 94 0.166
15 96 0.112
15 97 0.151
15 98 0.183
16 62 1
16 43 0.691
16 79 1
16 47 1
16 71 0.743
16 34 0.192
16 49 0.112
16 94 0.012
16 22 0.128
16 35 0.109
16 45 0.151
16 58 0.212
16 27 0.175
16 36 0.124
16 61 0.112
16 64 0.061
16 83 0.145
16 84 0.087
16 50 0.109
16 52 0.096
16 90 0.141
16 98 0.168
16 17 0.178
16 18 0.153
16 26 0.108
16 28 0.134
16 30 0.121
16 31 0.151
16 32 0.133
16 38 0.144
16 40 0.172
16 44 0.133
16 46 0.117
16 53 0.139
16 55 0.132
16 59 0.209
16 60 0.187
16 67 0.191
16 69 0.126
16 70 0.156
16 72 0.088
16 77 0.111
16 82 0.156
16 86 0.145
16 87 0.103
16 89 0.144
16 93 0.127
16 96 0.161
16 97 0.16
16 99 0.15
17 33 0.651
17 39 0.003
17 86 0.186
17 23 0.144
17 73 0.038
17 84 0.178
17 88 0.196
17 18 0.216
17 26 0.169
17 37 0.081
17 46 0.21
17 50 0.149
17 58 0.112
17 89 0.128
17 21 0.148
17 24 0.112
17 25 0.117
17 35 0.233
17 40 0.142
17 47 0.088
17 51 0.111
17 52 0.139
17 53 0.147
17 54 0.099
17 59 0.154
17 62 0.131
17 63 0.151
17 65 0.16
17 71 0.09
17 74 0.109
17 80 0.155
17 83 0.103
17 85 0.129
17 92 0.15
17 93 0.139
17 98 0.123
18 40 1
18 51 0.861
18 26 1
18 86 0.846
18 90 1
18 22 0.909
18 65 0.598
18 73 0.671
18 23 0.304
18 70 0.162
18 79 0.032
18 88 0.474
18 33 0.198
18 35 0.18
18 43 0.199
18 45 0.112
18 57 0.226
18 60 0.111
18 68 0.085
18 76 0.18
18 46 0.245
18 49 0.109
18 50 0.151
18 55 0.164
18 61 0.112
18 64 0.17
18 78 0.205
18 24 0.113
18 29 0.236
18 30 0.147
18 32 0.158
18 36 0.195
18 38 0.149
18 39 0.183
18 41 0.147
18 42 0.112
18 44 0.179
18 53 0.178
18 54 0.136
18 59 0.198
18 72 0.149
18 74 0.13
18 77 0.15
18 84 0.164
18 91 0.206
18 97 0.184
19 35 0.882
19 52 0.957
19 45 0.631
19 81 0.163
19 24 0.109
19 34 0.384
19 40 0.162
19 46 0.121
19 47 0.144
19 55 0.146
19 64 0.282
19 68 0.192
19 69 0.131
19 71 0.173
19 80 0.176
19 82 0.299
19 27 0.165
19 29 0.158
19 63 0.156
19 65 0.168
19 74 0.166
19 76 0.065
19 85 0.135
19 90 0.11
19 91 0.092
19 98 0.138
19 25 0.152
19 31 0.095
19 32 0.142
19 33 0.153
19 37 0.177
19 42 0.229
19 44 0.143
19 50 0.161
19 51 0.158
19 53 0.115
19 54 0.158
19 59 0.176
19 67 0.15
19 77 0.169
19 78 0.167
19 79 0.171
19 84 0.113
19 92 0.152
19 96 0.143
20 95 0.89
20 60 0.668
20 97 0.988
20 27 0.947
20 54 0.873
20 45 0.778
20 62 0.032
20 56 0.196
20 67 0.136
20 77 0.116
20 81 0.068
20 39 0.155
20 46 0.159
20 25 0.128
20 35 0.198
20 42 0.106
20 50 0.265
20 63 0.12
20 65 0.154
20 72 0.154
20 73 0.158
20 76 0.136
20 82 0.161
20 87 0.126
20 98 0.124
20 21 0.137
20 23 0.159
20 26 0.071
20 31 0.127
20 33 0.115
20 34 0.222
20 36 0.149
20 38 0.16
20 44 0.142
20 48 0.119
20 49 0.153
20 51 0.162
20 57 0.139
20 59 0.105
20 66 0.15
20 69 0.162
20 71 0.158
20 74 0.162
20 80 0.049
20 85 0.118
20 86 0.16
21 71 0.739
21 83 0.749
21 32 0.834
21 24 0.814
21 54 0.014
21 79 0.271
21 38 0.205
21 67 0.13
21 37 0.29
21 39 0.201
21 42 0.143
21 48 0.05
21 55 0.039
21 56 0.149
21 92 0.072
21 27 0.16
21 29 0.089
21 49 0.124
21 52 0.139
21 57 0.017
21 63 0.073
21 65 0.224
21 33 0.156
21 47 0.179
21 50 0.11
21 53 0.112
21 73 0.129
21 85 0.123
21 86 0.135
21 87 0.073
21 88 0.154
21 94 0.156
21 97 0.128
21 23 0.089
21 34 0.15
21 36 0.102
21 44 0.142
21 45 0.162
21 64 0.181
21 66 0.146
21 69 0.176
21 72 0.122
21 77 0.176
21 80 0.177
21 84 0.163
21 90 0.15
21 93 0.136
21 99 0.185
22 62 0.868
22 31 0.757
22 99 1
22 71 0.836
22 51 0.807
22 73 0.751
22 96 0.431
22 67 0.186
22 69 0.227
22 57 0.021
22 24 0.151
22 93 0.205
22 37 0.205
22 56 0.507
22 87 0.046
22 30 0.079
22 40 0.181
22 63 0.146
22 86 0.145
22 28 0.142
22 29 0.165
22 35 0.145
22 54 0.176
22 23 0.137
22 27 0.15
22 32 0.162
22 33 0.081
22 34 0.088
22 38 0.188
22 39 0.126
22 41 0.11
22 42 0.167
22 44 0.184
22 52 0.145
22 55 0.2
22 64 0.154
22 66 0.146
22 75 0.158
22 76 0.167
22 78 0.18
22 79 0.197
22 80 0.137
22 83 0.126
22 88 0.113
22 89 0.147
22 90 0.131
23 32 0.794
23 25 0.614
23 24 0.171
23 74 0.034
23 28 0.178
23 59 0.125
23 72 0.168
23 38 0.058
23 41 0.168
23 43 0.428
23 47 0.193
23 80 0.247
23 34 0.206
23 35 0.142
23 45 0.304
23 58 0.129
23 65 0.094
23 66 0.108
23 79 0.096
23 81 0.169
23 86 0.194
23 87 0.195
23 27 0.163
23 29 0.138
23 30 0.125
23 31 0.123
23 33 0.141
23 36 0.211
23 37 0.16
23 39 0.145
23 40 0.15
23 42 0.135
23 44 0.107
23 48 0.13
23 52 0.146
23 53 0.106
23 54 0.158
23 56 0.157
23 60 0.125
23 61 0.2
23 62 0.122
23 63 0.177
23 69 0.155
23 70 0.159
23 73 0.238
23 75 0.207
23 76 0.178
23 77 0.111
23 82 0.134
23 83 0.173
23 84 0.091
23 89 0.188
23 90 0.13
23 96 0.158
23 97 0.15
23 98 0.098
23 99 0.132
24 36 0.944
24 51 0.627
24 47 0.878
24 28 0.674
24 37 0.788
24 86 0.181
24 69 0.326
24 31 0.234
24 34 0.125
24 56 0.076
24 67 0.094
24 38 0.147
24 54 0.362
24 82 0.175
24 32 0.021
24 35 0.216
24 39 0.146
24 42 0.143
24 58 0.125
24 62 0.052
24 64 0.151
24 65 0.168
24 71 0.153
24 83 0.202
24 87 0.216
24 25 0.136
24 29 0.159
24 30 0.181
24 33 0.16
24 49 0.12
24 50 0.202
24 57 0.164
24 68 0.15
24 72 0.186
24 73 0.159
24 76 0.143
24 77 0.127
24 78 0.185
24 80 0.187
24 84 0.163
24 85 0.128
24 90 0.155
24 95 0.14
24 97 0.209
24 99 0.175
25 47 0.961
25 38 0.571
25 36 0.703
25 95 0.741
25 67 1
25 27 0.968
25 76 0.897
25 92 0.92
25 50 0.112
25 57 0.242
25 43 0.062
25 62 0.28
25 98 0.131
25 26 0.13
25 35 0.056
25 61 0.1
25 63 0.183
25 87 0.164
25 72 0.016
25 85 0.152
25 32 0.129
25 65 0.121
25 68 0.127
25 80 0.173
25 93 0.004
25 28 0.165
25 29 0.147
25 30 0.147
25 34 0.124
25 37 0.16
25 41 0.16
25 45 0.143
25 46 0.158
25 51 0.151
25 54 0.133
25 64 0.158
25 73 0.136
25 75 0.245
25 78 0.124
25 81 0.152
25 84 0.176
25 88 0.175
25 89 0.193
25 96 0.161
25 97 0.111
26 60 0.891
26 67 0.914
26 68 0.709
26 59 0.564
26 93 0.85
26 28 0.219
26 86 0.319
26 84 0.078
26 91 0.164
26 31 0.188
26 53 0.127
26 66 0.108
26 76 0.261
26 81 0.105
26 29 0.133
26 54 0.11
26 55 0.133
26 70 0.131
26 73 0.12
26 87 0.139
26 92 0.139
26 97 0.086
26 33 0.13
26 35 0.124
26 36 0.1
26 41 0.134
26 46 0.193
26 49 0.1
26 52 0.195
26 61 0.12
26 63 0.143
26 71 0.183
26 74 0.154
26 75 0.165
26 77 0.169
26 80 0.167
26 89 0.114
26 90 0.153
26 98 0.158
26 99 0.103
27 44 1
27 70 0.649
27 50 0.552
27 72 0.104
27 28 0.118
27 54 0.164
27 71 0.135
27 78 0.207
27 84 0.153
27 89 0.114
27 31 0.127
27 34 0.017
27 66 0.244
27 67 0.15
27 83 0.093
27 85 0.132
27 90 0.283
27 92 0.155
27 29 0.158
27 37 0.152
27 39 0.168
27 42 0.134
27 43 0.132
27 49 0.177
27 52 0.181
27 53 0.13
27 59 0.176
27 60 0.193
27 65 0.156
27 74 0.084
27 75 0.171
27 79 0.15
27 86 0.193
27 91 0.135
27 93 0.125
27 96 0.165
27 97 0.15
27 98 0.154
28 97 0.791
28 40 0.56
28 54 0.782
28 79 0.821
28 48 0.77
28 65 0.211
28 44 0.06
28 45 0.189
28 63 0.103
28 69 0.386
28 49 0.133
28 59 0.343
28 82 0.259
28 50 0.029
28 55 0.154
28 70 0.133
28 73 0.01
28 95 0.14
28 32 0.212
28 35 0.191
28 57 0.172
28 64 0.255
28 66 0.124
28 78 0.134
28 83 0.191
28 90 0.151
28 99 0.141
28 31 0.182
28 38 0.189
28 43 0.158
28 46 0.151
28 52 0.14
28 53 0.138
28 72 0.16
28 75 0.105
28 77 0.151
28 80 0.17
28 81 0.13
28 84 0.148
28 96 0.154
29 62 0.764
29 64 0.584
29 44 0.848
29 41 0.768
29 49 1
29 84 0.775
29 66 0.273
29 94 0.282
29 71 0.198
29 73 0.185
29 82 0.281
29 47 0.101
29 72 0.304
29 30 0.122
29 31 0.226
29 32 0.299
29 37 0.114
29 40 0.038
29 45 0.119
29 55 0.12
29 58 0.082
29 63 0.132
29 68 0.194
29 69 0.141
29 77 0.149
29 85 0.298
29 86 0.178
29 91 0.119
29 97 0.133
29 34 0.196
29 35 0.163
29 42 0.197
29 46 0.158
29 50 0.138
29 52 0.177
29 54 0.21
29 56 0.186
29 57 0.188
29 61 0.161
29 75 0.124
29 79 0.087
29 87 0.16
29 89 0.114
29 90 0.137
30 69 0.821
30 61 0.878
30 44 0.62
30 41 0.223
30 77 0.075
30 82 0.204
30 32 0.205
30 33 0.089
30 40 0.143
30 88 0.163
30 97 0.172
30 31 0.126
30 36 0.128
30 53 0.107
30 59 0.09
30 87 0.183
30 93 0.117
30 35 0.147
30 43 0.174
30 45 0.184
30 46 0.21
30 48 0.078
30 57 0.165
30 66 0.116
30 67 0.184
30 68 0.139
30 71 0.18
30 73 0.131
30 74 0.172
30 81 0.178
30 83 0.194
30 85 0.16
30 94 0.183
30 96 0.178
30 99 0.177
31 71 0.78
31 60 0.61
31 97 0.987
31 87 0.189
31 70 0.162
31 73 0.18
31 99 0.197
31 45 0.141
31 47 0.122
31 48 0.156
31 57 0.183
31 33 0.14
31 34 0.18
31 37 0.161
31 54 0.145
31 67 0.159
31 76 0.007
31 78 0.21
31 32 0.174
31 36 0.156
31 39 0.168
31 40 0.131
31 44 0.163
31 53 0.159
31 62 0.127
31 72 0.085
31 74 0.076
31 77 0.168
31 83 0.182
31 84 0.129
31 85 0.195
31 86 0.156
31 88 0.141
31 92 0.173
32 94 0.545
32 82 1
32 77 0.727
32 39 0.11
32 56 0.019
32 58 0.153
32 60 0.18
32 71 0.134
32 83 0.087
32 38 0.282
32 67 0.121
32 81 0.111
32 93 0.138
32 37 0.072
32 48 0.133
32 49 0.121
32 66 0.172
32 69 0.197
32 76 0.139
32 91 0.076
32 92 0.046
32 34 0.167
32 35 0.177
32 40 0.174
32 46 0.2
32 54 0.137
32 61 0.171
32 63 0.076
32 70 0.159
32 74 0.15
32 79 0.141
32 86 0.221
32 88 0.115
32 96 0.185
32 98 0.168
33 88 1
33 63 0.788
33 49 0.322
33 37 0.349
33 58 0.18
33 64 0.147
33 73 0.083
33 76 0.131
33 50 0.093
33 69 0.21
33 89 0.202
33 99 0.121
33 35 0.296
33 36 0.123
33 38 0.213
33 44 0.166
33 47 0.143
33 51 0.382
33 66 0.097
33 67 0.214
33 72 0.129
33 82 0.114
33 87 0.218
33 95 0.197
33 98 0.139
33 34 0.141
33 40 0.175
33 42 0.212
33 53 0.129
33 54 0.139
33 55 0.132
33 56 0.183
33 60 0.144
33 62 0.189
33 65 0.121
33 68 0.094
33 74 0.174
33 75 0.198
33 77 0.162
33 85 0.194
33 86 0.165
33 91 0.187
33 92 0.171
33 93 0.17
33 94 0.149
34 83 1
34 93 1
34 38 0.447
34 75 0.239
34 82 0.151
34 37 0.195
34 65 0.076
34 35 0.129
34 39 0.168
34 49 0.16
34 55 0.142
34 64 0.138
34 88 0.226
34 36 0.106
34 44 0.205
34 47 0.13
34 48 0.178
34 53 0.122
34 57 0.166
34 58 0.211
34 60 0.161
34 61 0.173
34 63 0.158
34 67 0.117
34 70 0.203
34 72 0.155
34 76 0.11
34 80 0.165
34 84 0.132
34 86 0.122
34 89 0.14
34 91 0.132
34 92 0.16
34 94 0.151
34 98 0.146
35 40 0.626
35 67 0.812
35 94 0.732
35 68 0.784
35 63 0.624
35 53 0.246
35 87 0.355
35 75 0.247
35 39 0.121
35 73 0.136
35 96 0.124
35 38 0.233
35 90 0.312
35 41 0.008
35 43 0.183
35 45 0.205
35 47 0.218
35 49 0.151
35 51 0.08
35 62 0.141
35 65 0.156
35 77 0.149
35 88 0.145
35 93 0.126
35 37 0.115
35 44 0.14
35 48 0.17
35 50 0.192
35 54 0.11
35 58 0.102
35 59 0.103
35 61 0.211
35 69 0.159
35 71 0.171
35 76 0.191
35 80 0.16
35 82 0.106
35 84 0.096
35 95 0.175
35 98 0.139
36 67 0.656
36 88 1
36 42 0.909
36 48 0.946
36 77 0.569
36 47 0.095
36 71 0.252
36 84 0.178
36 85 0.069
36 45 0.133
36 57 0.202
36 61 0.164
36 70 0.129
36 89 0.126
36 93 0.141
36 94 0.127
36 97 0.159
36 99 0.142
36 38 0.154
36 40 0.133
36 49 0.125
36 51 0.147
36 64 0.19
36 69 0.166
36 74 0.183
36 75 0.134
36 82 0.155
36 83 0.172
36 86 0.14
36 87 0.114
36 90 0.125
36 98 0.164
37 94 0.742
37 71 0.379
37 70 0.956
37 72 1
37 51 1
37 83 0.485
37 68 1
37 93 0.713
37 65 1
37 52 0.815
37 54 0.165
37 39 0.097
37 90 0.215
37 47 0.158
37 58 0.115
37 60 0.085
37 63 0.262
37 69 0.175
37 74 0.147
37 76 0.118
37 82 0.196
37 40 0.114
37 41 0.175
37 43 0.137
37 48 0.119
37 49 0.193
37 50 0.142
37 53 0.123
37 56 0.121
37 66 0.193
37 67 0.122
37 73 0.111
37 85 0.118
37 87 0.122
37 88 0.163
37 92 0.085
37 99 0.132
38 74 1
38 40 1
38 39 1
38 64 0.747
38 52 1
38 79 0.101
38 84 0.148
38 41 0.151
38 54 0.182
38 62 0.139
38 92 0.101
38 42 0.17
38 55 0.125
38 57 0.116
38 63 0.17
38 69 0.224
38 70 0.001
38 72 0.111
38 77 0.136
38 90 0.173
38 44 0.203
38 47 0.127
38 49 0.114
38 51 0.17
38 53 0.095
38 56 0.159
38 60 0.154
38 61 0.149
38 75 0.127
38 76 0.193
38 81 0.125
38 82 0.15
38 85 0.127
38 87 0.177
38 88 0.13
38 89 0.192
38 93 0.14
38 95 0.128
38 96 0.145
38 97 0.164
39 81 0.693
39 40 0.514
39 46 0.425
39 52 0.253
39 56 0.088
39 80 0.104
39 85 0.342
39 86 0.049
39 55 0.113
39 57 0.353
39 59 0.171
39 61 0.089
39 74 0.193
39 93 0.197
39 94 0.184
39 41 0.187
39 42 0.17
39 45 0.152
39 48 0.104
39 58 0.122
39 63 0.143
39 65 0.133
39 73 0.094
39 75 0.176
39 76 0.192
39 79 0.149
39 82 0.15
39 88 0.159
39 91 0.172
39 92 0.119
39 99 0.141
40 59 0.923
40 66 1
40 71 0.509
40 85 0.161
40 44 0.148
40 45 0.197
40 46 0.138
40 63 0.12
40 93 0.217
40 90 0.132
40 53 0.024
40 57 0.135
40 84 0.193
40 96 0.094
40 41 0.116
40 49 0.114
40 50 0.174
40 51 0.188
40 58 0.116
40 61 0.102
40 62 0.153
40 64 0.135
40 65 0.126
40 67 0.121
40 68 0.119
40 74 0.16
40 77 0.126
40 81 0.132
40 97 0.169
40 99 0.125
41 98 0.605
41 56 0.442
41 49 0.555
41 70 0.838
41 46 0.998
41 50 1
41 54 0.383
41 66 0.16
41 71 0.266
41 86 0.231
41 58 0.306
41 80 0.24
41 42 0.167
41 48 0.188
41 55 0.275
41 60 0.134
41 61 0.114
41 65 0.187
41 69 0.241
41 72 0.107
41 73 0.116
41 90 0.18
41 44 0.151
41 45 0.134
41 47 0.192
41 51 0.131
41 62 0.156
41 74 0.122
41 75 0.165
41 76 0.13
41 82 0.17
41 89 0.156
41 94 0.114
42 59 0.97
42 78 0.727
42 70 0.298
42 50 0.186
42 73 0.253
42 86 0.112
42 48 0.112
42 49 0.141
42 67 0.072
42 47 0.192
42 51 0.246
42 84 0.274
42 88 0.176
42 95 0.28
42 43 0.147
42 52 0.127
42 55 0.136
42 65 0.123
42 68 0.165
42 71 0.163
42 74 0.177
42 76 0.137
42 79 0.177
42 80 0.161
42 81 0.122
42 82 0.144
42 85 0.147
42 96 0.178
43 97 0.855
43 70 0.856
43 81 0.645
43 69 0.03
43 93 0.174
43 46 0.156
43 80 0.183
43 50 0.171
43 55 0.146
43 59 0.224
43 73 0.133
43 76 0.153
43 85 0.253
43 91 0.139
43 44 0.077
43 72 0.148
43 78 0.202
43 47 0.128
43 48 0.132
43 51 0.152
43 54 0.17
43 56 0.137
43 58 0.167
43 61 0.145
43 62 0.152
43 64 0.167
43 67 0.179
43 71 0.151
43 74 0.153
43 75 0.144
43 77 0.141
43 84 0.18
43 87 0.15
43 94 0.141
43 95 0.149
43 98 0.186
44 89 0.67
44 88 0.621
44 65 0.704
44 45 0.142
44 86 0.102
44 51 0.2
44 63 0.158
44 69 0.114
44 71 0.167
44 74 0.157
44 76 0.16
44 78 0.112
44 80 0.333
44 83 0.138
44 47 0.158
44 48 0.163
44 53 0.152
44 60 0.19
44 66 0.127
44 68 0.192
44 70 0.156
44 79 0.175
44 90 0.088
44 92 0.168
44 94 0.127
44 95 0.182
44 97 0.124
44 98 0.15
45 68 0.812
45 57 0.791
45 80 0.115
45 54 0.066
45 95 0.048
45 64 0.224
45 78 0.067
45 89 0.154
45 59 0.223
45 67 0.13
45 71 0.14
45 83 0.139
45 90 0.11
45 91 0.206
45 93 0.114
45 94 0.28
45 99 0.181
45 49 0.146
45 51 0.156
45 58 0.166
45 69 0.138
45 70 0.137
45 75 0.107
45 76 0.186
45 77 0.142
45 79 0.103
45 85 0.12
45 86 0.143
45 92 0.128
45 97 0.085
46 67 0.867
46 83 0.884
46 56 0.639
46 65 0.056
46 72 0.161
46 92 0.098
46 69 0.13
46 50 0.21
46 73 0.097
46 75 0.142
46 91 0.067
46 51 0.13
46 54 0.09
46 55 0.204
46 57 0.161
46 62 0.154
46 66 0.181
46 71 0.106
46 77 0.099
46 81 0.196
46 82 0.199
46 87 0.155
46 88 0.147
46 90 0.198
46 97 0.156
46 98 0.153
46 99 0.199
47 60 0.664
47 49 0.899
47 57 0.961
47 61 0.787
47 51 0.165
47 78 0.039
47 76 0.092
47 89 0.176
47 93 0.19
47 48 0.159
47 66 0.097
47 79 0.098
47 83 0.124
47 85 0.006
47 95 0.165
47 97 0.138
47 50 0.16
47 58 0.114
47 59 0.18
47 65 0.114
47 69 0.161
47 72 0.145
47 74 0.153
47 77 0.166
47 87 0.134
47 90 0.115
47 96 0.17
47 99 0.109
48 53 0.917
48 98 0.818
48 61 0.727
48 54 0.914
48 88 0.116
48 71 0.157
48 56 0.139
48 50 0.282
48 59 0.079
48 85 0.146
48 49 0.169
48 68 0.127
48 75 0.161
48 90 0.157
48 95 0.174
48 65 0.092
48 69 0.123
48 70 0.164
48 72 0.15
48 77 0.147
48 80 0.159
48 81 0.191
48 92 0.166
48 93 0.093
48 97 0.156
49 66 0.523
49 84 0.961
49 82 0.176
49 72 0.112
49 64 0.211
49 67 0.18
49 58 0.165
49 60 0.147
49 81 0.145
49 89 0.199
49 92 0.359
49 93 0.113
49 99 0.079
49 50 0.162
49 61 0.163
49 62 0.163
49 63 0.131
49 65 0.154
49 68 0.142
49 69 0.167
49 71 0.141
49 73 0.126
49 75 0.065
49 76 0.098
49 80 0.149
49 83 0.163
49 85 0.198
49 88 0.175
50 72 0.788
50 55 0.812
50 91 0.719
50 64 0.758
50 90 0.214
50 76 0.151
50 89 0.158
50 51 0.084
50 54 0.075
50 73 0.161
50 78 0.136
50 61 0.146
50 66 0.121
50 82 0.14
50 85 0.15
50 53 0.163
50 56 0.153
50 57 0.167
50 60 0.223
50 67 0.163
50 69 0.156
50 71 0.129
50 81 0.066
50 87 0.156
50 95 0.155
50 97 0.147
50 99 0.115
51 99 0.84
51 73 0.009
51 77 0.198
51 59 0.252
51 54 0.205
51 98 0.159
51 63 0.158
51 67 0.191
51 70 0.176
51 56 0.18
51 58 0.137
51 62 0.032
51 64 0.13
51 65 0.037
51 69 0.141
51 72 0.114
51 80 0.177
51 81 0.261
51 83 0.149
51 85 0.099
51 86 0.167
51 87 0.139
51 94 0.145
51 95 0.176
51 55 0.148
51 61 0.15
51 66 0.118
51 68 0.141
52 64 0.189
52 91 0.273
52 62 0.1
52 75 0.314
52 56 0.111
52 69 0.169
52 72 0.173
52 76 0.147
52 55 0.196
52 57 0.13
52 59 0.183
52 60 0.197
52 61 0.102
52 63 0.181
52 70 0.167
52 73 0.112
52 80 0.14
52 85 0.138
52 86 0.111
52 87 0.121
52 94 0.156
52 97 0.151
53 62 0.72
53 71 0.501
53 86 0.087
53 95 0.054
53 54 0.073
53 55 0.293
53 59 0.112
53 85 0.065
53 92 0.153
53 94 0.471
53 58 0.166
53 73 0.264
53 74 0.134
53 75 0.302
53 76 0.111
53 78 0.186
53 81 0.143
53 60 0.12
53 61 0.159
53 64 0.127
53 68 0.113
53 72 0.049
53 80 0.133
53 82 0.164
53 87 0.118
53 88 0.134
53 89 0.176
53 91 0.193
53 96 0.183
53 99 0.178
54 92 0.854
54 68 0.059
54 76 0.167
54 81 0.223
54 87 0.112
54 89 0.208
54 90 0.115
54 97 0.192
54 60 0.185
54 67 0.126
54 69 0.06
54 72 0.178
54 77 0.15
54 80 0.012
54 88 0.12
54 91 0.27
54 62 0.168
54 66 0.178
54 70 0.112
54 71 0.162
54 73 0.164
54 74 0.111
54 75 0.138
54 79 0.156
54 82 0.166
54 84 0.134
54 85 0.131
54 93 0.129
54 94 0.146
54 96 0.149
54 99 0.198
55 88 0.909
55 59 1
55 69 0.336
55 76 0.19
55 91 0.147
55 95 0.352
55 72 0.114
55 75 0.15
55 77 0.069
55 79 0.107
55 97 0.077
55 82 0.219
55 84 0.146
55 56 0.132
55 57 0.168
55 60 0.153
55 65 0.177
55 66 0.087
55 80 0.143
55 81 0.158
55 86 0.146
55 87 0.174
55 89 0.178
55 92 0.195
55 96 0.209
56 76 0.875
56 59 0.36
56 61 0.21
56 57 0.13
56 79 0.265
56 85 0.161
56 60 0.186
56 66 0.055
56 71 0.308
56 75 0.288
56 81 0.127
56 62 0.13
56 69 0.146
56 70 0.148
56 77 0.128
56 78 0.156
56 83 0.137
56 84 0.212
56 86 0.136
56 87 0.093
56 88 0.17
56 90 0.09
56 91 0.141
56 92 0.151
56 96 0.071
56 97 0.158
56 98 0.148
57 98 0.954
57 69 0.589
57 64 0.942
57 67 0.821
57 94 0.637
57 58 0.179
57 95 0.158
57 86 0.174
57 77 0.108
57 60 0.06
57 76 0.144
57 81 0.1
57 83 0.132
57 97 0.007
57 62 0.182
57 63 0.209
57 72 0.137
57 73 0.169
57 78 0.15
57 79 0.19
57 82 0.11
57 84 0.158
57 87 0.143
58 98 1
58 66 0.952
58 81 0.164
58 96 0.183
58 64 0.226
58 91 0.216
58 68 0.152
58 72 0.07
58 82 0.096
58 94 0.07
58 60 0.207
58 61 0.133
58 65 0.176
58 67 0.186
58 75 0.171
58 76 0.162
58 78 0.181
58 80 0.184
58 84 0.225
58 87 0.167
58 92 0.148
58 97 0.095
59 71 0.99
59 60 1
59 84 0.872
59 62 0.909
59 68 0.158
59 85 0.244
59 92 0.134
59 97 0.185
59 64 0.114
59 65 0.143
59 73 0.169
59 75 0.24
59 76 0.06
59 82 0.142
59 90 0.116
59 94 0.333
59 99 0.101
59 69 0.182
59 70 0.145
59 78 0.141
59 87 0.186
59 98 0.113
60 75 0.72
60 99 1
60 62 0.14
60 81 0.137
60 84 0.183
60 90 0.098
60 61 0.238
60 66 0.148
60 78 0.07
60 86 0.118
60 95 0.215
60 63 0.143
60 64 0.15
60 65 0.167
60 74 0.138
60 82 0.131
60 85 0.188
60 88 0.193
60 89 0.094
60 93 0.156
60 94 0.167
60 97 0.13
61 85 0.645
61 72 0.137
61 71 0.093
61 97 0.116
61 62 0.107
61 69 0.137
61 82 0.195
61 70 0.041
61 76 0.138
61 88 0.148
61 89 0.177
61 66 0.135
61 68 0.131
61 87 0.13
61 93 0.164
62 86 0.942
62 87 0.78
62 67 0.69
62 97 0.778
62 88 0.039
62 72 0.019
62 70 0.092
62 71 0.02
62 74 0.15
62 82 0.106
62 64 0.132
62 68 0.169
62 69 0.144
62 76 0.18
62 78 0.167
62 80 0.198
62 83 0.117
62 89 0.152
62 90 0.167
62 92 0.154
62 93 0.176
62 95 0.13
62 96 0.104
63 64 0.711
63 86 1
63 96 0.445
63 89 0.314
63 93 0.269
63 95 0.172
63 67 0.184
63 71 0.233
63 74 0.128
63 88 0.204
63 65 0.208
63 70 0.186
63 81 0.137
63 84 0.15
63 87 0.15
63 97 0.111
64 72 0.786
64 65 0.315
64 85 0.429
64 99 0.217
64 68 0.136
64 77 0.247
64 89 0.143
64 66 0.141
64 71 0.113
64 75 0.107
64 76 0.03
64 86 0.127
64 70 0.138
64 74 0.152
64 80 0.158
64 81 0.185
64 82 0.104
64 84 0.131
64 90 0.15
64 91 0.14
64 92 0.165
64 95 0.127
64 98 0.157
65 98 0.523
65 77 0.983
65 66 0.119
65 70 0.015
65 76 0.235
65 81 0.136
65 73 0.116
65 96 0.153
65 71 0.135
65 72 0.194
65 75 0.201
65 82 0.22
65 83 0.125
65 90 0.164
65 91 0.141
65 92 0.076
65 93 0.152
66 95 0.556
66 88 0.788
66 96 0.248
66 97 0.163
66 75 0.065
66 79 0.247
66 82 0.046
66 85 0.172
66 83 0.022
66 90 0.155
66 67 0.163
66 68 0.095
66 70 0.255
66 73 0.183
66 76 0.168
66 77 0.142
66 78 0.159
66 84 0.193
66 91 0.141
66 92 0.159
67 70 0.799
67 92 1
67 85 0.023
67 95 0.136
67 69 0.17
67 96 0.076
67 72 0.102
67 77 0.201
67 86 0.254
67 90 0.209
67 93 0.152
67 97 0.087
67 71 0.062
67 75 0.142
67 84 0.134
67 87 0.133
67 91 0.134
67 99 0.25
68 84 0.737
68 71 0.168
68 90 0.313
68 77 0.158
68 75 0.157
68 91 0.085
68 70 0.164
68 76 0.209
68 78 0.148
68 81 0.186
68 82 0.156
68 85 0.2
68 87 0.17
68 92 0.204
68 93 0.145
68 95 0.189
68 96 0.151
68 98 0.209
69 80 1
69 72 0.812
69 98 0.756
69 79 0.55
69 85 0.05
69 70 0.118
69 95 0.141
69 74 0.169
69 75 0.171
69 76 0.204
69 89 0.128
69 71 0.12
69 77 0.155
69 81 0.138
69 90 0.091
69 91 0.15
70 89 0.295
70 83 0.118
70 86 0.128
70 92 0.115
70 85 0.194
70 90 0.131
70 94 0.119
70 74 0.066
70 82 0.144
70 87 0.093
70 72 0.147
70 73 0.124
70 76 0.166
70 78 0.21
70 81 0.123
70 93 0.178
71 79 0.536
71 96 0.777
71 99 0.345
71 87 0.141
71 76 0.194
71 86 0.266
71 91 0.003
71 98 0.146
71 75 0.192
71 77 0.149
71 78 0.132
71 82 0.186
71 89 0.08
71 95 0.193
71 97 0.1
72 75 1
72 80 0.067
72 86 0.179
72 89 0.156
72 92 0.145
72 97 0.04
72 76 0.102
72 82 0.193
72 83 0.214
72 94 0.153
72 74 0.14
72 77 0.163
72 91 0.18
72 93 0.088
72 96 0.174
73 86 0.968
73 98 0.273
73 97 0.213
73 78 0.246
73 91 0.222
73 96 0.044
73 99 0.151
73 75 0.126
73 76 0.156
73 77 0.145
73 79 0.154
73 82 0.114
73 87 0.128
73 93 0.155
73 94 0.216
73 95 0.114
74 98 0.536
74 75 0.161
74 90 0.067
74 84 0.119
74 85 0.117
74 86 0.193
74 97 0.198
74 77 0.18
74 79 0.16
74 81 0.129
74 82 0.128
74 87 0.184
74 92 0.11
74 99 0.144
75 99 0.575
75 91 0.612
75 79 0.147
75 96 0.231
75 80 0.14
75 81 0.161
75 90 0.127
75 95 0.132
75 97 0.186
75 98 0.159
76 89 0.875
76 90 0.757
76 77 0.248
76 96 0.154
76 97 0.175
76 98 0.132
76 78 0.168
76 85 0.128
76 86 0.211
76 92 0.112
76 95 0.092
76 99 0.145
77 88 0.275
77 92 0.107
77 81 0.083
77 91 0.145
77 78 0.12
77 80 0.127
77 82 0.122
77 83 0.123
77 84 0.164
77 86 0.133
77 87 0.185
77 90 0.141
77 95 0.197
77 99 0.219
78 88 0.719
78 90 0.055
78 84 0.015
78 94 0.219
78 82 0.135
78 89 0.191
78 81 0.162
78 86 0.186
78 87 0.137
78 91 0.187
78 92 0.106
78 97 0.17
78 98 0.144
78 99 0.138
79 83 0.206
79 98 0.203
79 86 0.072
79 94 0.221
79 84 0.135
79 90 0.14
79 92 0.162
79 80 0.138
79 82 0.189
79 88 0.144
79 91 0.169
80 82 1
80 95 1
80 81 0.661
80 84 0.026
80 97 0.145
80 90 0.197
80 96 0.134
80 99 0.143
80 85 0.185
80 86 0.148
80 92 0.127
81 84 0.979
81 88 0.954
81 87 0.638
81 90 0.158
81 92 0.243
81 93 0.189
81 86 0.11
81 95 0.174
81 97 0.186
81 98 0.163
82 83 0.919
82 92 0.027
82 88 0.154
82 93 0.148
82 98 0.108
83 87 0.992
83 91 0.24
83 94 0.112
83 98 0.171
83 86 0.113
83 90 0.162
83 92 0.141
83 96 0.166
83 97 0.167
83 99 0.111
84 91 0.944
84 89 1
84 99 0.21
84 88 0.103
84 92 0.1
84 93 0.162
84 97 0.185
85 94 1
85 86 0.199
85 91 0.141
85 96 0.128
85 98 0.091
86 89 1
86 93 0.11
86 95 0.294
86 91 0.254
86 90 0.129
86 94 0.167
86 96 0.164
87 90 0.009
87 92 0.256
87 91 0.165
88 97 0.375
88 89 0.129
88 92 0.155
88 94 0.202
88 99 0.165
89 93 0.806
89 97 0.196
89 91 0.195
90 97 0.159
90 98 0.193
90 92 0.228
90 94 0.149
90 96 0.167
91 93 0.151
91 96 0.159
91 99 0.162
92 99 0.179
92 93 0.147
92 95 0.181
92 97 0.117
92 98 0.154
93 96 0.16
93 97 0.176
94 99 0.14
94 95 0.04
94 97 0.187
94 98 0.137
95 97 0.105
95 98 0.141
96 98 0.036
96 99 0.161
