0 42 0.359
0 61 0.521
0 86 0.206
0 91 0.904
0 38 0.91
0 57 0.712
0 12 0.852
0 30 0.258
0 59 0.91
0 44 0.909
0 49 0.933
0 72 1
0 1 1
0 37 0.332
0 76 0.903
0 95 1
0 15 0.531
0 23 0.554
0 33 1
0 60 1
0 17 0.378
0 69 0.858
0 71 0.337
0 74 0.205
0 29 1
0 11 0.375
0 16 0.645
0 31 0.895
0 14 0.586
0 18 0.232
0 43 0.44
0 68 0.075
0 93 0.6
0 54 0.583
0 90 0.916
0 62 0.483
0 85 0.095
0 27 0.727
0 92 1
0 5 0.366
0 51 0.24
0 2 0.614
0 21 0.486
0 75 0.497
0 35 0.296
0 8 0.239
0 81 0.09
0 84 0.452
0 73 0.666
0 98 0.955
0 20 0.265
0 58 0.003
0 77 0.753
0 4 0.3
0 10 0.68
0 32 0.387
0 87 0.093
0 56 0.481
0 19 0.229
0 39 0.002
0 55 0.151
0 89 0.497
0 41 0.255
0 83 0.466
0 22 0.119
0 28 0.213
0 64 0.326
0 88 0.373
0 97 0.226
0 3 0.44
0 9 0.026
0 36 0.279
0 26 0.058
0 48 0.352
0 78 0.132
0 79 0.453
0 34 0.081
0 80 0.129
0 6 0.181
0 46 0.164
0 82 0.166
0 99 0.165
1 45 0.789
1 97 0.606
1 35 0.673
1 3 0.752
1 42 0.746
1 66 1
1 85 0.607
1 7 0.916
1 11 0.733
1 16 0.273
1 18 0.293
1 26 0.05
1 39 0.837
1 47 0.864
1 61 0.813
1 95 0.602
1 8 0.703
1 6 0.27
1 30 0.163
1 48 0.316
1 51 0.127
1 79 0.539
1 82 0.629
1 91 0.265
1 58 1
1 73 0.533
1 31 0.99
1 64 1
1 74 0.639
1 14 0.651
1 12 0.825
1 21 1
1 68 0.725
1 86 0.603
1 20 0.265
1 24 0.688
1 38 0.839
1 40 0.561
1 52 0.585
1 49 1
1 75 0.306
1 5 0.694
1 28 0.292
1 13 0.602
1 37 0.446
1 72 1
1 98 0.429
1 44 0.964
1 10 0.999
1 41 0.414
1 67 0.413
1 27 0.291
1 90 1
1 2 0.033
1 60 0.7
1 76 0.726
1 25 0.133
1 81 0.929
1 62 0.22
1 33 0.461
1 96 0.157
1 57 0.296
1 54 0.704
1 56 0.589
1 4 0.064
1 94 0.867
1 50 0.152
1 71 0.19
1 88 0.409
1 89 0.23
1 29 0.345
1 63 0.203
1 65 0.359
1 78 0.222
1 32 0.196
1 55 0.421
1 84 0.445
1 46 0.178
1 70 0.135
1 87 0.185
1 99 0.044
1 53 0.144
1 69 0.187
2 28 1
2 54 0.518
2 3 1
2 10 0.984
2 32 1
2 50 0.428
2 52 0.46
2 59 0.535
2 75 0.682
2 78 0.158
2 96 0.644
2 4 0.866
2 17 0.637
2 35 0.169
2 46 0.732
2 55 0.413
2 61 0.252
2 72 0.994
2 81 0.817
2 22 0.13
2 5 0.799
2 20 0.965
2 25 0.188
2 36 0.737
2 90 0.239
2 87 0.222
2 9 1
2 27 0.663
2 6 0.689
2 7 0.985
2 58 0.317
2 8 0.211
2 86 0.117
2 64 0.809
2 49 1
2 94 0.954
2 99 0.629
2 92 0.245
2 67 0.487
2 12 0.763
2 13 0.726
2 47 0.975
2 48 0.751
2 53 0.314
2 74 0.453
2 11 0.772
2 42 0.427
2 26 0.718
2 57 0.792
2 82 0.226
2 80 0.164
2 18 0.165
2 62 0.533
2 65 0.342
2 23 0.176
2 63 0.36
2 21 0.421
2 83 0.484
2 69 0.295
2 76 0.29
2 14 0.223
2 44 0.242
2 98 0.368
2 24 0.131
2 40 0.198
2 66 0.089
2 15 0.096
2 68 0.108
2 33 0.107
2 45 0.091
2 79 0.062
2 84 0.165
2 29 0.111
3 81 0.719
3 88 0.339
3 78 0.458
3 25 1
3 26 0.639
3 83 0.463
3 74 0.647
3 82 1
3 6 0.921
3 9 0.633
3 13 0.776
3 17 0.441
3 20 0.691
3 43 0.713
3 49 0.606
3 64 0.257
3 70 0.43
3 76 0.54
3 94 0.479
3 18 0.879
3 36 0.577
3 80 0.306
3 11 0.57
3 44 0.439
3 8 0.963
3 29 0.665
3 47 0.524
3 52 0.11
3 97 0.647
3 58 0.096
3 68 0.159
3 50 0.371
3 32 0.18
3 39 1
3 53 0.491
3 65 0.457
3 5 0.765
3 24 0.339
3 16 0.964
3 86 0.838
3 54 0.584
3 99 0.108
3 96 0.067
3 37 0.768
3 33 0.643
3 67 0.333
3 71 0.675
3 93 0.485
3 40 0.792
3 21 0.837
3 27 0.771
3 35 0.105
3 60 0.014
3 87 0.533
3 92 0.501
3 73 0.417
3 98 0.65
3 61 0.342
3 72 0.181
3 12 0.329
3 15 0.313
3 42 0.538
3 95 0.076
3 63 0.229
3 90 0.314
3 84 0.34
3 14 0.388
3 19 0.205
3 30 0.155
3 69 0.17
3 7 0.114
4 84 0.532
4 43 0.952
4 65 0.494
4 98 0.291
4 71 0.524
4 81 1.0
4 97 0.659
4 14 0.187
4 17 0.209
4 19 0.558
4 30 0.365
4 32 0.641
4 39 0.839
4 46 0.777
4 54 0.937
4 62 0.935
4 67 0.786
4 70 0.832
4 83 0.735
4 91 0.805
4 82 0.794
4 45 0.404
4 26 0.664
4 31 0.426
4 75 0.852
4 49 0.928
4 7 0.784
4 59 0.041
4 40 0.546
4 44 0.765
4 53 0.68
4 11 1
4 63 0.17
4 69 0.803
4 86 0.696
4 48 1
4 61 0.528
4 66 0.645
4 36 0.311
4 51 0.929
4 37 0.481
4 79 0.166
4 94 0.522
4 28 0.52
4 57 0.084
4 29 0.484
4 15 0.421
4 16 0.297
4 23 0.799
4 87 0.307
4 99 0.062
4 20 0.506
4 24 0.129
4 27 0.506
4 72 0.384
4 8 0.356
4 25 0.232
4 52 0.555
4 90 0.615
4 10 0.169
4 50 0.201
4 95 0.212
4 12 0.223
4 38 0.224
4 73 0.203
4 55 0.309
4 22 0.129
4 85 0.199
4 96 0.29
4 78 0.055
4 42 0.177
4 47 0.14
4 56 0.149
4 64 0.191
4 89 0.106
5 46 0.903
5 23 0.773
5 50 0.687
5 59 0.681
5 47 1
5 60 0.569
5 49 0.682
5 85 0.212
5 7 0.643
5 19 0.637
5 21 0.811
5 62 0.211
5 65 0.247
5 73 0.412
5 89 0.216
5 38 0.189
5 70 0.685
5 27 0.155
5 51 0.226
5 63 0.508
5 29 0.35
5 87 0.587
5 36 0.557
5 91 0.115
5 48 0.718
5 97 0.098
5 8 0.473
5 45 0.06
5 86 0.247
5 94 0.583
5 13 0.377
5 14 0.332
5 90 0.567
5 6 0.273
5 9 0.129
5 31 0.744
5 56 0.769
5 72 0.404
5 25 0.868
5 79 0.996
5 88 1
5 40 0.361
5 58 0.225
5 22 0.147
5 83 0.302
5 71 0.057
5 67 0.235
5 68 0.613
5 77 0.382
5 95 0.211
5 26 0.163
5 33 1
5 20 0.282
5 42 0.572
5 28 0.24
5 82 0.417
5 12 0.386
5 78 0.57
5 81 0.262
5 43 0.281
5 69 0.866
5 10 0.086
5 11 0.36
5 15 0.333
5 30 0.17
5 24 0.157
5 74 0.12
5 84 0.165
5 16 0.105
5 57 0.317
5 34 0.073
5 39 0.154
5 41 0.163
5 53 0.143
5 80 0.184
6 35 0.634
6 81 0.454
6 90 0.777
6 92 0.993
6 69 0.61
6 91 0.893
6 96 0.396
6 9 0.175
6 33 0.852
6 72 0.577
6 84 0.31
6 16 0.657
6 24 0.952
6 67 0.648
6 95 0.452
6 97 0.661
6 46 0.958
6 74 0.403
6 20 0.456
6 34 0.366
6 79 0.372
6 66 0.035
6 64 0.728
6 7 0.437
6 37 0.268
6 51 0.35
6 87 0.386
6 23 1
6 78 0.41
6 88 0.294
6 17 0.65
6 8 0.185
6 12 0.221
6 41 0.576
6 54 0.499
6 60 0.348
6 83 0.25
6 44 0.878
6 45 0.09
6 52 0.921
6 59 0.019
6 73 0.666
6 36 0.254
6 11 0.454
6 53 0.398
6 22 0.454
6 93 0.629
6 80 0.245
6 86 1
6 19 0.218
6 26 0.624
6 68 0.335
6 56 0.13
6 62 0.437
6 30 0.03
6 47 0.249
6 71 0.481
6 77 0.127
6 40 0.226
6 89 0.315
6 70 0.486
6 15 0.088
6 38 0.282
6 10 0.174
6 13 0.205
6 85 0.282
6 25 0.067
6 28 0.157
6 65 0.424
6 75 0.302
6 14 0.171
6 21 0.077
6 42 0.314
6 57 0.126
6 82 0.074
6 98 0.239
6 55 0.333
6 94 0.069
6 63 0.178
6 99 0.153
7 17 1
7 82 0.547
7 41 1
7 84 0.64
7 77 0.634
7 35 0.877
7 69 1
7 27 0.885
7 79 0.628
7 86 0.65
7 40 0.52
7 52 0.528
7 66 0.325
7 53 0.03
7 83 0.038
7 12 0.132
7 30 0.278
7 15 0.605
7 11 0.23
7 16 0.867
7 26 0.322
7 58 0.595
7 19 0.196
7 72 0.875
7 80 0.356
7 59 0.691
7 99 0.594
7 65 0.748
7 14 0.943
7 50 0.219
7 33 0.517
7 54 0.676
7 8 0.928
7 61 0.331
7 93 0.258
7 91 0.383
7 75 0.797
7 24 0.311
7 45 0.662
7 98 0.52
7 73 0.309
7 92 0.208
7 32 0.589
7 76 0.05
7 94 0.372
7 28 0.05
7 38 0.026
7 56 0.106
7 74 0.313
7 39 0.233
7 89 0.31
7 13 0.306
7 71 0.355
7 97 0.496
7 48 0.215
7 64 0.18
7 51 0.085
7 88 0.1
7 31 0.148
7 96 0.33
7 9 0.174
7 18 0.129
7 81 0.168
7 85 0.154
8 15 0.71
8 86 0.957
8 57 0.12
8 95 0.706
8 11 0.571
8 60 0.331
8 43 0.344
8 93 0.598
8 75 0.599
8 80 0.81
8 81 0.425
8 20 0.253
8 79 1
8 87 0.702
8 91 0.818
8 30 0.841
8 65 0.652
8 24 0.524
8 68 0.026
8 42 0.54
8 88 0.339
8 85 0.897
8 23 0.694
8 46 0.707
8 47 1
8 41 0.951
8 37 0.199
8 45 0.637
8 19 0.86
8 13 0.25
8 32 0.049
8 61 0.252
8 97 0.28
8 40 0.258
8 25 0.796
8 78 0.597
8 48 0.685
8 52 0.136
8 55 0.31
8 62 0.587
8 31 0.684
8 44 0.378
8 9 0.1
8 70 0.712
8 89 0.035
8 76 0.115
8 26 0.31
8 54 0.641
8 66 0.16
8 22 0.493
8 17 0.492
8 83 0.017
8 50 0.482
8 51 0.114
8 67 0.003
8 82 0.196
8 58 0.22
8 73 0.122
8 96 0.015
8 99 0.322
8 69 0.232
8 98 0.014
8 18 0.154
8 27 0.137
9 51 0.944
9 92 0.637
9 42 0.828
9 69 0.727
9 39 0.61
9 66 0.57
9 50 0.17
9 95 0.762
9 77 1
9 81 0.533
9 89 0.736
9 98 0.925
9 10 0.731
9 19 0.704
9 40 0.215
9 53 0.901
9 60 0.058
9 80 0.6
9 88 0.788
9 33 1
9 72 1
9 56 0.829
9 61 0.747
9 74 0.763
9 62 0.885
9 25 0.517
9 78 0.832
9 11 0.765
9 67 0.516
9 58 0.917
9 85 0.998
9 87 0.683
9 20 0.121
9 71 0.856
9 31 0.275
9 14 0.487
9 52 0.431
9 64 0.627
9 12 0.666
9 21 0.545
9 27 0.316
9 84 0.289
9 93 1
9 28 0.408
9 18 0.293
9 32 0.692
9 15 0.438
9 65 0.567
9 68 0.992
9 97 0.292
9 63 0.837
9 41 0.029
9 96 0.366
9 46 0.389
9 75 0.292
9 86 0.461
9 22 0.062
9 57 0.401
9 91 0.493
9 17 0.433
9 54 0.278
9 43 0.112
9 47 0.467
9 79 0.455
9 16 0.1
9 99 0.092
9 23 0.088
9 48 0.242
9 55 0.27
9 83 0.121
9 30 0.219
9 36 0.176
10 88 0.554
10 37 0.923
10 20 0.506
10 60 0.731
10 62 0.773
10 17 0.74
10 33 0.85
10 55 0.789
10 14 0.946
10 32 0.71
10 39 0.353
10 51 0.62
10 67 0.408
10 81 0.99
10 92 0.892
10 94 0.034
10 21 0.262
10 65 0.307
10 90 0.724
10 98 0.828
10 78 1
10 42 1
10 73 0.825
10 26 0.869
10 77 0.645
10 84 0.581
10 74 0.269
10 15 0.792
10 44 0.678
10 49 0.271
10 57 1
10 80 0.883
10 56 0.42
10 53 0.444
10 47 0.839
10 24 0.839
10 41 0.89
10 82 0.995
10 96 0.539
10 31 0.646
10 25 0.085
10 27 0.406
10 48 0.395
10 86 0.732
10 95 0.494
10 38 0.141
10 97 0.818
10 16 0.987
10 99 0.357
10 22 0.238
10 58 0.182
10 68 0.188
10 40 0.18
10 45 0.055
10 64 0.52
10 79 0.159
10 87 0.21
10 43 0.041
10 11 0.345
10 52 0.298
10 93 0.24
10 29 0.059
10 70 0.525
10 19 0.327
10 34 0.125
10 72 0.004
10 85 0.457
10 36 0.084
10 66 0.109
10 59 0.023
10 83 0.014
10 28 0.209
11 59 0.73
11 45 0.668
11 81 0.906
11 29 0.898
11 60 0.914
11 72 0.875
11 14 0.702
11 15 0.143
11 25 0.511
11 13 0.915
11 16 1
11 23 0.474
11 31 1
11 42 0.528
11 50 0.887
11 53 0.88
11 63 0.733
11 80 0.85
11 52 1
11 18 0.907
11 67 0.398
11 91 1
11 48 0.778
11 68 0.587
11 20 0.954
11 37 0.227
11 41 0.852
11 93 0.749
11 98 0.071
11 86 0.375
11 94 0.649
11 28 0.178
11 83 0.208
11 84 0.155
11 92 0.77
11 35 0.491
11 99 0.365
11 24 0.457
11 82 0.924
11 22 0.367
11 43 0.596
11 46 0.974
11 47 0.577
11 62 0.286
11 75 0.036
11 71 0.461
11 27 0.841
11 77 0.326
11 87 0.505
11 54 0.079
11 73 0.304
11 95 0.507
11 85 0.211
11 56 0.493
11 64 0.157
11 65 0.198
11 66 0.049
11 90 0.115
11 26 0.18
11 44 0.17
11 34 0.153
11 55 0.126
11 76 0.157
12 63 0.55
12 89 0.918
12 98 1
12 47 0.359
12 53 0.782
12 93 0.981
12 36 0.767
12 34 0.5
12 23 0.402
12 28 0.968
12 30 0.005
12 60 0.437
12 71 0.755
12 81 0.839
12 94 0.113
12 31 0.26
12 48 0.784
12 50 0.346
12 61 0.39
12 84 0.462
12 85 0.616
12 90 0.865
12 92 0.614
12 38 0.351
12 58 1
12 40 1
12 17 0.462
12 52 0.294
12 91 0.116
12 87 0.662
12 64 0.599
12 16 0.305
12 25 0.59
12 88 0.857
12 66 0.658
12 70 0.255
12 80 0.72
12 51 0.328
12 69 0.221
12 54 0.11
12 86 0.155
12 14 0.51
12 67 0.059
12 33 0.685
12 68 0.795
12 19 0.577
12 46 0.831
12 45 0.223
12 27 0.288
12 59 0.597
12 82 0.359
12 95 0.987
12 62 0.321
12 79 0.246
12 99 0.269
12 35 0.463
12 24 0.312
12 65 0.347
12 26 0.556
12 43 0.269
12 44 0.267
12 29 0.07
12 42 0.253
12 72 0.029
12 21 0.263
12 39 0.293
12 77 0.002
12 13 0.315
12 20 0.149
12 76 0.144
12 78 0.073
12 41 0.132
12 96 0.058
12 32 0.098
12 57 0.176
12 97 0.127
13 98 0.871
13 90 0.615
13 27 0.276
13 41 0.31
13 72 0.506
13 79 1.0
13 95 1
13 48 0.989
13 55 0.409
13 71 0.788
13 93 0.572
13 15 0.55
13 52 0.757
13 84 0.174
13 20 0.061
13 70 0.842
13 75 1
13 65 1
13 59 0.546
13 38 0.657
13 14 0.069
13 34 0.565
13 89 0.686
13 82 0.68
13 86 0.462
13 63 0.305
13 97 1
13 64 0.883
13 77 0.398
13 39 0.59
13 60 0.404
13 99 0.831
13 19 0.958
13 29 0.685
13 36 0.737
13 44 0.345
13 83 0.736
13 53 0.611
13 54 0.811
13 66 0.565
13 76 0.095
13 33 0.383
13 40 0.113
13 69 1
13 78 0.998
13 67 0.219
13 73 0.52
13 37 0.85
13 91 0.387
13 47 0.312
13 46 0.34
13 57 0.693
13 74 0.346
13 23 0.225
13 88 0.298
13 87 0.253
13 94 0.052
13 16 0.017
13 42 0.46
13 25 0.145
13 32 0.43
13 18 0.094
13 80 0.36
13 35 0.101
13 49 0.367
13 61 0.168
13 51 0.043
13 17 0.132
13 24 0.183
13 92 0.162
14 50 0.484
14 78 0.635
14 92 0.668
14 53 0.155
14 59 0.941
14 29 0.715
14 42 0.289
14 49 0.314
14 68 0.741
14 40 0.694
14 66 0.103
14 20 0.988
14 89 0.282
14 24 0.118
14 43 1
14 69 0.438
14 76 0.869
14 97 0.661
14 22 0.961
14 39 0.587
14 63 0.282
14 73 0.057
14 85 0.386
14 28 1
14 51 0.249
14 54 0.218
14 72 0.848
14 26 0.929
14 77 0.806
14 61 0.506
14 81 0.214
14 67 0.102
14 41 0.449
14 83 0.432
14 18 0.695
14 58 0.959
14 45 0.04
14 70 0.857
14 25 0.781
14 19 0.459
14 36 0.669
14 79 0.917
14 82 0.249
14 64 0.645
14 90 0.704
14 74 0.133
14 65 0.738
14 71 0.42
14 55 0.235
14 17 0.485
14 56 0.353
14 47 0.422
14 95 0.248
14 27 0.289
14 80 0.434
14 46 0.249
14 37 0.577
14 31 0.225
14 32 0.401
14 60 0.117
14 99 0.1
14 87 0.12
14 91 0.209
14 94 0.172
15 82 0.823
15 84 0.424
15 32 1
15 26 0.376
15 16 0.164
15 25 0.401
15 47 0.398
15 65 0.6
15 38 0.625
15 44 0.023
15 54 0.625
15 60 0.539
15 67 0.356
15 71 0.639
15 92 0.199
15 43 0.663
15 69 0.867
15 37 0.792
15 90 0.875
15 19 0.878
15 57 0.413
15 97 0.907
15 35 0.314
15 52 0.309
15 68 0.61
15 80 0.092
15 30 0.889
15 48 0.655
15 59 0.754
15 89 0.422
15 28 0.079
15 58 0.539
15 66 0.385
15 62 0.367
15 95 0.858
15 77 0.366
15 53 0.175
15 91 0.655
15 17 0.241
15 34 0.224
15 79 0.672
15 27 0.4
15 50 0.229
15 70 0.199
15 99 0.292
15 29 0.208
15 55 0.396
15 86 0.184
15 24 0.292
15 36 0.386
15 73 0.288
15 46 0.146
15 56 0.738
15 96 0.732
15 98 0.298
15 85 0.47
15 41 0.346
15 83 0.44
15 76 0.202
15 45 0.204
15 64 0.071
15 94 0.188
15 22 0.147
15 63 0.145
15 75 0.139
15 88 0.137
16 79 0.285
16 71 0.86
16 62 0.952
16 60 0.601
16 70 0.804
16 50 0.937
16 95 0.166
16 19 0.296
16 89 1
16 22 0.405
16 32 0.749
16 34 1
16 39 0.403
16 40 0.412
16 52 0.201
16 68 0.212
16 72 0.783
16 84 0.56
16 86 0.706
16 90 0.519
16 98 0.874
16 56 0.993
16 20 0.94
16 33 0.85
16 45 0.978
16 36 0.035
16 48 1
16 94 0.982
16 59 0.544
16 93 0.897
16 37 0.526
16 42 0.347
16 87 0.969
16 25 0.589
16 53 0.949
16 38 0.361
16 44 1
16 26 0.64
16 85 0.578
16 78 0.277
16 18 0.145
16 97 0.379
16 17 0.051
16 30 0.413
16 35 0.479
16 41 0.359
16 51 0.186
16 69 1
16 49 0.431
16 75 0.313
16 88 0.436
16 82 0.183
16 27 0.29
16 54 0.002
16 28 0.264
16 91 0.045
16 47 0.209
16 73 0.12
16 29 0.05
16 31 0.196
16 64 0.303
16 92 0.255
16 21 0.141
17 33 1
17 46 0.597
17 94 0.852
17 98 0.875
17 45 0.372
17 66 0.665
17 97 0.306
17 21 0.341
17 24 0.583
17 25 0.421
17 27 0.154
17 35 0.454
17 51 1
17 53 0.864
17 75 0.888
17 89 0.071
17 54 0.717
17 44 0.943
17 88 0.425
17 93 0.831
17 50 1
17 59 0.105
17 79 0.785
17 55 0.326
17 74 0.357
17 52 0.621
17 58 0.654
17 40 0.269
17 78 0.17
17 22 0.07
17 61 0.879
17 30 0.352
17 48 0.3
17 56 0.946
17 57 0.743
17 84 0.32
17 34 0.171
17 63 0.563
17 20 0.259
17 69 0.422
17 31 0.054
17 29 0.73
17 65 0.405
17 71 0.279
17 73 0.568
17 72 0.003
17 83 0.07
17 37 0.348
17 26 0.224
17 42 0.095
17 43 0.301
17 38 0.385
17 92 0.279
17 95 0.152
17 18 0.006
17 23 0.183
17 96 0.035
17 36 0.172
17 60 0.181
17 76 0.163
17 81 0.168
17 87 0.042
17 90 0.168
18 40 0.961
18 86 0.552
18 90 0.601
18 22 0.375
18 65 0.266
18 29 0.55
18 64 0.459
18 79 0.511
18 36 0.911
18 41 0.921
18 89 0.313
18 53 0.436
18 23 0.649
18 31 0.113
18 34 0.872
18 50 0.351
18 60 0.348
18 66 0.872
18 28 0.475
18 54 0.33
18 59 0.217
18 88 0.478
18 80 0.711
18 69 0.687
18 77 1
18 27 0.459
18 49 0.17
18 55 0.311
18 68 1
18 38 0.213
18 19 0.845
18 62 0.661
18 93 0.3
18 32 0.421
18 42 0.493
18 82 0.721
18 84 0.963
18 96 0.99
18 25 0.036
18 39 0.622
18 85 0.722
18 97 0.607
18 67 0.653
18 99 0.239
18 46 0.642
18 91 0.989
18 94 0.566
18 81 0.333
18 76 0.186
18 52 0.578
18 20 0.583
18 61 0.349
18 24 0.351
18 75 0.257
18 95 0.245
18 98 0.087
18 37 0.248
18 43 0.286
18 47 0.002
18 33 0.14
18 44 0.024
18 51 0.213
19 35 0.908
19 36 1
19 38 0.249
19 22 0.842
19 40 0.937
19 32 0.272
19 53 0.379
19 27 0.843
19 49 0.786
19 50 0.754
19 23 0.999
19 29 0.664
19 45 0.495
19 24 0.622
19 34 0.941
19 37 0.172
19 47 0.303
19 69 1
19 99 0.814
19 33 0.593
19 54 0.287
19 63 0.575
19 78 1
19 82 0.133
19 96 0.423
19 44 0.841
19 51 0.068
19 71 0.64
19 92 0.472
19 67 0.282
19 31 1
19 79 0.78
19 68 0.899
19 75 0.667
19 97 0.259
19 77 0.809
19 26 0.577
19 58 0.228
19 76 0.332
19 81 0.306
19 86 0.232
19 74 0.899
19 60 0.42
19 83 0.804
19 84 0.216
19 20 0.727
19 95 0.192
19 30 0.091
19 89 0.524
19 55 0.299
19 65 0.257
19 28 0.219
19 48 0.528
19 61 0.338
19 85 0.333
19 21 0.22
19 98 0.626
19 87 0.199
19 56 0.209
19 57 0.213
19 88 0.331
19 93 0.167
19 41 0.187
19 62 0.165
19 64 0.195
19 80 0.142
20 95 0.612
20 97 0.934
20 27 0.509
20 78 0.368
20 31 0.312
20 54 0.971
20 91 0.599
20 25 1
20 36 0.689
20 22 0.056
20 45 0.102
20 21 0.848
20 60 0.835
20 65 0.731
20 73 0.493
20 74 0.811
20 79 0.595
20 96 0.996
20 49 0.389
20 64 0.496
20 66 0.646
20 35 0.856
20 83 0.391
20 28 0.365
20 94 0.358
20 86 0.878
20 93 1
20 76 0.605
20 81 0.394
20 72 0.326
20 30 0.532
20 62 0.4
20 80 1
20 85 0.976
20 42 0.582
20 63 0.443
20 84 0.587
20 33 0.672
20 32 0.954
20 24 0.528
20 39 0.439
20 52 0.481
20 50 0.419
20 55 0.67
20 29 0.728
20 47 0.174
20 44 0.089
20 56 0.533
20 59 0.847
20 41 0.054
20 67 0.491
20 23 0.549
20 71 0.484
20 38 0.258
20 92 0.3
20 99 0.286
20 88 0.247
20 77 0.116
20 40 0.148
20 53 0.187
20 37 0.159
21 83 1
21 32 0.753
21 24 0.612
21 68 0.892
21 79 0.594
21 57 0.295
21 80 0.903
21 84 0.815
21 51 0.757
21 58 0.315
21 60 0.938
21 87 0.506
21 48 1
21 23 1
21 33 1
21 28 0.595
21 40 0.635
21 74 0.428
21 62 0.757
21 45 0.957
21 67 0.402
21 69 1
21 98 0.542
21 89 0.63
21 44 0.494
21 73 0.579
21 65 1
21 27 0.35
21 41 0.93
21 93 0.195
21 92 0.456
21 76 0.683
21 77 0.514
21 34 0.928
21 55 1
21 52 0.881
21 26 0.058
21 38 0.519
21 49 0.794
21 64 0.407
21 86 0.3
21 63 0.264
21 71 0.74
21 95 0.788
21 39 0.541
21 53 0.387
21 81 0.536
21 88 0.3
21 90 0.509
21 97 0.12
21 43 0.032
21 25 0.441
21 47 0.169
21 70 0.083
21 35 0.023
21 56 0.224
21 75 0.224
21 37 0.222
21 54 0.082
21 72 0.219
22 99 0.867
22 71 0.727
22 51 0.42
22 73 0.837
22 58 0.518
22 91 0.999
22 96 0.815
22 28 0.484
22 54 1
22 66 0.649
22 34 0.861
22 40 0.521
22 43 0.38
22 74 0.66
22 92 0.704
22 33 0.114
22 47 0.489
22 68 0.29
22 27 0.035
22 42 0.859
22 97 0.99
22 81 0.949
22 29 1
22 36 0.777
22 41 0.458
22 90 0.382
22 24 0.088
22 86 0.61
22 60 0.46
22 61 0.075
22 31 0.808
22 38 0.451
22 94 0.244
22 59 0.745
22 30 0.144
22 64 0.309
22 98 0.298
22 52 0.658
22 65 0.275
22 79 0.776
22 88 0.346
22 26 0.018
22 57 0.543
22 44 0.172
22 72 0.192
22 46 0.18
22 80 0.076
22 82 0.45
22 35 0.022
22 49 0.45
22 70 0.057
22 75 0.048
22 62 0.408
22 37 0.065
22 23 0.143
22 56 0.073
22 25 0.124
22 39 0.122
22 32 0.222
23 32 0.684
23 85 1
23 84 0.636
23 45 0.79
23 48 0.576
23 60 1
23 62 1
23 76 0.376
23 79 1
23 80 1
23 67 1
23 89 0.435
23 39 1
23 97 0.87
23 31 0.848
23 53 0.595
23 50 0.868
23 63 0.832
23 36 0.517
23 47 0.345
23 71 0.788
23 35 0.272
23 77 0.786
23 33 0.891
23 65 0.591
23 55 0.777
23 88 0.415
23 29 0.711
23 87 0.277
23 41 0.297
23 64 0.553
23 66 0.489
23 96 0.115
23 46 0.203
23 34 0.422
23 25 0.49
23 52 0.611
23 69 0.368
23 27 0.172
23 90 0.046
23 43 0.386
23 56 0.256
23 86 0.203
23 98 0.393
23 72 0.15
23 74 0.166
23 82 0.17
23 37 0.386
23 49 0.24
23 61 0.205
23 91 0.196
23 93 0.249
23 94 0.29
23 99 0.231
23 40 0.06
23 83 0.081
23 28 0.09
23 51 0.215
23 54 0.207
23 70 0.161
24 51 0.113
24 28 0.429
24 41 0.708
24 98 0.667
24 39 0.328
24 96 0.2
24 36 0.435
24 60 0.238
24 62 1
24 72 0.316
24 75 0.711
24 99 0.06
24 42 0.504
24 93 0.902
24 45 0.406
24 58 0.789
24 78 0.359
24 73 0.326
24 31 0.981
24 55 0.349
24 69 0.325
24 34 0.782
24 77 1
24 83 0.301
24 86 0.886
24 59 0.4
24 89 0.211
24 91 0.109
24 56 0.252
24 54 0.932
24 44 0.295
24 71 0.496
24 64 0.792
24 81 0.588
24 79 0.991
24 52 0.67
24 25 0.559
24 65 0.008
24 26 0.473
24 38 0.534
24 87 0.561
24 47 0.174
24 74 0.431
24 85 0.459
24 57 0.251
24 35 0.302
24 33 0.25
24 92 0.374
24 95 0.124
24 27 0.22
24 50 0.08
24 67 0.089
24 37 0.148
24 40 0.292
24 90 0.083
24 32 0.178
24 49 0.152
25 47 0.962
25 95 0.07
25 67 0.715
25 27 0.864
25 92 0.498
25 36 0.707
25 29 0.704
25 85 0.092
25 41 0.475
25 59 0.977
25 32 0.324
25 46 0.551
25 58 0.777
25 68 1
25 69 0.686
25 72 0.816
25 76 0.209
25 97 1
25 39 0.318
25 64 0.481
25 26 0.66
25 48 0.928
25 55 0.44
25 74 0.878
25 78 0.748
25 88 0.475
25 99 0.432
25 66 0.624
25 81 0.596
25 77 0.185
25 79 0.997
25 33 0.775
25 50 0.811
25 93 0.693
25 86 0.405
25 82 0.55
25 56 0.828
25 80 0.276
25 94 0.35
25 30 0.058
25 42 0.295
25 96 0.462
25 98 0.288
25 91 0.416
25 52 0.33
25 65 0.358
25 73 0.249
25 37 0.254
25 61 0.028
25 44 0.179
25 60 0.241
25 49 0.201
25 51 0.11
25 62 0.164
25 70 0.118
26 60 1
26 67 0.673
26 93 0.967
26 39 0.883
26 89 0.681
26 27 0.911
26 49 0.319
26 63 0.328
26 28 0.72
26 31 0.649
26 32 0.461
26 33 0.242
26 38 0.099
26 91 0.886
26 40 0.344
26 78 0.845
26 85 0.745
26 87 0.215
26 96 0.128
26 44 0.883
26 36 0.679
26 68 0.767
26 54 0.432
26 97 0.198
26 99 0.902
26 41 0.652
26 45 0.613
26 73 0.78
26 35 0.394
26 92 1
26 98 0.708
26 83 0.118
26 58 0.439
26 80 1
26 94 0.729
26 62 0.665
26 81 0.527
26 29 0.8
26 95 0.138
26 55 0.404
26 88 0.134
26 75 0.138
26 57 0.299
26 84 0.295
26 42 0.33
26 72 0.478
26 30 0.199
26 43 0.137
26 47 0.33
26 79 0.199
26 61 0.078
26 74 0.302
26 52 0.097
26 86 0.094
26 69 0.158
26 37 0.136
26 56 0.178
26 76 0.161
27 75 0.518
27 99 0.563
27 49 0.385
27 82 0.852
27 41 0.246
27 70 1
27 57 0.928
27 88 0.827
27 47 0.556
27 86 0.813
27 60 0.791
27 62 0.6
27 74 0.4
27 43 0.429
27 84 0.256
27 28 0.996
27 31 0.646
27 51 0.13
27 56 0.655
27 38 0.619
27 35 0.673
27 64 1
27 73 0.838
27 48 0.451
27 91 0.805
27 37 0.574
27 68 0.454
27 94 0.58
27 53 0.74
27 71 1
27 39 0.695
27 61 1
27 97 0.001
27 42 0.495
27 59 0.102
27 34 0.912
27 50 0.443
27 55 0.309
27 29 0.32
27 65 0.448
27 85 0.109
27 90 0.217
27 30 0.61
27 69 0.188
27 80 0.388
27 92 0.299
27 58 0.178
27 77 0.364
27 79 0.226
27 87 0.392
27 89 0.037
27 98 0.385
27 81 0.089
28 54 0.126
28 79 0.773
28 48 0.874
28 65 0.801
28 74 0.439
28 76 0.763
28 39 0.904
28 42 1
28 46 0.696
28 47 0.543
28 51 0.577
28 70 1
28 92 1
28 69 0.901
28 89 0.819
28 53 0.559
28 55 0.611
28 85 0.193
28 45 0.1
28 88 0.506
28 68 0.036
28 34 0.906
28 33 0.967
28 49 0.714
28 90 0.311
28 32 0.155
28 71 0.798
28 96 0.716
28 59 0.507
28 43 0.62
28 73 0.81
28 41 0.313
28 72 0.973
28 84 0.616
28 78 0.271
28 52 0.443
28 66 0.221
28 67 0.373
28 93 0.362
28 63 0.434
28 81 0.344
28 97 0.186
28 35 0.642
28 56 0.241
28 31 0.415
28 38 0.505
28 75 0.418
28 77 0.542
28 60 0.48
28 61 0.086
28 82 0.305
28 36 0.318
28 80 0.119
28 58 0.132
28 98 0.216
28 94 0.303
28 99 0.317
28 37 0.182
28 87 0.169
29 62 0.499
29 44 0.913
29 49 0.68
29 84 0.875
29 99 1
29 87 0.411
29 90 0.626
29 98 0.461
29 34 0.408
29 39 0.757
29 58 1
29 81 0.527
29 89 0.446
29 92 0.485
29 78 0.783
29 97 0.343
29 55 0.551
29 83 0.812
29 79 0.169
29 43 0.755
29 60 0.923
29 82 0.353
29 52 0.786
29 74 1
29 65 0.819
29 69 0.685
29 40 0.694
29 54 0.628
29 70 0.66
29 88 0.614
29 50 0.514
29 61 0.377
29 33 0.181
29 85 0.23
29 64 0.895
29 75 0.764
29 77 0.069
29 32 0.126
29 68 0.064
29 80 0.052
29 71 0.09
29 38 0.297
29 48 0.136
29 53 0.343
29 57 0.258
29 76 0.275
29 94 0.554
29 91 0.023
29 31 0.087
29 73 0.224
30 69 0.594
30 44 0.878
30 62 0.932
30 97 0.469
30 82 0.124
30 89 1
30 39 0.885
30 57 0.059
30 66 0.506
30 85 0.875
30 95 0.645
30 96 0.504
30 36 0.286
30 67 0.438
30 88 0.616
30 45 0.525
30 40 0.179
30 72 0.374
30 84 1
30 34 0.239
30 83 0.691
30 87 0.631
30 74 0.66
30 76 0.325
30 99 0.194
30 51 0.484
30 64 0.755
30 79 0.21
30 75 1
30 59 0.448
30 54 0.715
30 94 0.584
30 58 0.449
30 35 0.581
30 73 0.859
30 63 0.496
30 52 0.16
30 31 0.326
30 90 0.375
30 33 0.426
30 38 0.542
30 56 0.317
30 55 0.076
30 78 0.129
30 68 0.09
30 41 0.096
30 43 0.14
30 46 0.184
30 49 0.273
30 93 0.5
30 37 0.152
30 65 0.12
30 77 0.136
31 97 0.564
31 87 0.542
31 75 0.182
31 56 0.785
31 82 0.858
31 50 0.586
31 33 0.481
31 49 0.505
31 70 0.531
31 73 0.99
31 76 0.869
31 38 0.555
31 55 0.032
31 62 0.905
31 44 0.609
31 59 0.208
31 68 0.482
31 61 0.359
31 67 0.9
31 98 0.448
31 42 0.24
31 65 1
31 39 0.012
31 83 0.825
31 94 0.791
31 54 0.616
31 92 1
31 48 0.334
31 79 0.637
31 85 0.34
31 81 0.439
31 90 0.486
31 34 0.354
31 45 0.462
31 53 0.756
31 71 0.525
31 41 0.942
31 46 0.69
31 47 0.646
31 78 0.39
31 77 0.108
31 84 0.121
31 35 0.192
31 99 0.033
31 93 0.176
31 91 0.215
31 43 0.048
31 40 0.067
31 52 0.341
31 64 0.045
31 86 0.171
31 57 0.155
32 82 0.166
32 58 0.462
32 36 1
32 64 0.418
32 83 0.838
32 99 0.584
32 33 0.25
32 41 0.879
32 42 0.647
32 50 0.282
32 52 0.332
32 59 0.849
32 35 1
32 73 0.62
32 92 0.505
32 79 0.584
32 96 0.646
32 77 0.276
32 93 0.284
32 94 0.335
32 34 0.688
32 46 0.785
32 62 0.593
32 45 0.972
32 95 0.28
32 88 0.422
32 63 1
32 65 0.586
32 80 0.432
32 85 0.63
32 51 0.405
32 97 0.683
32 61 0.487
32 66 0.599
32 71 0.645
32 44 0.392
32 54 0.022
32 78 0.422
32 70 0.296
32 74 0.456
32 76 0.092
32 53 0.332
32 98 0.32
32 39 0.407
32 60 0.105
32 57 0.093
32 38 0.13
32 40 0.132
32 56 0.112
32 72 0.117
33 88 0.804
33 63 0.477
33 71 0.357
33 97 1
33 42 0.349
33 57 0.835
33 76 0.155
33 35 0.824
33 40 0.415
33 55 0.467
33 70 0.77
33 77 0.424
33 90 0.297
33 91 0.177
33 69 0.572
33 68 0.594
33 67 1
33 92 0.221
33 75 0.395
33 54 0.205
33 44 0.811
33 62 0.489
33 80 0.49
33 41 0.821
33 82 0.465
33 38 0.056
33 52 0.397
33 53 1
33 81 0.181
33 36 0.934
33 73 0.274
33 98 0.315
33 56 0.451
33 50 0.018
33 86 0.644
33 46 0.282
33 65 0.107
33 39 0.422
33 93 0.064
33 89 0.096
33 96 0.339
33 59 0.715
33 60 0.441
33 66 0.564
33 43 0.268
33 72 0.203
33 45 0.247
33 58 0.19
33 48 0.267
33 47 0.157
34 83 0.535
34 63 0.364
34 76 0.611
34 47 0.61
34 70 0.18
34 73 0.965
34 39 0.294
34 45 0.492
34 72 0.976
34 88 0.855
34 87 0.711
34 89 0.502
34 97 0.758
34 99 0.935
34 71 0.294
34 46 0.096
34 49 1
34 65 0.836
34 69 0.802
34 80 0.253
34 62 0.39
34 81 0.673
34 92 0.347
34 74 0.645
34 55 0.672
34 96 1
34 60 0.412
34 37 0.374
34 50 0.977
34 41 0.557
34 64 0.619
34 40 0.388
34 57 0.038
34 78 0.347
34 67 0.388
34 93 0.119
34 42 0.185
34 35 0.307
34 59 0.148
34 86 0.103
34 54 0.425
34 79 0.255
34 84 0.071
34 75 0.35
34 95 0.133
34 51 0.127
34 85 0.415
34 61 0.256
34 48 0.104
34 98 0.126
35 67 0.611
35 94 0.143
35 63 1
35 48 0.39
35 49 0.636
35 50 1
35 53 1
35 59 0.891
35 66 0.722
35 92 0.153
35 82 0.959
35 95 0.686
35 93 0.691
35 83 0.238
35 99 0.49
35 57 1
35 85 0.095
35 39 0.896
35 43 0.669
35 64 0.393
35 65 0.928
35 78 0.159
35 76 0.416
35 77 0.388
35 47 0.911
35 97 0.665
35 88 0.54
35 45 0.003
35 72 0.809
35 52 0.247
35 44 0.356
35 55 0.436
35 75 0.721
35 74 0.256
35 90 0.387
35 40 0.439
35 79 0.35
35 86 0.118
35 73 0.547
35 58 0.255
35 70 0.381
35 41 0.216
35 54 0.142
35 98 0.111
35 38 0.285
35 42 0.307
35 37 0.146
35 81 0.119
35 46 0.187
35 61 0.124
35 89 0.198
36 88 0.789
36 42 0.034
36 48 0.778
36 92 0.51
36 98 0.609
36 39 0.343
36 44 0.765
36 51 0.612
36 52 0.834
36 54 1
36 77 0.608
36 80 0.522
36 74 0.852
36 84 0.362
36 79 0.511
36 85 0.145
36 38 0.385
36 53 0.528
36 65 0.448
36 89 0.775
36 82 0.6
36 47 0.911
36 49 0.686
36 78 0.389
36 67 0.204
36 99 0.025
36 61 0.425
36 57 0.314
36 59 0.533
36 83 0.277
36 75 0.809
36 81 0.173
36 97 0.006
36 96 0.046
36 45 0.048
36 62 0.401
36 58 0.042
36 90 0.245
36 66 0.106
36 94 0.197
37 70 0.712
37 72 0.563
37 65 0.627
37 88 1
37 80 0.748
37 45 0.942
37 56 0.196
37 74 0.412
37 54 0.926
37 61 0.189
37 82 0.741
37 41 0.341
37 43 0.921
37 48 0.454
37 87 0.749
37 73 0.355
37 97 0.888
37 86 0.228
37 91 0.534
37 96 0.416
37 62 1
37 42 0.33
37 49 0.074
37 47 0.279
37 76 1
37 52 0.581
37 57 0.74
37 98 0.662
37 68 0.2
37 59 0.337
37 39 0.028
37 55 0.633
37 81 0.147
37 89 0.422
37 85 0.596
37 50 0.614
37 93 0.48
37 99 0.387
37 75 0.54
37 83 0.321
37 51 0.511
37 58 0.803
37 66 0.156
37 78 0.383
37 90 0.373
37 92 0.536
37 44 0.314
37 60 0.197
37 77 0.264
37 94 0.546
37 63 0.295
37 79 0.061
37 69 0.094
37 38 0.045
37 71 0.154
37 95 0.127
38 74 0.396
38 52 0.877
38 77 1
38 87 0.446
38 86 0.84
38 62 0.684
38 98 0.789
38 41 0.344
38 61 0.729
38 94 0.769
38 67 1
38 85 0.601
38 81 0.872
38 43 0.753
38 99 0.961
38 48 0.672
38 73 0.342
38 89 0.104
38 96 0.652
38 56 0.305
38 55 0.882
38 80 0.5
38 72 0.64
38 90 0.852
38 65 0.513
38 69 0.645
38 76 0.348
38 84 0.149
38 88 0.695
38 57 0.473
38 82 0.369
38 83 0.315
38 50 0.263
38 46 0.216
38 39 0.032
38 79 0.07
38 42 0.474
38 97 0.05
38 92 0.309
38 40 0.153
38 58 0.149
39 40 0.333
39 43 0.253
39 71 0.956
39 87 0.899
39 81 0.78
39 65 0.128
39 92 0.414
39 96 0.849
39 59 0.767
39 68 0.464
39 97 0.694
39 48 0.49
39 73 0.781
39 55 0.011
39 61 0.997
39 79 0.521
39 94 0.881
39 47 0.122
39 41 0.307
39 76 0.552
39 86 0.435
39 50 0.088
39 62 0.136
39 75 0.515
39 77 0.131
39 85 0.2
39 51 0.629
39 56 0.607
39 60 0.214
39 54 0.062
39 58 0.509
39 63 0.384
39 70 0.354
39 78 0.251
39 80 0.161
39 89 0.259
39 83 1
39 99 0.555
39 72 0.369
39 88 0.471
39 90 0.461
39 49 0.621
39 69 0.247
39 44 0.339
39 46 0.376
39 98 0.325
39 84 0.195
39 95 0.453
39 66 0.178
39 67 0.145
40 66 0.836
40 53 1
40 72 0.663
40 99 0.218
40 48 0.452
40 82 0.685
40 83 0.589
40 96 0.892
40 43 0.926
40 68 0.755
40 73 0.652
40 92 0.912
40 44 0.874
40 97 0.214
40 60 0.089
40 41 0.014
40 95 0.847
40 52 0.358
40 75 0.562
40 61 0.36
40 78 0.826
40 55 0.494
40 58 0.166
40 65 0.611
40 87 0.539
40 71 0.767
40 54 0.608
40 81 0.24
40 93 0.002
40 62 0.899
40 77 0.431
40 59 0.36
40 94 0.739
40 67 0.745
40 89 1
40 70 0.206
40 42 0.314
40 69 0.176
40 56 0.254
40 76 0.02
40 64 0.21
40 91 0.23
40 84 0.088
40 74 0.131
40 85 0.192
40 46 0.113
40 47 0.127
40 50 0.08
40 98 0.13
41 49 0.424
41 55 0.825
41 66 0.757
41 43 0.954
41 54 0.839
41 72 0.943
41 76 0.498
41 99 1
41 48 1.0
41 75 0.923
41 81 0.037
41 96 0.77
41 46 0.374
41 73 0.398
41 98 0.722
41 86 0.912
41 64 0.415
41 82 0.588
41 68 0.208
41 89 0.463
41 97 0.912
41 61 0.814
41 77 0.604
41 47 0.727
41 78 0.7
41 94 0.757
41 45 0.094
41 60 0.021
41 83 0.288
41 87 0.764
41 44 0.813
41 85 0.577
41 51 0.556
41 58 0.464
41 79 0.167
41 90 0.158
41 93 0.204
41 67 0.301
41 42 0.113
41 92 0.234
41 57 0.348
41 71 0.169
41 95 0.19
41 65 0.233
41 80 0.141
41 74 0.15
42 59 0.801
42 76 0.835
42 80 0.434
42 45 1
42 62 0.436
42 65 0.53
42 71 0.712
42 77 0.163
42 88 0.527
42 98 1
42 53 0.698
42 56 0.284
42 49 0.835
42 94 1
42 92 0.601
42 73 0.437
42 85 0.874
42 61 0.468
42 68 0.428
42 91 0.478
42 58 0.659
42 74 0.651
42 60 0.778
42 52 0.848
42 90 0.718
42 70 0.768
42 86 0.125
42 50 0.025
42 46 0.875
42 54 0.48
42 89 0.642
42 99 0.436
42 82 0.101
42 97 0.451
42 44 0.521
42 57 0.559
42 69 0.278
42 51 0.229
42 93 0.341
42 43 0.055
42 66 0.226
42 78 0.118
42 79 0.22
42 83 0.19
43 70 0.791
43 96 1
43 76 0.307
43 81 1
43 88 0.781
43 89 0.111
43 90 0.53
43 98 0.905
43 54 0.606
43 86 0.571
43 59 0.933
43 68 1
43 93 0.628
43 79 0.424
43 61 0.371
43 50 0.818
43 52 0.329
43 53 0.305
43 56 0.416
43 58 0.74
43 74 0.214
43 78 0.016
43 44 0.914
43 71 0.079
43 64 0.395
43 60 0.275
43 77 0.518
43 55 0.711
43 82 0.395
43 48 0.097
43 91 0.91
43 73 0.194
43 95 0.101
43 47 0.066
43 51 0.494
43 66 0.193
43 84 0.182
43 87 0.461
43 49 0.151
43 57 0.139
43 85 0.152
43 94 0.242
43 92 0.016
43 99 0.145
43 67 0.054
43 63 0.154
43 75 0.17
44 88 0.988
44 47 0.872
44 54 0.41
44 80 0.749
44 73 0.501
44 75 0.855
44 87 0.501
44 81 0.846
44 53 0.547
44 48 0.828
44 84 0.24
44 86 0.444
44 85 0.966
44 46 0.153
44 50 0.38
44 98 0.907
44 64 0.901
44 77 0.598
44 76 0.828
44 71 0.695
44 52 0.889
44 72 0.441
44 66 0.19
44 49 0.135
44 58 0.201
44 56 0.352
44 51 0.584
44 68 0.776
44 61 0.14
44 59 0.536
44 60 0.283
44 83 0.215
44 78 1
44 89 0.286
44 57 0.632
44 63 0.113
44 62 0.139
44 74 0.057
44 91 0.366
44 93 0.342
44 99 0.389
44 97 0.06
44 67 0.207
45 68 0.901
45 57 0.735
45 85 1
45 61 0.867
45 53 0.39
45 69 0.952
45 48 0.812
45 82 0.108
45 52 0.629
45 58 0.466
45 83 0.644
45 75 0.407
45 66 0.353
45 72 0.592
45 93 0.397
45 95 0.83
45 76 0.448
45 94 0.857
45 55 0.119
45 67 0.595
45 74 0.47
45 88 0.179
45 89 0.319
45 71 0.168
45 60 0.23
45 81 0.746
45 97 0.335
45 77 0.236
45 80 0.18
45 86 0.963
45 91 0.068
45 59 0.363
45 51 0.368
45 62 0.281
45 84 0.494
45 73 0.253
45 79 0.049
45 56 0.395
45 46 0.111
45 65 0.207
45 63 0.12
45 98 0.223
46 67 0.726
46 47 1
46 98 0.671
46 80 0.791
46 70 0.701
46 71 0.76
46 56 0.805
46 60 0.299
46 61 0.177
46 63 0.759
46 76 0.672
46 79 0.868
46 51 0.302
46 62 0.134
46 92 0.167
46 95 0.757
46 59 0.676
46 66 1
46 97 0.182
46 57 0.781
46 65 0.775
46 55 0.457
46 86 0.525
46 53 0.843
46 90 0.662
46 99 0.848
46 96 0.656
46 49 0.612
46 54 0.52
46 50 0.907
46 83 0.444
46 94 0.536
46 52 0.577
46 73 0.114
46 77 0.713
46 72 0.483
46 64 0.546
46 68 0.163
46 81 0.23
46 88 0.417
46 84 0.368
46 69 0.231
46 82 0.227
46 93 0.153
47 49 0.42
47 65 0.434
47 86 1
47 58 0.848
47 59 0.559
47 68 0.365
47 71 0.948
47 73 0.446
47 89 0.194
47 95 0.48
47 97 0.728
47 99 0.093
47 62 0.146
47 77 0.521
47 48 0.287
47 67 0.023
47 88 0.656
47 84 0.541
47 92 0.398
47 70 0.487
47 53 0.628
47 51 0.58
47 80 1
47 56 0.66
47 75 0.295
47 76 0.493
47 78 0.572
47 90 0.205
47 52 0.773
47 87 0.681
47 63 0.053
47 81 0.376
47 82 0.35
47 83 0.437
47 94 0.401
47 79 0.156
47 85 0.271
47 61 0.247
47 93 0.037
48 53 0.684
48 98 0.106
48 60 0.388
48 61 0.887
48 49 0.911
48 56 0.987
48 72 0.64
48 86 0.407
48 84 0.774
48 63 0.138
48 66 0.497
48 52 0.553
48 62 0.745
48 51 0.319
48 88 0.42
48 71 0.162
48 78 0.762
48 87 0.731
48 79 0.531
48 74 0.64
48 83 0.274
48 89 0.263
48 67 0.34
48 80 0.304
48 65 0.169
48 99 0.434
48 58 0.377
48 73 0.239
48 68 0.187
48 91 0.186
48 54 0.171
48 75 0.272
49 73 0.211
49 79 0.282
49 96 0.338
49 54 0.628
49 78 0.144
49 98 0.472
49 69 0.258
49 89 0.261
49 56 0.852
49 85 0.427
49 64 0.797
49 75 0.666
49 95 0.547
49 62 0.339
49 66 0.121
49 74 0.231
49 90 0.067
49 72 0.776
49 80 0.491
49 63 0.801
49 70 0.724
49 71 0.489
49 91 0.709
49 99 0.444
49 60 0.201
49 50 0.202
49 81 0.417
49 52 0.224
49 84 0.467
49 97 0.358
49 86 0.68
49 82 0.107
49 76 0.525
49 59 0.487
49 83 0.48
49 55 0.123
49 51 0.171
49 92 0.16
49 68 0.166
50 72 0.651
50 91 0.717
50 64 0.498
50 75 0.485
50 56 0.821
50 61 0.935
50 76 0.578
50 83 0.997
50 88 0.589
50 89 1
50 81 0.978
50 51 0.978
50 93 0.983
50 95 0.495
50 52 0.72
50 54 0.887
50 99 0.546
50 78 0.49
50 59 0.898
50 70 0.542
50 79 0.737
50 67 0.425
50 66 0.85
50 53 0.183
50 68 0.505
50 98 0.54
50 74 0.272
50 65 0.724
50 58 0.725
50 73 0.439
50 97 0.118
50 62 0.436
50 94 0.424
50 90 0.277
50 69 0.127
50 57 0.035
50 82 0.372
50 55 0.135
50 63 0.157
51 99 0.981
51 62 0.729
51 75 1
51 69 0.454
51 64 0.974
51 68 1
51 72 0.054
51 95 0.521
51 79 0.652
51 82 0.775
51 67 0.737
51 80 0.765
51 59 0.33
51 93 0.286
51 92 0.89
51 86 0.774
51 56 0.904
51 83 0.609
51 84 0.538
51 65 1
51 63 0.14
51 58 0.38
51 60 0.162
51 70 0.123
51 97 0.346
51 98 0.137
51 74 0.238
51 91 0.053
51 61 0.387
51 54 0.384
51 90 0.232
51 76 0.042
51 81 0.437
51 55 0.043
51 52 0.185
51 78 0.167
52 90 0.485
52 58 0.532
52 72 0.807
52 75 0.805
52 86 0.04
52 87 0.835
52 68 0.47
52 63 0.387
52 79 0.47
52 88 0.839
52 99 0.154
52 70 0.975
52 89 0.79
52 98 0.329
52 92 0.839
52 60 1
52 61 0.133
52 77 0.378
52 66 0.431
52 85 0.449
52 84 0.96
52 69 0.186
52 54 0.919
52 97 0.292
52 74 0.093
52 82 0.105
52 93 0.477
52 81 0.13
52 91 0.53
52 57 0.133
52 62 0.277
52 73 0.426
52 55 0.159
52 59 0.145
52 78 0.2
52 67 0.197
52 94 0.165
52 96 0.072
52 56 0.134
53 62 0.371
53 69 1
53 79 0.644
53 59 1
53 80 0.495
53 67 0.316
53 81 0.416
53 86 0.703
53 63 1
53 65 0.791
53 70 0.954
53 84 0.643
53 66 0.823
53 64 0.944
53 77 0.054
53 56 0.558
53 60 1
53 99 1
53 92 0.339
53 76 0.485
53 82 0.09
53 91 0.334
53 68 0.548
53 74 0.444
53 57 0.303
53 61 0.342
53 72 0.359
53 88 0.209
53 75 0.138
53 95 0.233
53 96 0.117
53 73 0.215
53 93 0.125
54 60 0.215
54 55 0.316
54 72 0.284
54 75 1
54 81 0.38
54 84 0.332
54 76 0.276
54 80 0.104
54 86 1
54 61 0.57
54 95 0.178
54 92 0.35
54 70 0.37
54 79 0.814
54 67 0.409
54 56 0.899
54 87 0.435
54 96 0.879
54 99 0.202
54 73 0.388
54 65 0.049
54 74 0.326
54 59 0.19
54 90 0.331
54 97 0.117
54 57 0.439
54 94 0.134
54 64 0.546
54 68 0.337
54 78 0.162
54 88 0.096
54 66 0.179
54 91 0.155
55 88 0.68
55 59 0.475
55 60 0.765
55 71 0.06
55 80 1
55 84 0.556
55 93 0.662
55 74 0.319
55 90 0.675
55 98 0.194
55 65 0.38
55 67 0.559
55 57 0.56
55 58 0.861
55 81 0.851
55 62 0.353
55 97 0.162
55 69 0.176
55 72 0.193
55 76 0.381
55 89 0.423
55 66 0.381
55 91 0.21
55 79 0.277
55 82 0.019
55 70 0.575
55 78 0.18
55 87 0.193
55 63 0.117
55 83 0.334
55 64 0.099
55 75 0.175
56 80 1
56 57 0.426
56 64 0.695
56 75 0.893
56 88 0.327
56 66 1
56 69 0.471
56 70 0.325
56 81 0.941
56 84 0.36
56 82 1
56 65 1
56 72 0.457
56 97 0.236
56 61 0.72
56 87 1
56 89 0.016
56 94 1
56 77 0.107
56 95 0.155
56 76 0.991
56 99 0.23
56 62 0.439
56 60 0.65
56 73 0.532
56 74 0.88
56 83 0.428
56 67 0.575
56 78 0.275
56 91 0.28
56 96 0.114
56 92 0.281
56 58 0.139
56 68 0.21
56 85 0.113
57 67 0.894
57 62 0.943
57 84 0.001
57 66 0.612
57 60 0.852
57 72 0.735
57 74 0.68
57 83 0.112
57 90 0.522
57 96 0.747
57 81 0.324
57 91 0.723
57 97 1
57 65 0.435
57 63 0.321
57 89 0.552
57 75 0.133
57 87 0.425
57 88 0.359
57 80 0.761
57 73 0.612
57 93 0.534
57 85 0.316
57 86 0.07
57 64 0.172
57 95 0.431
57 68 0.468
57 59 0.275
57 69 0.189
57 92 0.147
57 98 0.322
57 61 0.137
57 76 0.024
58 98 0.716
58 81 0.908
58 61 0.998
58 74 0.977
58 79 0.935
58 80 0.134
58 89 1
58 67 0.806
58 75 0.762
58 65 0.783
58 59 0.097
58 88 0.764
58 93 0.193
58 62 0.13
58 99 0.995
58 68 0.225
58 78 0.399
58 77 0.332
58 84 0.072
58 92 0.339
58 85 0.479
58 63 0.624
58 96 0.238
58 82 0.086
58 87 0.281
58 71 0.142
58 94 0.466
58 95 0.151
58 70 0.009
58 83 0.144
58 76 0.15
59 71 0.87
59 84 0.442
59 62 0.966
59 61 0.126
59 69 0.903
59 65 0.925
59 89 0.726
59 92 0.433
59 73 0.952
59 64 0.461
59 96 0.055
59 88 1
59 87 0.603
59 76 0.493
59 93 0.611
59 66 1
59 91 0.828
59 79 0.616
59 72 0.275
59 74 0.112
59 67 0.361
59 97 0.162
59 99 0.585
59 63 0.524
59 94 0.365
59 80 0.221
59 83 0.415
59 82 0.697
59 81 0.176
59 70 0.1
59 68 0.355
59 78 0.263
59 60 0.161
59 85 0.181
60 75 0.675
60 99 0.824
60 61 0.777
60 73 0.351
60 94 0.239
60 71 0.558
60 90 0.974
60 84 0.133
60 66 0.546
60 74 0.33
60 64 0.6
60 91 0.376
60 88 0.213
60 95 0.655
60 96 0.838
60 70 0.351
60 82 0.83
60 62 1
60 85 0.475
60 86 0.586
60 98 0.972
60 68 0.579
60 97 0.285
60 65 0.305
60 80 0.145
60 92 0.261
60 78 0.155
60 79 0.177
60 81 0.148
61 69 0.358
61 76 0.879
61 83 1
61 67 0.638
61 82 0.48
61 88 0.349
61 75 0.249
61 99 0.679
61 90 0.942
61 78 0.716
61 96 0.463
61 80 0.121
61 73 0.047
61 98 0.927
61 92 0.334
61 68 0.277
61 66 0.338
61 72 0.184
61 81 0.391
61 63 0.465
61 89 0.367
61 71 0.372
61 77 0.033
61 65 0.421
61 79 0.466
61 97 0.383
61 91 0.281
61 93 0.455
61 62 0.5
61 64 0.053
61 95 0.078
61 86 0.041
61 87 0.031
61 94 0.128
62 86 0.927
62 87 0.825
62 76 0.622
62 85 1
62 66 0.993
62 74 0.34
62 77 0.932
62 82 0.374
62 90 1
62 64 0.193
62 84 0.991
62 71 0.835
62 95 0.78
62 79 0.085
62 69 0.6
62 68 0.266
62 83 0.398
62 98 0.629
62 93 0.455
62 89 0.34
62 78 0.598
62 96 0.403
62 75 0.431
62 67 0.322
62 70 0.292
62 65 0.102
62 97 0.044
62 88 0.12
63 64 0.806
63 88 0.811
63 87 0.48
63 80 0.583
63 85 0.403
63 67 0.893
63 82 0.819
63 99 0.243
63 96 0.523
63 89 0.402
63 93 0.899
63 98 0.619
63 81 0.933
63 92 0.731
63 83 0.466
63 84 0.15
63 91 0.403
63 97 0.875
63 69 0.204
63 95 0.248
63 94 0.295
63 76 0.099
63 86 0.005
63 78 0.254
63 66 0.108
63 71 0.267
63 65 0.155
63 79 0.187
64 85 0.467
64 71 0.631
64 89 0.173
64 73 0.292
64 88 0.766
64 76 0.874
64 79 0.665
64 90 0.953
64 69 0.421
64 74 0.732
64 65 0.526
64 70 0.864
64 94 0.813
64 87 0.858
64 91 0.258
64 92 0.751
64 97 0.111
64 75 0.485
64 72 0.387
64 86 0.125
64 66 0.091
64 84 0.346
64 67 0.116
64 95 0.343
65 77 1
65 91 0.64
65 85 0.775
65 88 0.333
65 67 0.931
65 92 0.839
65 94 0.295
65 95 0.872
65 71 0.491
65 75 0.738
65 70 0.935
65 93 0.707
65 69 0.946
65 73 0.333
65 98 0.734
65 84 0.264
65 80 0.281
65 83 0.272
65 72 0.049
65 74 0.174
65 89 0.073
65 99 0.128
65 66 0.396
65 78 0.199
65 81 0.104
65 86 0.218
65 90 0.141
66 95 0.838
66 88 1
66 82 0.338
66 70 0.402
66 84 0.681
66 85 0.524
66 98 1
66 97 0.844
66 90 0.733
66 76 0.813
66 75 0.781
66 94 0.225
66 68 0.745
66 89 0.481
66 73 0.524
66 67 0.181
66 69 0.174
66 81 0.061
66 91 1
66 93 0.043
66 99 0.557
66 79 0.291
66 87 0.184
67 70 1
67 90 0.389
67 81 0.513
67 98 0.117
67 73 0.462
67 76 0.332
67 77 0.821
67 68 0.289
67 92 1
67 69 0.394
67 78 1
67 87 0.612
67 95 0.464
67 96 0.575
67 75 0.635
67 80 0.409
67 91 0.27
67 97 0.201
67 71 0.187
67 88 0.529
67 89 0.04
68 95 0.963
68 70 0.659
68 72 0.406
68 73 0.434
68 75 0.899
68 80 0.743
68 92 1
68 81 0.826
68 69 0.792
68 98 0.337
68 93 0.938
68 97 1
68 83 0.707
68 85 1
68 89 0.721
68 86 0.435
68 88 0.137
68 74 0.509
68 94 0.234
68 91 0.007
68 90 0.395
68 78 0.277
68 77 0.206
68 79 0.187
69 80 0.76
69 82 0.793
69 86 0.636
69 70 0.732
69 74 1
69 75 0.234
69 79 0.816
69 94 0.229
69 78 0.724
69 96 0.285
69 95 0.554
69 88 0.614
69 72 0.643
69 92 0.409
69 99 1
69 93 0.552
69 84 0.41
69 77 1
69 89 0.656
69 83 0.731
69 97 0.301
69 87 0.253
69 85 0.008
69 98 0.118
70 85 0.912
70 87 0.814
70 81 0.458
70 84 0.524
70 91 1
70 94 0.603
70 90 0.948
70 71 0.764
70 75 0.923
70 72 0.297
70 95 0.69
70 86 0.061
70 79 0.174
70 96 0.476
70 99 0.399
70 77 0.251
70 78 0.107
70 73 0.449
70 80 0.071
70 82 0.162
70 92 0.188
70 93 0.172
71 79 0.178
71 93 0.813
71 94 1
71 95 1
71 97 0.379
71 73 0.533
71 77 0.844
71 72 0.433
71 91 0.801
71 85 0.903
71 86 0.417
71 78 0.733
71 87 1
71 98 0.139
71 89 0.43
71 96 0.345
71 99 0.668
71 75 0.596
71 80 0.242
71 92 0.406
71 83 0.461
71 88 0.06
71 81 0.344
72 75 0.698
72 90 0.582
72 95 0.928
72 98 0.63
72 87 0.519
72 85 0.893
72 91 0.93
72 74 0.476
72 79 0.674
72 77 0.554
72 88 0.959
72 76 0.412
72 80 0.286
72 89 0.356
72 97 0.326
72 84 0.234
72 82 0.204
72 96 0.154
72 99 0.285
72 92 0.28
72 78 0.361
72 81 0.109
72 94 0.163
73 86 0.09
73 93 0.511
73 81 0.942
73 83 0.447
73 88 0.757
73 95 0.699
73 90 0.346
73 82 0.287
73 77 0.619
73 91 0.611
73 74 0.777
73 84 0.601
73 98 0.108
73 89 0.068
73 79 0.11
73 92 0.082
73 80 0.333
73 96 0.089
73 78 0.223
73 75 0.175
73 97 0.137
74 79 0.472
74 92 0.312
74 90 0.618
74 81 0.664
74 77 0.595
74 93 0.897
74 89 0.215
74 78 0.33
74 96 0.263
74 82 0.357
74 95 0.539
74 98 0.029
74 99 0.055
74 85 0.129
74 87 0.174
74 83 0.133
75 91 0.684
75 77 0.129
75 98 0.659
75 92 0.561
75 97 0.234
75 82 0.741
75 95 0.926
75 80 1
75 93 0.591
75 78 1
75 96 0.16
75 94 0.194
75 81 0.424
75 84 0.092
75 89 0.104
75 99 0.018
75 85 0.552
75 88 0.122
76 89 0.348
76 83 0.345
76 77 0.678
76 80 0.364
76 91 0.392
76 94 0.082
76 92 0.241
76 81 0.933
76 88 0.844
76 86 0.165
76 87 0.786
76 93 0.836
76 90 0.253
76 98 0.67
76 82 0.137
76 84 0.436
77 78 0.426
77 87 0.929
77 80 0.256
77 81 0.851
77 84 0.644
77 97 1
77 85 0.233
77 86 0.289
77 95 0.64
77 88 0.393
77 99 0.025
77 83 0.185
77 94 0.542
77 91 0.71
77 96 0.147
77 98 0.076
78 88 0.936
78 85 0.355
78 86 0.819
78 82 0.417
78 92 0.805
78 89 0.439
78 94 0.365
78 95 0.278
78 81 0.41
78 84 0.116
78 98 0.253
78 87 0.434
78 91 0.053
78 96 0.132
78 99 0.359
78 83 0.182
78 80 0.008
78 97 0.085
79 91 0.718
79 87 0.658
79 95 0.353
79 81 0.481
79 83 0.86
79 97 0.892
79 98 0.67
79 82 0.872
79 89 0.44
79 88 0.332
79 99 0.666
79 93 0.526
79 94 0.437
79 90 0.149
79 80 0.018
79 92 0.061
80 82 0.61
80 81 1
80 87 0.492
80 89 0.491
80 88 0.862
80 90 0.174
80 84 0.611
80 94 1
80 97 0.278
80 93 0.71
80 91 0.873
80 95 0.595
80 83 0.633
80 99 0.186
80 98 0.12
81 84 0.841
81 87 0.067
81 91 0.74
81 92 0.635
81 98 0.414
81 96 0.341
81 99 0.167
81 83 0.457
81 90 0.514
81 89 0.299
81 95 0.25
81 82 0.302
81 97 0.124
82 83 1
82 97 1
82 90 0.142
82 93 0.644
82 88 0.99
82 94 0.826
82 91 0.124
82 99 0.878
82 86 0.494
82 92 0.587
82 84 0.542
82 85 0.363
82 98 0.514
82 96 0.322
83 87 0.873
83 86 0.818
83 94 0.847
83 95 0.686
83 91 1
83 90 0.788
83 89 0.503
83 85 0.528
83 96 0.168
83 92 0.097
83 99 0.383
83 97 0.164
83 98 0.133
84 89 1
84 86 0.72
84 90 0.906
84 91 0.301
84 92 1
84 97 0.647
84 95 0.409
84 88 0.974
84 99 0.993
84 94 0.13
84 96 0.211
84 85 0.816
84 98 0.07
84 93 0.177
85 99 1
85 88 0.907
85 89 0.114
85 95 1
85 98 0.518
85 94 0.816
85 86 0.672
85 96 0.036
85 91 0.336
85 90 0.264
86 89 0.765
86 96 0.526
86 99 0.801
86 97 0.825
86 95 0.53
86 98 0.733
86 87 0.861
86 88 0.478
86 93 0.434
86 90 0.146
86 91 0.801
86 94 0.108
87 92 0.89
87 90 0.399
87 95 0.679
87 98 0.022
87 88 0.011
87 89 0.019
87 96 0.125
87 99 0.149
88 91 0.547
88 97 0.679
88 90 0.541
88 92 0.758
88 95 0.415
88 93 0.318
88 94 0.246
89 93 0.376
89 91 0.892
89 98 0.418
89 99 0.496
89 95 0.587
89 96 0.737
89 92 0.132
89 97 0.38
90 96 0.709
90 94 0.715
90 95 0.688
90 97 0.34
90 91 0.244
91 93 0.521
91 92 0.661
91 95 1
91 97 0.189
91 94 0.029
91 98 0.092
92 93 0.912
92 96 0.328
92 97 0.31
92 99 0.459
92 95 0.659
93 96 0.806
93 99 0.383
93 95 0.636
93 94 0.107
93 97 0.133
94 98 0.624
94 97 0.49
94 99 0.131
94 96 0.238
95 99 0.135
95 97 0.3
95 98 0.318
96 98 0.889
96 97 0.813
97 99 0.526
97 98 0.395
