0 42 0.805
0 91 0.911
0 38 0.663
0 12 0.827
0 59 0.977
0 76 0.584
0 93 0.841
0 92 1
0 80 0.989
0 26 0.946
0 63 0.641
0 39 0.012
0 82 0.198
0 98 0.596
0 1 0.348
0 19 0.135
0 37 0.254
0 51 0.179
0 24 0.189
0 45 0.169
0 52 0.174
0 87 0.464
0 22 0.042
0 75 0.05
0 83 0.126
0 85 0.165
0 30 0.072
0 41 0.046
0 57 0.123
0 14 0.239
0 27 0.144
0 68 0.198
0 77 0.185
0 95 0.134
0 3 0.149
0 4 0.146
0 46 0.095
0 61 0.174
0 74 0.149
1 35 0.722
1 3 0.685
1 7 0.778
1 82 0.834
1 73 0.737
1 74 0.885
1 86 0.839
1 27 0.814
1 90 0.585
1 60 0.573
1 94 0.918
1 88 1
1 11 0.21
1 85 0.154
1 55 0.551
1 83 0.264
1 65 0.163
1 75 0.226
1 89 0.06
1 18 0.136
1 23 0.292
1 33 0.086
1 53 0.277
1 67 0.34
1 81 0.046
1 20 0.059
1 25 0.168
1 66 0.303
1 21 0.158
1 39 0.199
1 52 0.135
1 62 0.057
1 72 0.048
1 96 0.166
1 2 0.191
1 6 0.184
1 10 0.158
1 12 0.172
1 17 0.115
1 48 0.133
1 91 0.195
2 75 1
2 81 0.868
2 7 0.92
2 48 0.454
2 42 0.924
2 63 0.976
2 76 0.808
2 64 0.703
2 29 0.887
2 36 0.495
2 27 0.702
2 59 0.279
2 71 0.423
2 32 0.139
2 54 0.207
2 37 0.227
2 72 0.378
2 15 0.142
2 87 0.495
2 22 0.157
2 24 0.207
2 62 0.144
2 65 0.145
2 8 0.184
2 14 0.016
2 30 0.219
2 34 0.141
2 93 0.153
2 35 0.15
2 41 0.136
2 55 0.163
2 58 0.156
2 77 0.167
3 81 1
3 82 1
3 13 0.825
3 43 0.813
3 16 0.825
3 71 0.662
3 30 0.954
3 38 0.738
3 59 0.688
3 76 0.7
3 88 0.547
3 15 0.548
3 37 0.627
3 34 0.056
3 21 0.303
3 74 0.201
3 25 0.238
3 63 0.084
3 29 0.253
3 60 0.11
3 84 0.058
3 90 0.178
3 5 0.188
3 12 0.163
3 49 0.192
3 65 0.177
3 77 0.143
3 86 0.232
3 10 0.122
3 22 0.078
3 26 0.136
3 27 0.123
3 48 0.164
3 53 0.174
3 70 0.154
3 87 0.136
3 99 0.203
4 43 0.884
4 65 0.874
4 46 1
4 54 0.755
4 62 0.774
4 48 0.629
4 15 0.904
4 23 0.941
4 20 0.537
4 79 0.627
4 10 0.397
4 67 0.055
4 78 0.553
4 24 0.375
4 77 0.523
4 84 0.248
4 8 0.119
4 88 0.599
4 34 0.084
4 51 0.097
4 33 0.197
4 59 0.126
4 39 0.317
4 41 0.274
4 97 0.263
4 6 0.079
4 95 0.12
4 14 0.266
4 22 0.191
4 31 0.091
4 44 0.106
4 70 0.247
4 89 0.068
4 94 0.558
4 27 0.104
4 52 0.017
4 26 0.147
4 28 0.173
4 37 0.209
4 45 0.157
5 89 0.602
5 27 0.861
5 25 0.87
5 79 0.503
5 42 0.782
5 81 0.903
5 56 0.685
5 44 1
5 26 0.693
5 85 0.576
5 90 0.518
5 11 0.751
5 57 0.564
5 82 0.451
5 16 0.352
5 49 0.259
5 69 0.037
5 20 0.365
5 33 0.091
5 21 0.02
5 94 0.171
5 18 0.572
5 36 0.393
5 55 0.005
5 87 0.177
5 76 0.108
5 12 0.157
5 13 0.252
5 10 0.166
5 30 0.128
5 32 0.128
5 34 0.114
5 37 0.17
5 73 0.168
5 6 0.122
5 45 0.138
5 65 0.133
6 69 0.949
6 33 0.894
6 46 0.458
6 7 0.686
6 71 1
6 15 1
6 9 0.486
6 66 1
6 35 0.563
6 63 0.654
6 54 0.024
6 58 0.189
6 74 0.043
6 85 0.151
6 30 0.293
6 98 0.152
6 26 0.346
6 52 0.199
6 93 0.082
6 22 0.164
6 8 0.156
6 18 0.161
6 21 0.147
6 48 0.083
6 80 0.221
6 87 0.05
6 24 0.15
6 41 0.198
6 45 0.143
6 67 0.209
6 86 0.116
6 95 0.08
7 82 0.736
7 77 0.981
7 27 0.638
7 86 0.856
7 15 1
7 16 1
7 26 0.938
7 8 1
7 91 0.994
7 22 0.983
7 25 0.711
7 87 0.343
7 50 0.039
7 69 0.312
7 45 0.168
7 34 0.24
7 85 0.134
7 13 0.199
7 21 0.044
7 63 0.01
7 94 0.133
7 98 0.181
7 31 0.268
7 78 0.14
7 79 0.152
7 76 0.121
7 80 0.134
7 81 0.152
8 86 0.849
8 80 0.727
8 88 0.46
8 45 0.635
8 44 0.864
8 66 0.206
8 38 0.415
8 62 0.686
8 22 0.22
8 39 0.223
8 87 0.188
8 91 0.614
8 9 0.217
8 56 0.129
8 57 0.206
8 74 0.248
8 10 0.162
8 12 0.211
8 19 0.177
8 27 0.175
8 76 0.226
8 85 0.123
8 59 0.151
8 68 0.136
9 89 0.765
9 10 0.274
9 53 0.886
9 33 0.744
9 25 0.925
9 71 0.631
9 12 0.873
9 32 0.851
9 68 0.853
9 63 0.746
9 86 0.397
9 61 0.762
9 73 0.215
9 20 0.988
9 93 0.085
9 83 0.554
9 42 0.019
9 45 0.012
9 60 0.242
9 88 0.521
9 47 0.337
9 57 0.03
9 28 0.294
9 62 0.128
9 74 0.24
9 24 0.026
9 51 0.17
9 66 0.155
9 76 0.193
9 77 0.213
9 80 0.28
9 11 0.177
9 18 0.183
9 26 0.163
9 31 0.083
9 34 0.149
9 35 0.213
9 49 0.126
9 59 0.132
9 64 0.235
9 75 0.172
9 81 0.186
9 85 0.189
10 60 0.819
10 33 0.393
10 81 0.924
10 92 0.741
10 42 0.674
10 84 0.734
10 57 0.802
10 80 0.814
10 82 0.745
10 96 0.355
10 97 0.706
10 16 0.39
10 22 0.207
10 68 0.716
10 18 0.072
10 24 0.561
10 40 0.281
10 55 0.223
10 99 0.144
10 44 0.191
10 93 0.184
10 46 0.294
10 74 0.449
10 94 0.051
10 79 0.028
10 89 0.324
10 12 0.151
10 20 0.161
10 65 0.077
10 70 0.199
10 50 0.344
10 51 0.177
10 52 0.175
10 73 0.037
10 14 0.14
10 15 0.17
10 27 0.07
10 30 0.138
10 32 0.122
10 59 0.135
10 62 0.192
10 67 0.199
10 85 0.104
11 29 0.719
11 60 0.684
11 13 0.786
11 50 0.429
11 18 0.245
11 67 0.587
11 48 0.682
11 68 0.74
11 20 0.531
11 47 0.93
11 49 0.961
11 55 0.831
11 27 0.334
11 77 0.702
11 57 0.08
11 25 0.399
11 38 0.721
11 78 0.543
11 24 0.317
11 69 0.139
11 30 0.211
11 89 0.262
11 81 0.123
11 91 0.035
11 23 0.091
11 58 0.015
11 94 0.16
11 16 0.171
11 22 0.155
11 52 0.128
11 21 0.093
11 41 0.068
11 59 0.045
11 32 0.17
11 46 0.142
11 61 0.181
11 85 0.165
12 53 0.883
12 34 0.903
12 28 0.768
12 71 0.865
12 58 0.857
12 87 0.833
12 25 0.869
12 88 0.876
12 30 0.556
12 26 0.525
12 47 0.521
12 91 0.417
12 62 0.085
12 18 0.258
12 76 0.217
12 79 0.059
12 90 0.048
12 17 0.32
12 38 0.321
12 42 0.189
12 19 0.295
12 29 0.145
12 13 0.144
12 44 0.172
12 66 0.128
12 80 0.147
12 84 0.122
12 96 0.114
13 90 0.535
13 72 0.822
13 79 0.921
13 93 0.928
13 52 0.726
13 75 0.761
13 65 0.773
13 38 0.902
13 64 0.681
13 83 0.667
13 57 0.394
13 60 0.758
13 32 0.165
13 37 0.086
13 94 0.366
13 16 0.253
13 55 0.047
13 25 0.287
13 74 0.212
13 28 0.102
13 30 0.083
13 49 0.303
13 53 0.183
13 50 0.012
13 67 0.19
13 70 0.154
13 97 0.371
13 99 0.151
13 46 0.159
13 51 0.192
13 80 0.188
13 92 0.142
13 96 0.138
14 50 0.685
14 92 0.057
14 59 0.895
14 43 0.875
14 51 0.996
14 41 0.751
14 18 0.721
14 19 1.0
14 79 1
14 37 0.63
14 69 0.197
14 83 0.411
14 21 0.369
14 97 0.107
14 78 0.123
14 55 0.05
14 76 0.308
14 95 0.299
14 24 0.024
14 52 0.195
14 58 0.088
14 35 0.175
14 71 0.203
14 88 0.238
14 90 0.276
14 15 0.091
14 40 0.275
14 64 0.07
14 89 0.169
14 25 0.138
14 62 0.124
14 68 0.171
14 74 0.158
14 80 0.172
14 99 0.109
15 82 1
15 32 0.804
15 69 0.941
15 90 0.81
15 57 1
15 59 0.705
15 89 0.897
15 66 0.78
15 95 0.778
15 99 0.595
15 36 0.903
15 56 0.281
15 96 0.789
15 98 0.442
15 60 0.768
15 28 0.529
15 85 0.521
15 38 0.281
15 53 0.089
15 52 0.108
15 27 0.287
15 17 0.137
15 76 0.251
15 40 0.07
15 62 0.038
15 80 0.03
15 45 0.191
15 50 0.187
15 58 0.122
15 87 0.127
16 71 1
16 62 0.721
16 50 0.639
16 98 0.793
16 87 0.753
16 85 0.573
16 67 0.5
16 51 0.316
16 94 0.224
16 29 0.042
16 68 0.313
16 40 0.113
16 45 0.094
16 46 0.093
16 59 0.295
16 74 0.154
16 33 0.142
16 58 0.327
16 78 0.383
16 86 0.15
16 92 0.141
16 25 0.153
16 44 0.115
16 89 0.166
17 94 0.749
17 98 0.771
17 53 0.943
17 44 0.691
17 79 0.786
17 56 0.621
17 84 0.717
17 65 0.777
17 90 1
17 48 0.636
17 57 0.741
17 62 0.298
17 32 0.202
17 80 0.094
17 23 0.189
17 25 0.002
17 43 0.171
17 51 0.137
17 54 0.304
17 69 0.232
17 71 0.144
17 21 0.121
17 85 0.001
17 81 0.127
17 95 0.281
17 26 0.183
17 67 0.114
17 82 0.207
17 91 0.168
17 92 0.168
18 40 0.693
18 89 0.761
18 66 0.682
18 80 0.798
18 69 0.95
18 68 0.982
18 62 0.98
18 93 0.572
18 82 0.973
18 84 0.735
18 85 0.875
18 97 0.975
18 67 1
18 81 0.603
18 99 0.976
18 32 0.235
18 41 0.654
18 95 0.063
18 28 0.801
18 48 0.677
18 22 0.422
18 42 0.483
18 54 0.927
18 45 0.343
18 37 0.485
18 19 0.33
18 38 0.336
18 20 0.182
18 43 0.29
18 74 0.216
18 29 0.116
18 31 0.145
18 87 0.154
18 88 0.207
18 50 0.111
18 56 0.146
18 60 0.168
18 94 0.149
19 35 0.333
19 27 0.856
19 23 0.993
19 29 1
19 24 1
19 34 0.587
19 47 0.855
19 71 0.991
19 79 0.422
19 75 0.642
19 74 0.58
19 56 1
19 21 0.225
19 80 0.251
19 58 0.685
19 49 0.168
19 65 0.294
19 48 0.296
19 57 0.359
19 52 0.325
19 53 0.203
19 97 0.174
19 93 0.133
19 94 0.39
19 92 0.179
19 99 0.188
19 25 0.153
19 42 0.13
19 61 0.112
19 62 0.151
19 67 0.224
19 81 0.002
19 44 0.148
19 46 0.158
19 64 0.165
19 66 0.127
19 82 0.163
19 83 0.193
19 98 0.162
20 54 0.999
20 25 0.841
20 21 1
20 60 0.689
20 74 0.759
20 96 1
20 49 0.734
20 35 0.725
20 28 0.738
20 93 0.771
20 85 0.511
20 29 0.955
20 23 0.426
20 99 0.849
20 82 0.75
20 84 0.471
20 72 0.321
20 75 0.375
20 26 0.243
20 67 0.282
20 38 0.362
20 33 0.16
20 53 0.325
20 56 0.038
20 58 0.143
20 63 0.192
20 64 0.178
20 80 0.166
20 91 0.304
20 45 0.465
20 48 0.178
20 50 0.192
20 68 0.143
20 69 0.19
20 34 0.14
20 37 0.141
20 52 0.168
20 77 0.13
20 95 0.139
21 83 1
21 24 0.958
21 67 1
21 69 1
21 41 0.867
21 76 0.963
21 55 0.904
21 52 0.764
21 71 0.665
21 53 0.768
21 95 0.494
21 56 0.891
21 35 0.207
21 25 0.693
21 77 0.163
21 72 0.251
21 82 0.105
21 23 0.167
21 80 0.069
21 99 0.035
21 31 0.205
21 66 0.263
21 84 0.166
21 51 0.097
21 73 0.135
21 78 0.191
21 22 0.196
21 59 0.165
21 65 0.132
21 85 0.154
22 91 1
22 74 0.673
22 92 1
22 36 0.845
22 38 0.963
22 94 0.897
22 79 1
22 70 0.875
22 60 0.207
22 73 0.213
22 33 0.436
22 58 0.287
22 52 0.036
22 30 0.184
22 89 0.431
22 40 0.012
22 55 0.205
22 75 0.105
22 76 0.084
22 82 0.158
22 51 0.107
22 59 0.175
22 66 0.04
22 85 0.142
22 27 0.129
22 35 0.157
22 93 0.132
22 98 0.184
23 84 0.791
23 62 0.89
23 80 0.669
23 97 0.929
23 25 0.994
23 79 0.565
23 56 0.691
23 24 0.582
23 41 0.061
23 38 0.513
23 88 0.263
23 81 0.244
23 93 0.356
23 39 0.191
23 26 0.203
23 52 0.208
23 77 0.155
23 37 0.201
23 74 0.206
23 98 0.151
23 99 0.297
23 34 0.206
23 48 0.125
23 57 0.08
23 68 0.212
23 83 0.158
23 30 0.101
23 32 0.158
23 33 0.178
23 53 0.159
23 76 0.179
23 87 0.212
24 62 0.991
24 93 0.819
24 34 1
24 64 1
24 55 0.508
24 60 0.571
24 39 0.067
24 27 0.392
24 76 0.312
24 83 0.268
24 46 0.375
24 92 0.155
24 50 0.153
24 51 0.147
24 61 0.149
24 67 0.239
24 81 0.037
24 36 0.149
24 38 0.152
24 40 0.216
24 42 0.133
24 56 0.168
25 47 0.894
25 27 1
25 29 0.926
25 59 0.771
25 68 0.863
25 97 0.771
25 48 0.237
25 74 0.691
25 66 0.533
25 33 0.53
25 50 0.914
25 93 0.773
25 73 0.333
25 75 0.514
25 44 0.009
25 69 0.037
25 84 0.218
25 89 0.247
25 34 0.057
25 38 0.083
25 35 0.126
25 40 0.13
25 56 0.256
25 79 0.265
25 81 0.249
25 99 0.266
25 31 0.163
25 42 0.148
25 43 0.106
25 91 0.195
26 60 0.702
26 67 0.737
26 93 0.883
26 39 1
26 89 0.679
26 80 0.726
26 88 0.941
26 42 0.554
26 36 0.866
26 46 0.123
26 94 0.737
26 45 0.261
26 43 0.237
26 65 0.438
26 63 0.352
26 83 0.331
26 41 0.422
26 69 0.16
26 47 0.049
26 27 0.143
26 53 0.134
26 57 0.196
26 78 0.145
26 96 0.174
26 99 0.13
26 37 0.212
26 49 0.17
26 58 0.129
26 76 0.154
27 70 0.86
27 47 0.819
27 86 0.512
27 60 0.598
27 28 0.585
27 64 0.937
27 73 0.212
27 98 0.747
27 54 1
27 34 1
27 39 0.162
27 79 0.315
27 56 0.134
27 42 0.142
27 46 0.207
27 69 0.165
27 91 0.137
27 41 0.25
27 45 0.084
27 52 0.195
27 59 0.151
27 78 0.366
27 87 0.209
27 61 0.341
27 94 0.129
27 95 0.159
27 55 0.105
27 72 0.286
27 99 0.138
27 38 0.142
28 54 0.593
28 79 0.481
28 42 0.823
28 46 0.693
28 92 0.711
28 34 0.905
28 71 0.916
28 59 0.953
28 84 0.729
28 31 0.985
28 57 0.341
28 62 0.03
28 68 0.354
28 72 0.151
28 87 0.061
28 91 0.406
28 38 0.229
28 86 0.164
28 30 0.168
28 85 0.08
28 49 0.286
28 51 0.184
28 60 0.097
28 39 0.088
28 48 0.065
28 52 0.233
28 61 0.114
28 89 0.206
28 93 0.305
28 53 0.152
28 78 0.15
28 83 0.141
28 94 0.192
29 49 0.521
29 84 1
29 83 1
29 52 0.733
29 65 0.623
29 54 0.952
29 70 0.817
29 61 0.356
29 73 0.768
29 43 0.029
29 46 0.138
29 77 0.461
29 92 0.153
29 89 0.102
29 68 0.57
29 88 0.037
29 48 0.123
29 67 0.022
29 79 0.283
29 96 0.175
29 38 0.176
29 53 0.082
29 33 0.144
29 40 0.105
29 45 0.196
29 57 0.186
29 64 0.095
29 66 0.179
29 91 0.117
29 93 0.108
29 97 0.127
30 62 1
30 97 0.879
30 45 0.734
30 84 0.864
30 54 0.817
30 35 0.637
30 33 0.98
30 91 0.327
30 43 0.069
30 93 0.033
30 51 0.051
30 56 0.076
30 61 0.193
30 32 0.152
30 67 0.009
30 82 0.14
30 31 0.1
30 71 0.04
30 87 0.045
30 50 0.11
30 88 0.025
30 99 0.149
30 37 0.127
30 47 0.168
30 58 0.172
30 86 0.153
31 56 0.817
31 82 0.123
31 73 1
31 76 0.624
31 38 0.647
31 44 0.898
31 65 1
31 94 0.614
31 45 0.727
31 57 1
31 67 0.983
31 91 0.639
31 50 0.373
31 32 0.333
31 47 0.142
31 52 0.421
31 84 0.273
31 87 0.077
31 41 0.154
31 43 0.313
31 86 0.372
31 89 0.04
31 37 0.057
31 66 0.18
31 40 0.13
31 77 0.221
31 63 0.181
31 72 0.197
31 78 0.113
31 92 0.133
31 96 0.097
32 35 0.782
32 96 0.906
32 62 0.754
32 65 0.776
32 60 0.917
32 51 0.78
32 58 0.693
32 75 0.332
32 40 0.214
32 36 0.164
32 86 0.577
32 37 0.139
32 52 0.192
32 56 0.157
32 87 0.086
32 45 0.007
32 81 0.063
32 84 0.139
32 33 0.136
32 44 0.153
32 50 0.145
32 72 0.152
33 63 0.956
33 62 0.192
33 82 0.753
33 53 0.56
33 36 0.804
33 48 1
33 80 0.471
33 58 0.19
33 83 0.321
33 97 0.225
33 76 0.336
33 50 0.115
33 72 0.326
33 60 0.105
33 37 0.237
33 42 0.189
33 46 0.161
33 52 0.184
33 61 0.221
33 64 0.131
33 73 0.097
33 59 0.029
33 66 0.182
33 79 0.182
33 86 0.182
33 94 0.261
33 49 0.181
33 55 0.097
34 73 0.614
34 45 0.565
34 72 0.783
34 88 1
34 97 0.717
34 99 1
34 65 0.631
34 69 0.929
34 62 0.606
34 74 0.897
34 64 1
34 36 0.866
34 71 0.653
34 94 0.342
34 75 0.018
34 42 0.269
34 81 0.052
34 87 0.075
34 35 0.325
34 39 0.137
34 40 0.226
34 54 0.027
34 86 0.089
34 53 0.145
34 58 0.113
34 59 0.201
34 83 0.14
34 52 0.165
34 56 0.148
34 60 0.129
34 93 0.158
35 63 0.892
35 59 0.63
35 39 1
35 65 0.784
35 40 0.671
35 47 0.668
35 83 1
35 98 0.643
35 70 0.31
35 90 0.681
35 61 0.128
35 72 0.421
35 60 0.128
35 85 0.149
35 43 0.258
35 81 0.171
35 92 0.144
35 64 0.128
35 49 0.215
35 80 0.089
35 97 0.204
35 71 0.142
35 73 0.029
35 45 0.184
35 48 0.196
35 56 0.135
35 69 0.15
35 77 0.167
35 95 0.155
36 88 0.503
36 98 0.724
36 38 1
36 68 0.924
36 40 0.829
36 91 0.859
36 54 0.124
36 72 0.138
36 80 0.176
36 85 0.177
36 60 0.146
36 78 0.094
36 55 0.234
36 56 0.129
36 58 0.231
36 59 0.162
36 89 0.14
36 48 0.176
36 74 0.154
36 83 0.135
36 92 0.121
37 97 0.579
37 55 1
37 92 0.872
37 77 0.591
37 60 0.414
37 64 0.259
37 61 0.517
37 85 0.201
37 93 0.092
37 70 0.232
37 71 0.251
37 45 0.204
37 46 0.135
37 87 0.434
37 38 0.172
37 48 0.172
37 59 0.238
37 49 0.12
37 98 0.161
37 54 0.159
37 62 0.136
37 63 0.126
37 76 0.134
37 78 0.121
37 80 0.176
37 83 0.152
37 88 0.164
37 91 0.187
38 86 0.88
38 62 0.796
38 61 0.67
38 94 0.918
38 43 0.876
38 99 0.693
38 48 0.806
38 55 0.833
38 84 0.951
38 70 1
38 82 0.921
38 51 0.053
38 44 0.9
38 46 0.155
38 72 0.247
38 41 0.282
38 59 0.019
38 67 0.103
38 74 0.195
38 85 0.198
38 45 0.405
38 49 0.133
38 54 0.255
38 83 0.317
38 52 0.147
38 58 0.239
38 89 0.143
38 73 0.14
38 78 0.125
38 91 0.162
38 93 0.15
39 71 0.523
39 81 1
39 59 0.726
39 94 0.652
39 41 0.448
39 46 0.171
39 65 0.294
39 74 0.199
39 88 0.082
39 53 0.164
39 84 0.162
39 86 0.023
39 75 0.142
39 95 0.172
40 66 0.765
40 53 1
40 72 1
40 82 0.819
40 96 0.855
40 44 0.946
40 62 1
40 67 0.933
40 56 0.408
40 51 0.597
40 90 0.06
40 43 0.097
40 50 0.165
40 70 0.147
40 57 0.036
40 81 0.362
40 86 0.463
40 95 0.198
40 49 0.218
40 64 0.169
40 80 0.199
40 84 0.388
40 52 0.144
40 54 0.239
40 61 0.155
40 71 0.109
40 91 0.151
40 98 0.095
41 49 0.932
41 43 0.924
41 54 0.674
41 99 0.764
41 75 0.928
41 73 1
41 86 0.889
41 87 1
41 58 0.672
41 72 0.049
41 83 0.226
41 74 0.388
41 50 0.175
41 65 0.036
41 89 0.084
41 59 0.275
41 71 0.167
41 61 0.175
41 45 0.125
41 47 0.116
41 48 0.095
41 52 0.143
41 64 0.167
41 93 0.198
42 80 0.78
42 71 0.993
42 88 0.753
42 94 0.865
42 92 0.872
42 74 0.381
42 70 0.844
42 51 1
42 90 1
42 60 0.665
42 55 0.592
42 79 0.138
42 53 0.476
42 52 0.316
42 63 0.26
42 96 0.19
42 87 0.175
42 44 0.163
42 67 0.036
42 46 0.147
42 76 0.189
42 81 0.174
42 84 0.183
42 95 0.134
43 96 1
43 88 0.931
43 90 0.852
43 49 0.693
43 45 0.97
43 99 0.476
43 52 0.943
43 54 0.425
43 84 0.239
43 93 0.278
43 65 0.053
43 69 0.027
43 81 0.257
43 94 0.096
43 48 0.132
43 58 0.209
43 87 0.113
43 51 0.146
43 56 0.124
43 60 0.157
43 70 0.109
43 78 0.157
43 98 0.167
44 47 0.971
44 53 0.725
44 48 0.731
44 85 0.87
44 64 0.59
44 77 0.963
44 52 0.652
44 78 1
44 91 0.864
44 92 0.165
44 59 0.532
44 67 0.352
44 79 0.248
44 82 0.24
44 72 0.259
44 54 0.159
44 68 0.155
44 89 0.097
44 49 0.07
44 51 0.124
44 58 0.179
44 65 0.151
44 73 0.153
45 85 0.973
45 61 0.896
45 69 0.438
45 75 0.528
45 86 0.962
45 76 0.582
45 55 0.162
45 68 0.435
45 57 0.111
45 98 0.434
45 50 0.124
45 49 0.094
45 52 0.16
45 65 0.132
45 96 0.219
45 63 0.173
45 72 0.135
45 73 0.224
45 78 0.159
45 91 0.152
45 99 0.187
46 63 0.9
46 90 0.71
46 99 0.695
46 96 0.691
46 94 0.8
46 80 0.688
46 71 0.357
46 53 0.042
46 62 0.28
46 83 0.157
46 54 0.079
46 69 0.225
46 50 0.176
46 84 0.194
46 59 0.124
46 78 0.176
46 56 0.134
46 61 0.132
46 77 0.21
46 79 0.133
46 82 0.173
46 89 0.221
46 93 0.184
47 58 0.798
47 48 0.682
47 84 0.684
47 56 0.621
47 52 0.826
47 91 0.897
47 78 0.781
47 73 0.572
47 93 0.242
47 83 0.13
47 95 0.046
47 61 0.114
47 96 0.442
47 57 0.127
47 60 0.159
47 90 0.155
47 69 0.121
47 70 0.069
47 54 0.167
47 94 0.152
47 98 0.099
48 75 0.751
48 81 0.075
48 88 0.511
48 93 0.466
48 99 0.385
48 70 0.405
48 87 0.204
48 68 0.534
48 76 0.296
48 91 0.006
48 65 0.125
48 66 0.174
48 92 0.444
48 98 0.15
48 51 0.181
48 60 0.173
48 77 0.176
48 82 0.225
48 86 0.166
49 95 0.644
49 97 0.649
49 50 0.254
49 87 0.3
49 65 0.219
49 66 0.464
49 67 0.074
49 69 0.175
49 71 0.132
49 84 0.166
49 94 0.176
49 99 0.136
50 72 0.648
50 83 0.874
50 81 0.277
50 67 0.952
50 58 0.842
50 76 0.96
50 57 0.428
50 86 0.3
50 92 0.61
50 70 0.185
50 80 0.222
50 54 0.3
50 71 0.222
50 82 0.165
50 96 0.168
50 63 0.144
50 65 0.37
50 89 0.072
50 90 0.19
50 93 0.133
50 51 0.127
50 62 0.141
50 64 0.174
50 69 0.131
50 75 0.145
50 85 0.152
51 75 1
51 64 0.678
51 68 0.7
51 86 0.845
51 56 0.78
51 95 0.372
51 59 0.158
51 80 0.448
51 57 0.455
51 99 0.321
51 53 0.236
51 55 0.199
51 61 0.111
51 69 0.175
51 72 0.119
51 88 0.127
52 75 1
52 88 0.881
52 54 0.537
52 57 0.452
52 55 0.817
52 82 0.663
52 66 0.671
52 80 0.221
52 61 0.262
52 95 0.338
52 76 0.281
52 78 0.176
52 81 0.268
52 90 0.154
52 59 0.139
53 69 0.765
53 99 0.642
53 88 0.794
53 77 0.608
53 71 0.493
53 97 0.132
53 63 0.135
53 74 0.216
53 59 0.194
53 65 0.094
53 66 0.128
53 75 0.183
53 93 0.207
54 73 0.415
54 57 0.634
54 65 0.68
54 62 0.827
54 75 0.532
54 61 0.179
54 96 0.272
54 68 0.094
54 85 0.317
54 84 0.424
54 97 0.072
54 55 0.265
54 71 0.185
54 67 0.158
54 88 0.128
55 60 0.982
55 90 0.846
55 67 0.591
55 58 0.733
55 81 0.55
55 70 0.684
55 59 0.461
55 95 0.288
55 66 0.078
55 92 0.323
55 85 0.237
55 98 0.086
55 93 0.188
55 87 0.177
55 71 0.2
55 73 0.12
56 57 0.704
56 75 0.814
56 88 0.647
56 81 0.806
56 87 0.982
56 94 0.963
56 60 0.97
56 67 0.55
56 78 0.273
56 61 0.54
56 63 0.8
56 71 0.578
56 86 0.112
56 97 0.098
56 77 0.175
56 62 0.063
56 92 0.195
56 72 0.2
56 93 0.089
56 68 0.153
56 73 0.166
56 82 0.103
56 58 0.139
56 65 0.112
56 90 0.137
57 67 0.38
57 60 1
57 65 0.944
57 80 0.814
57 93 0.764
57 76 0.426
57 85 0.35
57 89 0.066
57 91 0.249
57 98 0.002
57 87 0.12
57 75 0.161
57 94 0.167
57 97 0.137
58 79 1
58 75 0.908
58 99 1
58 95 0.714
58 83 0.549
58 80 0.459
58 69 0.315
58 60 0.25
58 77 0.196
58 73 0.223
58 92 0.109
58 98 0.019
58 66 0.079
58 70 0.142
58 71 0.169
58 76 0.151
58 93 0.141
59 62 0.549
59 73 0.967
59 88 0.69
59 76 0.911
59 66 0.659
59 91 0.612
59 70 0.085
59 93 0.43
59 95 0.103
59 98 0.092
59 89 0.154
59 65 0.195
59 69 0.162
59 78 0.168
59 99 0.149
59 80 0.143
59 96 0.109
60 75 0.51
60 90 0.879
60 85 0.966
60 77 0.75
60 73 1
60 78 0.154
60 63 0.144
60 68 0.023
60 96 0.083
60 67 0.175
60 70 0.164
60 79 0.12
60 80 0.137
60 95 0.149
60 97 0.197
61 76 0.87
61 90 1
61 98 0.875
61 93 1
61 65 0.922
61 77 0.106
61 70 0.305
61 80 0.55
61 66 0.183
61 89 0.179
61 91 0.055
61 71 0.157
61 72 0.161
61 81 0.003
61 82 0.13
61 99 0.086
62 87 0.739
62 66 0.829
62 71 1
62 95 0.988
62 97 0.972
62 93 0.517
62 78 0.204
62 92 0.157
62 72 0.151
62 77 0.058
62 65 0.096
62 67 0.188
62 81 0.133
62 83 0.231
62 70 0.27
62 86 0.008
62 90 0.133
62 74 0.168
62 85 0.139
63 82 0.642
63 98 0.966
63 81 1
63 74 0.438
63 72 0.313
63 65 0.011
63 77 0.3
63 90 0.105
63 94 0.159
63 99 0.292
63 86 0.134
63 95 0.08
63 84 0.154
63 87 0.13
63 88 0.152
63 93 0.121
64 71 0.821
64 76 0.647
64 94 1
64 69 0.041
64 87 0.784
64 70 0.141
64 84 0.097
64 65 0.003
64 93 0.138
64 83 0.168
64 85 0.115
64 89 0.156
65 67 0.849
65 95 0.663
65 94 0.937
65 88 0.044
65 77 0.339
65 73 0.392
65 87 0.058
65 99 0.436
65 80 0.05
65 86 0.252
65 68 0.111
65 91 0.151
65 72 0.208
65 85 0.165
65 96 0.084
66 88 0.998
66 98 0.784
66 91 0.785
66 74 0.931
66 89 0.365
66 75 0.347
66 83 0.246
66 92 0.182
66 80 0.229
66 67 0.139
66 85 0.311
66 94 0.086
66 72 0.186
66 81 0.131
67 78 0.861
67 91 0.509
67 79 0.074
67 97 0.143
67 68 0.206
67 86 0.092
67 90 0.172
68 95 0.789
68 97 0.531
68 85 0.732
68 94 1
68 99 0.254
68 71 0.303
68 81 0.121
68 70 0.118
68 78 0.17
68 80 0.156
68 83 0.13
68 89 0.109
69 82 0.996
69 70 0.75
69 88 0.662
69 84 0.619
69 89 1
69 99 0.691
69 71 0.189
69 80 0.37
69 81 0.18
69 97 0.164
69 72 0.345
69 77 0.236
69 95 0.201
69 85 0.216
69 94 0.142
69 79 0.132
69 93 0.094
70 84 0.562
70 90 0.6
70 71 1
70 96 0.888
70 85 0.614
70 83 0.274
70 77 0.091
71 87 0.476
71 79 0.704
71 73 0.321
71 74 0.258
71 78 0.162
71 75 0.176
71 89 0.16
71 98 0.194
71 72 0.141
71 88 0.147
71 93 0.13
72 85 1
72 74 0.782
72 77 0.546
72 78 0.779
72 86 0.205
72 83 0.173
72 99 0.143
72 76 0.117
73 90 0.718
73 91 0.503
73 84 1
73 83 0.024
73 93 0.054
73 74 0.413
73 99 0.131
73 89 0.169
74 95 1
74 77 0.684
74 76 0.164
74 96 0.009
74 80 0.088
74 87 0.235
74 91 0.163
74 78 0.067
74 93 0.127
74 81 0.155
75 92 0.862
75 91 0.204
75 98 0.327
75 99 0.128
75 96 0.128
76 77 1
76 81 0.726
76 88 1
76 85 0.076
76 84 0.23
76 96 0.156
76 95 0.075
76 80 0.167
77 81 0.75
77 97 1
77 93 0.95
77 91 0.172
77 99 0.209
77 89 0.085
77 79 0.077
78 92 0.759
78 83 0.854
78 94 0.639
78 79 0.554
78 82 0.717
78 90 0.243
78 85 0.035
78 93 0.218
78 84 0.27
78 80 0.286
78 99 0.192
79 91 1
79 87 0.942
79 82 0.711
79 94 0.859
79 84 0.882
79 80 0.249
79 89 0.051
79 97 0.246
79 90 0.085
80 81 0.846
80 88 0.973
80 97 0.477
80 92 0.04
80 90 0.119
80 99 0.32
80 84 0.174
80 87 0.142
81 84 0.764
81 92 0.844
81 88 0.337
81 86 0.073
81 83 0.14
82 83 0.716
82 88 0.642
82 97 0.18
82 89 0.006
82 94 0.165
83 87 0.448
83 91 0.742
83 93 0.238
83 95 0.295
83 85 0.169
83 98 0.206
84 90 0.846
84 92 0.678
84 99 0.796
84 88 0.949
84 85 0.141
84 91 0.152
84 94 0.146
84 97 0.161
85 88 0.762
85 91 0.586
85 98 0.097
85 94 0.137
85 97 0.189
85 95 0.154
85 87 0.156
85 89 0.15
86 95 0.845
86 88 0.141
86 94 0.194
86 91 0.106
86 98 0.251
87 95 0.767
87 94 0.258
87 98 0.3
87 92 0.139
88 89 0.123
88 98 0.145
89 91 0.8
89 95 0.211
89 92 0.116
89 99 0.188
90 99 0.48
91 95 0.575
91 92 0.306
91 94 0.083
91 93 0.109
92 95 0.761
92 96 0.373
92 98 0.178
93 96 0.103
93 95 0.134
93 99 0.138
94 96 0.173
95 96 0.171
95 97 0.174
96 98 0.87
96 97 0.091
