0 42 0.781
0 91 1
0 38 0.458
0 12 0.745
0 59 0.969
0 76 0.135
0 93 1
0 92 0.538
0 80 0.815
0 26 0.879
0 63 0.622
0 45 0.474
0 87 0.645
0 85 0.496
0 68 0.577
0 34 0.017
0 54 0.155
0 81 0.089
0 40 0.17
0 44 0.272
0 78 0.27
0 7 0.395
0 36 0.071
0 77 0.12
0 14 0.122
0 98 0.037
0 69 0.29
0 83 0.235
0 1 0.072
0 16 0.349
0 82 0.157
0 99 0.279
0 74 0.06
0 96 0.144
0 19 0.182
0 46 0.103
0 61 0.146
0 70 0.176
1 35 0.732
1 3 0.499
1 7 0.303
1 82 0.59
1 73 1
1 74 0.943
1 86 0.501
1 27 0.804
1 90 0.689
1 94 0.701
1 88 0.778
1 55 0.734
1 12 0.615
1 28 0.054
1 78 0.353
1 43 0.31
1 57 0.023
1 81 0.036
1 42 0.135
1 75 0.147
1 79 0.156
1 6 0.173
1 13 0.179
1 18 0.124
1 39 0.209
1 47 0.16
1 50 0.181
1 54 0.1
1 61 0.217
1 66 0.144
1 83 0.113
1 89 0.147
1 96 0.157
2 75 1
2 81 0.771
2 7 0.96
2 42 1
2 63 0.903
2 76 0.569
2 64 0.793
2 29 1
2 27 0.907
2 54 0.447
2 87 0.494
2 20 0.277
2 82 0.237
2 18 0.313
2 99 0.038
2 80 0.281
2 83 0.428
2 94 0.714
2 8 0.19
2 47 0.345
2 50 0.182
2 88 0.284
2 35 0.133
2 72 0.182
2 59 0.196
2 79 0.106
2 86 0.334
2 17 0.141
2 34 0.029
2 97 0.133
2 14 0.152
2 24 0.13
2 41 0.14
2 52 0.143
2 67 0.137
2 77 0.146
3 81 0.856
3 82 1
3 13 0.648
3 43 0.73
3 16 0.536
3 71 1
3 30 1
3 38 1
3 76 0.806
3 37 0.721
3 21 0.377
3 85 0.042
3 92 0.385
3 58 0.542
3 78 0.064
3 97 0.012
3 25 0.172
3 10 0.203
3 23 0.153
3 65 0.16
3 6 0.13
3 8 0.299
3 42 0.211
3 51 0.31
3 62 0.101
3 84 0.05
3 11 0.052
3 15 0.103
3 39 0.193
3 90 0.223
3 91 0.023
3 45 0.069
3 47 0.192
3 49 0.173
3 69 0.108
3 73 0.169
3 99 0.161
4 43 0.724
4 65 0.919
4 54 0.74
4 62 0.515
4 48 0.811
4 15 0.879
4 23 0.954
4 20 0.554
4 79 0.554
4 88 0.611
4 94 0.598
4 64 0.36
4 44 0.284
4 30 0.377
4 39 0.083
4 67 0.259
4 76 0.031
4 24 0.043
4 36 0.012
4 61 0.021
4 83 0.045
4 92 0.108
4 28 0.187
4 47 0.179
4 58 0.079
4 82 0.132
4 17 0.192
4 19 0.189
4 27 0.162
4 56 0.165
4 74 0.143
5 89 0.845
5 25 0.748
5 79 0.73
5 56 0.66
5 44 0.785
5 26 0.637
5 85 0.351
5 90 0.288
5 11 0.654
5 57 0.425
5 18 0.117
5 73 0.044
5 70 0.11
5 98 0.823
5 7 0.092
5 37 0.206
5 39 0.175
5 47 0.356
5 48 0.133
5 53 0.138
5 65 0.147
5 94 0.182
5 67 0.216
5 86 0.221
5 28 0.278
5 33 0.284
5 34 0.2
5 60 0.114
5 68 0.123
5 88 0.118
5 17 0.134
5 40 0.214
5 51 0.108
5 77 0.166
5 91 0.149
6 69 0.93
6 33 0.938
6 46 0.718
6 7 0.722
6 15 0.863
6 66 0.749
6 63 0.839
6 58 0.589
6 18 0.509
6 87 0.472
6 16 0.099
6 28 0.544
6 88 0.237
6 75 0.015
6 27 0.451
6 32 0.209
6 19 0.19
6 31 0.006
6 9 0.107
6 56 0.178
6 79 0.392
6 84 0.373
6 95 0.101
6 24 0.117
6 39 0.356
6 45 0.205
6 29 0.13
6 96 0.068
6 60 0.168
6 70 0.189
6 72 0.162
6 86 0.204
6 62 0.192
6 80 0.143
6 81 0.158
6 97 0.138
7 82 0.786
7 77 0.88
7 27 0.821
7 86 0.65
7 15 0.938
7 16 0.921
7 26 0.99
7 8 0.983
7 91 0.973
7 22 0.613
7 87 0.101
7 79 0.4
7 90 0.085
7 35 0.659
7 89 0.26
7 49 0.128
7 19 0.034
7 32 0.009
7 43 0.398
7 30 0.135
7 69 0.233
7 76 0.177
7 10 0.2
7 36 0.139
7 55 0.097
7 58 0.127
7 65 0.152
7 83 0.221
7 95 0.262
7 11 0.178
7 21 0.154
7 33 0.192
7 52 0.17
7 54 0.172
7 81 0.16
7 20 0.105
7 23 0.147
7 25 0.151
7 63 0.164
7 70 0.212
7 94 0.173
7 96 0.135
8 80 0.785
8 45 1
8 44 0.853
8 62 0.635
8 91 0.809
8 36 0.154
8 23 0.325
8 75 0.127
8 84 0.012
8 37 0.192
8 58 0.301
8 15 0.33
8 48 0.17
8 18 0.281
8 10 0.237
8 27 0.186
8 55 0.293
8 65 0.026
8 93 0.074
8 89 0.145
8 95 0.203
8 21 0.15
8 28 0.161
8 30 0.155
8 33 0.12
8 52 0.153
8 63 0.137
8 83 0.114
9 89 0.828
9 53 0.805
9 33 0.648
9 25 1
9 71 0.333
9 12 0.707
9 32 0.927
9 68 0.638
9 63 0.543
9 61 0.938
9 20 0.746
9 83 0.657
9 88 0.732
9 22 0.272
9 96 0.231
9 50 0.032
9 82 0.346
9 55 0.068
9 79 0.054
9 56 0.108
9 64 0.36
9 36 0.199
9 59 0.293
9 85 0.169
9 28 0.043
9 44 0.122
9 45 0.242
9 43 0.131
9 48 0.147
9 73 0.156
9 80 0.026
9 98 0.103
9 18 0.154
9 19 0.114
9 26 0.184
9 30 0.128
9 31 0.156
9 52 0.111
9 54 0.117
9 93 0.11
10 60 1
10 33 0.805
10 81 0.805
10 42 0.475
10 84 1
10 57 0.871
10 80 0.899
10 97 0.667
10 24 0.636
10 52 0.385
10 59 0.442
10 43 0.223
10 56 0.615
10 86 0.235
10 65 0.507
10 28 0.423
10 72 0.228
10 85 0.09
10 31 0.149
10 77 0.118
10 98 0.092
10 12 0.288
10 27 0.154
10 79 0.144
10 26 0.157
10 46 0.15
10 71 0.113
11 29 0.724
11 60 0.892
11 50 0.581
11 68 0.838
11 47 1
11 49 0.941
11 55 1
11 77 0.766
11 78 0.84
11 41 0.329
11 85 0.326
11 91 0.112
11 14 0.107
11 57 0.042
11 59 0.136
11 83 0.293
11 12 0.19
11 23 0.201
11 26 0.038
11 39 0.171
11 56 0.165
11 58 0.085
11 61 0.116
11 71 0.1
11 36 0.213
11 40 0.12
11 46 0.049
11 63 0.165
11 73 0.252
11 93 0.143
11 95 0.076
11 17 0.174
11 21 0.123
11 27 0.177
11 43 0.142
11 45 0.137
11 52 0.127
11 86 0.152
11 97 0.148
12 53 0.942
12 34 0.79
12 28 0.722
12 71 0.832
12 58 0.742
12 87 0.884
12 25 1
12 88 0.412
12 91 0.736
12 17 0.593
12 38 0.552
12 14 0.429
12 83 0.687
12 20 0.178
12 37 0.215
12 39 0.655
12 29 0.268
12 47 0.19
12 55 0.132
12 49 0.076
12 61 0.155
12 72 0.246
12 26 0.326
12 27 0.11
12 63 0.157
12 65 0.142
12 66 0.174
12 67 0.161
12 99 0.105
12 18 0.134
12 19 0.142
12 48 0.148
12 73 0.149
12 85 0.159
13 90 0.739
13 79 0.736
13 93 1
13 52 0.655
13 75 0.933
13 65 0.445
13 38 0.822
13 64 0.621
13 83 0.79
13 60 0.573
13 97 0.638
13 62 0.182
13 18 0.13
13 61 0.549
13 25 0.289
13 43 0.195
13 53 0.312
13 55 0.129
13 68 0.462
13 44 0.171
13 48 0.242
13 51 0.265
13 73 0.131
13 89 0.132
13 92 0.179
13 35 0.117
13 50 0.168
13 59 0.031
13 67 0.032
13 78 0.253
13 81 0.028
13 95 0.14
13 26 0.173
13 31 0.184
13 72 0.175
13 82 0.099
14 50 0.452
14 59 0.344
14 43 1
14 51 0.749
14 41 0.649
14 18 0.676
14 19 0.925
14 79 0.907
14 37 0.961
14 90 0.175
14 98 0.152
14 46 0.331
14 92 0.09
14 99 0.092
14 15 0.184
14 23 0.219
14 88 0.358
14 16 0.09
14 69 0.284
14 27 0.154
14 57 0.197
14 63 0.022
14 83 0.016
14 36 0.229
14 68 0.108
14 72 0.149
14 80 0.141
14 91 0.165
14 20 0.164
14 48 0.109
14 52 0.162
14 56 0.148
14 76 0.091
14 94 0.1
15 32 0.848
15 69 1
15 90 0.843
15 57 1
15 59 0.761
15 66 0.651
15 95 0.723
15 36 0.661
15 96 1
15 60 0.41
15 28 0.739
15 45 0.331
15 19 0.153
15 53 0.505
15 97 0.278
15 29 0.197
15 49 0.183
15 51 0.151
15 78 0.097
15 38 0.34
15 48 0.177
15 72 0.14
15 31 0.134
15 50 0.15
15 68 0.02
15 23 0.165
15 33 0.053
15 44 0.187
15 62 0.104
15 70 0.174
15 80 0.234
15 85 0.114
15 18 0.111
16 71 0.864
16 50 0.175
16 98 1
16 87 0.883
16 85 0.528
16 67 0.121
16 40 0.199
16 59 0.784
16 58 0.401
16 72 0.278
16 63 0.242
16 54 0.218
16 33 0.032
16 60 0.164
16 61 0.233
16 78 0.183
16 23 0.507
16 83 0.194
16 53 0.232
16 92 0.113
16 26 0.137
16 47 0.155
16 65 0.14
16 89 0.237
16 18 0.142
16 42 0.032
16 52 0.157
16 79 0.17
16 97 0.142
16 29 0.149
16 39 0.301
16 77 0.163
16 27 0.194
16 62 0.147
16 68 0.173
16 80 0.159
17 94 1
17 98 0.828
17 53 0.757
17 44 0.255
17 56 0.94
17 84 0.738
17 65 0.641
17 90 0.932
17 48 0.769
17 57 0.967
17 69 0.235
17 21 0.231
17 63 0.063
17 35 0.2
17 55 0.136
17 61 0.099
17 74 0.199
17 75 0.257
17 30 0.274
17 54 0.215
17 81 0.245
17 33 0.349
17 34 0.027
17 52 0.202
17 59 0.172
17 89 0.161
17 29 0.208
17 50 0.143
18 40 0.653
18 66 0.685
18 80 0.828
18 69 0.869
18 68 0.597
18 62 0.618
18 93 0.495
18 82 1
18 85 1
18 97 0.847
18 67 0.873
18 81 0.946
18 99 0.936
18 41 0.636
18 48 0.875
18 54 0.786
18 45 0.739
18 37 0.402
18 19 0.681
18 94 0.727
18 53 0.292
18 38 0.042
18 32 0.177
18 21 0.375
18 52 0.263
18 64 0.044
18 75 0.114
18 51 0.254
18 73 0.064
18 27 0.048
18 26 0.209
18 72 0.174
18 50 0.159
18 56 0.161
18 65 0.169
18 88 0.181
18 96 0.167
19 27 0.686
19 23 0.835
19 29 0.861
19 24 0.782
19 34 0.953
19 47 0.769
19 71 0.889
19 75 0.885
19 74 0.512
19 56 1
19 58 0.566
19 52 0.717
19 94 0.694
19 91 0.03
19 30 0.148
19 37 0.102
19 53 0.079
19 92 0.171
19 40 0.096
19 85 0.167
19 20 0.156
19 32 0.086
19 46 0.049
19 67 0.201
19 79 0.141
19 41 0.146
19 45 0.125
19 73 0.145
19 89 0.147
19 93 0.159
20 54 1
20 25 0.777
20 21 0.858
20 60 0.751
20 74 0.66
20 96 0.799
20 49 0.729
20 35 0.619
20 28 0.933
20 85 0.127
20 29 1
20 99 0.591
20 82 0.832
20 84 1.0
20 75 0.625
20 67 0.639
20 45 0.613
20 46 0.551
20 52 0.055
20 56 0.544
20 31 0.075
20 57 0.107
20 69 0.232
20 59 0.287
20 61 0.158
20 80 0.173
20 47 0.145
20 64 0.16
20 71 0.165
20 98 0.11
20 34 0.172
20 37 0.153
20 40 0.156
20 43 0.062
20 86 0.154
20 88 0.214
21 83 0.962
21 24 0.929
21 67 0.763
21 69 0.883
21 41 0.922
21 76 0.946
21 55 0.944
21 52 0.898
21 95 0.801
21 56 0.52
21 25 0.928
21 22 0.339
21 26 0.354
21 90 0.66
21 34 0.775
21 39 0.484
21 61 0.444
21 81 0.065
21 58 0.216
21 99 0.122
21 47 0.153
21 75 0.134
21 88 0.093
21 96 0.12
21 97 0.183
21 98 0.346
21 66 0.13
21 87 0.127
21 91 0.212
21 36 0.186
21 64 0.182
21 86 0.116
21 28 0.139
21 44 0.138
21 71 0.103
22 91 1
22 74 0.87
22 92 0.547
22 36 0.923
22 38 0.888
22 94 0.977
22 79 0.865
22 70 0.878
22 73 0.133
22 58 0.808
22 51 0.449
22 27 0.215
22 84 0.675
22 52 0.147
22 81 0.145
22 83 0.138
22 30 0.094
22 45 0.138
22 48 0.232
22 24 0.162
22 34 0.128
22 75 0.216
22 37 0.185
22 93 0.119
22 98 0.186
23 84 0.578
23 62 0.9
23 80 0.724
23 97 0.43
23 25 0.922
23 79 0.963
23 56 0.717
23 24 0.594
23 38 0.317
23 98 0.7
23 57 0.005
23 32 0.754
23 96 0.53
23 28 0.234
23 58 0.415
23 66 0.334
23 86 0.183
23 40 0.281
23 76 0.401
23 95 0.024
23 60 0.102
23 63 0.173
23 85 0.102
23 88 0.235
23 90 0.26
23 53 0.244
23 64 0.205
23 30 0.16
23 45 0.203
23 54 0.128
23 82 0.098
23 91 0.115
23 93 0.127
24 62 0.97
24 93 0.727
24 34 0.628
24 64 0.844
24 27 0.555
24 90 0.376
24 45 0.196
24 86 0.177
24 88 0.34
24 37 0.258
24 51 0.152
24 66 0.058
24 75 0.055
24 79 0.208
24 80 0.192
24 91 0.115
24 36 0.178
24 50 0.15
24 67 0.106
24 68 0.162
24 74 0.119
24 84 0.247
24 46 0.162
24 47 0.188
24 72 0.162
24 73 0.107
24 99 0.122
25 47 0.925
25 27 0.987
25 29 1
25 59 0.971
25 68 1
25 97 0.95
25 33 1
25 50 0.743
25 93 0.513
25 75 0.376
25 34 0.656
25 35 0.181
25 55 0.851
25 37 0.341
25 45 0.148
25 44 0.225
25 67 0.122
25 82 0.298
25 54 0.119
25 69 0.126
25 88 0.18
25 94 0.021
25 38 0.155
25 53 0.165
25 64 0.158
25 66 0.127
26 60 0.97
26 93 0.66
26 39 0.971
26 89 0.653
26 80 0.441
26 88 0.83
26 42 0.672
26 36 0.973
26 94 0.535
26 57 0.208
26 38 0.189
26 51 0.188
26 85 0.166
26 32 0.216
26 62 0.276
26 27 0.132
26 59 0.356
26 74 0.264
26 78 0.187
26 29 0.149
26 72 0.348
26 91 0.188
26 97 0.202
26 30 0.151
26 34 0.198
26 41 0.131
26 55 0.151
26 58 0.139
26 61 0.121
26 66 0.142
26 70 0.164
27 70 0.656
27 64 1
27 98 0.724
27 54 0.867
27 34 1
27 79 0.13
27 42 0.267
27 43 0.349
27 99 0.436
27 67 0.309
27 74 0.194
27 76 0.152
27 32 0.102
27 33 0.1
27 46 0.1
27 57 0.355
27 80 0.26
27 44 0.272
27 75 0.387
27 91 0.289
27 47 0.026
27 71 0.156
27 88 0.141
27 37 0.202
27 41 0.12
27 58 0.132
27 62 0.165
27 86 0.126
28 79 0.813
28 42 0.939
28 92 0.921
28 71 0.816
28 59 0.98
28 84 0.806
28 31 0.865
28 52 0.459
28 83 0.293
28 37 0.109
28 50 0.324
28 63 0.253
28 95 0.229
28 94 0.242
28 32 0.282
28 33 0.236
28 39 0.152
28 47 0.216
28 60 0.089
28 73 0.007
28 90 0.146
28 36 0.182
28 43 0.173
28 46 0.149
28 58 0.128
28 66 0.147
28 70 0.182
28 78 0.177
28 91 0.178
28 99 0.193
29 49 0.579
29 84 1
29 83 0.707
29 52 0.888
29 65 0.554
29 54 0.792
29 70 0.705
29 61 0.727
29 77 0.649
29 92 0.575
29 68 1
29 46 0.072
29 30 0.471
29 47 0.241
29 64 0.089
29 82 0.286
29 42 0.025
29 85 0.081
29 44 0.204
29 50 0.124
29 59 0.14
29 66 0.148
29 55 0.145
29 80 0.042
29 31 0.165
29 33 0.17
29 36 0.133
29 40 0.149
29 57 0.166
30 62 0.625
30 45 0.749
30 84 1
30 54 0.857
30 33 1
30 99 0.686
30 37 0.263
30 63 0.056
30 92 0.12
30 42 0.514
30 35 0.424
30 64 0.141
30 76 0.198
30 69 0.154
30 87 0.361
30 95 0.237
30 47 0.144
30 60 0.097
30 61 0.236
30 74 0.164
30 77 0.116
30 82 0.137
30 93 0.17
30 38 0.148
30 49 0.196
30 78 0.173
31 56 0.828
31 73 0.687
31 44 0.837
31 65 0.42
31 94 0.93
31 45 0.845
31 57 0.671
31 67 0.728
31 52 0.668
31 74 0.338
31 83 0.254
31 82 0.07
31 35 0.212
31 55 0.225
31 34 0.282
31 96 0.293
31 75 0.14
31 33 0.123
31 68 0.066
31 95 0.137
31 42 0.203
31 66 0.138
31 72 0.139
31 84 0.151
32 35 1
32 96 0.843
32 62 0.634
32 65 1
32 60 0.55
32 51 0.865
32 58 0.721
32 75 0.503
32 85 0.307
32 92 0.145
32 49 0.061
32 83 0.245
32 76 0.141
32 90 0.098
32 67 0.195
32 77 0.22
32 78 0.027
32 94 0.106
32 99 0.14
32 33 0.165
32 36 0.173
32 45 0.147
32 59 0.18
32 79 0.144
32 88 0.167
33 63 0.905
33 82 0.672
33 36 0.925
33 48 0.983
33 83 0.965
33 64 0.442
33 73 0.165
33 51 0.517
33 75 0.632
33 59 0.327
33 77 0.481
33 87 0.464
33 49 0.272
33 52 0.232
33 46 0.231
33 68 0.067
33 81 0.082
33 61 0.623
33 40 0.27
33 45 0.185
33 44 0.171
33 47 0.095
33 65 0.106
33 37 0.166
33 66 0.135
33 71 0.117
33 74 0.177
34 73 0.804
34 45 0.812
34 72 0.566
34 88 0.516
34 97 1
34 99 0.8
34 65 0.279
34 69 0.994
34 62 0.34
34 74 0.937
34 64 0.867
34 36 0.728
34 94 0.527
34 35 0.596
34 93 0.707
34 80 0.518
34 63 0.264
34 44 0.199
34 39 0.339
34 47 0.203
34 51 0.124
34 77 0.01
34 81 0.134
34 96 0.12
35 63 0.938
35 59 0.867
35 39 1
35 65 0.625
35 40 0.895
35 47 0.623
35 83 0.997
35 98 0.81
35 90 0.755
35 45 0.38
35 51 0.593
35 67 0.578
35 93 0.235
35 49 0.213
35 78 0.05
35 85 0.123
35 96 0.309
35 44 0.143
35 81 0.269
35 82 0.055
35 99 0.154
35 64 0.105
35 66 0.153
35 76 0.132
35 79 0.184
35 86 0.131
35 87 0.166
36 88 0.969
36 98 0.8
36 38 0.798
36 68 0.593
36 40 0.769
36 91 1
36 80 0.336
36 42 0.47
36 71 0.065
36 99 0.13
36 82 0.188
36 87 0.391
36 43 0.199
36 56 0.207
36 73 0.322
36 95 0.251
36 44 0.193
36 60 0.17
36 48 0.278
36 83 0.175
36 51 0.134
36 76 0.151
36 78 0.168
36 97 0.218
37 55 1
37 92 0.75
37 77 1
37 61 0.743
37 87 0.788
37 78 0.512
37 83 0.207
37 42 0.154
37 90 0.125
37 67 0.094
37 82 0.183
37 63 0.534
37 71 0.351
37 75 0.38
37 76 0.224
37 68 0.21
37 45 0.161
37 43 0.304
37 79 0.169
37 89 0.137
37 97 0.079
37 39 0.15
37 58 0.19
37 70 0.141
37 72 0.16
38 86 1
38 62 1
38 61 0.865
38 43 0.926
38 99 0.452
38 48 0.762
38 55 0.693
38 84 0.851
38 70 0.923
38 82 1
38 51 0.297
38 44 0.975
38 45 0.588
38 49 0.283
38 91 0.087
38 88 0.151
38 39 0.042
38 47 0.075
38 69 0.27
38 54 0.237
38 71 0.503
38 90 0.211
38 46 0.152
38 50 0.224
38 42 0.159
38 68 0.124
39 81 0.967
39 59 0.647
39 94 0.904
39 98 0.584
39 72 0.082
39 45 0.011
39 67 0.03
39 47 0.217
39 87 0.101
39 69 0.179
39 70 0.231
39 74 0.143
39 75 0.311
39 96 0.049
39 66 0.144
39 88 0.129
39 42 0.142
39 52 0.193
39 77 0.133
39 90 0.206
39 92 0.188
40 53 0.725
40 72 0.755
40 82 0.679
40 96 0.382
40 44 0.795
40 62 1
40 67 0.819
40 51 0.484
40 70 0.184
40 86 0.43
40 64 0.158
40 91 0.031
40 45 0.892
40 95 0.351
40 49 0.371
40 77 0.104
40 69 0.116
40 97 0.195
40 48 0.146
40 56 0.102
40 94 0.131
40 58 0.256
40 61 0.156
40 71 0.142
40 85 0.207
40 87 0.156
40 89 0.115
41 49 0.953
41 43 0.471
41 54 0.303
41 75 0.932
41 73 0.354
41 86 1
41 87 1
41 58 0.77
41 74 0.737
41 50 0.537
41 59 0.449
41 82 0.391
41 56 0.382
41 93 0.1
41 95 0.063
41 69 0.177
41 90 0.188
41 99 0.326
41 45 0.193
41 55 0.178
41 71 0.179
41 77 0.112
41 83 0.165
42 80 0.812
42 71 0.664
42 88 0.63
42 94 0.67
42 92 0.987
42 70 0.991
42 51 0.891
42 90 1
42 60 0.938
42 55 0.412
42 53 0.642
42 52 0.335
42 81 0.367
42 98 0.222
42 59 0.274
42 77 0.433
42 66 0.164
42 69 0.288
42 75 0.091
42 48 0.254
42 54 0.124
42 87 0.09
43 96 0.723
43 88 0.595
43 90 0.918
43 49 0.714
43 45 0.705
43 99 0.131
43 58 0.402
43 68 0.441
43 48 0.127
43 83 0.384
43 61 0.159
43 78 0.194
43 70 0.261
43 77 0.135
43 79 0.118
43 82 0.132
43 86 0.005
43 57 0.323
43 62 0.096
43 44 0.217
43 51 0.159
43 53 0.115
43 89 0.099
44 47 0.993
44 53 0.839
44 48 0.577
44 85 0.608
44 64 0.186
44 77 0.67
44 52 0.664
44 78 1
44 91 1
44 89 0.741
44 83 0.471
44 57 0.061
44 68 0.194
44 71 0.321
44 74 0.413
44 45 0.274
44 50 0.135
44 69 0.092
44 72 0.164
44 86 0.331
44 55 0.163
44 73 0.121
44 87 0.139
44 94 0.172
45 85 0.939
45 61 0.949
45 69 1
45 75 0.665
45 86 0.747
45 76 0.849
45 49 0.218
45 87 0.245
45 59 0.224
45 58 0.282
45 70 0.27
45 66 0.137
45 89 0.224
45 91 0.115
45 96 0.243
45 51 0.116
45 57 0.229
45 78 0.115
45 93 0.11
45 55 0.16
45 82 0.165
45 92 0.155
46 63 0.893
46 90 0.701
46 99 0.678
46 96 0.792
46 94 0.738
46 62 0.296
46 91 0.31
46 56 0.33
46 54 0.085
46 66 0.132
46 75 0.405
46 93 0.136
46 47 0.193
46 55 0.112
46 59 0.254
46 78 0.168
46 73 0.148
46 74 0.15
46 80 0.194
46 81 0.135
47 58 0.827
47 48 0.888
47 84 0.954
47 56 0.931
47 52 0.509
47 91 0.872
47 78 0.851
47 73 0.757
47 93 0.66
47 54 0.568
47 53 0.06
47 70 0.248
47 59 0.407
47 86 0.112
47 50 0.02
47 57 0.278
47 72 0.225
47 76 0.129
47 79 0.049
47 61 0.09
47 81 0.131
48 75 0.629
48 70 0.738
48 68 0.766
48 94 0.025
48 56 0.212
48 64 0.128
48 72 0.117
48 54 0.16
48 69 0.105
48 59 0.151
48 79 0.147
48 82 0.149
48 92 0.127
48 99 0.119
49 95 0.653
49 97 0.767
49 71 0.082
49 77 0.221
49 94 0.261
49 53 0.289
49 83 0.43
49 80 0.259
49 82 0.413
49 74 0.185
49 55 0.15
49 60 0.193
49 67 0.167
49 72 0.163
49 73 0.135
49 75 0.152
49 96 0.189
50 72 0.727
50 83 0.681
50 67 0.991
50 76 0.935
50 54 0.432
50 81 0.084
50 82 0.002
50 88 0.088
50 85 0.205
50 96 0.204
50 97 0.154
50 99 0.026
50 55 0.099
50 56 0.134
50 95 0.218
51 75 0.917
51 68 0.984
51 86 0.859
51 56 0.688
51 80 0.707
51 57 0.585
51 58 0.583
51 63 0.381
51 98 0.151
51 65 0.12
51 71 0.235
51 97 0.141
51 64 0.112
51 72 0.027
51 95 0.218
51 96 0.128
51 60 0.093
51 70 0.166
51 79 0.126
51 87 0.161
52 75 0.971
52 88 1
52 55 0.921
52 82 0.688
52 66 0.735
52 68 0.588
52 96 0.31
52 92 0.054
52 84 0.057
52 65 0.19
52 67 0.181
52 83 0.099
52 80 0.35
52 87 0.027
52 85 0.086
52 98 0.221
52 62 0.125
52 86 0.153
53 69 0.717
53 99 0.678
53 88 0.898
53 77 0.751
53 71 0.591
53 62 0.506
53 80 0.541
53 72 0.259
53 78 0.127
53 83 0.192
53 55 0.396
53 98 0.224
53 59 0.126
53 84 0.238
53 91 0.352
53 96 0.093
53 54 0.24
53 57 0.207
53 70 0.099
53 92 0.149
53 67 0.152
53 73 0.13
53 76 0.183
53 94 0.123
54 57 0.369
54 65 0.831
54 62 0.885
54 75 0.75
54 85 0.323
54 93 0.217
54 97 0.062
54 64 0.332
54 84 0.36
54 78 0.237
54 74 0.127
54 71 0.219
54 82 0.173
54 86 0.143
54 59 0.146
55 60 0.839
55 90 0.618
55 70 1
55 98 0.266
55 61 0.299
55 91 0.199
55 66 0.21
55 94 0.437
55 72 0.154
55 88 0.145
55 92 0.268
55 56 0.166
55 63 0.116
55 79 0.086
55 89 0.158
55 93 0.164
55 97 0.243
56 57 0.436
56 75 0.705
56 88 0.864
56 81 0.794
56 87 0.949
56 94 1
56 60 1
56 61 0.71
56 63 0.793
56 71 0.558
56 84 0.525
56 62 0.236
56 67 0.211
56 83 0.102
56 95 0.146
57 60 1
57 65 0.61
57 80 0.912
57 93 1
57 85 0.464
57 91 0.172
57 96 0.246
57 81 0.128
57 97 0.142
57 66 0.167
57 94 0.264
57 99 0.131
58 79 0.744
58 75 0.832
58 99 0.946
58 95 0.69
58 83 0.362
58 60 0.685
58 70 0.269
58 72 0.24
58 88 0.171
58 68 0.558
58 96 0.221
58 62 0.237
58 67 0.173
58 82 0.137
58 64 0.129
58 80 0.149
58 81 0.182
58 84 0.188
58 94 0.138
59 62 0.813
59 73 0.692
59 88 0.507
59 76 0.825
59 66 0.258
59 91 0.541
59 93 0.86
59 95 0.327
59 65 0.175
59 82 0.322
59 60 0.589
59 72 0.23
59 99 0.07
59 78 0.161
59 81 0.141
59 98 0.158
59 83 0.18
59 85 0.13
60 75 0.682
60 90 0.777
60 85 1
60 73 0.578
60 89 0.423
60 68 0.112
60 66 0.112
60 76 0.165
60 93 0.222
60 95 0.18
60 96 0.107
61 76 0.883
61 90 0.919
61 98 0.591
61 93 0.719
61 65 0.613
61 80 0.533
61 72 0.361
61 73 0.027
61 84 0.267
61 68 0.185
61 75 0.232
61 82 0.531
61 71 0.061
61 87 0.038
62 87 0.592
62 66 0.923
62 71 1
62 97 0.888
62 96 0.534
62 63 0.05
62 67 0.058
62 69 0.254
62 94 0.123
62 70 0.216
62 85 0.034
62 88 0.197
62 89 0.377
62 73 0.121
62 91 0.139
62 83 0.168
62 84 0.139
63 82 1
63 98 0.809
63 81 1
63 80 0.236
63 86 0.057
63 67 0.221
63 64 0.259
63 83 0.052
63 68 0.169
63 70 0.123
63 89 0.103
63 71 0.122
63 78 0.124
63 84 0.095
63 94 0.135
63 95 0.142
64 76 0.613
64 94 0.98
64 87 1
64 80 0.293
64 96 0.378
64 99 0.221
64 74 0.161
64 92 0.138
64 77 0.032
64 73 0.162
64 79 0.125
65 67 0.788
65 95 1
65 94 0.823
65 73 0.515
65 99 0.585
65 91 0.507
65 88 0.045
65 79 0.272
65 98 0.431
65 75 0.159
65 83 0.144
65 92 0.161
65 97 0.16
66 88 0.807
66 98 0.699
66 91 0.934
66 74 0.898
66 83 0.121
66 79 0.352
66 87 0.194
66 84 0.351
66 89 0.502
66 92 0.048
66 68 0.047
66 67 0.301
66 93 0.219
66 94 0.157
66 69 0.123
67 78 1
67 91 0.342
67 94 0.329
67 97 0.302
67 69 0.107
67 80 0.287
67 75 0.119
67 93 0.181
68 95 0.944
68 85 0.621
68 94 0.976
68 73 0.144
68 75 0.077
68 98 0.372
68 93 0.314
68 87 0.143
68 89 0.144
68 81 0.215
69 70 1
69 88 0.888
69 89 0.756
69 99 0.717
69 72 0.503
69 94 0.237
69 75 0.349
69 87 0.148
69 81 0.076
69 71 0.092
69 83 0.162
69 84 0.139
69 95 0.197
69 80 0.17
70 71 0.941
70 96 0.8
70 85 0.939
70 80 0.467
70 95 0.24
70 91 0.079
70 76 0.201
70 75 0.096
71 87 0.631
71 79 0.407
71 89 0.057
71 82 0.184
71 74 0.119
71 75 0.115
71 84 0.154
71 97 0.121
71 91 0.152
71 92 0.156
71 96 0.095
72 85 0.886
72 74 0.689
72 78 0.76
72 80 0.459
72 73 0.254
72 93 0.18
72 88 0.443
72 76 0.135
72 97 0.179
72 99 0.125
73 90 0.675
73 84 0.784
73 89 0.202
73 78 0.146
73 99 0.319
73 88 0.133
73 93 0.169
73 92 0.123
73 97 0.078
74 95 0.634
74 77 1
74 81 0.165
74 88 0.238
74 83 0.27
74 84 0.527
74 76 0.337
74 94 0.097
74 89 0.198
75 92 0.836
75 90 0.172
75 95 0.113
75 88 0.147
75 76 0.203
75 81 0.167
75 86 0.151
76 77 1
76 81 0.547
76 88 0.928
76 80 0.422
76 89 0.138
76 94 0.425
76 83 0.136
76 98 0.191
77 81 0.512
77 97 0.713
77 93 1
77 89 0.145
77 86 0.061
77 95 0.471
77 87 0.117
77 90 0.157
77 88 0.111
77 91 0.138
78 92 1
78 83 0.982
78 94 0.745
78 79 0.554
78 82 0.534
78 87 0.394
78 97 0.182
79 91 0.916
79 87 0.73
79 82 0.943
79 94 0.861
79 84 0.774
79 81 0.176
79 89 0.296
79 98 0.182
79 95 0.15
79 99 0.075
80 81 0.799
80 88 0.501
80 97 0.466
80 83 0.11
80 95 0.289
80 89 0.144
80 85 0.146
81 84 0.784
81 92 1
81 88 0.592
81 99 0.05
81 82 0.141
81 96 0.154
82 83 0.655
82 88 0.593
82 90 0.077
82 91 0.194
82 96 0.214
82 95 0.015
82 85 0.163
82 89 0.155
83 91 0.807
83 96 0.379
83 92 0.144
83 87 0.051
83 89 0.194
83 99 0.121
84 90 0.949
84 92 0.747
84 99 1
84 88 0.617
84 91 0.143
84 85 0.197
85 88 0.663
85 91 0.542
85 97 0.447
85 99 0.19
86 92 0.091
86 94 0.28
87 95 0.805
87 99 0.381
87 89 0.064
87 91 0.127
87 88 0.188
88 95 0.375
88 90 0.112
88 97 0.1
88 99 0.139
89 91 1
89 94 0.08
89 98 0.154
90 99 0.582
90 97 0.188
90 91 0.282
90 92 0.183
91 95 0.129
91 99 0.185
91 97 0.091
91 92 0.135
92 95 0.885
93 94 0.05
94 97 0.354
94 99 0.018
94 98 0.129
94 95 0.182
96 98 1
