0 5 0.553
0 9 0.898
0 14 0.629
0 21 0.882
0 23 1
0 24 0.587
0 29 0.987
0 42 1
0 45 0.65
0 58 0.933
0 60 0.962
0 61 0.858
0 62 0.631
0 63 0.873
0 67 0.633
0 82 0.818
0 89 0.933
0 20 0.212
0 39 0.071
0 55 0.055
0 68 0.236
0 86 0.249
0 30 0.137
0 41 0.37
0 87 0.364
0 22 0.089
0 48 0.115
0 91 0.142
0 95 0.094
0 2 0.166
0 31 0.135
0 49 0.161
0 50 0.166
0 72 0.128
0 76 0.148
0 90 0.15
0 92 0.114
0 97 0.174
1 6 0.8
1 12 0.735
1 27 0.637
1 38 1
1 45 0.809
1 47 0.912
1 50 0.997
1 53 0.642
1 56 0.881
1 63 1
1 65 1
1 69 0.526
1 71 0.92
1 77 0.686
1 83 0.589
1 87 1
1 94 0.897
1 32 0.165
1 61 0.107
1 22 0.17
1 43 0.12
1 89 0.217
1 18 0.231
1 54 0.141
1 62 0.187
1 79 0.139
1 86 0.254
1 98 0.194
1 17 0.171
1 26 0.124
1 39 0.147
1 40 0.135
1 51 0.143
1 59 0.153
1 60 0.127
1 64 0.174
1 66 0.116
1 75 0.125
1 84 0.123
1 88 0.167
2 5 0.673
2 9 0.524
2 25 0.785
2 37 0.982
2 45 0.94
2 50 0.833
2 52 0.858
2 53 0.713
2 57 0.644
2 71 0.957
2 72 0.703
2 74 0.651
2 79 0.84
2 81 0.708
2 90 0.836
2 93 0.986
2 95 0.677
2 96 0.687
2 97 0.691
2 38 0.191
2 32 0.212
2 80 0.177
2 4 0.176
2 46 0.139
2 58 0.128
2 13 0.06
2 19 0.163
2 31 0.126
2 33 0.155
2 49 0.169
2 54 0.138
2 56 0.178
2 59 0.16
2 67 0.157
2 70 0.16
2 82 0.142
2 83 0.132
2 92 0.158
3 6 1
3 8 0.881
3 15 0.787
3 19 0.767
3 29 0.548
3 30 0.723
3 32 0.809
3 45 0.844
3 47 0.564
3 59 1
3 69 0.55
3 81 0.627
3 85 0.606
3 87 0.715
3 88 0.381
3 7 0.088
3 80 0.539
3 18 0.588
3 68 0.005
3 82 0.374
3 62 0.405
3 26 0.057
3 9 0.203
3 13 0.12
3 21 0.07
3 43 0.184
3 66 0.145
3 12 0.143
3 24 0.162
3 35 0.119
3 37 0.123
3 40 0.173
3 42 0.14
3 46 0.149
3 53 0.159
3 56 0.135
3 63 0.158
3 77 0.151
3 86 0.174
3 89 0.189
3 93 0.135
3 97 0.2
4 5 0.791
4 17 0.75
4 25 0.529
4 44 0.681
4 45 0.808
4 52 0.809
4 56 0.58
4 65 0.965
4 70 0.956
4 83 0.723
4 85 0.649
4 87 0.661
4 96 0.913
4 77 0.129
4 99 0.331
4 7 0.335
4 67 0.158
4 12 0.228
4 16 0.013
4 18 0.411
4 26 0.114
4 81 0.108
4 95 0.019
4 98 0.158
4 8 0.124
4 11 0.13
4 20 0.143
4 22 0.152
4 29 0.166
4 33 0.184
4 39 0.167
4 48 0.17
4 51 0.196
4 57 0.158
4 62 0.14
4 66 0.173
4 68 0.169
4 76 0.133
5 11 0.6
5 21 0.76
5 41 1
5 52 0.783
5 71 0.741
5 82 0.711
5 86 0.581
5 87 0.688
5 91 0.626
5 48 0.343
5 54 0.006
5 81 0.118
5 92 0.164
5 30 0.117
5 33 0.145
5 36 0.025
5 55 0.265
5 26 0.093
5 40 0.135
5 53 0.133
5 75 0.121
5 6 0.078
5 24 0.17
5 29 0.152
5 32 0.21
5 34 0.149
5 38 0.244
5 45 0.161
5 58 0.111
5 59 0.088
5 62 0.155
5 63 0.082
5 73 0.089
5 74 0.162
5 97 0.195
5 99 0.116
6 10 0.919
6 20 0.97
6 27 0.606
6 33 0.598
6 38 0.891
6 47 0.863
6 49 0.697
6 50 0.981
6 66 0.881
6 74 0.824
6 77 0.954
6 85 0.779
6 99 0.485
6 12 0.668
6 26 0.149
6 57 0.122
6 79 0.184
6 8 0.218
6 90 0.082
6 7 0.009
6 29 0.366
6 35 0.195
6 37 0.184
6 46 0.123
6 53 0.128
6 56 0.164
6 80 0.138
6 91 0.195
6 92 0.222
6 9 0.113
6 11 0.138
6 16 0.171
6 17 0.152
6 30 0.108
6 41 0.126
6 54 0.177
6 60 0.149
6 62 0.109
6 64 0.197
6 67 0.162
6 68 0.167
6 76 0.15
6 87 0.148
6 89 0.228
7 24 0.788
7 25 0.698
7 31 0.791
7 35 0.919
7 56 1.0
7 59 0.665
7 61 0.502
7 64 0.819
7 75 0.86
7 76 0.788
7 81 0.858
7 83 0.772
7 84 1
7 91 0.822
7 18 0.502
7 48 0.111
7 55 0.268
7 87 0.53
7 96 0.222
7 69 0.201
7 9 0.128
7 21 0.161
7 78 0.162
7 8 0.117
7 13 0.16
7 15 0.146
7 29 0.179
7 33 0.134
7 43 0.243
7 52 0.075
7 65 0.276
7 70 0.138
7 88 0.15
7 16 0.181
7 20 0.129
7 22 0.15
7 27 0.162
7 37 0.132
7 60 0.111
7 80 0.19
8 9 0.965
8 23 0.675
8 30 0.521
8 34 0.771
8 39 0.861
8 42 0.772
8 43 0.614
8 55 0.903
8 56 0.912
8 63 0.865
8 71 0.587
8 72 0.809
8 80 0.741
8 86 0.863
8 87 0.626
8 35 0.103
8 36 0.166
8 53 0.171
8 67 0.144
8 82 0.2
8 94 0.185
8 10 0.142
8 14 0.14
8 16 0.193
8 24 0.163
8 32 0.089
8 62 0.137
8 65 0.162
9 21 0.704
9 25 0.864
9 33 0.859
9 37 0.56
9 39 0.984
9 45 0.571
9 62 0.61
9 63 0.705
9 78 0.837
9 81 0.803
9 89 0.861
9 29 0.25
9 56 0.156
9 70 0.202
9 19 0.167
9 32 0.201
9 35 0.18
9 49 0.136
9 10 0.178
9 20 0.122
9 31 0.171
9 58 0.196
9 60 0.167
9 65 0.145
9 69 0.139
9 72 0.17
9 73 0.122
9 75 0.075
9 76 0.159
9 83 0.117
9 86 0.12
9 87 0.168
9 91 0.201
10 23 0.492
10 37 0.905
10 47 0.866
10 57 0.538
10 59 0.767
10 62 0.719
10 68 0.582
10 72 0.932
10 74 0.866
10 75 0.909
10 91 0.867
10 99 0.572
10 17 0.281
10 40 0.212
10 89 0.105
10 16 0.152
10 31 0.184
10 45 0.147
10 13 0.095
10 14 0.11
10 20 0.157
10 38 0.129
10 41 0.129
10 67 0.169
10 71 0.132
10 90 0.145
11 15 0.758
11 16 0.722
11 21 1
11 23 0.696
11 30 1
11 38 0.767
11 48 0.598
11 56 0.96
11 68 0.549
11 69 0.923
11 74 0.724
11 77 0.636
11 78 0.979
11 79 0.663
11 90 0.657
11 91 0.689
11 93 0.559
11 94 0.646
11 27 0.159
11 87 0.179
11 75 0.132
11 26 0.058
11 42 0.239
11 63 0.175
11 71 0.145
11 81 0.074
11 82 0.149
11 12 0.155
11 17 0.144
11 18 0.117
11 19 0.094
11 25 0.154
11 28 0.169
11 33 0.158
11 37 0.132
11 39 0.179
11 47 0.171
11 52 0.152
11 53 0.164
11 58 0.194
11 65 0.185
11 70 0.21
11 80 0.164
11 84 0.17
11 85 0.128
12 18 0.608
12 26 0.902
12 33 0.544
12 46 0.654
12 51 0.568
12 60 0.781
12 66 0.732
12 84 0.692
12 90 1
12 92 1
12 93 0.621
12 99 0.525
12 77 0.143
12 14 0.226
12 70 0.155
12 97 0.038
12 22 0.192
12 23 0.155
12 25 0.157
12 48 0.182
12 50 0.136
12 55 0.052
12 59 0.09
12 72 0.127
12 73 0.134
12 86 0.163
12 21 0.191
12 43 0.119
12 44 0.154
12 61 0.128
12 67 0.174
12 69 0.159
12 79 0.181
12 82 0.134
13 18 0.744
13 19 0.574
13 26 1
13 44 0.711
13 45 0.648
13 47 1
13 60 0.569
13 65 0.74
13 79 0.643
13 87 0.58
13 92 0.742
13 35 0.147
13 61 0.106
13 41 0.138
13 66 0.135
13 17 0.252
13 59 0.274
13 85 0.169
13 97 0.162
13 21 0.201
13 27 0.141
13 58 0.158
13 69 0.182
13 82 0.113
13 83 0.131
13 91 0.108
13 93 0.156
13 96 0.173
14 16 0.632
14 21 0.972
14 29 0.595
14 30 0.992
14 37 0.939
14 47 0.884
14 49 1
14 51 0.896
14 61 0.802
14 62 0.954
14 65 1
14 66 0.927
14 83 0.529
14 94 0.902
14 95 0.606
14 96 0.689
14 90 0.47
14 15 0.156
14 31 0.133
14 81 0.186
14 98 0.338
14 17 0.114
14 20 0.146
14 28 0.205
14 34 0.13
14 42 0.155
14 44 0.136
14 46 0.173
14 50 0.177
14 53 0.127
14 55 0.145
14 72 0.125
14 76 0.133
14 79 0.167
14 82 0.182
14 88 0.159
14 92 0.14
15 17 0.454
15 20 0.56
15 23 0.889
15 26 0.636
15 28 0.595
15 31 0.607
15 54 0.789
15 61 0.651
15 69 0.506
15 80 1
15 82 1
15 83 0.594
15 86 0.807
15 88 0.791
15 67 0.087
15 87 0.169
15 91 0.103
15 29 0.196
15 45 0.233
15 95 0.236
15 47 0.185
15 48 0.17
15 71 0.111
15 75 0.253
15 85 0.019
15 90 0.337
15 92 0.081
15 98 0.176
15 22 0.189
15 25 0.139
15 34 0.132
15 35 0.167
15 49 0.143
15 51 0.141
15 56 0.23
15 58 0.129
15 60 0.156
15 63 0.156
15 70 0.094
15 76 0.167
16 18 0.373
16 20 0.874
16 23 1
16 30 0.793
16 42 0.505
16 45 0.827
16 49 0.78
16 54 0.473
16 56 0.915
16 58 0.564
16 69 0.642
16 74 0.658
16 79 0.904
16 82 0.696
16 83 0.457
16 88 0.66
16 97 0.811
16 84 0.066
16 33 0.326
16 53 0.121
16 21 0.059
16 35 0.136
16 37 0.116
16 55 0.117
16 80 0.189
16 98 0.175
16 73 0.131
16 94 0.112
16 19 0.168
16 40 0.158
16 61 0.188
17 19 0.809
17 21 0.868
17 24 0.811
17 25 0.952
17 26 0.627
17 28 0.519
17 42 0.676
17 58 0.563
17 78 0.792
17 85 0.734
17 87 1
17 95 0.8
17 98 0.826
17 72 0.006
17 66 0.042
17 54 0.174
17 80 0.017
17 82 0.137
17 39 0.157
17 88 0.151
17 23 0.114
17 33 0.202
17 49 0.122
17 55 0.2
17 62 0.123
17 65 0.144
17 89 0.161
17 92 0.121
18 21 0.68
18 23 0.835
18 31 0.799
18 43 0.819
18 49 0.686
18 60 0.557
18 62 0.851
18 67 0.691
18 68 0.81
18 74 0.883
18 92 0.952
18 90 0.182
18 28 0.358
18 53 0.33
18 61 0.141
18 71 0.105
18 79 0.182
18 94 0.193
18 30 0.219
18 36 0.168
18 55 0.126
18 80 0.125
18 85 0.178
18 96 0.161
18 98 0.143
19 29 0.699
19 31 1
19 36 0.972
19 81 0.599
19 85 0.889
19 98 0.625
19 26 0.13
19 49 0.161
19 95 0.089
19 96 0.049
19 37 0.243
19 52 0.212
19 66 0.058
19 67 0.15
19 68 0.166
19 82 0.155
19 86 0.132
19 89 0.181
19 40 0.147
19 43 0.095
19 47 0.133
19 51 0.195
19 53 0.196
19 55 0.132
19 58 0.165
19 59 0.123
19 62 0.157
19 73 0.15
19 76 0.117
19 77 0.08
19 83 0.177
19 92 0.115
20 21 1
20 22 0.705
20 29 0.655
20 35 0.756
20 36 0.72
20 42 0.518
20 52 0.939
20 55 0.645
20 57 0.673
20 58 0.877
20 65 0.857
20 67 0.596
20 69 0.538
20 79 0.697
20 86 0.742
20 78 0.565
20 30 0.201
20 45 0.216
20 98 0.117
20 23 0.122
20 51 0.188
20 64 0.162
20 89 0.127
20 93 0.198
20 97 0.126
20 99 0.157
20 27 0.152
20 34 0.173
20 40 0.096
20 62 0.141
20 81 0.174
20 84 0.114
20 92 0.151
21 22 1
21 23 0.87
21 27 0.818
21 29 0.572
21 39 1
21 43 0.877
21 53 0.58
21 58 0.513
21 62 0.765
21 63 0.63
21 71 0.938
21 82 0.716
21 86 0.711
21 90 0.886
21 46 0.131
21 52 0.03
21 28 0.178
21 32 0.138
21 76 0.187
21 93 0.143
21 31 0.13
21 35 0.107
21 47 0.133
21 50 0.153
21 57 0.174
21 69 0.132
21 73 0.188
21 74 0.19
21 78 0.17
21 80 0.151
21 87 0.096
21 92 0.112
21 94 0.178
22 30 0.936
22 31 0.712
22 36 0.679
22 37 0.741
22 38 0.988
22 41 0.511
22 48 0.542
22 57 0.748
22 63 1
22 69 0.703
22 72 1
22 83 0.655
22 92 0.291
22 97 0.892
22 75 0.092
22 77 0.122
22 50 0.172
22 61 0.195
22 89 0.146
22 35 0.102
22 43 0.122
22 49 0.151
22 74 0.077
22 85 0.203
22 27 0.129
22 42 0.138
22 54 0.095
22 55 0.153
22 65 0.21
22 66 0.139
22 70 0.149
22 88 0.222
22 93 0.148
22 98 0.119
22 99 0.185
23 26 0.898
23 38 1
23 41 0.938
23 46 0.731
23 65 0.342
23 67 1
23 72 0.962
23 74 1
23 75 0.953
23 82 0.663
23 84 0.914
23 91 0.627
23 92 0.867
23 93 0.5
23 95 1
23 44 0.016
23 29 0.116
23 33 0.136
23 50 0.257
23 56 0.207
23 57 0.168
23 49 0.117
23 54 0.194
23 64 0.107
23 69 0.136
23 71 0.151
23 76 0.144
23 85 0.16
23 86 0.183
23 97 0.21
23 99 0.136
24 39 1
24 49 0.813
24 59 0.616
24 65 0.914
24 75 0.94
24 86 0.792
24 98 0.764
24 28 0.257
24 44 0.051
24 66 0.092
24 69 0.188
24 51 0.192
24 62 0.176
24 72 0.207
24 76 0.231
24 26 0.176
24 36 0.147
24 42 0.115
24 43 0.19
24 45 0.147
24 55 0.165
24 57 0.133
24 58 0.134
24 60 0.121
24 73 0.142
24 77 0.111
24 84 0.139
24 89 0.129
24 90 0.177
24 94 0.125
24 96 0.172
25 44 0.828
25 61 0.701
25 65 0.53
25 78 0.637
25 82 0.929
25 83 0.717
25 85 0.932
25 91 0.704
25 95 0.78
25 52 0.63
25 79 0.102
25 48 0.166
25 50 0.097
25 80 0.137
25 29 0.169
25 62 0.081
25 69 0.202
25 74 0.132
25 77 0.136
25 84 0.16
25 90 0.18
25 28 0.126
25 30 0.185
25 31 0.17
25 37 0.168
25 42 0.212
25 70 0.159
25 97 0.118
26 29 0.742
26 32 0.759
26 33 0.814
26 35 0.714
26 37 0.807
26 44 0.689
26 45 0.648
26 56 0.77
26 57 0.721
26 72 0.739
26 73 0.788
26 78 0.85
26 91 0.929
26 93 1
26 62 0.574
26 51 0.137
26 97 0.114
26 61 0.099
26 76 0.171
26 85 0.152
26 96 0.254
26 28 0.128
26 41 0.172
26 46 0.169
26 63 0.22
26 66 0.151
26 75 0.149
26 80 0.194
27 29 0.722
27 43 1
27 46 1
27 50 0.617
27 82 0.492
27 85 0.739
27 89 0.913
27 92 0.84
27 81 0.132
27 39 0.347
27 69 0.087
27 52 0.172
27 78 0.233
27 90 0.243
27 30 0.063
27 31 0.194
27 59 0.195
27 60 0.168
27 94 0.17
27 96 0.236
27 41 0.131
27 42 0.216
27 71 0.162
27 73 0.125
27 86 0.158
27 87 0.081
28 33 0.92
28 36 1
28 40 0.733
28 42 0.534
28 45 0.621
28 47 0.709
28 91 1
28 99 0.541
28 71 0.061
28 84 0.219
28 96 0.357
28 35 0.137
28 57 0.058
28 63 0.175
28 79 0.106
28 85 0.15
28 97 0.158
28 98 0.097
28 43 0.152
28 56 0.171
28 60 0.167
28 61 0.141
28 75 0.132
28 90 0.118
29 32 0.619
29 35 0.608
29 38 0.602
29 41 0.754
29 44 0.632
29 57 0.602
29 62 0.721
29 65 0.895
29 75 0.513
29 81 1
29 88 0.879
29 97 0.491
29 98 0.813
29 52 0.07
29 54 0.166
29 66 0.183
29 67 0.089
29 33 0.168
29 48 0.113
29 53 0.205
29 55 0.15
29 59 0.12
29 64 0.165
29 72 0.154
29 73 0.154
29 79 0.18
29 82 0.165
29 85 0.176
29 99 0.162
30 35 0.891
30 38 0.984
30 41 1
30 53 0.8
30 54 1
30 61 0.805
30 62 0.82
30 65 0.515
30 67 0.648
30 68 0.691
30 69 0.909
30 77 1
30 83 0.793
30 86 0.652
30 90 0.821
30 79 0.235
30 76 0.156
30 95 0.022
30 33 0.195
30 36 0.17
30 39 0.11
30 40 0.151
30 44 0.154
30 48 0.189
30 50 0.151
30 52 0.172
30 81 0.262
30 92 0.131
30 96 0.165
30 97 0.13
31 32 0.647
31 40 0.594
31 42 0.778
31 64 0.93
31 75 0.862
31 80 0.773
31 90 0.952
31 96 0.624
31 87 0.167
31 39 0.184
31 72 0.102
31 82 0.234
31 88 0.27
31 94 0.161
31 34 0.127
31 43 0.028
31 68 0.018
31 33 0.174
31 35 0.173
31 45 0.128
31 52 0.098
31 66 0.135
31 73 0.188
31 74 0.127
31 81 0.154
31 84 0.178
31 86 0.123
31 91 0.137
31 99 0.199
32 33 0.562
32 51 0.624
32 52 0.771
32 61 0.702
32 62 0.637
32 73 0.436
32 74 0.806
32 90 0.853
32 95 0.573
32 98 0.57
32 99 0.811
32 76 0.546
32 87 0.149
32 38 0.282
32 37 0.12
32 40 0.159
32 50 0.219
32 54 0.222
32 58 0.056
32 36 0.163
32 43 0.128
32 47 0.189
32 56 0.135
32 63 0.11
32 66 0.093
32 72 0.157
32 75 0.144
32 81 0.143
32 84 0.203
33 55 0.921
33 57 0.863
33 66 0.949
33 70 0.646
33 73 0.734
33 78 0.668
33 81 0.586
33 82 0.935
33 87 0.933
33 93 0.772
33 51 0.174
33 80 0.188
33 95 0.18
33 38 0.146
33 43 0.13
33 46 0.122
33 48 0.106
33 49 0.193
33 58 0.179
33 60 0.171
33 74 0.146
33 77 0.145
33 79 0.127
33 88 0.147
33 91 0.098
33 96 0.152
33 98 0.16
34 47 0.916
34 60 0.723
34 70 0.9
34 85 0.87
34 92 0.445
34 99 0.757
34 97 0.172
34 58 0.181
34 66 0.303
34 93 0.155
34 98 0.202
34 38 0.157
34 43 0.176
34 45 0.14
34 52 0.153
34 57 0.153
34 61 0.116
34 63 0.081
34 65 0.154
34 74 0.118
34 77 0.104
34 88 0.12
34 91 0.16
35 43 1
35 47 0.632
35 64 0.597
35 68 0.782
35 70 0.649
35 84 0.964
35 97 0.879
35 95 0.324
35 55 0.096
35 63 0.093
35 40 0.091
35 44 0.003
35 45 0.17
35 41 0.116
35 51 0.275
35 36 0.215
35 50 0.18
35 57 0.135
35 62 0.168
35 65 0.16
35 75 0.13
35 89 0.096
36 43 0.424
36 49 0.601
36 54 0.737
36 58 1
36 60 0.631
36 61 0.649
36 66 0.557
36 67 0.983
36 74 0.845
36 76 0.847
36 79 0.712
36 87 0.852
36 95 0.957
36 98 0.732
36 40 0.056
36 57 0.095
36 39 0.158
36 80 0.153
36 42 0.155
36 46 0.158
36 71 0.174
37 38 0.909
37 41 1
37 48 1
37 59 0.984
37 61 0.891
37 84 0.838
37 85 0.701
37 99 0.672
37 58 0.108
37 43 0.143
37 52 0.161
37 56 0.181
37 68 0.114
37 80 0.184
37 90 0.196
37 98 0.133
38 47 0.504
38 65 0.798
38 98 0.778
38 66 0.373
38 55 0.107
38 59 0.127
38 62 0.342
38 51 0.135
38 84 0.15
38 43 0.197
38 44 0.159
38 45 0.179
38 48 0.156
38 56 0.158
38 75 0.152
38 78 0.178
38 86 0.142
38 92 0.104
38 94 0.197
38 95 0.17
39 45 0.712
39 50 0.77
39 53 0.967
39 55 1
39 63 0.939
39 71 0.93
39 76 1
39 79 0.934
39 81 0.839
39 82 0.803
39 87 0.672
39 94 0.422
39 99 0.733
39 61 0.414
39 43 0.621
39 47 0.163
39 40 0.241
39 89 0.212
39 49 0.152
39 59 0.185
39 74 0.192
39 85 0.178
39 90 0.063
40 46 0.988
40 52 0.985
40 60 0.598
40 84 0.755
40 96 1
40 55 0.122
40 48 0.101
40 76 0.271
40 78 0.141
40 80 0.121
40 49 0.189
40 50 0.146
40 68 0.115
40 69 0.184
40 70 0.192
40 79 0.151
40 88 0.174
41 42 0.984
41 45 0.535
41 58 0.806
41 66 0.929
41 73 0.547
41 85 0.674
41 91 0.984
41 93 0.66
41 95 0.814
41 46 0.159
41 44 0.121
41 50 0.088
41 51 0.084
41 78 0.126
41 84 0.169
41 59 0.18
41 70 0.243
41 72 0.189
41 77 0.119
41 65 0.147
41 67 0.173
42 65 1
42 70 0.849
42 75 0.758
42 92 0.793
42 94 0.846
42 95 0.805
42 97 0.626
42 98 1
42 80 0.266
42 53 0.209
42 82 0.125
42 52 0.092
42 79 0.126
42 83 0.174
42 43 0.171
42 46 0.12
42 47 0.177
42 56 0.193
42 58 0.155
42 73 0.125
42 76 0.154
42 90 0.148
42 96 0.173
42 99 0.15
43 47 0.596
43 53 0.55
43 54 0.773
43 58 1
43 61 1
43 66 1
43 74 0.643
43 76 0.834
43 85 0.514
43 92 0.721
43 96 0.626
43 62 0.15
43 70 0.034
43 63 0.2
43 71 0.09
43 59 0.028
43 67 0.141
43 75 0.171
43 83 0.115
43 57 0.176
43 64 0.167
43 79 0.179
43 93 0.104
44 63 0.924
44 67 0.598
44 71 0.78
44 82 1
44 99 0.558
44 70 0.456
44 89 0.405
44 97 0.335
44 87 0.157
44 50 0.134
44 72 0.129
44 73 0.163
44 80 0.161
44 92 0.115
45 70 1
45 72 0.782
45 87 0.639
45 97 1
45 62 0.168
45 56 0.172
45 68 0.11
45 80 0.149
45 83 0.148
45 47 0.119
45 51 0.14
45 54 0.165
45 63 0.138
45 73 0.236
45 77 0.133
45 93 0.11
46 51 0.76
46 52 0.854
46 61 0.75
46 62 0.725
46 64 0.981
46 65 0.609
46 73 0.737
46 74 0.792
46 81 0.756
46 91 0.755
46 86 0.306
46 57 0.062
46 54 0.064
46 66 0.139
46 71 0.179
46 76 0.151
46 94 0.193
46 98 0.195
46 53 0.114
46 58 0.135
46 59 0.164
46 67 0.203
46 70 0.149
46 72 0.121
46 78 0.197
46 83 0.16
46 85 0.164
47 52 0.567
47 55 0.531
47 67 0.869
47 70 0.541
47 72 0.662
47 78 0.923
47 80 0.503
47 87 0.637
47 89 0.556
47 99 0.592
47 50 0.053
47 86 0.344
47 51 0.191
47 71 0.15
47 73 0.114
47 75 0.157
47 93 0.278
47 98 0.033
47 61 0.16
47 63 0.083
47 66 0.144
47 76 0.165
47 79 0.125
47 97 0.12
48 49 0.812
48 61 0.64
48 68 0.851
48 76 0.684
48 79 0.991
48 80 1
48 82 0.5
48 86 0.954
48 64 0.134
48 98 0.187
48 54 0.092
48 85 0.273
48 51 0.116
48 69 0.165
48 55 0.18
48 57 0.126
48 70 0.161
48 75 0.124
48 77 0.104
48 84 0.161
48 88 0.117
48 90 0.124
49 60 0.552
49 61 0.849
49 72 0.812
49 80 0.774
49 88 0.94
49 89 0.876
49 95 0.507
49 93 0.399
49 98 0.218
49 53 0.026
49 82 0.14
49 50 0.159
49 54 0.126
49 71 0.106
49 73 0.174
49 83 0.167
49 85 0.151
50 52 0.631
50 55 0.822
50 64 0.916
50 65 0.686
50 74 0.846
50 92 0.605
50 66 0.076
50 72 0.157
50 91 0.157
50 89 0.328
50 97 0.154
50 60 0.138
50 54 0.115
50 61 0.145
50 62 0.184
50 73 0.174
50 76 0.11
50 84 0.149
50 85 0.133
50 87 0.164
50 93 0.162
50 95 0.161
51 55 0.741
51 56 0.652
51 65 0.819
51 69 0.752
51 70 0.913
51 78 0.689
51 89 0.606
51 92 0.966
51 74 0.147
51 64 0.186
51 66 0.157
51 95 0.06
51 76 0.141
51 77 0.18
51 79 0.133
51 94 0.078
51 96 0.126
51 97 0.201
52 54 0.826
52 55 0.687
52 58 0.989
52 63 0.747
52 66 1
52 68 0.504
52 70 0.706
52 79 0.708
52 82 0.743
52 87 0.538
52 90 0.737
52 60 0.157
52 71 0.238
52 92 0.205
52 93 0.14
52 57 0.157
52 77 0.159
52 80 0.143
52 84 0.106
52 91 0.129
52 94 0.115
53 56 0.516
53 57 1
53 60 1
53 69 0.914
53 70 0.586
53 72 1
53 76 1
53 77 0.838
53 94 0.833
53 98 0.803
53 58 0.343
53 59 0.185
53 62 0.291
53 68 0.082
53 78 0.205
53 79 0.079
53 85 0.229
53 91 0.297
53 86 0.161
53 87 0.183
53 93 0.151
54 67 0.697
54 80 0.872
54 81 0.624
54 84 0.713
54 94 0.921
54 66 0.36
54 55 0.171
54 56 0.113
54 60 0.315
54 73 0.141
54 85 0.128
54 93 0.068
54 95 0.141
54 97 0.336
54 58 0.131
54 59 0.157
54 82 0.167
54 91 0.141
54 92 0.119
55 57 0.854
55 67 0.768
55 69 1
55 72 0.709
55 77 0.571
55 82 0.781
55 87 0.639
55 99 0.218
55 59 0.047
55 60 0.171
55 76 0.124
55 97 0.063
55 66 0.132
55 81 0.134
55 56 0.08
55 65 0.14
55 73 0.146
55 78 0.174
55 90 0.116
55 94 0.167
56 67 0.735
56 78 0.639
56 81 0.683
56 84 0.513
56 89 0.941
56 91 0.532
56 93 0.654
56 73 0.426
56 64 0.046
56 82 0.153
56 92 0.114
56 95 0.16
56 61 0.115
56 69 0.176
57 64 0.941
57 65 0.783
57 75 0.695
57 77 0.662
57 79 0.687
57 81 0.868
57 96 0.171
57 88 0.103
57 83 0.18
57 70 0.17
57 82 0.177
58 60 0.936
58 65 0.659
58 68 0.634
58 80 0.754
58 81 0.756
58 85 0.655
58 95 0.783
58 96 1
58 88 0.128
58 87 0.158
58 62 0.114
58 72 0.136
58 79 0.135
58 93 0.185
58 98 0.101
59 69 0.908
59 70 0.651
59 96 0.741
59 99 1
59 62 0.141
59 86 0.221
59 83 0.124
59 64 0.095
59 68 0.094
59 74 0.148
59 80 0.142
59 85 0.129
59 91 0.187
60 75 0.788
60 79 0.921
60 83 0.674
60 85 0.886
60 97 0.514
60 70 0.112
60 94 0.193
60 99 0.145
60 78 0.151
60 62 0.183
60 64 0.153
60 66 0.139
60 69 0.165
60 71 0.103
60 84 0.155
60 92 0.111
60 93 0.142
60 96 0.149
61 72 0.804
61 89 0.823
61 92 0.409
61 64 0.456
61 62 0.143
61 82 0.174
61 91 0.184
61 66 0.178
61 70 0.157
61 75 0.174
61 76 0.128
61 77 0.163
61 85 0.162
61 86 0.136
61 96 0.192
61 99 0.156
62 77 0.864
62 85 0.73
62 89 0.519
62 93 0.682
62 83 0.742
62 95 0.177
62 64 0.082
62 68 0.152
62 75 0.238
62 82 0.204
62 67 0.177
62 71 0.176
62 79 0.134
62 88 0.081
62 94 0.157
63 64 0.75
63 66 0.843
63 69 0.732
63 72 0.978
63 73 0.817
63 74 0.702
63 76 0.904
63 77 0.502
63 80 0.799
63 82 0.979
63 83 0.637
63 93 0.937
63 99 0.308
63 67 0.153
63 75 0.112
63 81 0.183
63 90 0.19
63 94 0.141
63 98 0.171
64 66 1
64 74 0.841
64 78 0.797
64 80 1
64 77 0.159
64 68 0.096
64 67 0.176
64 69 0.169
64 91 0.133
64 71 0.16
64 75 0.099
64 79 0.21
64 84 0.15
64 98 0.079
65 74 0.65
65 91 0.723
65 92 0.787
65 94 0.819
65 98 0.513
65 75 0.665
65 84 0.207
65 67 0.153
65 69 0.18
65 70 0.136
65 73 0.201
65 68 0.135
65 71 0.145
65 72 0.128
65 77 0.137
65 78 0.157
65 86 0.135
65 90 0.124
66 86 0.692
66 94 1
66 99 0.634
66 83 0.112
66 73 0.158
66 78 0.152
66 80 0.155
66 82 0.09
66 85 0.094
67 71 0.483
67 73 0.801
67 74 0.94
67 78 1
67 85 1
67 86 0.869
67 89 0.83
67 93 0.76
67 95 0.728
67 96 0.328
67 99 0.928
67 94 0.086
67 77 0.341
67 79 0.186
67 81 0.143
67 72 0.185
67 68 0.162
67 84 0.144
67 90 0.155
68 70 0.852
68 71 0.955
68 85 0.923
68 89 0.881
68 92 0.873
68 98 0.644
68 76 0.164
68 93 0.277
68 74 0.102
68 79 0.218
68 82 0.16
68 83 0.11
68 91 0.144
69 73 0.446
69 79 0.627
69 81 0.569
69 92 0.613
69 93 0.816
69 98 0.294
69 70 0.1
69 85 0.138
69 87 0.448
69 75 0.153
69 83 0.041
69 86 0.178
69 97 0.094
70 74 0.855
70 80 0.924
70 84 0.794
70 85 0.754
70 92 0.842
70 95 0.887
70 97 0.681
70 99 0.684
70 72 0.006
70 83 0.158
70 75 0.147
70 93 0.201
70 76 0.146
70 81 0.12
70 91 0.13
71 73 0.499
71 76 1
71 86 0.672
71 95 0.779
71 88 0.063
71 74 0.142
71 89 0.112
71 72 0.14
71 78 0.155
71 94 0.136
72 73 0.883
72 82 1
72 97 0.839
72 83 0.09
72 84 0.201
72 96 0.178
72 78 0.126
72 99 0.098
73 87 0.843
73 88 0.743
73 91 0.642
73 96 0.701
73 76 0.225
73 77 0.239
73 79 0.221
73 84 0.158
73 98 0.11
73 82 0.142
73 94 0.147
74 78 1.0
74 84 1
74 89 0.743
74 90 0.763
74 92 0.871
74 93 1
74 95 1
74 97 0.664
74 99 0.117
74 88 0.155
74 76 0.148
74 81 0.161
74 91 0.162
75 89 0.504
75 97 0.539
75 81 0.081
75 77 0.126
75 84 0.161
75 80 0.162
75 82 0.196
75 86 0.114
75 92 0.188
75 98 0.209
76 80 0.874
76 82 0.779
76 91 0.838
76 98 0.883
76 79 0.17
76 85 0.173
76 84 0.138
76 95 0.15
76 83 0.13
76 92 0.123
77 91 0.929
77 85 0.003
77 88 0.101
77 96 0.223
77 93 0.201
77 86 0.123
77 95 0.108
78 79 0.975
78 80 0.72
78 87 0.969
78 97 0.895
78 82 0.163
79 82 1
79 87 0.515
79 93 0.63
79 95 0.591
79 98 0.754
79 83 0.11
79 88 0.122
80 82 0.6
80 88 0.584
80 94 0.176
80 89 0.161
80 96 0.168
81 87 0.826
81 89 0.887
81 98 0.949
81 91 0.209
81 82 0.106
81 88 0.099
81 92 0.173
81 99 0.143
82 90 0.72
82 91 0.211
82 94 0.112
82 85 0.145
82 96 0.115
82 98 0.171
83 90 0.545
83 93 0.599
83 94 0.742
83 85 0.124
83 86 0.167
83 99 0.165
84 85 0.926
84 96 0.718
84 94 0.102
84 91 0.117
84 98 0.114
85 89 1
85 93 0.634
85 94 0.155
85 98 0.097
85 86 0.189
85 91 0.133
85 92 0.145
85 97 0.159
86 92 1
86 99 0.552
86 96 0.14
86 93 0.203
86 97 0.151
86 88 0.145
86 90 0.149
86 95 0.105
87 90 0.547
87 94 0.859
87 92 0.126
87 95 0.117
87 91 0.216
87 93 0.174
87 97 0.122
88 95 0.607
88 97 0.863
88 98 0.875
88 99 0.715
88 94 0.263
89 90 0.165
89 92 0.12
89 95 0.305
89 98 0.117
89 94 0.169
90 97 0.917
90 94 0.174
90 96 0.146
91 94 0.749
91 99 0.153
91 92 0.138
91 95 0.147
91 98 0.197
92 94 0.91
92 95 0.737
92 93 0.16
92 97 0.115
92 98 0.133
93 99 0.16
94 98 1
95 97 0.913
96 98 0.968
96 99 0.698
