0 13 0.805
0 14 0.899
0 60 0.953
0 63 0.866
0 89 1.0
0 19 0.526
0 72 0.672
0 78 0.737
0 5 0.172
0 90 0.185
0 20 0.155
0 25 0.137
0 41 0.298
0 96 0.166
0 3 0.147
0 6 0.161
0 8 0.2
0 30 0.118
0 34 0.137
0 36 0.123
0 40 0.195
0 45 0.181
0 47 0.154
0 49 0.198
0 53 0.047
0 54 0.152
0 65 0.132
0 69 0.169
0 70 0.139
0 73 0.154
0 79 0.177
0 97 0.118
1 12 1
1 36 0.799
1 38 1
1 47 0.745
1 50 0.775
1 56 0.895
1 63 0.787
1 65 0.747
1 86 1
1 87 1
1 6 0.733
1 21 0.654
1 75 0.747
1 23 0.575
1 74 0.64
1 44 0.136
1 83 0.065
1 5 0.152
1 11 0.22
1 89 0.149
1 98 0.156
1 15 0.133
1 20 0.195
1 30 0.117
1 31 0.142
1 34 0.138
1 42 0.183
1 54 0.156
1 61 0.227
1 62 0.163
1 66 0.189
1 67 0.198
1 71 0.142
1 80 0.106
1 91 0.142
1 94 0.219
2 37 0.838
2 45 0.732
2 68 0.68
2 71 0.962
2 79 0.989
2 95 0.744
2 96 0.994
2 85 0.843
2 78 0.59
2 73 0.195
2 27 0.168
2 59 0.303
2 69 0.201
2 43 0.14
2 11 0.205
2 14 0.196
2 17 0.164
2 22 0.145
2 32 0.155
2 34 0.13
2 35 0.134
2 42 0.167
2 48 0.189
2 52 0.13
2 56 0.156
2 67 0.203
2 72 0.149
2 75 0.151
2 76 0.191
2 77 0.134
2 89 0.133
2 92 0.161
3 15 0.73
3 17 0.924
3 19 0.767
3 30 0.937
3 38 0.97
3 47 1
3 59 0.946
3 69 0.957
3 72 0.937
3 79 0.867
3 81 0.668
3 31 0.548
3 95 0.509
3 89 1
3 4 0.213
3 23 0.189
3 86 0.188
3 5 0.163
3 6 0.155
3 7 0.178
3 10 0.16
3 16 0.124
3 34 0.145
3 37 0.122
3 39 0.107
3 43 0.147
3 48 0.157
3 49 0.161
3 50 0.178
3 52 0.1
3 56 0.125
3 58 0.183
3 60 0.164
3 68 0.178
3 70 0.18
3 77 0.134
3 84 0.203
3 87 0.136
3 93 0.195
3 99 0.162
4 17 0.913
4 45 1
4 68 0.846
4 85 0.662
4 89 0.659
4 78 0.677
4 29 0.681
4 59 0.65
4 87 0.833
4 28 0.668
4 91 0.176
4 10 0.166
4 38 0.162
4 70 0.35
4 96 0.103
4 6 0.097
4 23 0.184
4 31 0.131
4 39 0.141
4 41 0.148
4 43 0.198
4 46 0.133
4 51 0.135
4 52 0.126
4 57 0.124
4 67 0.16
4 71 0.156
4 75 0.149
4 80 0.136
4 81 0.171
4 86 0.161
4 94 0.194
4 97 0.154
4 98 0.234
5 21 0.859
5 41 0.996
5 82 0.696
5 95 0.654
5 29 0.964
5 13 0.603
5 78 0.741
5 84 0.087
5 69 0.246
5 12 0.151
5 14 0.112
5 63 0.152
5 93 0.166
5 7 0.21
5 10 0.139
5 15 0.129
5 23 0.158
5 33 0.127
5 37 0.136
5 42 0.125
5 55 0.147
5 57 0.156
5 65 0.089
5 70 0.149
5 72 0.166
5 75 0.187
6 20 0.761
6 33 0.563
6 50 0.884
6 54 0.974
6 61 0.936
6 64 0.697
6 66 0.699
6 74 1
6 77 0.776
6 22 0.963
6 32 0.849
6 35 0.721
6 21 0.513
6 9 0.062
6 16 0.167
6 96 0.125
6 38 0.152
6 10 0.127
6 17 0.182
6 30 0.117
6 34 0.164
6 48 0.213
6 53 0.082
6 63 0.144
6 71 0.123
6 73 0.157
6 78 0.141
6 79 0.155
6 82 0.188
6 83 0.087
6 85 0.079
6 88 0.181
6 89 0.167
6 97 0.178
7 35 0.973
7 59 0.67
7 75 1
7 76 1
7 31 0.94
7 21 0.688
7 53 0.734
7 82 0.885
7 17 0.193
7 56 0.153
7 60 0.175
7 54 0.154
7 98 0.222
7 19 0.146
7 20 0.141
7 26 0.248
7 27 0.187
7 38 0.165
7 39 0.159
7 46 0.189
7 55 0.168
7 61 0.177
7 63 0.138
7 66 0.138
7 72 0.122
7 80 0.157
7 92 0.121
7 94 0.066
7 95 0.158
7 99 0.159
8 10 0.978
8 42 1
8 56 1
8 63 0.976
8 96 0.81
8 28 0.738
8 34 0.703
8 82 0.962
8 29 0.404
8 39 0.156
8 57 0.109
8 70 0.199
8 9 0.174
8 14 0.161
8 18 0.17
8 19 0.168
8 22 0.14
8 25 0.196
8 26 0.141
8 27 0.136
8 32 0.13
8 33 0.15
8 37 0.168
8 40 0.127
8 41 0.1
8 43 0.162
8 47 0.115
8 48 0.154
8 51 0.112
8 62 0.122
8 65 0.139
8 72 0.132
8 75 0.19
8 78 0.121
8 80 0.129
8 84 0.174
8 88 0.113
8 93 0.142
8 98 0.158
9 33 0.704
9 37 0.952
9 39 0.811
9 41 0.921
9 78 0.669
9 64 1
9 40 0.829
9 42 0.551
9 57 0.713
9 13 0.3
9 51 0.147
9 52 0.171
9 71 0.152
9 76 0.168
9 10 0.144
9 23 0.168
9 27 0.181
9 31 0.113
9 36 0.173
9 43 0.165
9 61 0.09
9 91 0.178
9 97 0.144
9 98 0.141
9 99 0.182
10 23 0.855
10 91 0.587
10 55 0.547
10 65 0.592
10 75 1
10 92 0.669
10 31 0.917
10 37 0.632
10 69 0.572
10 18 0.147
10 59 0.196
10 50 0.151
10 62 0.131
10 83 0.212
10 89 0.114
10 12 0.12
10 29 0.174
10 32 0.182
10 36 0.124
10 41 0.165
10 43 0.136
10 53 0.14
10 63 0.143
10 80 0.117
10 82 0.118
10 84 0.19
10 85 0.157
10 87 0.171
11 21 0.887
11 23 1
11 30 1
11 85 0.974
11 97 0.709
11 12 0.962
11 54 0.762
11 22 0.749
11 49 0.691
11 18 0.204
11 44 0.204
11 17 0.195
11 19 0.165
11 27 0.144
11 29 0.144
11 38 0.174
11 48 0.124
11 55 0.19
11 59 0.152
11 60 0.127
11 68 0.179
11 69 0.142
11 73 0.142
11 78 0.111
11 80 0.108
11 82 0.137
11 89 0.203
11 91 0.138
11 93 0.13
11 96 0.12
12 27 0.877
12 60 0.65
12 90 0.548
12 99 0.941
12 55 0.959
12 15 0.665
12 35 0.56
12 39 0.171
12 43 0.21
12 65 0.186
12 69 0.157
12 78 0.163
12 21 0.117
12 22 0.14
12 26 0.098
12 28 0.163
12 29 0.14
12 30 0.152
12 36 0.165
12 38 0.171
12 45 0.184
12 47 0.171
12 57 0.087
12 68 0.192
12 70 0.139
12 72 0.138
12 74 0.126
12 76 0.134
12 79 0.175
12 84 0.203
12 87 0.13
12 88 0.143
12 93 0.163
12 96 0.144
12 98 0.11
13 45 0.64
13 65 0.825
13 71 0.881
13 96 0.879
13 77 0.73
13 89 0.948
13 35 0.165
13 46 0.183
13 54 0.109
13 98 0.141
13 21 0.131
13 24 0.188
13 29 0.124
13 30 0.148
13 31 0.157
13 33 0.161
13 36 0.093
13 43 0.105
13 55 0.137
13 58 0.153
13 60 0.191
13 63 0.139
13 64 0.111
13 76 0.104
13 78 0.161
13 84 0.121
13 93 0.207
13 97 0.185
13 99 0.143
14 30 0.926
14 44 1
14 48 0.96
14 49 0.571
14 61 0.933
14 62 0.767
14 65 0.915
14 95 1
14 96 0.93
14 20 0.732
14 25 0.115
14 26 0.122
14 67 0.138
14 68 0.145
14 70 0.152
14 71 0.069
14 16 0.145
14 17 0.167
14 19 0.134
14 21 0.144
14 23 0.133
14 28 0.105
14 32 0.104
14 38 0.108
14 39 0.186
14 42 0.194
14 46 0.118
14 50 0.093
14 53 0.173
14 56 0.147
14 60 0.2
14 64 0.126
14 66 0.148
14 72 0.142
14 78 0.149
14 79 0.131
14 84 0.146
14 92 0.106
14 97 0.125
14 99 0.149
15 61 0.716
15 69 0.753
15 82 0.61
15 86 0.528
15 26 1
15 76 0.646
15 78 0.622
15 49 0.709
15 39 0.118
15 45 0.145
15 65 0.157
15 67 0.13
15 16 0.142
15 18 0.134
15 27 0.141
15 36 0.125
15 37 0.137
15 41 0.149
15 42 0.133
15 50 0.175
15 52 0.218
15 54 0.165
15 62 0.18
15 70 0.169
15 73 0.135
15 74 0.166
15 77 0.12
15 79 0.187
15 89 0.159
15 97 0.177
15 98 0.152
16 30 0.706
16 74 0.7
16 77 0.737
16 97 0.694
16 86 0.941
16 93 0.745
16 17 0.08
16 79 0.275
16 29 0.014
16 32 0.156
16 83 0.128
16 92 0.162
16 19 0.164
16 23 0.119
16 33 0.151
16 36 0.148
16 39 0.156
16 40 0.104
16 43 0.148
16 47 0.15
16 51 0.179
16 54 0.126
16 58 0.181
16 67 0.143
16 71 0.179
16 72 0.111
16 81 0.165
16 84 0.101
16 87 0.153
16 91 0.155
16 96 0.141
16 98 0.124
17 26 0.792
17 34 0.644
17 52 0.661
17 58 0.784
17 61 0.924
17 59 0.621
17 69 0.638
17 62 0.195
17 86 0.148
17 76 0.405
17 81 0.1
17 95 0.174
17 97 0.163
17 18 0.148
17 19 0.146
17 30 0.11
17 33 0.174
17 40 0.178
17 41 0.143
17 47 0.173
17 48 0.151
17 55 0.177
17 72 0.156
17 77 0.186
17 79 0.157
17 82 0.146
17 84 0.159
17 99 0.191
18 23 0.977
18 43 0.719
18 60 0.882
18 65 1
18 68 0.769
18 74 0.784
18 87 0.974
18 73 0.974
18 82 0.881
18 27 0.596
18 92 0.025
18 46 0.152
18 66 0.172
18 78 0.166
18 81 0.211
18 24 0.14
18 26 0.16
18 34 0.174
18 47 0.098
18 53 0.147
18 54 0.12
18 55 0.177
18 59 0.172
18 61 0.19
18 67 0.08
18 72 0.129
18 79 0.165
18 80 0.181
18 83 0.107
18 90 0.178
19 23 0.831
19 29 0.549
19 31 0.849
19 36 0.831
19 78 0.971
19 77 0.513
19 42 0.611
19 95 0.718
19 71 0.17
19 79 0.076
19 33 0.15
19 72 0.182
19 93 0.149
19 99 0.184
19 21 0.14
19 27 0.099
19 28 0.128
19 30 0.088
19 38 0.193
19 44 0.18
19 47 0.171
19 53 0.115
19 58 0.147
19 62 0.151
19 63 0.147
19 67 0.218
19 69 0.169
19 74 0.176
19 76 0.12
19 84 0.132
19 86 0.136
19 92 0.162
19 94 0.12
20 52 0.894
20 79 0.977
20 86 0.61
20 51 0.734
20 49 0.723
20 39 0.631
20 22 0.93
20 27 0.81
20 80 0.518
20 87 0.042
20 94 0.148
20 29 0.189
20 31 0.213
20 35 0.128
20 36 0.096
20 38 0.307
20 65 0.096
20 66 0.175
20 72 0.16
20 25 0.22
20 33 0.132
20 41 0.128
20 42 0.157
20 43 0.133
20 56 0.094
20 58 0.141
20 61 0.143
20 71 0.139
20 75 0.195
20 78 0.107
20 81 0.166
20 85 0.119
20 89 0.122
20 98 0.122
21 62 0.572
21 90 0.89
21 42 0.857
21 29 0.774
21 83 0.762
21 80 1
21 32 0.001
21 79 0.109
21 87 0.166
21 22 0.121
21 34 0.143
21 36 0.212
21 39 0.173
21 41 0.104
21 45 0.196
21 50 0.178
21 51 0.109
21 54 0.121
21 56 0.109
21 67 0.102
21 68 0.148
21 69 0.103
21 70 0.144
21 74 0.157
21 78 0.158
21 84 0.139
21 95 0.137
21 98 0.135
22 31 0.564
22 38 1
22 41 1
22 48 0.885
22 67 0.951
22 69 0.957
22 97 0.843
22 25 0.94
22 34 1
22 57 0.898
22 56 0.159
22 30 0.156
22 49 0.127
22 75 0.179
22 76 0.175
22 26 0.105
22 29 0.163
22 35 0.175
22 43 0.161
22 46 0.15
22 55 0.149
22 58 0.142
22 59 0.128
22 63 0.149
22 68 0.17
22 80 0.106
22 86 0.169
22 98 0.123
22 99 0.195
23 26 0.641
23 38 0.801
23 67 0.85
23 74 0.849
23 87 0.817
23 95 0.68
23 28 0.927
23 49 0.996
23 76 0.773
23 85 0.727
23 93 0.538
23 70 0.181
23 29 0.146
23 25 0.128
23 37 0.163
23 46 0.184
23 51 0.14
23 53 0.181
23 55 0.162
23 56 0.125
23 57 0.117
23 69 0.159
23 72 0.163
23 73 0.152
23 82 0.134
23 84 0.168
23 86 0.18
23 88 0.087
23 89 0.2
23 90 0.181
23 94 0.16
24 26 0.908
24 39 1
24 49 0.84
24 59 0.5
24 61 0.896
24 65 0.916
24 75 0.96
24 80 1
24 86 1
24 93 0.73
24 30 0.643
24 50 1
24 57 0.514
24 72 0.166
24 31 0.137
24 32 0.122
24 35 0.143
24 41 0.14
24 45 0.182
24 46 0.128
24 47 0.105
24 51 0.149
24 64 0.145
24 71 0.154
24 76 0.187
24 87 0.199
24 89 0.176
24 95 0.142
24 96 0.144
25 61 0.809
25 65 1
25 84 0.892
25 93 0.773
25 69 0.593
25 49 0.161
25 60 0.186
25 73 0.183
25 80 0.345
25 29 0.124
25 38 0.141
25 46 0.173
25 50 0.141
25 54 0.126
25 56 0.081
25 66 0.129
25 83 0.118
25 88 0.152
25 98 0.151
26 35 1
26 37 0.913
26 69 0.52
26 73 0.903
26 78 0.606
26 60 0.147
26 68 0.181
26 74 0.164
26 99 0.144
26 27 0.116
26 40 0.144
26 48 0.14
26 53 0.141
26 56 0.145
26 64 0.212
26 66 0.175
26 79 0.155
26 92 0.075
27 29 1
27 50 0.701
27 82 0.877
27 83 0.81
27 87 0.566
27 70 0.736
27 60 0.171
27 31 0.119
27 32 0.121
27 33 0.201
27 36 0.131
27 39 0.165
27 43 0.106
27 63 0.152
27 64 0.186
27 68 0.109
27 77 0.157
27 80 0.145
27 81 0.165
27 91 0.21
27 93 0.145
27 96 0.157
28 42 0.734
28 47 0.94
28 73 0.634
28 82 0.837
28 79 0.594
28 56 0.688
28 71 0.139
28 38 0.102
28 31 0.147
28 37 0.176
28 39 0.141
28 40 0.168
28 43 0.15
28 45 0.12
28 52 0.19
28 54 0.137
28 58 0.141
28 59 0.118
28 69 0.018
28 75 0.185
28 83 0.178
28 89 0.167
29 34 1
29 35 0.973
29 98 0.709
29 52 1
29 61 0.898
29 50 0.751
29 85 0.684
29 91 0.585
29 39 0.18
29 40 0.142
29 43 0.132
29 56 0.136
29 32 0.171
29 48 0.139
29 53 0.181
29 62 0.093
29 72 0.125
29 74 0.156
29 81 0.184
29 82 0.117
29 83 0.111
29 86 0.245
29 89 0.158
29 90 0.144
29 99 0.16
30 41 0.772
30 54 0.914
30 62 0.684
30 68 0.98
30 69 0.73
30 77 0.92
30 80 0.849
30 90 0.906
30 81 0.731
30 43 0.511
30 73 0.136
30 99 0.184
30 35 0.148
30 39 0.193
30 50 0.105
30 52 0.115
30 56 0.145
30 59 0.15
30 61 0.221
30 66 0.14
30 71 0.156
30 75 0.176
30 76 0.176
30 79 0.2
30 91 0.121
31 75 0.882
31 80 0.754
31 96 0.691
31 54 0.697
31 79 0.828
31 50 0.624
31 52 0.73
31 71 0.559
31 56 0.007
31 73 0.116
31 81 0.136
31 33 0.143
31 34 0.118
31 35 0.183
31 39 0.133
31 46 0.162
31 59 0.223
31 63 0.126
31 65 0.18
31 72 0.149
31 78 0.182
31 89 0.188
31 94 0.082
32 52 0.731
32 62 0.967
32 90 0.891
32 64 0.872
32 63 0.603
32 36 0.061
32 79 0.043
32 83 0.153
32 33 0.165
32 34 0.141
32 37 0.136
32 39 0.138
32 40 0.097
32 54 0.157
32 58 0.155
32 84 0.09
32 87 0.156
32 88 0.187
32 92 0.102
33 82 0.822
33 85 0.78
33 34 0.739
33 41 0.774
33 64 0.539
33 63 0.148
33 48 0.209
33 51 0.156
33 97 0.278
33 35 0.149
33 38 0.135
33 39 0.139
33 43 0.159
33 45 0.146
33 60 0.123
33 65 0.116
33 68 0.18
33 74 0.143
33 81 0.143
33 84 0.146
33 93 0.09
33 96 0.151
33 99 0.173
34 85 0.892
34 92 0.653
34 45 0.764
34 52 0.774
34 63 0.585
34 78 0.546
34 84 0.608
34 40 0.315
34 44 0.006
34 43 0.146
34 53 0.172
34 65 0.347
34 90 0.107
34 37 0.146
34 38 0.163
34 41 0.112
34 50 0.137
34 58 0.157
34 61 0.175
34 68 0.137
34 79 0.157
34 80 0.132
34 87 0.136
34 96 0.155
34 98 0.198
35 62 1
35 64 1
35 66 0.657
35 84 0.87
35 65 0.663
35 77 0.123
35 93 0.115
35 37 0.192
35 38 0.209
35 41 0.135
35 46 0.153
35 51 0.148
35 52 0.146
35 58 0.136
35 68 0.128
35 76 0.168
35 82 0.114
35 83 0.15
35 86 0.17
36 43 0.677
36 45 0.654
36 61 0.885
36 74 0.822
36 69 0.733
36 41 0.141
36 63 0.15
36 65 0.162
36 73 0.173
36 53 0.185
36 60 0.184
36 71 0.164
36 75 0.116
36 80 0.076
36 84 0.106
36 93 0.164
36 97 0.173
37 53 1
37 59 0.897
37 99 1
37 64 0.914
37 58 0.943
37 93 0.132
37 60 0.163
37 65 0.358
37 40 0.151
37 43 0.178
37 45 0.147
37 49 0.113
37 56 0.142
37 62 0.149
37 67 0.11
37 69 0.193
37 76 0.163
37 80 0.119
37 81 0.145
37 85 0.211
37 88 0.137
38 98 1
38 40 0.721
38 95 1
38 55 0.785
38 68 0.689
38 74 1
38 48 0.22
38 64 0.122
38 79 0.032
38 39 0.155
38 41 0.177
38 45 0.098
38 66 0.173
38 69 0.13
38 77 0.119
38 84 0.08
38 87 0.158
38 97 0.093
39 56 1
39 63 0.746
39 76 0.727
39 81 0.741
39 82 0.643
39 91 1
39 43 0.899
39 83 0.669
39 52 0.273
39 44 0.136
39 54 0.113
39 59 0.157
39 71 0.15
39 78 0.221
39 84 0.231
39 41 0.15
39 45 0.1
39 47 0.196
39 48 0.165
39 57 0.126
39 62 0.228
39 72 0.155
39 80 0.136
39 95 0.136
40 48 0.697
40 52 0.803
40 74 0.798
40 84 0.659
40 87 0.554
40 98 0.647
40 90 0.797
40 78 0.143
40 50 0.152
40 82 0.159
40 47 0.132
40 54 0.144
40 57 0.161
40 58 0.154
40 61 0.17
40 62 0.133
40 68 0.18
40 75 0.145
40 76 0.134
40 77 0.096
40 85 0.149
40 91 0.094
40 96 0.158
40 97 0.187
41 85 0.794
41 91 0.975
41 72 0.606
41 61 0.635
41 97 0.824
41 45 0.664
41 53 0.116
41 75 0.16
41 42 0.17
41 47 0.177
41 62 0.181
41 66 0.104
41 73 0.156
41 74 0.156
41 76 0.182
41 77 0.161
41 80 0.163
41 81 0.154
41 82 0.18
41 96 0.127
41 98 0.141
42 78 0.96
42 95 1
42 69 1
42 50 0.692
42 70 0.666
42 52 0.401
42 92 0.159
42 47 0.176
42 48 0.16
42 51 0.121
42 58 0.124
42 61 0.19
42 62 0.124
42 63 0.19
42 64 0.137
42 65 0.2
42 66 0.101
42 71 0.074
42 77 0.178
42 81 0.183
42 82 0.139
42 88 0.102
42 91 0.147
42 97 0.217
42 99 0.173
43 47 0.593
43 53 0.99
43 54 0.872
43 58 0.904
43 76 0.766
43 77 1
43 84 0.864
43 92 0.836
43 70 0.72
43 81 0.571
43 48 0.671
43 67 0.046
43 45 0.12
43 50 0.173
43 71 0.139
43 83 0.152
43 57 0.197
43 61 0.168
43 62 0.161
43 66 0.123
43 69 0.146
43 73 0.186
43 75 0.148
43 78 0.134
43 85 0.131
43 89 0.104
43 91 0.146
43 95 0.135
44 71 0.562
44 57 1
44 90 0.528
44 97 0.621
44 87 0.628
44 94 0.634
44 69 0.029
44 50 0.115
44 55 0.151
44 56 0.152
44 62 0.138
44 68 0.149
44 72 0.166
44 74 0.156
44 77 0.163
44 81 0.176
44 82 0.132
44 84 0.119
44 89 0.085
44 92 0.13
45 70 0.854
45 92 0.524
45 59 0.787
45 78 0.76
45 85 0.686
45 63 0.23
45 46 0.3
45 47 0.298
45 61 0.147
45 95 0.159
45 51 0.154
45 60 0.127
45 65 0.115
45 66 0.138
45 71 0.14
45 74 0.151
45 75 0.176
45 79 0.173
45 97 0.205
46 51 0.95
46 62 0.975
46 64 0.946
46 73 0.902
46 80 0.676
46 81 1
46 86 0.683
46 99 1
46 47 0.141
46 54 0.143
46 56 0.138
46 61 0.115
46 69 0.17
46 77 0.095
46 84 0.114
46 85 0.148
46 90 0.153
46 96 0.146
47 72 0.65
47 98 0.989
47 99 1
47 97 0.851
47 51 0.434
47 54 0.179
47 86 0.118
47 68 0.143
47 78 0.207
47 94 0.143
47 65 0.167
47 66 0.153
47 69 0.141
47 76 0.145
48 61 0.827
48 75 0.833
48 79 1
48 80 0.846
48 86 0.739
48 89 0.558
48 51 0.147
48 59 0.075
48 70 0.137
48 72 0.164
48 84 0.164
48 85 0.091
48 88 0.138
48 92 0.167
49 61 1
49 89 0.854
49 82 0.65
49 94 0.758
49 56 0.155
49 59 0.106
49 62 0.168
49 64 0.103
49 67 0.189
49 70 0.157
49 71 0.147
49 76 0.148
49 78 0.168
49 81 0.166
49 87 0.112
49 95 0.135
49 99 0.21
50 64 0.798
50 81 1
50 99 0.617
50 54 0.921
50 87 0.051
50 67 0.094
50 92 0.127
50 55 0.123
50 60 0.196
50 66 0.094
50 70 0.177
50 78 0.187
50 82 0.163
50 98 0.142
51 52 0.526
51 88 0.555
51 84 0.134
51 97 0.169
51 54 0.167
51 56 0.167
51 59 0.109
51 62 0.182
51 68 0.151
51 76 0.154
51 83 0.139
51 90 0.112
51 96 0.195
51 99 0.139
52 54 0.633
52 68 0.797
52 97 1
52 70 0.151
52 77 0.077
52 73 0.159
52 79 0.199
52 86 0.113
52 89 0.149
52 92 0.085
52 93 0.155
52 96 0.125
53 60 0.637
53 98 0.955
53 78 0.727
53 70 0.847
53 99 0.933
53 59 0.096
53 68 0.136
53 97 0.267
53 56 0.162
53 61 0.117
53 73 0.169
53 75 0.195
53 76 0.101
53 79 0.207
53 80 0.124
53 83 0.173
53 85 0.134
53 86 0.13
53 88 0.198
53 91 0.166
53 92 0.144
53 93 0.161
53 94 0.134
54 94 0.697
54 72 0.68
54 91 0.765
54 55 0.591
54 82 0.834
54 78 0.159
54 84 0.129
54 57 0.181
54 66 0.113
54 69 0.108
54 75 0.17
54 89 0.12
54 92 0.131
54 99 0.179
55 77 0.768
55 57 1
55 61 0.539
55 80 0.136
55 62 0.131
55 66 0.134
55 68 0.126
55 70 0.185
55 92 0.167
56 91 0.942
56 93 0.565
56 60 0.7
56 65 0.702
56 79 0.942
56 88 0.706
56 95 0.164
56 58 0.19
56 61 0.187
56 66 0.123
56 69 0.134
56 70 0.157
56 72 0.166
56 73 0.128
56 77 0.152
56 81 0.192
56 90 0.179
57 62 0.843
57 81 0.955
57 59 0.885
57 63 0.786
57 76 0.907
57 92 0.727
57 97 0.843
57 85 0.16
57 67 0.153
57 75 0.15
57 82 0.124
57 89 0.172
57 90 0.1
57 91 0.111
57 95 0.184
58 68 0.524
58 95 0.859
58 96 1
58 78 1
58 67 0.818
58 99 0.133
58 60 0.173
58 63 0.162
58 65 0.149
58 75 0.185
58 79 0.069
58 82 0.17
58 85 0.196
58 89 0.186
59 92 0.949
59 99 0.854
59 67 0.16
59 71 0.193
59 72 0.145
59 81 0.136
59 91 0.204
59 98 0.16
60 72 0.837
60 75 1
60 79 0.511
60 97 1
60 81 0.17
60 85 0.103
60 87 0.163
60 98 0.159
60 65 0.158
60 70 0.111
60 76 0.113
60 77 0.1
60 89 0.178
60 92 0.201
60 95 0.147
61 66 0.82
61 86 0.749
61 90 0.506
61 93 0.686
61 64 0.114
61 79 0.161
61 83 0.156
61 85 0.123
61 88 0.154
61 95 0.153
61 96 0.135
62 89 0.924
62 68 0.771
62 78 0.165
62 96 0.201
62 67 0.168
62 73 0.12
62 74 0.15
62 85 0.136
62 93 0.211
62 95 0.116
62 98 0.141
63 74 0.995
63 77 0.871
63 80 0.863
63 84 0.816
63 88 0.796
63 90 0.985
63 69 0.081
63 70 0.007
63 65 0.169
63 66 0.19
63 79 0.135
63 87 0.176
63 92 0.174
63 97 0.193
64 66 0.843
64 80 0.811
64 87 0.813
64 91 0.572
64 76 1
64 92 0.906
64 77 0.21
64 65 0.162
64 67 0.105
64 82 0.196
64 83 0.19
64 85 0.092
64 88 0.131
64 89 0.134
64 90 0.184
64 94 0.146
64 96 0.13
65 67 0.871
65 71 0.928
65 92 1
65 94 0.782
65 96 0.894
65 98 0.917
65 97 0.438
65 73 0.13
65 74 0.163
65 77 0.156
65 79 0.146
65 82 0.088
65 85 0.209
65 91 0.132
65 95 0.087
66 93 0.833
66 94 0.959
66 89 0.867
66 80 0.68
66 71 0.087
66 90 0.299
66 92 0.183
66 70 0.293
66 74 0.148
66 81 0.087
66 98 0.148
67 73 0.7
67 78 1
67 86 0.778
67 95 0.755
67 98 0.637
67 85 0.755
67 68 0.142
67 97 0.219
67 69 0.143
67 77 0.136
67 84 0.127
68 92 0.65
68 75 0.684
68 74 0.156
68 78 0.138
68 83 0.149
68 84 0.107
68 95 0.12
68 96 0.14
68 98 0.152
69 81 0.711
69 92 0.72
69 93 0.833
69 96 0.097
69 80 0.082
69 89 0.171
69 97 0.164
70 84 0.882
70 97 0.62
70 99 0.521
70 77 0.859
70 85 0.919
70 93 0.794
70 73 0.171
70 78 0.154
70 79 0.135
70 88 0.164
70 90 0.181
70 92 0.172
71 73 0.857
71 98 0.607
71 89 0.255
71 77 0.136
71 75 0.09
71 76 0.133
71 78 0.209
71 79 0.194
71 83 0.12
71 87 0.17
71 88 0.104
71 93 0.135
71 94 0.15
71 95 0.129
72 73 0.729
72 92 0.184
72 74 0.162
72 76 0.152
72 83 0.191
72 94 0.181
73 88 1
73 91 1
73 81 0.858
73 84 0.799
73 75 0.194
73 82 0.152
73 85 0.152
73 90 0.183
73 92 0.143
73 95 0.177
73 96 0.154
73 98 0.106
74 78 0.703
74 79 1
74 90 1
74 97 0.72
74 99 0.885
74 87 0.094
74 96 0.144
74 76 0.141
74 80 0.123
74 83 0.184
74 91 0.138
74 95 0.16
75 85 0.893
75 97 1
75 78 0.655
75 93 0.056
75 77 0.168
76 86 0.892
76 95 0.26
76 78 0.119
76 80 0.132
76 81 0.161
76 82 0.152
76 83 0.178
77 83 0.559
77 96 0.074
77 89 0.078
77 90 0.166
77 99 0.184
78 84 0.874
78 89 0.123
78 91 0.179
78 92 0.118
78 95 0.141
78 99 0.127
79 98 0.928
79 93 0.647
79 99 0.192
79 84 0.188
79 92 0.116
80 82 0.581
80 92 0.142
80 83 0.178
80 87 0.107
80 88 0.18
80 96 0.109
80 97 0.18
81 87 0.841
81 91 0.573
81 97 0.784
81 84 0.169
81 96 0.207
81 99 0.16
82 91 0.193
82 88 0.104
83 94 0.769
83 90 0.161
83 84 0.149
83 87 0.117
83 88 0.127
83 93 0.159
83 97 0.151
84 85 1
84 87 0.906
84 99 0.148
84 88 0.183
84 93 0.13
84 95 0.158
85 89 0.81
85 88 0.136
85 96 0.15
85 99 0.211
86 99 0.715
86 93 0.577
86 88 0.122
86 89 0.103
86 90 0.166
88 97 1
88 99 0.84
89 90 0.683
89 92 0.697
89 93 0.129
89 95 0.104
89 96 0.158
89 97 0.156
89 99 0.122
90 97 0.92
90 98 0.152
91 93 0.186
91 94 0.158
91 97 0.112
91 99 0.122
92 95 0.839
92 98 0.163
93 97 0.159
94 98 1
94 97 1
94 99 0.162
96 99 0.526
