0 5 0.886
0 23 0.84
0 62 0.56
0 63 0.958
0 67 0.691
0 82 0.716
0 85 1
0 15 0.839
0 73 0.394
0 81 0.362
0 12 1
0 14 0.003
0 35 0.075
0 4 0.304
0 20 0.162
0 22 0.242
0 75 0.001
0 19 0.327
0 24 0.276
0 25 0.141
0 33 0.206
0 46 0.049
0 72 0.325
0 98 0.517
0 40 0.198
0 70 0.274
0 30 0.372
0 90 0.418
0 1 0.319
0 26 0.128
0 34 0.191
0 38 0.043
0 93 0.333
0 3 0.292
0 56 0.127
0 69 0.006
0 84 0.556
0 37 0.192
0 57 0.179
0 80 0.105
0 86 0.399
0 87 0.186
0 96 0.186
0 59 0.153
0 83 0.035
0 99 0.15
0 9 0.147
0 29 0.076
0 36 0.231
0 50 0.304
0 54 0.295
0 89 0.195
0 2 0.148
0 27 0.224
0 28 0.176
0 45 0.402
0 60 0.185
0 61 0.171
0 74 0.384
0 76 0.209
0 79 0.038
0 92 0.134
0 94 0.157
0 97 0.171
0 18 0.187
0 32 0.141
0 39 0.155
0 49 0.146
0 52 0.175
0 53 0.116
0 58 0.185
0 65 0.165
0 66 0.166
0 68 0.177
0 78 0.16
0 88 0.144
1 6 0.936
1 38 1
1 47 0.433
1 50 0.886
1 65 0.839
1 87 0.787
1 60 0.714
1 17 0.846
1 84 0.045
1 3 0.064
1 7 0.316
1 11 0.687
1 4 0.275
1 12 0.217
1 19 0.588
1 34 0.672
1 43 0.138
1 61 0.604
1 69 0.291
1 80 0.391
1 83 0.386
1 44 0.292
1 71 0.25
1 90 0.249
1 57 0.331
1 63 0.459
1 10 0.473
1 81 0.171
1 39 0.011
1 53 0.194
1 93 0.126
1 99 0.245
1 67 0.245
1 68 0.176
1 98 0.365
1 18 0.165
1 26 0.173
1 29 0.009
1 42 0.051
1 74 0.244
1 20 0.21
1 76 0.062
1 79 0.18
1 91 0.046
1 14 0.137
1 51 0.139
1 78 0.194
1 82 0.066
1 13 0.08
1 23 0.124
1 52 0.161
1 54 0.23
1 59 0.003
1 62 0.251
1 64 0.122
1 77 0.222
1 97 0.148
1 25 0.12
1 27 0.127
1 75 0.149
1 86 0.166
1 94 0.123
1 95 0.17
2 9 0.766
2 37 0.795
2 45 0.675
2 71 0.896
2 93 0.853
2 95 1
2 6 0.422
2 31 0.061
2 63 0.143
2 82 0.472
2 98 0.108
2 13 0.103
2 51 0.499
2 52 0.329
2 78 0.08
2 83 0.49
2 88 0.359
2 92 0.532
2 4 0.453
2 5 0.194
2 33 0.053
2 44 0.215
2 47 0.11
2 59 0.373
2 3 0.446
2 79 0.157
2 11 0.311
2 49 0.329
2 8 0.092
2 27 0.167
2 42 0.075
2 69 0.089
2 19 0.09
2 67 0.03
2 73 0.106
2 90 0.042
2 23 0.148
2 25 0.101
2 40 0.134
2 57 0.072
2 60 0.109
2 62 0.037
2 68 0.052
2 75 0.192
2 20 0.172
2 26 0.139
2 29 0.155
2 41 0.11
2 43 0.062
2 55 0.192
2 58 0.147
2 72 0.077
2 7 0.177
2 12 0.17
2 14 0.205
2 16 0.105
2 17 0.174
2 18 0.134
2 46 0.208
2 48 0.195
2 54 0.136
2 85 0.159
2 86 0.167
2 94 0.166
2 96 0.145
2 10 0.178
2 24 0.135
2 28 0.129
2 53 0.137
2 61 0.18
2 64 0.143
3 8 0.861
3 15 0.962
3 18 1
3 82 0.519
3 26 0.695
3 64 0.81
3 92 0.811
3 93 0.741
3 19 0.763
3 28 0.288
3 69 0.102
3 89 0.418
3 21 0.14
3 43 0.295
3 71 0.513
3 85 0.26
3 5 0.457
3 65 0.324
3 47 0.515
3 22 0.228
3 42 0.352
3 40 0.193
3 52 0.012
3 74 0.238
3 81 0.103
3 94 0.114
3 31 0.254
3 77 0.067
3 79 0.39
3 80 0.089
3 6 0.085
3 50 0.155
3 54 0.346
3 12 0.224
3 45 0.079
3 56 0.078
3 75 0.414
3 95 0.144
3 99 0.161
3 7 0.291
3 14 0.26
3 32 0.203
3 62 0.011
3 67 0.177
3 86 0.003
3 39 0.097
3 58 0.142
3 66 0.196
3 68 0.188
3 97 0.109
3 11 0.185
3 20 0.146
3 23 0.169
3 24 0.199
3 29 0.128
3 34 0.177
3 48 0.222
3 51 0.152
3 70 0.186
3 72 0.154
3 98 0.09
3 9 0.135
3 41 0.109
3 46 0.094
3 49 0.176
3 59 0.113
3 60 0.155
3 73 0.132
3 78 0.142
3 87 0.106
3 88 0.155
4 44 0.898
4 65 0.895
4 83 0.843
4 98 0.692
4 7 0.387
4 21 0.351
4 45 0.025
4 57 0.074
4 87 0.255
4 62 0.545
4 84 0.204
4 69 0.275
4 85 0.438
4 19 0.165
4 22 0.274
4 82 0.187
4 25 0.082
4 42 0.226
4 55 0.14
4 23 0.519
4 34 0.27
4 37 0.157
4 46 0.343
4 78 0.196
4 96 0.329
4 36 0.036
4 49 0.011
4 73 0.467
4 80 0.088
4 93 0.307
4 26 0.179
4 30 0.039
4 31 0.044
4 92 0.22
4 48 0.126
4 88 0.448
4 20 0.289
4 24 0.149
4 5 0.163
4 6 0.106
4 16 0.202
4 38 0.13
4 43 0.188
4 54 0.091
4 10 0.119
4 15 0.117
4 17 0.126
4 18 0.131
4 41 0.15
4 53 0.11
4 70 0.177
4 74 0.15
4 76 0.149
4 89 0.063
4 9 0.216
4 28 0.171
4 35 0.191
4 39 0.194
4 47 0.165
4 66 0.066
4 72 0.127
4 79 0.108
4 94 0.145
4 99 0.148
5 21 0.802
5 82 0.808
5 91 1
5 35 1
5 10 0.873
5 20 0.586
5 24 0.627
5 84 0.018
5 96 0.404
5 65 0.134
5 87 0.393
5 88 0.391
5 37 0.113
5 52 0.449
5 93 0.449
5 98 0.71
5 18 0.057
5 78 0.378
5 29 0.294
5 41 0.287
5 74 0.237
5 70 0.178
5 26 0.151
5 27 0.39
5 64 0.453
5 99 0.26
5 71 0.041
5 97 0.312
5 8 0.113
5 14 0.111
5 55 0.033
5 33 0.145
5 46 0.19
5 48 0.148
5 54 0.112
5 80 0.184
5 94 0.231
5 62 0.099
5 25 0.134
5 61 0.133
5 75 0.092
5 77 0.296
5 79 0.111
5 81 0.007
5 92 0.093
5 11 0.173
5 16 0.092
5 22 0.149
5 23 0.093
5 30 0.181
5 32 0.145
5 38 0.113
5 42 0.124
5 44 0.146
5 51 0.124
5 58 0.139
5 59 0.118
5 69 0.157
5 90 0.144
6 38 0.892
6 47 1
6 49 1
6 20 0.099
6 30 0.267
6 21 0.269
6 31 0.185
6 62 0.18
6 78 0.221
6 79 0.734
6 33 0.355
6 81 0.615
6 97 0.172
6 36 0.668
6 67 0.18
6 69 0.363
6 85 0.288
6 14 0.48
6 57 0.054
6 66 0.838
6 98 0.366
6 56 0.218
6 73 0.395
6 42 0.443
6 52 0.531
6 7 0.212
6 15 0.171
6 26 0.154
6 29 0.088
6 58 0.073
6 74 0.223
6 88 0.282
6 92 0.228
6 17 0.133
6 24 0.089
6 37 0.087
6 43 0.162
6 44 0.117
6 48 0.27
6 83 0.001
6 13 0.435
6 28 0.009
6 53 0.184
6 55 0.126
6 70 0.165
6 72 0.466
6 86 0.401
6 96 0.143
6 12 0.149
6 23 0.103
6 32 0.232
6 41 0.131
6 45 0.119
6 54 0.192
6 84 0.361
6 71 0.167
6 94 0.17
6 9 0.179
6 18 0.121
6 19 0.071
6 22 0.154
6 51 0.169
6 60 0.146
6 61 0.115
6 63 0.152
6 68 0.147
6 75 0.081
6 80 0.149
6 89 0.162
6 95 0.13
6 99 0.155
7 35 0.887
7 56 1
7 59 0.59
7 64 0.683
7 81 0.729
7 83 0.875
7 91 0.869
7 25 0.32
7 34 0.427
7 48 0.186
7 99 0.352
7 23 0.41
7 52 0.491
7 66 0.263
7 88 0.248
7 19 0.306
7 21 0.21
7 22 0.189
7 33 0.342
7 49 0.319
7 85 0.085
7 8 0.232
7 30 0.408
7 43 0.288
7 53 0.167
7 54 0.064
7 57 0.202
7 78 0.058
7 96 0.606
7 28 0.083
7 58 0.198
7 62 0.269
7 45 0.093
7 74 0.376
7 20 0.302
7 92 0.247
7 95 0.63
7 65 0.242
7 77 0.611
7 80 0.379
7 93 0.131
7 26 0.187
7 29 0.058
7 46 0.376
7 63 0.112
7 79 0.208
7 86 0.159
7 9 0.061
7 18 0.125
7 75 0.27
7 87 0.299
7 94 0.204
7 97 0.165
7 17 0.12
7 24 0.183
7 32 0.192
7 44 0.31
7 84 0.037
7 89 0.083
7 37 0.179
7 41 0.203
7 47 0.146
7 51 0.147
7 76 0.151
8 9 0.716
8 71 0.786
8 70 0.906
8 13 0.623
8 35 0.829
8 40 0.055
8 10 0.439
8 49 0.781
8 54 0.615
8 77 0.447
8 78 0.137
8 37 0.975
8 69 0.543
8 73 0.204
8 92 0.045
8 97 0.339
8 16 0.295
8 21 0.206
8 51 0.051
8 55 0.114
8 74 0.132
8 27 0.118
8 57 0.052
8 82 0.213
8 88 0.231
8 26 0.107
8 45 0.09
8 19 0.138
8 24 0.594
8 34 0.056
8 39 0.436
8 86 0.092
8 28 0.136
8 50 0.09
8 90 0.242
8 14 0.084
8 33 0.196
8 58 0.138
8 72 0.284
8 38 0.284
8 52 0.156
8 61 0.108
8 64 0.112
8 66 0.026
8 83 0.2
8 95 0.261
8 18 0.137
8 25 0.148
8 47 0.276
8 62 0.024
8 68 0.162
8 98 0.072
8 30 0.239
8 32 0.054
8 75 0.131
8 89 0.127
8 93 0.213
8 11 0.195
8 31 0.257
8 44 0.139
8 46 0.196
8 53 0.144
8 59 0.133
8 79 0.138
8 80 0.065
8 84 0.194
8 99 0.194
9 25 1
9 45 0.687
9 89 0.759
9 36 0.998
9 50 1
9 30 0.515
9 22 0.297
9 51 0.206
9 61 0.154
9 12 0.283
9 70 0.139
9 76 0.084
9 82 0.211
9 83 0.33
9 15 0.257
9 52 0.055
9 85 0.276
9 33 0.083
9 42 0.291
9 64 0.158
9 84 0.589
9 96 0.023
9 14 0.305
9 53 0.39
9 63 0.286
9 98 0.027
9 38 0.124
9 58 0.03
9 59 0.072
9 86 0.234
9 21 0.178
9 24 0.139
9 46 0.262
9 75 0.086
9 92 0.121
9 95 0.246
9 55 0.162
9 57 0.088
9 90 0.331
9 99 0.113
9 26 0.175
9 32 0.06
9 49 0.15
9 67 0.169
9 73 0.247
9 74 0.018
9 77 0.091
9 87 0.172
9 16 0.156
9 20 0.094
9 28 0.152
9 34 0.158
9 40 0.175
9 56 0.104
9 69 0.187
9 81 0.127
9 88 0.157
9 93 0.11
10 47 1
10 92 0.956
10 64 0.33
10 90 0.361
10 12 0.335
10 15 0.359
10 61 0.605
10 63 0.406
10 69 0.628
10 77 0.416
10 85 0.193
10 95 0.447
10 28 0.11
10 98 0.073
10 19 0.419
10 54 0.081
10 83 0.457
10 97 0.345
10 27 0.071
10 35 0.149
10 30 0.18
10 42 0.114
10 13 0.158
10 23 0.43
10 26 0.05
10 84 0.035
10 34 0.212
10 43 0.256
10 76 0.03
10 99 0.278
10 18 0.135
10 59 0.231
10 74 0.098
10 80 0.235
10 87 0.1
10 14 0.252
10 22 0.373
10 32 0.038
10 38 0.196
10 45 0.033
10 56 0.199
10 57 0.223
10 91 0.081
10 11 0.137
10 16 0.096
10 21 0.147
10 31 0.18
10 75 0.129
10 88 0.169
10 93 0.229
10 52 0.191
10 53 0.267
10 73 0.129
10 20 0.123
10 25 0.159
10 29 0.114
10 41 0.148
10 46 0.132
10 49 0.178
10 50 0.179
10 51 0.186
10 68 0.156
10 70 0.168
10 72 0.156
10 81 0.178
10 82 0.117
10 86 0.181
10 96 0.131
11 15 0.535
11 16 0.55
11 23 0.829
11 91 0.735
11 37 0.654
11 50 1
11 33 0.401
11 52 0.374
11 84 0.083
11 18 0.475
11 31 0.684
11 51 0.651
11 61 0.13
11 62 0.757
11 21 0.712
11 49 0.386
11 90 0.291
11 48 0.373
11 86 0.03
11 30 0.233
11 63 0.633
11 77 0.162
11 32 0.523
11 96 0.277
11 59 0.089
11 92 0.063
11 13 0.544
11 42 0.086
11 60 0.402
11 83 0.053
11 20 0.125
11 25 0.167
11 73 0.148
11 81 0.088
11 82 0.116
11 28 0.103
11 29 0.337
11 44 0.274
11 47 0.12
11 70 0.454
11 85 0.172
11 87 0.028
11 99 0.077
11 12 0.196
11 14 0.14
11 19 0.174
11 27 0.193
11 41 0.162
11 65 0.187
11 35 0.153
11 54 0.342
11 56 0.026
11 68 0.112
11 76 0.135
11 24 0.113
11 26 0.173
11 34 0.155
11 39 0.118
11 46 0.118
11 53 0.146
11 69 0.143
11 71 0.115
11 74 0.204
11 75 0.112
11 78 0.185
11 79 0.126
11 88 0.115
11 89 0.158
12 90 0.98
12 72 0.838
12 22 0.408
12 69 0.792
12 86 0.906
12 30 0.511
12 48 0.09
12 63 0.21
12 39 0.249
12 68 0.078
12 33 0.018
12 14 0.415
12 15 0.248
12 65 0.26
12 83 0.092
12 53 0.545
12 89 0.259
12 18 0.048
12 49 0.293
12 54 0.007
12 35 0.214
12 75 0.265
12 84 0.14
12 23 0.525
12 24 0.188
12 28 0.149
12 56 0.306
12 76 0.124
12 85 0.278
12 91 0.217
12 92 0.198
12 93 0.107
12 13 0.041
12 20 0.299
12 41 0.304
12 45 0.247
12 47 0.193
12 31 0.141
12 38 0.193
12 79 0.139
12 97 0.2
12 27 0.322
12 42 0.166
12 58 0.199
12 67 0.12
12 81 0.173
12 94 0.157
12 96 0.143
12 25 0.24
12 26 0.175
12 36 0.188
12 37 0.164
12 46 0.133
12 52 0.144
12 62 0.182
12 80 0.132
12 88 0.109
12 40 0.176
12 66 0.174
12 73 0.149
12 74 0.206
13 26 1
13 45 0.87
13 65 0.972
13 92 0.689
13 27 0.511
13 72 0.879
13 83 0.623
13 80 0.978
13 33 0.708
13 51 0.424
13 69 0.195
13 47 0.253
13 52 0.158
13 96 0.474
13 59 0.446
13 37 0.24
13 17 0.172
13 62 0.322
13 88 0.328
13 19 0.23
13 18 0.081
13 38 0.2
13 71 0.321
13 79 0.135
13 82 0.294
13 87 0.395
13 89 0.293
13 90 0.239
13 15 0.192
13 22 0.269
13 24 0.203
13 56 0.209
13 57 0.089
13 63 0.296
13 81 0.168
13 20 0.241
13 34 0.308
13 74 0.317
13 84 0.204
13 21 0.291
13 29 0.183
13 46 0.156
13 94 0.111
13 14 0.265
13 32 0.142
13 75 0.147
13 77 0.13
13 86 0.232
13 23 0.193
13 42 0.099
13 49 0.105
13 54 0.125
13 55 0.383
13 73 0.144
13 85 0.126
13 99 0.074
13 60 0.201
13 70 0.121
13 95 0.082
13 98 0.145
14 16 0.562
14 49 0.99
14 51 0.667
14 62 0.918
14 90 1
14 52 0.055
14 23 0.545
14 72 0.142
14 80 0.001
14 25 0.377
14 57 0.474
14 63 0.306
14 79 0.243
14 18 0.066
14 47 0.568
14 22 0.249
14 28 0.117
14 50 0.033
14 64 0.3
14 65 0.299
14 46 0.595
14 60 0.411
14 31 0.251
14 45 0.181
14 99 0.148
14 35 0.377
14 37 0.62
14 38 0.238
14 91 0.215
14 93 0.243
14 24 0.119
14 68 0.179
14 85 0.005
14 86 0.379
14 87 0.314
14 20 0.047
14 82 0.394
14 84 0.309
14 15 0.304
14 40 0.138
14 54 0.202
14 58 0.124
14 70 0.151
14 74 0.257
14 97 0.18
14 33 0.195
14 53 0.107
14 78 0.16
14 21 0.057
14 32 0.054
14 36 0.124
14 39 0.102
14 41 0.248
14 71 0.148
14 75 0.056
14 77 0.099
14 88 0.124
14 89 0.14
14 94 0.152
14 95 0.189
14 19 0.098
14 26 0.123
14 44 0.143
14 66 0.131
14 69 0.133
14 73 0.127
14 92 0.194
15 20 0.947
15 28 0.981
15 31 0.703
15 82 1
15 93 0.593
15 88 0.873
15 27 0.057
15 73 0.404
15 84 0.123
15 22 0.004
15 42 0.171
15 43 0.453
15 81 0.712
15 18 0.149
15 44 0.429
15 85 0.329
15 95 0.381
15 99 0.504
15 25 0.067
15 30 0.249
15 32 0.198
15 67 0.177
15 24 0.323
15 60 0.248
15 94 0.263
15 47 0.208
15 62 0.037
15 91 0.303
15 96 0.258
15 19 0.213
15 29 0.17
15 50 0.246
15 51 0.26
15 78 0.236
15 35 0.153
15 49 0.05
15 57 0.3
15 79 0.158
15 89 0.182
15 64 0.268
15 66 0.227
15 86 0.187
15 39 0.199
15 46 0.26
15 55 0.106
15 68 0.381
15 23 0.161
15 38 0.088
15 54 0.167
15 56 0.35
15 58 0.228
15 76 0.167
15 80 0.245
15 37 0.139
15 52 0.111
15 53 0.279
15 87 0.175
15 59 0.094
15 61 0.124
15 63 0.162
15 70 0.115
15 74 0.173
15 75 0.123
15 83 0.157
15 98 0.183
16 45 0.905
16 88 1
16 54 0.637
16 63 0.821
16 39 0.533
16 51 0.086
16 95 0.225
16 65 0.169
16 73 0.74
16 35 0.307
16 41 0.383
16 50 0.386
16 55 0.375
16 21 0.241
16 22 0.466
16 25 0.342
16 61 0.263
16 24 0.212
16 31 0.554
16 30 0.204
16 62 0.044
16 27 0.357
16 43 0.306
16 84 0.381
16 96 0.243
16 20 0.285
16 48 0.366
16 60 0.459
16 83 0.369
16 94 0.074
16 38 0.241
16 56 0.109
16 64 0.108
16 72 0.286
16 74 0.147
16 76 0.101
16 17 0.17
16 40 0.119
16 58 0.219
16 67 0.164
16 70 0.325
16 90 0.013
16 92 0.235
16 97 0.234
16 26 0.27
16 98 0.154
16 99 0.199
16 42 0.383
16 68 0.259
16 77 0.206
16 85 0.167
16 91 0.174
16 23 0.107
16 28 0.185
16 66 0.14
16 34 0.144
16 46 0.132
16 78 0.146
16 80 0.123
17 19 0.932
17 21 0.243
17 24 0.789
17 25 0.401
17 78 0.932
17 95 0.984
17 91 0.881
17 30 0.357
17 42 0.13
17 44 0.658
17 68 0.482
17 70 0.129
17 58 0.02
17 63 0.18
17 71 0.04
17 22 0.222
17 34 0.247
17 57 0.395
17 66 0.214
17 85 0.248
17 41 0.263
17 46 0.088
17 60 0.167
17 62 0.42
17 79 0.115
17 97 0.351
17 26 0.119
17 69 0.296
17 75 0.123
17 45 0.109
17 59 0.396
17 72 0.204
17 27 0.044
17 39 0.363
17 52 0.23
17 83 0.218
17 90 0.343
17 37 0.057
17 38 0.126
17 40 0.105
17 56 0.06
17 89 0.024
17 20 0.116
17 29 0.266
17 67 0.177
17 99 0.198
17 32 0.193
17 33 0.17
17 36 0.175
17 50 0.063
17 54 0.17
17 76 0.303
17 77 0.107
17 82 0.154
17 93 0.13
17 49 0.181
17 51 0.152
17 64 0.204
17 65 0.136
17 74 0.147
17 84 0.143
17 88 0.106
18 23 0.704
18 54 0.817
18 79 0.647
18 46 0.315
18 22 0.113
18 60 0.208
18 28 0.098
18 37 0.089
18 53 0.188
18 64 0.173
18 38 1
18 42 0.308
18 57 0.107
18 72 0.538
18 96 0.183
18 20 0.115
18 71 0.35
18 83 0.514
18 35 0.337
18 59 0.146
18 26 0.418
18 45 0.173
18 62 0.101
18 87 0.375
18 93 0.506
18 29 0.303
18 39 0.373
18 50 0.368
18 80 0.112
18 98 0.12
18 43 0.401
18 52 0.212
18 91 0.463
18 30 0.106
18 41 0.097
18 49 0.099
18 51 0.15
18 58 0.196
18 69 0.286
18 24 0.104
18 27 0.177
18 48 0.118
18 55 0.018
18 63 0.176
18 66 0.2
18 95 0.203
18 31 0.128
18 44 0.115
18 73 0.184
18 76 0.159
18 81 0.133
18 82 0.202
19 29 1
19 31 0.66
19 81 0.77
19 89 0.926
19 87 0.623
19 32 0.616
19 35 0.202
19 41 0.233
19 52 0.143
19 60 0.655
19 21 0.516
19 44 0.359
19 72 0.381
19 85 0.221
19 27 0.117
19 34 0.352
19 90 0.794
19 20 0.184
19 98 0.047
19 45 0.162
19 66 0.26
19 68 0.428
19 69 0.238
19 95 0.341
19 22 0.406
19 73 0.095
19 91 0.272
19 39 0.129
19 30 0.18
19 61 0.185
19 75 0.164
19 38 0.126
19 42 0.174
19 79 0.209
19 56 0.111
19 62 0.454
19 74 0.245
19 77 0.011
19 84 0.273
19 40 0.261
19 47 0.232
19 49 0.163
19 57 0.105
19 59 0.083
19 65 0.178
19 93 0.297
19 54 0.119
19 55 0.139
19 63 0.009
19 67 0.119
19 78 0.409
19 88 0.185
19 97 0.15
19 24 0.114
19 33 0.166
19 37 0.12
19 50 0.202
19 53 0.156
19 80 0.145
20 22 0.943
20 79 0.926
20 97 0.582
20 74 1
20 43 1
20 21 0.362
20 51 0.585
20 76 0.382
20 40 0.179
20 41 0.268
20 91 0.309
20 44 0.531
20 59 0.338
20 39 0.173
20 82 0.223
20 42 0.243
20 64 0.053
20 93 0.221
20 37 0.136
20 50 0.077
20 54 0.497
20 60 0.352
20 27 0.275
20 47 0.017
20 61 0.181
20 94 0.231
20 23 0.388
20 24 0.169
20 33 0.014
20 73 0.359
20 75 0.144
20 95 0.17
20 48 0.153
20 65 0.115
20 80 0.371
20 38 0.202
20 46 0.064
20 49 0.296
20 70 0.146
20 92 0.015
20 96 0.065
20 52 0.165
20 71 0.154
20 72 0.075
20 35 0.107
20 56 0.102
20 67 0.116
20 69 0.13
20 84 0.178
20 87 0.204
20 98 0.126
20 26 0.209
20 36 0.171
20 55 0.176
20 62 0.138
20 68 0.159
20 90 0.155
21 22 0.636
21 88 0.713
21 52 0.609
21 31 0.786
21 25 0.413
21 55 0.293
21 69 0.456
21 80 0.582
21 86 0.232
21 94 0.092
21 28 0.418
21 89 0.21
21 90 0.251
21 93 0.453
21 39 0.146
21 34 0.124
21 96 0.154
21 27 0.133
21 29 0.441
21 43 0.027
21 58 0.219
21 60 0.545
21 67 0.324
21 65 0.162
21 56 0.087
21 83 0.36
21 33 0.104
21 57 0.353
21 68 0.065
21 97 0.02
21 41 0.162
21 46 0.076
21 50 0.161
21 59 0.078
21 70 0.28
21 92 0.133
21 95 0.375
21 98 0.509
21 42 0.174
21 45 0.501
21 54 0.074
21 85 0.066
21 26 0.143
21 37 0.324
21 38 0.175
21 53 0.145
21 63 0.114
21 36 0.136
21 40 0.188
21 49 0.119
21 61 0.177
21 62 0.121
21 66 0.183
21 73 0.162
21 76 0.146
21 87 0.17
21 99 0.217
22 30 0.582
22 36 0.589
22 57 0.72
22 69 0.86
22 48 0.586
22 26 0.783
22 25 0.26
22 79 0.328
22 28 0.283
22 71 0.203
22 88 0.275
22 60 0.206
22 73 0.227
22 93 0.134
22 32 0.432
22 64 0.491
22 78 0.228
22 40 0.275
22 55 0.342
22 37 0.332
22 50 0.118
22 33 0.227
22 49 0.123
22 76 0.127
22 80 0.348
22 97 0.389
22 74 0.139
22 31 0.174
22 42 0.07
22 81 0.223
22 23 0.192
22 41 0.162
22 52 0.152
22 58 0.138
22 84 0.092
22 99 0.08
22 29 0.151
22 51 0.035
22 53 0.163
22 62 0.098
22 77 0.186
22 96 0.142
22 24 0.148
22 46 0.202
22 54 0.162
22 59 0.155
23 41 1
23 37 0.967
23 91 0.726
23 69 0.696
23 65 0.705
23 45 0.334
23 53 0.195
23 82 0.143
23 62 0.326
23 30 0.39
23 39 0.152
23 54 0.388
23 24 0.121
23 60 0.269
23 52 0.167
23 57 0.541
23 75 0.028
23 50 0.62
23 55 0.033
23 73 0.119
23 85 0.279
23 87 0.333
23 26 0.078
23 34 0.345
23 56 0.218
23 44 0.029
23 83 0.318
23 93 0.159
23 25 0.117
23 40 0.239
23 61 0.006
23 63 0.214
23 80 0.108
23 84 0.282
23 90 0.148
23 94 0.14
23 31 0.265
23 43 0.147
23 49 0.191
23 76 0.202
23 88 0.05
23 95 0.108
23 97 0.232
23 32 0.237
23 33 0.211
23 38 0.158
23 42 0.085
23 27 0.121
23 59 0.147
23 92 0.167
23 98 0.127
23 99 0.202
24 98 0.945
24 90 1
24 36 0.48
24 29 0.928
24 80 0.126
24 83 0.306
24 71 0.388
24 44 0.208
24 97 0.288
24 47 0.389
24 79 0.357
24 87 0.271
24 25 0.662
24 26 0.016
24 34 0.042
24 45 0.425
24 59 0.222
24 75 0.396
24 32 0.377
24 49 0.06
24 76 0.222
24 96 0.204
24 46 0.275
24 48 0.463
24 66 0.468
24 89 0.102
24 27 0.026
24 57 0.287
24 58 0.064
24 51 0.106
24 78 0.08
24 54 0.088
24 70 0.196
24 81 0.165
24 99 0.178
24 35 0.179
24 39 0.201
24 52 0.12
24 53 0.144
24 62 0.173
24 63 0.211
24 72 0.176
24 86 0.284
24 91 0.146
24 33 0.138
24 41 0.174
24 50 0.165
24 55 0.277
24 65 0.106
24 74 0.156
24 94 0.036
24 28 0.178
24 30 0.179
24 40 0.148
24 64 0.153
24 67 0.179
24 69 0.124
25 82 0.77
25 83 0.724
25 85 0.732
25 91 0.941
25 61 0.873
25 74 0.725
25 42 0.137
25 47 0.396
25 87 0.579
25 50 0.979
25 56 0.102
25 67 0.21
25 95 0.511
25 38 0.44
25 48 0.147
25 78 0.248
25 36 0.232
25 51 0.083
25 75 0.132
25 99 0.206
25 41 0.341
25 55 0.11
25 96 0.33
25 43 0.275
25 46 0.041
25 52 0.169
25 53 0.413
25 77 0.282
25 31 0.33
25 34 0.164
25 44 0.212
25 76 0.48
25 28 0.271
25 39 0.032
25 62 0.163
25 64 0.168
25 98 0.369
25 58 0.1
25 69 0.144
25 88 0.082
25 90 0.545
25 26 0.051
25 32 0.076
25 71 0.261
25 37 0.333
25 65 0.323
25 68 0.066
25 84 0.164
25 92 0.373
25 94 0.192
25 33 0.135
25 35 0.159
25 40 0.189
25 57 0.143
25 73 0.122
25 80 0.125
25 89 0.166
25 97 0.121
26 37 0.426
26 56 0.594
26 81 1
26 43 0.933
26 46 0.196
26 54 0.229
26 61 0.84
26 69 0.776
26 73 0.431
26 75 0.352
26 49 0.352
26 52 0.04
26 74 0.312
26 76 0.329
26 90 0.238
26 95 0.338
26 31 0.107
26 58 0.139
26 68 0.44
26 27 0.111
26 35 0.436
26 60 0.214
26 77 0.184
26 93 0.354
26 32 0.279
26 45 0.019
26 50 0.249
26 94 0.211
26 40 0.135
26 66 0.123
26 84 0.111
26 29 0.196
26 36 0.15
26 39 0.138
26 51 0.26
26 53 0.101
26 83 0.143
26 33 0.153
26 59 0.168
26 63 0.153
26 65 0.268
26 82 0.169
26 86 0.074
26 42 0.156
26 44 0.123
26 48 0.092
26 67 0.162
26 70 0.166
26 72 0.19
26 92 0.126
26 98 0.152
27 43 0.689
27 89 0.818
27 60 0.953
27 96 0.118
27 70 0.35
27 82 0.75
27 78 0.278
27 92 0.523
27 56 0.215
27 36 0.42
27 65 0.056
27 69 0.431
27 91 0.235
27 97 0.687
27 52 0.672
27 73 0.245
27 48 0.279
27 53 0.212
27 58 0.053
27 80 0.109
27 49 0.017
27 68 0.363
27 71 0.241
27 75 0.231
27 99 0.049
27 45 0.064
27 67 0.136
27 87 0.205
27 93 0.165
27 34 0.05
27 37 0.156
27 51 0.121
27 81 0.073
27 28 0.155
27 29 0.169
27 30 0.252
27 41 0.103
27 42 0.192
27 54 0.169
27 57 0.132
27 83 0.184
27 84 0.103
27 39 0.008
27 44 0.159
27 50 0.026
27 74 0.14
27 88 0.197
27 31 0.144
27 32 0.13
27 35 0.154
27 66 0.146
27 72 0.187
27 86 0.139
27 90 0.141
27 94 0.169
28 36 0.952
28 64 0.588
28 99 0.897
28 38 0.279
28 33 0.652
28 91 0.41
28 47 0.135
28 59 0.033
28 81 0.508
28 31 0.477
28 42 0.032
28 86 0.225
28 97 0.202
28 51 0.034
28 83 0.272
28 30 0.411
28 53 0.045
28 54 0.186
28 78 0.122
28 96 0.195
28 52 0.186
28 57 0.028
28 60 0.165
28 35 0.256
28 37 0.171
28 41 0.172
28 76 0.156
28 29 0.074
28 43 0.413
28 70 0.354
28 74 0.12
28 44 0.214
28 49 0.206
28 55 0.238
28 67 0.295
28 46 0.18
28 32 0.117
28 39 0.136
28 45 0.117
28 63 0.171
28 79 0.139
28 82 0.185
28 90 0.104
28 98 0.179
28 48 0.135
28 61 0.134
28 69 0.148
28 73 0.125
28 75 0.166
28 87 0.221
28 92 0.186
28 94 0.147
28 95 0.165
29 38 0.644
29 62 0.6
29 98 0.837
29 69 0.399
29 71 0.947
29 99 0.956
29 89 0.277
29 48 0.223
29 65 0.213
29 44 0.419
29 57 0.419
29 58 0.4
29 76 0.43
29 54 0.017
29 72 0.603
29 78 0.067
29 92 0.164
29 96 0.317
29 41 0.574
29 56 0.37
29 81 0.229
29 87 0.091
29 95 0.313
29 51 0.305
29 75 0.165
29 34 0.292
29 36 0.345
29 70 0.208
29 30 0.144
29 63 0.301
29 90 0.008
29 91 0.265
29 53 0.133
29 61 0.239
29 31 0.143
29 32 0.218
29 79 0.049
29 35 0.229
29 42 0.163
29 43 0.145
29 52 0.321
29 55 0.258
29 83 0.26
29 45 0.161
29 49 0.298
29 77 0.226
29 82 0.181
29 88 0.174
29 39 0.126
29 59 0.16
29 60 0.171
29 73 0.159
29 80 0.198
29 84 0.113
29 85 0.139
29 93 0.126
30 35 1
30 61 1
30 68 0.673
30 69 1
30 77 0.919
30 91 0.822
30 49 0.78
30 90 0.154
30 48 0.14
30 53 0.422
30 59 0.408
30 66 0.667
30 89 0.231
30 56 0.801
30 36 0.297
30 44 0.46
30 95 0.368
30 52 0.402
30 62 0.538
30 81 0.117
30 96 0.304
30 55 0.193
30 70 0.17
30 82 0.269
30 84 0.189
30 39 0.187
30 99 0.163
30 32 0.335
30 67 0.384
30 98 0.471
30 75 0.279
30 78 0.236
30 80 0.035
30 38 0.307
30 50 0.092
30 58 0.212
30 71 0.192
30 73 0.144
30 94 0.152
30 33 0.14
30 40 0.108
30 46 0.187
30 51 0.15
30 76 0.303
30 85 0.137
30 31 0.243
30 42 0.151
30 64 0.113
30 88 0.142
30 65 0.173
31 96 0.585
31 38 0.938
31 70 1
31 91 0.931
31 42 0.44
31 41 0.536
31 37 0.413
31 86 0.141
31 34 0.084
31 40 0.169
31 55 0.41
31 85 0.373
31 76 0.689
31 97 0.454
31 44 0.385
31 66 0.082
31 73 0.259
31 80 0.198
31 59 0.429
31 84 0.464
31 43 0.155
31 72 0.301
31 90 0.318
31 45 0.074
31 95 0.13
31 51 0.137
31 60 0.275
31 69 0.422
31 58 0.101
31 75 0.301
31 79 0.186
31 81 0.35
31 46 0.136
31 54 0.14
31 83 0.317
31 98 0.244
31 32 0.15
31 35 0.139
31 36 0.082
31 48 0.199
31 57 0.196
31 74 0.191
31 50 0.194
31 52 0.114
31 56 0.156
31 63 0.138
31 71 0.165
31 78 0.137
31 87 0.145
31 92 0.126
31 93 0.192
31 94 0.156
32 74 0.563
32 90 0.395
32 95 0.926
32 76 0.864
32 72 0.898
32 93 1
32 71 0.325
32 57 0.575
32 61 0.273
32 81 0.007
32 47 0.038
32 77 0.293
32 92 0.199
32 82 0.389
32 85 0.148
32 36 0.23
32 54 0.181
32 58 0.422
32 88 0.255
32 44 0.101
32 87 0.331
32 40 0.447
32 51 0.143
32 68 0.016
32 70 0.329
32 84 0.182
32 60 0.018
32 80 0.02
32 33 0.134
32 89 0.278
32 34 0.191
32 63 0.242
32 67 0.179
32 73 0.287
32 78 0.29
32 94 0.317
32 37 0.16
32 50 0.161
32 56 0.004
32 96 0.184
32 98 0.189
32 35 0.142
32 39 0.114
32 41 0.237
32 42 0.177
32 49 0.181
32 55 0.027
32 69 0.139
32 75 0.13
32 79 0.218
32 83 0.207
32 46 0.158
32 97 0.132
33 57 0.523
33 73 0.903
33 93 1
33 62 0.601
33 37 0.221
33 79 0.491
33 78 0.29
33 82 0.283
33 96 0.566
33 99 0.705
33 54 0.014
33 92 0.051
33 40 0.349
33 35 0.354
33 41 0.284
33 46 0.213
33 66 0.158
33 85 0.47
33 53 0.093
33 58 0.207
33 68 0.129
33 91 0.513
33 95 0.076
33 70 0.322
33 86 0.251
33 94 0.191
33 98 0.243
33 60 0.163
33 74 0.206
33 76 0.022
33 39 0.1
33 48 0.036
33 50 0.086
33 34 0.141
33 44 0.077
33 89 0.122
33 90 0.101
33 43 0.114
33 49 0.093
33 52 0.172
33 63 0.219
33 77 0.118
33 83 0.175
33 87 0.122
33 88 0.207
33 97 0.16
34 85 0.5
34 66 0.691
34 36 0.913
34 35 0.325
34 82 0.793
34 98 0.104
34 43 0.081
34 59 0.073
34 91 0.273
34 55 0.221
34 99 0.051
34 42 0.391
34 71 0.324
34 53 0.128
34 65 0.318
34 70 0.082
34 73 0.056
34 44 0.118
34 45 0.202
34 86 0.083
34 75 0.191
34 77 0.181
34 47 0.061
34 54 0.257
34 61 0.183
34 68 0.066
34 81 0.226
34 63 0.141
34 67 0.08
34 74 0.227
34 76 0.163
34 80 0.35
34 40 0.189
34 52 0.153
34 56 0.125
34 97 0.227
34 41 0.135
34 50 0.144
34 60 0.165
34 84 0.062
34 94 0.122
34 39 0.133
34 46 0.164
34 51 0.133
34 62 0.171
34 64 0.125
34 83 0.169
34 96 0.119
35 84 0.876
35 43 0.193
35 46 0.06
35 74 0.545
35 85 0.446
35 88 0.199
35 39 0.065
35 44 0.181
35 54 0.224
35 73 0.051
35 80 0.44
35 87 0.479
35 89 0.63
35 96 0.543
35 40 0.277
35 71 0.287
35 82 0.082
35 41 0.287
35 64 0.089
35 76 0.24
35 36 0.341
35 79 0.408
35 90 0.346
35 53 0.085
35 67 0.273
35 70 0.079
35 77 0.186
35 83 0.012
35 95 0.215
35 37 0.226
35 56 0.128
35 58 0.369
35 62 0.09
35 81 0.139
35 47 0.112
35 48 0.491
35 66 0.224
35 91 0.09
35 99 0.282
35 65 0.133
35 61 0.235
35 72 0.307
35 86 0.145
35 52 0.128
35 92 0.116
35 93 0.137
36 54 0.657
36 58 0.897
36 67 0.651
36 79 1
36 95 1
36 98 0.826
36 50 0.231
36 66 0.565
36 70 0.417
36 59 0.744
36 86 0.369
36 90 0.144
36 97 0.631
36 55 0.081
36 69 0.367
36 94 0.003
36 63 0.244
36 80 0.126
36 38 0.246
36 74 0.18
36 87 0.58
36 72 0.379
36 84 0.126
36 49 0.053
36 61 0.237
36 73 0.319
36 76 0.05
36 81 0.249
36 51 0.369
36 45 0.158
36 39 0.114
36 60 0.323
36 82 0.27
36 41 0.21
36 42 0.168
36 85 0.192
36 93 0.16
36 56 0.086
36 77 0.126
36 92 0.196
36 43 0.121
36 44 0.152
36 46 0.135
36 64 0.175
36 96 0.169
37 38 0.819
37 41 0.896
37 48 0.466
37 85 0.949
37 99 0.928
37 73 0.614
37 39 0.171
37 61 0.687
37 50 0.189
37 45 0.2
37 59 0.084
37 60 0.309
37 67 0.614
37 86 0.343
37 68 0.046
37 95 0.503
37 42 0.325
37 43 0.243
37 65 0.267
37 79 0.136
37 44 0.286
37 57 0.101
37 64 0.146
37 52 0.005
37 51 0.2
37 84 0.202
37 47 0.176
37 66 0.088
37 89 0.266
37 92 0.372
37 98 0.174
37 63 0.156
37 88 0.429
37 71 0.16
37 80 0.019
37 87 0.172
37 72 0.246
37 82 0.158
37 49 0.126
37 69 0.177
37 70 0.131
37 76 0.187
37 77 0.132
37 78 0.104
37 81 0.187
37 90 0.159
37 96 0.137
37 97 0.143
38 55 0.764
38 99 1
38 73 0.162
38 44 0.229
38 71 0.06
38 68 0.354
38 84 0.485
38 57 0.432
38 87 0.361
38 39 0.393
38 48 0.366
38 54 0.327
38 89 0.573
38 97 0.276
38 60 0.08
38 43 0.138
38 90 0.272
38 96 0.207
38 47 0.164
38 51 0.118
38 56 0.076
38 58 0.194
38 81 0.169
38 88 0.378
38 98 0.303
38 52 0.386
38 59 0.108
38 74 0.182
38 79 0.12
38 92 0.094
38 93 0.264
38 94 0.365
38 95 0.103
38 40 0.426
38 49 0.084
38 65 0.177
38 83 0.099
38 64 0.163
38 80 0.145
39 55 0.999
39 76 0.808
39 81 0.894
39 82 0.769
39 99 0.419
39 91 1
39 87 0.105
39 52 0.335
39 85 0.078
39 83 0.491
39 44 0.409
39 89 0.052
39 96 0.554
39 67 0.112
39 73 0.149
39 75 0.485
39 77 0.185
39 47 0.18
39 48 0.042
39 80 0.25
39 94 0.059
39 40 0.104
39 63 0.351
39 41 0.274
39 45 0.132
39 70 0.048
39 95 0.258
39 98 0.186
39 65 0.096
39 66 0.045
39 42 0.153
39 54 0.249
39 59 0.319
39 78 0.295
39 79 0.138
39 68 0.26
39 71 0.194
39 72 0.189
39 84 0.152
39 86 0.183
39 88 0.158
39 92 0.222
39 50 0.139
39 53 0.108
39 56 0.165
39 57 0.174
39 60 0.152
39 64 0.188
39 74 0.113
39 93 0.197
39 97 0.105
40 46 0.976
40 52 0.568
40 96 0.828
40 49 0.772
40 41 0.907
40 58 0.593
40 72 0.194
40 53 0.07
40 54 0.149
40 94 0.003
40 55 0.162
40 83 0.316
40 76 0.066
40 50 0.397
40 60 0.182
40 67 0.421
40 70 0.179
40 80 0.159
40 92 0.185
40 69 0.139
40 77 0.207
40 91 0.135
40 98 0.018
40 48 0.16
40 68 0.189
40 79 0.173
40 87 0.171
40 88 0.12
40 43 0.195
40 56 0.03
40 66 0.165
40 71 0.117
40 84 0.263
40 95 0.147
40 44 0.172
40 51 0.121
40 63 0.123
40 73 0.175
40 74 0.168
40 85 0.212
41 42 0.973
41 58 0.846
41 66 0.745
41 85 1
41 80 0.698
41 59 0.881
41 86 0.58
41 83 0.881
41 56 0.295
41 72 0.176
41 74 0.538
41 76 0.131
41 79 0.112
41 88 0.138
41 84 0.038
41 48 0.621
41 82 0.165
41 63 0.054
41 60 0.321
41 69 0.5
41 73 0.234
41 78 0.213
41 90 0.555
41 45 0.289
41 46 0.202
41 77 0.216
41 92 0.235
41 98 0.189
41 51 0.112
41 81 0.355
41 93 0.142
41 96 0.344
41 99 0.122
41 43 0.088
41 62 0.212
41 61 0.103
41 64 0.089
41 44 0.132
41 49 0.166
41 55 0.13
41 67 0.18
41 70 0.179
41 75 0.142
41 87 0.157
41 89 0.161
42 65 0.933
42 94 0.927
42 95 0.608
42 97 0.754
42 98 0.955
42 51 0.976
42 86 0.791
42 53 0.28
42 66 0.306
42 73 0.23
42 70 0.425
42 99 0.399
42 56 0.132
42 57 0.357
42 85 0.248
42 60 0.158
42 90 0.453
42 91 0.402
42 67 0.203
42 54 0.226
42 58 0.016
42 72 0.09
42 92 0.119
42 64 0.33
42 78 0.133
42 83 0.25
42 62 0.176
42 76 0.27
42 87 0.119
42 46 0.283
42 49 0.122
42 55 0.307
42 61 0.088
42 71 0.161
42 88 0.258
42 93 0.126
42 50 0.15
42 68 0.184
42 80 0.234
42 43 0.188
42 47 0.147
43 53 0.72
43 61 0.793
43 66 0.593
43 59 0.9
43 67 0.133
43 87 0.1
43 71 0.396
43 92 0.196
43 49 0.435
43 52 0.252
43 63 0.521
43 68 0.205
43 82 0.149
43 55 0.151
43 86 0.306
43 51 0.116
43 85 0.111
43 95 0.014
43 48 0.034
43 79 0.293
43 88 0.196
43 98 0.181
43 46 0.166
43 69 0.098
43 70 0.12
43 75 0.129
43 77 0.198
43 80 0.103
43 89 0.134
43 90 0.101
43 93 0.388
43 44 0.113
43 73 0.135
43 84 0.164
43 99 0.093
44 71 0.888
44 82 0.947
44 70 0.509
44 73 0.972
44 74 0.384
44 90 0.276
44 92 0.064
44 99 0.049
44 83 0.272
44 62 0.283
44 68 0.322
44 54 0.448
44 96 0.172
44 45 0.211
44 94 0.305
44 69 0.577
44 86 0.504
44 98 0.354
44 77 0.547
44 84 0.158
44 50 0.194
44 59 0.22
44 79 0.38
44 56 0.034
44 76 0.143
44 78 0.112
44 80 0.199
44 87 0.035
44 95 0.029
44 53 0.141
44 63 0.226
44 81 0.091
44 55 0.182
44 57 0.248
44 58 0.056
44 65 0.197
44 67 0.151
44 93 0.224
44 97 0.093
44 49 0.106
44 75 0.16
44 91 0.162
45 70 0.957
45 97 0.995
45 92 0.983
45 53 0.171
45 96 0.824
45 50 0.354
45 87 0.335
45 49 0.065
45 51 0.209
45 47 0.19
45 86 0.324
45 99 0.507
45 46 0.26
45 65 0.4
45 80 0.073
45 84 0.119
45 85 0.505
45 52 0.132
45 56 0.336
45 81 0.095
45 67 0.145
45 98 0.412
45 88 0.247
45 48 0.146
45 72 0.176
45 73 0.066
45 76 0.127
45 90 0.196
45 94 0.184
45 55 0.134
45 60 0.118
45 61 0.155
45 64 0.026
45 74 0.083
45 77 0.227
45 82 0.149
45 83 0.217
45 89 0.174
45 95 0.213
45 54 0.117
45 57 0.088
45 62 0.133
45 69 0.131
45 93 0.183
46 62 0.593
46 64 0.782
46 81 0.951
46 91 0.8
46 71 0.999
46 61 0.78
46 65 0.455
46 96 0.131
46 70 0.412
46 56 0.298
46 67 0.145
46 68 0.493
46 94 0.493
46 72 0.052
46 66 0.336
46 74 0.058
46 79 0.422
46 59 0.559
46 92 0.182
46 51 0.361
46 93 0.108
46 97 0.198
46 75 0.33
46 76 0.095
46 80 0.332
46 85 0.078
46 89 0.288
46 99 0.194
46 47 0.243
46 52 0.226
46 73 0.137
46 83 0.091
46 50 0.082
46 53 0.162
46 54 0.149
46 55 0.14
46 57 0.039
46 78 0.157
46 88 0.163
46 90 0.108
46 48 0.098
46 49 0.145
46 58 0.181
46 63 0.167
46 87 0.131
46 95 0.221
47 52 0.696
47 67 0.729
47 72 0.408
47 99 0.605
47 50 0.352
47 82 0.272
47 93 0.444
47 76 0.41
47 97 0.326
47 57 0.096
47 78 0.321
47 89 0.172
47 94 0.341
47 68 0.342
47 69 0.263
47 51 0.187
47 70 0.553
47 87 0.135
47 48 0.124
47 60 0.028
47 65 0.381
47 74 0.166
47 56 0.142
47 64 0.258
47 83 0.377
47 84 0.175
47 90 0.035
47 54 0.171
47 55 0.166
47 61 0.026
47 66 0.087
47 96 0.101
47 98 0.135
47 59 0.198
47 62 0.149
47 63 0.127
47 75 0.108
47 80 0.157
47 85 0.103
47 86 0.152
47 88 0.14
47 92 0.153
48 79 0.822
48 80 0.095
48 86 0.764
48 58 0.514
48 69 0.758
48 70 0.107
48 65 0.156
48 50 0.42
48 72 0.227
48 98 0.29
48 53 0.312
48 74 0.211
48 51 0.26
48 99 0.249
48 60 0.224
48 67 0.285
48 78 0.158
48 54 0.238
48 76 0.095
48 77 0.456
48 95 0.034
48 73 0.05
48 88 0.047
48 57 0.087
48 59 0.173
48 87 0.316
48 90 0.432
48 91 0.106
48 64 0.518
48 85 0.11
48 61 0.148
48 71 0.331
48 92 0.151
48 49 0.165
48 52 0.153
48 56 0.173
48 62 0.143
48 66 0.139
48 68 0.123
49 72 0.566
49 80 0.643
49 88 0.359
49 96 0.611
49 76 0.195
49 51 0.158
49 92 0.163
49 50 0.024
49 66 0.24
49 74 0.308
49 79 0.263
49 52 0.133
49 75 0.332
49 85 0.102
49 62 0.061
49 59 0.328
49 84 0.168
49 89 0.203
49 95 0.156
49 99 0.083
49 65 0.082
49 68 0.064
49 70 0.12
49 81 0.551
49 87 0.15
49 98 0.05
49 53 0.151
49 60 0.128
49 77 0.202
49 83 0.154
49 63 0.175
49 64 0.089
49 67 0.144
49 71 0.113
49 73 0.1
49 90 0.145
49 91 0.172
49 97 0.052
50 64 0.849
50 74 0.459
50 75 1
50 84 1
50 55 0.157
50 66 0.501
50 89 0.059
50 91 0.288
50 94 0.575
50 62 0.111
50 81 0.24
50 82 0.236
50 71 0.07
50 98 0.172
50 63 0.134
50 68 0.032
50 87 0.119
50 52 0.009
50 77 0.466
50 51 0.131
50 76 0.056
50 78 0.026
50 85 0.116
50 65 0.37
50 83 0.146
50 92 0.166
50 56 0.159
50 93 0.087
50 54 0.141
50 57 0.032
50 58 0.155
50 67 0.195
50 73 0.214
50 79 0.156
50 90 0.122
50 96 0.124
51 65 0.862
51 69 0.694
51 89 0.867
51 92 0.721
51 80 0.26
51 85 0.439
51 96 0.01
51 54 0.421
51 63 0.319
51 53 0.358
51 66 0.526
51 68 0.688
51 86 0.144
51 98 0.437
51 59 0.175
51 78 0.331
51 56 0.039
51 57 0.037
51 64 0.092
51 73 0.2
51 77 0.138
51 83 0.269
51 94 0.486
51 87 0.162
51 93 0.155
51 58 0.09
51 76 0.171
51 90 0.115
51 95 0.089
51 52 0.142
51 60 0.124
51 71 0.136
51 72 0.172
51 75 0.111
51 81 0.182
51 84 0.13
52 54 0.92
52 55 0.803
52 58 0.543
52 63 0.591
52 66 1
52 82 0.942
52 69 0.521
52 99 0.567
52 59 0.169
52 65 0.161
52 79 0.487
52 86 0.185
52 94 0.263
52 73 0.19
52 57 0.145
52 81 0.74
52 98 0.759
52 74 0.134
52 90 0.246
52 88 0.453
52 70 0.365
52 60 0.21
52 64 0.247
52 72 0.348
52 56 0.149
52 89 0.246
52 75 0.412
52 61 0.03
52 67 0.169
52 78 0.161
52 95 0.258
52 68 0.191
52 83 0.098
52 91 0.177
52 97 0.158
52 53 0.101
52 77 0.094
52 85 0.154
52 87 0.161
52 93 0.207
53 98 0.913
53 79 0.093
53 81 0.407
53 83 0.24
53 60 0.341
53 64 0.099
53 72 0.519
53 74 0.447
53 82 0.301
53 95 0.189
53 80 0.142
53 61 0.125
53 71 0.308
53 85 0.184
53 66 0.414
53 68 0.134
53 58 0.138
53 67 0.429
53 91 0.414
53 94 0.216
53 62 0.293
53 70 0.42
53 75 0.156
53 57 0.245
53 96 0.152
53 76 0.167
53 86 0.116
53 88 0.144
53 92 0.231
53 56 0.217
53 63 0.135
53 65 0.09
53 69 0.139
53 73 0.181
53 84 0.175
53 97 0.208
53 99 0.12
54 67 0.606
54 80 0.686
54 84 0.533
54 94 0.977
54 69 0.713
54 86 0.565
54 97 0.166
54 58 0.204
54 71 0.027
54 76 0.793
54 65 0.006
54 79 0.515
54 92 0.247
54 93 0.136
54 57 0.083
54 55 0.025
54 99 0.17
54 70 0.336
54 81 0.102
54 90 0.097
54 56 0.157
54 59 0.203
54 66 0.095
54 68 0.156
54 73 0.139
54 83 0.116
54 85 0.174
54 88 0.138
55 72 0.914
55 82 0.956
55 61 0.367
55 77 0.846
55 76 0.411
55 63 0.23
55 70 0.81
55 65 0.098
55 81 0.023
55 56 0.143
55 75 0.042
55 86 0.227
55 79 0.201
55 89 0.582
55 99 0.181
55 69 0.079
55 85 0.655
55 88 0.272
55 91 0.288
55 80 0.094
55 90 0.185
55 62 0.132
55 68 0.175
55 94 0.342
55 92 0.454
55 58 0.18
55 67 0.164
55 66 0.107
55 73 0.118
55 74 0.149
55 84 0.15
55 95 0.117
55 97 0.153
55 98 0.196
56 81 0.784
56 89 0.63
56 93 0.51
56 62 0.534
56 99 0.797
56 58 0.869
56 57 0.182
56 74 0.063
56 73 0.527
56 80 0.715
56 82 0.295
56 60 0.122
56 77 0.274
56 78 0.438
56 61 0.243
56 65 0.327
56 96 0.204
56 69 0.293
56 75 0.389
56 90 0.044
56 59 0.29
56 63 0.53
56 66 0.13
56 87 0.201
56 72 0.149
56 94 0.061
56 64 0.046
56 79 0.179
56 84 0.05
56 85 0.167
56 86 0.138
56 91 0.19
56 76 0.176
56 83 0.18
56 92 0.188
56 98 0.146
57 75 0.954
57 78 0.938
57 86 0.768
57 88 0.134
57 91 0.392
57 69 0.573
57 76 0.154
57 77 0.008
57 84 0.146
57 82 0.265
57 59 0.708
57 62 0.401
57 68 0.033
57 80 0.129
57 81 0.321
57 94 0.109
57 66 0.185
57 70 0.318
57 85 0.33
57 95 0.286
57 64 0.076
57 83 0.145
57 96 0.115
57 67 0.139
57 92 0.144
57 99 0.127
57 63 0.146
57 72 0.118
57 79 0.092
57 87 0.142
58 60 0.84
58 85 0.738
58 96 0.833
58 97 0.649
58 73 0.38
58 90 0.216
58 99 0.002
58 86 0.485
58 92 0.053
58 98 0.349
58 68 0.267
58 61 0.52
58 87 0.022
58 62 0.234
58 70 0.044
58 75 0.295
58 76 0.053
58 77 0.098
58 82 0.4
58 88 0.292
58 89 0.304
58 59 0.206
58 71 0.154
58 80 0.227
58 63 0.169
58 67 0.138
58 79 0.158
58 81 0.145
58 94 0.125
59 96 0.721
59 66 1
59 65 1
59 80 0.41
59 90 0.44
59 62 0.256
59 72 0.214
59 93 0.396
59 82 0.169
59 81 0.013
59 69 0.094
59 73 0.182
59 87 0.116
59 92 0.167
59 95 0.166
59 67 0.172
59 77 0.092
59 98 0.021
59 91 0.196
59 60 0.103
59 71 0.03
59 83 0.335
59 86 0.058
59 88 0.038
59 97 0.081
59 99 0.178
59 61 0.155
59 78 0.169
59 79 0.118
59 89 0.153
60 79 0.954
60 74 0.427
60 77 0.554
60 81 0.137
60 80 0.287
60 89 0.658
60 63 0.255
60 65 0.19
60 73 0.016
60 69 0.505
60 70 0.164
60 72 0.357
60 78 0.241
60 92 0.199
60 82 0.181
60 96 0.005
60 62 0.349
60 66 0.041
60 71 0.05
60 76 0.052
60 84 0.256
60 85 0.101
60 95 0.245
60 98 0.141
60 67 0.126
60 75 0.218
60 90 0.224
60 91 0.296
60 93 0.165
60 99 0.149
60 61 0.12
60 64 0.144
60 68 0.111
61 89 0.597
61 63 1
61 95 0.717
61 88 0.441
61 75 0.306
61 62 0.23
61 78 0.456
61 81 0.466
61 85 0.349
61 86 0.196
61 91 0.51
61 99 0.147
61 79 0.339
61 65 0.147
61 66 0.301
61 90 0.325
61 72 0.253
61 80 0.165
61 82 0.112
61 94 0.19
61 76 0.181
61 70 0.337
61 71 0.299
61 83 0.299
61 64 0.167
61 77 0.144
61 98 0.387
61 69 0.196
61 84 0.143
61 92 0.13
61 96 0.117
62 77 0.914
62 85 0.806
62 65 0.347
62 68 0.479
62 92 0.122
62 90 0.355
62 97 0.341
62 70 0.573
62 96 0.279
62 66 0.233
62 89 0.2
62 78 0.314
62 69 0.194
62 72 0.405
62 74 0.075
62 75 0.175
62 91 0.094
62 67 0.116
62 76 0.192
62 99 0.115
62 73 0.194
62 83 0.217
62 88 0.191
62 82 0.184
62 64 0.152
62 80 0.276
62 98 0.164
62 63 0.132
62 71 0.142
62 81 0.139
62 84 0.157
63 64 0.651
63 69 1
63 73 0.617
63 76 0.914
63 80 0.971
63 75 0.777
63 66 0.16
63 88 0.083
63 70 0.211
63 92 0.379
63 87 0.083
63 94 0.022
63 83 0.204
63 71 0.55
63 89 0.329
63 67 0.281
63 77 0.047
63 91 0.147
63 86 0.142
63 90 0.15
63 95 0.205
63 96 0.195
63 98 0.17
63 72 0.166
63 78 0.135
64 66 0.804
64 74 0.354
64 72 0.161
64 76 0.108
64 87 0.058
64 84 0.168
64 86 0.337
64 88 0.327
64 97 0.209
64 81 0.147
64 96 0.013
64 65 0.184
64 69 0.122
64 73 0.227
64 75 0.187
64 77 0.203
64 80 0.063
64 78 0.171
64 92 0.115
64 68 0.17
64 70 0.09
64 71 0.193
64 82 0.173
64 83 0.138
64 85 0.147
64 94 0.194
64 98 0.161
64 99 0.138
65 94 0.811
65 83 0.908
65 90 0.814
65 81 0.043
65 91 0.189
65 66 0.316
65 82 0.173
65 96 0.261
65 76 0.343
65 97 0.271
65 87 0.196
65 95 0.376
65 75 0.535
65 78 0.15
65 89 0.076
65 93 0.096
65 70 0.179
65 86 0.161
65 71 0.117
65 77 0.146
65 68 0.187
65 84 0.136
66 94 1
66 76 1
66 92 0.569
66 83 0.349
66 98 0.557
66 75 0.538
66 82 0.308
66 86 0.2
66 67 0.162
66 74 0.576
66 70 0.179
66 93 0.043
66 72 0.134
66 78 0.308
66 84 0.191
66 97 0.187
66 85 0.113
66 88 0.13
66 99 0.247
66 71 0.111
66 79 0.113
66 91 0.053
66 95 0.188
66 96 0.217
66 81 0.129
67 73 1
67 93 0.755
67 98 0.491
67 82 0.198
67 83 0.468
67 87 0.074
67 81 0.16
67 84 0.115
67 76 0.079
67 78 0.184
67 90 0.172
67 92 0.125
67 95 0.017
67 97 0.175
67 79 0.123
67 85 0.149
67 88 0.269
67 68 0.187
67 74 0.206
67 77 0.156
67 94 0.118
67 96 0.14
68 89 0.907
68 92 0.638
68 72 0.192
68 84 0.444
68 88 0.019
68 99 0.351
68 70 0.51
68 86 0.115
68 74 0.005
68 96 0.148
68 98 0.069
68 81 0.027
68 71 0.215
68 76 0.123
68 94 0.365
68 93 0.038
68 95 0.299
68 77 0.134
68 83 0.134
68 87 0.182
68 90 0.155
69 71 1
69 94 0.055
69 86 0.222
69 89 0.269
69 98 0.581
69 75 0.17
69 78 0.552
69 90 0.193
69 96 0.047
69 99 0.171
69 70 0.28
69 82 0.041
69 92 0.317
69 97 0.285
69 76 0.148
69 83 0.111
69 85 0.228
69 73 0.244
69 84 0.242
69 93 0.007
69 72 0.135
69 88 0.136
69 91 0.138
69 77 0.139
69 95 0.162
70 74 0.467
70 80 0.276
70 91 0.228
70 86 0.09
70 76 0.283
70 95 0.317
70 96 0.287
70 77 0.364
70 71 0.028
70 81 0.257
70 78 0.375
70 85 0.104
70 97 0.018
70 88 0.14
70 79 0.133
70 82 0.256
70 83 0.143
70 89 0.206
70 75 0.101
70 84 0.169
70 87 0.165
70 72 0.152
71 76 0.876
71 84 0.677
71 92 0.22
71 89 0.282
71 87 0.275
71 88 0.389
71 72 0.284
71 78 0.367
71 79 0.044
71 85 0.119
71 94 0.145
71 81 0.209
71 98 0.152
71 73 0.254
71 91 0.096
71 93 0.139
71 82 0.171
71 95 0.137
71 74 0.154
72 73 0.821
72 82 0.838
72 97 0.937
72 92 0.709
72 89 0.596
72 80 0.1
72 81 0.338
72 91 0.163
72 98 0.06
72 86 0.714
72 87 0.119
72 79 0.185
72 77 0.184
72 94 0.21
72 88 0.288
72 95 0.131
72 74 0.14
73 88 0.835
73 96 0.349
73 81 0.451
73 79 0.669
73 76 0.237
73 98 0.229
73 78 0.255
73 82 0.337
73 89 0.128
73 92 0.305
73 75 0.258
73 83 0.331
73 84 0.138
73 85 0.178
73 86 0.222
73 94 0.034
73 74 0.149
73 77 0.113
73 93 0.149
74 78 1
74 84 0.509
74 89 1
74 92 0.943
74 98 0.199
74 75 0.358
74 80 0.669
74 95 0.079
74 77 0.247
74 86 0.195
74 82 0.151
74 97 0.206
74 88 0.128
74 90 0.102
74 94 0.1
74 81 0.128
74 93 0.123
75 97 0.822
75 78 0.094
75 79 0.215
75 80 0.091
75 81 0.576
75 84 0.221
75 88 0.022
75 93 0.037
75 91 0.152
75 76 0.042
75 89 0.054
75 82 0.105
75 77 0.159
75 86 0.165
75 95 0.23
75 98 0.079
75 99 0.256
75 83 0.094
75 90 0.131
75 94 0.164
76 77 0.78
76 81 0.22
76 96 0.258
76 84 0.305
76 93 0.457
76 98 0.344
76 95 0.362
76 79 0.299
76 92 0.269
76 94 0.148
76 87 0.359
76 88 0.226
76 90 0.255
76 78 0.121
76 86 0.106
76 91 0.095
76 80 0.217
76 82 0.413
76 89 0.144
76 85 0.132
77 91 0.976
77 98 0.402
77 79 0.442
77 94 0.175
77 95 0.66
77 78 0.102
77 81 0.176
77 88 0.132
77 87 0.757
77 85 0.231
77 84 0.44
77 89 0.231
77 96 0.07
77 92 0.119
77 97 0.18
78 79 0.894
78 87 0.952
78 97 1
78 89 0.241
78 85 0.258
78 96 0.054
78 91 0.133
78 81 0.18
78 99 0.254
78 90 0.659
78 98 0.051
78 93 0.094
78 94 0.155
78 84 0.132
78 95 0.186
79 89 0.167
79 82 0.285
79 98 0.154
79 91 0.588
79 87 0.168
79 80 0.004
79 84 0.215
79 92 0.062
79 93 0.083
79 96 0.165
79 83 0.172
79 85 0.135
79 95 0.156
80 85 0.103
80 84 0.366
80 98 0.267
80 92 0.091
80 99 0.402
80 81 0.296
80 94 0.097
80 90 0.078
80 95 0.156
80 96 0.126
80 87 0.152
80 97 0.109
80 91 0.152
80 93 0.218
81 89 0.755
81 98 0.594
81 96 0.49
81 97 0.4
81 88 0.145
81 83 0.292
81 85 0.04
81 86 0.293
81 87 0.066
81 94 0.596
81 93 0.102
81 90 0.182
81 95 0.127
81 92 0.228
81 91 0.24
82 96 0.889
82 86 0.42
82 94 0.619
82 92 0.29
82 90 0.16
82 87 0.027
82 84 0.253
82 85 0.234
82 98 0.217
82 83 0.081
82 93 0.225
82 97 0.004
82 99 0.175
83 95 0.076
83 86 0.185
83 93 0.108
83 99 0.173
83 96 0.205
83 88 0.028
83 98 0.188
83 90 0.023
83 92 0.254
83 91 0.174
84 87 0.292
84 99 0.349
84 97 0.529
84 92 0.328
84 93 0.184
84 90 0.299
84 86 0.212
84 98 0.186
84 85 0.128
84 94 0.14
84 95 0.149
85 89 0.993
85 97 0.237
85 86 0.735
85 92 0.391
85 96 0.287
85 98 0.26
85 90 0.086
85 87 0.329
85 99 0.257
85 95 0.126
86 95 0.674
86 89 0.563
86 96 0.301
86 97 0.201
86 91 0.246
86 88 0.034
86 90 0.481
86 94 0.218
86 93 0.209
86 98 0.137
86 99 0.145
87 99 0.126
87 93 0.196
87 95 0.353
87 91 0.342
87 94 0.051
87 97 0.151
87 98 0.183
87 88 0.132
88 95 0.105
88 97 0.485
88 99 0.34
88 98 0.074
88 89 0.17
88 90 0.269
88 92 0.2
89 93 0.596
89 98 0.425
89 97 0.232
89 95 0.059
89 94 0.142
90 96 0.882
90 94 0.157
90 99 0.231
90 98 0.14
90 95 0.098
90 92 0.192
91 97 0.098
91 94 0.147
91 95 0.009
91 93 0.206
91 96 0.199
91 99 0.151
92 94 0.035
92 93 0.198
92 96 0.186
92 98 0.277
92 95 0.144
93 99 1
93 97 0.087
93 98 0.152
93 94 0.148
93 95 0.48
94 98 0.208
94 99 0.027
94 95 0.152
94 96 0.138
95 98 0.876
95 96 0.152
95 99 0.116
96 99 0.153
97 99 0.21
