0 89 1
0 4 1
0 65 0.877
0 34 0.646
0 91 0.522
0 42 0.896
0 41 0.815
0 85 0.908
0 59 1
0 45 0.891
0 57 0.278
0 7 0.718
0 15 0.635
0 32 0.588
0 19 0.655
0 83 0.235
0 86 0.155
0 1 0.155
0 12 0.223
0 38 0.21
0 73 0.052
0 11 0.297
0 36 0.268
0 47 0.071
0 16 0.133
0 54 0.148
0 61 0.238
0 3 0.114
0 5 0.203
0 13 0.072
0 22 0.244
0 31 0.132
0 33 0.162
0 37 0.17
0 39 0.137
0 58 0.025
0 70 0.198
0 81 0.25
0 90 0.168
0 6 0.124
0 10 0.159
0 14 0.136
0 23 0.139
0 24 0.133
0 25 0.158
0 26 0.169
0 27 0.144
0 29 0.164
0 30 0.118
0 40 0.179
0 43 0.12
0 44 0.144
0 49 0.125
0 51 0.145
0 53 0.176
0 55 0.154
0 63 0.195
0 66 0.141
0 68 0.133
0 72 0.189
0 74 0.151
0 79 0.144
0 80 0.128
0 84 0.162
0 88 0.093
0 92 0.115
0 95 0.2
0 98 0.161
1 12 0.822
1 38 0.95
1 63 0.784
1 6 0.905
1 75 0.977
1 49 0.55
1 8 0.683
1 16 0.643
1 33 1
1 20 0.582
1 97 0.911
1 55 0.831
1 79 0.581
1 35 0.839
1 60 0.512
1 45 0.838
1 72 0.834
1 2 0.02
1 46 0.074
1 5 0.171
1 31 0.161
1 83 0.282
1 84 0.123
1 18 0.174
1 21 0.24
1 23 0.339
1 25 0.225
1 59 0.282
1 70 0.119
1 73 0.165
1 87 0.139
1 98 0.16
1 3 0.148
1 13 0.06
1 22 0.065
1 24 0.196
1 30 0.151
1 32 0.16
1 39 0.113
1 65 0.209
1 4 0.125
1 11 0.11
1 19 0.127
1 29 0.191
1 37 0.132
1 40 0.067
1 43 0.164
1 44 0.101
1 48 0.157
1 50 0.14
1 51 0.167
1 52 0.139
1 61 0.164
1 62 0.149
1 64 0.141
1 66 0.175
1 67 0.19
1 74 0.101
1 77 0.209
1 78 0.111
1 80 0.155
1 82 0.2
1 85 0.13
1 86 0.214
1 88 0.152
1 89 0.177
1 93 0.129
1 94 0.129
1 99 0.149
2 37 1
2 71 0.726
2 79 0.509
2 22 0.452
2 68 0.794
2 99 0.91
2 42 0.956
2 20 0.866
2 36 1
2 5 0.514
2 35 0.834
2 45 0.548
2 32 0.549
2 58 0.512
2 86 0.06
2 87 0.365
2 83 0.409
2 7 0.184
2 8 0.076
2 21 0.007
2 30 0.121
2 54 0.132
2 57 0.134
2 59 0.122
2 72 0.153
2 74 0.295
2 4 0.208
2 41 0.181
2 44 0.178
2 52 0.138
2 66 0.098
2 78 0.115
2 89 0.399
2 91 0.16
2 9 0.193
2 12 0.104
2 13 0.179
2 14 0.134
2 15 0.183
2 16 0.147
2 17 0.194
2 19 0.198
2 23 0.179
2 24 0.088
2 28 0.13
2 29 0.089
2 31 0.193
2 34 0.101
2 38 0.19
2 46 0.144
2 48 0.158
2 51 0.145
2 61 0.146
2 62 0.178
2 63 0.104
2 65 0.138
2 69 0.168
2 82 0.143
2 85 0.148
2 88 0.139
2 90 0.137
2 92 0.173
2 94 0.173
3 15 0.482
3 30 0.671
3 47 0.76
3 69 0.754
3 32 1
3 41 0.815
3 24 1
3 75 0.58
3 96 0.922
3 76 0.638
3 26 0.851
3 60 0.615
3 79 0.566
3 5 0.964
3 34 0.628
3 38 0.13
3 62 0.065
3 74 0.293
3 87 0.134
3 80 0.31
3 84 0.117
3 95 0.045
3 98 0.38
3 35 0.198
3 42 0.146
3 45 0.099
3 50 0.076
3 55 0.068
3 68 0.14
3 73 0.353
3 89 0.124
3 9 0.08
3 12 0.382
3 31 0.125
3 43 0.111
3 44 0.11
3 49 0.256
3 52 0.095
3 53 0.162
3 56 0.143
3 64 0.258
3 66 0.114
3 81 0.239
3 86 0.133
3 11 0.163
3 13 0.156
3 14 0.17
3 17 0.113
3 18 0.154
3 19 0.134
3 20 0.183
3 21 0.118
3 22 0.172
3 23 0.149
3 27 0.137
3 28 0.176
3 37 0.164
3 39 0.157
3 54 0.101
3 58 0.163
3 61 0.102
3 65 0.117
3 70 0.191
3 71 0.165
3 77 0.175
3 78 0.19
3 83 0.161
3 88 0.151
3 94 0.184
3 99 0.191
4 45 1
4 59 0.834
4 16 0.736
4 94 0.79
4 97 0.862
4 79 0.711
4 76 1
4 47 1
4 32 0.982
4 63 0.987
4 86 0.772
4 35 0.617
4 89 0.59
4 24 0.777
4 43 0.256
4 11 0.245
4 25 0.105
4 13 0.012
4 17 0.201
4 23 0.298
4 91 0.256
4 6 0.098
4 20 0.351
4 22 0.307
4 33 0.119
4 41 0.085
4 54 0.128
4 67 0.082
4 75 0.141
4 82 0.164
4 18 0.199
4 39 0.117
4 44 0.168
4 46 0.131
4 49 0.116
4 56 0.08
4 62 0.393
4 68 0.103
4 72 0.27
4 77 0.061
4 93 0.113
4 95 0.134
4 5 0.135
4 7 0.123
4 12 0.115
4 15 0.211
4 21 0.111
4 26 0.109
4 27 0.164
4 28 0.125
4 29 0.169
4 34 0.2
4 37 0.162
4 50 0.151
4 52 0.09
4 55 0.17
4 57 0.216
4 58 0.137
4 60 0.205
4 66 0.145
4 69 0.113
4 73 0.177
4 74 0.157
4 81 0.174
4 87 0.116
4 88 0.095
5 21 0.996
5 41 0.511
5 82 0.863
5 47 0.643
5 30 0.765
5 49 0.802
5 96 0.949
5 7 0.928
5 11 0.807
5 10 1
5 31 0.961
5 43 0.815
5 62 0.633
5 97 0.634
5 93 1
5 86 0.604
5 68 0.439
5 64 0.693
5 28 0.64
5 9 0.776
5 56 0.481
5 37 0.685
5 27 0.2
5 15 0.118
5 8 0.178
5 18 0.301
5 63 0.137
5 65 0.263
5 22 0.165
5 33 0.237
5 48 0.142
5 50 0.084
5 78 0.293
5 80 0.166
5 83 0.355
5 14 0.342
5 29 0.144
5 46 0.126
5 51 0.197
5 53 0.219
5 60 0.246
5 61 0.186
5 72 0.284
5 76 0.142
5 88 0.187
5 90 0.026
5 98 0.33
5 16 0.098
5 17 0.149
5 19 0.205
5 20 0.163
5 23 0.162
5 25 0.163
5 26 0.143
5 35 0.13
5 36 0.198
5 42 0.069
5 44 0.147
5 52 0.155
5 54 0.188
5 55 0.115
5 57 0.183
5 66 0.211
5 67 0.144
5 69 0.189
5 71 0.138
5 77 0.108
5 81 0.104
5 87 0.125
5 92 0.163
5 94 0.158
5 95 0.082
6 20 0.408
6 50 1
6 61 0.871
6 64 0.906
6 66 0.925
6 22 0.926
6 32 0.818
6 36 0.591
6 39 0.883
6 78 0.873
6 13 0.635
6 87 0.773
6 62 1
6 52 0.634
6 34 0.618
6 58 0.678
6 73 0.958
6 65 0.765
6 89 0.811
6 88 0.114
6 10 0.22
6 83 0.314
6 90 0.104
6 9 0.168
6 14 0.213
6 17 0.237
6 21 0.03
6 60 0.116
6 12 0.113
6 27 0.052
6 30 0.21
6 42 0.121
6 47 0.02
6 48 0.16
6 51 0.156
6 54 0.032
6 67 0.079
6 77 0.037
6 79 0.089
6 93 0.132
6 94 0.164
6 19 0.156
6 25 0.123
6 26 0.186
6 33 0.088
6 41 0.085
6 44 0.141
6 53 0.117
6 55 0.119
6 56 0.114
6 68 0.155
6 69 0.101
6 71 0.156
6 75 0.077
6 81 0.161
6 84 0.189
6 91 0.119
6 96 0.164
6 98 0.135
6 99 0.222
7 76 0.891
7 21 0.903
7 18 0.903
7 94 0.615
7 23 0.53
7 88 1
7 22 1
7 66 1
7 38 0.693
7 85 0.736
7 74 0.526
7 77 0.669
7 80 0.116
7 49 0.113
7 53 0.392
7 10 0.316
7 12 0.242
7 24 0.074
7 40 0.128
7 46 0.352
7 50 0.103
7 9 0.161
7 36 0.289
7 59 0.079
7 60 0.105
7 71 0.108
7 73 0.001
7 90 0.214
7 25 0.3
7 26 0.211
7 30 0.095
7 48 0.19
7 62 0.059
7 65 0.159
7 67 0.025
7 78 0.136
7 82 0.163
7 93 0.091
7 8 0.138
7 11 0.142
7 13 0.191
7 14 0.167
7 15 0.182
7 19 0.16
7 20 0.154
7 27 0.17
7 32 0.14
7 39 0.183
7 41 0.203
7 43 0.146
7 44 0.185
7 52 0.148
7 56 0.136
7 61 0.163
7 63 0.195
7 64 0.17
7 68 0.229
7 79 0.137
7 81 0.223
7 84 0.145
7 87 0.142
7 89 0.158
7 92 0.164
7 96 0.095
7 99 0.122
8 42 0.798
8 56 0.78
8 82 0.948
8 26 0.92
8 69 1
8 39 0.836
8 73 0.936
8 88 0.831
8 23 0.781
8 47 0.853
8 46 1
8 75 0.9
8 94 0.72
8 71 0.747
8 21 0.677
8 57 0.639
8 52 0.536
8 9 0.329
8 19 0.315
8 28 0.185
8 40 0.186
8 13 0.04
8 16 0.148
8 18 0.054
8 24 0.128
8 32 0.126
8 35 0.139
8 48 0.143
8 54 0.303
8 59 0.044
8 61 0.047
8 67 0.275
8 70 0.217
8 74 0.198
8 78 0.155
8 96 0.138
8 10 0.155
8 11 0.088
8 12 0.186
8 17 0.183
8 20 0.143
8 30 0.16
8 34 0.116
8 36 0.087
8 37 0.134
8 38 0.144
8 44 0.107
8 50 0.148
8 53 0.126
8 58 0.167
8 64 0.139
8 65 0.124
8 66 0.125
8 68 0.138
8 76 0.074
8 77 0.106
8 80 0.124
8 91 0.146
8 92 0.163
8 97 0.181
9 33 0.523
9 37 0.847
9 41 0.625
9 40 1
9 57 0.825
9 63 0.965
9 19 1
9 84 0.726
9 89 0.94
9 27 1
9 28 0.565
9 93 1
9 56 1
9 14 0.571
9 51 0.587
9 12 0.549
9 77 0.635
9 66 0.566
9 59 0.007
9 65 0.174
9 30 0.109
9 64 0.119
9 76 0.189
9 85 0.12
9 15 0.142
9 23 0.159
9 26 0.163
9 58 0.128
9 60 0.116
9 62 0.176
9 16 0.157
9 17 0.173
9 18 0.171
9 21 0.13
9 22 0.121
9 24 0.139
9 31 0.183
9 32 0.168
9 36 0.124
9 39 0.12
9 43 0.117
9 45 0.171
9 46 0.186
9 47 0.142
9 48 0.127
9 49 0.154
9 50 0.144
9 53 0.148
9 67 0.152
9 68 0.15
9 70 0.112
9 71 0.192
9 73 0.18
9 74 0.08
9 81 0.161
9 83 0.157
9 86 0.145
9 91 0.158
9 92 0.106
9 94 0.114
9 95 0.168
10 23 0.964
10 47 1
10 30 0.895
10 53 0.891
10 83 0.957
10 49 0.899
10 25 0.842
10 99 0.503
10 59 0.931
10 71 0.674
10 87 0.615
10 27 0.141
10 48 0.182
10 16 0.128
10 37 0.342
10 73 0.259
10 14 0.112
10 52 0.201
10 60 0.151
10 66 0.131
10 70 0.237
10 79 0.231
10 80 0.165
10 81 0.283
10 12 0.196
10 15 0.248
10 22 0.215
10 28 0.135
10 84 0.175
10 89 0.138
10 97 0.113
10 98 0.004
10 13 0.133
10 17 0.113
10 20 0.082
10 24 0.168
10 26 0.139
10 32 0.152
10 35 0.158
10 39 0.152
10 40 0.113
10 42 0.175
10 44 0.133
10 45 0.175
10 50 0.164
10 54 0.166
10 55 0.176
10 62 0.134
10 63 0.189
10 65 0.114
10 68 0.146
10 74 0.158
10 76 0.144
10 78 0.116
10 82 0.203
10 85 0.149
10 86 0.175
10 88 0.164
10 93 0.195
10 94 0.088
10 95 0.132
11 21 0.661
11 30 0.806
11 85 0.918
11 97 0.812
11 17 1
11 16 1
11 65 1
11 62 0.99
11 12 0.685
11 14 1
11 90 0.708
11 79 0.922
11 76 0.165
11 19 0.261
11 69 0.163
11 87 0.128
11 13 0.253
11 39 0.057
11 40 0.193
11 55 0.152
11 59 0.214
11 60 0.157
11 84 0.145
11 86 0.052
11 98 0.175
11 27 0.052
11 41 0.097
11 47 0.159
11 54 0.113
11 66 0.151
11 71 0.119
11 81 0.127
11 20 0.142
11 24 0.131
11 28 0.158
11 31 0.145
11 35 0.105
11 38 0.167
11 42 0.141
11 44 0.132
11 46 0.141
11 48 0.181
11 50 0.17
11 51 0.131
11 52 0.124
11 57 0.119
11 58 0.177
11 64 0.19
11 68 0.164
11 70 0.098
11 78 0.138
11 83 0.166
11 91 0.144
11 92 0.184
11 93 0.16
11 95 0.16
11 99 0.158
12 27 0.706
12 42 0.976
12 90 0.931
12 38 0.997
12 75 0.919
12 87 0.918
12 64 0.747
12 72 0.501
12 82 0.714
12 73 0.221
12 24 0.228
12 26 0.159
12 50 0.24
12 30 0.081
12 39 0.146
12 51 0.017
12 97 0.128
12 28 0.035
12 35 0.134
12 52 0.135
12 65 0.141
12 69 0.163
12 71 0.121
12 79 0.133
12 88 0.18
12 91 0.165
12 13 0.125
12 14 0.155
12 16 0.131
12 18 0.146
12 19 0.148
12 22 0.182
12 23 0.171
12 34 0.13
12 40 0.125
12 41 0.088
12 46 0.153
12 47 0.161
12 48 0.12
12 53 0.148
12 56 0.136
12 57 0.199
12 58 0.204
12 63 0.216
12 66 0.152
12 70 0.126
12 76 0.163
12 81 0.15
12 86 0.148
12 92 0.135
12 93 0.131
12 96 0.099
12 99 0.173
13 65 1
13 44 0.494
13 72 0.931
13 66 1
13 48 0.699
13 29 0.607
13 69 0.587
13 82 0.821
13 84 0.92
13 96 0.467
13 24 0.858
13 77 0.459
13 19 0.608
13 81 0.635
13 54 0.677
13 26 0.075
13 95 0.541
13 16 0.068
13 18 0.128
13 35 0.34
13 42 0.137
13 60 0.289
13 68 0.286
13 73 0.251
13 17 0.052
13 21 0.154
13 31 0.123
13 93 0.301
13 22 0.147
13 23 0.213
13 33 0.113
13 34 0.127
13 40 0.203
13 53 0.181
13 59 0.159
13 62 0.138
13 79 0.088
13 88 0.126
13 14 0.12
13 15 0.178
13 27 0.204
13 28 0.111
13 43 0.1
13 49 0.155
13 57 0.13
13 58 0.126
13 63 0.148
13 70 0.115
13 71 0.171
13 75 0.149
13 78 0.108
13 85 0.176
13 87 0.137
13 91 0.134
13 92 0.102
13 98 0.179
13 99 0.2
14 30 1
14 62 0.591
14 65 0.852
14 20 0.961
14 17 0.684
14 51 0.851
14 26 1
14 68 0.759
14 40 0.622
14 69 0.663
14 60 0.668
14 31 0.807
14 16 0.828
14 21 0.31
14 41 0.308
14 44 0.162
14 57 0.167
14 71 0.152
14 74 0.181
14 67 0.447
14 76 0.16
14 94 0.06
14 34 0.302
14 36 0.109
14 53 0.148
14 58 0.086
14 59 0.116
14 61 0.13
14 63 0.119
14 83 0.188
14 84 0.249
14 89 0.176
14 18 0.192
14 19 0.154
14 24 0.108
14 25 0.153
14 27 0.134
14 29 0.162
14 37 0.151
14 43 0.15
14 45 0.138
14 47 0.143
14 52 0.166
14 54 0.132
14 56 0.137
14 66 0.125
14 70 0.188
14 72 0.113
14 80 0.137
14 82 0.123
14 87 0.167
14 91 0.135
14 92 0.131
14 93 0.141
14 95 0.167
14 97 0.162
14 99 0.151
15 61 0.972
15 82 0.671
15 26 0.932
15 37 0.819
15 98 0.908
15 45 1
15 64 0.643
15 83 0.916
15 96 0.805
15 69 0.575
15 58 0.99
15 46 0.621
15 86 0.133
15 24 0.213
15 71 0.199
15 94 0.054
15 30 0.161
15 41 0.11
15 36 0.032
15 39 0.454
15 63 0.186
15 65 0.323
15 21 0.269
15 22 0.023
15 29 0.197
15 32 0.16
15 38 0.198
15 40 0.137
15 49 0.245
15 54 0.161
15 77 0.213
15 90 0.112
15 91 0.281
15 16 0.151
15 19 0.194
15 23 0.165
15 27 0.123
15 33 0.186
15 34 0.152
15 35 0.11
15 47 0.127
15 48 0.173
15 51 0.142
15 52 0.161
15 55 0.101
15 60 0.123
15 62 0.103
15 67 0.193
15 74 0.201
15 76 0.145
15 78 0.179
15 79 0.128
15 80 0.101
15 81 0.118
15 84 0.124
15 87 0.138
15 89 0.154
15 92 0.183
16 74 0.614
16 20 1
16 62 1
16 57 0.905
16 26 0.78
16 41 1
16 77 0.823
16 64 0.975
16 83 0.792
16 46 0.705
16 81 0.101
16 56 0.098
16 37 0.329
16 80 0.167
16 82 0.156
16 90 0.375
16 95 0.141
16 21 0.27
16 22 0.159
16 25 0.339
16 34 0.107
16 35 0.143
16 47 0.127
16 53 0.282
16 61 0.108
16 66 0.2
16 72 0.165
16 19 0.149
16 31 0.169
16 33 0.127
16 58 0.151
16 67 0.273
16 84 0.215
16 93 0.118
16 98 0.153
16 99 0.166
16 17 0.193
16 23 0.152
16 24 0.112
16 28 0.201
16 30 0.171
16 36 0.154
16 40 0.133
16 42 0.103
16 44 0.142
16 45 0.109
16 49 0.141
16 51 0.137
16 52 0.148
16 54 0.119
16 59 0.145
16 60 0.193
16 63 0.146
16 65 0.184
16 68 0.136
16 69 0.143
16 71 0.14
16 76 0.16
16 79 0.151
16 85 0.175
16 87 0.215
17 34 0.681
17 79 0.805
17 92 0.857
17 85 0.796
17 51 0.558
17 31 0.608
17 87 0.928
17 43 0.548
17 67 0.804
17 73 0.665
17 30 0.518
17 23 0.666
17 24 0.385
17 27 0.315
17 50 0.186
17 57 0.05
17 20 0.246
17 26 0.203
17 39 0.072
17 71 0.144
17 81 0.156
17 33 0.195
17 38 0.103
17 59 0.129
17 65 0.207
17 74 0.132
17 78 0.159
17 83 0.039
17 97 0.135
17 99 0.148
17 19 0.129
17 25 0.178
17 28 0.148
17 29 0.154
17 32 0.164
17 35 0.161
17 37 0.166
17 40 0.143
17 41 0.106
17 44 0.198
17 45 0.078
17 46 0.096
17 47 0.123
17 52 0.165
17 56 0.166
17 60 0.159
17 61 0.15
17 62 0.106
17 63 0.15
17 64 0.168
17 69 0.143
17 80 0.111
17 82 0.13
17 91 0.185
17 96 0.156
17 98 0.158
18 60 0.622
18 87 0.806
18 82 0.657
18 72 0.634
18 36 0.927
18 94 0.761
18 83 0.985
18 54 0.988
18 25 0.658
18 99 0.996
18 37 1
18 51 0.727
18 71 0.793
18 98 0.504
18 78 0.68
18 95 0.213
18 35 0.523
18 76 0.293
18 19 0.066
18 21 0.14
18 52 0.124
18 53 0.05
18 58 0.176
18 75 0.096
18 89 0.185
18 90 0.14
18 92 0.084
18 93 0.319
18 20 0.155
18 23 0.154
18 24 0.15
18 26 0.158
18 28 0.179
18 29 0.214
18 32 0.195
18 40 0.192
18 45 0.165
18 46 0.141
18 56 0.168
18 61 0.164
18 63 0.163
18 64 0.109
18 66 0.202
18 67 0.181
18 74 0.128
18 77 0.139
18 91 0.181
18 96 0.173
18 97 0.226
19 36 0.586
19 95 0.787
19 47 1
19 51 0.773
19 31 0.875
19 67 0.87
19 72 0.616
19 63 0.743
19 86 0.454
19 98 0.664
19 40 0.13
19 48 0.3
19 77 0.196
19 49 0.315
19 70 0.032
19 28 0.118
19 29 0.246
19 71 0.17
19 22 0.235
19 26 0.171
19 52 0.111
19 57 0.199
19 87 0.125
19 37 0.056
19 61 0.121
19 64 0.365
19 84 0.173
19 89 0.171
19 20 0.145
19 21 0.147
19 25 0.115
19 27 0.185
19 35 0.155
19 45 0.182
19 46 0.182
19 54 0.209
19 56 0.161
19 60 0.146
19 62 0.132
19 69 0.142
19 75 0.157
19 80 0.13
19 81 0.137
19 85 0.174
19 91 0.176
19 92 0.162
19 94 0.174
19 96 0.174
19 97 0.171
20 62 0.958
20 97 0.963
20 55 0.851
20 65 0.988
20 39 0.722
20 93 1
20 46 0.371
20 32 0.041
20 59 0.134
20 25 0.256
20 45 0.09
20 34 0.125
20 36 0.224
20 56 0.141
20 64 0.168
20 74 0.221
20 89 0.328
20 24 0.107
20 41 0.067
20 49 0.302
20 52 0.144
20 54 0.146
20 70 0.254
20 78 0.106
20 83 0.123
20 96 0.148
20 21 0.153
20 22 0.171
20 26 0.087
20 35 0.134
20 37 0.165
20 40 0.164
20 43 0.112
20 44 0.128
20 47 0.221
20 50 0.168
20 51 0.153
20 53 0.12
20 57 0.158
20 60 0.087
20 61 0.166
20 63 0.124
20 67 0.164
20 68 0.149
20 75 0.138
20 76 0.168
20 81 0.153
20 85 0.189
20 87 0.194
20 92 0.149
20 95 0.137
20 98 0.122
21 90 0.689
21 42 1
21 29 0.769
21 53 0.433
21 76 1
21 84 0.836
21 55 0.945
21 73 0.824
21 59 0.596
21 58 0.736
21 98 0.502
21 39 0.649
21 82 0.581
21 57 0.708
21 66 0.102
21 86 0.104
21 78 0.182
21 33 0.149
21 47 0.13
21 67 0.239
21 25 0.148
21 48 0.076
21 64 0.007
21 23 0.177
21 26 0.092
21 43 0.08
21 56 0.173
21 60 0.295
21 62 0.145
21 71 0.148
21 72 0.152
21 75 0.137
21 94 0.115
21 96 0.167
21 22 0.13
21 27 0.183
21 28 0.156
21 30 0.134
21 31 0.152
21 32 0.14
21 36 0.212
21 37 0.114
21 40 0.175
21 41 0.162
21 51 0.123
21 61 0.162
21 69 0.154
21 70 0.156
21 77 0.195
21 79 0.12
21 83 0.11
21 85 0.193
21 87 0.11
21 88 0.171
21 89 0.151
21 92 0.119
22 41 1
22 67 1
22 97 0.936
22 71 0.982
22 89 0.827
22 65 0.746
22 54 0.969
22 25 0.772
22 82 0.989
22 90 1
22 51 0.859
22 63 0.591
22 74 0.639
22 80 0.638
22 53 0.923
22 72 0.06
22 81 0.245
22 43 0.15
22 33 0.175
22 46 0.275
22 66 0.016
22 70 0.019
22 75 0.078
22 88 0.207
22 52 0.078
22 84 0.28
22 86 0.238
22 91 0.15
22 24 0.162
22 31 0.178
22 44 0.167
22 55 0.132
22 64 0.187
22 73 0.192
22 95 0.134
22 98 0.133
22 23 0.202
22 26 0.16
22 27 0.188
22 29 0.179
22 45 0.124
22 50 0.102
22 56 0.164
22 57 0.153
22 59 0.108
22 60 0.169
22 61 0.252
22 68 0.168
22 77 0.098
22 78 0.18
22 83 0.133
22 94 0.182
22 96 0.114
23 26 1
23 38 1
23 49 0.575
23 84 0.837
23 25 0.838
23 92 0.892
23 50 1
23 68 0.795
23 99 0.784
23 74 0.786
23 86 0.716
23 75 0.938
23 77 0.666
23 45 0.858
23 87 0.719
23 81 1
23 30 0.571
23 31 0.835
23 64 0.109
23 43 0.198
23 80 0.125
23 51 0.027
23 24 0.108
23 35 0.168
23 46 0.047
23 48 0.166
23 52 0.116
23 54 0.16
23 55 0.279
23 56 0.14
23 61 0.083
23 69 0.227
23 70 0.108
23 71 0.135
23 76 0.153
23 27 0.16
23 34 0.147
23 39 0.142
23 40 0.151
23 41 0.177
23 44 0.191
23 57 0.138
23 58 0.176
23 65 0.144
23 66 0.142
23 73 0.186
23 79 0.155
23 90 0.176
23 91 0.104
23 96 0.166
23 98 0.156
24 26 0.874
24 39 0.785
24 86 1
24 33 0.688
24 36 0.832
24 52 0.888
24 57 1
24 58 0.846
24 63 0.69
24 64 0.771
24 69 0.74
24 98 0.112
24 49 0.593
24 82 0.369
24 90 0.013
24 66 0.502
24 85 0.343
24 92 0.164
24 32 0.167
24 34 0.058
24 41 0.172
24 46 0.101
24 47 0.093
24 48 0.125
24 56 0.157
24 61 0.155
24 62 0.242
24 91 0.216
24 95 0.171
24 27 0.139
24 28 0.092
24 30 0.239
24 31 0.144
24 38 0.133
24 43 0.131
24 45 0.183
24 50 0.072
24 51 0.154
24 53 0.14
24 67 0.156
24 68 0.152
24 70 0.209
24 71 0.127
24 75 0.138
24 78 0.087
24 79 0.13
24 83 0.212
24 84 0.228
24 88 0.146
24 89 0.165
24 99 0.204
25 61 1
25 69 0.598
25 29 0.843
25 99 0.847
25 28 0.615
25 41 0.628
25 67 0.938
25 71 0.754
25 46 0.728
25 87 0.594
25 80 0.789
25 93 0.571
25 66 0.728
25 90 0.122
25 56 0.507
25 38 0.478
25 59 0.027
25 72 0.506
25 26 0.271
25 62 0.325
25 85 0.119
25 32 0.151
25 47 0.054
25 51 0.199
25 79 0.153
25 33 0.158
25 39 0.193
25 40 0.146
25 49 0.2
25 75 0.157
25 78 0.183
25 91 0.135
25 98 0.217
25 36 0.108
25 44 0.144
25 50 0.179
25 63 0.134
25 70 0.286
25 76 0.139
25 77 0.091
25 35 0.208
25 37 0.096
25 58 0.142
25 64 0.144
25 68 0.159
25 73 0.125
25 82 0.177
25 84 0.118
25 88 0.107
25 96 0.138
26 74 0.508
26 87 0.961
26 94 1.0
26 27 0.76
26 93 0.708
26 41 0.754
26 97 0.841
26 92 0.635
26 35 0.576
26 70 0.622
26 29 0.444
26 51 0.163
26 66 0.209
26 69 0.055
26 88 0.302
26 98 0.252
26 30 0.266
26 32 0.1
26 38 0.148
26 43 0.142
26 53 0.149
26 57 0.159
26 62 0.114
26 68 0.173
26 72 0.167
26 75 0.148
26 83 0.164
26 85 0.116
26 31 0.184
26 33 0.156
26 37 0.183
26 39 0.123
26 45 0.162
26 48 0.116
26 55 0.166
26 56 0.184
26 61 0.174
26 63 0.173
26 64 0.201
26 65 0.119
26 71 0.162
26 76 0.092
26 77 0.16
26 79 0.178
26 81 0.171
26 84 0.116
26 86 0.11
26 90 0.177
26 91 0.155
26 95 0.181
27 50 0.78
27 70 0.614
27 37 1
27 75 1
27 44 1
27 51 0.942
27 45 0.822
27 53 0.727
27 87 0.632
27 91 0.619
27 84 0.699
27 34 0.776
27 86 0.026
27 64 0.293
27 85 0.153
27 89 0.334
27 90 0.247
27 94 0.458
27 97 0.101
27 98 0.174
27 29 0.126
27 31 0.155
27 33 0.325
27 47 0.119
27 62 0.182
27 68 0.122
27 72 0.123
27 73 0.288
27 92 0.185
27 95 0.182
27 30 0.125
27 32 0.155
27 36 0.151
27 38 0.184
27 39 0.178
27 40 0.193
27 41 0.137
27 48 0.155
27 52 0.145
27 54 0.125
27 55 0.115
27 56 0.192
27 57 0.104
27 58 0.174
27 61 0.131
27 65 0.162
27 66 0.139
27 79 0.148
27 99 0.13
28 56 1
28 99 0.87
28 54 0.8
28 58 0.557
28 62 0.791
28 31 1
28 90 0.569
28 46 0.118
28 82 0.097
28 91 0.054
28 29 0.09
28 42 0.135
28 51 0.091
28 61 0.129
28 65 0.015
28 71 0.173
28 76 0.145
28 84 0.216
28 38 0.131
28 39 0.115
28 45 0.202
28 53 0.158
28 60 0.189
28 63 0.158
28 70 0.112
28 86 0.143
28 34 0.135
28 35 0.171
28 36 0.149
28 48 0.142
28 49 0.099
28 50 0.123
28 52 0.201
28 55 0.194
28 64 0.164
28 69 0.131
28 77 0.148
28 79 0.101
28 81 0.124
28 83 0.133
28 88 0.079
28 89 0.174
28 93 0.157
28 95 0.139
28 96 0.129
28 98 0.113
29 34 0.761
29 98 0.942
29 56 0.95
29 40 0.518
29 89 0.525
29 96 1
29 82 0.74
29 71 0.586
29 65 0.809
29 88 0.919
29 47 0.558
29 46 0.19
29 38 0.139
29 74 0.488
29 85 0.23
29 42 0.115
29 59 0.16
29 72 0.181
29 91 0.171
29 36 0.293
29 49 0.178
29 57 0.101
29 62 0.1
29 76 0.157
29 80 0.171
29 81 0.198
29 99 0.127
29 30 0.171
29 31 0.148
29 33 0.136
29 41 0.191
29 44 0.163
29 48 0.148
29 50 0.153
29 54 0.107
29 58 0.129
29 61 0.179
29 66 0.081
29 68 0.125
29 70 0.155
29 73 0.176
29 79 0.13
29 83 0.173
29 84 0.164
29 87 0.18
29 90 0.136
29 93 0.161
30 68 1
30 77 0.667
30 90 0.701
30 51 0.974
30 59 0.54
30 93 0.883
30 40 0.605
30 76 0.564
30 94 0.778
30 31 0.154
30 45 0.141
30 34 0.398
30 47 0.069
30 62 0.167
30 70 0.265
30 81 0.271
30 86 0.255
30 97 0.274
30 43 0.191
30 53 0.149
30 61 0.088
30 66 0.188
30 87 0.124
30 95 0.18
30 32 0.162
30 35 0.097
30 36 0.191
30 38 0.153
30 39 0.219
30 44 0.141
30 46 0.205
30 52 0.177
30 55 0.154
30 56 0.165
30 57 0.138
30 64 0.156
30 65 0.178
30 67 0.172
30 69 0.204
30 72 0.168
30 73 0.161
30 75 0.182
30 78 0.107
30 82 0.148
30 85 0.171
30 89 0.142
30 91 0.149
30 98 0.149
31 75 0.995
31 80 1
31 54 0.62
31 79 0.829
31 50 0.748
31 33 0.719
31 61 0.878
31 99 0.936
31 87 0.825
31 55 0.653
31 45 0.222
31 67 0.175
31 39 0.195
31 90 0.282
31 38 0.189
31 43 0.118
31 65 0.14
31 34 0.159
31 36 0.204
31 41 0.165
31 47 0.172
31 56 0.132
31 63 0.167
31 66 0.127
31 68 0.162
31 74 0.131
31 77 0.145
31 78 0.072
31 89 0.127
31 96 0.26
31 98 0.12
31 35 0.147
31 42 0.184
31 44 0.104
31 46 0.143
31 48 0.094
31 52 0.179
31 53 0.209
31 59 0.191
31 60 0.12
31 69 0.083
31 72 0.117
31 81 0.138
31 84 0.042
31 85 0.122
31 88 0.166
31 91 0.165
31 92 0.171
31 94 0.165
31 95 0.151
32 64 0.902
32 63 0.981
32 53 0.636
32 70 0.936
32 65 0.828
32 90 1
32 94 0.874
32 59 0.858
32 80 0.727
32 43 0.603
32 87 0.613
32 73 0.033
32 37 0.125
32 46 0.044
32 52 0.042
32 61 0.177
32 68 0.112
32 84 0.07
32 88 0.176
32 99 0.191
32 33 0.321
32 44 0.119
32 48 0.158
32 72 0.269
32 77 0.17
32 85 0.314
32 89 0.058
32 34 0.144
32 35 0.206
32 38 0.17
32 41 0.159
32 45 0.125
32 50 0.181
32 54 0.153
32 55 0.178
32 57 0.114
32 60 0.203
32 62 0.106
32 67 0.16
32 69 0.153
32 76 0.139
32 83 0.159
32 86 0.17
32 91 0.14
32 96 0.153
32 97 0.15
32 98 0.14
33 82 0.708
33 63 1
33 39 0.73
33 52 0.554
33 86 0.641
33 42 0.902
33 74 0.654
33 67 0.686
33 88 1
33 36 0.874
33 43 1
33 75 0.547
33 84 0.897
33 76 0.13
33 56 0.176
33 93 0.222
33 34 0.14
33 50 0.202
33 90 0.248
33 91 0.205
33 41 0.077
33 45 0.142
33 53 0.185
33 71 0.201
33 73 0.16
33 83 0.081
33 87 0.276
33 92 0.169
33 94 0.152
33 96 0.024
33 97 0.088
33 35 0.192
33 38 0.159
33 46 0.122
33 47 0.175
33 48 0.178
33 54 0.174
33 57 0.157
33 58 0.197
33 61 0.198
33 64 0.14
33 65 0.186
33 69 0.127
33 77 0.176
33 79 0.083
33 80 0.153
33 89 0.201
33 99 0.116
34 85 0.716
34 93 0.795
34 78 0.934
34 65 0.798
34 46 0.826
34 54 0.686
34 47 0.687
34 91 0.651
34 77 0.37
34 94 0.143
34 36 0.162
34 67 0.063
34 56 0.241
34 60 0.117
34 73 0.275
34 90 0.378
34 35 0.057
34 53 0.118
34 66 0.194
34 81 0.261
34 48 0.118
34 58 0.144
34 71 0.088
34 74 0.174
34 87 0.153
34 88 0.264
34 97 0.194
34 39 0.143
34 40 0.181
34 41 0.168
34 45 0.152
34 49 0.15
34 51 0.13
34 52 0.157
34 55 0.092
34 64 0.149
34 69 0.206
34 70 0.129
34 75 0.131
34 80 0.168
34 83 0.159
34 84 0.133
34 95 0.149
34 98 0.147
35 84 0.69
35 65 0.877
35 58 0.703
35 78 0.96
35 89 0.911
35 96 0.783
35 76 0.753
35 56 1
35 51 0.502
35 43 0.949
35 69 0.561
35 52 0.653
35 74 0.518
35 41 0.775
35 39 0.162
35 63 0.032
35 79 0.132
35 90 0.301
35 48 0.281
35 53 0.292
35 66 0.109
35 67 0.132
35 72 0.235
35 92 0.127
35 45 0.134
35 50 0.109
35 55 0.166
35 57 0.237
35 60 0.183
35 77 0.182
35 80 0.208
35 81 0.116
35 88 0.21
35 98 0.172
35 36 0.165
35 37 0.137
35 38 0.155
35 40 0.118
35 44 0.124
35 46 0.102
35 47 0.165
35 54 0.165
35 59 0.107
35 61 0.166
35 68 0.14
35 70 0.178
35 73 0.191
35 83 0.163
35 85 0.184
35 95 0.217
35 97 0.094
36 74 0.883
36 50 0.697
36 79 1
36 65 0.865
36 90 0.612
36 59 0.845
36 75 0.537
36 54 0.674
36 84 0.56
36 80 0.245
36 43 0.093
36 45 0.425
36 61 0.141
36 67 0.12
36 71 0.14
36 87 0.213
36 88 0.157
36 96 0.216
36 46 0.189
36 48 0.093
36 53 0.161
36 55 0.149
36 57 0.129
36 62 0.131
36 66 0.185
36 69 0.145
36 83 0.202
36 85 0.12
36 86 0.159
36 89 0.159
36 91 0.167
36 92 0.187
36 93 0.177
36 97 0.147
37 99 1
37 64 0.828
37 56 0.583
37 47 0.915
37 85 1
37 45 0.897
37 70 0.792
37 86 0.66
37 89 0.567
37 80 0.924
37 68 0.949
37 49 0.572
37 61 0.499
37 51 0.157
37 46 0.129
37 58 0.123
37 81 0.12
37 93 0.087
37 97 0.106
37 44 0.17
37 52 0.18
37 53 0.178
37 54 0.123
37 79 0.247
37 88 0.077
37 50 0.186
37 60 0.108
37 63 0.158
37 65 0.154
37 71 0.139
37 74 0.132
37 82 0.113
37 83 0.127
37 84 0.138
37 87 0.176
37 91 0.102
37 92 0.124
37 94 0.187
37 95 0.164
37 96 0.159
37 98 0.16
38 76 0.194
38 46 1
38 87 0.824
38 55 1
38 52 0.892
38 62 0.987
38 79 0.76
38 43 0.854
38 78 0.928
38 96 0.795
38 84 0.787
38 50 0.539
38 82 0.587
38 77 0.255
38 73 0.161
38 54 0.235
38 60 0.111
38 88 0.116
38 94 0.069
38 47 0.106
38 56 0.198
38 59 0.154
38 63 0.219
38 66 0.154
38 92 0.107
38 93 0.123
38 41 0.161
38 42 0.099
38 48 0.168
38 53 0.149
38 58 0.197
38 61 0.145
38 68 0.16
38 69 0.164
38 71 0.088
38 74 0.144
38 80 0.12
38 81 0.197
38 86 0.196
38 90 0.158
38 95 0.118
38 97 0.171
38 99 0.145
39 76 0.656
39 91 0.86
39 85 1
39 64 0.556
39 41 0.947
39 59 0.838
39 70 0.772
39 73 1
39 46 0.769
39 94 0.852
39 40 0.509
39 72 0.021
39 53 0.097
39 65 0.146
39 83 0.2
39 90 0.06
39 48 0.292
39 69 0.153
39 54 0.169
39 60 0.079
39 66 0.142
39 75 0.185
39 87 0.034
39 92 0.208
39 93 0.096
39 42 0.086
39 44 0.122
39 47 0.171
39 49 0.144
39 51 0.179
39 52 0.143
39 56 0.152
39 58 0.112
39 82 0.163
39 95 0.115
39 98 0.174
39 99 0.155
40 98 0.815
40 63 0.929
40 54 0.763
40 48 0.563
40 58 0.45
40 73 1
40 88 0.976
40 41 0.737
40 57 0.263
40 69 0.12
40 96 0.134
40 97 0.069
40 76 0.214
40 46 0.128
40 47 0.12
40 50 0.151
40 64 0.128
40 72 0.106
40 75 0.208
40 91 0.296
40 95 0.15
40 42 0.163
40 43 0.13
40 44 0.188
40 45 0.137
40 51 0.136
40 52 0.161
40 53 0.087
40 55 0.164
40 56 0.18
40 60 0.123
40 62 0.198
40 65 0.123
40 67 0.15
40 68 0.183
40 70 0.183
40 74 0.155
40 77 0.15
40 79 0.174
40 80 0.093
40 81 0.123
40 83 0.138
40 84 0.102
40 85 0.143
40 86 0.161
40 87 0.126
40 93 0.113
40 94 0.152
40 99 0.125
41 91 0.926
41 97 0.845
41 90 0.864
41 78 0.737
41 61 0.796
41 84 0.586
41 82 0.207
41 89 0.198
41 99 0.161
41 43 0.314
41 46 0.238
41 62 0.078
41 65 0.131
41 67 0.128
41 83 0.114
41 42 0.137
41 44 0.124
41 51 0.179
41 52 0.101
41 53 0.142
41 54 0.187
41 56 0.173
41 57 0.12
41 60 0.173
41 64 0.177
41 71 0.185
41 72 0.164
41 75 0.079
41 81 0.164
41 85 0.136
41 87 0.173
41 88 0.193
41 93 0.196
41 96 0.154
41 98 0.159
42 50 0.94
42 86 0.697
42 67 1
42 98 0.804
42 96 0.913
42 62 0.952
42 46 0.952
42 82 0.741
42 95 0.876
42 64 0.552
42 51 0.149
42 48 0.277
42 73 0.135
42 74 0.521
42 47 0.192
42 77 0.165
42 85 0.167
42 90 0.185
42 43 0.22
42 45 0.203
42 57 0.013
42 59 0.164
42 75 0.141
42 79 0.113
42 87 0.144
42 91 0.193
42 92 0.185
42 97 0.146
42 44 0.147
42 49 0.202
42 52 0.08
42 53 0.131
42 54 0.161
42 58 0.16
42 60 0.134
42 63 0.142
42 66 0.195
42 69 0.132
42 70 0.158
42 72 0.164
42 80 0.137
42 81 0.101
42 83 0.152
42 84 0.135
42 94 0.143
42 99 0.085
43 58 1
43 84 0.939
43 70 0.859
43 97 1
43 66 0.77
43 96 0.663
43 74 0.542
43 68 0.757
43 50 1.0
43 49 1
43 83 0.725
43 72 0.272
43 54 0.124
43 52 0.184
43 60 0.209
43 89 0.04
43 98 0.207
43 46 0.231
43 56 0.005
43 71 0.18
43 91 0.149
43 92 0.254
43 93 0.136
43 44 0.104
43 45 0.156
43 47 0.117
43 48 0.163
43 53 0.186
43 55 0.142
43 59 0.136
43 61 0.159
43 62 0.158
43 65 0.167
43 67 0.098
43 69 0.14
43 73 0.147
43 75 0.127
43 76 0.133
43 86 0.183
43 88 0.16
43 90 0.157
43 94 0.184
43 99 0.191
44 57 0.653
44 70 1
44 48 0.645
44 67 0.93
44 50 0.744
44 72 0.696
44 74 0.654
44 77 0.993
44 52 0.865
44 46 0.122
44 54 0.138
44 66 0.166
44 75 0.064
44 78 0.218
44 49 0.175
44 55 0.222
44 59 0.14
44 60 0.13
44 69 0.262
44 73 0.009
44 89 0.003
44 93 0.109
44 94 0.129
44 45 0.136
44 51 0.141
44 56 0.112
44 58 0.072
44 61 0.143
44 62 0.169
44 64 0.158
44 68 0.139
44 76 0.192
44 80 0.171
44 81 0.188
44 83 0.14
44 86 0.176
44 87 0.219
44 91 0.149
44 96 0.13
44 97 0.16
44 98 0.2
44 99 0.148
45 96 0.985
45 78 0.17
45 68 0.152
45 61 0.168
45 58 0.188
45 63 0.143
45 74 0.12
45 83 0.145
45 50 0.168
45 79 0.175
45 82 0.146
45 87 0.289
45 88 0.139
45 90 0.164
45 46 0.15
45 48 0.131
45 49 0.168
45 51 0.11
45 52 0.202
45 53 0.149
45 54 0.124
45 60 0.157
45 67 0.168
45 70 0.155
45 76 0.143
45 77 0.194
45 80 0.162
45 81 0.21
45 84 0.134
45 91 0.136
45 94 0.157
45 97 0.121
46 62 0.94
46 64 0.858
46 99 1
46 92 0.644
46 87 0.777
46 56 0.685
46 70 0.027
46 54 0.142
46 55 0.227
46 63 0.169
46 67 0.108
46 68 0.179
46 72 0.158
46 80 0.125
46 81 0.185
46 82 0.183
46 85 0.287
46 89 0.22
46 97 0.142
46 53 0.178
46 59 0.101
46 60 0.194
46 61 0.15
46 65 0.175
46 69 0.122
46 71 0.207
46 74 0.164
46 75 0.174
46 76 0.128
46 93 0.127
46 98 0.156
47 97 0.935
47 68 1
47 87 0.685
47 83 0.853
47 55 0.659
47 56 0.072
47 74 0.221
47 52 0.261
47 60 0.04
47 64 0.258
47 93 0.259
47 49 0.142
47 57 0.158
47 67 0.191
47 72 0.23
47 91 0.238
47 48 0.165
47 51 0.137
47 53 0.164
47 54 0.119
47 58 0.166
47 59 0.196
47 61 0.16
47 66 0.15
47 69 0.181
47 70 0.148
47 71 0.208
47 73 0.165
47 76 0.13
47 81 0.173
47 82 0.12
47 84 0.169
47 88 0.176
47 90 0.154
47 92 0.143
48 80 0.556
48 89 0.836
48 71 0.837
48 97 0.962
48 74 0.614
48 72 0.568
48 54 0.137
48 66 1
48 60 0.343
48 88 0.528
48 99 0.233
48 53 0.144
48 56 0.142
48 65 0.042
48 55 0.164
48 57 0.226
48 70 0.159
48 81 0.085
48 82 0.066
48 84 0.208
48 85 0.122
48 92 0.152
48 94 0.148
48 50 0.091
48 51 0.143
48 59 0.154
48 69 0.153
48 76 0.157
48 77 0.154
48 78 0.138
48 79 0.121
48 83 0.155
48 87 0.116
48 90 0.157
48 91 0.161
48 95 0.125
48 96 0.15
49 61 0.692
49 82 0.924
49 65 0.925
49 83 0.651
49 50 0.769
49 73 0.822
49 54 0.924
49 84 0.678
49 90 0.598
49 77 0.516
49 86 0.865
49 63 0.737
49 55 0.103
49 78 0.059
49 94 0.123
49 67 0.118
49 70 0.187
49 72 0.166
49 75 0.084
49 87 0.142
49 99 0.159
49 51 0.172
49 52 0.167
49 57 0.145
49 60 0.206
49 62 0.103
49 64 0.182
49 66 0.171
49 68 0.14
49 71 0.133
49 74 0.127
49 76 0.145
49 79 0.134
49 80 0.128
49 81 0.15
49 85 0.115
49 89 0.137
49 92 0.112
49 97 0.118
49 98 0.145
50 64 1
50 99 0.927
50 89 0.727
50 53 0.942
50 78 1
50 82 0.535
50 94 0.957
50 66 0.521
50 72 0.707
50 86 0.682
50 68 0.497
50 56 0.601
50 87 0.355
50 91 0.625
50 52 0.231
50 84 0.109
50 98 0.325
50 55 0.178
50 58 0.093
50 65 0.13
50 79 0.323
50 80 0.127
50 81 0.174
50 96 0.265
50 54 0.121
50 60 0.145
50 61 0.109
50 62 0.15
50 67 0.127
50 69 0.149
50 70 0.13
50 73 0.201
50 75 0.184
50 76 0.134
50 77 0.182
50 93 0.151
50 97 0.164
51 95 0.963
51 56 0.812
51 75 1
51 66 0.639
51 96 0.711
51 58 0.857
51 89 0.815
51 55 0.866
51 85 0.828
51 82 0.686
51 61 0.867
51 79 0.537
51 69 0.113
51 64 0.141
51 70 0.141
51 94 0.175
51 60 0.101
51 73 0.186
51 77 0.091
51 83 0.111
51 84 0.187
51 88 0.154
51 90 0.058
51 52 0.122
51 54 0.173
51 57 0.169
51 59 0.169
51 62 0.192
51 68 0.105
51 72 0.161
51 74 0.164
51 76 0.134
51 80 0.131
51 81 0.114
51 86 0.138
51 87 0.147
51 91 0.176
51 97 0.185
51 99 0.123
52 73 0.775
52 57 0.643
52 83 0.52
52 91 0.182
52 56 0.754
52 68 0.53
52 64 0.256
52 72 0.139
52 82 0.041
52 62 0.109
52 70 0.275
52 76 0.156
52 77 0.168
52 80 0.113
52 90 0.323
52 96 0.157
52 53 0.151
52 58 0.189
52 60 0.151
52 61 0.167
52 65 0.148
52 66 0.157
52 67 0.136
52 69 0.161
52 71 0.114
52 74 0.105
52 78 0.14
52 79 0.206
52 85 0.169
52 95 0.166
52 99 0.139
53 99 0.832
53 80 0.832
53 62 0.854
53 55 0.85
53 90 0.742
53 77 0.632
53 78 0.158
53 88 0.107
53 95 0.525
53 61 0.225
53 68 0.306
53 81 0.124
53 87 0.085
53 96 0.277
53 56 0.121
53 59 0.252
53 69 0.194
53 72 0.345
53 74 0.175
53 75 0.138
53 84 0.18
53 86 0.136
53 98 0.129
53 57 0.105
53 64 0.141
53 71 0.141
53 79 0.074
53 94 0.18
54 72 0.955
54 74 1
54 85 0.688
54 69 0.887
54 84 0.583
54 98 0.522
54 61 0.325
54 92 0.216
54 60 0.094
54 66 0.122
54 71 0.087
54 78 0.297
54 88 0.175
54 93 0.113
54 94 0.194
54 96 0.296
54 56 0.137
54 63 0.156
54 64 0.151
54 65 0.17
54 68 0.12
54 73 0.139
54 75 0.136
54 80 0.137
54 81 0.09
54 83 0.141
54 86 0.197
54 87 0.099
54 91 0.193
54 99 0.174
55 77 0.837
55 71 0.806
55 66 0.788
55 59 0.707
55 61 0.935
55 81 0.968
55 57 0.158
55 82 0.156
55 67 0.105
55 68 0.126
55 70 0.145
55 83 0.177
55 79 0.159
55 85 0.195
55 86 0.333
55 56 0.203
55 58 0.144
55 72 0.159
55 75 0.301
55 97 0.228
55 60 0.142
55 63 0.12
55 65 0.157
55 69 0.111
55 74 0.16
55 76 0.155
55 91 0.096
55 92 0.128
55 94 0.11
55 95 0.125
55 99 0.155
56 91 0.51
56 60 0.74
56 65 0.681
56 79 0.774
56 75 0.798
56 86 0.794
56 95 0.537
56 78 0.634
56 77 0.527
56 85 0.191
56 97 0.277
56 82 0.24
56 90 0.129
56 57 0.155
56 67 0.297
56 62 0.149
56 66 0.194
56 69 0.127
56 70 0.165
56 71 0.121
56 73 0.172
56 83 0.125
56 84 0.151
56 88 0.152
56 96 0.156
56 98 0.117
56 99 0.136
57 62 0.627
57 59 1
57 63 0.852
57 76 0.75
57 92 0.832
57 97 0.551
57 79 1
57 64 0.537
57 80 0.569
57 60 0.318
57 86 0.038
57 72 0.142
57 65 0.175
57 67 0.139
57 68 0.114
57 69 0.249
57 70 0.18
57 75 0.115
57 78 0.06
57 94 0.186
57 58 0.138
57 71 0.177
57 77 0.158
57 81 0.172
57 90 0.103
57 91 0.124
57 95 0.126
58 89 0.671
58 69 0.885
58 60 0.954
58 92 0.713
58 93 1
58 70 1
58 86 0.587
58 61 0.212
58 75 0.119
58 59 0.254
58 62 0.184
58 63 0.212
58 65 0.138
58 72 0.167
58 73 0.177
58 84 0.168
58 85 0.126
58 96 0.133
58 97 0.142
58 66 0.199
58 67 0.141
58 71 0.18
58 77 0.175
58 78 0.091
58 79 0.163
58 80 0.175
58 82 0.107
58 90 0.105
58 94 0.173
58 95 0.149
58 99 0.178
59 91 0.967
59 61 0.771
59 79 0.956
59 65 0.188
59 82 0.333
59 64 0.063
59 83 0.138
59 97 0.166
59 62 0.163
59 63 0.129
59 67 0.179
59 68 0.143
59 69 0.111
59 70 0.121
59 71 0.14
59 72 0.123
59 74 0.185
59 76 0.134
59 77 0.196
59 78 0.154
59 81 0.166
59 84 0.158
59 85 0.138
59 88 0.117
60 75 0.772
60 68 0.521
60 88 0.869
60 84 0.916
60 72 0.795
60 63 0.671
60 90 0.595
60 99 0.689
60 82 0.368
60 81 0.092
60 87 0.141
60 69 0.151
60 95 0.046
60 65 0.003
60 66 0.159
60 67 0.092
60 76 0.387
60 92 0.175
60 62 0.158
60 64 0.191
60 71 0.2
60 77 0.114
60 78 0.166
60 80 0.165
60 83 0.13
60 85 0.172
60 91 0.165
60 93 0.164
60 96 0.181
60 97 0.104
61 86 0.755
61 69 0.368
61 70 0.533
61 95 0.239
61 75 0.194
61 72 0.118
61 68 0.154
61 71 0.182
61 93 0.057
61 98 0.219
61 64 0.178
61 65 0.376
61 74 0.189
61 77 0.226
61 89 0.043
61 91 0.175
61 96 0.202
61 99 0.189
61 73 0.204
61 78 0.138
61 79 0.118
61 80 0.174
61 84 0.169
61 88 0.165
61 92 0.204
61 97 0.146
62 89 0.809
62 68 0.693
62 66 0.555
62 95 0.97
62 90 0.34
62 91 0.138
62 65 0.108
62 73 0.193
62 80 0.118
62 94 0.258
62 70 0.176
62 71 0.166
62 72 0.296
62 76 0.149
62 77 0.166
62 78 0.19
62 79 0.085
62 81 0.394
62 84 0.101
62 99 0.253
62 64 0.219
62 69 0.119
62 74 0.155
62 83 0.173
62 85 0.147
62 87 0.201
62 88 0.139
63 80 0.836
63 84 0.775
63 88 0.545
63 76 0.722
63 79 0.67
63 99 1
63 86 0.785
63 66 0.726
63 92 0.6
63 73 0.163
63 94 0.064
63 93 0.007
63 67 0.055
63 68 0.235
63 77 0.137
63 91 0.02
63 70 0.139
63 71 0.121
63 78 0.106
63 82 0.162
63 85 0.178
63 96 0.159
64 76 1
64 95 0.66
64 99 0.664
64 73 0.649
64 83 0.651
64 92 0.171
64 70 0.097
64 77 0.123
64 84 0.153
64 90 0.216
64 98 0.159
64 66 0.186
64 93 0.199
64 94 0.126
64 74 0.153
64 75 0.133
64 79 0.141
64 80 0.107
64 81 0.139
64 82 0.129
64 85 0.126
64 86 0.173
64 89 0.159
64 96 0.106
65 67 1
65 71 0.938
65 92 1
65 96 0.875
65 98 0.964
65 89 0.618
65 68 0.877
65 90 0.619
65 78 0.554
65 99 1
65 72 0.866
65 91 1
65 97 0.049
65 77 0.282
65 74 0.134
65 81 0.144
65 86 0.122
65 69 0.152
65 66 0.158
65 76 0.133
65 80 0.228
65 82 0.16
65 83 0.102
65 85 0.159
65 87 0.106
66 93 0.589
66 96 0.756
66 90 0.616
66 74 0.379
66 73 0.589
66 85 0.811
66 98 0.227
66 89 0.303
66 80 0.105
66 81 0.116
66 67 0.217
66 99 0.068
66 68 0.184
66 69 0.177
66 83 0.226
66 86 0.126
66 70 0.167
66 72 0.165
66 78 0.207
66 79 0.099
66 84 0.169
66 95 0.117
67 86 0.595
67 95 0.631
67 96 0.698
67 85 1
67 74 0.635
67 80 0.739
67 92 0.805
67 97 0.189
67 99 0.129
67 77 0.08
67 83 0.158
67 84 0.201
67 94 0.192
67 68 0.179
67 69 0.123
67 70 0.13
67 73 0.144
67 75 0.126
67 82 0.152
67 87 0.177
67 88 0.161
67 90 0.166
68 75 0.547
68 73 0.636
68 99 0.974
68 96 0.817
68 76 0.567
68 90 0.794
68 82 0.868
68 74 0.765
68 93 0.555
68 85 0.589
68 70 0.151
68 79 0.154
68 83 0.158
68 84 0.142
68 87 0.064
68 89 0.177
68 97 0.126
68 98 0.113
68 69 0.138
68 77 0.185
68 78 0.161
68 86 0.197
68 88 0.164
68 91 0.15
68 95 0.155
69 93 0.766
69 79 0.678
69 94 0.976
69 74 0.552
69 82 0.741
69 83 0.861
69 96 0.652
69 91 0.54
69 80 0.527
69 75 0.161
69 86 0.474
69 88 0.352
69 90 0.144
69 95 0.127
69 72 0.144
69 98 0.16
69 71 0.127
69 77 0.154
69 81 0.158
69 87 0.128
69 89 0.131
70 84 1
70 78 0.703
70 79 0.851
70 88 1
70 76 0.904
70 99 0.513
70 96 0.597
70 72 0.172
70 90 0.257
70 83 0.125
70 71 0.17
70 97 0.133
70 74 0.188
70 75 0.178
70 81 0.129
70 82 0.131
70 86 0.18
70 91 0.127
70 92 0.163
70 93 0.133
70 94 0.138
70 95 0.116
71 84 0.867
71 82 1
71 85 0.926
71 81 0.756
71 76 0.633
71 87 0.119
71 72 0.327
71 75 0.212
71 90 0.184
71 91 0.418
71 86 0.167
71 92 0.283
71 99 0.139
71 73 0.084
71 74 0.183
71 78 0.089
71 79 0.123
71 88 0.091
71 93 0.119
71 94 0.123
71 96 0.149
72 93 0.622
72 84 0.64
72 87 0.55
72 98 0.962
72 81 0.83
72 90 0.125
72 89 0.015
72 76 0.302
72 73 0.099
72 77 0.171
72 88 0.1
72 96 0.133
72 78 0.154
72 80 0.141
72 86 0.118
72 94 0.193
73 88 0.716
73 99 0.646
73 83 0.872
73 75 0.667
73 86 0.255
73 95 0.113
73 80 0.176
73 91 0.318
73 96 0.054
73 98 0.166
73 77 0.174
73 79 0.147
73 82 0.161
73 84 0.17
73 90 0.132
73 92 0.193
74 90 0.506
74 97 0.964
74 99 0.765
74 96 0.84
74 89 0.383
74 77 0.202
74 78 0.168
74 83 0.167
74 84 0.237
74 85 0.142
74 98 0.088
74 82 0.137
74 86 0.133
74 91 0.193
74 93 0.213
75 85 1
75 78 1
75 84 0.965
75 83 0.913
75 88 0.286
75 89 0.222
75 90 0.108
75 82 0.04
75 96 0.192
75 86 0.186
75 98 0.073
75 99 0.257
75 80 0.172
75 81 0.154
75 87 0.137
75 92 0.158
75 94 0.142
76 86 1
76 88 1
76 92 0.773
76 94 0.252
76 97 0.429
76 82 0.128
76 87 0.149
76 83 0.123
76 90 0.348
76 80 0.201
76 81 0.168
76 84 0.177
76 89 0.11
76 93 0.143
76 98 0.191
77 81 0.809
77 87 0.383
77 83 0.151
77 88 0.044
77 93 0.148
77 97 0.111
77 95 0.109
77 96 0.175
77 98 0.169
78 88 1
78 92 0.926
78 93 0.734
78 80 0.723
78 99 1
78 95 0.341
78 96 0.031
78 81 0.137
78 83 0.201
78 89 0.058
78 91 0.098
78 84 0.159
78 85 0.162
78 86 0.177
78 87 0.135
78 94 0.109
79 91 0.916
79 89 1
79 97 0.778
79 99 0.473
79 87 0.849
79 84 0.726
79 80 0.171
79 96 0.177
79 82 0.137
79 83 0.193
79 85 0.148
79 86 0.192
79 88 0.158
79 90 0.171
79 92 0.139
79 93 0.165
79 95 0.156
80 88 0.771
80 91 0.854
80 86 1
80 84 0.095
80 93 0.022
80 81 0.005
80 90 0.136
80 99 0.051
80 83 0.128
80 92 0.16
80 98 0.154
81 83 0.784
81 87 0.31
81 97 0.067
81 99 0.141
81 82 0.246
81 86 0.172
81 92 0.067
81 85 0.151
81 90 0.153
81 91 0.142
81 94 0.165
81 98 0.156
82 94 0.998
82 98 0.825
82 88 0.666
82 85 0.044
82 99 0.336
82 91 0.122
82 96 0.175
82 97 0.138
82 83 0.162
82 86 0.172
82 95 0.12
83 94 0.788
83 88 0.572
83 86 0.629
83 97 0.162
83 92 0.209
83 87 0.137
83 91 0.147
83 93 0.115
83 95 0.19
83 96 0.128
83 98 0.158
84 85 0.847
84 87 1
84 95 0.777
84 94 0.976
84 86 0.677
84 96 0.792
84 88 0.196
84 91 0.109
84 97 0.168
84 89 0.172
84 92 0.135
84 93 0.156
84 98 0.16
84 99 0.063
85 89 0.741
85 95 0.25
85 96 0.203
85 87 0.057
85 86 0.132
85 88 0.171
85 90 0.1
85 92 0.162
85 93 0.182
85 94 0.183
85 97 0.082
86 99 0.652
86 92 0.182
86 94 0.097
86 97 0.097
86 87 0.156
86 89 0.157
86 90 0.159
86 96 0.093
87 93 0.77
87 98 0.521
87 94 0.191
87 95 0.132
87 90 0.125
87 89 0.105
87 91 0.143
87 92 0.162
87 96 0.163
88 99 0.91
88 89 0.157
88 92 0.126
88 90 0.109
88 94 0.127
88 95 0.183
88 96 0.133
88 97 0.169
89 92 1
89 94 0.788
89 99 0.075
89 93 0.153
89 98 0.187
89 90 0.16
89 91 0.21
89 95 0.142
90 97 0.936
90 94 1
90 96 0.839
90 92 0.15
90 99 0.203
90 91 0.164
90 93 0.089
90 95 0.11
90 98 0.171
91 92 0.845
91 95 0.504
91 98 0.358
91 96 0.183
91 93 0.167
91 94 0.134
92 96 0.202
92 97 0.104
92 95 0.103
93 98 0.749
93 96 0.083
93 99 0.097
93 94 0.141
93 95 0.121
94 95 0.926
94 98 0.146
94 99 0.18
95 99 0.169
95 98 0.147
96 97 0.116
96 98 0.124
