0 85 0.952
0 59 0.644
0 8 0.632
0 11 0.732
0 41 0.01
0 33 0.237
0 95 0.008
0 1 0.145
0 16 0.133
0 24 0.123
0 38 0.137
0 54 0.153
0 61 0.206
0 71 0.195
0 75 0.187
0 77 0.119
0 79 0.159
1 38 0.78
1 63 0.674
1 49 0.916
1 8 0.534
1 97 0.659
1 35 0.755
1 18 0.94
1 5 0.195
1 7 0.113
1 10 0.211
1 13 0.173
1 17 0.1
1 23 0.136
1 40 0.154
1 41 0.091
1 50 0.172
1 59 0.118
1 80 0.17
1 83 0.13
1 90 0.092
1 91 0.18
1 94 0.11
2 37 0.865
2 68 0.926
2 36 1
2 35 1
2 58 1
2 12 0.796
2 43 0.678
2 55 0.214
2 74 0.115
2 14 0.171
2 18 0.164
2 20 0.162
2 21 0.151
2 39 0.213
2 45 0.159
2 48 0.115
2 49 0.164
2 53 0.181
2 54 0.138
2 64 0.19
2 80 0.101
2 91 0.194
2 95 0.168
2 99 0.192
3 47 0.773
3 60 0.801
3 5 0.575
3 25 0.167
3 70 0.195
3 4 0.105
3 18 0.17
3 22 0.203
3 36 0.188
3 41 0.178
3 42 0.141
3 49 0.151
3 51 0.142
3 53 0.11
3 58 0.152
3 61 0.132
3 74 0.099
3 76 0.115
3 85 0.177
4 79 0.912
4 47 0.749
4 60 0.767
4 96 0.253
4 9 0.112
4 10 0.163
4 14 0.182
4 15 0.131
4 17 0.115
4 23 0.127
4 29 0.194
4 36 0.187
4 38 0.181
4 43 0.157
4 44 0.156
4 48 0.15
4 53 0.127
4 56 0.177
4 61 0.109
4 64 0.131
4 68 0.129
4 69 0.176
4 70 0.095
4 72 0.154
4 75 0.115
4 91 0.131
4 93 0.137
4 95 0.169
5 47 1
5 30 0.694
5 96 0.693
5 28 0.993
5 37 0.857
5 75 0.182
5 92 0.222
5 6 0.173
5 15 0.128
5 23 0.138
5 25 0.161
5 31 0.132
5 34 0.176
5 38 0.162
5 54 0.126
5 56 0.16
5 61 0.098
5 65 0.16
5 68 0.204
5 70 0.134
5 80 0.136
6 66 0.819
6 32 0.731
6 78 0.859
6 13 0.829
6 62 0.941
6 73 0.808
6 89 0.766
6 9 0.979
6 84 0.732
6 97 0.164
6 12 0.145
6 14 0.18
6 40 0.18
6 48 0.155
6 57 0.152
6 58 0.148
6 60 0.15
6 72 0.119
6 80 0.152
6 95 0.172
7 21 0.62
7 22 0.851
7 57 0.762
7 9 0.99
7 40 0.105
7 8 0.159
7 17 0.121
7 18 0.118
7 20 0.124
7 24 0.164
7 28 0.188
7 32 0.208
7 45 0.131
7 48 0.175
7 50 0.124
7 51 0.195
7 63 0.143
7 71 0.147
7 72 0.144
8 56 0.745
8 39 0.901
8 23 0.87
8 75 0.797
8 71 0.804
8 18 0.137
8 26 0.415
8 83 0.186
8 12 0.12
8 15 0.173
8 17 0.102
8 21 0.145
8 27 0.162
8 32 0.179
8 36 0.152
8 52 0.173
8 57 0.19
8 59 0.131
8 64 0.173
8 67 0.164
8 69 0.152
8 70 0.139
8 80 0.155
8 89 0.169
8 91 0.143
8 99 0.173
9 19 0.943
9 27 0.772
9 56 0.764
9 79 1
9 12 0.152
9 72 0.113
9 16 0.165
9 22 0.136
9 31 0.196
9 35 0.233
9 57 0.2
9 61 0.116
9 63 0.142
9 65 0.159
9 69 0.167
9 70 0.147
9 85 0.147
9 91 0.106
9 96 0.201
10 53 1
10 63 1
10 96 0.212
10 20 0.165
10 11 0.156
10 30 0.147
10 38 0.173
10 45 0.103
10 54 0.1
10 57 0.15
10 69 0.136
10 71 0.151
10 76 0.126
10 82 0.158
10 84 0.131
10 87 0.101
10 88 0.204
10 90 0.149
10 97 0.11
11 74 0.809
11 12 0.139
11 54 0.275
11 14 0.142
11 16 0.147
11 19 0.134
11 31 0.199
11 32 0.187
11 36 0.171
11 38 0.147
11 48 0.155
11 49 0.122
11 50 0.17
11 60 0.146
11 62 0.102
11 64 0.149
11 65 0.112
11 68 0.14
11 71 0.135
11 80 0.154
11 82 0.175
11 86 0.13
11 91 0.137
11 95 0.127
11 98 0.152
12 90 1
12 75 0.648
12 87 0.606
12 98 0.925
12 94 0.738
12 14 0.196
12 16 0.125
12 18 0.109
12 22 0.148
12 28 0.138
12 35 0.21
12 36 0.134
12 37 0.152
12 43 0.12
12 48 0.216
12 49 0.118
12 52 0.088
12 56 0.13
12 58 0.145
12 62 0.178
12 63 0.163
12 79 0.146
12 91 0.179
12 95 0.119
12 96 0.111
13 66 0.627
13 48 0.821
13 29 0.831
13 17 0.158
13 30 0.203
13 34 0.158
13 36 0.149
13 38 0.118
13 41 0.119
13 49 0.194
13 52 0.2
13 53 0.143
13 57 0.185
13 67 0.145
13 69 0.188
13 80 0.2
13 87 0.176
13 94 0.148
13 98 0.18
14 40 0.838
14 30 0.097
14 18 0.177
14 20 0.103
14 28 0.141
14 39 0.147
14 45 0.093
14 46 0.214
14 57 0.119
14 68 0.167
14 72 0.17
14 77 0.141
14 80 0.163
14 82 0.15
14 83 0.13
14 89 0.093
15 61 0.836
15 90 0.143
15 17 0.15
15 20 0.173
15 25 0.119
15 37 0.166
15 48 0.127
15 56 0.094
15 63 0.159
15 65 0.183
15 67 0.144
15 68 0.161
15 79 0.144
15 84 0.154
15 91 0.126
15 92 0.153
15 95 0.175
16 83 0.612
16 74 0.787
16 25 0.025
16 40 0.123
16 55 0.142
16 73 0.118
16 77 0.296
16 20 0.154
16 29 0.175
16 37 0.085
16 52 0.105
16 58 0.19
16 63 0.183
16 64 0.211
16 80 0.183
16 82 0.127
16 87 0.125
16 89 0.11
16 99 0.169
17 34 0.855
17 85 0.706
17 25 0.711
17 61 0.868
17 20 1
17 24 0.151
17 29 0.147
17 43 0.178
17 48 0.166
17 49 0.176
17 59 0.143
17 63 0.152
17 65 0.077
17 81 0.107
17 83 0.134
18 36 0.742
18 83 0.666
18 99 0.701
18 25 1
18 59 0.14
18 92 0.167
18 24 0.153
18 27 0.166
18 33 0.143
18 35 0.178
18 51 0.205
18 54 0.144
18 57 0.193
18 64 0.134
18 66 0.196
18 72 0.158
18 77 0.175
18 84 0.163
18 98 0.151
19 47 1
19 61 0.88
19 71 0.103
19 22 0.124
19 24 0.153
19 28 0.195
19 29 0.131
19 30 0.229
19 31 0.16
19 39 0.132
19 43 0.149
19 58 0.202
19 65 0.177
19 68 0.165
19 81 0.123
19 86 0.164
19 92 0.093
19 94 0.141
19 99 0.124
20 62 1
20 97 0.701
20 69 0.92
20 86 0.762
20 71 0.106
20 33 0.094
20 39 0.168
20 89 0.129
20 34 0.141
20 40 0.134
20 41 0.118
20 45 0.182
20 55 0.167
20 57 0.111
20 63 0.146
20 64 0.159
20 70 0.123
20 82 0.151
20 85 0.109
20 90 0.246
20 96 0.148
21 42 0.696
21 55 1
21 58 0.622
21 50 1
21 48 0.641
21 31 0.297
21 25 0.157
21 26 0.165
21 27 0.196
21 35 0.125
21 51 0.188
21 63 0.167
21 68 0.145
21 71 0.168
21 84 0.184
21 95 0.194
21 98 0.092
22 97 0.906
22 71 0.946
22 54 0.573
22 51 0.909
22 53 1
22 72 0.596
22 81 0.651
22 34 0.963
22 24 0.154
22 26 0.163
22 28 0.133
22 30 0.221
22 38 0.227
22 45 0.185
22 52 0.12
22 55 0.142
22 59 0.125
22 60 0.142
22 61 0.154
22 69 0.086
22 80 0.184
22 83 0.192
23 25 0.85
23 92 0.882
23 50 0.699
23 68 0.849
23 99 0.825
23 74 0.764
23 33 0.114
23 38 0.135
23 43 0.116
23 55 0.132
23 56 0.118
23 59 0.209
23 61 0.124
23 69 0.115
23 70 0.183
23 71 0.138
23 73 0.204
23 90 0.139
23 97 0.161
24 39 0.854
24 52 0.817
24 64 1
24 61 0.606
24 54 0.119
24 58 0.256
24 27 0.099
24 45 0.15
24 66 0.148
24 67 0.182
24 75 0.146
24 82 0.128
24 89 0.199
24 92 0.139
25 61 0.847
25 67 0.877
25 71 1
25 87 0.786
25 97 0.985
25 47 0.893
25 29 0.13
25 36 0.21
25 37 0.133
25 39 0.14
25 44 0.12
25 48 0.13
25 51 0.153
25 69 0.131
25 72 0.092
25 74 0.134
25 76 0.225
25 77 0.094
25 83 0.198
25 89 0.17
25 91 0.151
25 98 0.191
26 41 1
26 55 0.93
26 75 1
26 35 0.16
26 51 0.154
26 34 0.13
26 43 0.153
26 47 0.152
26 52 0.207
26 56 0.147
26 58 0.109
26 65 0.196
26 68 0.142
26 70 0.167
26 76 0.181
26 83 0.092
26 91 0.127
26 93 0.15
27 44 0.705
27 51 1
27 53 0.659
27 84 0.694
27 29 0.187
27 36 0.174
27 42 0.125
27 45 0.194
27 52 0.182
27 59 0.19
27 62 0.138
27 68 0.133
27 74 0.162
27 78 0.126
27 89 0.134
27 92 0.161
27 93 0.172
28 56 0.645
28 99 0.69
28 62 0.769
28 50 0.962
28 30 0.154
28 37 0.178
28 40 0.172
28 45 0.211
28 51 0.182
28 58 0.159
28 77 0.158
28 87 0.165
29 96 0.681
29 82 1
29 31 0.135
29 35 0.205
29 40 0.185
29 41 0.166
29 42 0.17
29 51 0.207
29 57 0.134
29 71 0.127
29 83 0.138
29 90 0.115
29 92 0.147
29 99 0.136
30 51 1
30 41 0.87
30 94 0.664
30 76 0.199
30 32 0.156
30 39 0.059
30 43 0.128
30 49 0.141
30 55 0.174
30 61 0.113
30 63 0.162
30 82 0.15
30 87 0.149
30 89 0.092
30 96 0.185
30 99 0.148
31 79 1
31 98 0.949
31 46 0.096
31 99 0.271
31 42 0.158
31 44 0.166
31 50 0.161
31 53 0.125
31 60 0.108
31 61 0.164
31 62 0.146
31 63 0.131
31 66 0.162
31 67 0.183
31 68 0.136
31 83 0.112
31 94 0.183
31 96 0.167
32 94 0.885
32 60 0.538
32 61 0.205
32 67 0.167
32 95 0.122
32 36 0.19
32 41 0.12
32 42 0.156
32 44 0.125
32 46 0.156
32 48 0.16
32 63 0.141
32 64 0.156
32 74 0.114
32 77 0.131
32 81 0.158
32 87 0.142
32 88 0.137
32 96 0.146
33 74 0.746
33 67 0.821
33 43 0.983
33 71 0.146
33 39 0.096
33 42 0.159
33 44 0.139
33 45 0.155
33 51 0.188
33 57 0.157
33 61 0.152
33 62 0.17
33 75 0.153
33 86 0.145
33 87 0.163
34 78 0.79
34 97 0.878
34 61 1
34 38 0.138
34 40 0.148
34 49 0.17
34 52 0.168
34 59 0.173
34 63 0.112
34 69 0.162
34 80 0.133
34 81 0.143
34 82 0.119
34 84 0.163
34 92 0.152
34 94 0.127
34 98 0.165
35 65 0.554
35 84 0.506
35 39 0.193
35 42 0.134
35 44 0.202
35 53 0.164
35 58 0.147
35 60 0.097
35 62 0.118
35 78 0.191
35 87 0.128
35 90 0.228
35 98 0.14
36 50 0.975
36 79 0.883
36 65 0.928
36 90 1
36 84 0.78
36 67 0.74
36 55 0.187
36 37 0.143
36 44 0.11
36 45 0.123
36 52 0.17
36 61 0.153
36 81 0.169
36 82 0.151
36 86 0.12
36 91 0.111
36 99 0.159
37 85 0.656
37 70 1
37 68 0.861
37 64 0.586
37 96 0.123
37 39 0.098
37 42 0.174
37 59 0.148
37 60 0.123
37 61 0.145
37 73 0.212
37 76 0.155
37 82 0.154
37 88 0.139
37 92 0.215
38 52 0.994
38 62 0.872
38 43 0.879
38 50 0.614
38 72 0.148
38 51 0.177
38 54 0.16
38 66 0.085
38 67 0.147
38 68 0.197
38 81 0.127
38 91 0.167
38 92 0.206
38 96 0.137
38 97 0.131
38 98 0.141
39 91 0.648
39 59 0.774
39 46 0.687
39 97 0.151
39 64 0.132
39 73 0.153
39 74 0.147
39 77 0.158
39 89 0.106
39 92 0.165
39 98 0.15
40 41 0.719
40 44 0.809
40 48 0.157
40 63 0.146
40 66 0.135
40 68 0.139
40 69 0.163
40 77 0.144
40 90 0.197
41 91 0.642
41 75 0.935
41 70 0.874
41 63 0.589
41 98 0.104
41 51 0.136
41 56 0.17
41 59 0.19
41 61 0.154
41 79 0.21
41 81 0.149
41 82 0.159
41 84 0.199
41 87 0.125
41 88 0.19
41 94 0.165
42 50 0.785
42 68 0.712
42 55 0.119
42 61 0.179
42 71 0.109
42 73 0.162
42 75 0.188
42 80 0.123
42 87 0.147
42 96 0.239
43 58 0.941
43 74 0.758
43 73 0.73
43 93 0.138
43 46 0.109
43 47 0.153
43 51 0.115
43 55 0.099
43 57 0.15
43 64 0.173
43 69 0.193
43 70 0.156
43 79 0.164
43 81 0.167
43 82 0.151
43 98 0.153
44 48 0.856
44 50 1
44 96 0.162
44 56 0.118
44 70 0.156
44 75 0.149
44 77 0.188
44 95 0.129
45 96 0.771
45 81 0.174
45 60 0.174
45 72 0.15
45 77 0.22
45 89 0.153
46 99 1
46 62 0.145
46 47 0.136
46 49 0.203
46 50 0.115
46 63 0.152
46 79 0.157
46 88 0.129
47 97 0.872
47 87 0.809
47 83 0.622
47 70 0.329
47 48 0.137
47 55 0.189
47 56 0.177
47 58 0.199
47 60 0.09
47 64 0.154
47 65 0.153
47 67 0.203
47 86 0.155
47 89 0.206
47 98 0.159
48 89 0.796
48 71 0.669
48 72 0.826
48 66 1.0
48 53 0.145
48 73 0.192
48 77 0.103
48 82 0.142
48 85 0.12
49 61 1
49 73 0.827
49 84 0.92
49 55 0.154
49 57 0.138
49 65 0.149
49 82 0.199
49 86 0.14
49 87 0.132
49 99 0.214
50 89 0.964
50 82 0.7
50 94 0.817
50 72 0.823
50 59 0.788
50 75 0.865
50 51 0.212
50 53 0.11
50 66 0.136
50 71 0.163
50 77 0.098
50 79 0.187
50 81 0.145
50 83 0.193
50 88 0.143
50 97 0.102
51 95 0.718
51 96 0.915
51 82 0.923
51 61 1
51 85 0.229
51 55 0.251
51 56 0.171
51 57 0.134
51 63 0.175
51 66 0.146
51 67 0.196
51 71 0.156
51 74 0.12
51 86 0.128
52 73 0.903
52 94 0.505
52 55 0.184
52 61 0.199
52 79 0.122
52 83 0.151
52 95 0.167
53 99 0.986
53 77 1
53 96 0.803
53 54 0.198
53 62 0.088
53 66 0.161
53 70 0.157
53 73 0.128
53 75 0.148
53 84 0.152
53 87 0.144
53 91 0.196
53 93 0.123
53 94 0.133
54 77 0.625
54 73 0.191
54 79 0.165
54 95 0.26
54 63 0.129
54 83 0.179
54 96 0.107
55 66 1
55 69 0.541
55 70 0.78
55 85 0.805
55 77 0.111
55 89 0.192
55 60 0.112
55 65 0.134
55 68 0.117
55 74 0.11
55 99 0.147
56 60 0.807
56 65 0.987
56 74 1
56 94 0.794
56 63 0.133
56 72 0.151
56 78 0.116
56 84 0.13
56 88 0.208
56 90 0.159
56 96 0.159
57 97 0.662
57 67 0.893
57 68 0.682
57 95 0.177
57 58 0.186
57 66 0.154
57 70 0.174
57 82 0.128
57 86 0.17
57 90 0.115
57 91 0.148
57 99 0.136
58 89 0.79
58 93 0.539
58 96 0.146
58 61 0.142
58 64 0.091
58 73 0.171
58 74 0.161
58 79 0.162
58 86 0.148
58 91 0.153
58 92 0.115
58 98 0.106
59 87 1
59 75 0.171
59 78 0.127
59 89 0.132
59 66 0.162
59 70 0.105
59 71 0.122
59 72 0.138
59 73 0.148
59 77 0.144
59 79 0.132
59 80 0.143
59 85 0.126
59 96 0.091
59 98 0.155
60 88 0.919
60 84 1
60 90 0.992
60 74 0.7
60 71 0.995
60 97 0.095
60 63 0.193
60 65 0.166
60 66 0.154
60 67 0.107
60 70 0.159
60 72 0.157
60 95 0.15
60 98 0.135
61 70 1
61 68 0.183
61 74 0.161
61 84 0.189
61 91 0.135
62 89 0.765
62 71 0.181
62 86 0.258
62 66 0.121
62 84 0.14
62 85 0.18
62 93 0.151
62 96 0.168
63 76 0.967
63 99 0.972
63 65 0.127
63 83 0.121
63 85 0.129
63 95 0.154
64 95 0.952
64 73 1
64 68 0.144
64 72 0.139
64 77 0.155
64 86 0.165
64 96 0.136
65 96 0.967
65 89 0.973
65 72 1
65 81 0.885
65 73 0.999
65 70 0.094
65 79 0.153
65 84 0.186
65 97 0.148
66 85 0.996
66 86 0.736
66 79 0.263
66 80 0.167
66 81 0.141
66 96 0.157
67 85 0.616
67 71 0.17
67 95 0.192
68 90 0.971
68 95 1
68 78 0.847
68 71 0.116
68 85 0.095
69 93 0.881
69 94 0.712
69 91 0.91
69 80 0.199
69 81 0.156
69 84 0.14
69 98 0.138
70 99 0.119
70 77 0.127
70 78 0.153
70 80 0.163
70 86 0.085
71 85 0.833
71 76 0.916
71 91 0.838
71 77 0.151
71 94 0.13
71 96 0.218
71 97 0.121
72 75 0.169
72 85 0.151
72 86 0.157
72 89 0.169
72 96 0.16
73 83 0.975
73 81 0.964
73 84 0.157
73 91 0.156
73 92 0.129
73 94 0.145
74 82 0.184
74 94 0.127
74 76 0.211
74 77 0.138
74 85 0.212
74 89 0.155
74 93 0.153
74 97 0.171
75 99 0.167
76 88 0.716
76 78 0.165
76 80 0.118
76 82 0.148
76 83 0.2
76 87 0.112
76 93 0.116
77 81 1
77 87 0.164
77 97 0.128
77 82 0.171
77 83 0.117
77 92 0.178
78 93 0.862
78 99 0.969
78 97 0.877
78 86 0.148
78 79 0.128
78 88 0.152
78 89 0.169
79 91 0.671
79 89 0.603
79 83 0.102
79 84 0.151
79 90 0.165
79 92 0.104
79 96 0.135
80 91 0.759
80 88 0.139
80 97 0.144
81 82 0.188
81 89 0.138
81 94 0.145
82 94 0.644
82 98 0.786
82 88 0.839
82 87 0.116
82 89 0.16
82 92 0.143
82 97 0.157
83 90 0.135
84 89 0.151
84 98 0.144
85 87 0.136
85 90 0.118
85 92 0.151
85 94 0.148
85 96 0.173
85 97 0.111
86 91 0.165
86 92 0.164
86 95 0.165
86 96 0.146
87 91 0.154
87 94 0.167
88 92 0.158
88 99 0.152
89 92 0.184
89 94 0.159
89 97 0.212
91 93 0.162
91 94 0.152
91 96 0.151
91 98 0.121
92 95 0.139
94 95 1
95 99 0.203
95 98 0.162
98 99 0.119
