0 15 0.628
0 25 0.528
0 18 0.052
0 87 0.166
0 12 0.264
0 24 0.106
0 34 0.428
0 36 0.243
0 37 0.537
0 38 0.246
0 68 0.414
0 76 0.085
0 80 0.106
0 86 0.273
0 9 0.23
0 10 0.31
0 13 0.081
0 21 0.067
0 28 0.037
0 35 0.138
0 64 0.088
0 65 0.102
0 69 0.266
0 71 0.064
0 73 0.241
0 79 0.277
0 81 0.573
0 89 0.068
0 91 0.141
0 92 0.098
0 99 0.284
0 4 0.168
0 29 0.309
0 46 0.163
0 50 0.242
0 51 0.145
0 54 0.055
0 55 0.204
0 74 0.073
0 6 0.126
0 7 0.263
0 8 0.275
0 17 0.125
0 26 0.093
0 41 0.282
0 44 0.164
0 66 0.273
0 75 0.238
0 84 0.181
0 85 0.174
0 95 0.014
0 1 0.095
0 2 0.139
0 5 0.12
0 30 0.165
0 39 0.157
0 49 0.144
0 62 0.117
0 70 0.167
0 78 0.167
0 96 0.158
0 97 0.158
1 17 0.674
1 19 0.835
1 32 0.882
1 23 0.782
1 72 0.681
1 9 0.218
1 15 0.318
1 25 0.236
1 26 0.169
1 40 0.246
1 75 0.266
1 79 0.477
1 96 0.102
1 98 0.156
1 2 0.026
1 8 0.211
1 13 0.116
1 22 0.31
1 29 0.395
1 42 0.132
1 61 0.024
1 65 0.224
1 68 0.214
1 74 0.142
1 80 0.35
1 82 0.221
1 86 0.043
1 21 0.006
1 43 0.084
1 50 0.154
1 52 0.159
1 57 0.262
1 59 0.276
1 62 0.008
1 64 0.126
1 67 0.055
1 87 0.247
1 89 0.194
1 91 0.518
1 92 0.146
1 93 0.095
1 7 0.06
1 11 0.058
1 12 0.365
1 31 0.167
1 37 0.254
1 44 0.084
1 46 0.103
1 47 0.012
1 54 0.3
1 55 0.198
1 60 0.046
1 71 0.132
1 81 0.137
1 88 0.092
1 27 0.136
1 34 0.139
1 45 0.17
1 56 0.154
1 66 0.192
1 83 0.199
1 95 0.131
1 99 0.151
2 51 1
2 16 0.99
2 48 0.396
2 4 0.326
2 18 0.147
2 19 0.258
2 21 0.068
2 23 0.208
2 24 0.062
2 25 0.043
2 26 0.045
2 34 0.181
2 36 0.456
2 38 0.105
2 41 0.353
2 43 0.112
2 45 0.392
2 49 0.208
2 60 0.311
2 68 0.059
2 71 0.349
2 91 0.141
2 94 0.327
2 6 0.384
2 10 0.253
2 11 0.262
2 12 0.238
2 69 0.199
2 72 0.135
2 75 0.176
2 81 0.103
2 90 0.356
2 31 0.428
2 59 0.143
2 70 0.347
2 77 0.307
2 78 0.159
2 86 0.231
2 93 0.118
2 95 0.441
2 3 0.135
2 9 0.057
2 20 0.045
2 29 0.116
2 30 0.309
2 32 0.21
2 50 0.217
2 52 0.171
2 54 0.145
2 58 0.216
2 62 0.218
2 67 0.195
2 76 0.068
2 80 0.071
2 14 0.147
2 15 0.171
2 28 0.172
2 35 0.138
2 55 0.177
2 61 0.131
2 64 0.137
2 65 0.163
2 85 0.178
2 88 0.173
2 89 0.16
2 96 0.133
2 98 0.157
3 81 0.451
3 5 0.778
3 76 0.084
3 4 0.496
3 37 0.213
3 42 0.502
3 47 0.269
3 63 0.106
3 71 0.303
3 73 0.221
3 88 0.267
3 89 0.136
3 10 0.03
3 13 0.31
3 15 0.049
3 16 0.173
3 32 0.231
3 36 0.242
3 48 0.143
3 69 0.175
3 74 0.085
3 84 0.253
3 87 0.727
3 91 0.121
3 92 0.187
3 7 0.278
3 21 0.191
3 23 0.323
3 33 0.098
3 38 0.386
3 44 0.007
3 45 0.023
3 51 0.037
3 60 0.227
3 66 0.367
3 77 0.197
3 83 0.035
3 85 0.25
3 86 0.181
3 93 0.004
3 94 0.354
3 98 0.072
3 11 0.097
3 12 0.203
3 18 0.203
3 26 0.36
3 28 0.103
3 52 0.232
3 57 0.062
3 58 0.293
3 64 0.209
3 95 0.096
3 17 0.163
3 31 0.132
3 35 0.152
3 55 0.16
3 68 0.118
3 78 0.185
3 96 0.129
4 66 0.622
4 24 1
4 71 0.231
4 15 0.009
4 26 0.005
4 27 0.078
4 29 0.617
4 33 0.269
4 39 0.2
4 42 0.426
4 46 0.204
4 63 0.331
4 73 0.338
4 76 0.288
4 78 0.124
4 81 0.175
4 96 0.522
4 10 0.299
4 12 0.131
4 14 0.17
4 31 0.212
4 37 0.032
4 44 0.147
4 45 0.138
4 48 0.147
4 54 0.347
4 69 0.171
4 85 0.195
4 86 0.2
4 98 0.183
4 6 0.283
4 23 0.207
4 28 0.169
4 32 0.049
4 49 0.013
4 52 0.036
4 58 0.184
4 72 0.286
4 75 0.005
4 77 0.254
4 91 0.173
4 92 0.201
4 8 0.149
4 18 0.104
4 34 0.036
4 36 0.192
4 40 0.057
4 41 0.129
4 64 0.046
4 67 0.132
4 79 0.173
4 80 0.122
4 99 0.093
4 9 0.212
4 16 0.166
4 17 0.162
4 35 0.148
4 50 0.133
4 65 0.205
4 68 0.161
4 70 0.092
4 87 0.124
4 93 0.2
4 97 0.16
5 8 0.278
5 25 0.264
5 29 0.264
5 40 0.269
5 44 0.29
5 47 0.462
5 68 0.357
5 71 0.16
5 72 0.073
5 76 0.323
5 88 0.254
5 98 0.101
5 12 0.389
5 17 0.109
5 34 0.18
5 38 0.057
5 46 0.112
5 60 0.375
5 66 0.291
5 70 0.146
5 75 0.505
5 84 0.246
5 87 0.322
5 94 0.364
5 97 0.055
5 20 0.136
5 26 0.127
5 27 0.142
5 28 0.106
5 41 0.131
5 50 0.238
5 55 0.262
5 59 0.158
5 63 0.247
5 69 0.154
5 77 0.065
5 80 0.077
5 81 0.257
5 19 0.181
5 30 0.227
5 33 0.028
5 37 0.168
5 51 0.156
5 53 0.167
5 54 0.155
5 61 0.104
5 64 0.18
5 65 0.125
5 85 0.063
5 89 0.196
5 91 0.124
5 96 0.017
5 99 0.099
5 10 0.171
5 16 0.159
5 24 0.124
5 48 0.165
5 57 0.107
5 58 0.138
5 78 0.165
5 82 0.106
6 21 0.756
6 19 0.864
6 15 0.975
6 74 0.424
6 22 0.143
6 31 0.158
6 36 0.127
6 49 0.323
6 54 0.412
6 71 0.381
6 81 0.242
6 87 0.108
6 96 0.153
6 11 0.315
6 12 0.214
6 13 0.339
6 14 0.18
6 38 0.08
6 43 0.244
6 47 0.361
6 55 0.021
6 60 0.122
6 66 0.291
6 82 0.274
6 85 0.34
6 91 0.075
6 93 0.329
6 98 0.004
6 99 0.214
6 7 0.34
6 10 0.237
6 39 0.01
6 62 0.172
6 75 0.107
6 86 0.333
6 88 0.353
6 89 0.285
6 95 0.221
6 23 0.251
6 28 0.271
6 32 0.14
6 40 0.038
6 48 0.329
6 68 0.117
6 78 0.138
6 27 0.142
6 30 0.141
6 44 0.182
6 50 0.194
6 52 0.123
6 80 0.113
6 90 0.149
7 73 1
7 66 0.726
7 16 0.154
7 17 0.035
7 24 0.492
7 28 0.238
7 47 0.215
7 55 0.204
7 59 0.586
7 74 0.246
7 83 0.421
7 94 0.095
7 18 0.203
7 25 0.138
7 41 0.235
7 53 0.218
7 57 0.192
7 70 0.002
7 97 0.139
7 9 0.253
7 14 0.183
7 15 0.198
7 26 0.248
7 33 0.134
7 35 0.196
7 64 0.071
7 69 0.429
7 75 0.187
7 80 0.3
7 87 0.359
7 89 0.177
7 90 0.316
7 91 0.403
7 95 0.249
7 96 0.157
7 13 0.122
7 27 0.293
7 31 0.189
7 32 0.107
7 40 0.015
7 42 0.123
7 44 0.149
7 61 0.112
7 78 0.21
7 86 0.227
7 10 0.088
7 12 0.208
7 19 0.149
7 20 0.162
7 29 0.202
7 30 0.135
7 38 0.137
7 39 0.162
7 48 0.143
7 51 0.161
7 67 0.141
7 77 0.172
7 85 0.132
7 88 0.087
7 92 0.118
7 98 0.158
8 37 0.311
8 81 0.641
8 16 0.786
8 84 0.994
8 14 0.356
8 17 0.617
8 31 0.493
8 35 0.289
8 46 0.453
8 52 0.1
8 58 0.177
8 62 0.109
8 97 0.064
8 9 0.426
8 10 0.21
8 15 0.06
8 23 0.257
8 24 0.074
8 26 0.048
8 27 0.137
8 45 0.007
8 47 0.216
8 63 0.275
8 69 0.161
8 73 0.365
8 78 0.07
8 80 0.33
8 89 0.507
8 11 0.172
8 41 0.148
8 42 0.223
8 44 0.094
8 50 0.174
8 53 0.159
8 54 0.119
8 61 0.288
8 91 0.078
8 95 0.085
8 25 0.15
8 32 0.034
8 33 0.401
8 48 0.267
8 59 0.086
8 68 0.253
8 71 0.158
8 83 0.178
8 85 0.007
8 94 0.133
8 96 0.191
8 98 0.136
8 49 0.099
8 55 0.118
8 60 0.167
8 72 0.148
8 74 0.12
8 92 0.17
9 12 0.703
9 75 0.284
9 71 0.407
9 96 1
9 37 0.321
9 10 0.133
9 11 0.183
9 16 0.216
9 20 0.204
9 26 0.071
9 32 0.398
9 38 0.264
9 48 0.284
9 53 0.043
9 55 0.088
9 57 0.044
9 65 0.285
9 81 0.182
9 84 0.421
9 87 0.097
9 94 0.077
9 97 0.296
9 17 0.278
9 39 0.346
9 41 0.073
9 42 0.091
9 46 0.204
9 56 0.106
9 66 0.315
9 68 0.231
9 77 0.125
9 91 0.161
9 13 0.166
9 23 0.025
9 24 0.13
9 27 0.238
9 28 0.031
9 34 0.297
9 43 0.21
9 52 0.392
9 54 0.123
9 63 0.214
9 73 0.007
9 76 0.058
9 85 0.013
9 88 0.091
9 93 0.321
9 19 0.081
9 40 0.06
9 49 0.098
9 51 0.311
9 59 0.2
9 70 0.034
9 92 0.221
9 45 0.138
9 50 0.102
9 67 0.171
9 89 0.139
10 88 0.772
10 35 0.493
10 85 0.822
10 14 0.293
10 16 0.223
10 22 0.269
10 24 0.175
10 26 0.239
10 45 0.174
10 50 0.313
10 68 0.017
10 80 0.196
10 95 0.061
10 18 0.144
10 20 0.176
10 25 0.234
10 40 0.088
10 62 0.175
10 67 0.083
10 71 0.082
10 78 0.314
10 82 0.092
10 86 0.168
10 93 0.15
10 96 0.187
10 97 0.053
10 23 0.015
10 27 0.104
10 30 0.25
10 51 0.334
10 53 0.093
10 69 0.063
10 84 0.131
10 87 0.087
10 98 0.222
10 12 0.04
10 28 0.229
10 32 0.229
10 52 0.154
10 59 0.297
10 63 0.145
10 65 0.131
10 73 0.277
10 81 0.408
10 90 0.133
10 13 0.142
10 31 0.1
10 33 0.184
10 43 0.182
10 46 0.171
10 55 0.158
10 60 0.14
10 70 0.174
10 76 0.078
10 89 0.134
11 15 0.468
11 50 0.866
11 45 0.968
11 30 1
11 28 0.31
11 42 0.179
11 19 0.041
11 20 0.135
11 25 0.187
11 26 0.196
11 31 0.124
11 35 0.034
11 43 0.311
11 56 0.245
11 59 0.109
11 65 0.166
11 75 0.317
11 84 0.298
11 87 0.082
11 92 0.396
11 94 0.113
11 36 0.124
11 37 0.203
11 41 0.106
11 48 0.371
11 52 0.151
11 73 0.118
11 89 0.251
11 14 0.271
11 18 0.14
11 22 0.157
11 33 0.036
11 38 0.289
11 49 0.101
11 55 0.015
11 60 0.115
11 61 0.151
11 64 0.257
11 66 0.127
11 46 0.208
11 53 0.268
11 70 0.116
11 17 0.195
11 23 0.159
11 51 0.159
11 63 0.099
11 68 0.088
11 69 0.136
11 71 0.149
11 80 0.164
11 85 0.139
11 88 0.139
11 91 0.192
11 97 0.2
12 95 0.154
12 27 0.021
12 34 0.149
12 41 0.316
12 72 0.195
12 74 0.314
12 76 0.176
12 98 0.273
12 13 0.012
12 14 0.469
12 15 0.203
12 24 0.084
12 28 0.157
12 36 0.471
12 38 0.159
12 39 0.142
12 46 0.485
12 48 0.13
12 49 0.126
12 63 0.048
12 67 0.33
12 87 0.098
12 92 0.323
12 97 0.142
12 23 0.07
12 30 0.1
12 31 0.064
12 40 0.119
12 55 0.074
12 81 0.012
12 86 0.397
12 90 0.317
12 21 0.166
12 35 0.172
12 58 0.296
12 64 0.034
12 73 0.17
12 80 0.143
12 82 0.123
12 88 0.269
12 16 0.148
12 22 0.101
12 26 0.179
12 44 0.139
12 45 0.148
12 56 0.129
12 57 0.16
12 62 0.081
12 65 0.173
12 71 0.108
12 79 0.143
12 83 0.15
12 84 0.16
12 85 0.138
12 94 0.141
13 92 0.822
13 35 0.924
13 88 0.756
13 76 0.487
13 69 0.775
13 74 0.585
13 77 0.303
13 84 0.079
13 18 0.122
13 19 0.017
13 32 0.228
13 39 0.288
13 49 0.234
13 53 0.246
13 55 0.115
13 60 0.005
13 63 0.291
13 64 0.159
13 82 0.378
13 86 0.047
13 14 0.222
13 42 0.274
13 46 0.269
13 56 0.37
13 58 0.217
13 62 0.353
13 66 0.148
13 78 0.162
13 79 0.333
13 80 0.399
13 89 0.211
13 94 0.213
13 99 0.45
13 24 0.218
13 25 0.26
13 28 0.313
13 40 0.096
13 44 0.068
13 57 0.317
13 65 0.223
13 70 0.014
13 81 0.355
13 96 0.433
13 15 0.125
13 23 0.478
13 38 0.132
13 47 0.242
13 52 0.304
13 61 0.206
13 93 0.396
13 17 0.147
13 21 0.135
13 22 0.152
13 26 0.128
13 36 0.147
13 41 0.122
13 50 0.164
13 54 0.171
13 73 0.155
13 97 0.14
14 40 0.985
14 97 0.607
14 62 0.42
14 15 0.012
14 50 0.328
14 71 0.271
14 77 0.344
14 85 0.242
14 91 0.143
14 98 0.156
14 17 0.418
14 19 0.077
14 28 0.402
14 47 0.192
14 49 0.427
14 60 0.001
14 76 0.263
14 87 0.037
14 89 0.295
14 27 0.223
14 33 0.143
14 37 0.277
14 44 0.221
14 48 0.3
14 51 0.06
14 58 0.241
14 59 0.265
14 81 0.166
14 83 0.137
14 90 0.211
14 24 0.159
14 42 0.184
14 45 0.302
14 46 0.297
14 65 0.054
14 69 0.067
14 70 0.204
14 86 0.108
14 94 0.269
14 20 0.198
14 25 0.145
14 29 0.137
14 35 0.118
14 36 0.136
14 43 0.13
14 63 0.167
14 64 0.189
14 78 0.169
14 80 0.175
14 88 0.135
14 96 0.133
15 82 0.506
15 89 0.551
15 20 0.18
15 21 0.226
15 35 0.247
15 39 0.21
15 44 0.124
15 47 0.468
15 57 0.213
15 63 0.313
15 65 0.221
15 83 0.395
15 94 0.229
15 22 0.2
15 26 0.176
15 31 0.246
15 38 0.259
15 52 0.44
15 56 0.155
15 58 0.106
15 73 0.23
15 80 0.407
15 36 0.151
15 43 0.271
15 55 0.255
15 59 0.176
15 77 0.123
15 24 0.149
15 49 0.13
15 53 0.099
15 68 0.133
15 81 0.252
15 25 0.134
15 33 0.151
15 37 0.13
15 40 0.227
15 64 0.115
15 71 0.145
15 72 0.122
15 79 0.133
15 87 0.111
15 92 0.153
15 98 0.185
16 88 0.465
16 73 1
16 24 1
16 69 0.64
16 60 0.03
16 81 0.415
16 99 0.604
16 17 0.177
16 22 0.305
16 33 0.382
16 43 0.349
16 64 0.175
16 72 0.247
16 75 0.38
16 78 0.108
16 30 0.142
16 32 0.5
16 48 0.119
16 51 0.103
16 54 0.095
16 58 0.162
16 63 0.234
16 76 0.215
16 79 0.014
16 83 0.307
16 90 0.273
16 93 0.373
16 26 0.215
16 36 0.289
16 44 0.093
16 46 0.276
16 66 0.165
16 74 0.027
16 27 0.281
16 42 0.225
16 57 0.256
16 65 0.187
16 67 0.247
16 71 0.068
16 77 0.233
16 87 0.198
16 89 0.204
16 92 0.318
16 20 0.176
16 45 0.158
16 56 0.15
16 68 0.158
16 70 0.143
16 82 0.182
17 22 0.898
17 27 0.251
17 60 0.347
17 88 0.226
17 18 0.408
17 23 0.053
17 31 0.002
17 36 0.336
17 41 0.23
17 75 0.265
17 79 0.126
17 80 0.095
17 99 0.321
17 28 0.196
17 50 0.168
17 51 0.222
17 55 0.229
17 61 0.201
17 66 0.377
17 95 0.235
17 37 0.083
17 39 0.177
17 43 0.101
17 44 0.135
17 53 0.52
17 56 0.151
17 78 0.083
17 82 0.293
17 86 0.091
17 96 0.19
17 47 0.133
17 57 0.153
17 64 0.298
17 81 0.122
17 90 0.139
17 92 0.171
17 35 0.176
17 48 0.144
17 58 0.164
17 62 0.12
17 72 0.126
17 74 0.138
17 76 0.127
17 87 0.14
18 88 0.75
18 21 0.217
18 32 0.433
18 56 0.364
18 63 0.16
18 75 0.097
18 77 0.06
18 80 0.393
18 81 0.177
18 99 0.094
18 28 0.271
18 29 0.071
18 30 0.259
18 35 0.021
18 45 0.07
18 47 0.369
18 54 0.394
18 59 0.425
18 78 0.087
18 82 0.013
18 89 0.44
18 25 0.097
18 40 0.013
18 42 0.141
18 50 0.307
18 53 0.095
18 74 0.328
18 93 0.315
18 96 0.051
18 98 0.331
18 24 0.04
18 31 0.359
18 37 0.115
18 41 0.026
18 48 0.096
18 62 0.129
18 69 0.296
18 72 0.184
18 84 0.252
18 87 0.163
18 19 0.16
18 34 0.17
18 36 0.109
18 39 0.158
18 57 0.132
18 58 0.11
18 68 0.116
18 86 0.127
19 48 0.955
19 93 0.274
19 45 0.135
19 30 0.181
19 39 0.388
19 40 0.028
19 41 0.356
19 47 0.13
19 68 0.057
19 75 0.015
19 86 0.507
19 92 0.066
19 37 0.063
19 43 0.378
19 50 0.265
19 59 0.075
19 61 0.244
19 67 0.008
19 79 0.182
19 83 0.231
19 87 0.365
19 99 0.139
19 20 0.038
19 21 0.12
19 23 0.118
19 24 0.078
19 25 0.184
19 31 0.272
19 42 0.066
19 51 0.185
19 57 0.172
19 62 0.195
19 81 0.13
19 32 0.16
19 49 0.147
19 52 0.142
19 55 0.11
19 63 0.145
19 64 0.033
19 74 0.146
19 77 0.318
19 88 0.104
19 96 0.289
19 97 0.173
19 34 0.134
19 46 0.124
19 65 0.126
19 76 0.184
19 85 0.141
19 89 0.122
19 90 0.166
20 22 1
20 43 0.796
20 60 0.754
20 82 0.159
20 23 0.21
20 36 0.098
20 46 0.214
20 52 0.036
20 55 0.313
20 58 0.005
20 63 0.211
20 70 0.271
20 77 0.297
20 78 0.304
20 85 0.438
20 87 0.647
20 26 0.035
20 29 0.428
20 32 0.121
20 33 0.167
20 45 0.322
20 61 0.182
20 65 0.116
20 66 0.344
20 74 0.082
20 83 0.471
20 30 0.001
20 44 0.379
20 49 0.213
20 59 0.269
20 69 0.23
20 90 0.08
20 35 0.168
20 40 0.194
20 53 0.158
20 56 0.287
20 62 0.174
20 80 0.264
20 81 0.159
20 94 0.101
20 42 0.149
20 50 0.125
20 54 0.161
20 57 0.107
20 73 0.147
20 88 0.119
20 89 0.161
20 91 0.207
21 52 0.573
21 34 0.126
21 36 0.353
21 40 0.254
21 68 0.089
21 80 0.298
21 87 0.175
21 98 0.389
21 49 0.519
21 72 0.204
21 79 0.21
21 90 0.12
21 93 0.32
21 94 0.025
21 26 0.053
21 31 0.287
21 44 0.153
21 47 0.059
21 55 0.113
21 56 0.263
21 61 0.111
21 65 0.078
21 78 0.124
21 81 0.397
21 89 0.018
21 99 0.304
21 29 0.232
21 48 0.037
21 57 0.168
21 58 0.155
21 59 0.22
21 60 0.131
21 63 0.227
21 67 0.287
21 96 0.211
21 23 0.151
21 25 0.178
21 32 0.143
21 33 0.205
21 39 0.17
21 45 0.134
21 54 0.112
21 66 0.163
21 73 0.133
21 74 0.139
21 92 0.179
21 95 0.143
22 64 0.949
22 32 0.22
22 49 0.723
22 23 0.252
22 28 0.259
22 69 0.188
22 73 0.157
22 74 0.645
22 29 0.052
22 30 0.231
22 39 0.053
22 40 0.656
22 50 0.12
22 51 0.269
22 53 0.252
22 79 0.137
22 89 0.107
22 91 0.398
22 96 0.212
22 46 0.003
22 54 0.067
22 66 0.142
22 76 0.061
22 86 0.093
22 92 0.574
22 26 0.187
22 31 0.275
22 36 0.104
22 55 0.259
22 57 0.251
22 70 0.202
22 93 0.01
22 37 0.141
22 58 0.041
22 68 0.209
22 75 0.234
22 82 0.134
22 84 0.074
22 34 0.141
22 60 0.135
22 67 0.221
22 72 0.115
22 81 0.178
22 83 0.163
22 85 0.167
22 88 0.119
22 94 0.162
22 97 0.159
23 62 0.989
23 76 0.502
23 99 0.167
23 24 0.01
23 29 0.08
23 30 0.093
23 45 0.013
23 74 0.148
23 78 0.097
23 91 0.122
23 94 0.077
23 35 0.385
23 36 0.232
23 58 0.26
23 70 0.317
23 71 0.146
23 81 0.168
23 84 0.262
23 87 0.304
23 27 0.115
23 60 0.144
23 80 0.119
23 85 0.011
23 90 0.08
23 98 0.066
23 25 0.211
23 55 0.211
23 56 0.15
23 65 0.218
23 67 0.129
23 26 0.144
23 32 0.121
23 33 0.157
23 41 0.201
23 42 0.171
23 50 0.153
23 52 0.167
23 59 0.153
23 73 0.141
23 77 0.213
23 82 0.167
23 95 0.177
23 96 0.1
24 45 0.71
24 27 0.996
24 29 0.046
24 41 0.13
24 48 0.228
24 50 0.197
24 52 0.286
24 83 0.198
24 97 0.25
24 32 0.38
24 34 0.314
24 55 0.117
24 66 0.032
24 72 0.18
24 79 0.236
24 80 0.095
24 26 0.107
24 36 0.262
24 37 0.223
24 61 0.213
24 65 0.235
24 77 0.638
24 82 0.274
24 93 0.298
24 96 0.093
24 39 0.241
24 43 0.216
24 54 0.106
24 59 0.264
24 64 0.164
24 67 0.07
24 85 0.078
24 90 0.197
24 91 0.203
24 92 0.051
24 95 0.123
24 30 0.173
24 35 0.168
24 47 0.112
24 60 0.143
24 63 0.152
24 70 0.109
24 71 0.138
24 74 0.148
24 75 0.138
24 88 0.186
25 76 0.516
25 30 0.61
25 31 0.566
25 33 0.478
25 35 0.392
25 44 0.153
25 53 0.081
25 54 0.143
25 77 0.434
25 82 0.276
25 83 0.257
25 91 0.106
25 99 0.2
25 45 0.103
25 50 0.272
25 51 0.139
25 58 0.034
25 79 0.327
25 81 0.297
25 86 0.087
25 96 0.241
25 98 0.172
25 36 0.092
25 38 0.091
25 46 0.156
25 49 0.409
25 68 0.056
25 73 0.264
25 87 0.313
25 26 0.123
25 28 0.28
25 37 0.217
25 39 0.249
25 47 0.162
25 61 0.149
25 27 0.179
25 40 0.19
25 42 0.133
25 60 0.141
25 64 0.163
25 78 0.165
25 93 0.107
25 95 0.129
25 97 0.199
26 34 0.162
26 53 0.161
26 68 0.148
26 77 0.456
26 87 0.393
26 89 0.032
26 96 0.144
26 37 0.201
26 52 0.077
26 63 0.305
26 83 0.085
26 92 0.256
26 94 0.212
26 27 0.087
26 35 0.103
26 39 0.39
26 46 0.171
26 48 0.068
26 50 0.14
26 65 0.041
26 66 0.353
26 72 0.149
26 44 0.303
26 49 0.245
26 56 0.069
26 91 0.076
26 97 0.294
26 36 0.157
26 55 0.127
26 57 0.149
26 62 0.131
26 74 0.115
26 75 0.151
26 98 0.172
27 59 0.884
27 63 0.67
27 28 0.463
27 34 0.24
27 36 0.434
27 42 0.328
27 52 0.359
27 53 0.265
27 66 0.354
27 77 0.291
27 80 0.372
27 96 0.112
27 98 0.113
27 99 0.274
27 29 0.254
27 30 0.279
27 37 0.042
27 45 0.451
27 51 0.172
27 57 0.013
27 69 0.231
27 73 0.266
27 79 0.083
27 82 0.185
27 86 0.203
27 39 0.225
27 46 0.066
27 56 0.041
27 64 0.121
27 67 0.093
27 85 0.329
27 90 0.268
27 44 0.113
27 49 0.159
27 74 0.18
27 91 0.13
27 97 0.082
27 40 0.142
27 55 0.156
27 60 0.118
27 71 0.143
27 81 0.134
27 83 0.125
27 89 0.188
27 92 0.158
27 95 0.165
28 61 0.758
28 38 0.256
28 43 0.224
28 49 0.387
28 64 0.158
28 72 0.155
28 85 0.257
28 99 0.188
28 29 0.625
28 56 0.123
28 59 0.303
28 69 0.11
28 81 0.094
28 84 0.051
28 92 0.287
28 32 0.202
28 37 0.452
28 65 0.426
28 83 0.339
28 30 0.016
28 35 0.186
28 48 0.124
28 63 0.127
28 73 0.155
28 75 0.278
28 76 0.26
28 78 0.234
28 80 0.317
28 39 0.148
28 40 0.157
28 54 0.149
28 57 0.132
28 60 0.151
28 62 0.138
28 67 0.141
28 68 0.139
28 71 0.174
28 74 0.144
28 87 0.162
28 90 0.159
28 93 0.112
28 94 0.148
28 98 0.134
29 62 0.727
29 31 0.382
29 33 0.486
29 40 0.487
29 44 0.095
29 57 0.005
29 79 0.114
29 84 0.133
29 96 0.288
29 32 0.015
29 34 0.306
29 54 0.025
29 63 0.208
29 69 0.099
29 72 0.256
29 74 0.23
29 82 0.269
29 86 0.354
29 87 0.263
29 88 0.169
29 91 0.46
29 98 0.224
29 30 0.458
29 70 0.129
29 76 0.052
29 89 0.127
29 90 0.255
29 39 0.072
29 59 0.197
29 35 0.113
29 38 0.164
29 49 0.15
29 50 0.126
29 55 0.168
29 58 0.124
29 64 0.127
29 68 0.156
29 78 0.119
29 95 0.162
29 97 0.16
29 99 0.166
30 56 1
30 67 1
30 58 0.134
30 49 0.469
30 53 0.384
30 75 0.36
30 84 0.12
30 99 0.305
30 33 0.071
30 39 0.088
30 54 0.388
30 55 0.129
30 73 0.141
30 77 0.045
30 87 0.271
30 93 0.172
30 94 0.085
30 36 0.363
30 44 0.068
30 45 0.066
30 50 0.228
30 61 0.261
30 72 0.283
30 83 0.1
30 92 0.023
30 95 0.102
30 31 0.333
30 43 0.289
30 48 0.272
30 69 0.228
30 71 0.161
30 78 0.233
30 89 0.117
30 41 0.141
30 60 0.147
30 65 0.162
30 74 0.174
30 97 0.148
31 48 0.736
31 60 0.89
31 62 0.137
31 33 0.341
31 41 0.245
31 47 0.47
31 61 0.229
31 68 0.261
31 83 0.048
31 88 0.102
31 34 0.074
31 45 0.297
31 50 0.095
31 54 0.052
31 69 0.265
31 77 0.001
31 78 0.03
31 85 0.037
31 98 0.284
31 42 0.184
31 43 0.158
31 44 0.305
31 59 0.289
31 65 0.171
31 74 0.402
31 84 0.252
31 92 0.287
31 35 0.029
31 67 0.192
31 81 0.23
31 93 0.268
31 36 0.172
31 40 0.097
31 55 0.127
31 66 0.194
31 76 0.131
31 79 0.157
31 97 0.164
32 91 0.78
32 53 0.818
32 49 0.525
32 78 0.36
32 37 0.242
32 46 0.198
32 58 0.35
32 65 0.096
32 67 0.194
32 70 0.005
32 75 0.228
32 76 0.135
32 79 0.313
32 94 0.127
32 99 0.103
32 35 0.078
32 40 0.139
32 73 0.382
32 84 0.286
32 90 0.086
32 61 0.09
32 66 0.127
32 68 0.385
32 72 0.197
32 87 0.345
32 36 0.199
32 50 0.167
32 81 0.14
32 95 0.069
32 41 0.143
32 42 0.18
32 47 0.135
32 57 0.178
32 59 0.156
32 64 0.175
32 92 0.128
33 59 0.338
33 40 0.21
33 41 0.055
33 43 0.272
33 46 0.338
33 48 0.293
33 49 0.39
33 50 0.152
33 58 0.162
33 62 0.177
33 63 0.449
33 69 0.119
33 71 0.029
33 81 0.469
33 84 0.2
33 85 0.178
33 34 0.34
33 36 0.411
33 39 0.08
33 55 0.154
33 56 0.328
33 72 0.114
33 74 0.591
33 75 0.099
33 80 0.234
33 73 0.23
33 82 0.397
33 86 0.181
33 88 0.097
33 89 0.036
33 44 0.046
33 76 0.284
33 77 0.133
33 78 0.134
33 99 0.08
33 42 0.184
33 61 0.157
33 83 0.137
33 96 0.186
34 44 1
34 68 0.714
34 72 0.749
34 39 0.317
34 55 0.411
34 65 0.297
34 98 0.161
34 37 0.361
34 42 0.185
34 45 0.287
34 49 0.089
34 75 0.18
34 77 0.074
34 80 0.118
34 84 0.237
34 96 0.122
34 40 0.031
34 50 0.123
34 54 0.078
34 61 0.01
34 66 0.028
34 71 0.231
34 73 0.547
34 82 0.159
34 88 0.05
34 93 0.182
34 94 0.127
34 43 0.118
34 64 0.233
34 86 0.275
34 92 0.171
34 35 0.121
34 58 0.151
34 59 0.106
34 60 0.065
34 81 0.12
35 89 0.86
35 72 0.636
35 62 1
35 85 0.305
35 38 0.19
35 44 0.355
35 46 0.081
35 50 0.174
35 63 0.056
35 92 0.112
35 48 0.499
35 49 0.1
35 54 0.058
35 56 0.316
35 91 0.212
35 96 0.504
35 36 0.016
35 41 0.123
35 55 0.006
35 60 0.211
35 65 0.115
35 76 0.062
35 79 0.18
35 81 0.116
35 87 0.277
35 99 0.07
35 42 0.279
35 43 0.042
35 45 0.017
35 53 0.081
35 58 0.19
35 59 0.373
35 61 0.264
35 66 0.06
35 67 0.189
35 77 0.014
35 82 0.165
35 94 0.312
35 37 0.161
35 47 0.184
35 51 0.122
35 64 0.179
35 68 0.17
35 71 0.138
35 74 0.201
35 78 0.183
35 84 0.098
35 93 0.182
36 72 1
36 56 0.025
36 44 0.056
36 50 0.429
36 75 0.111
36 82 0.108
36 83 0.142
36 92 0.123
36 45 0.45
36 53 0.467
36 58 0.266
36 63 0.277
36 64 0.059
36 81 0.221
36 96 0.147
36 98 0.233
36 39 0.092
36 54 0.129
36 68 0.264
36 73 0.22
36 97 0.137
36 46 0.135
36 49 0.242
36 66 0.209
36 84 0.145
36 93 0.175
36 99 0.008
36 38 0.226
36 40 0.111
36 41 0.159
36 48 0.107
36 65 0.173
36 67 0.151
36 80 0.114
36 90 0.174
36 94 0.113
37 52 0.635
37 38 0.296
37 50 0.474
37 51 0.16
37 75 0.428
37 80 0.651
37 39 0.385
37 46 0.141
37 59 0.37
37 71 0.36
37 74 0.13
37 84 0.254
37 86 0.03
37 94 0.008
37 95 0.197
37 49 0.206
37 78 0.286
37 91 0.136
37 96 0.198
37 63 0.058
37 69 0.188
37 98 0.163
37 53 0.12
37 58 0.153
37 60 0.17
37 76 0.138
37 79 0.096
37 89 0.152
37 92 0.181
38 39 1
38 45 0.21
38 42 0.035
38 57 0.294
38 65 0.078
38 67 0.057
38 68 0.136
38 78 0.449
38 92 0.08
38 97 0.273
38 99 0.244
38 75 0.034
38 87 0.147
38 89 0.049
38 80 0.265
38 86 0.248
38 52 0.264
38 55 0.106
38 56 0.264
38 63 0.21
38 72 0.093
38 81 0.054
38 91 0.097
38 94 0.057
38 41 0.1
38 44 0.116
38 50 0.161
38 70 0.189
38 71 0.139
38 98 0.142
39 95 0.639
39 81 0.266
39 48 0.271
39 50 0.264
39 59 0.398
39 64 0.357
39 83 0.357
39 86 0.318
39 47 0.17
39 53 0.304
39 70 0.031
39 97 0.408
39 45 0.001
39 46 0.008
39 55 0.094
39 71 0.137
39 74 0.142
39 91 0.075
39 57 0.289
39 69 0.091
39 77 0.103
39 87 0.235
39 93 0.101
39 99 0.251
39 40 0.088
39 49 0.12
39 61 0.125
39 63 0.148
39 67 0.17
39 73 0.153
39 79 0.153
39 82 0.136
39 88 0.137
39 90 0.163
40 48 1
40 45 0.434
40 41 0.168
40 50 0.169
40 58 0.106
40 61 0.412
40 64 0.159
40 69 0.165
40 86 0.026
40 89 0.238
40 97 0.448
40 62 0.099
40 67 0.116
40 70 0.114
40 71 0.261
40 77 0.072
40 84 0.228
40 55 0.026
40 92 0.252
40 96 0.283
40 52 0.097
40 59 0.171
40 63 0.149
40 65 0.051
40 76 0.108
40 79 0.028
40 81 0.213
40 95 0.199
40 99 0.087
40 47 0.144
40 80 0.13
40 82 0.152
40 90 0.161
41 80 0.299
41 45 0.288
41 56 0.301
41 60 0.321
41 61 0.265
41 67 0.705
41 70 0.088
41 58 0.216
41 59 0.061
41 62 0.016
41 68 0.063
41 72 0.343
41 73 0.287
41 74 0.291
41 78 0.174
41 82 0.124
41 86 0.108
41 42 0.264
41 44 0.121
41 46 0.122
41 49 0.102
41 54 0.317
41 57 0.099
41 83 0.232
41 84 0.126
41 87 0.238
41 90 0.377
41 43 0.138
41 55 0.239
41 65 0.197
41 76 0.203
41 79 0.131
41 93 0.018
41 97 0.238
41 48 0.124
41 63 0.15
41 64 0.208
41 66 0.125
42 60 0.005
42 70 0.363
42 48 0.217
42 51 0.326
42 58 0.257
42 61 0.071
42 67 0.256
42 68 0.177
42 74 0.142
42 72 0.252
42 83 0.244
42 92 0.077
42 45 0.116
42 49 0.396
42 57 0.02
42 66 0.089
42 81 0.177
42 84 0.318
42 93 0.343
42 96 0.213
42 98 0.095
42 47 0.187
42 77 0.162
42 87 0.161
42 89 0.329
42 94 0.342
42 50 0.201
42 52 0.122
42 55 0.156
42 62 0.15
42 63 0.109
42 85 0.091
42 86 0.167
42 88 0.123
42 95 0.083
43 86 0.08
43 55 0.056
43 73 0.245
43 85 0.02
43 88 0.168
43 89 0.23
43 94 0.438
43 47 0.243
43 53 0.077
43 69 0.31
43 81 0.025
43 96 0.03
43 44 0.284
43 48 0.321
43 52 0.077
43 59 0.035
43 70 0.189
43 75 0.123
43 82 0.159
43 93 0.125
43 98 0.06
43 45 0.068
43 56 0.279
43 50 0.219
43 60 0.187
43 62 0.108
43 66 0.151
43 71 0.131
43 72 0.105
43 80 0.176
43 90 0.162
44 82 0.888
44 70 0.744
44 86 0.885
44 80 0.389
44 54 0.559
44 64 0.455
44 88 0.485
44 90 0.313
44 91 0.2
44 92 0.208
44 51 0.103
44 72 0.095
44 75 0.265
44 96 0.101
44 98 0.161
44 52 0.201
44 76 0.328
44 95 0.067
44 46 0.172
44 47 0.256
44 48 0.122
44 50 0.055
44 53 0.082
44 63 0.136
44 71 0.173
44 73 0.154
44 79 0.249
44 89 0.122
44 97 0.138
44 49 0.195
44 57 0.163
44 66 0.162
44 85 0.077
45 92 0.772
45 54 0.909
45 65 0.152
45 53 0.226
45 64 0.052
45 66 0.183
45 67 0.262
45 86 0.078
45 46 0.076
45 51 0.181
45 68 0.053
45 74 0.129
45 76 0.355
45 77 0.031
45 82 0.079
45 85 0.096
45 79 0.045
45 83 0.222
45 94 0.16
45 95 0.281
45 47 0.239
45 56 0.098
45 63 0.146
45 70 0.16
45 72 0.154
45 81 0.215
45 84 0.128
45 89 0.12
45 91 0.223
45 48 0.115
45 59 0.134
45 69 0.129
45 71 0.169
45 73 0.205
45 87 0.148
45 96 0.178
45 97 0.113
46 80 0.432
46 79 0.924
46 54 0.803
46 85 0.21
46 48 0.277
46 56 0.153
46 61 0.276
46 69 0.252
46 86 0.256
46 63 0.15
46 66 0.25
46 68 0.084
46 72 0.153
46 49 0.184
46 59 0.249
46 60 0.049
46 65 0.1
46 67 0.079
46 76 0.107
46 91 0.164
46 92 0.217
46 64 0.174
46 93 0.118
47 52 0.155
47 67 0.799
47 88 0.856
47 54 0.065
47 55 0.276
47 63 0.386
47 65 0.071
47 70 0.262
47 75 0.114
47 95 0.442
47 48 0.165
47 49 0.184
47 57 0.147
47 64 0.108
47 79 0.112
47 86 0.043
47 87 0.424
47 89 0.076
47 90 0.218
47 92 0.422
47 98 0.408
47 68 0.005
47 76 0.054
47 82 0.021
47 58 0.023
47 62 0.287
47 69 0.243
47 81 0.272
47 83 0.287
47 93 0.435
47 97 0.285
47 59 0.188
47 66 0.142
47 94 0.195
48 86 0.576
48 69 0.77
48 59 0.749
48 78 0.848
48 97 0.833
48 50 0.409
48 57 0.18
48 65 0.243
48 66 0.085
48 67 0.018
48 70 0.188
48 55 0.014
48 64 0.663
48 89 0.001
48 93 0.311
48 49 0.153
48 68 0.072
48 76 0.06
48 81 0.093
48 51 0.193
48 52 0.299
48 53 0.18
48 56 0.133
48 75 0.224
48 99 0.065
48 61 0.153
48 62 0.195
48 71 0.137
48 73 0.212
48 96 0.16
49 57 0.98
49 51 0.181
49 52 0.018
49 60 0.079
49 66 0.145
49 69 0.108
49 78 0.029
49 94 0.173
49 50 0.033
49 58 0.276
49 63 0.155
49 68 0.279
49 77 0.012
49 85 0.102
49 88 0.421
49 70 0.202
49 71 0.23
49 72 0.319
49 74 0.263
49 79 0.296
49 82 0.236
49 95 0.227
49 98 0.195
49 55 0.325
49 56 0.142
49 62 0.145
49 64 0.158
49 75 0.138
49 54 0.124
49 59 0.158
49 67 0.173
49 81 0.174
49 86 0.189
50 66 0.206
50 67 0.221
50 69 0.113
50 84 0.119
50 85 0.233
50 93 0.034
50 56 0.231
50 70 0.22
50 75 0.096
50 90 0.228
50 92 0.342
50 95 0.258
50 98 0.233
50 65 0.164
50 80 0.317
50 97 0.242
50 57 0.163
50 91 0.136
50 55 0.188
50 58 0.207
50 63 0.172
50 68 0.144
50 72 0.146
50 83 0.126
50 86 0.07
51 85 1
51 74 0.398
51 60 0.227
51 62 0.182
51 66 0.008
51 67 0.085
51 84 0.088
51 89 0.134
51 99 0.018
51 63 0.035
51 69 0.093
51 72 0.268
51 53 0.036
51 56 0.255
51 58 0.317
51 70 0.177
51 76 0.149
51 95 0.282
51 54 0.124
51 64 0.14
51 78 0.027
51 81 0.128
51 83 0.205
51 93 0.13
51 55 0.183
51 73 0.139
51 80 0.099
51 86 0.157
51 96 0.159
51 98 0.113
52 88 0.131
52 69 0.086
52 89 0.168
52 99 0.514
52 56 0.185
52 57 0.296
52 64 0.211
52 71 0.267
52 80 0.086
52 97 0.18
52 55 0.314
52 59 0.286
52 67 0.363
52 68 0.033
52 83 0.194
52 92 0.087
52 98 0.367
52 62 0.149
52 91 0.234
52 95 0.437
52 60 0.134
52 61 0.156
52 70 0.117
52 72 0.157
52 73 0.152
52 87 0.172
53 81 0.773
53 82 0.404
53 66 0.38
53 98 0.081
53 56 0.202
53 59 0.136
53 61 0.304
53 64 0.519
53 69 0.006
53 70 0.164
53 75 0.171
53 85 0.409
53 99 0.378
53 77 0.006
53 84 0.135
53 96 0.045
53 71 0.224
53 80 0.125
53 78 0.183
53 91 0.209
54 60 0.02
54 61 0.163
54 63 0.374
54 64 0.134
54 69 0.46
54 95 0.004
54 99 0.338
54 66 0.115
54 77 0.163
54 98 0.308
54 71 0.233
54 78 0.096
54 86 0.139
54 55 0.394
54 67 0.124
54 73 0.249
54 74 0.264
54 75 0.206
54 84 0.108
54 94 0.095
54 96 0.248
54 70 0.115
54 82 0.152
54 85 0.172
54 91 0.147
54 97 0.207
55 56 0.116
55 61 0.399
55 76 0.06
55 79 0.015
55 85 0.232
55 87 0.049
55 90 0.204
55 94 0.408
55 62 0.279
55 63 0.145
55 66 0.033
55 57 0.019
55 78 0.141
55 80 0.086
55 89 0.082
55 91 0.147
55 96 0.183
55 58 0.108
55 59 0.057
55 60 0.158
55 72 0.109
55 99 0.127
55 67 0.118
55 75 0.17
55 82 0.185
56 90 0.341
56 72 0.202
56 92 0.175
56 99 0.153
56 60 0.206
56 67 0.393
56 77 0.211
56 82 0.204
56 84 0.032
56 95 0.436
56 97 0.015
56 98 0.228
56 59 0.094
56 61 0.149
56 73 0.257
56 76 0.189
56 89 0.218
56 94 0.197
56 68 0.067
56 83 0.038
56 58 0.184
56 63 0.119
56 64 0.162
56 65 0.195
56 66 0.108
56 70 0.167
56 71 0.153
56 79 0.096
56 86 0.133
57 66 0.365
57 83 0.173
57 94 0.276
57 99 0.474
57 61 0.07
57 70 0.086
57 71 0.279
57 76 0.127
57 93 0.225
57 97 0.37
57 65 0.184
57 68 0.363
57 72 0.22
57 82 0.356
57 87 0.129
57 88 0.047
57 58 0.237
57 77 0.166
57 80 0.183
57 84 0.147
57 90 0.312
57 92 0.083
57 64 0.14
57 89 0.203
57 91 0.136
57 96 0.119
58 79 0.757
58 60 0.158
58 71 0.359
58 88 0.318
58 93 0.185
58 59 0.134
58 72 0.014
58 77 0.012
58 81 0.014
58 84 0.049
58 70 0.263
58 75 0.184
58 85 0.032
58 98 0.067
58 61 0.121
58 65 0.118
58 80 0.17
58 82 0.161
58 89 0.131
58 92 0.133
58 95 0.166
59 66 0.807
59 90 0.892
59 60 0.627
59 94 0.514
59 62 0.361
59 75 0.293
59 79 0.133
59 93 0.068
59 96 0.176
59 98 0.143
59 63 0.144
59 64 0.39
59 69 0.335
59 74 0.032
59 83 0.189
59 86 0.293
59 91 0.442
59 71 0.238
59 72 0.296
59 80 0.287
59 81 0.152
59 84 0.143
60 71 0.789
60 86 0.401
60 73 0.228
60 80 0.373
60 64 0.016
60 65 0.023
60 68 0.545
60 72 0.216
60 76 0.277
60 83 0.003
60 85 0.009
60 89 0.145
60 93 0.176
60 98 0.127
60 61 0.284
60 66 0.182
60 74 0.36
60 92 0.147
60 96 0.241
60 62 0.182
60 84 0.215
60 77 0.18
60 79 0.144
60 87 0.194
60 90 0.15
61 96 0.529
61 78 0.057
61 79 0.32
61 99 0.152
61 62 0.073
61 71 0.076
61 88 0.066
61 66 0.006
61 73 0.173
61 80 0.091
61 81 0.26
61 89 0.167
61 92 0.167
61 63 0.258
61 70 0.126
61 76 0.064
61 91 0.096
61 97 0.183
61 68 0.129
61 72 0.188
61 75 0.157
61 82 0.202
61 84 0.09
61 85 0.176
61 86 0.154
61 93 0.098
61 94 0.182
62 86 0.616
62 65 0.201
62 68 0.345
62 74 0.45
62 97 0.349
62 63 0.235
62 67 0.309
62 69 0.197
62 73 0.111
62 87 0.143
62 93 0.254
62 95 0.377
62 96 0.17
62 98 0.053
62 77 0.221
62 80 0.132
62 82 0.164
62 89 0.034
62 66 0.19
62 71 0.18
62 76 0.151
62 78 0.164
62 94 0.163
63 80 0.929
63 66 0.117
63 67 0.016
63 69 0.232
63 73 0.166
63 85 0.335
63 88 0.135
63 90 0.095
63 87 0.157
63 89 0.229
63 64 0.303
63 75 0.289
63 84 0.217
63 91 0.313
63 98 0.21
63 65 0.221
63 76 0.093
63 77 0.125
63 83 0.144
63 92 0.121
64 93 0.007
64 69 0.092
64 86 0.365
64 91 0.272
64 96 0.121
64 97 0.357
64 99 0.285
64 75 0.159
64 76 0.106
64 85 0.098
64 92 0.17
64 70 0.095
64 72 0.295
64 78 0.198
64 71 0.044
64 87 0.238
64 88 0.049
64 90 0.241
64 94 0.179
64 95 0.062
64 74 0.15
65 67 0.198
65 83 0.213
65 90 0.124
65 92 0.431
65 95 0.191
65 86 0.136
65 96 0.549
65 74 0.023
65 75 0.1
65 76 0.259
65 97 0.238
65 80 0.431
65 93 0.334
65 68 0.116
65 70 0.159
65 71 0.127
65 73 0.133
65 77 0.147
65 79 0.175
65 82 0.115
65 94 0.082
66 76 1
66 86 0.497
66 70 0.281
66 69 0.004
66 75 0.446
66 77 0.328
66 79 0.233
66 82 0.31
66 97 0.215
66 78 0.23
66 84 0.271
66 67 0.255
66 81 0.033
66 85 0.148
66 93 0.14
67 72 0.004
67 75 0.076
67 88 0.261
67 68 0.125
67 70 0.085
67 74 0.208
67 79 0.319
67 80 0.221
67 84 0.298
67 69 0.061
67 77 0.328
67 81 0.184
67 87 0.136
67 97 0.21
67 71 0.048
67 86 0.362
67 90 0.117
67 92 0.009
67 95 0.255
67 99 0.112
67 82 0.143
68 72 0.318
68 74 0.229
68 91 0.123
68 75 0.162
68 86 0.277
68 99 0.397
68 70 0.19
68 84 0.246
68 87 0.288
68 97 0.374
68 77 0.006
68 79 0.14
68 94 0.188
69 71 0.676
69 95 1
69 79 0.18
69 91 0.092
69 96 0.412
69 72 0.607
69 73 0.124
69 74 0.411
69 81 0.319
69 86 0.227
69 89 0.242
69 75 0.035
69 76 0.245
69 82 0.376
69 94 0.076
69 88 0.199
69 70 0.114
69 83 0.148
70 91 0.74
70 78 0.168
70 79 0.015
70 94 0.118
70 95 0.192
70 76 0.44
70 81 0.105
70 99 0.33
70 82 0.078
70 92 0.22
70 96 0.307
70 97 0.089
70 77 0.124
70 86 0.049
70 90 0.188
71 84 0.6
71 83 0.083
71 88 0.175
71 91 0.219
71 96 0.504
71 98 0.158
71 77 0.276
71 79 0.064
71 97 0.177
71 89 0.357
71 93 0.11
71 82 0.134
71 90 0.071
71 94 0.308
71 75 0.171
71 78 0.15
71 92 0.174
72 73 0.756
72 89 0.516
72 80 0.878
72 84 0.566
72 87 0.201
72 76 0.215
72 83 0.455
72 86 0.245
72 90 0.168
72 92 0.152
72 79 0.024
72 94 0.019
72 98 0.152
72 74 0.163
72 88 0.099
72 91 0.162
72 93 0.152
73 83 0.06
73 95 0.038
73 76 0.069
73 93 0.375
73 75 0.33
73 80 0.152
73 81 0.055
73 88 0.286
73 94 0.132
73 97 0.154
73 87 0.21
73 85 0.24
73 96 0.068
73 74 0.169
74 89 1
74 93 0.112
74 75 0.138
74 81 0.265
74 87 0.265
74 88 0.464
74 84 0.283
74 77 0.386
74 95 0.017
74 96 0.186
74 99 0.192
74 76 0.158
74 82 0.218
74 94 0.129
75 89 1
75 82 0.199
75 90 0.439
75 95 0.178
75 83 0.273
75 87 0.309
75 91 0.268
75 93 0.247
75 96 0.181
75 94 0.057
75 84 0.164
75 77 0.172
75 79 0.132
75 86 0.149
76 83 0.574
76 92 0.113
76 78 0.05
76 87 0.209
76 79 0.392
76 94 0.183
76 97 0.132
76 93 0.128
76 90 0.174
76 91 0.131
76 96 0.135
77 79 0.315
77 88 0.145
77 92 0.275
77 93 0.284
77 80 0.069
77 84 0.001
77 85 0.003
77 96 0.137
77 95 0.109
77 78 0.188
78 89 1
78 93 0.498
78 85 0.76
78 98 0.244
78 83 0.43
78 91 0.224
78 79 0.131
78 90 0.179
78 92 0.167
78 87 0.181
78 88 0.183
78 94 0.281
78 99 0.131
78 97 0.194
79 89 0.934
79 84 0.907
79 83 0.783
79 91 0.045
79 96 0.197
79 85 0.058
79 94 0.024
79 82 0.328
79 88 0.15
79 97 0.176
79 90 0.256
79 81 0.358
79 92 0.102
79 93 0.14
80 94 1
80 89 0.073
80 91 0.175
80 93 0.26
80 99 0.203
80 85 0.235
80 92 0.28
80 96 0.217
80 84 0.17
81 93 0.216
81 97 0.348
81 92 0.043
81 85 0.111
81 87 0.179
81 89 0.093
81 90 0.141
81 95 0.157
82 95 0.206
82 99 0.198
82 85 0.166
82 88 0.198
82 89 0.301
82 93 0.171
82 86 0.427
82 87 0.245
82 90 0.188
82 94 0.132
83 89 0.878
83 93 0.225
83 92 0.44
83 95 0.126
83 88 0.151
84 99 0.094
84 92 0.327
84 98 0.28
84 95 0.16
84 96 0.216
84 86 0.178
84 97 0.142
84 88 0.143
84 90 0.151
85 89 0.534
85 91 0.341
85 95 0.22
85 99 0.302
85 92 0.119
85 98 0.421
85 88 0.135
85 90 0.164
85 97 0.245
85 87 0.173
86 88 0.064
86 92 0.13
86 90 0.348
86 91 0.005
86 96 0.026
86 99 0.098
86 97 0.103
87 96 0.098
87 97 0.053
87 89 0.167
87 94 0.301
87 98 0.214
87 90 0.144
88 99 0.962
88 93 0.026
88 94 0.613
88 97 0.539
88 91 0.141
89 92 0.296
89 97 0.162
89 93 0.249
89 95 0.126
89 98 0.057
89 90 0.118
89 94 0.18
90 97 0.051
90 99 0.095
90 95 0.082
90 94 0.156
90 96 0.189
91 96 0.157
91 92 0.184
91 98 0.267
91 97 0.159
91 93 0.167
91 94 0.099
92 93 0.144
92 95 0.169
92 94 0.133
93 96 0.372
93 97 0.109
94 99 0.01
94 96 0.318
94 98 0.19
95 97 0.027
95 98 0.4
96 98 0.087
96 99 0.27
97 98 0.104
97 99 0.205
98 99 0.153
