0 25 0.926
0 18 0.525
0 34 0.866
0 68 0.674
0 86 0.697
0 79 0.991
0 81 0.872
0 51 0.97
0 8 0.875
0 66 0.869
0 45 0.875
0 90 0.588
0 52 0.838
0 59 0.911
0 11 0.827
0 22 0.956
0 82 1
0 10 0.777
0 7 0.932
0 30 0.518
0 92 0.902
0 91 1
0 61 0.54
0 67 0.109
0 17 0.364
0 70 0.255
0 49 0.153
0 69 0.171
0 62 0.099
0 96 0.302
0 29 0.04
0 46 0.144
0 71 0.133
0 72 0.129
0 83 0.143
0 4 0.157
0 6 0.175
0 15 0.168
0 24 0.198
0 32 0.152
0 33 0.136
0 35 0.135
0 58 0.146
0 78 0.143
0 1 0.117
0 2 0.149
0 19 0.126
0 23 0.203
0 27 0.17
0 28 0.185
0 31 0.139
0 37 0.167
0 44 0.193
0 47 0.16
0 55 0.121
0 56 0.177
0 75 0.155
0 77 0.159
0 84 0.186
0 97 0.166
1 96 0.661
1 82 0.876
1 50 0.97
1 87 0.699
1 37 0.83
1 54 1
1 55 1
1 81 0.783
1 66 0.629
1 83 0.582
1 76 1
1 3 0.807
1 28 0.721
1 43 0.761
1 51 0.81
1 62 0.727
1 74 1
1 13 0.623
1 20 0.87
1 57 0.606
1 63 0.76
1 61 0.853
1 42 0.942
1 91 0.154
1 94 0.102
1 79 0.184
1 24 0.23
1 38 0.13
1 47 0.181
1 64 0.303
1 69 0.202
1 71 0.152
1 80 0.018
1 2 0.29
1 5 0.197
1 10 0.131
1 19 0.085
1 25 0.125
1 36 0.33
1 59 0.1
1 68 0.144
1 11 0.16
1 12 0.14
1 16 0.154
1 18 0.115
1 21 0.122
1 22 0.194
1 29 0.16
1 33 0.19
1 34 0.183
1 40 0.148
1 41 0.166
1 46 0.146
1 48 0.187
1 49 0.125
1 52 0.149
1 56 0.141
1 75 0.132
1 77 0.136
1 85 0.139
1 88 0.178
1 92 0.142
1 97 0.184
1 99 0.138
2 41 0.837
2 49 0.568
2 94 0.961
2 59 0.861
2 77 1
2 95 1
2 80 0.874
2 83 0.563
2 99 0.792
2 47 0.989
2 93 1
2 44 0.882
2 69 0.508
2 21 1
2 12 0.795
2 57 0.967
2 89 0.552
2 5 0.734
2 9 0.856
2 45 0.635
2 26 0.072
2 88 0.22
2 6 0.146
2 39 0.297
2 60 0.15
2 8 0.249
2 37 0.197
2 38 0.126
2 84 0.266
2 3 0.084
2 7 0.184
2 14 0.244
2 23 0.156
2 28 0.099
2 46 0.143
2 48 0.199
2 56 0.266
2 70 0.178
2 72 0.2
2 73 0.112
2 74 0.108
2 76 0.131
2 92 0.105
2 96 0.18
2 98 0.199
2 4 0.134
2 11 0.11
2 16 0.126
2 20 0.183
2 31 0.21
2 33 0.115
2 34 0.16
2 40 0.144
2 42 0.163
2 43 0.129
2 51 0.157
2 54 0.141
2 58 0.156
2 62 0.159
2 64 0.138
2 66 0.143
2 78 0.181
2 79 0.144
2 81 0.185
2 86 0.107
2 90 0.144
2 91 0.161
3 4 1
3 42 0.964
3 71 0.882
3 32 1
3 92 0.583
3 64 0.592
3 55 0.583
3 82 0.923
3 40 1
3 63 0.873
3 25 1
3 98 0.62
3 43 0.642
3 49 0.988
3 51 0.725
3 12 0.611
3 86 0.859
3 93 0.589
3 15 0.911
3 74 0.863
3 60 0.833
3 75 0.955
3 28 1
3 88 0.667
3 34 0.195
3 50 0.124
3 20 0.125
3 21 0.233
3 54 0.107
3 56 0.128
3 59 0.052
3 7 0.13
3 22 0.142
3 29 0.184
3 68 0.251
3 99 0.281
3 13 0.182
3 23 0.172
3 26 0.122
3 27 0.153
3 57 0.152
3 65 0.077
3 77 0.154
3 89 0.225
3 11 0.151
3 14 0.093
3 18 0.132
3 30 0.202
3 33 0.129
3 37 0.156
3 45 0.153
3 47 0.252
3 52 0.17
3 61 0.159
3 67 0.144
3 78 0.132
3 79 0.153
3 81 0.163
3 83 0.216
3 91 0.168
3 95 0.153
3 96 0.201
3 97 0.14
4 29 0.926
4 42 0.565
4 54 1
4 69 0.906
4 86 0.786
4 6 1
4 8 0.986
4 56 0.892
4 75 0.644
4 5 0.804
4 80 1
4 90 0.778
4 53 0.816
4 7 1
4 88 1
4 33 1
4 14 0.982
4 32 0.993
4 16 0.761
4 10 0.721
4 85 0.977
4 94 0.959
4 82 0.961
4 72 0.954
4 76 0.678
4 23 0.811
4 83 0.709
4 11 0.306
4 27 0.151
4 58 0.238
4 79 0.124
4 91 0.217
4 35 0.266
4 37 0.12
4 52 0.134
4 15 0.122
4 22 0.12
4 24 0.167
4 30 0.12
4 48 0.069
4 51 0.155
4 63 0.377
4 81 0.171
4 84 0.146
4 93 0.135
4 96 0.108
4 12 0.151
4 17 0.145
4 19 0.148
4 20 0.128
4 21 0.169
4 25 0.155
4 40 0.18
4 44 0.165
4 47 0.139
4 59 0.195
4 62 0.15
4 78 0.107
4 95 0.163
4 97 0.182
5 29 0.793
5 12 0.733
5 46 0.867
5 70 1
5 30 1
5 89 0.681
5 91 1
5 57 0.745
5 74 0.912
5 15 0.733
5 6 1
5 55 0.925
5 63 0.526
5 80 0.997
5 34 0.744
5 35 0.906
5 94 0.974
5 39 0.798
5 40 0.673
5 66 0.617
5 72 0.812
5 44 0.695
5 64 0.132
5 13 0.155
5 17 0.455
5 51 0.271
5 10 0.174
5 43 0.159
5 54 0.151
5 61 0.232
5 96 0.116
5 8 0.158
5 9 0.117
5 11 0.114
5 14 0.104
5 22 0.145
5 25 0.062
5 45 0.161
5 68 0.138
5 73 0.162
5 76 0.161
5 81 0.165
5 82 0.139
5 86 0.126
5 99 0.162
5 16 0.189
5 21 0.122
5 24 0.193
5 26 0.166
5 28 0.12
5 33 0.122
5 36 0.168
5 50 0.142
5 53 0.127
5 58 0.117
5 59 0.134
5 69 0.162
5 83 0.125
5 84 0.197
5 88 0.166
5 90 0.174
5 92 0.168
5 93 0.058
6 19 0.963
6 74 0.685
6 22 1
6 81 0.624
6 47 0.997
6 55 0.956
6 60 0.917
6 82 1
6 91 0.907
6 50 0.742
6 39 0.642
6 69 0.607
6 87 0.804
6 34 0.58
6 44 0.706
6 54 0.911
6 59 0.926
6 38 0.809
6 58 0.825
6 86 0.742
6 8 0.873
6 77 0.529
6 76 0.793
6 13 0.848
6 49 0.352
6 11 0.069
6 24 0.173
6 16 0.107
6 21 0.252
6 70 0.104
6 83 0.165
6 98 0.082
6 99 0.285
6 14 0.123
6 17 0.161
6 26 0.169
6 37 0.15
6 42 0.129
6 46 0.083
6 48 0.199
6 53 0.164
6 92 0.233
6 9 0.143
6 12 0.144
6 23 0.17
6 27 0.103
6 31 0.117
6 32 0.171
6 36 0.122
6 41 0.133
6 63 0.181
6 64 0.174
6 65 0.124
6 67 0.12
6 68 0.137
6 71 0.171
6 73 0.127
6 78 0.117
6 80 0.15
6 84 0.112
6 85 0.103
6 89 0.129
6 90 0.112
7 53 0.727
7 33 0.781
7 80 0.686
7 87 0.671
7 90 0.824
7 40 0.727
7 20 0.767
7 64 0.722
7 22 0.628
7 31 1
7 94 0.91
7 52 0.587
7 54 0.715
7 50 0.78
7 49 0.911
7 42 0.731
7 57 0.745
7 8 0.866
7 85 0.755
7 77 0.997
7 78 0.649
7 89 0.62
7 37 0.991
7 21 0.109
7 26 0.366
7 43 0.149
7 58 0.141
7 25 0.135
7 27 0.111
7 48 0.151
7 68 0.222
7 74 0.191
7 9 0.108
7 11 0.142
7 12 0.13
7 13 0.239
7 16 0.156
7 47 0.147
7 63 0.134
7 69 0.151
7 72 0.169
7 73 0.158
7 91 0.166
7 98 0.123
7 10 0.116
7 14 0.155
7 17 0.167
7 19 0.146
7 29 0.13
7 30 0.131
7 34 0.148
7 38 0.106
7 44 0.076
7 45 0.113
7 46 0.127
7 51 0.146
7 59 0.139
7 62 0.141
7 66 0.113
7 71 0.156
7 88 0.134
7 92 0.189
7 99 0.21
8 37 1
8 17 0.641
8 31 0.794
8 42 0.907
8 50 0.561
8 33 0.862
8 48 0.674
8 98 0.575
8 60 0.639
8 79 0.923
8 95 1
8 86 0.826
8 19 1
8 21 0.887
8 40 0.633
8 45 0.975
8 70 0.792
8 83 0.954
8 92 0.668
8 64 0.772
8 77 0.603
8 43 0.899
8 88 0.374
8 30 0.304
8 72 0.088
8 71 0.123
8 24 0.483
8 57 0.175
8 87 0.119
8 44 0.197
8 46 0.142
8 9 0.169
8 11 0.174
8 49 0.175
8 94 0.115
8 13 0.123
8 32 0.257
8 41 0.274
8 55 0.121
8 59 0.208
8 63 0.15
8 65 0.154
8 76 0.139
8 91 0.106
8 96 0.145
8 97 0.129
8 16 0.179
8 22 0.154
8 27 0.207
8 28 0.164
8 29 0.163
8 35 0.173
8 38 0.183
8 52 0.211
8 54 0.179
8 56 0.119
8 73 0.192
8 75 0.192
8 78 0.15
8 82 0.097
8 89 0.165
9 96 1
9 81 0.878
9 17 0.643
9 76 1
9 51 1
9 59 0.694
9 92 1
9 72 1
9 63 0.966
9 90 0.57
9 48 1
9 28 0.857
9 79 0.747
9 41 1
9 35 0.676
9 32 0.863
9 27 1
9 44 0.734
9 66 0.962
9 87 0.081
9 69 0.303
9 24 0.141
9 56 0.261
9 75 0.259
9 11 0.172
9 13 0.16
9 20 0.129
9 38 0.135
9 49 0.154
9 95 0.123
9 18 0.102
9 22 0.174
9 23 0.16
9 39 0.144
9 40 0.139
9 42 0.187
9 50 0.204
9 58 0.172
9 60 0.127
9 68 0.016
9 74 0.224
9 89 0.273
9 10 0.16
9 12 0.097
9 14 0.101
9 15 0.147
9 16 0.144
9 26 0.139
9 30 0.191
9 33 0.094
9 34 0.152
9 36 0.148
9 43 0.128
9 46 0.168
9 53 0.118
9 54 0.16
9 55 0.121
9 57 0.13
9 62 0.074
9 65 0.126
9 71 0.152
9 73 0.155
9 80 0.143
9 88 0.103
9 91 0.144
9 94 0.175
9 97 0.207
9 99 0.2
10 35 0.64
10 26 0.829
10 62 0.945
10 67 0.51
10 86 0.905
10 23 0.748
10 30 0.916
10 32 1
10 73 0.884
10 81 0.738
10 56 0.8
10 24 0.937
10 33 1
10 53 0.767
10 68 0.94
10 69 0.834
10 74 0.645
10 93 0.99
10 15 0.859
10 96 0.6
10 70 0.801
10 18 0.519
10 87 0.96
10 77 0.811
10 49 0.821
10 51 0.597
10 21 0.93
10 55 0.751
10 59 0.174
10 88 0.146
10 72 0.209
10 75 0.174
10 42 0.408
10 43 0.152
10 11 0.159
10 17 0.155
10 19 0.141
10 20 0.073
10 25 0.089
10 28 0.116
10 39 0.143
10 40 0.146
10 41 0.144
10 52 0.024
10 90 0.148
10 95 0.136
10 97 0.241
10 12 0.137
10 16 0.123
10 22 0.21
10 29 0.173
10 36 0.131
10 37 0.181
10 45 0.162
10 47 0.169
10 57 0.138
10 64 0.177
10 65 0.15
10 78 0.12
10 79 0.153
10 80 0.155
10 85 0.142
10 92 0.171
11 50 1
11 28 0.715
11 43 0.625
11 48 0.926
11 70 0.746
11 51 0.801
11 97 0.583
11 32 1
11 80 0.835
11 16 0.871
11 86 0.83
11 74 0.724
11 79 1
11 94 0.063
11 62 0.21
11 73 0.273
11 35 0.082
11 76 0.139
11 81 0.121
11 96 0.04
11 13 0.108
11 18 0.161
11 21 0.152
11 23 0.171
11 25 0.148
11 34 0.184
11 54 0.073
11 58 0.166
11 64 0.288
11 69 0.127
11 75 0.17
11 84 0.087
11 93 0.194
11 24 0.097
11 30 0.096
11 40 0.164
11 44 0.112
11 45 0.163
11 46 0.177
11 47 0.189
11 49 0.147
11 52 0.154
11 56 0.187
11 59 0.158
11 60 0.177
11 61 0.13
11 63 0.18
11 67 0.08
11 68 0.11
11 71 0.13
11 83 0.164
11 87 0.156
11 89 0.135
11 91 0.122
11 92 0.108
11 98 0.14
12 72 1
12 24 0.683
12 87 0.732
12 31 0.755
12 35 0.51
12 58 0.856
12 44 0.732
12 25 0.534
12 96 1
12 91 0.771
12 19 0.662
12 62 0.514
12 17 0.803
12 23 0.502
12 78 0.585
12 40 0.928
12 42 0.716
12 27 1
12 90 0.75
12 22 0.384
12 48 0.044
12 30 0.157
12 43 0.211
12 46 0.146
12 66 0.154
12 99 0.176
12 15 0.273
12 20 0.12
12 21 0.076
12 36 0.11
12 49 0.162
12 63 0.175
12 67 0.158
12 70 0.202
12 81 0.207
12 94 0.176
12 13 0.2
12 28 0.156
12 32 0.162
12 37 0.152
12 39 0.16
12 47 0.092
12 52 0.147
12 54 0.17
12 64 0.151
12 65 0.131
12 71 0.125
12 74 0.196
12 76 0.196
12 77 0.146
12 80 0.17
12 82 0.131
12 83 0.084
12 85 0.164
12 86 0.151
12 93 0.212
12 95 0.149
12 97 0.157
13 69 0.849
13 74 0.636
13 63 0.869
13 42 0.93
13 24 0.745
13 61 1
13 50 0.904
13 71 0.659
13 91 0.941
13 59 0.583
13 67 0.983
13 68 1
13 57 0.992
13 17 0.453
13 95 0.935
13 76 0.797
13 44 0.749
13 47 0.869
13 75 0.546
13 87 0.783
13 23 0.067
13 15 0.253
13 79 0.141
13 83 0.195
13 89 0.068
13 94 0.134
13 18 0.162
13 29 0.137
13 66 0.173
13 70 0.029
13 73 0.23
13 82 0.146
13 16 0.116
13 21 0.189
13 22 0.155
13 35 0.153
13 36 0.135
13 37 0.155
13 38 0.105
13 41 0.139
13 45 0.205
13 48 0.107
13 49 0.145
13 65 0.146
13 81 0.185
14 40 0.899
14 71 0.903
14 85 0.742
14 47 1
14 89 0.442
14 27 0.74
14 94 0.854
14 35 0.963
14 67 0.662
14 96 1
14 36 0.728
14 93 0.773
14 15 0.793
14 34 1
14 78 0.611
14 16 0.924
14 98 0.949
14 74 0.907
14 38 0.772
14 66 0.853
14 17 0.785
14 30 0.794
14 21 0.869
14 69 0.743
14 41 0.184
14 49 0.22
14 52 0.157
14 29 0.116
14 53 0.219
14 73 0.163
14 95 0.05
14 23 0.205
14 46 0.207
14 50 0.381
14 51 0.122
14 54 0.12
14 57 0.298
14 59 0.147
14 64 0.13
14 65 0.116
14 82 0.118
14 84 0.18
14 86 0.114
14 92 0.175
14 26 0.112
14 37 0.139
14 55 0.181
14 58 0.155
14 72 0.176
14 75 0.131
14 79 0.146
14 80 0.2
14 83 0.186
14 87 0.141
15 82 0.929
15 83 0.571
15 58 1
15 81 0.953
15 71 1
15 98 0.821
15 34 0.618
15 45 0.685
15 96 0.916
15 53 1
15 70 0.588
15 55 0.886
15 94 0.976
15 23 0.796
15 66 0.375
15 40 1
15 68 0.535
15 91 0.506
15 32 1
15 39 0.902
15 77 0.652
15 63 0.864
15 62 0.929
15 67 0.929
15 60 0.72
15 54 0.07
15 28 0.047
15 69 0.078
15 80 0.351
15 17 0.137
15 50 0.149
15 72 0.212
15 75 0.168
15 76 0.118
15 79 0.007
15 85 0.12
15 88 0.277
15 92 0.094
15 95 0.163
15 22 0.173
15 35 0.12
15 38 0.16
15 41 0.161
15 42 0.156
15 43 0.175
15 44 0.155
15 49 0.166
15 51 0.098
15 52 0.082
15 59 0.123
15 65 0.122
15 73 0.173
15 86 0.133
15 87 0.153
16 88 0.652
16 24 0.811
16 69 0.858
16 99 0.936
16 33 0.793
16 78 0.732
16 23 0.919
16 97 0.479
16 91 0.696
16 83 0.805
16 18 0.903
16 54 0.985
16 28 0.578
16 42 1
16 35 0.894
16 27 0.947
16 51 0.556
16 63 0.906
16 48 0.548
16 20 0.739
16 68 0.898
16 70 0.278
16 21 0.172
16 38 0.161
16 94 0.186
16 95 0.17
16 17 0.059
16 26 0.155
16 30 0.207
16 36 0.023
16 52 0.002
16 55 0.14
16 62 0.138
16 81 0.149
16 84 0.142
16 86 0.18
16 87 0.194
16 89 0.141
16 98 0.151
16 37 0.104
16 39 0.174
16 40 0.123
16 44 0.2
16 45 0.165
16 49 0.153
16 58 0.122
16 64 0.166
16 66 0.167
16 73 0.167
16 75 0.121
16 85 0.124
16 92 0.116
16 96 0.122
17 99 0.793
17 39 0.77
17 43 1
17 72 1
17 65 1
17 46 0.943
17 73 0.74
17 55 0.75
17 33 0.508
17 51 0.757
17 52 0.883
17 45 0.919
17 30 0.956
17 24 0.92
17 71 0.517
17 74 0.944
17 61 0.637
17 91 1
17 27 0.441
17 83 0.273
17 34 0.102
17 49 0.17
17 70 0.103
17 88 0.094
17 89 0.165
17 21 0.117
17 22 0.183
17 23 0.12
17 35 0.151
17 36 0.275
17 47 0.168
17 48 0.201
17 50 0.148
17 69 0.134
17 78 0.164
17 81 0.112
17 20 0.186
17 25 0.167
17 29 0.156
17 31 0.154
17 32 0.127
17 41 0.157
17 42 0.184
17 53 0.108
17 54 0.104
17 56 0.103
17 57 0.134
17 58 0.118
17 62 0.173
17 66 0.152
17 68 0.149
17 75 0.174
17 84 0.11
17 86 0.142
17 87 0.107
17 97 0.122
18 32 1
18 45 0.724
18 68 1
18 86 1
18 41 1
18 52 0.754
18 34 0.601
18 98 0.541
18 87 0.922
18 40 0.785
18 96 0.651
18 30 0.691
18 65 0.749
18 91 0.69
18 70 0.87
18 59 0.989
18 44 0.617
18 35 0.66
18 46 1
18 94 0.636
18 63 0.243
18 50 0.412
18 39 0.273
18 21 0.447
18 27 0.077
18 42 0.167
18 72 0.134
18 24 0.024
18 37 0.18
18 49 0.026
18 64 0.152
18 77 0.129
18 89 0.147
18 97 0.311
18 47 0.144
18 56 0.069
18 90 0.192
18 22 0.103
18 48 0.141
18 53 0.135
18 54 0.142
18 57 0.102
18 58 0.183
18 60 0.202
18 71 0.173
18 76 0.167
18 78 0.132
18 79 0.136
18 83 0.132
18 85 0.168
18 88 0.152
18 92 0.085
19 45 0.635
19 75 0.777
19 86 0.851
19 61 0.984
19 99 0.572
19 25 0.669
19 81 0.493
19 63 0.686
19 77 0.694
19 28 0.521
19 69 0.512
19 27 0.59
19 22 0.913
19 92 0.643
19 67 1
19 71 0.657
19 94 0.786
19 55 0.887
19 79 0.653
19 53 0.962
19 80 0.845
19 89 0.695
19 51 0.617
19 30 0.177
19 33 0.185
19 34 0.115
19 98 0.205
19 36 0.422
19 93 0.172
19 26 0.092
19 42 0.158
19 43 0.178
19 50 0.133
19 56 0.156
19 73 0.105
19 74 0.101
19 82 0.22
19 84 0.166
19 24 0.116
19 29 0.152
19 31 0.123
19 37 0.131
19 39 0.124
19 40 0.142
19 41 0.176
19 48 0.121
19 54 0.163
19 57 0.107
19 59 0.145
19 65 0.09
19 68 0.154
19 76 0.126
19 78 0.2
20 43 0.708
20 60 0.991
20 46 1
20 63 0.614
20 65 0.958
20 66 1
20 53 0.924
20 24 1
20 37 0.763
20 23 0.733
20 50 1
20 84 1
20 21 0.661
20 96 1
20 99 0.611
20 67 0.593
20 54 0.929
20 31 0.871
20 47 0.71
20 25 0.909
20 22 0.745
20 91 0.209
20 85 0.301
20 32 0.125
20 52 0.148
20 77 0.334
20 26 0.295
20 38 0.324
20 49 0.106
20 55 0.121
20 80 0.22
20 90 0.13
20 27 0.103
20 30 0.153
20 34 0.166
20 35 0.162
20 41 0.164
20 57 0.151
20 82 0.193
20 28 0.149
20 36 0.162
20 45 0.096
20 51 0.191
20 62 0.194
20 68 0.13
20 70 0.118
20 81 0.143
20 86 0.114
20 89 0.176
21 80 0.868
21 25 0.811
21 95 0.561
21 23 1
21 71 1
21 50 0.811
21 60 0.674
21 54 0.837
21 99 0.864
21 94 0.757
21 58 0.847
21 87 0.781
21 76 0.244
21 55 0.198
21 39 0.157
21 65 0.216
21 85 0.103
21 86 0.17
21 57 0.083
21 75 0.192
21 31 0.15
21 66 0.154
21 88 0.124
21 96 0.09
21 24 0.111
21 26 0.186
21 33 0.213
21 35 0.159
21 36 0.19
21 37 0.141
21 38 0.168
21 41 0.136
21 42 0.205
21 44 0.179
21 47 0.162
21 51 0.144
21 56 0.17
21 59 0.169
21 62 0.139
21 63 0.153
21 69 0.156
21 73 0.097
21 81 0.174
21 90 0.17
21 91 0.131
21 92 0.183
21 97 0.083
21 98 0.164
22 49 0.746
22 39 0.684
22 51 1
22 53 0.805
22 91 0.682
22 96 0.744
22 70 0.537
22 58 0.869
22 83 1
22 61 0.942
22 60 0.73
22 24 0.862
22 65 1
22 95 0.85
22 87 0.798
22 73 0.579
22 69 0.987
22 63 0.944
22 93 1
22 94 1
22 97 0.645
22 99 0.82
22 43 0.286
22 34 0.117
22 50 0.294
22 56 0.149
22 26 0.179
22 37 0.188
22 44 0.119
22 85 0.054
22 25 0.143
22 27 0.148
22 45 0.141
22 47 0.177
22 48 0.158
22 52 0.166
22 54 0.129
22 62 0.126
22 67 0.162
22 74 0.148
22 75 0.146
22 76 0.146
22 77 0.127
22 78 0.175
22 79 0.094
22 84 0.139
22 88 0.156
22 90 0.104
22 98 0.127
23 91 0.611
23 55 0.697
23 41 0.904
23 77 0.66
23 31 0.746
23 34 0.558
23 82 1
23 27 0.825
23 99 0.705
23 29 1
23 61 0.758
23 63 0.719
23 93 0.944
23 78 0.716
23 51 0.711
23 30 0.157
23 86 0.138
23 52 0.212
23 38 0.114
23 43 0.147
23 46 0.153
23 70 0.12
23 72 0.184
23 96 0.173
23 24 0.127
23 36 0.134
23 37 0.187
23 67 0.108
23 68 0.318
23 71 0.148
23 73 0.166
23 76 0.13
23 80 0.194
23 81 0.15
23 87 0.134
23 88 0.227
23 95 0.117
23 32 0.175
23 47 0.101
23 50 0.111
23 54 0.127
23 56 0.146
23 58 0.152
23 60 0.163
23 62 0.158
23 74 0.119
23 75 0.081
23 79 0.073
23 83 0.152
24 52 1
24 32 0.966
24 36 0.712
24 82 0.624
24 59 0.835
24 30 0.778
24 75 0.895
24 67 0.591
24 53 0.713
24 76 0.983
24 40 0.665
24 81 1
24 57 0.755
24 89 0.71
24 74 1
24 70 0.968
24 44 0.747
24 62 0.835
24 58 0.607
24 92 0.863
24 37 0.09
24 85 0.053
24 31 0.302
24 64 0.131
24 35 0.197
24 55 0.187
24 96 0.068
24 99 0.153
24 29 0.117
24 34 0.144
24 49 0.117
24 50 0.035
24 51 0.161
24 54 0.151
24 63 0.175
24 72 0.197
24 77 0.191
24 86 0.16
24 91 0.135
24 25 0.143
24 26 0.169
24 39 0.171
24 43 0.13
24 46 0.137
24 47 0.183
24 56 0.204
24 66 0.135
24 68 0.13
24 83 0.133
24 84 0.206
24 87 0.13
24 93 0.133
24 94 0.17
24 97 0.124
25 30 0.939
25 31 0.701
25 33 0.931
25 77 0.872
25 86 0.868
25 46 0.802
25 49 1
25 87 0.973
25 95 0.973
25 65 0.656
25 39 0.526
25 34 0.84
25 76 0.669
25 53 0.99
25 48 0.722
25 62 1
25 67 0.202
25 98 0.31
25 72 0.213
25 40 0.169
25 75 0.21
25 84 0.147
25 89 0.205
25 26 0.132
25 35 0.185
25 38 0.17
25 41 0.187
25 55 0.193
25 58 0.182
25 69 0.127
25 79 0.197
25 80 0.141
25 81 0.283
25 28 0.153
25 43 0.122
25 47 0.158
25 52 0.245
25 59 0.196
25 60 0.141
25 61 0.143
25 66 0.145
25 71 0.149
25 83 0.159
25 85 0.155
25 88 0.148
25 91 0.131
25 99 0.122
26 53 0.536
26 77 0.685
26 89 1
26 39 1
26 46 1
26 30 0.536
26 99 0.714
26 95 0.803
26 71 0.591
26 29 0.935
26 69 0.55
26 27 0.948
26 81 0.849
26 65 0.906
26 68 0.693
26 92 0.808
26 72 0.965
26 60 1
26 47 0.255
26 31 0.379
26 62 0.222
26 83 0.137
26 76 0.123
26 96 0.161
26 28 0.038
26 43 0.181
26 56 0.154
26 61 0.164
26 66 0.145
26 78 0.208
26 84 0.24
26 91 0.157
26 32 0.107
26 33 0.16
26 35 0.16
26 38 0.093
26 44 0.136
26 48 0.149
26 54 0.196
26 55 0.163
26 64 0.151
26 73 0.172
26 75 0.156
26 80 0.155
26 82 0.124
26 90 0.198
26 93 0.155
26 94 0.159
26 97 0.217
27 28 0.859
27 42 1
27 53 1
27 51 1
27 48 0.978
27 65 0.716
27 79 0.799
27 43 0.616
27 81 0.705
27 52 1
27 66 0.962
27 47 0.957
27 84 0.607
27 60 0.701
27 93 0.575
27 71 0.76
27 76 0.555
27 89 0.887
27 50 0.523
27 82 0.091
27 83 0.147
27 39 0.103
27 77 0.178
27 90 0.208
27 61 0.172
27 70 0.19
27 75 0.128
27 94 0.114
27 96 0.182
27 99 0.124
27 29 0.11
27 32 0.197
27 33 0.167
27 40 0.117
27 41 0.112
27 44 0.127
27 45 0.165
27 49 0.227
27 55 0.116
27 58 0.138
27 64 0.186
27 68 0.142
27 73 0.147
27 78 0.119
27 80 0.167
27 97 0.143
28 83 0.934
28 35 0.932
28 63 1
28 80 0.813
28 39 0.981
28 41 0.948
28 46 0.502
28 52 1
28 55 0.969
28 97 1
28 89 0.817
28 42 0.577
28 67 0.628
28 72 1
28 98 0.943
28 31 1
28 56 0.796
28 44 0.083
28 84 0.205
28 38 0.203
28 78 0.346
28 79 0.091
28 86 0.093
28 90 0.052
28 29 0.252
28 49 0.139
28 53 0.187
28 57 0.096
28 58 0.117
28 65 0.185
28 70 0.154
28 91 0.097
28 92 0.264
28 99 0.012
28 37 0.106
28 48 0.158
28 60 0.129
28 61 0.107
28 62 0.14
28 68 0.152
28 73 0.116
28 76 0.14
28 88 0.144
28 93 0.143
28 95 0.19
29 62 0.909
29 72 0.55
29 74 0.487
29 87 0.768
29 59 0.778
29 41 0.869
29 48 0.816
29 79 0.973
29 76 0.62
29 67 1
29 96 0.882
29 58 0.944
29 81 0.809
29 94 0.857
29 92 0.944
29 43 1
29 93 0.702
29 65 0.871
29 53 0.701
29 49 0.496
29 30 0.043
29 44 0.067
29 77 0.147
29 95 0.011
29 73 0.156
29 78 0.136
29 86 0.126
29 31 0.194
29 32 0.131
29 35 0.148
29 36 0.227
29 40 0.147
29 42 0.055
29 47 0.14
29 51 0.11
29 54 0.172
29 60 0.173
29 68 0.134
29 69 0.186
29 70 0.177
29 75 0.138
29 80 0.203
29 83 0.101
29 84 0.141
29 89 0.126
29 98 0.147
30 73 0.788
30 36 1
30 95 0.834
30 31 0.802
30 43 0.938
30 89 0.715
30 62 0.848
30 55 0.98
30 59 1
30 42 0.782
30 71 1
30 92 1
30 35 1
30 48 0.592
30 53 1
30 44 0.758
30 51 0.759
30 57 0.785
30 86 0.925
30 40 0.809
30 50 0.864
30 81 0.705
30 69 0.982
30 33 0.202
30 58 0.219
30 45 0.148
30 39 0.225
30 63 0.156
30 78 0.036
30 80 0.154
30 83 0.235
30 47 0.171
30 49 0.175
30 56 0.087
30 61 0.174
30 72 0.143
30 82 0.099
30 93 0.161
30 34 0.159
30 37 0.121
30 38 0.194
30 41 0.159
30 52 0.091
30 54 0.175
30 64 0.171
30 67 0.147
30 75 0.099
30 79 0.149
30 97 0.149
31 48 1
31 60 0.805
31 34 1
31 42 0.932
31 74 1
31 84 0.797
31 32 1
31 37 0.81
31 89 0.869
31 50 0.711
31 75 0.64
31 99 0.742
31 36 0.575
31 83 0.742
31 44 0.688
31 81 0.805
31 65 0.645
31 57 1
31 49 1
31 47 0.918
31 70 0.89
31 56 0.63
31 41 0.117
31 98 0.076
31 39 0.024
31 58 0.176
31 40 0.162
31 45 0.167
31 69 0.214
31 76 0.232
31 92 0.172
31 53 0.077
31 59 0.197
31 61 0.158
31 62 0.175
31 67 0.102
31 79 0.313
31 87 0.191
31 38 0.159
31 52 0.117
31 54 0.172
31 64 0.145
31 66 0.125
31 71 0.12
31 85 0.178
31 86 0.165
31 91 0.154
31 94 0.137
31 96 0.178
31 97 0.159
32 94 0.722
32 64 1
32 43 0.753
32 33 0.95
32 88 0.943
32 60 0.859
32 39 0.812
32 75 1
32 62 0.792
32 50 0.753
32 45 0.584
32 35 0.234
32 68 0.135
32 56 0.158
32 85 0.273
32 86 0.164
32 99 0.156
32 37 0.141
32 52 0.106
32 53 0.276
32 58 0.184
32 70 0.14
32 82 0.132
32 84 0.191
32 93 0.152
32 96 0.081
32 36 0.147
32 40 0.18
32 42 0.108
32 48 0.154
32 57 0.169
32 63 0.198
32 71 0.121
32 76 0.154
32 81 0.166
32 91 0.101
32 92 0.075
32 98 0.182
33 40 0.996
33 43 0.906
33 62 0.714
33 63 0.798
33 81 0.71
33 84 0.472
33 73 0.592
33 42 0.794
33 83 0.828
33 69 0.845
33 98 1
33 58 0.653
33 38 0.947
33 56 0.811
33 55 0.75
33 59 0.733
33 39 0.547
33 64 0.951
33 75 0.996
33 86 0.746
33 49 0.809
33 48 0.688
33 50 0.593
33 70 0.52
33 87 0.507
33 51 0.287
33 95 0.187
33 46 0.234
33 57 0.143
33 74 0.11
33 85 0.126
33 34 0.21
33 35 0.197
33 37 0.152
33 41 0.177
33 47 0.154
33 52 0.129
33 53 0.132
33 54 0.152
33 60 0.105
33 66 0.161
33 67 0.112
33 79 0.178
33 82 0.143
33 90 0.173
33 91 0.169
33 96 0.109
33 99 0.175
34 44 0.9
34 68 1
34 72 0.533
34 39 0.857
34 65 0.722
34 37 0.889
34 42 1
34 75 0.97
34 50 1
34 56 0.64
34 99 0.507
34 57 1
34 74 1
34 52 0.639
34 54 1
34 97 0.772
34 35 0.902
34 48 0.684
34 53 0.668
34 55 0.83
34 82 1
34 67 0.756
34 92 0.642
34 62 0.152
34 78 0.114
34 89 0.184
34 63 0.201
34 73 0.168
34 96 0.211
34 40 0.118
34 66 0.164
34 88 0.053
34 36 0.149
34 43 0.179
34 45 0.187
34 46 0.182
34 51 0.16
34 60 0.156
34 71 0.134
34 80 0.138
34 81 0.083
34 87 0.094
34 90 0.099
34 98 0.194
35 89 0.954
35 72 1
35 62 0.705
35 79 0.826
35 59 0.994
35 68 0.803
35 58 0.852
35 36 0.792
35 40 1
35 47 0.757
35 75 0.615
35 38 0.955
35 81 0.684
35 46 0.833
35 57 0.539
35 51 0.165
35 69 0.106
35 78 0.114
35 95 0.13
35 44 0.223
35 74 0.007
35 82 0.009
35 98 0.305
35 37 0.157
35 88 0.206
35 96 0.111
35 39 0.14
35 42 0.175
35 45 0.094
35 49 0.207
35 50 0.187
35 52 0.047
35 54 0.169
35 63 0.192
35 64 0.216
35 73 0.121
35 76 0.136
35 77 0.132
35 83 0.148
35 85 0.171
35 86 0.192
35 87 0.142
35 97 0.136
36 72 0.784
36 82 0.991
36 43 0.746
36 94 1
36 57 0.885
36 59 1
36 79 0.808
36 85 0.98
36 67 0.864
36 81 0.732
36 54 0.912
36 64 0.594
36 83 0.793
36 37 0.699
36 41 0.449
36 56 0.852
36 48 0.149
36 50 0.131
36 60 0.149
36 70 0.299
36 71 0.174
36 95 0.147
36 96 0.273
36 46 0.143
36 53 0.147
36 62 0.044
36 77 0.172
36 86 0.148
36 39 0.158
36 40 0.163
36 44 0.153
36 51 0.149
36 58 0.128
36 61 0.149
36 63 0.161
36 65 0.182
36 66 0.191
36 68 0.15
36 69 0.129
36 84 0.145
36 87 0.239
36 89 0.157
36 92 0.116
36 98 0.171
37 42 1
37 87 0.668
37 72 0.833
37 94 0.842
37 66 0.545
37 55 0.787
37 51 0.643
37 82 1
37 70 0.382
37 89 0.088
37 59 0.072
37 58 0.488
37 60 0.286
37 98 0.193
37 44 0.19
37 54 0.143
37 69 0.189
37 91 0.381
37 39 0.133
37 71 0.137
37 74 0.127
37 43 0.14
37 45 0.119
37 46 0.116
37 47 0.18
37 48 0.165
37 49 0.187
37 63 0.144
37 64 0.21
37 65 0.159
37 75 0.132
37 78 0.172
37 79 0.152
37 80 0.119
37 86 0.161
37 88 0.149
37 90 0.153
37 93 0.164
38 61 0.882
38 62 0.735
38 46 0.68
38 86 0.588
38 65 0.974
38 72 0.962
38 79 0.891
38 74 0.885
38 48 0.897
38 56 0.609
38 64 0.988
38 77 0.07
38 53 0.315
38 66 0.261
38 49 0.167
38 58 0.093
38 67 0.106
38 96 0.157
38 41 0.152
38 42 0.154
38 52 0.148
38 68 0.111
38 70 0.064
38 71 0.085
38 73 0.191
38 76 0.245
38 78 0.133
38 84 0.116
38 85 0.188
38 88 0.17
38 89 0.031
38 45 0.138
38 50 0.11
38 59 0.166
38 81 0.133
38 82 0.169
38 83 0.142
38 90 0.146
38 91 0.125
38 93 0.117
38 97 0.149
38 99 0.182
39 95 0.653
39 50 0.638
39 59 1
39 83 0.827
39 47 0.868
39 77 0.84
39 60 0.895
39 40 0.956
39 43 1
39 98 0.929
39 84 1
39 56 0.846
39 63 0.646
39 76 0.643
39 42 0.932
39 62 0.62
39 97 0.849
39 64 0.692
39 93 0.84
39 54 0.746
39 92 0.142
39 73 0.158
39 81 0.225
39 79 0.153
39 99 0.131
39 46 0.145
39 48 0.141
39 49 0.415
39 57 0.174
39 65 0.106
39 69 0.121
39 96 0.147
39 44 0.08
39 45 0.12
39 55 0.18
39 61 0.149
39 66 0.144
39 74 0.172
39 80 0.134
39 82 0.113
39 86 0.169
39 87 0.229
39 89 0.123
40 48 0.866
40 97 1
40 77 0.917
40 59 0.746
40 72 0.821
40 98 1
40 82 0.892
40 91 1
40 42 0.589
40 94 0.993
40 85 0.656
40 95 0.608
40 96 0.888
40 99 0.994
40 63 1
40 81 0.775
40 83 0.305
40 87 0.546
40 78 0.072
40 80 0.112
40 41 0.117
40 54 0.212
40 57 0.187
40 60 0.498
40 73 0.424
40 75 0.223
40 90 0.155
40 43 0.16
40 46 0.184
40 51 0.12
40 55 0.21
40 62 0.086
40 64 0.121
40 70 0.129
40 74 0.143
40 84 0.138
41 61 0.735
41 72 0.8
41 74 0.864
41 90 0.721
41 79 0.734
41 64 1
41 75 0.734
41 88 0.584
41 57 0.803
41 98 0.637
41 42 1
41 52 0.915
41 85 0.699
41 96 0.07
41 59 0.265
41 89 0.17
41 44 0.069
41 55 0.075
41 97 0.111
41 48 0.122
41 53 0.047
41 66 0.239
41 67 0.149
41 68 0.16
41 71 0.138
41 86 0.202
41 43 0.142
41 46 0.178
41 47 0.17
41 58 0.125
41 77 0.148
41 83 0.122
41 91 0.184
42 68 0.563
42 49 1
42 89 0.734
42 88 0.79
42 75 0.755
42 90 0.789
42 64 0.884
42 95 0.898
42 56 0.824
42 65 0.868
42 73 0.68
42 74 0.758
42 79 1
42 71 0.77
42 48 0.739
42 50 0.948
42 86 0.825
42 98 0.754
42 69 0.217
42 45 0.174
42 46 0.091
42 67 0.543
42 51 0.215
42 60 0.16
42 77 0.161
42 87 0.188
42 91 0.175
42 94 0.056
42 47 0.134
42 54 0.18
42 55 0.129
42 58 0.146
42 59 0.108
42 63 0.151
42 83 0.131
42 85 0.137
43 48 0.533
43 72 1
43 91 0.818
43 65 0.641
43 67 0.603
43 58 0.597
43 83 0.897
43 44 1
43 57 0.659
43 56 0.162
43 60 0.147
43 74 0.187
43 52 0.266
43 70 0.075
43 97 0.017
43 49 0.152
43 64 0.194
43 81 0.32
43 85 0.153
43 90 0.225
43 92 0.15
43 94 0.204
43 96 0.2
43 98 0.093
43 45 0.157
43 47 0.158
43 53 0.138
43 54 0.175
43 55 0.123
43 62 0.152
43 63 0.201
43 66 0.168
43 69 0.185
43 75 0.091
43 93 0.167
44 82 0.596
44 90 0.958
44 92 0.825
44 73 1
44 87 0.661
44 56 0.956
44 71 0.976
44 98 0.945
44 81 0.832
44 74 0.686
44 79 1
44 95 1
44 88 0.537
44 52 0.73
44 53 1
44 91 0.111
44 68 0.244
44 83 0.284
44 63 0.341
44 59 0.189
44 97 0.121
44 99 0.1
44 45 0.191
44 46 0.184
44 47 0.138
44 51 0.169
44 64 0.199
44 65 0.133
44 66 0.174
44 72 0.123
44 77 0.207
44 80 0.218
45 54 0.954
45 65 0.582
45 53 0.999
45 95 0.798
45 47 0.932
45 56 0.823
45 81 0.919
45 49 1
45 90 0.793
45 58 0.916
45 83 0.627
45 60 0.958
45 86 0.683
45 74 1
45 79 0.766
45 75 0.556
45 92 0.527
45 68 0.886
45 66 0.091
45 93 0.398
45 84 0.08
45 57 0.184
45 71 0.132
45 72 0.245
45 80 0.181
45 82 0.299
45 85 0.158
45 91 0.049
45 46 0.086
45 50 0.118
45 59 0.131
45 61 0.133
45 70 0.171
45 73 0.135
45 78 0.191
45 89 0.109
45 98 0.165
45 99 0.157
46 79 0.967
46 54 0.923
46 72 0.896
46 93 0.865
46 96 0.72
46 47 0.696
46 84 1
46 50 0.799
46 92 0.748
46 52 0.951
46 67 0.749
46 89 0.233
46 74 0.155
46 63 0.16
46 69 0.181
46 78 0.198
46 53 0.156
46 57 0.181
46 58 0.136
46 60 0.11
46 90 0.143
46 99 0.417
46 48 0.15
46 51 0.185
46 62 0.111
46 81 0.252
46 83 0.115
46 91 0.187
46 95 0.144
46 98 0.158
46 55 0.142
46 56 0.137
46 64 0.127
46 65 0.164
46 68 0.15
46 75 0.145
46 86 0.171
46 87 0.139
46 88 0.143
46 94 0.158
46 97 0.166
47 70 0.888
47 93 0.774
47 58 0.877
47 78 0.895
47 76 0.84
47 85 0.76
47 80 0.672
47 99 0.798
47 54 0.814
47 89 0.674
47 91 0.821
47 53 0.719
47 77 0.174
47 68 0.235
47 73 0.27
47 51 0.16
47 56 0.274
47 83 0.168
47 87 0.178
47 94 0.173
47 50 0.155
47 60 0.222
47 64 0.134
47 71 0.131
47 81 0.2
47 97 0.111
47 52 0.185
47 55 0.184
47 57 0.14
47 59 0.181
47 63 0.143
47 65 0.123
47 66 0.117
47 74 0.138
47 88 0.226
47 90 0.155
47 96 0.163
48 50 1
48 93 0.948
48 75 1
48 81 0.805
48 77 1
48 76 0.879
48 83 0.929
48 53 0.865
48 55 1
48 92 0.974
48 90 0.681
48 89 0.968
48 52 0.724
48 51 0.185
48 64 0.116
48 85 0.236
48 62 0.145
48 70 0.268
48 79 0.23
48 80 0.256
48 88 0.11
48 96 0.238
48 57 0.128
48 58 0.191
48 65 0.131
48 67 0.114
48 68 0.086
48 71 0.136
48 72 0.129
48 86 0.144
48 87 0.175
48 97 0.141
48 99 0.163
49 57 0.98
49 58 0.85
49 72 0.808
49 74 0.958
49 98 0.815
49 56 1
49 62 0.928
49 93 0.677
49 66 0.951
49 75 0.533
49 96 1
49 80 0.526
49 63 0.911
49 76 0.979
49 67 0.534
49 89 0.113
49 85 0.048
49 73 0.169
49 81 0.157
49 92 0.088
49 82 0.249
49 64 0.316
49 54 0.114
49 59 0.1
49 68 0.126
49 53 0.152
49 60 0.152
49 69 0.153
49 71 0.128
49 84 0.124
49 87 0.138
49 88 0.15
49 91 0.16
49 95 0.159
49 97 0.13
49 99 0.129
50 66 0.757
50 95 0.886
50 80 1
50 73 0.711
50 59 1
50 99 0.688
50 77 0.764
50 96 0.915
50 56 0.57
50 70 0.997
50 55 0.82
50 88 0.858
50 68 0.95
50 93 0.223
50 81 0.111
50 71 0.184
50 54 0.143
50 63 0.146
50 79 0.112
50 98 0.135
50 51 0.145
50 57 0.165
50 69 0.188
50 82 0.139
50 83 0.199
50 90 0.172
50 97 0.15
51 64 0.699
51 66 0.557
51 55 0.821
51 53 0.742
51 87 0.511
51 52 0.995
51 68 1
51 93 1
51 76 0.943
51 72 0.943
51 61 0.156
51 94 0.331
51 54 0.152
51 62 0.236
51 65 0.119
51 74 0.136
51 88 0.167
51 98 0.133
51 56 0.14
51 70 0.134
51 82 0.131
51 84 0.124
51 85 0.161
51 89 0.167
51 96 0.095
51 99 0.168
52 88 0.93
52 64 0.915
52 55 0.844
52 59 0.963
52 62 0.639
52 72 0.596
52 78 0.973
52 79 0.591
52 85 0.684
52 68 1
52 74 1
52 61 0.668
52 99 0.899
52 73 0.881
52 89 0.872
52 69 1
52 94 0.784
52 63 0.992
52 83 0.651
52 67 0.198
52 90 0.265
52 82 0.167
52 86 0.334
52 97 0.25
52 96 0.123
52 53 0.174
52 60 0.137
52 65 0.163
52 71 0.153
52 54 0.144
52 56 0.157
52 66 0.172
52 70 0.196
52 76 0.213
52 77 0.155
52 80 0.121
52 84 0.141
52 92 0.153
52 93 0.092
53 82 0.862
53 64 0.847
53 75 0.86
53 85 0.778
53 63 0.742
53 68 1
53 60 1
53 93 0.712
53 62 0.868
53 72 0.604
53 67 0.782
53 80 0.508
53 77 0.66
53 90 0.13
53 56 0.158
53 73 0.081
53 78 0.084
53 92 0.149
53 65 0.152
53 66 0.115
53 76 0.161
53 81 0.152
53 91 0.154
53 55 0.127
53 59 0.16
53 61 0.153
53 70 0.072
53 79 0.171
53 96 0.137
53 97 0.127
54 61 0.868
54 73 1
54 87 0.992
54 57 0.773
54 58 0.745
54 76 0.69
54 68 0.817
54 97 0.907
54 66 1
54 74 0.764
54 67 0.837
54 79 0.825
54 56 0.32
54 77 0.152
54 81 0.108
54 86 0.054
54 91 0.116
54 69 0.176
54 89 0.159
54 59 0.162
54 60 0.11
54 63 0.152
54 64 0.179
54 71 0.103
54 75 0.126
54 80 0.134
54 83 0.162
54 85 0.107
54 92 0.162
54 96 0.177
54 98 0.176
55 56 0.69
55 87 0.807
55 83 0.876
55 79 0.801
55 74 0.947
55 99 0.694
55 61 0.726
55 89 0.941
55 97 0.737
55 85 0.994
55 93 0.735
55 98 0.526
55 81 0.114
55 84 0.178
55 58 0.129
55 62 0.082
55 65 0.071
55 69 0.221
55 77 0.128
55 88 0.11
55 90 0.156
55 64 0.143
55 76 0.152
55 78 0.153
55 92 0.161
55 94 0.142
55 95 0.158
55 96 0.177
56 72 0.592
56 67 0.961
56 77 0.812
56 95 0.667
56 98 1
56 61 0.971
56 76 0.893
56 58 0.673
56 79 0.791
56 93 0.857
56 87 0.542
56 71 0.74
56 65 0.934
56 57 0.71
56 63 0.603
56 62 0.926
56 75 0.712
56 80 0.591
56 73 0.355
56 94 0.187
56 60 0.405
56 74 0.361
56 81 0.133
56 88 0.143
56 64 0.138
56 68 0.153
56 69 0.234
56 70 0.192
56 84 0.104
56 86 0.125
57 99 0.755
57 82 1
57 84 0.872
57 90 0.874
57 63 0.679
57 72 0.785
57 75 0.895
57 85 0.821
57 86 0.533
57 71 0.294
57 60 0.168
57 65 0.357
57 66 0.077
57 96 0.154
57 59 0.184
57 68 0.165
57 77 0.171
57 81 0.088
57 92 0.043
57 58 0.146
57 62 0.168
57 69 0.185
57 70 0.156
57 73 0.154
57 83 0.194
57 87 0.148
57 91 0.126
57 94 0.179
57 98 0.124
58 88 1
58 64 0.736
58 98 0.777
58 96 0.756
58 69 0.768
58 90 0.635
58 91 1
58 67 0.942
58 77 0.687
58 60 0.898
58 75 0.167
58 76 0.164
58 83 0.386
58 84 0.166
58 59 0.159
58 79 0.261
58 95 0.132
58 97 0.194
58 61 0.133
58 63 0.174
58 65 0.155
58 66 0.136
58 70 0.194
58 73 0.078
58 74 0.147
58 80 0.101
58 85 0.146
58 87 0.134
58 94 0.134
59 96 0.741
59 83 0.752
59 86 0.804
59 71 0.901
59 80 0.741
59 76 0.937
59 99 0.854
59 89 0.938
59 82 1
59 78 0.618
59 67 0.978
59 85 0.085
59 72 0.167
59 69 0.169
59 77 0.19
59 79 0.023
59 81 0.303
59 64 0.102
59 66 0.135
59 93 0.124
59 62 0.141
59 63 0.168
59 65 0.157
59 75 0.162
59 84 0.155
59 91 0.14
59 98 0.142
60 71 0.9
60 86 0.902
60 76 0.632
60 89 1
60 62 0.909
60 84 0.814
60 69 0.595
60 81 0.808
60 88 0.767
60 83 0.98
60 99 0.9
60 72 0.893
60 93 0.171
60 95 0.157
60 66 0.103
60 87 0.188
60 73 0.161
60 78 0.156
60 79 0.112
60 82 0.131
60 92 0.178
60 61 0.184
60 63 0.175
60 65 0.139
60 80 0.136
60 94 0.147
61 96 0.633
61 78 1
61 71 0.915
61 66 0.768
61 90 0.698
61 93 0.861
61 94 1
61 65 1
61 91 1
61 68 0.704
61 73 0.887
61 95 0.906
61 69 0.63
61 81 0.112
61 84 0.266
61 88 0.334
61 67 0.091
61 79 0.151
61 85 0.202
61 62 0.176
61 63 0.137
61 64 0.162
61 74 0.152
61 82 0.117
61 86 0.119
61 89 0.201
62 86 0.928
62 97 0.996
62 95 1
62 98 1
62 70 0.89
62 73 0.795
62 81 0.647
62 67 0.142
62 72 0.07
62 87 0.183
62 91 0.093
62 83 0.185
62 93 0.091
62 66 0.195
62 69 0.113
62 82 0.135
62 84 0.11
62 90 0.176
62 94 0.16
62 96 0.189
63 91 1
63 81 0.536
63 99 0.699
63 73 0.695
63 97 0.677
63 86 0.256
63 72 0.146
63 82 0.161
63 77 0.172
63 90 0.062
63 66 0.162
63 67 0.155
63 79 0.136
63 94 0.175
63 98 0.171
63 64 0.117
63 71 0.158
63 74 0.164
63 83 0.151
63 85 0.159
63 89 0.2
63 95 0.199
63 96 0.185
64 86 0.653
64 75 0.775
64 81 0.997
64 69 1
64 80 1
64 97 0.764
64 95 0.625
64 67 0.293
64 90 0.167
64 70 0.182
64 66 0.145
64 73 0.235
64 85 0.074
64 82 0.19
64 83 0.169
64 65 0.106
64 68 0.153
64 71 0.178
64 77 0.17
64 84 0.201
64 88 0.135
64 89 0.119
64 91 0.153
64 92 0.182
64 93 0.15
64 94 0.132
64 98 0.13
65 92 0.759
65 96 0.481
65 80 0.529
65 79 0.788
65 94 0.675
65 82 0.668
65 87 1
65 85 0.734
65 76 0.564
65 70 0.673
65 83 0.094
65 68 0.256
65 66 0.282
65 95 0.229
65 97 0.149
65 99 0.082
65 67 0.143
65 69 0.143
65 73 0.165
65 75 0.154
65 84 0.099
65 90 0.142
65 98 0.076
66 76 0.769
66 86 0.898
66 70 0.772
66 69 0.603
66 84 0.782
66 99 0.592
66 78 0.911
66 90 0.898
66 80 0.99
66 85 0.66
66 83 0.136
66 94 0.082
66 92 0.062
66 68 0.156
66 75 0.095
66 96 0.206
66 97 0.154
66 98 0.127
66 72 0.247
66 79 0.165
66 81 0.138
66 93 0.168
66 95 0.16
67 77 0.946
67 81 1
67 86 1.0
67 95 0.713
67 91 0.614
67 85 0.767
67 70 0.926
67 79 0.163
67 80 0.143
67 82 0.151
67 83 0.126
67 92 0.361
67 69 0.21
67 71 0.126
67 72 0.13
67 75 0.207
67 78 0.129
67 96 0.151
68 75 0.994
68 70 0.957
68 87 0.831
68 83 0.782
68 82 0.863
68 78 0.873
68 89 0.667
68 98 1
68 80 0.802
68 85 0.225
68 93 0.089
68 76 0.165
68 81 0.134
68 90 0.214
68 92 0.175
68 77 0.124
68 86 0.093
68 88 0.2
69 81 0.826
69 76 0.78
69 97 1
69 90 0.677
69 70 0.565
69 79 1
69 87 1
69 94 0.59
69 98 0.549
69 88 0.145
69 72 0.143
69 77 0.118
69 78 0.19
69 82 0.154
69 85 0.202
69 89 0.184
69 93 0.132
69 95 0.152
70 96 0.68
70 80 0.767
70 72 0.82
70 73 0.893
70 90 0.667
70 86 0.525
70 95 0.622
70 75 1
70 82 0.141
70 79 0.143
70 87 0.155
70 91 0.127
70 98 0.198
70 78 0.13
70 81 0.101
70 84 0.191
70 85 0.148
70 88 0.128
70 92 0.121
70 97 0.17
70 99 0.181
71 84 0.861
71 83 0.917
71 73 0.857
71 76 0.978
71 82 0.728
71 91 0.819
71 78 0.796
71 88 0.608
71 94 0.949
71 72 0.231
71 86 0.202
71 98 0.032
71 77 0.11
71 81 0.093
71 87 0.177
71 90 0.155
71 97 0.167
72 89 0.749
72 80 0.736
72 94 1
72 82 1
72 79 0.925
72 95 0.84
72 75 0.412
72 78 0.14
72 98 0.061
72 91 0.222
72 73 0.203
72 74 0.133
72 76 0.182
72 77 0.183
72 85 0.137
72 88 0.116
72 90 0.149
72 99 0.122
72 83 0.135
72 84 0.171
72 92 0.15
72 93 0.142
73 87 1
73 85 0.556
73 83 0.986
73 76 0.555
73 98 0.768
73 78 1
73 75 0.994
73 82 0.943
73 99 0.363
73 77 0.143
73 94 0.355
73 79 0.154
73 80 0.173
73 81 0.177
73 92 0.132
73 96 0.158
74 89 1
74 93 0.711
74 98 0.986
74 86 0.735
74 96 0.768
74 83 0.695
74 82 0.239
74 91 0.135
74 97 0.245
74 75 0.093
74 77 0.109
74 81 0.16
74 87 0.154
74 88 0.118
74 76 0.149
74 80 0.187
74 92 0.153
74 99 0.191
75 89 0.635
75 79 0.924
75 88 1
75 95 1
75 85 0.905
75 78 0.168
75 87 0.19
75 80 0.082
75 93 0.305
75 83 0.158
75 90 0.159
75 91 0.137
75 99 0.151
76 83 0.651
76 79 0.865
76 91 0.754
76 99 1
76 85 0.833
76 97 0.933
76 86 1
76 98 0.621
76 93 0.082
76 81 0.166
76 95 0.105
76 82 0.117
76 84 0.114
76 87 0.187
76 88 0.151
76 89 0.129
76 90 0.154
76 94 0.202
77 94 0.6
77 99 1
77 84 1
77 83 0.39
77 78 0.16
77 95 0.182
77 96 0.192
77 79 0.155
77 85 0.166
77 86 0.208
77 87 0.181
77 89 0.113
77 90 0.174
78 93 1
78 85 0.845
78 81 0.669
78 91 0.156
78 79 0.104
78 89 0.154
78 96 0.313
78 83 0.166
78 95 0.203
78 99 0.124
79 89 0.622
79 84 0.939
79 83 0.766
79 80 0.155
79 92 0.294
79 93 0.15
79 99 0.249
79 82 0.178
79 86 0.181
79 95 0.112
79 96 0.174
79 97 0.18
79 98 0.154
80 81 0.601
80 82 0.709
80 88 0.772
80 95 0.687
80 99 0.776
80 97 0.168
80 98 0.156
80 83 0.164
80 84 0.177
80 85 0.153
80 92 0.13
80 93 0.208
80 96 0.124
81 93 0.741
81 86 0.725
81 99 0.973
81 82 0.98
81 96 0.982
81 84 0.137
81 97 0.119
81 98 0.135
81 88 0.118
81 89 0.17
81 95 0.147
82 89 0.777
82 90 0.889
82 88 0.812
82 95 0.12
82 98 0.245
82 91 0.209
82 83 0.144
82 86 0.2
82 96 0.135
82 97 0.176
83 99 1
83 85 0.926
83 94 0.764
83 98 0.946
83 97 0.92
83 90 1
83 84 0.143
83 96 0.101
83 88 0.165
83 89 0.14
83 91 0.181
84 97 0.589
84 85 0.616
84 88 0.123
84 89 0.26
84 87 0.203
84 90 0.188
84 91 0.14
84 93 0.158
84 94 0.081
84 95 0.19
85 92 1
85 98 0.887
85 87 0.878
85 90 0.924
85 99 0.557
85 97 0.429
85 96 0.833
85 88 0.168
85 89 0.17
85 91 0.181
85 93 0.189
85 95 0.106
86 89 1
86 93 0.618
86 96 0.982
86 88 0.216
86 99 0.119
86 98 0.161
87 90 0.726
87 91 1
87 92 0.159
87 99 0.051
87 95 0.123
87 89 0.182
87 93 0.178
87 94 0.091
87 96 0.172
88 99 0.792
88 89 0.548
88 98 0.699
88 91 0.198
88 94 0.017
88 90 0.122
88 96 0.081
88 97 0.136
89 97 0.761
89 96 0.762
89 93 0.139
89 95 0.166
89 99 0.14
90 91 0.915
90 93 0.108
90 95 0.161
90 99 0.121
90 94 0.129
90 96 0.097
90 97 0.12
91 98 0.978
91 92 0.146
91 95 0.143
91 96 0.189
91 97 0.118
91 99 0.155
92 95 0.691
92 99 1
92 97 0.973
92 98 0.036
92 94 0.15
93 94 1
93 96 0.683
93 95 0.109
93 98 0.129
94 96 0.125
94 98 0.137
94 99 0.115
95 97 0.991
95 98 0.113
96 99 0.788
96 97 0.557
96 98 0.126
97 99 0.14
98 99 0.422
