0 85 0.55
0 26 1
0 64 0.998
0 96 0.644
0 57 0.976
0 76 0.622
0 86 1
0 49 0.815
0 38 1
0 78 1
0 84 0.717
0 58 0.614
0 46 0.913
0 68 0.896
0 79 0.848
0 97 1
0 53 0.682
0 15 1
0 66 1
0 33 0.543
0 91 0.683
0 55 0.822
0 12 0.745
0 22 0.627
0 95 0.728
0 28 0.983
0 83 0.155
0 37 0.195
0 43 0.166
0 51 0.123
0 71 0.099
0 10 0.192
0 65 0.273
0 69 0.245
0 73 0.164
0 89 0.046
0 2 0.173
0 24 0.174
0 31 0.103
0 44 0.187
0 63 0.154
0 67 0.242
0 70 0.132
0 90 0.158
0 1 0.148
0 4 0.169
0 5 0.171
0 8 0.088
0 13 0.123
0 14 0.212
0 16 0.152
0 18 0.179
0 21 0.196
0 25 0.18
0 27 0.169
0 32 0.154
0 35 0.092
0 39 0.106
0 41 0.117
0 42 0.166
0 48 0.141
0 50 0.139
0 54 0.172
0 60 0.094
0 72 0.089
0 92 0.112
0 93 0.167
0 94 0.12
1 49 0.726
1 18 0.704
1 58 0.722
1 91 0.495
1 96 0.757
1 5 0.958
1 78 0.944
1 79 0.779
1 99 0.952
1 61 0.596
1 43 0.982
1 14 0.809
1 47 0.83
1 88 0.775
1 71 1
1 68 0.612
1 70 0.757
1 23 0.584
1 25 0.87
1 9 0.687
1 75 0.79
1 72 0.849
1 6 0.94
1 31 0.926
1 83 0.519
1 95 0.75
1 90 0.79
1 41 0.948
1 85 0.845
1 34 1
1 19 0.991
1 98 0.989
1 67 0.996
1 16 0.648
1 36 0.956
1 50 0.995
1 28 0.122
1 22 0.259
1 35 0.179
1 74 0.18
1 3 0.14
1 30 0.164
1 64 0.312
1 4 0.175
1 39 0.042
1 55 0.2
1 69 0.216
1 84 0.071
1 8 0.18
1 11 0.167
1 12 0.107
1 15 0.173
1 27 0.105
1 32 0.093
1 40 0.13
1 44 0.126
1 45 0.081
1 46 0.156
1 59 0.179
1 62 0.123
1 82 0.003
1 97 0.132
1 13 0.105
1 24 0.126
1 26 0.164
1 29 0.121
1 37 0.136
1 48 0.147
1 52 0.091
1 54 0.171
1 60 0.16
1 63 0.133
1 80 0.163
1 92 0.159
2 43 0.895
2 52 0.635
2 34 0.887
2 86 0.515
2 44 1
2 67 0.895
2 96 0.958
2 89 0.871
2 47 0.65
2 23 0.581
2 12 0.874
2 39 0.512
2 62 0.976
2 56 1
2 80 0.996
2 9 0.875
2 83 1
2 91 0.675
2 55 1
2 38 0.948
2 50 0.597
2 53 0.536
2 7 0.773
2 98 0.92
2 18 0.181
2 95 0.002
2 61 0.108
2 33 0.113
2 3 0.152
2 40 0.152
2 46 0.178
2 72 0.189
2 87 0.135
2 6 0.162
2 10 0.155
2 22 0.119
2 25 0.099
2 49 0.167
2 75 0.265
2 77 0.129
2 82 0.163
2 84 0.104
2 4 0.152
2 8 0.128
2 13 0.143
2 17 0.156
2 20 0.139
2 21 0.17
2 24 0.174
2 26 0.168
2 27 0.079
2 28 0.141
2 30 0.125
2 36 0.133
2 37 0.112
2 48 0.164
2 54 0.119
2 60 0.129
2 64 0.153
2 65 0.155
2 73 0.13
2 78 0.202
2 88 0.148
2 92 0.171
2 93 0.158
3 15 1
3 41 0.911
3 93 0.987
3 21 0.686
3 27 0.56
3 10 0.678
3 49 1
3 50 0.712
3 59 0.854
3 57 0.95
3 46 0.87
3 33 0.891
3 76 0.76
3 24 0.956
3 26 0.99
3 9 0.859
3 19 0.874
3 60 0.994
3 91 0.198
3 43 0.131
3 29 0.187
3 36 0.208
3 68 0.202
3 84 0.127
3 6 0.212
3 11 0.158
3 28 0.164
3 51 0.146
3 61 0.135
3 67 0.152
3 69 0.124
3 71 0.172
3 78 0.146
3 81 0.072
3 82 0.133
3 90 0.164
3 4 0.174
3 12 0.127
3 14 0.15
3 17 0.193
3 22 0.195
3 23 0.2
3 25 0.19
3 31 0.175
3 32 0.196
3 35 0.226
3 40 0.113
3 47 0.112
3 55 0.111
3 56 0.123
3 64 0.164
3 65 0.169
3 73 0.114
3 74 0.137
3 87 0.192
3 89 0.147
3 96 0.187
3 97 0.129
4 40 0.926
4 10 0.866
4 15 0.673
4 65 1
4 56 0.599
4 52 0.82
4 59 0.739
4 45 1
4 48 0.941
4 31 0.927
4 39 0.828
4 24 1
4 70 0.646
4 11 0.651
4 33 1
4 49 0.818
4 86 0.755
4 85 0.664
4 43 0.642
4 21 0.223
4 32 0.016
4 50 0.28
4 8 0.15
4 14 0.358
4 82 0.136
4 20 0.128
4 23 0.129
4 36 0.165
4 57 0.107
4 66 0.197
4 91 0.41
4 99 0.198
4 5 0.113
4 16 0.107
4 26 0.159
4 30 0.159
4 37 0.128
4 38 0.168
4 41 0.145
4 42 0.127
4 47 0.207
4 58 0.178
4 62 0.149
4 64 0.144
4 68 0.15
4 69 0.137
4 71 0.183
4 76 0.14
4 80 0.114
4 84 0.177
4 94 0.168
4 97 0.105
5 30 1
5 32 0.63
5 69 1
5 40 0.727
5 59 0.839
5 88 0.632
5 25 0.9
5 41 0.795
5 43 0.668
5 11 0.814
5 31 1
5 92 0.723
5 7 1
5 99 0.863
5 47 0.967
5 72 0.452
5 95 0.927
5 64 1
5 54 0.373
5 83 1
5 27 0.877
5 49 0.633
5 81 0.544
5 68 0.613
5 96 0.665
5 44 0.651
5 22 0.561
5 21 0.099
5 9 0.138
5 17 0.236
5 8 0.17
5 29 0.182
5 50 0.188
5 51 0.125
5 62 0.022
5 67 0.235
5 80 0.175
5 82 0.118
5 85 0.176
5 13 0.139
5 34 0.108
5 35 0.167
5 39 0.165
5 46 0.137
5 75 0.188
5 86 0.319
5 97 0.155
5 12 0.183
5 14 0.114
5 15 0.158
5 16 0.157
5 19 0.158
5 23 0.12
5 26 0.094
5 28 0.199
5 42 0.109
5 45 0.176
5 48 0.123
5 53 0.151
5 56 0.079
5 58 0.108
5 66 0.202
5 71 0.164
5 77 0.172
5 78 0.142
5 94 0.1
6 89 0.901
6 43 0.71
6 90 0.805
6 45 0.557
6 55 0.768
6 58 0.54
6 76 0.798
6 87 0.795
6 19 1
6 49 0.804
6 42 1
6 56 0.997
6 14 0.836
6 66 0.681
6 74 0.923
6 9 1
6 65 1
6 61 0.808
6 28 0.108
6 46 0.351
6 64 0.405
6 71 0.143
6 85 0.213
6 12 0.11
6 17 0.216
6 53 0.068
6 91 0.254
6 7 0.173
6 10 0.191
6 15 0.115
6 25 0.175
6 36 0.06
6 50 0.17
6 54 0.148
6 59 0.15
6 72 0.118
6 73 0.113
6 75 0.148
6 83 0.2
6 99 0.182
6 8 0.146
6 20 0.111
6 23 0.175
6 29 0.117
6 30 0.149
6 31 0.156
6 35 0.146
6 38 0.121
6 39 0.182
6 40 0.116
6 51 0.142
6 52 0.192
6 60 0.142
6 62 0.183
6 67 0.161
6 68 0.193
6 70 0.155
6 77 0.227
6 78 0.147
6 79 0.199
6 80 0.121
6 81 0.148
6 93 0.169
6 95 0.146
7 23 0.921
7 78 0.774
7 13 0.706
7 92 0.819
7 90 0.522
7 91 0.785
7 18 1
7 67 0.932
7 40 0.664
7 83 0.924
7 21 0.945
7 29 0.641
7 80 0.724
7 94 0.78
7 86 0.85
7 55 0.777
7 35 0.052
7 52 0.213
7 71 0.179
7 59 0.192
7 62 0.175
7 16 0.174
7 17 0.347
7 36 0.304
7 38 0.15
7 39 0.131
7 60 0.142
7 81 0.249
7 88 0.154
7 8 0.135
7 15 0.174
7 25 0.293
7 27 0.305
7 28 0.094
7 37 0.14
7 41 0.123
7 48 0.096
7 50 0.1
7 51 0.166
7 53 0.195
7 73 0.173
7 84 0.516
7 93 0.055
7 96 0.114
7 9 0.17
7 34 0.159
7 42 0.178
7 43 0.182
7 47 0.157
7 49 0.139
7 57 0.176
7 61 0.149
7 64 0.171
7 65 0.159
7 69 0.156
7 70 0.163
7 76 0.114
7 79 0.136
7 85 0.12
7 89 0.15
7 95 0.182
7 97 0.129
7 99 0.089
8 39 0.815
8 32 0.704
8 97 0.937
8 25 0.849
8 88 0.898
8 33 1
8 77 0.531
8 76 0.81
8 13 0.875
8 54 0.825
8 27 0.877
8 93 0.896
8 90 0.911
8 46 0.931
8 49 0.964
8 79 0.735
8 45 1
8 38 0.604
8 17 0.788
8 48 0.622
8 57 0.129
8 71 0.132
8 82 0.196
8 19 0.303
8 26 0.28
8 55 0.504
8 59 0.225
8 63 0.126
8 67 0.148
8 68 0.185
8 89 0.186
8 22 0.222
8 24 0.16
8 30 0.116
8 36 0.221
8 47 0.149
8 53 0.158
8 58 0.126
8 66 0.115
8 81 0.21
8 87 0.153
8 94 0.37
8 96 0.062
8 12 0.126
8 16 0.211
8 18 0.156
8 29 0.205
8 31 0.149
8 34 0.097
8 51 0.176
8 52 0.157
8 60 0.126
8 62 0.131
8 69 0.161
8 70 0.177
8 74 0.187
8 78 0.122
8 83 0.113
8 85 0.128
8 99 0.151
9 56 0.996
9 39 0.915
9 32 1
9 71 1
9 27 0.839
9 74 0.988
9 38 0.786
9 85 0.771
9 55 0.883
9 96 0.663
9 99 0.833
9 35 0.562
9 82 0.688
9 52 0.839
9 11 0.887
9 21 0.997
9 54 0.92
9 10 0.694
9 77 0.717
9 45 0.177
9 25 0.008
9 60 0.154
9 14 0.124
9 24 0.148
9 87 0.188
9 37 0.164
9 65 0.105
9 16 0.179
9 34 0.172
9 46 0.155
9 63 0.18
9 73 0.125
9 75 0.156
9 80 0.193
9 84 0.125
9 20 0.138
9 22 0.194
9 26 0.128
9 33 0.116
9 36 0.181
9 42 0.133
9 43 0.118
9 44 0.167
9 50 0.154
9 58 0.15
9 64 0.075
9 68 0.138
9 69 0.143
9 70 0.151
9 78 0.264
9 83 0.158
9 88 0.132
9 90 0.14
9 91 0.176
9 95 0.117
10 53 0.787
10 46 0.857
10 60 0.658
10 26 0.565
10 66 0.64
10 76 0.68
10 19 0.868
10 63 0.643
10 28 0.76
10 13 0.606
10 39 0.864
10 52 0.902
10 90 0.859
10 67 0.586
10 15 0.642
10 99 0.634
10 11 0.716
10 81 0.955
10 68 1
10 64 0.784
10 20 0.833
10 77 0.594
10 12 0.651
10 30 0.164
10 58 0.189
10 78 0.102
10 31 0.145
10 32 0.143
10 37 0.105
10 40 0.177
10 48 0.164
10 80 0.185
10 93 0.191
10 94 0.191
10 17 0.135
10 18 0.158
10 22 0.186
10 23 0.14
10 24 0.191
10 35 0.163
10 36 0.223
10 47 0.086
10 49 0.13
10 50 0.1
10 59 0.085
10 61 0.146
10 69 0.113
10 70 0.169
10 72 0.153
10 74 0.131
10 79 0.207
10 84 0.114
10 87 0.159
10 91 0.107
11 44 0.945
11 45 1
11 19 0.451
11 21 0.844
11 73 0.646
11 92 0.773
11 61 0.951
11 71 0.682
11 83 1
11 26 0.688
11 78 1
11 97 0.967
11 85 0.675
11 91 0.601
11 59 0.846
11 81 0.671
11 48 0.894
11 96 0.309
11 94 0.247
11 36 0.147
11 65 0.129
11 84 0.167
11 55 0.12
11 69 0.206
11 76 0.214
11 17 0.055
11 18 0.215
11 24 0.027
11 29 0.142
11 33 0.151
11 38 0.26
11 43 0.146
11 47 0.164
11 68 0.181
11 82 0.153
11 86 0.131
11 95 0.202
11 20 0.187
11 28 0.139
11 31 0.192
11 32 0.185
11 34 0.153
11 35 0.139
11 41 0.179
11 57 0.124
11 60 0.125
11 62 0.116
11 63 0.148
11 64 0.178
11 66 0.172
11 90 0.215
11 98 0.15
11 99 0.134
12 90 0.761
12 53 0.695
12 14 1
12 47 0.727
12 50 0.764
12 71 0.975
12 23 0.788
12 40 0.836
12 55 0.643
12 85 0.928
12 36 0.643
12 54 1
12 51 0.76
12 75 0.777
12 42 0.982
12 29 0.694
12 87 1
12 94 0.716
12 61 0.943
12 60 0.705
12 38 1
12 56 0.117
12 74 0.134
12 17 0.123
12 35 0.175
12 68 0.352
12 99 0.085
12 27 0.147
12 30 0.143
12 65 0.166
12 24 0.081
12 28 0.139
12 33 0.164
12 37 0.048
12 43 0.122
12 45 0.126
12 46 0.12
12 49 0.37
12 57 0.168
12 96 0.114
12 97 0.141
12 25 0.134
12 26 0.163
12 32 0.133
12 39 0.139
12 44 0.119
12 62 0.18
12 63 0.167
12 67 0.141
12 69 0.122
12 80 0.17
12 81 0.123
12 82 0.128
12 84 0.175
12 92 0.186
12 93 0.12
13 40 0.761
13 57 0.649
13 89 0.773
13 41 1
13 37 0.745
13 56 0.887
13 86 0.909
13 88 0.777
13 66 0.729
13 78 0.857
13 87 1
13 91 0.756
13 39 0.959
13 22 0.689
13 65 0.068
13 80 0.435
13 76 0.235
13 14 0.148
13 68 0.152
13 93 0.15
13 21 0.257
13 24 0.109
13 26 0.122
13 29 0.216
13 30 0.163
13 38 0.022
13 44 0.168
13 58 0.19
13 70 0.177
13 90 0.019
13 97 0.153
13 99 0.109
13 16 0.111
13 18 0.122
13 19 0.134
13 20 0.121
13 25 0.14
13 31 0.136
13 34 0.17
13 35 0.119
13 47 0.191
13 61 0.202
13 71 0.14
13 81 0.15
13 83 0.185
13 95 0.135
14 40 1
14 68 0.966
14 78 0.721
14 50 0.642
14 25 0.813
14 51 0.671
14 86 0.814
14 20 0.541
14 71 0.687
14 85 0.887
14 22 0.917
14 54 0.753
14 41 0.708
14 46 0.821
14 28 0.799
14 35 0.442
14 77 0.805
14 53 0.67
14 15 0.735
14 82 0.867
14 36 0.73
14 92 0.587
14 83 0.6
14 32 0.151
14 18 0.089
14 45 0.162
14 19 0.156
14 33 0.106
14 39 0.163
14 73 0.178
14 88 0.306
14 89 0.166
14 93 0.011
14 94 0.177
14 95 0.132
14 99 0.143
14 26 0.158
14 42 0.199
14 43 0.133
14 62 0.118
14 64 0.147
14 75 0.125
15 45 0.92
15 79 0.862
15 59 0.672
15 99 0.715
15 38 0.706
15 40 1
15 63 0.634
15 30 0.849
15 92 0.819
15 82 0.816
15 58 0.705
15 70 0.947
15 60 0.94
15 37 0.272
15 48 0.13
15 39 0.122
15 49 0.17
15 19 0.136
15 32 0.176
15 43 0.101
15 84 0.272
15 85 0.153
15 88 0.186
15 22 0.154
15 28 0.207
15 36 0.14
15 46 0.149
15 86 0.182
15 17 0.125
15 20 0.143
15 25 0.192
15 26 0.119
15 33 0.176
15 34 0.109
15 35 0.165
15 41 0.153
15 51 0.107
15 54 0.139
15 55 0.189
15 56 0.168
15 57 0.186
15 65 0.188
15 67 0.152
15 72 0.158
15 73 0.149
15 75 0.161
15 76 0.176
15 78 0.167
15 87 0.148
15 90 0.176
15 93 0.18
15 94 0.147
15 95 0.168
15 96 0.129
15 97 0.101
15 98 0.163
16 83 0.561
16 79 0.601
16 49 1
16 63 0.977
16 33 1
16 62 0.911
16 56 1
16 31 0.722
16 36 0.883
16 32 0.654
16 85 0.76
16 67 1
16 50 0.778
16 95 0.16
16 96 0.334
16 29 0.154
16 39 0.159
16 44 0.386
16 51 0.238
16 59 0.242
16 74 0.115
16 89 0.127
16 66 0.184
16 94 0.152
16 17 0.184
16 19 0.209
16 20 0.132
16 22 0.153
16 27 0.18
16 55 0.115
16 64 0.164
16 69 0.162
16 86 0.139
16 92 0.163
16 98 0.179
16 18 0.131
16 26 0.129
16 28 0.198
16 30 0.173
16 35 0.16
16 38 0.118
16 45 0.145
16 48 0.129
16 52 0.139
16 54 0.158
16 65 0.144
16 70 0.223
16 71 0.162
16 77 0.151
16 78 0.138
16 80 0.159
16 81 0.143
16 87 0.146
16 90 0.243
16 97 0.16
16 99 0.21
17 18 0.989
17 53 0.533
17 79 1
17 51 0.87
17 65 0.554
17 31 0.542
17 62 0.758
17 76 0.545
17 29 0.551
17 46 1
17 59 0.926
17 48 0.626
17 57 1
17 78 0.777
17 91 0.765
17 89 0.571
17 34 0.188
17 63 0.31
17 83 0.068
17 84 0.029
17 23 0.074
17 80 0.195
17 39 0.17
17 49 0.171
17 50 0.138
17 72 0.225
17 30 0.072
17 37 0.166
17 40 0.151
17 68 0.092
17 70 0.146
17 86 0.104
17 92 0.192
17 20 0.169
17 21 0.151
17 25 0.167
17 32 0.186
17 44 0.133
17 47 0.14
17 55 0.186
17 60 0.151
17 61 0.143
17 66 0.2
17 71 0.169
17 73 0.144
17 81 0.149
17 82 0.166
17 85 0.137
17 95 0.109
17 98 0.154
18 79 0.476
18 46 0.768
18 52 0.773
18 71 0.862
18 87 0.883
18 81 0.922
18 24 0.816
18 31 0.798
18 89 0.923
18 29 0.712
18 41 0.37
18 90 1
18 57 0.857
18 63 0.658
18 45 0.839
18 61 0.851
18 88 0.615
18 33 0.772
18 78 0.15
18 38 0.232
18 94 0.199
18 97 0.154
18 56 0.112
18 68 0.157
18 75 0.188
18 98 0.268
18 20 0.113
18 55 0.118
18 64 0.176
18 80 0.135
18 95 0.155
18 21 0.242
18 25 0.153
18 47 0.127
18 51 0.188
18 53 0.319
18 58 0.189
18 62 0.098
18 67 0.153
18 70 0.135
18 93 0.063
18 22 0.189
18 27 0.109
18 34 0.173
18 37 0.185
18 39 0.139
18 40 0.119
18 43 0.145
18 44 0.177
18 54 0.118
18 65 0.175
18 66 0.152
18 74 0.162
18 82 0.152
18 85 0.165
18 86 0.158
18 91 0.185
18 92 0.156
18 96 0.169
18 99 0.171
19 47 0.516
19 55 0.807
19 49 0.929
19 82 1
19 68 1
19 45 0.77
19 63 0.859
19 98 1
19 79 0.696
19 56 0.775
19 96 1
19 72 0.899
19 28 0.941
19 69 0.123
19 71 0.238
19 78 0.278
19 34 0.127
19 42 0.166
19 54 0.066
19 64 0.13
19 83 0.446
19 26 0.076
19 61 0.154
19 70 0.241
19 73 0.114
19 41 0.144
19 43 0.173
19 76 0.147
19 86 0.143
19 90 0.163
19 94 0.211
19 20 0.134
19 21 0.15
19 25 0.141
19 40 0.139
19 50 0.189
19 58 0.14
19 59 0.137
19 62 0.145
19 75 0.207
19 77 0.134
19 89 0.147
19 91 0.096
19 92 0.126
20 62 0.689
20 69 0.639
20 76 0.807
20 29 0.988
20 89 0.826
20 96 0.987
20 56 0.795
20 81 0.706
20 22 0.909
20 51 0.889
20 59 0.781
20 75 0.634
20 77 0.951
20 23 0.901
20 90 0.612
20 78 0.983
20 79 0.668
20 46 0.597
20 88 0.796
20 98 0.183
20 31 0.312
20 49 0.202
20 85 0.142
20 91 0.175
20 24 0.165
20 55 0.055
20 60 0.166
20 67 0.14
20 72 0.194
20 87 0.111
20 30 0.157
20 33 0.128
20 35 0.173
20 47 0.166
20 63 0.165
20 73 0.123
20 82 0.162
20 94 0.129
20 99 0.156
20 25 0.139
20 26 0.197
20 28 0.205
20 36 0.133
20 37 0.175
20 42 0.174
20 52 0.148
20 53 0.167
20 54 0.116
20 64 0.146
20 65 0.078
20 68 0.195
20 71 0.081
20 80 0.193
20 84 0.073
20 93 0.11
21 42 0.747
21 41 0.671
21 68 0.817
21 63 0.906
21 74 0.882
21 72 1
21 76 0.884
21 81 0.928
21 89 0.968
21 79 0.908
21 82 1
21 97 0.546
21 48 0.621
21 34 0.799
21 75 0.828
21 29 0.887
21 33 0.795
21 83 0.974
21 95 0.592
21 80 0.219
21 70 0.157
21 93 0.138
21 22 0.33
21 27 0.148
21 23 0.149
21 26 0.149
21 43 0.086
21 62 0.202
21 71 0.195
21 73 0.14
21 25 0.144
21 28 0.126
21 32 0.159
21 38 0.123
21 39 0.138
21 44 0.157
21 45 0.178
21 53 0.174
21 54 0.139
21 58 0.004
21 85 0.305
21 86 0.156
21 37 0.121
21 50 0.197
21 55 0.14
21 59 0.116
21 60 0.147
21 65 0.139
21 66 0.174
21 69 0.139
21 78 0.156
21 87 0.174
21 88 0.149
21 94 0.149
22 97 0.551
22 67 0.501
22 78 1
22 62 0.963
22 79 0.927
22 43 1
22 44 0.777
22 66 0.882
22 96 0.789
22 40 0.574
22 56 0.575
22 73 1
22 25 0.82
22 57 1
22 75 0.944
22 69 0.215
22 35 0.355
22 29 0.097
22 41 0.106
22 76 0.103
22 92 0.173
22 23 0.22
22 30 0.144
22 42 0.124
22 47 0.163
22 86 0.137
22 90 0.16
22 26 0.14
22 27 0.146
22 28 0.145
22 31 0.178
22 33 0.094
22 36 0.18
22 37 0.175
22 38 0.166
22 39 0.095
22 46 0.193
22 55 0.172
22 59 0.23
22 63 0.18
22 68 0.157
22 77 0.161
22 81 0.122
22 85 0.134
22 87 0.149
22 89 0.102
22 94 0.173
22 95 0.146
23 91 0.651
23 27 1
23 43 0.832
23 28 0.585
23 47 1
23 77 0.871
23 84 0.841
23 35 0.737
23 57 1
23 69 0.533
23 61 0.794
23 63 0.619
23 34 0.692
23 39 0.237
23 31 0.031
23 32 0.118
23 62 0.053
23 53 0.161
23 66 0.188
23 86 0.141
23 24 0.13
23 25 0.131
23 36 0.173
23 37 0.096
23 50 0.156
23 56 0.169
23 71 0.221
23 73 0.103
23 90 0.142
23 46 0.204
23 49 0.129
23 55 0.117
23 64 0.138
23 65 0.131
23 68 0.091
23 72 0.154
23 74 0.086
23 76 0.198
23 79 0.133
23 80 0.128
23 82 0.218
23 85 0.153
23 87 0.191
23 88 0.128
23 89 0.182
23 92 0.142
23 94 0.167
24 75 0.77
24 45 0.827
24 50 0.789
24 82 1
24 78 0.587
24 63 0.923
24 90 0.93
24 66 1
24 44 0.907
24 67 1
24 32 0.521
24 38 0.592
24 69 0.512
24 71 0.978
24 72 1
24 96 0.873
24 43 0.163
24 25 0.158
24 51 0.145
24 53 0.156
24 60 0.182
24 61 0.125
24 94 0.157
24 97 0.2
24 28 0.025
24 29 0.16
24 36 0.174
24 54 0.187
24 55 0.131
24 56 0.146
24 57 0.114
24 58 0.172
24 79 0.158
24 85 0.273
24 87 0.103
24 27 0.168
24 31 0.142
24 34 0.16
24 42 0.197
24 46 0.159
24 47 0.143
24 59 0.163
24 64 0.13
24 76 0.111
24 80 0.182
24 81 0.164
24 83 0.19
24 84 0.147
24 89 0.147
24 93 0.172
24 95 0.2
24 98 0.159
25 61 0.874
25 90 0.801
25 52 0.981
25 54 1
25 60 0.84
25 83 0.863
25 62 0.837
25 74 0.562
25 91 0.748
25 58 0.824
25 36 0.785
25 42 0.694
25 96 0.924
25 79 0.93
25 38 0.874
25 51 1
25 64 0.905
25 65 0.994
25 43 1
25 86 0.378
25 71 0.345
25 89 0.312
25 40 0.164
25 50 0.235
25 68 0.184
25 26 0.114
25 28 0.147
25 37 0.05
25 56 0.11
25 59 0.182
25 76 0.102
25 77 0.163
25 87 0.155
25 97 0.174
25 27 0.173
25 31 0.148
25 34 0.124
25 35 0.156
25 47 0.137
25 53 0.15
25 63 0.129
25 66 0.141
25 67 0.126
25 78 0.162
25 98 0.158
26 64 1
26 94 0.703
26 53 0.723
26 46 0.555
26 57 1
26 69 1
26 82 0.509
26 40 0.936
26 45 0.565
26 52 0.738
26 67 0.665
26 90 0.86
26 39 0.611
26 56 0.306
26 61 0.179
26 62 0.153
26 41 0.117
26 59 0.186
26 81 0.105
26 96 0.172
26 99 0.131
26 32 0.256
26 43 0.16
26 77 0.135
26 98 0.135
26 29 0.154
26 30 0.133
26 31 0.166
26 35 0.204
26 36 0.126
26 37 0.188
26 44 0.124
26 49 0.127
26 50 0.135
26 54 0.153
26 58 0.133
26 66 0.165
26 71 0.138
26 76 0.121
26 78 0.139
26 79 0.172
26 80 0.158
26 83 0.147
26 85 0.145
26 86 0.203
26 87 0.142
26 89 0.175
27 51 0.827
27 71 0.714
27 32 0.935
27 54 1
27 85 0.679
27 90 0.578
27 43 0.805
27 49 0.958
27 74 0.799
27 66 0.647
27 67 0.874
27 83 0.959
27 37 0.753
27 75 1
27 45 0.596
27 65 1
27 79 0.2
27 95 0.225
27 31 0.084
27 40 0.132
27 78 0.151
27 99 0.14
27 33 0.115
27 35 0.168
27 70 0.178
27 72 0.055
27 77 0.259
27 80 0.185
27 30 0.151
27 44 0.178
27 46 0.183
27 50 0.149
27 55 0.213
27 58 0.098
27 59 0.204
27 60 0.153
27 61 0.2
27 62 0.221
27 63 0.14
27 64 0.166
27 69 0.126
27 76 0.147
27 81 0.148
27 82 0.179
27 87 0.201
27 94 0.134
27 96 0.104
27 97 0.137
28 62 0.884
28 65 0.705
28 68 1
28 97 0.832
28 73 0.763
28 81 0.665
28 75 0.994
28 76 0.711
28 57 0.572
28 85 1
28 35 1
28 87 0.226
28 54 0.41
28 44 0.177
28 60 0.157
28 67 0.159
28 36 0.126
28 38 0.139
28 46 0.126
28 66 0.071
28 77 0.173
28 94 0.146
28 33 0.104
28 48 0.129
28 50 0.087
28 71 0.122
28 72 0.161
28 74 0.167
28 79 0.104
28 80 0.188
28 83 0.127
28 88 0.151
28 93 0.147
28 99 0.15
29 58 1
29 41 0.757
29 61 0.71
29 98 1
29 47 0.829
29 42 0.954
29 90 0.807
29 39 0.662
29 72 1
29 92 0.98
29 31 0.919
29 87 0.658
29 40 0.276
29 38 0.214
29 46 0.112
29 53 0.222
29 65 0.274
29 73 0.107
29 37 0.144
29 43 0.188
29 45 0.107
29 51 0.157
29 57 0.191
29 62 0.123
29 80 0.185
29 88 0.204
29 94 0.131
29 96 0.182
29 97 0.162
29 32 0.181
29 33 0.13
29 35 0.116
29 49 0.163
29 50 0.138
29 54 0.173
29 55 0.164
29 66 0.105
29 67 0.12
29 69 0.17
29 71 0.215
29 76 0.178
29 91 0.134
29 95 0.126
30 41 0.604
30 83 0.975
30 52 0.835
30 39 1
30 72 1
30 99 0.916
30 81 0.772
30 59 0.545
30 97 0.531
30 33 1
30 77 0.881
30 37 0.686
30 75 1
30 64 0.905
30 89 0.565
30 51 0.141
30 35 0.155
30 84 0.054
30 46 0.158
30 50 0.078
30 65 0.035
30 67 0.095
30 78 0.092
30 87 0.139
30 92 0.14
30 34 0.161
30 36 0.19
30 42 0.118
30 45 0.364
30 82 0.175
30 38 0.12
30 40 0.167
30 53 0.132
30 54 0.127
30 60 0.143
30 61 0.198
30 66 0.177
30 68 0.162
30 79 0.116
30 90 0.152
30 91 0.138
30 93 0.154
30 95 0.158
31 33 0.642
31 39 0.818
31 55 0.765
31 97 0.833
31 63 0.716
31 38 0.918
31 90 0.587
31 54 0.647
31 83 0.678
31 95 1
31 68 0.729
31 89 0.577
31 42 0.159
31 59 0.214
31 92 0.113
31 56 0.107
31 81 0.188
31 72 0.302
31 75 0.11
31 37 0.297
31 51 0.103
31 66 0.207
31 69 0.133
31 34 0.163
31 35 0.181
31 36 0.2
31 48 0.189
31 50 0.162
31 52 0.168
31 61 0.169
31 71 0.197
31 74 0.134
31 77 0.127
31 80 0.208
31 84 0.169
31 86 0.142
31 87 0.157
31 93 0.172
31 99 0.155
32 46 0.994
32 80 0.781
32 77 0.901
32 86 0.961
32 90 1
32 78 1
32 72 0.902
32 57 0.972
32 84 0.521
32 66 0.84
32 99 0.795
32 44 0.759
32 98 0.906
32 54 0.505
32 40 0.975
32 52 0.88
32 49 0.958
32 76 0.67
32 85 0.196
32 51 0.231
32 56 0.159
32 83 0.347
32 89 0.173
32 58 0.127
32 59 0.234
32 95 0.178
32 35 0.162
32 53 0.117
32 61 0.142
32 62 0.156
32 67 0.178
32 91 0.025
32 96 0.234
32 97 0.143
32 33 0.154
32 39 0.181
32 41 0.135
32 45 0.111
32 48 0.103
32 55 0.184
32 65 0.125
32 68 0.178
32 70 0.112
32 71 0.17
32 73 0.142
32 79 0.147
32 93 0.162
33 42 0.778
33 78 0.955
33 81 1
33 48 0.87
33 84 1
33 77 0.966
33 80 0.675
33 73 1
33 41 0.894
33 82 0.624
33 39 0.856
33 94 0.848
33 45 0.851
33 35 0.216
33 46 0.163
33 55 0.151
33 56 0.157
33 59 0.19
33 64 0.16
33 92 0.176
33 37 0.131
33 49 0.102
33 54 0.025
33 58 0.136
33 62 0.152
33 91 0.104
33 34 0.077
33 43 0.164
33 44 0.108
33 47 0.09
33 53 0.172
33 69 0.195
33 71 0.165
33 87 0.138
33 88 0.132
33 95 0.144
33 98 0.156
34 78 0.589
34 70 0.963
34 82 0.968
34 93 0.709
34 67 0.91
34 81 0.565
34 77 1
34 62 0.826
34 66 0.658
34 74 0.835
34 46 0.584
34 96 0.902
34 35 0.726
34 64 0.627
34 60 0.549
34 49 0.5
34 95 0.178
34 83 0.169
34 89 0.136
34 36 0.175
34 38 0.18
34 71 0.085
34 99 0.138
34 37 0.121
34 44 0.142
34 45 0.116
34 47 0.326
34 63 0.11
34 90 0.045
34 91 0.127
34 92 0.142
34 94 0.206
34 98 0.173
34 39 0.15
34 40 0.121
34 42 0.161
34 43 0.144
34 50 0.191
34 53 0.161
34 56 0.117
34 57 0.159
34 65 0.118
34 73 0.153
34 76 0.159
34 79 0.157
34 87 0.158
34 97 0.154
35 71 0.665
35 93 1
35 40 1
35 64 1
35 77 0.913
35 69 0.705
35 52 0.768
35 97 0.747
35 92 0.588
35 65 0.535
35 66 0.527
35 80 0.558
35 90 1
35 96 0.837
35 39 0.429
35 62 0.261
35 70 0.144
35 48 0.13
35 54 0.152
35 43 0.107
35 50 0.115
35 60 0.139
35 87 0.029
35 36 0.171
35 38 0.076
35 41 0.147
35 42 0.131
35 44 0.187
35 47 0.188
35 63 0.129
35 68 0.188
35 74 0.145
35 75 0.155
35 76 0.127
35 78 0.157
35 81 0.162
35 82 0.164
35 86 0.203
35 89 0.173
35 91 0.161
35 99 0.198
36 66 0.67
36 82 0.933
36 37 0.793
36 63 0.948
36 38 0.713
36 48 0.562
36 44 0.946
36 59 0.912
36 65 0.984
36 68 0.691
36 52 0.705
36 61 0.568
36 86 0.663
36 93 0.993
36 46 0.105
36 67 0.106
36 54 0.137
36 64 0.12
36 85 0.153
36 90 0.194
36 97 0.172
36 39 0.138
36 50 0.095
36 53 0.175
36 60 0.091
36 69 0.216
36 73 0.135
36 74 0.145
36 80 0.158
36 81 0.133
36 87 0.197
36 89 0.172
36 92 0.143
36 95 0.153
36 98 0.141
37 67 0.771
37 68 1
37 58 0.919
37 48 0.628
37 94 0.772
37 76 0.73
37 73 0.863
37 47 0.851
37 96 0.829
37 84 0.805
37 57 0.591
37 45 0.099
37 93 0.055
37 80 0.247
37 72 0.273
37 71 0.205
37 50 0.159
37 56 0.112
37 63 0.045
37 92 0.251
37 41 0.132
37 46 0.151
37 49 0.149
37 51 0.169
37 64 0.114
37 66 0.077
37 75 0.15
37 83 0.143
37 87 0.13
37 88 0.138
37 97 0.175
38 65 0.89
38 72 0.765
38 83 0.878
38 78 0.639
38 84 0.816
38 90 0.642
38 42 1
38 87 1
38 47 0.597
38 92 0.304
38 67 0.09
38 93 0.538
38 40 0.138
38 48 0.343
38 52 0.066
38 68 0.171
38 41 0.123
38 73 0.212
38 76 0.178
38 85 0.111
38 88 0.189
38 94 0.016
38 99 0.135
38 43 0.112
38 44 0.113
38 46 0.132
38 51 0.169
38 54 0.198
38 57 0.179
38 58 0.12
38 62 0.177
38 70 0.143
38 71 0.118
38 79 0.156
38 81 0.155
38 91 0.082
38 95 0.181
38 98 0.173
39 81 1
39 99 0.649
39 76 0.651
39 84 0.997
39 73 1
39 75 0.768
39 97 0.887
39 46 0.957
39 44 0.654
39 71 1
39 40 0.816
39 87 0.175
39 82 0.065
39 54 0.098
39 58 0.202
39 91 0.437
39 59 0.171
39 78 0.146
39 55 0.296
39 41 0.154
39 47 0.165
39 48 0.165
39 51 0.088
39 80 0.124
39 85 0.138
39 42 0.241
39 49 0.168
39 50 0.156
39 52 0.187
39 56 0.133
39 57 0.114
39 61 0.134
39 62 0.133
39 63 0.162
39 64 0.124
39 65 0.12
39 66 0.137
39 67 0.168
39 72 0.138
39 77 0.198
39 96 0.146
40 44 0.732
40 55 0.684
40 54 0.899
40 81 0.87
40 48 0.697
40 89 1
40 73 0.852
40 56 0.794
40 83 0.754
40 51 0.98
40 53 0.933
40 46 1
40 66 0.122
40 96 0.155
40 59 0.081
40 90 0.202
40 97 0.152
40 58 0.214
40 60 0.14
40 72 0.147
40 88 0.163
40 99 0.124
40 41 0.147
40 43 0.149
40 45 0.142
40 47 0.182
40 68 0.147
40 74 0.14
40 75 0.119
40 82 0.145
40 84 0.167
40 85 0.135
40 87 0.158
40 92 0.178
41 43 0.915
41 58 0.647
41 85 0.805
41 89 0.711
41 71 1
41 63 0.58
41 54 0.7
41 72 0.802
41 55 0.56
41 73 0.693
41 57 0.77
41 42 0.742
41 76 0.952
41 52 0.748
41 65 0.842
41 94 0.606
41 64 0.766
41 59 0.728
41 95 0.186
41 53 0.252
41 69 0.164
41 81 0.455
41 88 0.139
41 49 0.179
41 61 0.146
41 70 0.122
41 75 0.147
41 78 0.069
41 80 0.19
41 82 0.129
41 90 0.176
41 45 0.157
41 46 0.106
41 48 0.156
41 50 0.102
41 51 0.2
41 60 0.114
41 67 0.179
41 68 0.195
41 77 0.147
41 84 0.099
41 87 0.142
41 93 0.195
41 97 0.13
42 81 1
42 51 0.914
42 98 0.949
42 68 0.647
42 59 1
42 77 0.808
42 52 0.938
42 92 0.75
42 70 0.949
42 43 0.851
42 47 0.846
42 91 0.773
42 58 0.172
42 72 0.115
42 78 0.199
42 44 0.167
42 60 0.127
42 88 0.167
42 46 0.206
42 49 0.121
42 63 0.101
42 67 0.191
42 73 0.141
42 79 0.2
42 80 0.189
42 82 0.059
42 84 0.126
42 86 0.141
42 87 0.22
42 96 0.136
42 45 0.13
42 50 0.19
42 53 0.179
42 54 0.134
42 64 0.183
42 74 0.093
42 93 0.165
42 97 0.157
43 73 0.793
43 64 0.594
43 89 0.59
43 83 0.574
43 87 1
43 53 1
43 55 0.916
43 66 0.928
43 78 0.964
43 93 0.512
43 45 0.7
43 95 1
43 70 0.924
43 88 0.22
43 76 0.117
43 61 0.18
43 98 0.21
43 54 0.125
43 82 0.163
43 84 0.091
43 90 0.133
43 92 0.205
43 97 0.139
43 44 0.19
43 46 0.155
43 49 0.145
43 51 0.194
43 65 0.17
43 75 0.158
43 77 0.189
43 81 0.129
43 85 0.181
43 86 0.209
43 91 0.217
44 47 0.924
44 70 0.516
44 66 0.589
44 81 0.836
44 74 0.702
44 55 0.122
44 53 0.137
44 92 0.205
44 57 0.199
44 73 0.176
44 89 0.11
44 49 0.169
44 54 0.118
44 82 0.126
44 48 0.178
44 59 0.221
44 61 0.191
44 64 0.148
44 83 0.133
44 86 0.119
44 88 0.176
44 90 0.142
44 95 0.189
44 96 0.205
44 97 0.176
44 99 0.176
45 47 0.607
45 83 0.521
45 76 0.965
45 97 0.672
45 68 0.669
45 86 0.965
45 52 0.897
45 93 0.893
45 61 0.832
45 46 0.56
45 72 0.557
45 89 0.088
45 54 0.208
45 69 0.177
45 90 0.112
45 95 0.119
45 48 0.103
45 60 0.169
45 78 0.147
45 91 0.173
45 49 0.185
45 53 0.13
45 57 0.12
45 58 0.118
45 63 0.152
45 64 0.124
45 65 0.154
45 70 0.17
45 75 0.159
45 77 0.15
45 80 0.201
45 82 0.172
45 85 0.168
45 87 0.16
45 99 0.158
46 54 1
46 58 0.8
46 52 0.606
46 86 0.687
46 53 0.914
46 65 0.971
46 79 0.986
46 94 0.862
46 89 0.717
46 98 0.648
46 73 0.881
46 91 0.952
46 76 0.722
46 85 0.648
46 83 0.77
46 78 0.607
46 70 0.944
46 97 0.62
46 64 0.239
46 68 0.128
46 55 0.162
46 61 0.22
46 74 0.158
46 81 0.16
46 87 0.174
46 50 0.138
46 56 0.111
46 57 0.218
46 59 0.143
46 69 0.15
46 75 0.168
46 77 0.043
46 88 0.099
46 95 0.184
46 96 0.149
47 87 0.696
47 49 0.582
47 58 0.76
47 75 0.826
47 82 0.918
47 85 0.831
47 86 0.825
47 52 0.669
47 78 0.146
47 66 0.137
47 93 0.156
47 50 0.165
47 51 0.118
47 53 0.146
47 61 0.328
47 62 0.156
47 67 0.223
47 71 0.132
47 79 0.14
47 90 0.203
47 95 0.174
47 48 0.139
47 54 0.152
47 65 0.192
47 77 0.156
47 89 0.187
47 97 0.153
48 66 0.818
48 85 0.718
48 58 1
48 71 0.837
48 78 1
48 79 1
48 65 0.787
48 95 0.787
48 99 0.952
48 83 0.837
48 51 0.956
48 61 0.737
48 64 0.895
48 69 0.568
48 53 0.236
48 92 0.042
48 60 0.076
48 70 0.17
48 75 0.146
48 98 0.149
48 50 0.179
48 54 0.041
48 57 0.164
48 74 0.169
48 76 0.201
48 80 0.122
48 87 0.178
48 96 0.119
48 97 0.161
48 55 0.205
48 56 0.151
48 62 0.187
48 67 0.132
48 72 0.17
48 90 0.124
48 93 0.203
48 94 0.123
49 97 0.71
49 69 0.587
49 54 0.961
49 70 0.678
49 62 1
49 67 0.799
49 99 0.938
49 79 0.928
49 95 0.867
49 89 0.188
49 57 0.164
49 74 0.115
49 76 0.095
49 53 0.145
49 60 0.147
49 63 0.182
49 65 0.022
49 71 0.179
49 73 0.139
49 85 0.144
49 94 0.143
49 56 0.168
49 64 0.153
49 75 0.185
49 78 0.126
49 80 0.168
49 82 0.217
49 83 0.161
49 87 0.117
49 90 0.138
50 94 1
50 77 1
50 95 0.882
50 65 0.721
50 71 0.829
50 73 0.726
50 87 0.728
50 97 0.13
50 55 0.156
50 91 0.165
50 68 0.161
50 78 0.125
50 52 0.197
50 53 0.056
50 61 0.144
50 64 0.21
50 69 0.121
50 99 0.182
50 56 0.175
50 58 0.144
50 62 0.111
50 63 0.135
50 70 0.196
50 82 0.128
50 84 0.137
50 85 0.104
50 88 0.211
50 93 0.132
50 96 0.124
50 98 0.136
51 87 0.977
51 94 0.825
51 67 0.786
51 72 1
51 59 1
51 53 0.843
51 57 0.803
51 52 0.853
51 88 0.9
51 64 0.697
51 91 0.537
51 85 1
51 78 0.806
51 63 0.196
51 95 0.18
51 96 0.169
51 54 0.134
51 55 0.191
51 61 0.134
51 62 0.133
51 65 0.15
51 66 0.144
51 68 0.114
51 70 0.144
51 89 0.126
51 90 0.127
51 93 0.134
51 99 0.204
52 93 0.549
52 72 1
52 67 0.772
52 87 1
52 82 0.802
52 62 0.821
52 59 0.856
52 73 0.139
52 76 0.156
52 84 0.17
52 85 0.104
52 91 0.176
52 95 0.164
52 56 0.218
52 61 0.133
52 81 0.13
52 53 0.185
52 55 0.161
52 57 0.153
52 65 0.163
52 66 0.128
52 71 0.151
52 83 0.161
52 90 0.136
52 98 0.169
53 85 0.954
53 81 0.785
53 84 0.718
53 55 1
53 63 0.997
53 75 0.614
53 93 0.503
53 60 0.139
53 58 0.033
53 71 0.114
53 79 0.13
53 56 0.246
53 67 0.137
53 73 0.006
53 89 0.093
53 54 0.176
53 78 0.173
53 82 0.121
53 95 0.121
53 61 0.182
53 62 0.158
53 68 0.115
53 72 0.135
53 77 0.137
53 87 0.143
53 88 0.147
53 90 0.177
53 91 0.199
54 61 0.788
54 87 0.839
54 92 0.761
54 71 0.889
54 56 0.685
54 85 1
54 99 0.882
54 90 0.976
54 69 0.691
54 97 0.922
54 70 0.822
54 88 0.725
54 83 1
54 98 1
54 55 0.33
54 72 0.027
54 78 0.165
54 57 0.143
54 68 0.203
54 74 0.205
54 75 0.226
54 77 0.152
54 89 0.187
54 96 0.167
54 60 0.153
54 64 0.15
54 67 0.156
54 73 0.175
54 79 0.173
54 82 0.156
54 86 0.136
54 93 0.152
55 66 0.88
55 85 0.684
55 61 1
55 69 0.824
55 64 0.792
55 97 0.991
55 62 0.888
55 83 0.945
55 65 0.746
55 67 0.62
55 76 0.553
55 96 0.835
55 92 0.106
55 99 0.177
55 56 0.293
55 84 0.178
55 93 0.198
55 63 0.09
55 75 0.112
55 87 0.196
55 89 0.176
55 90 0.185
55 98 0.128
55 57 0.194
55 59 0.189
55 70 0.135
55 72 0.156
55 77 0.165
55 78 0.142
55 79 0.186
55 80 0.174
55 82 0.123
55 91 0.193
55 94 0.169
56 94 0.71
56 96 0.571
56 85 0.83
56 58 1
56 80 0.677
56 90 0.832
56 68 0.827
56 79 0.902
56 99 0.853
56 78 1
56 64 0.015
56 65 0.188
56 74 0.559
56 83 0.158
56 57 0.069
56 73 0.182
56 75 0.137
56 86 0.208
56 97 0.159
56 66 0.089
56 88 0.224
56 61 0.226
56 67 0.153
56 71 0.173
56 82 0.172
57 65 1
57 89 1
57 80 1
57 85 0.86
57 87 0.115
57 90 0.077
57 75 0.179
57 62 0.101
57 76 0.36
57 93 0.121
57 67 0.128
57 94 0.158
57 95 0.297
57 59 0.103
57 69 0.12
57 70 0.191
57 77 0.144
57 79 0.12
57 86 0.189
57 66 0.158
57 71 0.221
57 82 0.141
57 88 0.124
57 97 0.18
57 98 0.104
58 59 0.531
58 64 1
58 87 0.936
58 60 0.706
58 63 0.755
58 96 0.82
58 68 0.691
58 75 0.183
58 66 0.181
58 77 0.191
58 79 0.23
58 82 0.187
58 97 0.142
58 67 0.174
58 70 0.189
58 71 0.117
58 74 0.098
58 88 0.152
58 89 0.171
58 90 0.131
58 92 0.114
58 95 0.13
59 76 0.805
59 96 1
59 63 0.661
59 70 0.835
59 78 0.83
59 69 0.863
59 93 0.071
59 79 0.429
59 68 0.197
59 89 0.184
59 81 0.01
59 84 0.269
59 86 0.15
59 60 0.145
59 66 0.082
59 72 0.143
59 90 0.203
59 97 0.106
59 61 0.129
59 65 0.145
59 80 0.122
59 88 0.2
59 91 0.135
59 95 0.132
60 74 0.864
60 71 0.659
60 77 0.776
60 73 0.807
60 82 0.618
60 75 0.825
60 81 0.791
60 72 0.935
60 83 0.707
60 92 0.801
60 67 0.225
60 62 0.128
60 65 0.129
60 89 0.052
60 78 0.149
60 79 0.146
60 61 0.106
60 66 0.148
60 69 0.193
60 80 0.131
60 84 0.167
60 85 0.148
60 86 0.096
60 87 0.054
60 94 0.162
61 63 0.929
61 64 0.721
61 88 0.725
61 95 1
61 85 0.732
61 84 0.951
61 66 0.819
61 79 0.51
61 62 0.971
61 75 0.813
61 68 0.019
61 76 0.137
61 80 0.116
61 99 0.147
61 65 0.163
61 71 0.207
61 72 0.1
61 73 0.196
61 90 0.16
61 94 0.216
61 97 0.153
62 89 0.594
62 74 0.54
62 91 0.761
62 73 0.608
62 68 0.546
62 90 1
62 80 0.732
62 87 0.941
62 67 0.274
62 69 0.134
62 63 0.19
62 70 0.133
62 98 0.12
62 64 0.188
62 65 0.163
62 66 0.131
62 72 0.145
62 75 0.119
62 76 0.209
62 77 0.19
62 79 0.176
62 85 0.125
62 92 0.211
62 93 0.169
62 94 0.133
62 99 0.149
63 76 0.796
63 72 0.996
63 68 0.984
63 89 1
63 66 0.605
63 86 0.776
63 97 0.843
63 73 0.975
63 88 1
63 74 1
63 70 0.096
63 82 0.177
63 85 0.134
63 71 0.158
63 77 0.145
63 80 0.166
63 94 0.174
63 64 0.108
63 69 0.092
63 79 0.148
63 81 0.148
63 83 0.161
63 90 0.126
63 91 0.104
63 92 0.095
63 99 0.145
64 90 1
64 88 0.798
64 85 0.811
64 81 0.699
64 87 0.981
64 99 0.005
64 78 0.173
64 80 0.186
64 76 0.158
64 65 0.183
64 83 0.155
64 95 0.183
64 66 0.251
64 68 0.194
64 75 0.15
64 98 0.142
64 67 0.109
64 70 0.109
64 71 0.132
64 72 0.167
64 73 0.141
64 92 0.151
64 93 0.118
65 76 1
65 69 0.609
65 71 0.768
65 68 0.125
65 90 0.105
65 94 0.13
65 98 0.324
65 66 0.106
65 77 0.115
65 82 0.108
65 87 0.13
65 89 0.279
65 72 0.178
65 74 0.119
65 83 0.116
65 84 0.122
65 85 0.15
65 91 0.102
65 92 0.205
65 95 0.195
65 97 0.118
66 86 1
66 88 0.787
66 73 0.722
66 84 0.711
66 87 0.895
66 80 0.876
66 67 0.08
66 71 0.026
66 74 0.132
66 76 0.178
66 77 0.115
66 90 0.149
66 69 0.12
66 78 0.112
66 97 0.108
66 99 0.105
66 75 0.187
66 81 0.146
66 82 0.195
66 83 0.125
66 98 0.189
67 82 0.921
67 91 0.83
67 71 0.751
67 88 0.528
67 86 1
67 95 0.833
67 85 0.152
67 87 0.09
67 92 0.167
67 97 0.09
67 69 0.156
67 73 0.195
67 74 0.103
67 78 0.366
67 81 0.136
67 84 0.18
67 89 0.184
67 90 0.135
67 93 0.128
67 99 0.179
67 68 0.121
67 75 0.175
67 80 0.192
67 94 0.139
67 96 0.135
67 98 0.197
68 73 1
68 78 0.681
68 99 0.755
68 87 0.397
68 80 0.792
68 88 0.214
68 69 0.159
68 77 0.172
68 91 0.125
68 95 0.184
68 74 0.053
68 81 0.223
68 92 0.185
68 93 0.136
68 94 0.123
69 78 0.579
69 90 0.551
69 97 0.902
69 86 0.768
69 92 0.989
69 83 1
69 84 0.799
69 75 0.12
69 77 0.357
69 72 0.138
69 70 0.143
69 71 0.135
69 73 0.08
69 74 0.149
69 76 0.202
69 81 0.176
69 87 0.124
69 93 0.151
69 94 0.127
69 96 0.17
70 87 0.519
70 74 0.669
70 75 0.543
70 76 1
70 82 0.705
70 98 0.649
70 80 0.85
70 97 0.623
70 90 0.534
70 73 0.162
70 78 0.123
70 88 0.09
70 91 0.116
70 96 0.148
70 72 0.138
70 77 0.171
70 79 0.142
70 83 0.124
70 84 0.158
70 89 0.202
70 94 0.126
71 75 0.556
71 83 0.83
71 85 0.45
71 80 0.918
71 92 0.646
71 94 0.699
71 77 0.725
71 73 0.766
71 95 0.63
71 89 1
71 87 0.907
71 82 0.309
71 99 0.084
71 78 0.221
71 88 0.117
71 97 0.119
71 98 0.198
71 72 0.132
71 74 0.157
71 79 0.249
71 90 0.171
72 82 0.903
72 99 0.972
72 89 0.765
72 91 0.919
72 90 0.623
72 97 0.742
72 73 0.049
72 78 0.157
72 85 0.003
72 96 0.138
72 75 0.134
72 77 0.098
72 79 0.179
72 80 0.155
72 84 0.179
72 95 0.141
73 81 0.697
73 74 0.532
73 77 0.972
73 78 0.269
73 86 0.177
73 90 0.138
73 76 0.138
73 82 0.229
73 83 0.144
73 87 0.08
73 92 0.132
73 94 0.114
73 84 0.14
73 85 0.209
73 97 0.174
74 90 0.859
74 82 1
74 91 0.772
74 93 0.992
74 85 0.382
74 84 0.137
74 98 0.197
74 80 0.082
74 79 0.196
74 81 0.164
74 94 0.095
74 99 0.197
74 86 0.161
74 92 0.103
75 94 0.728
75 96 0.691
75 95 0.678
75 85 0.591
75 79 0.917
75 82 0.635
75 83 1
75 91 0.137
75 98 0.255
75 99 0.171
75 89 0.123
75 92 0.195
75 77 0.112
75 86 0.113
75 97 0.169
76 80 0.899
76 92 0.565
76 95 0.652
76 99 0.681
76 93 0.895
76 77 0.096
76 81 0.159
76 86 0.133
76 87 0.079
76 91 0.089
76 79 0.162
76 85 0.108
76 88 0.126
76 89 0.137
76 96 0.142
76 97 0.17
77 81 0.905
77 91 0.904
77 95 0.097
77 80 0.224
77 83 0.149
77 86 0.151
77 92 0.153
77 97 0.123
77 78 0.164
77 82 0.09
77 96 0.114
77 98 0.108
78 79 1
78 93 0.776
78 84 0.592
78 88 0.978
78 85 0.954
78 97 0.958
78 99 0.787
78 87 0.834
78 86 0.162
78 81 0.107
78 92 0.176
78 80 0.14
78 82 0.17
78 83 0.208
78 91 0.19
78 96 0.124
79 97 0.644
79 90 0.733
79 85 0.422
79 81 0.844
79 91 0.382
79 80 0.196
79 86 0.119
79 99 0.204
79 95 0.126
79 83 0.129
79 84 0.151
79 87 0.156
79 88 0.158
79 96 0.108
80 98 0.634
80 92 1
80 85 0.83
80 88 0.201
80 95 0.134
80 86 0.146
80 87 0.131
80 93 0.203
80 94 0.116
80 96 0.162
81 97 0.907
81 88 0.989
81 82 0.611
81 99 0.781
81 84 0.108
81 86 0.051
81 90 0.118
81 92 0.123
81 95 0.079
81 83 0.165
81 87 0.144
82 93 0.955
82 92 1
82 97 0.067
82 86 0.176
82 94 0.158
82 95 0.136
82 98 0.19
82 83 0.119
82 84 0.171
83 95 0.857
83 96 0.686
83 93 1
83 94 0.739
83 86 0.95
83 99 0.131
83 87 0.182
83 88 0.127
83 85 0.162
83 89 0.181
84 94 0.883
84 91 0.816
84 85 0.581
84 88 0.624
84 99 0.087
84 96 0.139
84 87 0.141
84 90 0.199
84 92 0.138
84 97 0.087
85 90 0.715
85 89 0.999
85 95 0.175
85 86 0.179
85 87 0.141
85 97 0.14
85 92 0.162
85 98 0.102
85 99 0.144
86 90 0.934
86 99 0.932
86 97 0.099
86 98 0.143
86 88 0.183
86 91 0.171
86 94 0.11
86 87 0.174
86 89 0.176
86 95 0.15
87 95 0.842
87 93 0.945
87 89 0.627
87 91 0.956
87 94 0.175
87 92 0.117
87 96 0.155
88 94 1
88 99 0.118
88 96 0.095
88 91 0.135
88 92 0.16
88 97 0.141
88 98 0.152
89 98 0.978
89 99 0.67
89 96 0.974
89 93 0.93
89 91 0.158
89 92 0.183
89 97 0.131
90 95 1
90 99 0.849
90 96 0.199
90 98 0.146
90 91 0.187
90 92 0.222
90 93 0.167
91 95 0.12
91 94 0.148
91 99 0.073
91 93 0.138
91 96 0.147
91 97 0.147
92 99 0.542
92 94 0.406
92 98 0.199
92 97 0.185
93 94 0.143
93 95 0.187
94 99 0.595
94 96 0.567
94 97 0.178
94 95 0.148
95 98 0.697
95 97 0.956
96 97 0.141
96 98 0.17
96 99 0.197
97 98 0.137
97 99 0.157
98 99 0.18
