0 85 0.557
0 26 0.894
0 64 0.998
0 96 0.644
0 57 0.996
0 76 0.983
0 86 1
0 49 0.612
0 38 0.93
0 78 1
0 84 0.501
0 46 0.889
0 68 0.842
0 79 0.974
0 97 0.893
0 53 0.651
0 15 0.93
0 66 0.956
0 33 0.613
0 91 0.633
0 55 0.822
0 12 0.843
0 22 0.667
0 95 0.642
0 28 0.864
0 65 0.154
0 11 0.047
0 98 0.178
0 4 0.156
0 50 0.159
0 73 0.214
0 77 0.128
0 19 0.058
0 23 0.163
0 29 0.163
0 36 0.126
0 37 0.12
0 43 0.18
0 45 0.086
0 52 0.112
0 1 0.141
0 3 0.142
0 6 0.108
0 8 0.137
0 13 0.144
0 17 0.243
0 18 0.133
0 20 0.158
0 31 0.134
0 40 0.138
0 48 0.204
0 62 0.176
0 67 0.172
0 69 0.043
0 70 0.146
0 74 0.145
0 75 0.12
0 83 0.162
0 88 0.153
0 89 0.221
0 92 0.131
1 49 0.55
1 18 0.527
1 91 0.662
1 96 0.962
1 5 0.985
1 78 1
1 79 0.779
1 99 0.928
1 61 0.577
1 43 1
1 14 0.685
1 47 0.806
1 88 0.775
1 71 0.885
1 70 0.757
1 23 0.606
1 25 0.87
1 9 0.52
1 75 0.92
1 72 0.862
1 6 0.94
1 31 0.926
1 95 0.999
1 90 0.721
1 41 0.85
1 85 0.976
1 34 1
1 19 0.991
1 98 0.928
1 67 1
1 16 0.648
1 36 0.845
1 50 0.913
1 27 0.232
1 92 0.062
1 2 0.183
1 13 0.1
1 26 0.106
1 33 0.108
1 63 0.247
1 66 0.134
1 69 0.065
1 3 0.151
1 4 0.078
1 68 0.198
1 81 0.335
1 97 0.157
1 8 0.121
1 10 0.113
1 17 0.203
1 20 0.112
1 29 0.163
1 37 0.104
1 45 0.141
1 48 0.179
1 51 0.165
1 60 0.182
1 62 0.136
1 77 0.145
1 84 0.168
1 89 0.154
1 93 0.155
2 43 0.918
2 34 0.895
2 44 0.946
2 67 0.942
2 96 0.916
2 89 0.822
2 47 0.699
2 23 0.611
2 12 0.811
2 39 0.59
2 62 0.881
2 56 1
2 80 0.928
2 9 0.724
2 83 0.861
2 91 0.684
2 55 1
2 38 0.987
2 7 0.599
2 98 0.8
2 90 0.124
2 8 0.122
2 14 0.241
2 22 0.151
2 52 0.133
2 40 0.137
2 46 0.113
2 66 0.14
2 20 0.149
2 28 0.245
2 29 0.182
2 61 0.063
2 82 0.235
2 94 0.121
2 3 0.118
2 4 0.112
2 6 0.169
2 10 0.131
2 18 0.171
2 19 0.181
2 24 0.16
2 25 0.188
2 27 0.145
2 31 0.172
2 32 0.17
2 41 0.132
2 49 0.189
2 50 0.169
2 51 0.098
2 64 0.19
2 71 0.151
2 74 0.109
2 78 0.223
2 84 0.142
2 85 0.193
2 87 0.149
2 92 0.172
3 15 1
3 41 0.674
3 93 0.926
3 27 0.861
3 10 0.589
3 49 0.98
3 50 0.684
3 59 0.606
3 57 0.969
3 46 0.911
3 33 1
3 76 0.76
3 24 0.988
3 26 0.854
3 9 1
3 19 0.732
3 60 1
3 68 0.075
3 13 0.508
3 5 0.171
3 7 0.061
3 43 0.064
3 97 0.23
3 8 0.166
3 52 0.181
3 67 0.139
3 69 0.037
3 29 0.173
3 30 0.171
3 32 0.176
3 70 0.129
3 78 0.182
3 81 0.299
3 11 0.157
3 20 0.122
3 25 0.184
3 40 0.131
3 44 0.156
3 45 0.174
3 62 0.162
3 64 0.153
3 72 0.172
3 74 0.15
3 77 0.15
3 80 0.217
3 87 0.186
3 99 0.315
3 6 0.132
3 17 0.129
3 22 0.183
3 31 0.139
3 35 0.134
3 36 0.151
3 37 0.077
3 38 0.134
3 53 0.115
3 54 0.171
3 56 0.14
3 63 0.201
3 65 0.134
3 73 0.155
3 83 0.175
3 85 0.13
3 90 0.186
3 92 0.148
3 94 0.11
3 95 0.174
4 40 1
4 10 0.866
4 15 0.673
4 65 1
4 56 0.599
4 52 0.87
4 59 0.743
4 45 0.905
4 48 0.794
4 31 1
4 39 0.828
4 24 1
4 70 0.584
4 11 0.705
4 33 0.887
4 49 0.851
4 86 0.794
4 85 0.33
4 43 0.54
4 21 0.231
4 30 0.249
4 5 0.045
4 73 0.225
4 12 0.116
4 42 0.132
4 51 0.253
4 58 0.103
4 64 0.205
4 77 0.296
4 25 0.279
4 32 0.15
4 62 0.163
4 63 0.164
4 67 0.031
4 71 0.131
4 74 0.271
4 79 0.161
4 81 0.127
4 82 0.377
4 7 0.125
4 14 0.145
4 16 0.153
4 19 0.15
4 20 0.116
4 23 0.141
4 26 0.178
4 27 0.147
4 37 0.138
4 47 0.144
4 50 0.121
4 54 0.177
4 57 0.126
4 60 0.196
4 75 0.104
4 78 0.134
4 83 0.157
4 84 0.11
4 87 0.162
4 88 0.139
4 89 0.191
4 90 0.157
4 91 0.119
4 92 0.185
4 94 0.168
5 30 0.946
5 32 0.39
5 69 1
5 40 0.741
5 59 0.755
5 25 0.85
5 43 0.68
5 11 0.902
5 31 1
5 92 0.843
5 7 0.936
5 99 0.774
5 47 0.967
5 95 1
5 64 0.893
5 83 0.841
5 27 0.734
5 49 0.699
5 68 0.613
5 96 0.999
5 44 0.536
5 93 0.244
5 15 0.118
5 6 0.116
5 21 0.163
5 63 0.055
5 10 0.195
5 12 0.16
5 53 0.006
5 72 0.133
5 14 0.133
5 33 0.161
5 37 0.124
5 41 0.256
5 42 0.156
5 45 0.129
5 52 0.227
5 70 0.18
5 71 0.059
5 81 0.346
5 87 0.134
5 94 0.227
5 9 0.138
5 23 0.177
5 28 0.134
5 39 0.161
5 46 0.181
5 48 0.138
5 51 0.134
5 55 0.196
5 60 0.177
5 61 0.162
5 73 0.141
5 74 0.116
5 75 0.16
5 76 0.122
5 85 0.111
5 86 0.125
5 88 0.154
5 97 0.117
6 89 0.901
6 43 0.689
6 90 0.595
6 45 1
6 55 0.727
6 58 0.517
6 76 0.798
6 87 1
6 19 0.878
6 49 0.754
6 42 0.823
6 56 0.743
6 14 0.738
6 74 1
6 9 0.922
6 65 1
6 61 0.729
6 64 0.342
6 35 0.138
6 37 0.143
6 57 0.175
6 21 0.16
6 36 0.153
6 38 0.064
6 96 0.125
6 11 0.133
6 13 0.124
6 22 0.109
6 25 0.206
6 27 0.179
6 33 0.225
6 52 0.158
6 85 0.164
6 91 0.129
6 94 0.336
6 7 0.181
6 10 0.153
6 12 0.167
6 15 0.177
6 16 0.133
6 18 0.119
6 20 0.171
6 24 0.158
6 26 0.125
6 28 0.16
6 31 0.182
6 32 0.129
6 40 0.116
6 46 0.139
6 47 0.149
6 48 0.16
6 50 0.149
6 53 0.108
6 59 0.112
6 60 0.2
6 62 0.138
6 69 0.185
6 70 0.132
6 71 0.167
6 72 0.197
6 73 0.172
6 84 0.229
6 86 0.121
6 92 0.136
6 98 0.089
6 99 0.145
7 23 0.983
7 78 0.993
7 13 0.756
7 92 0.819
7 90 0.528
7 91 0.805
7 18 0.948
7 67 0.651
7 83 0.898
7 21 0.883
7 29 0.639
7 80 0.61
7 94 0.964
7 86 0.937
7 55 0.668
7 84 0.528
7 96 0.112
7 43 0.138
7 10 0.179
7 19 0.039
7 37 0.013
7 49 0.164
7 62 0.185
7 74 0.242
7 82 0.199
7 85 0.228
7 9 0.198
7 22 0.111
7 41 0.219
7 47 0.331
7 64 0.104
7 66 0.29
7 73 0.119
7 79 0.22
7 11 0.136
7 14 0.148
7 20 0.138
7 24 0.131
7 33 0.179
7 34 0.153
7 35 0.167
7 36 0.177
7 42 0.183
7 44 0.119
7 45 0.171
7 50 0.19
7 51 0.157
7 53 0.1
7 54 0.196
7 58 0.098
7 61 0.166
7 68 0.158
7 71 0.153
7 72 0.162
7 76 0.205
7 81 0.191
7 87 0.125
7 89 0.147
7 93 0.115
8 39 0.664
8 32 0.72
8 97 0.548
8 25 0.974
8 88 0.786
8 33 0.756
8 76 0.808
8 13 0.743
8 54 0.571
8 27 0.84
8 93 0.934
8 90 0.811
8 46 0.973
8 49 0.665
8 79 0.711
8 45 0.925
8 38 0.503
8 17 0.712
8 48 0.794
8 51 0.369
8 24 0.104
8 59 0.259
8 18 0.136
8 70 0.272
8 23 0.206
8 36 0.13
8 66 0.124
8 72 0.151
8 73 0.128
8 10 0.173
8 11 0.161
8 19 0.123
8 34 0.166
8 41 0.013
8 43 0.15
8 56 0.121
8 58 0.21
8 61 0.275
8 68 0.142
8 75 0.191
8 77 0.157
8 81 0.149
8 83 0.12
8 98 0.146
8 9 0.145
8 12 0.142
8 21 0.174
8 28 0.128
8 35 0.188
8 37 0.111
8 47 0.139
8 55 0.161
8 62 0.137
8 63 0.202
8 64 0.102
8 65 0.174
8 67 0.108
8 69 0.086
8 82 0.191
8 84 0.147
8 87 0.135
8 92 0.153
8 96 0.21
8 99 0.183
9 56 1
9 39 0.896
9 32 1
9 71 0.975
9 27 0.68
9 74 0.988
9 38 0.635
9 85 0.667
9 55 0.883
9 96 0.663
9 99 0.78
9 35 0.547
9 82 0.711
9 52 0.775
9 11 0.772
9 21 0.895
9 54 0.884
9 10 0.673
9 77 0.555
9 84 0.026
9 26 0.148
9 60 0.162
9 18 0.226
9 20 0.196
9 48 0.159
9 81 0.09
9 14 0.22
9 24 0.155
9 43 0.049
9 46 0.138
9 50 0.092
9 51 0.195
9 62 0.115
9 79 0.164
9 90 0.204
9 15 0.133
9 19 0.14
9 25 0.165
9 28 0.165
9 33 0.117
9 42 0.19
9 47 0.146
9 49 0.072
9 53 0.208
9 59 0.158
9 63 0.146
9 64 0.165
9 67 0.169
9 68 0.136
9 72 0.17
9 73 0.182
9 76 0.095
9 80 0.124
9 86 0.152
9 87 0.141
9 88 0.103
9 91 0.156
10 53 0.901
10 46 0.946
10 60 1
10 26 0.609
10 66 0.688
10 76 0.66
10 19 0.899
10 28 0.76
10 13 0.606
10 39 0.948
10 52 0.89
10 90 1
10 67 0.586
10 15 0.612
10 99 0.853
10 11 0.974
10 81 0.83
10 68 1
10 64 0.661
10 20 0.741
10 77 0.437
10 21 0.046
10 43 0.073
10 75 0.149
10 98 0.16
10 55 0.23
10 35 0.343
10 48 0.119
10 57 0.119
10 17 0.317
10 18 0.183
10 58 0.155
10 59 0.159
10 69 0.191
10 83 0.159
10 88 0.149
10 14 0.178
10 22 0.146
10 25 0.124
10 27 0.131
10 30 0.194
10 32 0.154
10 33 0.124
10 37 0.119
10 38 0.155
10 41 0.125
10 47 0.146
10 51 0.146
10 54 0.112
10 61 0.172
10 71 0.157
10 73 0.157
10 80 0.174
10 82 0.166
10 84 0.187
10 87 0.079
10 96 0.14
11 44 1
11 45 1
11 21 0.785
11 92 0.788
11 61 0.995
11 71 0.674
11 83 1
11 26 0.565
11 78 0.923
11 97 0.85
11 85 0.576
11 91 0.528
11 59 0.816
11 81 0.519
11 48 1
11 93 0.085
11 54 0.114
11 57 0.141
11 76 0.143
11 98 0.088
11 13 0.048
11 14 0.193
11 24 0.152
11 25 0.248
11 27 0.336
11 32 0.145
11 47 0.113
11 50 0.102
11 51 0.003
11 52 0.224
11 53 0.115
11 55 0.156
11 63 0.185
11 68 0.134
11 79 0.161
11 82 0.122
11 87 0.126
11 94 0.136
11 12 0.169
11 19 0.132
11 20 0.131
11 23 0.116
11 28 0.145
11 35 0.112
11 38 0.122
11 56 0.159
11 60 0.115
11 62 0.161
11 72 0.19
11 73 0.164
11 74 0.088
11 77 0.148
11 88 0.166
11 90 0.174
11 96 0.156
11 99 0.139
12 90 0.983
12 53 0.858
12 14 0.89
12 47 0.622
12 50 0.665
12 71 0.976
12 23 0.798
12 40 0.845
12 85 0.899
12 54 0.919
12 51 0.815
12 75 0.821
12 42 0.948
12 29 0.677
12 87 1
12 61 1
12 60 0.532
12 38 0.626
12 41 0.173
12 26 0.177
12 96 0.176
12 44 0.457
12 17 0.13
12 18 0.148
12 52 0.148
12 76 0.159
12 19 0.077
12 25 0.141
12 34 0.003
12 39 0.14
12 46 0.129
12 48 0.199
12 59 0.122
12 72 0.153
12 73 0.092
12 79 0.127
12 80 0.128
12 92 0.132
12 13 0.16
12 15 0.142
12 16 0.127
12 22 0.156
12 33 0.14
12 49 0.146
12 55 0.133
12 56 0.147
12 63 0.039
12 66 0.13
12 68 0.124
12 70 0.177
12 78 0.136
12 83 0.177
12 93 0.179
12 94 0.146
13 40 0.809
13 57 0.663
13 89 0.773
13 41 0.879
13 37 0.59
13 56 0.887
13 86 0.791
13 88 0.957
13 66 0.592
13 78 0.85
13 87 1
13 91 0.979
13 39 0.905
13 22 0.683
13 38 0.2
13 97 0.048
13 16 0.254
13 52 0.273
13 93 0.132
13 24 0.169
13 47 0.171
13 48 0.159
13 96 0.13
13 15 0.131
13 18 0.1
13 25 0.169
13 31 0.167
13 44 0.138
13 49 0.127
13 50 0.099
13 60 0.064
13 64 0.094
13 65 0.164
13 67 0.137
13 69 0.052
13 74 0.146
13 82 0.14
13 95 0.022
13 98 0.142
13 19 0.119
13 27 0.154
13 30 0.181
13 45 0.152
13 46 0.163
13 53 0.131
13 54 0.164
13 55 0.109
13 58 0.137
13 59 0.194
13 62 0.199
13 70 0.134
13 73 0.163
13 80 0.17
13 81 0.143
13 84 0.136
13 85 0.166
13 94 0.192
14 40 1
14 68 0.966
14 78 0.797
14 25 0.813
14 51 0.928
14 86 0.543
14 71 0.773
14 85 1
14 22 0.902
14 54 0.753
14 41 0.782
14 46 0.689
14 28 0.653
14 77 0.66
14 53 0.666
14 82 0.943
14 36 0.866
14 92 0.759
14 83 0.855
14 56 0.218
14 49 0.182
14 95 0.034
14 96 0.08
14 29 0.123
14 31 0.348
14 44 0.058
14 97 0.043
14 17 0.145
14 37 0.193
14 61 0.226
14 63 0.167
14 87 0.18
14 19 0.375
14 26 0.18
14 32 0.146
14 42 0.135
14 45 0.114
14 57 0.113
14 73 0.167
14 76 0.117
14 80 0.019
14 98 0.165
14 23 0.147
14 27 0.154
14 33 0.176
14 34 0.145
14 48 0.15
14 50 0.211
14 58 0.126
14 59 0.176
14 60 0.112
14 62 0.125
14 66 0.173
14 67 0.146
14 81 0.135
14 84 0.072
14 88 0.142
14 91 0.147
14 93 0.115
14 99 0.177
15 45 0.997
15 79 0.861
15 59 0.903
15 99 0.9
15 38 0.619
15 40 1
15 63 0.626
15 30 0.683
15 92 0.776
15 82 0.607
15 58 0.825
15 70 0.866
15 60 1
15 26 0.291
15 47 0.326
15 83 0.117
15 86 0.447
15 53 0.218
15 56 0.151
15 19 0.066
15 35 0.003
15 52 0.099
15 73 0.134
15 88 0.201
15 29 0.143
15 34 0.202
15 36 0.136
15 39 0.123
15 48 0.136
15 50 0.212
15 51 0.015
15 55 0.265
15 57 0.131
15 72 0.23
15 77 0.239
15 93 0.154
15 95 0.137
15 96 0.156
15 17 0.155
15 22 0.106
15 28 0.093
15 32 0.164
15 37 0.172
15 41 0.121
15 44 0.199
15 46 0.161
15 68 0.201
15 71 0.105
15 74 0.076
15 76 0.196
15 78 0.153
15 80 0.178
15 85 0.123
15 87 0.119
15 89 0.131
15 94 0.173
15 97 0.137
16 83 0.52
16 79 0.72
16 49 1
16 63 1
16 33 1
16 62 0.707
16 56 1
16 31 0.726
16 36 0.879
16 32 0.654
16 85 1
16 67 0.817
16 50 0.832
16 47 0.082
16 84 0.09
16 71 0.241
16 72 0.11
16 76 0.077
16 21 0.094
16 26 0.159
16 29 0.148
16 35 0.216
16 51 0.132
16 94 0.16
16 20 0.155
16 25 0.19
16 37 0.256
16 39 0.126
16 45 0.188
16 60 0.176
16 66 0.305
16 69 0.057
16 73 0.163
16 88 0.159
16 17 0.048
16 18 0.142
16 24 0.18
16 38 0.182
16 40 0.129
16 41 0.139
16 44 0.121
16 58 0.109
16 61 0.146
16 74 0.197
16 77 0.149
16 80 0.15
16 86 0.13
16 87 0.198
16 89 0.132
16 91 0.125
16 92 0.204
16 93 0.187
17 18 1
17 79 1
17 51 0.979
17 31 0.223
17 62 0.551
17 46 1
17 59 0.851
17 48 0.635
17 57 1
17 78 0.811
17 91 0.857
17 89 0.906
17 63 0.103
17 61 0.228
17 82 0.139
17 32 0.114
17 70 0.157
17 71 0.135
17 74 0.232
17 96 0.142
17 97 0.194
17 20 0.228
17 36 0.143
17 43 0.09
17 55 0.202
17 72 0.172
17 76 0.151
17 84 0.142
17 98 0.123
17 22 0.173
17 23 0.128
17 26 0.204
17 27 0.185
17 28 0.096
17 29 0.098
17 33 0.156
17 35 0.157
17 38 0.152
17 41 0.165
17 42 0.167
17 45 0.089
17 52 0.113
17 53 0.141
17 64 0.133
17 69 0.159
17 73 0.077
17 75 0.128
17 80 0.166
17 81 0.174
17 86 0.137
17 90 0.137
17 99 0.148
18 46 0.681
18 52 0.72
18 71 0.994
18 87 0.889
18 81 0.854
18 24 0.916
18 31 0.649
18 89 0.902
18 29 0.712
18 90 1
18 57 0.988
18 63 0.651
18 45 0.895
18 61 0.86
18 88 0.616
18 33 0.772
18 38 0.245
18 34 0.118
18 48 0.194
18 35 0.153
18 85 0.041
18 22 0.073
18 79 0.182
18 82 0.133
18 95 0.155
18 25 0.188
18 41 0.122
18 53 0.244
18 72 0.197
18 73 0.151
18 78 0.162
18 83 0.071
18 99 0.22
18 19 0.156
18 23 0.147
18 26 0.138
18 27 0.172
18 28 0.16
18 39 0.106
18 40 0.171
18 47 0.164
18 49 0.146
18 50 0.167
18 64 0.161
18 67 0.15
18 68 0.161
18 69 0.124
18 70 0.125
18 75 0.158
18 80 0.154
18 84 0.224
18 94 0.188
18 96 0.161
18 97 0.125
19 55 0.917
19 49 0.935
19 82 0.882
19 68 0.928
19 45 0.911
19 63 0.893
19 98 0.943
19 79 0.594
19 56 0.723
19 96 1
19 72 0.781
19 28 1
19 91 0.448
19 22 0.156
19 61 0.17
19 27 0.135
19 89 0.169
19 90 0.094
19 99 0.066
19 20 0.152
19 31 0.218
19 40 0.169
19 51 0.155
19 57 0.253
19 58 0.26
19 65 0.149
19 70 0.181
19 80 0.09
19 92 0.171
19 23 0.164
19 29 0.174
19 36 0.174
19 38 0.058
19 39 0.176
19 43 0.181
19 48 0.182
19 50 0.191
19 52 0.173
19 54 0.166
19 60 0.128
19 66 0.133
19 73 0.179
19 74 0.121
19 76 0.177
19 77 0.144
19 81 0.138
19 84 0.169
19 88 0.119
20 62 0.92
20 76 0.711
20 29 1
20 89 0.766
20 96 0.834
20 56 0.93
20 81 0.672
20 22 0.924
20 51 0.838
20 59 0.911
20 75 1
20 77 0.951
20 23 0.843
20 90 0.612
20 78 0.849
20 79 0.811
20 46 0.684
20 88 0.655
20 30 0.152
20 34 0.161
20 68 0.369
20 92 0.2
20 31 0.2
20 43 0.166
20 49 0.191
20 58 0.223
20 63 0.079
20 69 0.18
20 82 0.374
20 91 0.165
20 93 0.104
20 97 0.204
20 25 0.159
20 27 0.032
20 45 0.155
20 50 0.163
20 60 0.347
20 66 0.19
20 73 0.083
20 86 0.138
20 98 0.141
20 35 0.167
20 36 0.184
20 41 0.152
20 44 0.173
20 53 0.13
20 80 0.145
20 87 0.146
20 99 0.147
21 42 0.672
21 68 0.914
21 63 1
21 74 0.789
21 72 0.923
21 76 1
21 81 1
21 89 1
21 79 1
21 82 0.678
21 97 0.919
21 48 0.585
21 34 1
21 75 0.828
21 29 0.774
21 33 0.846
21 83 1
21 95 0.596
21 80 0.372
21 94 0.129
21 25 0.084
21 44 0.289
21 66 0.198
21 71 0.013
21 84 0.165
21 87 0.131
21 96 0.138
21 22 0.105
21 23 0.161
21 36 0.139
21 37 0.145
21 45 0.13
21 46 0.175
21 50 0.186
21 55 0.135
21 56 0.1
21 62 0.12
21 65 0.114
21 67 0.18
21 69 0.201
21 70 0.083
21 73 0.203
21 78 0.149
21 85 0.172
21 90 0.127
21 91 0.173
21 93 0.136
22 97 0.542
22 67 0.597
22 78 1
22 62 0.953
22 79 0.939
22 43 0.604
22 44 0.703
22 66 0.561
22 96 0.659
22 56 0.558
22 73 0.871
22 25 1
22 57 0.957
22 75 0.958
22 69 0.295
22 29 0.119
22 31 0.386
22 24 0.414
22 26 0.158
22 53 0.084
22 58 0.162
22 95 0.157
22 46 0.125
22 47 0.144
22 49 0.064
22 63 0.214
22 65 0.149
22 82 0.155
22 90 0.157
22 23 0.177
22 33 0.167
22 34 0.166
22 36 0.156
22 41 0.193
22 42 0.152
22 48 0.136
22 59 0.177
22 70 0.187
22 77 0.152
22 80 0.175
22 83 0.124
22 86 0.099
22 87 0.164
22 89 0.162
22 92 0.178
22 93 0.114
23 91 0.752
23 27 0.997
23 43 1
23 47 1
23 77 0.599
23 84 0.948
23 35 0.556
23 57 0.986
23 61 0.617
23 63 0.581
23 34 0.747
23 44 0.052
23 99 0.15
23 51 0.166
23 97 0.191
23 50 0.12
23 52 0.141
23 65 0.132
23 82 0.338
23 24 0.137
23 33 0.137
23 36 0.122
23 39 0.117
23 53 0.186
23 54 0.154
23 58 0.173
23 59 0.166
23 68 0.113
23 79 0.18
23 86 0.188
23 25 0.154
23 28 0.199
23 29 0.181
23 31 0.189
23 32 0.143
23 38 0.211
23 42 0.153
23 49 0.136
23 56 0.124
23 60 0.173
23 62 0.171
23 64 0.176
23 66 0.211
23 67 0.108
23 69 0.126
23 73 0.161
23 75 0.178
23 81 0.178
23 83 0.193
23 90 0.146
23 93 0.162
24 75 0.77
24 45 0.91
24 50 0.686
24 82 1
24 90 0.93
24 66 0.921
24 44 0.462
24 67 0.975
24 38 0.544
24 71 1
24 72 0.925
24 96 0.856
24 62 0.4
24 83 0.136
24 57 0.058
24 60 0.141
24 63 0.384
24 74 0.278
24 94 0.163
24 29 0.152
24 55 0.182
24 59 0.124
24 76 0.146
24 93 0.122
24 26 0.128
24 30 0.142
24 31 0.204
24 34 0.134
24 35 0.138
24 36 0.135
24 47 0.14
24 49 0.167
24 52 0.128
24 56 0.186
24 58 0.179
24 61 0.211
24 64 0.13
24 65 0.136
24 68 0.114
24 69 0.145
24 73 0.158
24 77 0.164
24 79 0.132
24 86 0.087
24 88 0.148
24 89 0.131
24 97 0.164
24 99 0.106
25 61 0.874
25 90 0.667
25 52 1
25 54 1
25 60 0.734
25 83 0.977
25 62 0.948
25 74 0.595
25 91 0.662
25 58 0.625
25 36 0.95
25 42 0.644
25 96 0.875
25 79 0.764
25 38 0.97
25 51 1
25 64 0.84
25 65 1
25 43 0.992
25 33 0.055
25 27 0.056
25 48 0.207
25 82 0.188
25 26 0.133
25 31 0.183
25 59 0.149
25 69 0.069
25 88 0.084
25 32 0.17
25 37 0.184
25 40 0.132
25 49 0.15
25 66 0.075
25 67 0.1
25 73 0.214
25 80 0.179
25 28 0.151
25 30 0.162
25 39 0.119
25 41 0.17
25 50 0.104
25 55 0.143
25 57 0.152
25 68 0.124
25 71 0.172
25 75 0.174
25 76 0.159
25 77 0.098
25 92 0.163
25 93 0.144
25 94 0.168
25 98 0.168
25 99 0.195
26 64 1
26 94 0.965
26 53 0.846
26 57 1
26 69 1
26 82 0.515
26 40 0.763
26 45 0.547
26 52 0.801
26 67 0.751
26 90 0.9
26 39 0.735
26 78 0.24
26 84 0.257
26 89 0.245
26 88 0.098
26 28 0.207
26 38 0.251
26 56 0.203
26 61 0.233
26 76 0.224
26 83 0.122
26 33 0.153
26 41 0.153
26 44 0.135
26 48 0.183
26 79 0.097
26 85 0.192
26 34 0.123
26 35 0.162
26 51 0.165
26 55 0.139
26 58 0.201
26 62 0.127
26 71 0.118
26 72 0.164
26 77 0.156
26 81 0.176
26 86 0.222
26 87 0.162
26 91 0.085
26 95 0.198
26 98 0.133
26 99 0.139
27 51 1
27 71 0.782
27 32 0.884
27 54 0.749
27 85 0.679
27 43 0.864
27 49 0.887
27 74 0.768
27 67 0.874
27 83 0.922
27 37 0.853
27 75 0.707
27 45 0.74
27 65 0.921
27 78 0.24
27 91 0.247
27 69 0.122
27 59 0.222
27 84 0.429
27 46 0.14
27 35 0.163
27 38 0.177
27 47 0.133
27 48 0.191
27 62 0.149
27 68 0.1
27 87 0.202
27 28 0.139
27 39 0.119
27 42 0.168
27 44 0.118
27 55 0.169
27 56 0.117
27 57 0.126
27 60 0.158
27 66 0.162
27 70 0.151
27 72 0.148
27 73 0.059
27 80 0.172
27 81 0.135
27 86 0.134
27 88 0.216
27 89 0.177
27 92 0.195
27 93 0.219
27 95 0.15
27 96 0.162
27 98 0.177
27 99 0.185
28 62 0.907
28 68 0.703
28 97 0.737
28 73 0.763
28 75 1
28 76 0.571
28 85 1
28 35 1
28 94 0.155
28 80 0.214
28 41 0.588
28 53 0.21
28 67 0.151
28 48 0.262
28 74 0.07
28 91 0.077
28 34 0.178
28 36 0.113
28 38 0.154
28 42 0.172
28 50 0.174
28 60 0.155
28 69 0.193
28 70 0.225
28 79 0.16
28 37 0.155
28 40 0.139
28 46 0.146
28 51 0.167
28 54 0.165
28 55 0.159
28 59 0.151
28 61 0.142
28 66 0.157
28 77 0.102
28 81 0.188
28 82 0.164
28 83 0.19
28 84 0.168
28 86 0.141
28 89 0.13
28 95 0.155
28 96 0.153
28 98 0.215
28 99 0.127
29 58 1
29 41 1
29 61 0.722
29 98 0.802
29 47 0.938
29 42 1
29 90 0.58
29 39 0.792
29 72 1
29 92 0.94
29 31 0.942
29 87 0.658
29 43 0.757
29 55 0.06
29 51 0.14
29 82 0.031
29 89 0.152
29 33 0.172
29 57 0.221
29 44 0.208
29 52 0.04
29 63 0.157
29 68 0.193
29 85 0.081
29 88 0.159
29 99 0.143
29 32 0.145
29 35 0.15
29 37 0.146
29 40 0.173
29 45 0.133
29 49 0.162
29 54 0.123
29 56 0.15
29 64 0.14
29 65 0.166
29 66 0.106
29 71 0.16
29 73 0.161
29 74 0.159
29 75 0.129
29 78 0.209
29 84 0.157
29 91 0.174
29 95 0.168
30 41 0.604
30 83 0.97
30 52 0.827
30 39 1
30 72 1
30 99 1
30 81 0.906
30 59 0.552
30 97 0.695
30 33 0.833
30 77 0.919
30 37 0.784
30 75 1
30 64 0.885
30 89 0.541
30 36 0.142
30 32 0.459
30 57 0.251
30 40 0.072
30 51 0.199
30 55 0.42
30 63 0.139
30 70 0.151
30 34 0.141
30 44 0.136
30 46 0.17
30 47 0.137
30 62 0.125
30 65 0.146
30 67 0.167
30 93 0.174
30 31 0.116
30 42 0.114
30 48 0.228
30 49 0.134
30 50 0.157
30 58 0.176
30 69 0.14
30 85 0.137
30 87 0.181
30 88 0.194
30 92 0.146
30 94 0.18
30 96 0.088
31 33 0.41
31 39 1
31 55 0.782
31 97 0.918
31 63 0.691
31 38 0.891
31 90 0.524
31 54 0.366
31 83 0.769
31 95 0.934
31 68 0.502
31 89 0.796
31 80 0.237
31 66 0.157
31 78 0.106
31 88 0.239
31 37 0.124
31 51 0.15
31 65 0.133
31 72 0.109
31 79 0.132
31 81 0.139
31 82 0.23
31 96 0.12
31 32 0.17
31 36 0.185
31 43 0.183
31 47 0.097
31 48 0.242
31 52 0.113
31 57 0.185
31 59 0.172
31 61 0.183
31 62 0.113
31 69 0.181
31 70 0.1
31 77 0.11
31 84 0.202
31 87 0.132
31 91 0.187
31 94 0.134
31 98 0.137
32 46 1
32 80 0.937
32 77 0.803
32 86 0.961
32 90 1
32 78 0.829
32 72 1
32 57 1
32 84 0.638
32 66 0.8
32 99 0.78
32 44 0.721
32 98 0.886
32 40 1
32 52 0.721
32 49 1
32 76 0.782
32 71 0.186
32 58 0.14
32 63 0.122
32 85 0.441
32 35 0.191
32 39 0.354
32 45 0.252
32 50 0.224
32 62 0.17
32 75 0.152
32 81 0.142
32 96 0.186
32 34 0.159
32 47 0.184
32 48 0.18
32 51 0.159
32 54 0.149
32 55 0.164
32 68 0.162
32 70 0.155
32 83 0.131
32 89 0.204
32 91 0.209
33 42 0.656
33 78 0.92
33 81 0.694
33 48 0.914
33 84 0.772
33 77 1
33 73 0.97
33 41 0.669
33 82 0.624
33 39 0.963
33 94 0.955
33 45 0.853
33 36 0.038
33 89 0.257
33 91 0.054
33 56 0.064
33 38 0.176
33 57 0.16
33 64 0.163
33 67 0.154
33 87 0.119
33 59 0.124
33 70 0.205
33 83 0.122
33 98 0.139
33 99 0.172
33 40 0.182
33 43 0.088
33 52 0.143
33 53 0.134
33 54 0.113
33 60 0.165
33 75 0.104
33 76 0.152
33 85 0.152
33 86 0.101
34 78 0.548
34 70 0.716
34 82 1
34 93 0.683
34 67 0.91
34 77 1
34 62 0.753
34 66 0.797
34 74 0.833
34 46 0.578
34 96 0.542
34 35 0.834
34 64 0.746
34 60 0.586
34 56 0.043
34 69 0.067
34 94 0.093
34 43 0.2
34 49 0.131
34 92 0.318
34 98 0.172
34 38 0.144
34 41 0.19
34 45 0.171
34 57 0.116
34 68 0.152
34 72 0.12
34 99 0.136
34 39 0.143
34 42 0.169
34 48 0.139
34 51 0.11
34 52 0.179
34 53 0.13
34 58 0.137
34 59 0.175
34 63 0.141
34 71 0.158
34 73 0.131
34 75 0.183
34 76 0.129
34 79 0.143
34 80 0.166
34 84 0.169
34 87 0.201
34 88 0.139
34 90 0.166
34 91 0.204
35 71 0.672
35 93 0.844
35 40 1
35 64 0.698
35 77 0.722
35 69 0.664
35 52 0.57
35 97 0.767
35 92 0.638
35 65 0.579
35 90 0.922
35 96 0.611
35 56 0.232
35 59 0.043
35 87 0.002
35 58 0.22
35 76 0.104
35 83 0.206
35 98 0.186
35 41 0.122
35 63 0.225
35 85 0.149
35 36 0.188
35 38 0.15
35 45 0.261
35 49 0.002
35 51 0.037
35 55 0.279
35 74 0.099
35 75 0.198
35 81 0.137
35 82 0.122
35 89 0.179
35 91 0.181
35 37 0.147
35 42 0.176
35 48 0.175
35 50 0.112
35 53 0.165
35 61 0.142
35 66 0.145
35 67 0.131
35 70 0.164
35 72 0.171
35 73 0.172
35 78 0.181
35 79 0.129
35 86 0.117
35 99 0.144
36 66 0.67
36 82 0.97
36 37 0.895
36 63 0.987
36 38 0.628
36 44 1
36 59 0.841
36 65 0.909
36 68 0.725
36 52 0.705
36 61 0.581
36 86 0.801
36 93 0.993
36 85 0.21
36 47 0.125
36 50 0.17
36 57 0.115
36 94 0.113
36 43 0.125
36 62 0.157
36 72 0.143
36 76 0.077
36 90 0.151
36 97 0.175
36 99 0.1
36 41 0.18
36 48 0.131
36 51 0.114
36 56 0.184
36 58 0.137
36 60 0.152
36 64 0.131
36 67 0.164
36 69 0.157
36 73 0.144
36 77 0.207
36 84 0.092
36 87 0.16
36 88 0.131
36 91 0.188
36 95 0.163
37 67 0.821
37 68 0.788
37 58 0.971
37 48 0.556
37 94 0.772
37 76 1
37 73 0.847
37 47 0.809
37 96 0.914
37 84 0.859
37 57 0.656
37 93 0.132
37 99 0.098
37 46 0.131
37 60 0.125
37 65 0.121
37 75 0.158
37 82 0.153
37 83 0.173
37 87 0.206
37 39 0.136
37 41 0.091
37 43 0.135
37 44 0.171
37 45 0.101
37 50 0.144
37 52 0.113
37 55 0.15
37 56 0.195
37 61 0.196
37 63 0.12
37 69 0.152
37 72 0.178
37 74 0.159
37 78 0.137
37 79 0.113
37 85 0.144
37 88 0.21
38 65 0.717
38 72 0.804
38 83 0.876
38 78 0.639
38 84 0.865
38 42 0.818
38 87 0.948
38 93 0.627
38 73 0.11
38 51 0.102
38 60 0.11
38 97 0.29
38 89 0.246
38 92 0.199
38 41 0.066
38 53 0.121
38 57 0.166
38 81 0.139
38 82 0.14
38 95 0.16
38 39 0.194
38 44 0.122
38 54 0.154
38 58 0.128
38 61 0.219
38 63 0.116
38 67 0.156
38 71 0.126
38 74 0.18
38 75 0.176
38 77 0.09
38 85 0.14
38 86 0.107
38 88 0.146
39 81 0.885
39 99 0.649
39 76 0.591
39 84 0.892
39 73 1
39 75 0.88
39 97 0.842
39 46 0.925
39 44 0.515
39 71 1
39 40 0.921
39 72 0.319
39 88 0.2
39 55 0.123
39 57 0.101
39 68 0.107
39 80 0.09
39 52 0.152
39 64 0.162
39 65 0.142
39 74 0.163
39 79 0.154
39 87 0.137
39 90 0.2
39 91 0.165
39 98 0.128
39 41 0.126
39 42 0.096
39 47 0.244
39 49 0.143
39 50 0.133
39 51 0.204
39 63 0.138
39 69 0.12
39 95 0.125
39 96 0.126
40 44 0.876
40 55 0.689
40 54 1
40 81 1
40 89 1
40 73 0.849
40 56 0.794
40 83 0.785
40 51 1
40 53 0.632
40 46 1
40 71 0.198
40 97 0.145
40 52 0.027
40 57 0.181
40 62 0.117
40 74 0.154
40 85 0.147
40 99 0.171
40 43 0.173
40 45 0.165
40 48 0.072
40 66 0.157
40 76 0.148
40 78 0.137
40 80 0.09
40 47 0.11
40 50 0.079
40 59 0.151
40 65 0.186
40 67 0.185
40 70 0.136
40 84 0.136
40 87 0.113
40 90 0.142
40 94 0.161
40 96 0.2
40 98 0.153
41 43 0.961
41 58 0.731
41 85 0.688
41 89 0.711
41 71 0.813
41 63 0.566
41 54 0.727
41 72 0.802
41 55 0.347
41 73 0.687
41 57 0.617
41 42 0.711
41 76 0.984
41 52 0.648
41 65 0.757
41 94 0.721
41 64 0.552
41 59 0.76
41 77 0.005
41 92 0.236
41 44 0.351
41 99 0.168
41 53 0.044
41 66 0.299
41 47 0.162
41 67 0.143
41 74 0.159
41 78 0.146
41 80 0.181
41 82 0.375
41 86 0.167
41 87 0.174
41 93 0.146
41 46 0.17
41 60 0.135
41 61 0.158
41 81 0.115
41 88 0.173
41 96 0.204
41 97 0.123
41 98 0.1
42 81 0.903
42 51 0.893
42 98 0.946
42 68 0.604
42 59 1
42 77 0.809
42 52 0.843
42 92 0.868
42 70 1
42 43 0.78
42 47 0.827
42 91 0.59
42 57 0.153
42 49 0.166
42 79 0.194
42 58 0.247
42 60 0.162
42 64 0.164
42 76 0.213
42 46 0.21
42 54 0.155
42 61 0.14
42 62 0.16
42 63 0.189
42 67 0.159
42 72 0.164
42 74 0.161
42 80 0.123
42 82 0.143
42 83 0.146
42 84 0.139
42 86 0.143
42 90 0.162
42 95 0.145
42 96 0.178
42 97 0.109
42 99 0.088
43 73 0.909
43 83 0.617
43 87 0.881
43 53 1
43 55 0.969
43 66 0.738
43 78 0.726
43 45 0.702
43 95 0.94
43 70 0.924
43 77 0.189
43 79 0.17
43 60 0.36
43 61 0.133
43 69 0.291
43 72 0.174
43 81 0.194
43 84 0.08
43 86 0.127
43 92 0.088
43 44 0.149
43 49 0.144
43 50 0.112
43 82 0.016
43 88 0.177
43 91 0.209
43 48 0.124
43 51 0.178
43 54 0.183
43 56 0.08
43 57 0.123
43 64 0.169
43 65 0.151
43 67 0.191
43 75 0.184
43 76 0.129
43 80 0.122
43 90 0.16
43 96 0.12
43 98 0.209
44 47 0.924
44 70 0.542
44 81 0.913
44 74 0.701
44 91 0.101
44 69 0.133
44 96 0.175
44 50 0.432
44 56 0.133
44 62 0.286
44 98 0.18
44 79 0.002
44 83 0.16
44 49 0.069
44 51 0.153
44 72 0.092
44 92 0.185
44 93 0.18
44 97 0.125
44 52 0.179
44 59 0.111
44 60 0.125
44 63 0.154
44 65 0.18
44 66 0.153
44 67 0.134
44 68 0.13
44 73 0.128
44 80 0.135
44 87 0.106
44 90 0.152
44 94 0.193
45 47 0.651
45 83 0.6
45 76 1
45 97 0.69
45 68 0.627
45 86 0.918
45 52 1
45 93 0.872
45 61 0.804
45 46 0.56
45 72 0.597
45 75 0.082
45 71 0.053
45 79 0.209
45 88 0.304
45 56 0.38
45 57 0.143
45 48 0.316
45 50 0.155
45 55 0.161
45 58 0.328
45 91 0.299
45 96 0.149
45 98 0.154
45 53 0.16
45 59 0.154
45 60 0.101
45 62 0.094
45 67 0.167
45 80 0.143
45 81 0.116
45 82 0.154
45 85 0.243
45 89 0.137
45 92 0.163
46 54 0.947
46 58 0.658
46 86 0.673
46 53 1
46 65 1
46 79 0.935
46 94 0.782
46 89 0.977
46 73 0.56
46 91 0.842
46 76 0.805
46 85 0.535
46 83 0.77
46 78 0.709
46 70 0.746
46 97 0.589
46 71 0.302
46 88 0.148
46 48 0.281
46 60 0.157
46 47 0.171
46 49 0.16
46 51 0.139
46 52 0.125
46 56 0.226
46 57 0.151
46 69 0.15
46 50 0.162
46 64 0.114
46 66 0.123
46 67 0.153
46 75 0.141
46 80 0.13
46 84 0.143
46 87 0.142
47 87 0.625
47 49 0.613
47 58 0.88
47 75 0.748
47 82 1
47 85 0.837
47 86 0.874
47 55 0.215
47 70 0.088
47 88 0.277
47 65 0.142
47 73 0.116
47 96 0.176
47 99 0.138
47 53 0.167
47 59 0.127
47 66 0.101
47 69 0.13
47 78 0.13
47 48 0.089
47 50 0.126
47 51 0.119
47 60 0.17
47 61 0.196
47 72 0.133
47 77 0.161
47 90 0.161
47 93 0.168
47 94 0.102
47 98 0.156
48 66 0.58
48 58 1
48 71 0.985
48 78 1
48 79 0.968
48 65 0.598
48 95 0.548
48 99 0.799
48 83 0.703
48 51 0.949
48 61 0.785
48 64 1
48 69 0.913
48 94 0.225
48 72 0.15
48 50 0.222
48 67 0.224
48 75 0.143
48 76 0.122
48 77 0.333
48 80 0.171
48 82 0.147
48 93 0.104
48 53 0.15
48 54 0.136
48 59 0.157
48 63 0.184
48 68 0.142
48 70 0.126
48 73 0.132
48 81 0.18
48 84 0.162
48 87 0.19
48 88 0.152
48 89 0.122
48 97 0.191
49 97 1
49 54 1
49 70 0.821
49 62 0.934
49 67 1
49 99 0.949
49 79 1
49 95 0.981
49 85 0.202
49 64 0.174
49 51 0.146
49 89 0.217
49 74 0.21
49 75 0.446
49 76 0.117
49 91 0.255
49 52 0.182
49 59 0.339
49 60 0.114
49 77 0.137
49 80 0.11
49 53 0.211
49 58 0.139
49 69 0.175
49 73 0.128
49 81 0.166
49 82 0.148
49 87 0.099
49 92 0.137
49 93 0.116
49 96 0.154
49 98 0.204
50 94 1
50 77 1
50 95 0.963
50 65 0.602
50 71 0.893
50 73 0.683
50 87 0.817
50 69 0.15
50 91 0.188
50 75 0.262
50 88 0.084
50 76 0.188
50 90 0.124
50 96 0.175
50 55 0.101
50 59 0.238
50 70 0.173
50 78 0.17
50 89 0.321
50 92 0.21
50 97 0.117
50 51 0.124
50 57 0.069
50 58 0.166
50 72 0.1
50 84 0.128
50 85 0.148
50 86 0.153
50 98 0.111
51 87 0.955
51 94 0.736
51 67 0.714
51 72 0.903
51 59 0.923
51 53 0.995
51 57 0.78
51 52 0.597
51 88 1
51 64 0.746
51 91 0.537
51 85 1
51 78 0.885
51 73 0.063
51 80 0.175
51 68 0.027
51 75 0.124
51 99 0.206
51 54 0.186
51 66 0.196
51 70 0.159
51 71 0.124
51 74 0.134
51 79 0.176
51 84 0.171
51 55 0.174
51 56 0.134
51 61 0.16
51 63 0.102
51 65 0.16
51 69 0.169
51 76 0.167
51 77 0.118
51 83 0.217
51 86 0.154
51 92 0.131
51 97 0.167
52 93 0.632
52 72 1
52 67 0.715
52 87 0.918
52 82 0.458
52 62 0.897
52 59 0.766
52 77 0.061
52 65 0.143
52 73 0.125
52 78 0.083
52 54 0.166
52 55 0.099
52 56 0.246
52 79 0.174
52 80 0.129
52 81 0.198
52 83 0.154
52 88 0.136
52 98 0.143
52 58 0.13
52 61 0.139
52 64 0.195
52 66 0.169
52 68 0.141
52 70 0.133
52 71 0.125
52 76 0.167
52 84 0.157
52 86 0.124
52 90 0.188
52 91 0.161
52 94 0.138
52 95 0.15
52 97 0.151
53 85 0.936
53 81 0.821
53 84 0.741
53 55 0.916
53 63 0.975
53 75 0.614
53 70 0.069
53 91 0.125
53 90 0.311
53 93 0.273
53 98 0.14
53 54 0.148
53 57 0.2
53 80 0.249
53 88 0.262
53 99 0.125
53 56 0.21
53 58 0.121
53 59 0.17
53 60 0.099
53 68 0.176
53 69 0.145
53 71 0.085
53 74 0.189
53 76 0.123
53 78 0.133
54 61 0.935
54 87 0.9
54 92 0.718
54 71 0.876
54 56 0.77
54 85 1
54 99 0.76
54 90 0.83
54 69 0.539
54 97 0.922
54 70 0.876
54 88 0.921
54 83 0.902
54 98 1
54 81 0.095
54 57 0.186
54 63 0.195
54 67 0.158
54 91 0.147
54 73 0.162
54 76 0.148
54 64 0.154
54 65 0.196
54 75 0.125
54 78 0.141
54 80 0.098
54 86 0.145
54 89 0.123
54 95 0.131
55 66 0.88
55 85 0.58
55 61 0.723
55 69 0.676
55 64 0.637
55 97 0.772
55 62 0.888
55 83 0.945
55 65 0.742
55 67 0.62
55 96 0.898
55 71 0.219
55 89 0.226
55 56 0.183
55 70 0.184
55 72 0.132
55 77 0.153
55 81 0.197
55 84 0.089
55 87 0.167
55 91 0.152
55 93 0.211
55 59 0.111
55 60 0.187
55 74 0.116
55 75 0.106
55 76 0.077
55 78 0.104
55 80 0.164
55 88 0.184
55 95 0.161
56 96 0.568
56 85 0.77
56 58 0.857
56 80 0.881
56 90 0.84
56 68 0.872
56 79 0.809
56 99 1
56 78 1
56 83 0.185
56 57 0.178
56 65 0.133
56 66 0.025
56 92 0.16
56 93 0.129
56 67 0.124
56 69 0.128
56 71 0.11
56 73 0.164
56 81 0.168
56 86 0.144
56 60 0.196
56 64 0.203
56 72 0.129
56 75 0.138
56 77 0.122
56 87 0.147
56 88 0.165
56 89 0.193
56 94 0.177
57 65 1
57 89 1
57 80 0.959
57 85 1
57 68 0.26
57 96 0.289
57 64 0.12
57 61 0.174
57 75 0.126
57 90 0.104
57 93 0.164
57 66 0.134
57 69 0.19
57 72 0.164
57 73 0.175
57 74 0.123
57 92 0.161
57 58 0.156
57 60 0.153
57 70 0.127
57 71 0.191
57 76 0.128
57 84 0.121
57 87 0.152
57 95 0.171
57 97 0.144
58 59 0.531
58 64 1
58 87 0.767
58 60 0.798
58 63 0.681
58 96 0.73
58 68 0.807
58 76 0.143
58 74 0.169
58 84 0.314
58 69 0.146
58 79 0.159
58 90 0.144
58 98 0.057
58 61 0.147
58 65 0.155
58 73 0.148
58 78 0.169
58 86 0.132
58 91 0.119
58 92 0.185
58 93 0.153
58 97 0.131
59 76 0.784
59 96 0.928
59 63 0.538
59 70 0.835
59 78 0.975
59 69 0.948
59 92 0.279
59 83 0.091
59 89 0.133
59 64 0.192
59 68 0.163
59 73 0.114
59 86 0.159
59 99 0.135
59 60 0.132
59 61 0.116
59 62 0.171
59 67 0.169
59 72 0.119
59 75 0.15
59 77 0.142
59 79 0.158
59 80 0.159
59 82 0.158
59 87 0.164
59 90 0.134
59 93 0.165
60 74 0.685
60 71 0.684
60 77 0.532
60 73 0.766
60 82 0.606
60 75 0.656
60 72 0.899
60 83 0.773
60 92 0.716
60 67 0.245
60 89 0.184
60 62 0.284
60 69 0.138
60 79 0.119
60 94 0.137
60 64 0.182
60 65 0.105
60 68 0.175
60 70 0.138
60 87 0.143
60 88 0.148
60 91 0.115
60 93 0.143
60 97 0.156
60 98 0.211
60 99 0.167
61 63 0.804
61 64 0.875
61 88 0.677
61 95 0.997
61 85 0.701
61 84 0.848
61 66 0.755
61 79 0.689
61 62 0.971
61 75 0.645
61 98 0.282
61 96 0.201
61 89 0.036
61 91 0.054
61 94 0.031
61 72 0.092
61 82 0.183
61 86 0.208
61 87 0.111
61 99 0.125
61 67 0.171
61 71 0.137
61 73 0.143
61 77 0.155
61 80 0.167
61 92 0.157
62 89 0.594
62 91 0.79
62 90 1
62 80 0.61
62 87 1
62 64 0.204
62 75 0.052
62 66 0.198
62 70 0.148
62 71 0.131
62 79 0.172
62 85 0.146
62 97 0.169
62 82 0.122
62 83 0.157
62 84 0.193
62 93 0.161
62 96 0.103
63 76 0.801
63 72 0.921
63 68 1
63 89 0.97
63 66 0.639
63 86 0.945
63 97 0.843
63 73 0.865
63 88 0.962
63 74 0.912
63 81 0.253
63 82 0.193
63 98 0.11
63 71 0.173
63 94 0.159
63 85 0.143
63 87 0.111
63 99 0.127
63 65 0.112
63 70 0.143
63 79 0.169
63 80 0.183
63 91 0.133
64 90 0.816
64 88 1
64 81 0.745
64 87 0.865
64 71 0.108
64 98 0.133
64 67 0.238
64 73 0.211
64 97 0.107
64 66 0.177
64 70 0.147
64 89 0.153
64 92 0.262
64 93 0.152
64 94 0.169
64 65 0.115
64 72 0.117
64 75 0.182
64 77 0.197
64 79 0.169
64 85 0.15
65 76 0.755
65 69 0.788
65 71 0.809
65 93 0.136
65 77 0.218
65 85 0.03
65 98 0.334
65 66 0.162
65 74 0.31
65 89 0.166
65 92 0.197
65 72 0.138
65 73 0.121
65 87 0.089
65 90 0.167
65 91 0.2
65 97 0.111
65 99 0.121
66 86 0.964
66 88 0.79
66 73 0.952
66 84 0.795
66 87 0.929
66 80 0.781
66 70 0.222
66 90 0.174
66 95 0.169
66 97 0.191
66 74 0.276
66 82 0.097
66 89 0.146
66 92 0.055
66 67 0.141
66 68 0.11
66 69 0.129
66 71 0.111
66 76 0.167
66 81 0.08
66 85 0.175
66 93 0.135
66 99 0.14
67 82 0.849
67 91 0.735
67 88 0.647
67 86 0.932
67 95 0.602
67 68 0.236
67 77 0.095
67 87 0.092
67 92 0.143
67 96 0.215
67 73 0.167
67 97 0.084
67 69 0.135
67 72 0.176
67 74 0.157
67 80 0.16
67 83 0.164
67 85 0.127
67 93 0.159
67 98 0.123
67 99 0.158
68 73 0.679
68 99 0.691
68 80 0.695
68 71 0.009
68 83 0.14
68 86 0.143
68 97 0.127
68 69 0.17
68 72 0.171
68 77 0.168
68 78 0.12
68 87 0.157
68 88 0.145
68 91 0.113
68 92 0.112
69 78 0.783
69 90 0.45
69 97 0.91
69 86 0.651
69 92 0.674
69 83 1
69 77 0.191
69 89 0.3
69 82 0.268
69 80 0.251
69 87 0.143
69 94 0.121
69 99 0.142
69 70 0.144
69 71 0.161
69 72 0.2
69 79 0.094
69 91 0.202
69 93 0.127
69 95 0.121
70 87 0.747
70 74 0.805
70 75 0.873
70 76 0.857
70 82 0.617
70 98 0.728
70 80 0.837
70 90 0.733
70 93 0.004
70 77 0.112
70 88 0.175
70 73 0.202
70 81 0.198
70 83 0.171
70 95 0.116
71 83 0.833
71 80 1
71 92 0.726
71 94 0.726
71 77 0.711
71 73 0.809
71 95 0.338
71 89 0.973
71 87 0.993
71 74 0.1
71 86 0.137
71 88 0.315
71 91 0.153
71 93 0.027
71 76 0.142
71 98 0.205
71 82 0.088
71 85 0.117
72 82 0.987
72 99 0.973
72 89 0.889
72 91 0.977
72 90 0.51
72 97 0.146
72 78 0.141
72 94 0.162
72 77 0.118
72 73 0.193
72 75 0.175
72 83 0.143
72 88 0.152
72 95 0.129
73 81 0.747
73 74 0.476
73 77 1
73 93 0.17
73 75 0.108
73 99 0.256
73 82 0.177
73 90 0.169
73 76 0.168
73 78 0.158
73 84 0.145
73 86 0.162
73 87 0.116
73 89 0.146
73 91 0.16
74 90 0.859
74 82 0.884
74 91 0.975
74 93 1
74 83 0.1
74 89 0.308
74 78 0.149
74 81 0.132
74 84 0.132
74 86 0.144
74 94 0.13
74 95 0.17
74 98 0.148
74 99 0.169
75 94 0.609
75 96 0.884
75 95 0.764
75 85 0.851
75 79 0.81
75 82 0.635
75 83 1
75 84 0.25
75 88 0.06
75 80 0.135
75 86 0.171
75 87 0.185
75 89 0.101
75 93 0.185
75 99 0.194
75 77 0.184
75 90 0.124
75 97 0.126
76 80 0.951
76 92 0.715
76 95 0.675
76 99 0.656
76 93 0.988
76 89 0.137
76 81 0.185
76 77 0.17
76 91 0.161
76 98 0.188
76 78 0.204
76 79 0.186
76 82 0.166
76 88 0.148
76 90 0.135
76 94 0.141
77 81 1
77 91 1
77 85 0.121
77 90 0.015
77 98 0.131
77 99 0.1
77 80 0.199
77 93 0.166
77 94 0.186
77 96 0.146
78 79 0.916
78 93 0.88
78 84 0.618
78 88 1
78 85 0.899
78 97 0.929
78 99 1
78 87 0.817
78 83 0.168
78 86 0.318
78 92 0.339
78 98 0.161
78 81 0.12
78 94 0.139
78 95 0.196
79 97 0.658
79 90 0.601
79 81 0.831
79 91 0.121
79 87 0.137
79 89 0.089
79 94 0.171
79 96 0.089
79 83 0.175
79 86 0.116
79 95 0.105
79 85 0.143
80 98 0.582
80 92 0.912
80 85 0.683
80 83 0.097
80 95 0.189
80 99 0.26
80 81 0.148
80 84 0.173
80 93 0.17
81 97 0.926
81 88 0.989
81 82 0.644
81 99 0.934
81 83 0.21
81 90 0.158
81 86 0.123
81 87 0.063
81 91 0.17
81 92 0.193
81 98 0.279
81 84 0.125
81 85 0.113
81 94 0.137
81 95 0.181
82 93 0.711
82 92 0.903
82 96 0.298
82 90 0.2
82 83 0.159
82 86 0.123
82 88 0.149
82 89 0.15
82 94 0.184
83 95 1
83 96 0.694
83 93 1
83 94 0.676
83 86 0.953
83 87 0.165
83 84 0.139
83 89 0.087
83 97 0.117
83 98 0.211
83 88 0.116
83 99 0.138
84 94 1
84 91 0.927
84 85 0.169
84 90 0.145
84 95 0.18
84 86 0.215
84 93 0.165
85 90 0.74
85 89 0.847
85 93 0.207
85 95 0.182
85 91 0.098
85 92 0.202
85 94 0.122
85 98 0.154
86 90 0.971
86 99 0.761
86 97 0.135
86 87 0.134
86 91 0.178
86 92 0.108
86 93 0.153
86 94 0.107
87 95 0.828
87 93 0.863
87 89 0.655
87 91 0.925
87 88 0.165
88 94 1
88 98 0.15
88 95 0.127
88 96 0.123
88 99 0.118
89 98 0.71
89 99 0.67
89 96 0.937
89 93 0.873
89 94 0.138
89 91 0.134
89 95 0.184
90 95 1
90 99 0.729
90 93 0.225
90 98 0.166
90 91 0.13
90 97 0.17
91 92 0.227
91 99 0.115
92 99 0.138
92 94 0.158
92 96 0.194
92 98 0.17
93 95 0.188
93 97 0.136
93 98 0.129
94 99 0.828
94 96 0.609
94 97 0.125
95 98 0.511
95 97 0.985
96 97 0.026
96 98 0.135
97 99 0.135
98 99 0.294
